16.00	16.50	AMGP;0.633
379.00	379.25	AMRO;0.528
379.50	381.50	AMRO;0.876
395.25	396.25	AMRO;0.617
400.25	400.50	AMRO;0.510
412.50	414.00	AMRO;0.670
459.75	460.50	AMRO;0.649
281.00	281.50	CHSP;0.529
313.00	313.50	EATO;0.539
558.75	560.00	FISP;0.639
16.50	17.50	FOSP;0.602
24.50	26.00	FOSP;0.691
30.50	33.75	FOSP;0.773
44.25	46.50	FOSP;0.873
53.50	54.75	FOSP;0.693
62.00	63.50	FOSP;0.680
74.50	76.25	FOSP;0.706
84.25	85.25	FOSP;0.600
113.25	114.75	FOSP;0.815
143.75	144.50	FOSP;0.617
175.50	177.75	FOSP;0.961
185.75	187.50	FOSP;0.740
194.00	194.50	FOSP;0.594
206.00	206.25	FOSP;0.522
211.50	213.50	FOSP;0.953
226.50	228.50	FOSP;0.790
235.25	237.25	FOSP;0.866
240.00	241.50	FOSP;0.739
244.25	246.25	FOSP;0.920
260.50	262.50	FOSP;0.839
285.25	286.75	FOSP;0.655
292.75	294.75	FOSP;0.901
302.00	303.00	FOSP;0.707
307.75	308.00	FOSP;0.510
312.25	312.50	FOSP;0.520
315.75	317.50	FOSP;0.862
325.00	326.50	FOSP;0.682
340.00	341.50	FOSP;0.681
343.25	345.25	FOSP;0.871
354.50	357.75	FOSP;0.897
374.25	375.00	FOSP;0.588
390.75	392.75	FOSP;0.841
403.75	405.25	FOSP;0.664
408.00	409.00	FOSP;0.660
415.00	417.00	FOSP;0.637
431.25	433.50	FOSP;0.755
450.50	452.50	FOSP;0.767
482.00	483.75	FOSP;0.699
497.25	499.00	FOSP;0.782
543.50	544.50	FOSP;0.609
560.75	562.00	FOSP;0.681
565.50	566.00	FOSP;0.539
575.00	576.25	FOSP;0.642
589.25	591.00	FOSP;0.769
38.75	40.00	GCSP;0.692
297.25	297.50	GCSP;0.560
298.00	298.25	GCSP;0.522
15.50	16.50	HETH;0.646
121.00	123.25	HETH;0.818
129.00	129.25	HETH;0.532
130.75	132.25	HETH;0.841
134.50	136.00	HETH;0.709
140.75	141.00	HETH;0.502
153.50	154.50	HETH;0.676
164.75	169.50	HETH;0.817
171.50	171.75	HETH;0.562
178.50	178.75	HETH;0.504
179.00	179.25	HETH;0.507
192.25	194.50	HETH;0.902
210.00	211.50	HETH;0.694
308.75	310.50	HETH;0.836
542.75	544.00	HETH;0.631
6.50	6.75	MOCH;0.535
81.00	81.25	MOCH;0.510
84.75	85.25	RUGR;0.541
323.00	323.50	RWBL;0.525
523.50	524.75	SAND;0.676
61.00	61.50	SAVS;0.558
300.50	302.00	SNBU;0.696
429.75	430.00	SNBU;0.504
430.75	431.00	SNBU;0.504
511.00	511.75	SNBU;0.637
582.50	584.50	SNBU;0.777
588.25	589.50	SNBU;0.621
40.50	41.00	SOSP;0.514
44.00	44.75	SOSP;0.615
517.00	517.75	SOSP;0.622
254.00	256.50	VATH;0.856
399.00	399.50	VATH;0.662
441.00	441.75	VATH;0.562
26.75	28.25	WCSP;0.643
43.25	43.50	WCSP;0.510
65.50	68.00	WCSP;0.869
71.50	73.75	WCSP;0.840
85.75	87.00	WCSP;0.782
91.75	94.75	WCSP;0.917
97.50	100.50	WCSP;0.928
157.00	159.00	WCSP;0.711
265.50	268.00	WCSP;0.732
319.50	321.25	WCSP;0.759
332.75	333.25	WCSP;0.560
360.00	362.00	WCSP;0.818
367.75	368.50	WCSP;0.579
382.75	383.50	WCSP;0.557
3.00	7.50	WIWA;0.985
12.50	14.75	WIWA;0.879
28.50	31.00	WIWA;0.880
34.75	37.00	WIWA;0.915
46.50	48.50	WIWA;0.831
56.50	58.50	WIWA;0.906
70.00	72.50	WIWA;0.902
77.25	80.25	WIWA;0.977
86.25	89.75	WIWA;0.979
94.25	98.00	WIWA;0.973
104.25	108.00	WIWA;0.977
114.25	118.00	WIWA;0.976
125.00	128.75	WIWA;0.975
138.00	141.50	WIWA;0.977
148.00	152.00	WIWA;0.976
159.25	163.00	WIWA;0.977
187.50	190.50	WIWA;0.978
217.00	219.75	WIWA;0.960
232.25	232.50	WIWA;0.698
232.75	233.50	WIWA;0.717
242.75	244.00	WIWA;0.744
253.75	256.50	WIWA;0.924
41.50	44.50	WTSP;0.880
55.50	57.75	WTSP;0.799
58.00	60.50	WTSP;0.918
63.50	65.50	WTSP;0.751
70.25	71.25	WTSP;0.633
145.50	147.25	WTSP;0.753
514.50	518.25	WTSP;0.931
530.50	533.75	WTSP;0.853
538.50	543.00	WTSP;0.935
546.25	549.50	WTSP;0.942
555.00	558.50	WTSP;0.972
564.75	568.00	WTSP;0.806
576.25	580.00	WTSP;0.947
