286.75	287.50	BRSP;0.552
150.00	152.00	CHSP;0.753
176.50	178.50	CHSP;0.752
190.00	192.00	CHSP;0.863
210.00	212.00	CHSP;0.691
256.00	256.25	CHSP;0.533
277.00	278.00	CHSP;0.660
23.75	24.00	FISP;0.502
148.75	149.50	FISP;0.563
235.75	236.00	FISP;0.511
70.25	71.25	FOSP;0.657
118.25	120.25	FOSP;0.746
124.75	126.50	FOSP;0.683
139.00	139.75	FOSP;0.570
157.00	159.00	FOSP;0.732
174.75	177.00	FOSP;0.755
177.75	179.00	FOSP;0.612
188.50	190.25	FOSP;0.727
215.00	216.75	FOSP;0.758
234.25	234.75	FOSP;0.525
272.00	273.50	FOSP;0.663
284.00	285.00	FOSP;0.545
294.75	297.00	FOSP;0.779
92.25	94.00	GCSP;0.646
228.50	229.25	LISP;0.575
245.75	247.00	MOCH;0.656
1.00	1.75	SNBU;0.601
38.75	40.00	SNBU;0.703
85.75	86.75	SNBU;0.649
107.50	108.50	SNBU;0.653
34.00	34.75	SWSP;0.573
50.75	52.25	SWSP;0.679
59.25	60.75	SWSP;0.741
125.00	125.25	SWSP;0.503
48.00	49.00	VATH;0.773
84.25	85.00	VATH;0.644
96.00	96.25	VATH;0.516
105.25	105.50	VATH;0.542
4.75	7.50	WCSP;0.941
14.00	17.50	WCSP;0.949
24.50	27.50	WCSP;0.957
34.50	38.00	WCSP;0.971
45.00	48.25	WCSP;0.945
54.50	57.75	WCSP;0.947
66.00	69.00	WCSP;0.949
76.50	80.50	WCSP;0.963
87.00	92.50	WCSP;0.975
98.00	101.00	WCSP;0.958
109.75	113.00	WCSP;0.967
121.50	124.25	WCSP;0.962
131.50	134.50	WCSP;0.970
141.25	143.75	WCSP;0.939
145.00	148.00	WCSP;0.969
151.50	154.25	WCSP;0.962
157.00	157.50	WCSP;0.703
158.25	158.50	WCSP;0.711
160.50	163.50	WCSP;0.965
168.50	174.75	WCSP;0.944
179.75	186.50	WCSP;0.965
193.00	197.75	WCSP;0.958
204.00	210.00	WCSP;0.948
212.50	215.75	WCSP;0.970
219.00	225.00	WCSP;0.965
232.50	235.00	WCSP;0.922
242.00	245.00	WCSP;0.970
247.50	250.00	WCSP;0.926
252.50	255.50	WCSP;0.966
260.50	264.00	WCSP;0.973
269.50	272.75	WCSP;0.964
274.75	277.00	WCSP;0.922
279.00	282.25	WCSP;0.951
288.00	293.50	WCSP;0.982
72.50	73.00	WIWA;0.533
229.50	229.75	WIWR;0.535
27.50	30.75	WTSP;0.940
97.00	98.00	WTSP;0.585
104.00	105.00	WTSP;0.710
139.50	141.50	WTSP;0.840
194.75	195.00	WTSP;0.540
237.00	240.75	WTSP;0.940
265.50	267.00	WTSP;0.739
281.75	283.00	WTSP;0.597
296.75	299.00	WTSP;0.906
11.00	11.25	WWCR;0.501
