0.00	3.00	AMRO;0.832
3.75	4.50	AMRO;0.738
6.50	15.50	AMRO;0.978
16.50	18.50	AMRO;0.843
19.75	22.75	AMRO;0.951
24.00	25.00	AMRO;0.783
27.00	36.25	AMRO;0.960
37.50	44.75	AMRO;0.948
45.00	45.25	AMRO;0.709
48.00	50.75	AMRO;0.939
51.50	53.50	AMRO;0.866
55.75	56.50	AMRO;0.718
56.75	67.50	AMRO;0.933
69.00	77.50	AMRO;0.984
81.00	87.00	AMRO;0.970
89.50	91.50	AMRO;0.889
92.50	96.50	AMRO;0.931
97.00	100.00	AMRO;0.975
101.00	104.25	AMRO;0.963
104.50	109.00	AMRO;0.913
111.75	114.00	AMRO;0.805
114.25	117.50	AMRO;0.938
119.00	121.00	AMRO;0.833
122.50	127.50	AMRO;0.938
127.75	128.00	AMRO;0.730
129.75	136.25	AMRO;0.986
136.50	139.50	AMRO;0.899
143.25	145.25	AMRO;0.907
152.75	155.00	AMRO;0.911
156.00	156.25	AMRO;0.725
163.00	166.50	AMRO;0.961
171.50	176.25	AMRO;0.926
178.50	185.00	AMRO;0.987
188.75	192.00	AMRO;0.911
195.00	196.50	AMRO;0.867
199.75	206.00	AMRO;0.936
210.50	213.00	AMRO;0.881
215.25	222.50	AMRO;0.938
224.50	226.50	AMRO;0.883
226.75	229.25	AMRO;0.881
230.50	232.50	AMRO;0.838
234.00	240.25	AMRO;0.971
242.00	244.50	AMRO;0.963
248.50	251.75	AMRO;0.988
253.25	259.50	AMRO;0.965
263.00	266.00	AMRO;0.853
273.00	274.25	AMRO;0.775
63.25	63.75	BHGR;0.533
86.50	87.75	BHGR;0.671
109.25	109.50	BHGR;0.533
191.75	192.50	BHGR;0.585
245.75	246.00	BHGR;0.500
141.00	141.50	FOSP;0.597
286.75	287.50	FOSP;0.611
185.25	186.50	GRCA;0.615
122.00	123.00	MOCH;0.606
218.25	219.75	MOCH;0.664
88.00	88.75	REVI;0.689
53.50	55.50	TOSO;0.819
110.00	110.25	TOSO;0.529
2.50	4.00	WCSP;0.781
5.00	8.75	WCSP;0.913
11.75	13.50	WCSP;0.773
14.50	17.50	WCSP;0.871
21.25	23.50	WCSP;0.805
25.00	28.00	WCSP;0.923
34.00	36.75	WCSP;0.878
41.50	44.25	WCSP;0.841
47.00	49.50	WCSP;0.888
71.75	74.50	WCSP;0.818
74.75	76.00	WCSP;0.648
81.50	83.50	WCSP;0.810
91.50	93.50	WCSP;0.831
105.50	107.25	WCSP;0.818
118.00	120.00	WCSP;0.837
130.00	132.50	WCSP;0.890
146.50	148.50	WCSP;0.861
176.00	178.75	WCSP;0.914
187.25	189.50	WCSP;0.843
200.75	202.00	WCSP;0.695
214.00	216.00	WCSP;0.835
228.50	229.25	WCSP;0.582
244.25	246.00	WCSP;0.741
274.50	276.25	WCSP;0.783
294.25	296.00	WCSP;0.673
8.75	11.75	WTSP;0.978
18.25	20.00	WTSP;0.888
37.75	41.50	WTSP;0.975
49.50	54.00	WTSP;0.970
59.00	59.25	WTSP;0.694
62.00	64.50	WTSP;0.905
67.50	68.50	WTSP;0.749
76.50	80.50	WTSP;0.985
83.75	85.50	WTSP;0.861
88.50	91.75	WTSP;0.985
99.50	103.75	WTSP;0.985
111.75	115.00	WTSP;0.988
121.00	129.00	WTSP;0.971
133.50	134.50	WTSP;0.781
136.50	140.00	WTSP;0.973
145.75	146.25	WTSP;0.770
148.00	151.75	WTSP;0.988
158.50	162.00	WTSP;0.985
169.50	169.75	WTSP;0.695
170.00	174.50	WTSP;0.982
183.50	187.50	WTSP;0.983
195.25	198.75	WTSP;0.980
206.50	211.75	WTSP;0.983
218.00	219.00	WTSP;0.760
222.00	226.50	WTSP;0.988
229.50	232.50	WTSP;0.941
234.00	236.00	WTSP;0.879
238.75	243.25	WTSP;0.981
246.25	247.75	WTSP;0.854
253.75	257.00	WTSP;0.947
258.50	261.00	WTSP;0.937
264.00	268.25	WTSP;0.983
276.00	280.75	WTSP;0.987
288.00	291.75	WTSP;0.990
293.50	295.00	WTSP;0.767
