44.00	44.50	BRSP;0.564
68.00	68.75	BRSP;0.538
116.00	116.50	BRSP;0.556
147.50	148.25	BRSP;0.552
174.50	175.00	BRSP;0.527
12.75	13.00	CHSP;0.516
13.25	13.50	CHSP;0.545
33.50	34.25	CHSP;0.578
44.50	45.50	CHSP;0.638
45.75	46.00	CHSP;0.504
58.00	58.25	CHSP;0.522
58.50	58.75	CHSP;0.505
68.00	70.00	CHSP;0.656
136.75	138.50	CHSP;0.816
151.50	152.50	CHSP;0.627
179.50	181.25	CHSP;0.702
204.00	205.00	CHSP;0.569
209.50	212.00	CHSP;0.934
235.50	237.75	CHSP;0.858
245.25	246.75	CHSP;0.592
265.50	270.25	CHSP;0.943
272.75	274.25	CHSP;0.636
275.00	275.25	CHSP;0.502
275.50	277.00	CHSP;0.792
279.00	283.00	CHSP;0.800
285.25	287.25	CHSP;0.802
288.50	289.00	CHSP;0.520
293.75	296.50	CHSP;0.946
216.75	217.50	DEJU;0.528
12.00	12.75	EAME;0.558
7.25	8.75	FOSP;0.783
19.50	23.50	FOSP;0.893
37.50	40.25	FOSP;0.898
53.75	56.00	FOSP;0.845
73.25	75.50	FOSP;0.898
130.25	131.50	FOSP;0.641
202.00	203.50	FOSP;0.607
290.50	293.00	FOSP;0.852
11.50	12.50	GCSP;0.533
70.00	71.50	GCSP;0.628
92.50	93.50	GCSP;0.532
167.00	168.25	GCSP;0.693
114.00	114.25	HETH;0.502
35.75	36.50	LASP;0.611
61.25	61.75	LISP;0.528
147.00	147.75	MOCH;0.585
162.00	162.25	MOCH;0.559
162.50	162.75	MOCH;0.503
140.25	140.50	OCWA;0.511
297.00	298.00	OCWA;0.591
192.00	194.25	SWSP;0.842
231.25	231.50	SWSP;0.500
256.75	258.50	SWSP;0.800
261.00	263.25	SWSP;0.907
270.50	271.00	SWSP;0.600
278.00	279.50	SWSP;0.673
286.75	287.50	SWSP;0.604
131.50	132.75	VESP;0.715
120.25	121.50	WATA;0.678
121.75	122.00	WATA;0.529
1.25	1.50	WCSP;0.515
1.75	4.75	WCSP;0.860
15.00	16.25	WCSP;0.725
18.00	19.50	WCSP;0.627
27.00	30.00	WCSP;0.799
30.50	31.25	WCSP;0.561
42.50	44.00	WCSP;0.664
52.25	53.75	WCSP;0.727
65.00	67.00	WCSP;0.847
71.75	72.75	WCSP;0.700
81.00	84.00	WCSP;0.764
85.50	88.00	WCSP;0.819
90.25	92.50	WCSP;0.816
93.00	96.00	WCSP;0.857
98.00	100.00	WCSP;0.822
101.75	104.00	WCSP;0.835
106.00	107.50	WCSP;0.778
109.50	112.25	WCSP;0.898
114.00	116.00	WCSP;0.862
118.25	119.75	WCSP;0.666
123.00	125.00	WCSP;0.832
144.25	146.00	WCSP;0.775
158.00	160.00	WCSP;0.776
171.75	173.50	WCSP;0.786
181.25	182.75	WCSP;0.708
184.50	187.50	WCSP;0.762
199.00	199.25	WCSP;0.561
212.50	214.75	WCSP;0.903
219.00	220.50	WCSP;0.691
224.25	229.50	WCSP;0.930
233.25	234.50	WCSP;0.699
239.00	241.50	WCSP;0.796
244.00	245.50	WCSP;0.777
252.25	255.00	WCSP;0.850
8.50	11.25	WTSP;0.970
13.50	18.50	WTSP;0.877
24.00	27.50	WTSP;0.985
33.00	33.50	WTSP;0.737
40.50	42.75	WTSP;0.957
47.25	49.50	WTSP;0.976
51.50	52.50	WTSP;0.720
56.50	58.00	WTSP;0.790
62.25	65.75	WTSP;0.988
77.25	82.25	WTSP;0.992
87.75	90.50	WTSP;0.993
96.00	98.25	WTSP;0.976
105.00	109.50	WTSP;0.879
117.50	120.75	WTSP;0.924
126.25	129.50	WTSP;0.977
133.00	138.00	WTSP;0.945
143.25	147.00	WTSP;0.902
152.25	155.50	WTSP;0.992
158.75	162.75	WTSP;0.990
168.00	172.00	WTSP;0.982
176.00	179.75	WTSP;0.950
184.75	185.50	WTSP;0.750
188.00	192.00	WTSP;0.986
198.00	198.25	WTSP;0.705
211.50	212.50	WTSP;0.766
230.00	233.00	WTSP;0.946
238.00	239.75	WTSP;0.869
241.00	243.75	WTSP;0.935
250.25	252.50	WTSP;0.954
258.50	260.50	WTSP;0.814
264.00	266.50	WTSP;0.889
271.50	277.50	WTSP;0.968
282.50	284.00	WTSP;0.841
296.00	296.50	WTSP;0.722
