21.00	21.25	AMRO;0.516
21.50	22.25	AMRO;0.638
274.50	275.25	AMRO;0.576
326.00	326.50	AMRO;0.544
429.00	430.50	AMRO;0.731
511.25	512.50	ATSP;0.806
462.50	462.75	BBPL;0.500
463.00	463.25	BBPL;0.501
89.75	90.00	BCCH;0.502
134.50	136.00	BCCH;0.614
541.25	543.50	BCCH;0.951
549.00	549.50	BCCH;0.571
194.50	195.75	BLOY;0.766
250.00	251.50	BLOY;0.882
310.25	312.50	BLOY;0.933
374.50	375.25	BLOY;0.514
455.00	456.00	BLOY;0.589
113.75	115.00	BRCR;0.789
36.25	39.25	CHSP;0.878
89.00	89.25	CHSP;0.502
238.50	240.50	CHSP;0.675
416.75	419.25	CHSP;0.733
485.50	488.00	CHSP;0.842
495.00	495.50	CHSP;0.510
558.25	561.00	CHSP;0.924
580.25	582.75	CHSP;0.899
592.50	592.75	CHSP;0.526
593.00	594.50	CHSP;0.707
171.25	172.50	CHSW;0.630
305.00	306.00	CHSW;0.591
28.25	29.50	DEJU;0.542
155.75	156.00	DEJU;0.504
299.75	300.50	DEJU;0.726
116.75	117.00	DUNL;0.523
102.25	102.50	FISP;0.502
185.00	186.00	FISP;0.567
555.25	556.50	FISP;0.658
17.00	18.25	FOSP;0.612
40.75	43.00	FOSP;0.823
62.00	64.50	FOSP;0.821
79.00	80.25	FOSP;0.620
93.00	93.50	FOSP;0.554
166.25	168.00	FOSP;0.850
192.50	194.00	LASP;0.633
3.00	5.50	LISP;0.848
64.75	67.25	LISP;0.895
107.00	107.50	LISP;0.560
154.25	155.50	LISP;0.710
179.25	181.00	LISP;0.590
205.00	207.25	LISP;0.845
227.75	228.00	LISP;0.515
246.00	248.50	LISP;0.865
265.25	267.25	LISP;0.824
284.00	286.00	LISP;0.853
303.25	304.75	LISP;0.675
324.75	325.50	LISP;0.613
325.75	326.50	LISP;0.531
346.75	348.50	LISP;0.798
366.25	369.00	LISP;0.923
385.50	387.50	LISP;0.781
404.00	406.00	LISP;0.856
424.00	425.25	LISP;0.662
441.25	443.50	LISP;0.849
492.25	494.50	LISP;0.849
508.75	510.25	LISP;0.733
526.50	527.50	LISP;0.686
546.00	548.25	LISP;0.912
560.50	563.50	LISP;0.872
578.00	580.50	LISP;0.877
594.50	596.50	LISP;0.835
173.75	174.50	LOSH;0.661
364.00	364.50	MOCH;0.566
588.75	590.50	MOCH;0.667
15.00	15.50	REVI;0.518
340.00	341.00	REVI;0.638
120.00	122.00	SNBU;0.837
318.25	318.75	SNBU;0.611
334.25	335.25	SWSP;0.633
397.50	398.25	WATA;0.596
118.75	119.50	WCSP;0.631
182.00	184.00	WIWA;0.897
203.00	205.00	WIWA;0.789
275.75	277.75	WIWA;0.840
285.50	286.75	WIWA;0.622
293.50	296.50	WIWA;0.913
314.00	317.00	WIWA;0.939
323.50	325.50	WIWA;0.831
342.50	344.50	WIWA;0.744
351.50	353.50	WIWA;0.849
360.50	363.25	WIWA;0.932
371.00	371.75	WIWA;0.620
379.25	382.00	WIWA;0.893
388.50	390.75	WIWA;0.799
397.50	400.00	WIWA;0.927
406.75	410.00	WIWA;0.953
22.50	25.50	WTSP;0.971
31.75	36.50	WTSP;0.989
45.50	50.00	WTSP;0.981
53.00	55.50	WTSP;0.908
56.25	60.50	WTSP;0.981
70.00	74.50	WTSP;0.987
85.00	88.25	WTSP;0.968
94.50	102.25	WTSP;0.981
105.25	107.75	WTSP;0.916
109.50	111.00	WTSP;0.789
426.00	428.50	WTSP;0.837
437.00	440.50	WTSP;0.975
449.75	454.50	WTSP;0.984
456.00	459.50	WTSP;0.988
470.00	477.00	WTSP;0.982
482.00	485.75	WTSP;0.985
524.00	525.75	WTSP;0.853
531.50	535.00	WTSP;0.986
596.25	599.75	WTSP;0.972
112.50	113.75	YRWA;0.561
131.75	133.25	YRWA;0.770
159.75	162.50	YRWA;0.929
194.50	197.00	YRWA;0.844
211.50	213.50	YRWA;0.781
248.25	250.50	YRWA;0.869
267.50	268.00	YRWA;0.536
