43.75	44.75	BCCH;0.647
47.25	48.25	BEWR;0.548
204.75	206.00	HOWR;0.642
174.50	174.75	LAZB;0.514
18.00	19.75	LISP;0.650
24.50	26.00	LISP;0.729
32.50	34.00	LISP;0.696
91.50	93.00	LISP;0.744
128.75	130.25	LISP;0.722
164.00	165.25	LISP;0.687
173.25	173.75	LISP;0.521
181.00	182.25	LISP;0.756
188.50	190.25	LISP;0.879
197.00	197.25	LISP;0.525
214.75	215.00	LISP;0.508
223.00	223.75	LISP;0.618
285.00	286.75	LISP;0.771
294.50	294.75	MGWA;0.594
196.75	200.25	PISI;0.983
200.75	202.50	PISI;0.881
239.50	241.00	PISI;0.907
10.00	12.00	ROWR;0.851
32.00	33.00	ROWR;0.652
40.25	41.00	ROWR;0.602
76.75	78.00	ROWR;0.659
106.50	107.75	ROWR;0.596
115.00	116.25	ROWR;0.560
130.75	132.00	ROWR;0.752
140.00	140.25	ROWR;0.513
155.00	156.50	ROWR;0.614
164.00	164.50	ROWR;0.528
180.25	181.25	ROWR;0.630
113.00	114.25	SWSP;0.654
142.00	143.00	SWSP;0.699
150.00	150.25	SWSP;0.574
150.50	150.75	SWSP;0.509
153.75	155.00	SWSP;0.785
158.50	160.50	SWSP;0.841
171.25	172.00	SWSP;0.594
175.00	176.50	SWSP;0.628
179.00	180.00	SWSP;0.554
191.50	191.75	SWSP;0.502
192.00	192.50	SWSP;0.528
208.25	208.50	SWSP;0.547
208.75	209.00	SWSP;0.502
212.75	213.50	SWSP;0.613
248.00	249.50	SWSP;0.574
258.00	260.00	SWSP;0.733
267.25	268.00	SWSP;0.623
269.00	269.75	SWSP;0.544
272.50	273.50	SWSP;0.642
281.25	283.50	SWSP;0.647
287.25	288.00	SWSP;0.530
21.50	24.00	WCSP;0.921
52.00	92.00	WCSP;0.991
93.50	102.00	WCSP;0.980
102.50	104.00	WCSP;0.883
106.00	109.00	WCSP;0.944
110.50	112.50	WCSP;0.927
143.25	145.00	WCSP;0.884
168.50	171.25	WCSP;0.959
209.00	211.00	WCSP;0.960
218.25	219.75	WCSP;0.835
223.50	225.00	WCSP;0.885
225.25	225.50	WCSP;0.694
226.50	228.25	WCSP;0.853
231.50	233.25	WCSP;0.810
235.00	238.50	WCSP;0.988
244.50	247.50	WCSP;0.971
250.00	252.50	WCSP;0.950
254.75	257.00	WCSP;0.874
260.75	262.25	WCSP;0.813
265.25	267.25	WCSP;0.923
270.75	271.50	WCSP;0.764
278.50	281.50	WCSP;0.977
284.25	285.25	WCSP;0.806
289.00	291.25	WCSP;0.948
296.50	296.75	WCSP;0.708
297.50	300.00	WCSP;0.950
49.00	52.25	WTSP;0.873
93.25	93.50	WTSP;0.513
