6.50	9.00	AMRO;0.958
43.50	45.00	AMRO;0.733
53.75	55.50	AMRO;0.710
84.50	85.50	AMRO;0.655
91.00	92.25	AMRO;0.725
109.00	111.00	AMRO;0.844
134.50	135.25	AMRO;0.589
143.00	144.00	AMRO;0.701
124.00	124.25	BBPL;0.506
82.50	83.00	BLOY;0.524
116.00	117.75	BLOY;0.921
172.25	172.50	BLOY;0.533
202.75	203.50	BRSP;0.612
99.25	99.75	FISP;0.566
129.00	129.75	FISP;0.594
263.50	264.50	FISP;0.654
17.25	18.25	FOSP;0.682
37.00	37.25	FOSP;0.504
37.50	38.25	FOSP;0.593
71.25	71.50	FOSP;0.511
111.25	113.00	FOSP;0.867
140.00	141.75	FOSP;0.779
158.50	160.00	FOSP;0.736
175.50	177.50	FOSP;0.798
205.50	206.25	FOSP;0.602
223.00	225.00	FOSP;0.829
254.75	256.25	FOSP;0.727
265.50	265.75	FOSP;0.532
290.75	291.75	FOSP;0.624
2.00	3.25	GCSP;0.690
253.50	254.25	GCSP;0.581
28.25	28.50	LISP;0.503
70.75	71.25	SNBU;0.540
282.50	283.00	SNBU;0.516
191.75	192.25	SWSP;0.541
259.25	260.50	SWSP;0.557
101.50	102.25	TOSO;0.570
225.00	225.25	VESP;0.518
2.25	6.50	WCSP;0.974
11.25	14.50	WCSP;0.964
15.00	16.50	WCSP;0.796
21.75	25.00	WCSP;0.914
26.00	27.50	WCSP;0.810
31.50	34.00	WCSP;0.924
39.50	43.00	WCSP;0.974
51.00	54.00	WCSP;0.942
58.50	61.25	WCSP;0.921
62.25	63.25	WCSP;0.766
67.00	70.75	WCSP;0.960
77.25	81.00	WCSP;0.963
87.75	91.75	WCSP;0.971
94.25	98.00	WCSP;0.939
104.00	107.50	WCSP;0.952
113.50	116.75	WCSP;0.962
124.00	127.25	WCSP;0.980
135.50	139.00	WCSP;0.959
144.00	147.50	WCSP;0.961
152.50	154.00	WCSP;0.864
155.25	159.00	WCSP;0.970
168.50	172.00	WCSP;0.970
179.75	182.25	WCSP;0.958
189.00	192.00	WCSP;0.984
200.00	202.50	WCSP;0.960
210.00	213.25	WCSP;0.961
218.75	221.75	WCSP;0.955
227.25	231.75	WCSP;0.918
239.25	242.50	WCSP;0.976
256.25	257.25	WCSP;0.768
274.50	277.75	WCSP;0.960
292.00	294.25	WCSP;0.968
149.00	151.75	WIWA;0.947
198.75	200.00	WIWA;0.666
8.75	11.50	WTSP;0.966
15.00	15.25	WTSP;0.706
20.00	22.25	WTSP;0.953
31.25	31.50	WTSP;0.704
45.00	51.75	WTSP;0.979
58.25	59.00	WTSP;0.762
65.00	67.00	WTSP;0.878
102.00	104.50	WTSP;0.972
118.50	119.50	WTSP;0.764
130.25	130.50	WTSP;0.701
154.25	155.00	WTSP;0.721
164.50	167.75	WTSP;0.897
178.50	185.50	WTSP;0.898
192.25	197.50	WTSP;0.987
202.75	204.50	WTSP;0.832
213.75	216.25	WTSP;0.909
218.50	218.75	WTSP;0.750
222.25	222.50	WTSP;0.701
251.50	253.50	WTSP;0.833
269.25	273.00	WTSP;0.983
284.00	288.50	WTSP;0.984
