0.75	3.25	AMRO;0.804
9.50	11.50	AMRO;0.894
15.75	20.00	AMRO;0.869
21.00	23.50	AMRO;0.646
79.00	83.50	AMRO;0.845
85.00	90.75	AMRO;0.776
109.00	111.50	AMRO;0.824
115.75	119.00	AMRO;0.678
131.00	132.75	AMRO;0.774
141.25	144.50	AMRO;0.787
152.75	153.00	AMRO;0.556
153.25	153.50	AMRO;0.503
157.25	160.50	AMRO;0.817
160.75	161.00	AMRO;0.514
169.75	170.25	AMRO;0.518
172.50	174.75	AMRO;0.850
181.75	182.25	AMRO;0.543
182.75	183.50	AMRO;0.543
184.25	186.00	AMRO;0.636
189.75	190.00	AMRO;0.531
191.50	192.50	AMRO;0.596
203.00	203.75	AMRO;0.541
205.25	207.00	AMRO;0.830
213.00	217.25	AMRO;0.914
224.00	225.50	AMRO;0.617
232.50	233.25	AMRO;0.546
243.75	248.00	AMRO;0.930
252.75	256.50	AMRO;0.922
259.00	259.25	AMRO;0.516
262.00	262.25	AMRO;0.500
262.75	265.50	AMRO;0.795
269.25	271.50	AMRO;0.869
274.50	276.00	AMRO;0.707
278.50	279.25	AMRO;0.587
280.00	282.00	AMRO;0.781
287.50	287.75	AMRO;0.510
293.50	295.50	AMRO;0.755
297.50	298.50	AMRO;0.668
209.75	210.00	BAOR;0.520
124.00	124.50	BRSP;0.575
136.50	138.00	BRSP;0.664
140.00	141.00	BRSP;0.747
161.00	161.25	BRSP;0.530
264.50	265.00	BRSP;0.546
274.50	276.00	BRSP;0.666
293.50	294.25	BRSP;0.663
4.50	4.75	CCSP;0.522
10.25	12.75	CCSP;0.952
17.25	19.50	CCSP;0.922
22.25	23.75	CCSP;0.687
40.25	41.75	CCSP;0.736
60.00	61.50	CCSP;0.757
65.00	67.75	CCSP;0.844
72.00	73.75	CCSP;0.792
78.00	78.25	CCSP;0.539
82.50	84.75	CCSP;0.847
151.75	153.75	CCSP;0.913
159.00	160.75	CCSP;0.857
171.25	172.50	CCSP;0.770
176.00	177.00	CCSP;0.619
188.00	188.75	CCSP;0.670
194.25	195.50	CCSP;0.752
199.50	200.75	CCSP;0.732
206.00	206.25	CCSP;0.528
218.00	219.50	CCSP;0.722
223.25	225.50	CCSP;0.747
229.25	231.00	CCSP;0.858
236.50	238.50	CCSP;0.762
242.75	245.00	CCSP;0.874
248.50	251.50	CCSP;0.937
255.25	257.50	CCSP;0.915
260.75	263.00	CCSP;0.913
266.25	269.00	CCSP;0.902
272.75	274.25	CCSP;0.784
278.00	280.50	CCSP;0.940
288.50	290.50	CCSP;0.886
294.75	297.00	CCSP;0.897
88.25	109.50	CHSP;0.980
110.25	123.50	CHSP;0.980
124.50	136.25	CHSP;0.977
137.25	140.00	CHSP;0.929
140.50	144.00	CHSP;0.947
144.50	149.00	CHSP;0.976
156.00	159.25	CHSP;0.965
161.00	171.25	CHSP;0.973
173.00	183.00	CHSP;0.978
183.50	187.25	CHSP;0.970
188.25	193.50	CHSP;0.974
195.50	197.50	CHSP;0.871
202.00	209.25	CHSP;0.977
210.00	213.50	CHSP;0.980
154.50	155.50	EABL;0.592
63.00	64.50	FOSP;0.812
77.75	78.50	FOSP;0.576
92.50	93.75	FOSP;0.743
41.75	42.25	GRCA;0.508
5.00	7.00	LISP;0.889
14.50	16.50	LISP;0.838
55.50	57.25	LISP;0.798
75.00	76.25	LISP;0.634
86.25	87.75	LISP;0.701
150.25	151.75	LISP;0.658
197.50	199.00	LISP;0.712
201.50	202.75	LISP;0.613
227.25	227.50	LISP;0.579
227.75	229.25	LISP;0.683
239.50	241.75	LISP;0.955
251.00	252.00	LISP;0.642
262.50	264.00	LISP;0.683
286.00	287.00	LISP;0.634
161.75	162.50	OROR;0.581
8.00	9.00	PUFI;0.571
42.25	43.00	SATH;0.542
44.00	45.00	TOSO;0.618
259.00	260.00	TOSO;0.727
257.50	259.00	WCSP;0.864
276.00	278.25	WCSP;0.841
282.50	285.00	WCSP;0.815
290.00	293.00	WCSP;0.932
298.50	300.00	WCSP;0.657
1.75	3.50	WTSP;0.680
67.00	69.00	WTSP;0.794
136.50	136.75	WTSP;0.535
215.75	217.50	WTSP;0.752
282.00	283.00	WTSP;0.657
