250.25	252.00	AMRO;0.754
383.50	385.00	AMRO;0.698
393.00	395.25	AMRO;0.770
480.50	481.50	AMRO;0.581
487.00	488.75	AMRO;0.734
429.50	429.75	AMWO;0.516
491.00	491.50	AMWO;0.544
21.00	21.50	BHCO;0.561
251.50	252.00	BHCO;0.514
457.00	458.75	BHCO;0.697
341.50	342.50	BLJA;0.619
119.75	120.00	BRSP;0.524
410.75	411.50	BRSP;0.549
524.75	525.00	BRSP;0.512
525.25	526.25	BRSP;0.611
50.00	52.00	CHSP;0.803
73.00	74.25	CHSP;0.614
92.00	92.50	CHSP;0.597
179.25	180.25	CHSP;0.587
52.25	53.00	DEJU;0.554
82.00	83.75	DEJU;0.594
101.50	102.00	DEJU;0.571
168.25	168.50	DEJU;0.529
448.50	449.25	DEJU;0.557
556.50	557.50	EAME;0.601
255.50	256.50	FISP;0.706
143.00	143.50	FOSP;0.544
155.00	156.00	FOSP;0.665
175.75	176.50	FOSP;0.555
299.00	300.25	FOSP;0.667
364.00	365.00	FOSP;0.549
517.00	518.25	FOSP;0.639
528.50	530.00	FOSP;0.701
543.75	544.50	FOSP;0.587
588.00	589.25	FOSP;0.797
13.50	14.00	MOCH;0.548
36.50	37.50	MOCH;0.536
130.00	131.00	MOCH;0.592
162.00	162.50	MOCH;0.623
236.00	236.25	MOCH;0.512
236.50	236.75	MOCH;0.508
484.50	484.75	MOCH;0.511
520.00	521.00	MOCH;0.576
570.25	570.50	MOCH;0.509
460.00	460.25	RBGU;0.506
82.00	82.25	SNBU;0.514
470.50	472.00	VESP;0.763
138.75	140.75	WCSP;0.808
202.50	205.50	WCSP;0.907
267.50	269.75	WCSP;0.773
289.75	292.00	WCSP;0.880
301.00	303.00	WCSP;0.741
376.25	377.50	WCSP;0.726
432.50	434.50	WCSP;0.755
171.00	173.25	WTSP;0.815
193.25	194.50	WTSP;0.635
214.00	214.75	WTSP;0.536
323.25	324.00	WTSP;0.554
354.50	355.00	WTSP;0.648
366.75	367.75	WTSP;0.598
460.50	461.75	WTSP;0.592
