0.00	1.50	AMRO;0.798
6.00	10.25	AMRO;0.964
14.50	18.50	AMRO;0.933
19.75	24.50	AMRO;0.980
26.50	27.25	AMRO;0.735
31.25	31.50	AMRO;0.700
32.25	32.50	AMRO;0.722
36.00	41.00	AMRO;0.966
47.25	47.50	AMRO;0.728
47.75	48.00	AMRO;0.695
50.00	51.50	AMRO;0.807
67.25	70.00	AMRO;0.943
73.00	76.50	AMRO;0.939
83.50	87.00	AMRO;0.886
88.00	91.00	AMRO;0.963
93.00	95.00	AMRO;0.904
98.50	101.50	AMRO;0.961
103.50	105.50	AMRO;0.930
107.00	109.25	AMRO;0.965
111.50	114.00	AMRO;0.810
116.50	120.00	AMRO;0.924
122.50	124.00	AMRO;0.855
125.50	127.50	AMRO;0.827
137.75	141.25	AMRO;0.903
145.50	147.75	AMRO;0.851
151.00	151.75	AMRO;0.745
152.00	152.25	AMRO;0.695
155.00	156.00	AMRO;0.767
156.50	156.75	AMRO;0.699
157.00	157.25	AMRO;0.717
158.00	162.00	AMRO;0.967
168.50	170.00	AMRO;0.772
173.50	174.50	AMRO;0.794
182.50	183.75	AMRO;0.724
190.00	192.50	AMRO;0.907
195.75	197.50	AMRO;0.780
198.00	201.50	AMRO;0.905
203.00	206.50	AMRO;0.977
208.50	211.00	AMRO;0.956
213.00	217.25	AMRO;0.953
217.50	221.00	AMRO;0.974
222.25	225.75	AMRO;0.966
230.00	233.50	AMRO;0.975
236.25	238.50	AMRO;0.969
245.25	247.50	AMRO;0.908
249.00	250.50	AMRO;0.794
252.75	254.75	AMRO;0.878
263.75	265.75	AMRO;0.821
275.25	278.00	AMRO;0.918
279.50	283.00	AMRO;0.977
286.00	288.75	AMRO;0.921
291.75	293.75	AMRO;0.898
294.50	294.75	AMRO;0.709
295.00	295.25	AMRO;0.706
297.25	299.50	AMRO;0.917
54.50	56.00	BCCH;0.800
63.00	63.75	BHGR;0.582
176.00	177.75	BHGR;0.652
189.00	189.75	BHGR;0.508
6.00	9.50	CHSP;0.965
32.25	33.75	CHSP;0.896
56.00	57.75	CHSP;0.885
64.50	68.50	CHSP;0.977
74.00	78.50	CHSP;0.973
86.00	90.00	CHSP;0.977
97.00	101.00	CHSP;0.977
107.50	111.50	CHSP;0.977
117.75	126.00	CHSP;0.968
127.50	132.00	CHSP;0.962
137.50	142.00	CHSP;0.972
147.50	151.50	CHSP;0.976
158.50	162.50	CHSP;0.973
164.50	180.00	CHSP;0.990
186.50	190.75	CHSP;0.973
199.00	199.50	CHSP;0.746
205.50	210.00	CHSP;0.973
215.50	219.00	CHSP;0.933
225.50	227.25	CHSP;0.802
234.00	238.25	CHSP;0.965
245.75	250.00	CHSP;0.970
258.00	260.25	CHSP;0.913
266.75	271.00	CHSP;0.976
277.25	281.25	CHSP;0.968
13.75	14.50	FOSP;0.630
30.00	31.75	FOSP;0.719
42.75	45.75	FOSP;0.773
62.00	63.50	FOSP;0.612
78.75	81.00	FOSP;0.700
95.50	97.50	FOSP;0.860
112.00	114.25	FOSP;0.733
128.50	130.50	FOSP;0.756
145.00	147.00	FOSP;0.791
179.00	181.25	FOSP;0.894
194.50	195.00	FOSP;0.531
210.50	212.00	FOSP;0.696
221.50	223.00	FOSP;0.733
226.50	228.00	FOSP;0.821
233.00	234.25	FOSP;0.589
241.00	243.00	FOSP;0.804
256.50	257.75	FOSP;0.846
288.00	290.00	FOSP;0.730
29.00	29.75	HETH;0.550
271.75	272.25	HETH;0.530
62.25	62.75	RBGR;0.506
187.50	188.75	RBGR;0.656
76.50	76.75	SWSP;0.558
92.00	93.75	SWSP;0.787
134.25	136.00	SWSP;0.799
201.50	202.00	WATA;0.510
3.50	6.00	WCSP;0.863
136.50	137.00	WCSP;0.508
264.75	265.50	WCSP;0.592
283.00	284.00	WCSP;0.696
22.00	24.00	WIWA;0.808
35.50	37.50	WIWA;0.629
45.75	48.25	WIWA;0.934
59.00	61.50	WIWA;0.868
106.00	106.50	WIWA;0.569
151.50	153.00	WIWA;0.658
194.75	196.00	WIWA;0.638
212.00	214.50	WIWA;0.938
227.75	228.75	WIWA;0.582
238.00	240.25	WIWA;0.881
255.50	258.25	WIWA;0.887
272.00	274.75	WIWA;0.927
284.25	287.50	WIWA;0.933
295.75	299.00	WIWA;0.968
1.00	3.75	WTSP;0.976
9.00	12.75	WTSP;0.974
14.50	17.00	WTSP;0.954
33.50	36.00	WTSP;0.959
48.75	53.50	WTSP;0.987
57.75	61.00	WTSP;0.912
67.50	67.75	WTSP;0.713
70.00	71.75	WTSP;0.823
76.50	78.25	WTSP;0.898
83.50	86.50	WTSP;0.950
100.50	102.50	WTSP;0.917
106.50	107.50	WTSP;0.788
110.00	111.75	WTSP;0.855
120.00	122.25	WTSP;0.881
132.00	135.25	WTSP;0.984
142.00	145.00	WTSP;0.970
153.00	154.75	WTSP;0.921
181.25	185.50	WTSP;0.977
196.75	199.75	WTSP;0.969
217.25	219.00	WTSP;0.800
28.75	29.50	YRWA;0.590
