359.50	363.00	AMPI;0.860
211.00	211.50	BHCO;0.536
165.25	165.50	BTNW;0.523
109.50	109.75	CHSP;0.522
110.00	112.00	CHSP;0.654
210.00	210.75	CHSP;0.574
220.00	225.50	CHSP;0.926
299.75	302.00	CHSP;0.762
425.50	427.50	CHSP;0.879
540.00	541.00	CHSP;0.595
5.75	6.00	EAME;0.509
44.00	45.50	EAME;0.664
115.00	117.00	FISP;0.766
131.00	132.50	FISP;0.800
24.75	27.00	FOSP;0.810
45.50	45.75	FOSP;0.507
69.50	72.00	FOSP;0.834
542.00	543.50	FOSP;0.639
557.50	560.00	FOSP;0.821
567.50	570.00	FOSP;0.864
579.50	581.50	FOSP;0.793
590.25	590.50	FOSP;0.545
60.00	60.25	MOCH;0.509
60.50	61.25	MOCH;0.527
161.00	163.25	MOCH;0.824
178.00	178.50	MOCH;0.535
261.25	263.50	MOCH;0.927
282.25	284.00	MOCH;0.669
303.00	303.25	MOCH;0.536
303.50	304.25	MOCH;0.547
306.25	306.50	MOCH;0.513
326.75	327.75	MOCH;0.681
336.75	338.50	MOCH;0.759
551.00	551.50	MOCH;0.585
171.00	172.00	NOCA;0.580
243.50	243.75	SWSP;0.523
244.00	245.75	SWSP;0.707
378.75	379.00	SWSP;0.513
28.50	30.50	VATH;0.890
107.75	109.00	VATH;0.817
79.00	80.25	WCSP;0.683
257.00	259.00	WCSP;0.810
364.75	367.00	WCSP;0.957
371.50	374.00	WCSP;0.910
375.00	378.50	WCSP;0.928
379.50	384.25	WCSP;0.876
410.50	412.25	WCSP;0.864
413.25	416.25	WCSP;0.913
417.75	421.75	WCSP;0.945
433.00	435.50	WCSP;0.973
467.50	470.00	WCSP;0.870
528.50	529.75	WCSP;0.674
60.50	61.00	WTSP;0.743
61.50	62.00	WTSP;0.751
145.25	147.50	WTSP;0.906
178.00	179.50	WTSP;0.793
274.75	277.25	WTSP;0.929
281.50	282.50	WTSP;0.787
287.25	289.50	WTSP;0.793
304.00	306.00	WTSP;0.828
310.25	311.75	WTSP;0.863
351.00	353.00	WTSP;0.842
389.50	389.75	WTSP;0.718
390.25	394.25	WTSP;0.976
405.25	409.25	WTSP;0.985
422.50	424.50	WTSP;0.874
432.50	433.75	WTSP;0.774
435.00	436.75	WTSP;0.822
447.00	450.75	WTSP;0.985
514.75	519.00	WTSP;0.967
535.00	537.50	WTSP;0.950
547.00	551.25	WTSP;0.967
561.25	566.50	WTSP;0.981
571.50	573.50	WTSP;0.892
574.75	578.00	WTSP;0.980
