0.50	1.25	AMRO;0.568
1.50	7.00	AMRO;0.959
14.50	20.00	AMRO;0.915
29.75	33.75	AMRO;0.781
38.50	41.00	AMRO;0.952
47.00	51.00	AMRO;0.932
62.00	64.00	AMRO;0.936
66.75	69.00	AMRO;0.720
70.75	72.00	AMRO;0.719
81.25	85.75	AMRO;0.930
95.00	97.00	AMRO;0.787
107.00	107.50	AMRO;0.553
111.50	117.00	AMRO;0.939
154.00	155.00	CHSP;0.556
174.00	176.00	CHSP;0.762
197.75	198.50	CHSP;0.554
242.75	244.50	CHSP;0.711
316.75	318.00	CHSP;0.681
351.25	353.50	CHSP;0.868
560.50	561.00	CHSP;0.527
454.50	455.50	FISP;0.579
595.00	595.25	FISP;0.517
8.00	10.50	FOSP;0.930
21.75	24.50	FOSP;0.866
36.00	38.00	FOSP;0.831
51.00	51.25	FOSP;0.508
51.50	51.75	FOSP;0.525
60.00	61.50	FOSP;0.659
75.25	77.25	FOSP;0.906
79.50	81.50	FOSP;0.832
89.00	92.00	FOSP;0.958
94.50	96.50	FOSP;0.736
107.50	111.25	FOSP;0.841
123.50	126.00	FOSP;0.800
142.75	145.25	FOSP;0.747
148.50	151.50	FOSP;0.940
165.00	166.25	FOSP;0.689
169.00	171.75	FOSP;0.859
182.00	184.50	FOSP;0.889
189.75	191.75	FOSP;0.816
214.50	215.75	FOSP;0.674
229.00	231.00	FOSP;0.775
232.00	234.00	FOSP;0.819
247.75	250.25	FOSP;0.870
259.50	261.50	FOSP;0.895
277.00	278.50	FOSP;0.626
281.50	284.25	FOSP;0.855
286.50	288.75	FOSP;0.840
298.00	300.75	FOSP;0.940
307.00	309.00	FOSP;0.824
321.75	324.25	FOSP;0.937
343.50	345.50	FOSP;0.843
359.00	362.00	FOSP;0.933
378.00	380.50	FOSP;0.893
393.50	396.50	FOSP;0.860
424.00	426.00	FOSP;0.896
445.50	447.75	FOSP;0.873
465.00	467.50	FOSP;0.920
481.00	484.00	FOSP;0.933
499.50	501.50	FOSP;0.888
516.00	518.75	FOSP;0.916
546.75	549.75	FOSP;0.910
557.00	558.75	FOSP;0.778
566.00	568.50	FOSP;0.855
574.00	575.00	FOSP;0.630
582.50	585.00	FOSP;0.874
587.50	589.00	FOSP;0.724
157.50	158.75	GCSP;0.668
258.25	259.50	GCSP;0.807
0.50	1.50	MOBL;0.575
471.00	472.50	MOCH;0.615
63.50	67.50	PISI;0.963
172.25	174.00	PISI;0.794
201.00	227.25	PISI;0.989
189.25	190.00	SNBU;0.580
573.00	574.25	SNBU;0.654
70.00	70.50	TOSO;0.533
44.00	46.00	WCSP;0.672
71.00	73.25	WCSP;0.911
151.50	152.75	WCSP;0.784
176.50	177.50	WCSP;0.647
235.75	236.25	WCSP;0.575
324.50	326.50	WCSP;0.852
331.00	334.00	WCSP;0.914
339.00	341.75	WCSP;0.823
354.00	356.50	WCSP;0.810
362.50	365.25	WCSP;0.846
373.50	375.50	WCSP;0.732
382.50	385.00	WCSP;0.876
389.75	393.50	WCSP;0.751
397.50	398.00	WCSP;0.509
400.75	403.00	WCSP;0.785
410.00	412.25	WCSP;0.804
418.00	422.00	WCSP;0.881
429.00	431.25	WCSP;0.758
439.00	441.50	WCSP;0.771
450.00	452.25	WCSP;0.817
460.75	463.50	WCSP;0.789
473.25	475.50	WCSP;0.772
484.50	487.25	WCSP;0.850
497.00	497.50	WCSP;0.546
509.00	510.75	WCSP;0.728
520.75	523.00	WCSP;0.858
531.75	534.00	WCSP;0.825
544.00	546.00	WCSP;0.826
554.25	557.00	WCSP;0.887
565.50	565.75	WCSP;0.512
566.00	566.25	WCSP;0.561
578.00	580.00	WCSP;0.726
584.75	585.25	WCSP;0.573
589.25	591.75	WCSP;0.928
598.00	599.25	WCSP;0.643
245.00	245.50	WEWA;0.559
11.00	15.25	WTSP;0.941
29.00	31.00	WTSP;0.691
158.75	160.75	WTSP;0.812
167.25	168.50	WTSP;0.653
175.75	177.00	WTSP;0.732
186.75	187.50	WTSP;0.599
194.00	194.25	WTSP;0.548
194.50	194.75	WTSP;0.521
195.00	195.25	WTSP;0.546
195.50	195.75	WTSP;0.517
256.00	258.50	WTSP;0.954
310.00	312.00	WTSP;0.775
365.00	368.00	WTSP;0.893
383.00	383.75	WTSP;0.565
389.00	389.75	WTSP;0.549
405.25	408.00	WTSP;0.880
430.25	433.00	WTSP;0.823
472.00	473.25	WTSP;0.792
495.00	496.00	WTSP;0.555
496.25	496.50	WTSP;0.504
524.00	527.00	WTSP;0.943
540.50	543.75	WTSP;0.968
561.25	564.00	WTSP;0.885
576.00	576.50	WTSP;0.538
