289.75	292.00	AMCR;0.856
73.50	74.50	AMDI;0.726
82.75	83.50	AMDI;0.567
21.75	22.50	AMRO;0.614
29.50	30.25	AMRO;0.616
58.00	59.50	AMRO;0.606
62.50	65.00	AMRO;0.876
70.00	71.25	AMRO;0.596
85.50	85.75	AMRO;0.547
91.75	94.00	AMRO;0.688
101.00	101.25	AMRO;0.517
128.50	129.00	AMRO;0.538
129.25	129.50	AMRO;0.508
134.75	135.00	AMRO;0.531
144.00	145.50	AMRO;0.763
150.25	150.50	AMRO;0.510
156.00	158.00	AMRO;0.739
163.00	163.25	AMRO;0.547
163.50	164.75	AMRO;0.653
171.25	173.00	AMRO;0.720
180.50	181.50	AMRO;0.554
185.50	188.00	AMRO;0.798
199.50	201.50	AMRO;0.829
206.25	208.50	AMRO;0.611
213.75	214.50	AMRO;0.697
215.25	215.75	AMRO;0.505
228.00	228.75	AMRO;0.567
229.00	229.50	AMRO;0.540
234.00	239.00	AMRO;0.922
242.25	244.25	AMRO;0.900
249.25	252.75	AMRO;0.867
170.25	170.50	AMWI;0.503
174.75	175.00	BEWR;0.515
75.00	77.00	CCSP;0.832
133.00	133.25	CCSP;0.513
81.50	83.00	CORA;0.689
9.00	11.25	FISP;0.847
128.50	129.50	FISP;0.612
163.25	164.00	FISP;0.576
1.50	3.25	FOSP;0.785
27.50	29.25	FOSP;0.705
45.75	47.50	FOSP;0.760
89.75	90.75	FOSP;0.607
104.00	105.50	FOSP;0.686
121.00	121.75	FOSP;0.551
137.50	139.00	FOSP;0.766
36.50	37.25	GWTE;0.576
50.00	51.25	GWTE;0.704
135.50	135.75	GWTE;0.528
163.75	164.00	GWTE;0.546
245.75	246.75	GWTE;0.669
292.50	294.00	GWTE;0.747
12.00	13.00	LISP;0.674
37.50	39.75	LISP;0.919
64.75	66.50	LISP;0.690
80.00	81.75	LISP;0.683
189.00	190.50	LISP;0.740
113.00	114.00	MOCH;0.523
148.00	149.00	MOCH;0.640
297.00	297.25	OROR;0.504
142.00	142.75	PUFI;0.611
127.50	127.75	RBGR;0.501
71.25	71.50	ROPT;0.531
20.50	21.25	SNBU;0.576
88.50	89.75	SNBU;0.671
61.00	62.50	WCSP;0.741
270.50	271.25	WIWA;0.595
279.50	279.75	WIWA;0.515
280.25	280.50	WIWA;0.501
7.25	9.25	WTSP;0.813
23.50	25.75	WTSP;0.873
180.00	183.00	WTSP;0.717
225.00	225.25	WTSP;0.524
225.75	226.00	WTSP;0.512
253.50	254.75	WTSP;0.663
266.00	268.00	WTSP;0.844
275.50	282.75	WTSP;0.955
298.00	300.00	WTSP;0.970
