114.75	115.50	AMWO;0.599
137.25	137.50	AMWO;0.523
1.75	2.00	BRSP;0.540
76.25	76.50	BRSP;0.517
104.75	105.75	BRSP;0.594
113.00	114.00	BRSP;0.624
120.00	122.00	BRSP;0.848
168.00	168.50	BRSP;0.539
231.25	231.50	DEJU;0.506
39.75	40.75	EAME;0.593
64.00	64.25	FISP;0.523
252.50	253.00	FISP;0.524
259.00	259.50	FISP;0.546
23.00	24.00	FOSP;0.665
25.50	28.00	FOSP;0.885
59.00	62.50	FOSP;0.883
86.75	89.25	FOSP;0.863
100.50	102.75	FOSP;0.752
116.50	118.75	FOSP;0.753
132.50	134.50	FOSP;0.853
148.00	150.00	FOSP;0.765
163.00	164.75	FOSP;0.621
244.75	246.25	FOSP;0.726
274.50	276.00	FOSP;0.913
280.50	281.50	FOSP;0.639
281.75	282.50	FOSP;0.639
254.75	255.50	HETH;0.590
36.25	36.50	MOCH;0.503
185.00	185.25	MOCH;0.512
179.25	180.25	SNBU;0.634
205.00	206.25	SNBU;0.594
292.00	292.75	SWSP;0.560
0.50	0.75	WCSP;0.506
9.75	14.50	WCSP;0.840
52.25	56.00	WCSP;0.904
69.75	71.00	WCSP;0.613
93.50	96.50	WCSP;0.872
103.00	105.00	WCSP;0.881
111.00	113.00	WCSP;0.868
122.00	123.75	WCSP;0.766
130.00	132.50	WCSP;0.688
139.00	139.50	WCSP;0.541
157.50	158.50	WCSP;0.662
166.25	168.00	WCSP;0.837
190.50	193.00	WCSP;0.892
195.25	197.00	WCSP;0.683
201.25	202.75	WCSP;0.738
208.75	211.00	WCSP;0.846
213.50	216.50	WCSP;0.867
226.50	228.75	WCSP;0.819
271.50	273.50	WCSP;0.748
287.50	287.75	WCSP;0.513
251.00	251.25	WIWA;0.559
261.00	263.00	WIWA;0.700
48.00	48.25	WTSP;0.507
295.75	296.50	WTSP;0.590
