216.75	222.00	AMRO;0.950
240.75	243.50	AMRO;0.927
454.00	454.75	BEWR;0.622
113.00	114.00	DEJU;0.684
245.00	245.75	DEJU;0.556
310.50	311.25	DEJU;0.663
324.00	324.50	DEJU;0.516
364.00	364.25	DEJU;0.519
364.50	365.00	DEJU;0.549
522.25	522.50	DEJU;0.506
229.50	230.50	EAME;0.576
65.25	66.50	EATO;0.680
10.25	11.50	FOSP;0.809
30.50	32.00	FOSP;0.693
88.75	91.25	FOSP;0.873
103.75	105.00	FOSP;0.751
139.00	140.50	FOSP;0.623
191.50	192.25	FOSP;0.551
213.50	215.50	FOSP;0.737
247.25	247.50	FOSP;0.512
270.25	272.00	FOSP;0.838
287.25	289.25	FOSP;0.900
302.00	303.75	FOSP;0.777
315.50	316.25	FOSP;0.582
328.75	330.25	FOSP;0.728
339.50	341.00	FOSP;0.714
350.00	351.50	FOSP;0.791
359.00	360.25	FOSP;0.673
371.50	372.75	FOSP;0.715
385.75	387.25	FOSP;0.682
400.50	402.75	FOSP;0.750
403.25	403.50	FOSP;0.511
429.00	431.50	FOSP;0.817
443.50	445.50	FOSP;0.799
460.00	461.50	FOSP;0.747
473.00	474.50	FOSP;0.628
474.75	475.00	FOSP;0.513
486.50	489.00	FOSP;0.774
501.25	503.50	FOSP;0.827
510.00	510.75	FOSP;0.541
516.25	516.50	FOSP;0.517
527.00	528.50	FOSP;0.782
553.00	554.00	FOSP;0.653
565.50	567.50	FOSP;0.774
593.25	595.50	FOSP;0.837
171.00	171.25	GCSP;0.543
171.50	171.75	GCSP;0.538
426.00	426.75	GCSP;0.616
500.50	501.25	HETH;0.631
246.00	246.25	LASP;0.518
14.50	15.00	LISP;0.540
18.25	19.25	LISP;0.621
50.75	51.50	LISP;0.623
80.75	83.00	LISP;0.763
102.00	103.00	LISP;0.550
122.00	124.00	LISP;0.820
140.75	142.00	LISP;0.759
240.25	240.50	LISP;0.511
257.75	258.75	LISP;0.649
277.00	278.50	LISP;0.742
280.75	282.00	LISP;0.560
283.00	283.50	LISP;0.535
316.50	318.00	LISP;0.667
435.50	436.50	LISP;0.595
535.75	537.00	LISP;0.665
545.75	546.25	LISP;0.540
564.00	565.00	LISP;0.605
165.00	165.50	PUFI;0.555
12.00	13.00	REVI;0.528
467.50	467.75	REVI;0.519
379.25	381.00	SNBU;0.708
12.00	13.50	SOSA;0.726
25.75	26.75	SOSA;0.689
39.00	41.25	SOSA;0.708
52.75	54.75	SOSA;0.896
169.00	170.50	SOSA;0.859
197.25	198.25	SOSA;0.653
238.00	239.50	SOSA;0.799
253.00	254.50	SOSA;0.621
266.75	267.50	SOSA;0.516
419.00	420.75	SOSA;0.857
432.50	434.25	SOSA;0.855
465.00	466.25	SOSA;0.687
20.50	23.50	VATH;0.874
32.50	35.50	VATH;0.931
36.50	36.75	VATH;0.515
47.00	48.50	VATH;0.782
67.50	70.75	VATH;0.899
71.50	72.00	VATH;0.603
106.25	108.75	VATH;0.850
150.50	152.25	VATH;0.808
174.75	177.75	VATH;0.920
195.75	197.00	VATH;0.666
244.00	244.50	VATH;0.584
262.00	263.25	VATH;0.620
292.75	293.50	VATH;0.675
307.50	308.75	VATH;0.715
312.25	314.25	VATH;0.946
317.75	320.00	VATH;0.702
330.50	331.00	VATH;0.559
352.75	354.50	VATH;0.800
412.00	413.75	VATH;0.788
451.00	451.50	VATH;0.532
455.00	455.75	VATH;0.670
463.50	465.00	VATH;0.763
482.75	483.50	VATH;0.580
507.25	507.50	VATH;0.522
517.75	519.50	VATH;0.775
531.50	533.50	VATH;0.811
582.00	584.50	VATH;0.827
350.75	351.00	VESP;0.519
351.25	351.50	VESP;0.515
94.25	95.50	WCSP;0.706
74.00	76.75	WIWA;0.961
83.75	84.50	WIWA;0.718
117.50	118.25	WIWA;0.720
127.50	130.00	WIWA;0.933
138.75	139.75	WIWA;0.769
148.25	151.50	WIWA;0.972
160.50	163.50	WIWA;0.914
171.25	174.25	WIWA;0.968
183.00	186.00	WIWA;0.959
192.75	196.25	WIWA;0.975
202.50	206.00	WIWA;0.981
214.75	218.00	WIWA;0.981
224.00	227.25	WIWA;0.979
235.00	238.00	WIWA;0.973
248.00	251.25	WIWA;0.975
259.00	262.00	WIWA;0.974
272.75	276.00	WIWA;0.976
296.50	299.25	WIWA;0.977
319.00	321.75	WIWA;0.968
336.50	337.50	WIWA;0.780
355.75	358.50	WIWA;0.977
373.00	375.50	WIWA;0.935
398.00	401.00	WIWA;0.975
413.25	416.00	WIWA;0.980
424.00	426.75	WIWA;0.969
437.75	441.50	WIWA;0.979
451.00	454.00	WIWA;0.981
462.00	465.25	WIWA;0.956
479.00	481.75	WIWA;0.982
494.00	496.75	WIWA;0.978
506.25	509.00	WIWA;0.947
516.25	519.25	WIWA;0.968
527.75	531.00	WIWA;0.977
538.25	541.50	WIWA;0.985
554.00	557.50	WIWA;0.974
568.50	571.75	WIWA;0.972
585.25	588.50	WIWA;0.974
60.00	62.25	WTSP;0.796
189.25	191.00	WTSP;0.868
198.75	199.25	WTSP;0.571
207.50	208.50	WTSP;0.657
232.25	235.00	WTSP;0.880
250.50	251.50	WTSP;0.561
289.50	292.00	WTSP;0.824
332.00	335.00	WTSP;0.884
354.25	357.50	WTSP;0.944
367.50	369.75	WTSP;0.901
387.00	390.25	WTSP;0.946
396.75	399.50	WTSP;0.927
406.00	408.75	WTSP;0.947
441.50	443.00	WTSP;0.787
484.50	486.00	WTSP;0.647
95.50	96.75	YRWA;0.604
295.00	296.00	YRWA;0.654
549.50	550.50	YRWA;0.575
