57.50	57.75	AMRO;0.511
154.00	154.25	AMRO;0.575
158.50	160.00	AMRO;0.748
173.00	174.50	AMRO;0.613
198.75	200.00	AMRO;0.690
238.00	238.25	AMRO;0.501
246.75	248.50	AMRO;0.839
256.00	256.50	AMRO;0.550
256.75	257.00	AMRO;0.505
269.00	270.00	AMRO;0.586
282.00	283.50	AMRO;0.731
291.50	294.00	AMRO;0.887
297.00	298.00	AMRO;0.667
180.50	181.50	BFAL;0.739
45.25	46.00	FISP;0.564
59.00	60.50	FOSP;0.758
67.75	68.50	FOSP;0.600
77.50	79.25	FOSP;0.866
100.75	102.00	FOSP;0.712
108.75	109.50	FOSP;0.586
118.00	120.50	FOSP;0.914
127.75	128.50	FOSP;0.531
136.00	137.50	FOSP;0.651
192.50	194.00	FOSP;0.748
202.25	202.50	FOSP;0.515
222.50	224.00	FOSP;0.757
253.00	254.25	GCSP;0.626
263.50	263.75	HETH;0.539
12.00	13.50	LISP;0.721
30.25	31.50	LISP;0.636
50.25	50.50	LISP;0.534
50.75	51.00	LISP;0.508
129.75	131.00	LISP;0.745
146.00	147.50	LISP;0.743
275.25	276.50	LISP;0.741
286.00	286.25	SATH;0.523
286.50	287.50	SATH;0.619
74.50	76.75	VATH;0.805
106.50	108.25	VATH;0.891
231.50	233.00	VESP;0.769
1.00	4.25	WCSP;0.963
8.50	11.75	WCSP;0.952
14.00	18.75	WCSP;0.971
20.00	23.50	WCSP;0.972
25.00	30.00	WCSP;0.968
33.75	35.75	WCSP;0.952
40.25	44.00	WCSP;0.957
47.25	50.00	WCSP;0.954
52.50	59.50	WCSP;0.992
63.75	66.50	WCSP;0.956
68.25	73.50	WCSP;0.994
82.25	87.50	WCSP;0.979
92.00	95.00	WCSP;0.974
97.00	104.00	WCSP;0.997
108.00	110.75	WCSP;0.985
111.00	115.50	WCSP;0.996
120.25	125.50	WCSP;0.984
126.00	128.25	WCSP;0.910
134.50	141.50	WCSP;0.989
142.75	144.50	WCSP;0.850
150.00	153.00	WCSP;0.962
156.75	159.50	WCSP;0.941
161.25	166.75	WCSP;0.973
168.50	171.75	WCSP;0.961
177.00	181.00	WCSP;0.947
184.00	187.50	WCSP;0.978
188.50	193.00	WCSP;0.956
196.50	198.75	WCSP;0.941
202.50	214.00	WCSP;0.972
216.50	220.00	WCSP;0.973
224.00	227.00	WCSP;0.960
232.75	235.75	WCSP;0.936
241.00	243.75	WCSP;0.951
244.75	247.50	WCSP;0.969
249.00	252.25	WCSP;0.976
254.00	259.50	WCSP;0.956
263.50	267.50	WCSP;0.977
272.00	274.50	WCSP;0.897
280.00	283.25	WCSP;0.970
289.00	293.50	WCSP;0.958
5.75	9.00	WTSP;0.912
27.00	27.75	WTSP;0.630
35.75	36.50	WTSP;0.578
44.50	45.50	WTSP;0.696
51.25	53.00	WTSP;0.822
61.25	64.00	WTSP;0.972
89.50	92.25	WTSP;0.928
131.25	135.25	WTSP;0.974
142.25	142.75	WTSP;0.545
143.25	145.25	WTSP;0.601
149.00	150.00	WTSP;0.602
159.50	161.75	WTSP;0.889
172.50	177.00	WTSP;0.837
181.50	184.00	WTSP;0.931
199.25	200.25	WTSP;0.571
209.50	210.25	WTSP;0.606
213.50	217.00	WTSP;0.953
233.50	234.50	WTSP;0.618
235.75	237.00	WTSP;0.611
283.50	285.25	WTSP;0.732
294.00	295.25	WTSP;0.673
