1.25	6.50	AMRO;0.983
9.00	11.75	AMRO;0.959
21.00	24.50	AMRO;0.897
26.00	27.50	AMRO;0.762
30.50	30.75	AMRO;0.697
38.25	41.25	AMRO;0.895
46.75	54.50	AMRO;0.944
55.00	56.50	AMRO;0.779
60.25	60.50	AMRO;0.696
70.00	71.00	AMRO;0.753
74.75	76.75	AMRO;0.832
79.50	85.25	AMRO;0.953
94.00	96.75	AMRO;0.886
105.75	108.25	AMRO;0.916
111.25	112.50	AMRO;0.722
120.00	120.25	AMRO;0.707
120.50	120.75	AMRO;0.712
121.00	121.25	AMRO;0.704
121.50	122.25	AMRO;0.749
122.50	135.00	AMRO;0.976
137.00	137.75	AMRO;0.721
139.00	145.00	AMRO;0.986
145.50	146.25	AMRO;0.710
146.75	147.50	AMRO;0.705
150.00	153.50	AMRO;0.934
158.00	160.50	AMRO;0.903
163.75	164.00	AMRO;0.700
165.00	167.50	AMRO;0.853
171.00	175.25	AMRO;0.827
178.00	185.50	AMRO;0.986
188.00	189.75	AMRO;0.853
190.50	197.50	AMRO;0.982
199.00	228.50	AMRO;0.982
228.75	230.50	AMRO;0.878
236.75	241.50	AMRO;0.981
242.75	246.00	AMRO;0.982
249.00	249.75	AMRO;0.780
250.00	250.25	AMRO;0.705
250.50	257.75	AMRO;0.983
259.00	265.00	AMRO;0.980
266.00	272.50	AMRO;0.975
274.50	280.75	AMRO;0.985
283.00	287.50	AMRO;0.985
290.00	292.50	AMRO;0.985
294.25	297.00	AMRO;0.945
298.00	300.00	AMRO;0.936
128.00	128.50	BHGR;0.540
272.75	274.25	BHGR;0.675
232.50	233.25	BRTH;0.631
230.75	232.00	EABL;0.717
6.75	8.75	FOSP;0.778
15.75	18.25	FOSP;0.885
27.50	30.00	FOSP;0.883
56.50	59.25	FOSP;0.894
63.00	64.25	FOSP;0.753
67.00	69.50	FOSP;0.907
76.75	79.50	FOSP;0.862
88.00	90.75	FOSP;0.851
98.50	101.25	FOSP;0.873
203.00	203.50	FOSP;0.547
72.75	74.25	LISP;0.719
149.00	150.00	LISP;0.597
161.00	161.75	LISP;0.590
153.50	154.00	MAMU;0.576
122.75	123.00	MOCH;0.511
287.75	288.00	PUFI;0.523
288.25	288.50	PUFI;0.516
297.25	298.00	PUFI;0.535
113.50	115.00	RBGR;0.639
135.50	137.00	RBGR;0.773
143.50	144.00	RBGR;0.583
150.00	150.50	RBGR;0.535
164.50	165.25	RBGR;0.548
177.25	179.25	RBGR;0.741
192.00	194.00	RBGR;0.808
230.25	231.25	RBGR;0.626
236.00	236.75	RBGR;0.530
242.25	243.00	RBGR;0.523
249.00	249.25	RBGR;0.502
250.25	250.50	RBGR;0.501
259.25	259.75	RBGR;0.558
288.75	290.25	RBGR;0.799
13.00	15.00	SATH;0.738
213.00	214.00	SATH;0.618
162.25	164.00	SWSP;0.831
147.50	147.75	TOSO;0.503
197.00	198.00	TOSO;0.609
212.00	213.00	TOSO;0.664
245.50	246.00	TOSO;0.581
273.00	273.25	TOSO;0.540
91.50	93.00	VATH;0.803
154.00	155.50	VATH;0.777
43.50	46.50	WCSP;0.787
49.00	51.25	WCSP;0.933
136.50	137.50	WCSP;0.601
156.75	158.25	WCSP;0.755
168.50	170.50	WCSP;0.798
173.25	175.25	WCSP;0.810
182.50	184.50	WCSP;0.759
214.50	216.75	WCSP;0.829
221.75	222.50	WCSP;0.592
226.50	229.00	WCSP;0.861
234.00	236.00	WCSP;0.815
240.25	242.75	WCSP;0.887
247.25	248.25	WCSP;0.621
251.75	253.50	WCSP;0.761
264.00	266.75	WCSP;0.907
276.50	277.50	WCSP;0.534
279.50	282.00	WCSP;0.928
293.50	295.50	WCSP;0.783
75.25	75.50	WIWA;0.517
85.50	86.25	WIWA;0.538
94.75	97.25	WIWA;0.833
103.25	105.00	WIWA;0.695
113.75	116.50	WIWA;0.913
138.50	140.50	WIWA;0.775
216.75	218.50	WIWA;0.706
116.25	116.75	WTSP;0.526
