0.50	2.75	AMRO;0.772
7.00	7.75	AMRO;0.787
9.25	12.75	AMRO;0.972
13.50	17.00	AMRO;0.973
18.50	25.50	AMRO;0.974
27.00	27.75	AMRO;0.779
30.00	32.75	AMRO;0.982
33.75	38.00	AMRO;0.978
40.75	41.50	AMRO;0.713
41.75	42.75	AMRO;0.751
45.25	48.00	AMRO;0.924
51.75	54.50	AMRO;0.974
57.25	58.50	AMRO;0.826
61.00	63.50	AMRO;0.935
65.50	68.50	AMRO;0.969
68.75	69.00	AMRO;0.697
71.00	73.50	AMRO;0.974
74.00	75.50	AMRO;0.777
77.50	81.00	AMRO;0.980
85.00	87.25	AMRO;0.938
88.75	95.50	AMRO;0.969
95.75	96.00	AMRO;0.716
117.50	119.50	AMRO;0.824
125.25	127.25	AMRO;0.946
137.50	141.00	AMRO;0.978
145.50	145.75	AMRO;0.708
146.00	146.50	AMRO;0.710
74.50	75.00	BLJA;0.538
48.75	49.50	FOSP;0.593
59.75	60.25	FOSP;0.521
64.50	64.75	FOSP;0.501
65.00	65.25	FOSP;0.559
83.00	84.50	FOSP;0.731
108.50	109.50	FOSP;0.630
164.00	165.50	FOSP;0.850
175.00	176.50	FOSP;0.590
180.00	181.25	FOSP;0.620
190.25	192.00	FOSP;0.881
195.00	196.50	FOSP;0.708
224.50	225.75	FOSP;0.703
256.00	256.25	FOSP;0.510
256.50	256.75	FOSP;0.557
274.50	276.00	FOSP;0.773
156.25	156.75	GCSP;0.589
48.50	48.75	GRCA;0.505
87.25	88.25	GRYE;0.597
42.75	44.25	LISP;0.726
76.25	76.50	LISP;0.509
56.50	57.25	MOBL;0.573
1.75	2.00	MOCH;0.505
41.00	42.00	RBGR;0.578
99.00	99.75	RBGU;0.588
154.00	154.50	SWSP;0.524
154.75	156.50	SWSP;0.860
144.50	145.50	VESP;0.571
18.50	20.00	WCSP;0.755
99.75	101.75	WCSP;0.739
138.25	139.50	WCSP;0.747
140.00	140.75	WCSP;0.605
186.75	187.25	WCSP;0.579
20.00	22.00	WIWA;0.842
45.00	48.00	WIWA;0.925
112.75	116.00	WIWA;0.951
120.50	123.00	WIWA;0.951
127.00	130.00	WIWA;0.956
134.00	137.00	WIWA;0.926
141.50	144.25	WIWA;0.937
0.00	2.75	WTSP;0.815
3.50	5.25	WTSP;0.874
25.75	26.25	WTSP;0.701
32.00	35.00	WTSP;0.944
52.50	55.00	WTSP;0.960
57.75	58.50	WTSP;0.764
67.75	69.75	WTSP;0.893
72.50	74.50	WTSP;0.964
79.00	81.75	WTSP;0.966
85.50	89.50	WTSP;0.977
92.75	99.25	WTSP;0.981
102.50	107.50	WTSP;0.993
110.00	112.00	WTSP;0.868
114.00	119.50	WTSP;0.983
124.25	126.75	WTSP;0.956
133.00	134.50	WTSP;0.821
136.00	137.50	WTSP;0.836
145.75	147.50	WTSP;0.845
147.75	151.00	WTSP;0.939
153.50	156.25	WTSP;0.970
160.50	164.00	WTSP;0.993
166.00	174.00	WTSP;0.986
178.00	179.00	WTSP;0.757
184.50	190.50	WTSP;0.997
193.00	195.25	WTSP;0.960
197.50	197.75	WTSP;0.701
198.00	205.50	WTSP;0.998
205.75	300.00	WTSP;1.000
