0.00	1.00	AMRO;0.536
6.50	11.25	AMRO;0.941
16.00	18.50	AMRO;0.815
66.50	69.50	AMRO;0.825
81.50	84.50	AMRO;0.959
94.75	95.75	AMRO;0.643
103.50	106.75	AMRO;0.929
112.00	114.75	AMRO;0.805
121.75	124.00	AMRO;0.672
76.00	76.50	BRSP;0.520
101.75	102.25	BRSP;0.545
248.50	249.25	BRSP;0.566
250.75	251.00	BRSP;0.512
11.50	17.00	CHSP;0.760
20.00	23.00	CHSP;0.743
52.00	55.00	CHSP;0.873
60.00	61.50	CHSP;0.693
67.75	69.50	CHSP;0.691
74.75	76.00	CHSP;0.670
84.00	84.25	CHSP;0.521
84.75	85.50	CHSP;0.518
117.00	119.50	CHSP;0.868
150.75	151.50	CHSP;0.549
176.00	177.00	CHSP;0.571
193.00	194.50	CHSP;0.694
200.75	202.25	CHSP;0.696
208.25	209.50	CHSP;0.557
246.50	249.00	CHSP;0.873
255.75	257.00	CHSP;0.561
260.50	266.50	CHSP;0.814
270.00	275.50	CHSP;0.982
280.50	284.50	CHSP;0.966
290.50	293.50	CHSP;0.962
295.50	298.50	CHSP;0.689
35.25	35.50	DEJU;0.527
38.25	38.50	DEJU;0.500
43.75	45.50	DEJU;0.642
100.25	101.50	DEJU;0.570
116.25	117.50	DEJU;0.592
124.25	125.50	DEJU;0.614
149.75	150.50	DEJU;0.551
185.75	186.25	DEJU;0.585
191.50	193.00	DEJU;0.600
199.00	200.75	DEJU;0.655
206.75	208.25	DEJU;0.680
215.75	216.50	DEJU;0.542
237.50	238.25	DEJU;0.549
239.00	240.00	DEJU;0.542
253.50	255.50	DEJU;0.745
97.00	98.00	DUFL;0.635
93.25	93.50	GRCA;0.521
24.50	25.50	GWTE;0.577
63.00	64.25	PISI;0.682
90.25	92.75	PISI;0.895
93.00	95.75	WCSP;0.918
102.25	105.00	WCSP;0.897
110.25	111.50	WCSP;0.609
111.75	112.00	WCSP;0.552
