5.00	7.25	AMRO;0.853
11.75	12.25	AMRO;0.516
21.50	24.50	AMRO;0.960
30.00	33.25	AMRO;0.847
35.50	37.50	AMRO;0.866
40.00	41.00	AMRO;0.616
49.75	52.00	AMRO;0.884
55.50	57.00	AMRO;0.806
61.75	63.50	AMRO;0.745
71.50	75.00	AMRO;0.921
89.00	90.25	AMRO;0.702
94.50	94.75	AMRO;0.510
100.25	101.75	AMRO;0.704
116.50	118.50	AMRO;0.722
130.50	131.75	AMRO;0.690
136.50	138.50	AMRO;0.754
143.25	143.50	AMRO;0.505
173.75	174.25	AMRO;0.572
178.50	181.00	AMRO;0.955
186.50	186.75	AMRO;0.505
187.25	189.00	AMRO;0.679
193.50	194.50	AMRO;0.647
198.75	201.00	AMRO;0.905
204.25	206.00	AMRO;0.820
209.75	211.50	AMRO;0.768
216.00	218.00	AMRO;0.723
228.00	231.50	AMRO;0.938
236.25	238.00	AMRO;0.775
249.50	250.50	AMRO;0.599
276.50	276.75	AMRO;0.503
277.00	277.25	AMRO;0.526
281.75	283.50	AMRO;0.776
291.50	294.50	AMRO;0.952
7.00	9.50	BRSP;0.602
14.00	17.50	BRSP;0.911
24.00	24.25	BRSP;0.504
24.50	25.00	BRSP;0.513
27.50	27.75	BRSP;0.501
28.25	28.50	BRSP;0.507
28.75	29.00	BRSP;0.528
33.75	35.25	BRSP;0.563
51.75	52.50	BRSP;0.539
57.50	57.75	BRSP;0.513
58.00	58.25	BRSP;0.510
67.00	67.50	BRSP;0.514
86.00	86.50	BRSP;0.535
2.00	2.75	CHSP;0.743
7.00	7.25	CHSP;0.709
19.50	21.00	CHSP;0.789
28.75	29.25	CHSP;0.708
33.00	33.75	CHSP;0.741
39.50	66.25	CHSP;0.991
67.50	71.75	CHSP;0.976
72.50	79.50	CHSP;0.984
80.00	86.25	CHSP;0.983
86.50	100.50	CHSP;0.990
104.50	108.00	CHSP;0.919
110.00	112.50	CHSP;0.891
113.50	124.75	CHSP;0.962
126.75	144.25	CHSP;0.980
147.00	162.75	CHSP;0.982
164.75	169.75	CHSP;0.977
172.00	178.00	CHSP;0.974
180.00	185.50	CHSP;0.985
187.50	199.25	CHSP;0.964
206.00	210.50	CHSP;0.950
216.00	220.25	CHSP;0.967
224.50	227.75	CHSP;0.930
231.50	237.00	CHSP;0.966
241.00	241.25	CHSP;0.710
241.50	245.75	CHSP;0.927
277.50	280.50	CHSP;0.952
288.00	290.00	CHSP;0.890
295.50	298.75	CHSP;0.896
261.50	262.75	CHSW;0.589
21.25	21.50	DEJU;0.521
146.50	147.50	DEJU;0.573
152.75	153.75	DEJU;0.577
110.00	110.50	FOSP;0.539
124.25	126.00	FOSP;0.705
139.25	141.00	FOSP;0.666
170.75	171.50	FOSP;0.596
206.25	208.00	FOSP;0.826
213.00	213.25	FOSP;0.506
213.75	215.00	FOSP;0.597
225.50	227.50	FOSP;0.708
239.00	239.50	FOSP;0.585
287.75	289.50	FOSP;0.736
93.25	94.00	GRCA;0.588
223.25	224.25	LISP;0.654
220.25	221.50	PISI;0.775
35.00	35.50	RBGR;0.514
78.50	79.50	RBGR;0.653
192.50	193.50	RBGR;0.657
255.50	257.00	SNBU;0.722
203.50	204.00	TOSO;0.525
132.00	133.25	WATA;0.742
298.00	298.25	WAVI;0.548
239.75	240.50	WCSP;0.598
