156.00	156.25	AMGP;0.523
15.50	21.00	AMRO;0.915
29.00	39.00	AMRO;0.985
40.50	49.50	AMRO;0.967
52.50	52.75	AMRO;0.707
53.50	54.75	AMRO;0.761
56.00	58.00	AMRO;0.883
62.00	66.00	AMRO;0.954
68.75	70.25	AMRO;0.795
74.00	78.25	AMRO;0.910
80.50	83.75	AMRO;0.972
89.50	92.00	AMRO;0.933
94.00	100.00	AMRO;0.983
109.25	111.00	AMRO;0.852
112.00	114.50	AMRO;0.914
119.00	123.00	AMRO;0.823
125.25	130.25	AMRO;0.981
132.75	135.00	AMRO;0.943
140.00	141.50	AMRO;0.858
156.50	158.25	AMRO;0.910
163.50	165.25	AMRO;0.793
167.75	169.50	AMRO;0.830
174.00	174.25	AMRO;0.723
181.00	183.00	AMRO;0.791
185.50	188.75	AMRO;0.957
190.25	193.75	AMRO;0.976
198.00	200.75	AMRO;0.925
205.25	208.00	AMRO;0.806
217.00	221.50	AMRO;0.978
226.00	231.25	AMRO;0.982
235.50	240.50	AMRO;0.862
267.00	270.00	AMRO;0.950
272.50	273.25	AMRO;0.738
288.75	292.75	AMRO;0.801
293.25	293.50	AMRO;0.694
305.00	306.50	AMRO;0.856
498.00	500.00	AMRO;0.887
174.25	175.50	BAOR;0.609
243.00	244.00	BAOR;0.578
264.00	265.00	BAOR;0.596
285.25	286.25	BAOR;0.638
252.00	253.00	BLOY;0.640
445.25	446.00	BRSP;0.627
10.00	11.50	CHSP;0.870
246.50	250.00	CHSP;0.962
260.50	263.50	CHSP;0.967
269.00	273.25	CHSP;0.982
278.50	282.75	CHSP;0.981
289.75	293.50	CHSP;0.973
298.50	301.75	CHSP;0.951
307.25	310.50	CHSP;0.979
315.00	318.50	CHSP;0.964
324.75	326.00	CHSP;0.797
330.25	333.75	CHSP;0.972
337.50	341.00	CHSP;0.975
347.00	351.00	CHSP;0.976
355.75	359.50	CHSP;0.975
365.50	367.75	CHSP;0.890
372.50	376.00	CHSP;0.978
380.00	384.25	CHSP;0.973
389.00	392.50	CHSP;0.964
396.00	400.00	CHSP;0.969
405.00	408.50	CHSP;0.937
413.00	416.50	CHSP;0.979
423.50	427.25	CHSP;0.973
435.25	436.50	CHSP;0.775
439.50	442.25	CHSP;0.930
446.50	449.00	CHSP;0.852
452.50	456.00	CHSP;0.955
79.50	80.50	CHSW;0.664
450.75	451.50	FISP;0.583
370.50	372.50	FOSP;0.753
209.00	211.00	GWTE;0.922
506.50	508.25	HETH;0.926
538.50	540.25	HETH;0.890
561.50	563.00	HETH;0.746
579.50	581.00	HETH;0.783
132.50	132.75	MOCH;0.560
472.00	472.25	MOCH;0.510
472.50	472.75	MOCH;0.544
501.25	503.50	MOCH;0.807
578.50	580.00	MOCH;0.649
7.75	9.00	PROW;0.629
304.50	305.50	RBGR;0.618
364.25	364.50	SNBU;0.511
150.50	151.50	SUTA;0.606
180.00	180.25	SUTA;0.554
430.00	431.00	SWHA;0.613
448.00	448.25	SWHA;0.518
284.50	286.00	SWSP;0.695
311.50	313.50	SWSP;0.886
323.50	324.75	SWSP;0.729
344.00	345.00	SWSP;0.596
432.00	434.50	WCSP;0.739
488.00	488.50	WCSP;0.514
51.25	53.50	WIWA;0.829
60.00	60.25	WIWA;0.505
129.00	131.25	WIWA;0.809
145.50	147.75	WIWA;0.889
158.00	160.50	WIWA;0.900
170.00	171.00	WIWA;0.578
182.50	185.00	WIWA;0.905
192.50	194.50	WIWA;0.732
204.00	206.00	WIWA;0.757
212.50	215.75	WIWA;0.946
222.50	225.25	WIWA;0.894
232.00	234.75	WIWA;0.936
243.25	245.25	WIWA;0.705
253.00	255.50	WIWA;0.929
263.25	264.00	WIWA;0.519
82.75	87.00	WTSP;0.952
408.00	409.25	WTSP;0.698
420.50	422.50	WTSP;0.784
