9.50	9.75	AMRO;0.701
54.25	59.75	AMRO;0.941
67.50	68.50	AMRO;0.788
198.50	202.50	AMRO;0.948
207.50	215.50	AMRO;0.978
218.25	222.75	AMRO;0.992
226.00	228.00	AMRO;0.841
231.00	234.00	AMRO;0.983
238.25	240.50	AMRO;0.923
244.25	247.25	AMRO;0.938
250.00	252.00	AMRO;0.896
256.00	260.00	AMRO;0.975
263.00	269.50	AMRO;0.988
271.00	274.50	AMRO;0.965
278.75	280.75	AMRO;0.932
284.75	288.25	AMRO;0.948
292.25	294.50	AMRO;0.904
298.00	300.00	AMRO;0.840
188.25	189.00	BAOR;0.597
294.75	295.00	BHGR;0.512
51.50	52.75	FOSP;0.618
73.50	75.50	FOSP;0.850
96.00	98.00	FOSP;0.873
152.75	154.25	FOSP;0.749
164.25	166.00	FOSP;0.791
202.75	205.00	FOSP;0.806
237.00	238.25	FOSP;0.603
93.75	94.50	GCSP;0.576
125.00	126.00	GCSP;0.628
120.50	120.75	MOCH;0.511
192.00	193.50	RBGR;0.720
277.75	279.00	RBGR;0.681
133.50	134.00	SOSA;0.517
298.50	298.75	TOSO;0.529
162.25	162.50	VESP;0.503
7.00	8.00	WCSP;0.767
10.00	12.25	WCSP;0.890
19.00	20.00	WCSP;0.825
22.00	24.75	WCSP;0.954
32.00	35.00	WCSP;0.968
40.00	44.50	WCSP;0.969
54.50	56.50	WCSP;0.898
57.00	59.50	WCSP;0.951
65.00	67.25	WCSP;0.958
98.25	101.25	WCSP;0.948
104.00	104.25	WCSP;0.716
105.00	105.75	WCSP;0.747
109.25	111.50	WCSP;0.875
116.75	119.50	WCSP;0.960
123.00	127.25	WCSP;0.913
136.00	141.00	WCSP;0.981
149.50	153.00	WCSP;0.969
162.25	163.75	WCSP;0.856
175.50	179.25	WCSP;0.939
183.00	186.00	WCSP;0.976
189.75	201.25	WCSP;0.974
205.50	209.50	WCSP;0.929
215.75	218.00	WCSP;0.918
222.75	226.50	WCSP;0.966
230.50	235.50	WCSP;0.966
240.50	245.50	WCSP;0.964
249.50	255.50	WCSP;0.976
257.25	258.75	WCSP;0.810
259.75	263.00	WCSP;0.982
268.75	270.50	WCSP;0.931
276.00	283.25	WCSP;0.956
283.50	286.00	WCSP;0.857
288.75	292.50	WCSP;0.986
296.00	298.00	WCSP;0.784
0.75	3.50	WIWA;0.878
11.00	13.00	WIWA;0.776
19.50	22.25	WIWA;0.924
27.50	30.50	WIWA;0.950
35.75	38.50	WIWA;0.897
44.25	47.50	WIWA;0.940
53.75	54.75	WIWA;0.647
61.25	63.75	WIWA;0.937
77.75	80.50	WIWA;0.951
86.50	88.75	WIWA;0.865
114.75	117.25	WIWA;0.886
3.50	5.00	WTSP;0.796
14.00	18.00	WTSP;0.981
25.00	28.00	WTSP;0.938
34.00	36.50	WTSP;0.924
47.75	50.25	WTSP;0.937
59.00	61.50	WTSP;0.966
68.25	71.75	WTSP;0.980
80.50	84.25	WTSP;0.977
94.00	96.00	WTSP;0.927
105.50	107.25	WTSP;0.863
111.00	111.75	WTSP;0.720
112.00	113.00	WTSP;0.769
121.00	123.00	WTSP;0.859
129.50	133.00	WTSP;0.983
141.75	145.00	WTSP;0.958
148.75	149.00	WTSP;0.693
154.75	157.50	WTSP;0.879
166.50	170.50	WTSP;0.983
176.25	177.50	WTSP;0.746
179.25	182.75	WTSP;0.986
205.75	206.50	WTSP;0.756
212.75	215.50	WTSP;0.825
270.25	272.50	WTSP;0.906
287.25	288.00	WTSP;0.730
296.50	297.50	WTSP;0.835
