189.25	190.00	AMDI;0.610
6.50	8.50	AMRO;0.812
23.25	28.00	AMRO;0.913
47.50	52.00	AMRO;0.977
66.50	68.50	AMRO;0.869
85.50	89.50	AMRO;0.969
101.25	104.75	AMRO;0.871
105.00	107.50	AMRO;0.880
126.50	131.00	AMRO;0.938
150.50	150.75	AMRO;0.712
151.00	154.75	AMRO;0.974
172.00	175.50	AMRO;0.978
202.00	205.75	AMRO;0.986
214.00	216.50	AMRO;0.955
224.50	228.50	AMRO;0.943
235.50	242.25	AMRO;0.978
247.75	251.75	AMRO;0.950
261.25	262.50	AMRO;0.777
262.75	263.25	AMRO;0.703
273.00	274.75	AMRO;0.857
280.00	282.25	AMRO;0.883
282.50	283.75	AMRO;0.767
290.50	296.50	AMRO;0.971
301.50	305.50	AMRO;0.977
313.75	316.50	AMRO;0.958
340.00	342.25	AMRO;0.953
351.50	354.25	AMRO;0.963
354.50	357.75	AMRO;0.943
366.50	370.50	AMRO;0.912
370.75	373.75	AMRO;0.959
379.25	382.00	AMRO;0.929
383.75	387.25	AMRO;0.961
390.25	394.00	AMRO;0.981
401.25	404.50	AMRO;0.934
415.25	418.50	AMRO;0.973
425.50	426.00	AMRO;0.717
428.75	431.00	AMRO;0.938
453.50	455.25	AMRO;0.856
467.00	467.25	AMRO;0.718
468.00	469.00	AMRO;0.741
491.75	496.50	AMRO;0.970
504.50	506.75	AMRO;0.936
513.75	516.00	AMRO;0.943
519.50	522.25	AMRO;0.863
523.00	525.50	AMRO;0.935
584.50	586.00	BCCH;0.664
184.00	185.00	CHSP;0.643
201.00	203.00	CHSP;0.704
32.00	34.25	DEJU;0.754
109.75	111.00	DEJU;0.637
233.00	233.50	DEJU;0.602
385.50	386.50	DEJU;0.651
420.00	421.75	DEJU;0.635
444.00	445.75	DEJU;0.866
471.25	472.00	DEJU;0.542
8.00	8.75	GWTE;0.595
24.75	25.50	GWTE;0.605
104.25	105.50	GWTE;0.645
171.50	172.00	GWTE;0.520
260.50	260.75	GWTE;0.501
292.75	294.00	GWTE;0.600
301.00	302.00	GWTE;0.685
341.50	342.25	GWTE;0.600
522.00	523.00	GWTE;0.789
397.00	397.50	HETH;0.538
571.75	573.50	HETH;0.778
3.00	5.75	LISP;0.882
22.25	24.25	LISP;0.820
38.25	40.00	LISP;0.822
51.50	52.50	LISP;0.684
70.00	71.50	LISP;0.636
92.00	94.00	LISP;0.830
138.00	139.50	LISP;0.703
210.25	211.50	LISP;0.661
229.25	230.50	LISP;0.664
246.00	246.75	LISP;0.643
259.75	260.00	LISP;0.535
272.00	273.50	LISP;0.719
284.50	286.00	LISP;0.711
324.50	325.25	LISP;0.552
394.25	395.50	LISP;0.718
426.25	428.00	LISP;0.657
455.00	456.50	LISP;0.742
468.00	468.50	LISP;0.566
505.75	507.00	LISP;0.692
240.25	242.00	OCWA;0.665
242.25	242.50	OCWA;0.510
249.25	250.75	OCWA;0.678
254.00	256.00	OCWA;0.694
437.25	437.50	OCWA;0.511
99.00	99.50	PISI;0.718
375.00	377.50	PISI;0.970
382.00	384.00	PISI;0.961
402.50	416.00	PISI;0.994
481.50	483.00	PISI;0.845
485.50	487.00	PISI;0.775
271.50	272.00	ROWR;0.539
339.00	339.25	ROWR;0.540
364.00	365.50	ROWR;0.683
439.50	440.50	ROWR;0.680
594.00	594.25	ROWR;0.517
594.50	595.00	ROWR;0.550
473.00	475.50	SOSA;0.725
447.25	448.50	WCSP;0.702
279.25	279.50	WWCR;0.506
480.50	480.75	WWCR;0.533
