21.00	21.25	BCCH;0.511
164.00	164.25	BCCH;0.521
164.50	165.00	BCCH;0.602
258.50	260.50	BCCH;0.778
118.50	120.75	CHSP;0.825
236.00	237.00	CHSP;0.564
284.25	287.50	CHSP;0.933
4.00	5.00	FOSP;0.598
114.75	116.25	FOSP;0.804
144.00	144.75	FOSP;0.551
1.75	3.50	HETH;0.769
21.50	22.75	HETH;0.806
32.25	32.50	HETH;0.531
52.00	52.50	HETH;0.541
60.75	62.50	HETH;0.797
79.50	83.00	HETH;0.916
90.00	90.50	HETH;0.559
110.50	113.00	HETH;0.963
133.75	134.50	HETH;0.595
229.50	231.50	HETH;0.875
238.75	240.50	HETH;0.813
259.75	261.00	HETH;0.646
289.00	289.50	HETH;0.540
97.00	97.50	HOLA;0.615
150.50	151.00	HOWR;0.511
84.00	86.00	LISP;0.696
199.00	201.25	LISP;0.846
216.00	219.00	LISP;0.891
70.00	71.00	MAMU;0.621
1.50	2.00	MOCH;0.570
227.75	229.75	MOCH;0.825
243.25	245.00	MOCH;0.711
267.50	270.00	MOCH;0.922
289.50	290.00	MOCH;0.566
245.00	245.50	RBGU;0.522
207.25	207.75	REVI;0.517
264.50	265.25	RUBL;0.549
234.25	235.00	RUGR;0.614
29.25	29.50	RUTU;0.508
22.75	24.50	SNBU;0.761
13.00	13.50	WCSP;0.532
