38.75	39.50	FISP;0.549
181.00	182.25	FISP;0.687
163.50	166.00	FOSP;0.852
177.75	179.50	FOSP;0.724
191.00	192.75	FOSP;0.682
222.50	224.75	FOSP;0.864
235.00	237.00	FOSP;0.874
246.50	248.50	FOSP;0.800
259.25	261.25	FOSP;0.794
271.50	273.75	FOSP;0.860
286.00	288.00	FOSP;0.684
24.00	25.50	LISP;0.710
292.00	293.50	LISP;0.673
269.50	270.25	PIGR;0.651
151.50	151.75	REVI;0.530
208.00	209.75	RWBL;0.741
78.50	80.50	SNBU;0.791
211.25	212.25	SNBU;0.696
235.00	235.50	SNBU;0.543
246.50	247.25	SNBU;0.660
286.50	287.50	SNBU;0.589
86.00	87.00	WCSP;0.587
102.50	104.75	WCSP;0.826
205.50	206.25	WCSP;0.548
226.00	227.50	WCSP;0.820
237.75	240.25	WCSP;0.909
249.50	251.50	WCSP;0.741
276.00	278.50	WCSP;0.873
289.00	290.50	WCSP;0.680
6.75	8.50	WTSP;0.818
36.25	38.75	WTSP;0.907
