189.50	189.75	AMRO;0.520
239.50	241.00	AMRO;0.833
75.50	76.25	BLSW;0.561
247.00	247.25	CAFI;0.539
190.25	192.00	CCSP;0.593
197.75	198.50	CCSP;0.565
273.00	273.75	CHSP;0.541
264.25	264.50	CHSW;0.510
287.75	289.00	CHSW;0.705
17.25	17.50	COGO;0.513
54.00	54.50	EAME;0.516
94.00	95.00	EAME;0.593
38.50	39.75	FOSP;0.706
293.50	295.75	FOSP;0.832
82.00	82.50	GRCA;0.558
140.50	141.00	HETH;0.523
119.00	120.25	LISP;0.674
213.75	214.50	MOCH;0.579
129.75	130.50	NOWA;0.572
226.00	226.50	NOWA;0.547
132.75	134.00	OCWA;0.784
84.75	86.00	SBDO;0.764
157.75	159.50	SBDO;0.736
17.75	20.00	SWSP;0.741
80.00	81.00	SWSP;0.581
89.50	91.25	SWSP;0.737
100.75	102.25	SWSP;0.600
121.00	122.25	SWSP;0.682
137.50	139.50	SWSP;0.894
146.00	147.50	SWSP;0.667
150.75	152.25	SWSP;0.769
155.00	155.75	SWSP;0.577
158.75	161.25	SWSP;0.829
163.25	164.00	SWSP;0.606
171.50	171.75	SWSP;0.525
200.50	201.50	SWSP;0.655
209.00	209.50	SWSP;0.562
217.00	218.75	SWSP;0.808
223.00	224.00	SWSP;0.542
230.00	231.50	SWSP;0.656
248.50	252.25	SWSP;0.818
267.75	269.75	SWSP;0.638
296.25	296.75	SWSP;0.543
83.00	83.50	TOSO;0.659
226.00	227.50	TOSO;0.725
230.00	231.00	TOSO;0.698
237.75	238.50	VESP;0.586
234.50	235.50	WATA;0.612
41.00	43.00	WCSP;0.774
286.00	286.75	WCSP;0.579
140.00	140.25	WEME;0.519
98.50	98.75	WTSP;0.520
