164.25	166.25	CHSP;0.849
82.75	83.00	FISP;0.510
87.00	87.50	FISP;0.554
155.00	156.00	FISP;0.607
217.25	218.00	FISP;0.593
9.50	10.75	FOSP;0.684
36.50	38.75	FOSP;0.815
50.75	53.00	FOSP;0.828
66.50	69.00	FOSP;0.828
79.50	82.00	FOSP;0.888
97.00	99.25	FOSP;0.909
112.75	115.25	FOSP;0.892
131.25	134.00	FOSP;0.909
151.50	153.75	FOSP;0.792
169.50	172.00	FOSP;0.877
189.00	191.50	FOSP;0.901
204.75	207.25	FOSP;0.946
226.25	229.00	FOSP;0.856
244.50	247.00	FOSP;0.885
15.75	17.00	MOCH;0.699
29.00	31.50	MOCH;0.893
83.00	84.00	MOCH;0.569
111.50	112.50	MOCH;0.559
139.50	141.50	MOCH;0.822
196.00	198.25	MOCH;0.813
237.00	237.25	MOCH;0.501
43.00	45.25	WCSP;0.840
62.00	64.25	WCSP;0.803
71.00	72.00	WCSP;0.592
147.50	149.50	WCSP;0.767
162.00	164.00	WCSP;0.806
173.00	175.00	WCSP;0.838
202.00	202.75	WCSP;0.585
191.75	194.50	YRWA;0.910
218.75	220.00	YRWA;0.623
