25.50	30.00	AMRO;0.823
39.00	39.50	AMRO;0.576
46.50	48.00	AMRO;0.658
60.50	62.00	AMRO;0.777
78.25	81.50	AMRO;0.898
154.75	156.50	AMRO;0.769
158.25	159.50	AMRO;0.657
204.75	206.25	AMRO;0.690
211.00	211.50	AMRO;0.597
254.50	256.50	AMRO;0.908
264.00	265.50	AMRO;0.785
273.25	275.50	AMRO;0.856
280.00	281.00	AMRO;0.713
283.50	283.75	AMRO;0.514
284.00	284.25	AMRO;0.526
285.00	288.25	AMRO;0.898
292.25	292.50	AMRO;0.532
1.75	3.25	FOSP;0.696
20.75	22.50	FOSP;0.774
65.50	67.00	FOSP;0.811
81.50	81.75	FOSP;0.514
82.00	84.00	FOSP;0.840
90.75	92.00	FOSP;0.746
126.50	128.25	FOSP;0.709
140.25	142.25	FOSP;0.889
167.25	168.50	FOSP;0.776
182.00	182.50	FOSP;0.599
182.75	183.25	FOSP;0.544
190.75	192.50	FOSP;0.821
198.25	199.75	FOSP;0.789
207.75	208.75	FOSP;0.596
216.75	217.00	FOSP;0.522
245.25	245.50	FOSP;0.509
278.00	279.00	FOSP;0.641
288.75	289.50	FOSP;0.670
112.25	113.00	GCSP;0.650
70.50	71.00	HETH;0.545
148.50	148.75	HETH;0.509
192.75	194.00	HETH;0.775
233.00	233.25	HETH;0.514
29.00	30.50	LISP;0.639
116.25	117.50	LISP;0.670
133.00	134.00	LISP;0.708
147.50	149.00	LISP;0.767
200.00	201.25	LISP;0.677
266.00	267.50	LISP;0.802
292.50	293.25	LISP;0.551
24.50	25.50	MOCH;0.643
19.00	19.50	OSFL;0.529
209.00	210.00	RUGR;0.682
118.50	118.75	SNBU;0.527
206.75	207.50	SNBU;0.635
115.00	116.00	SWSP;0.587
129.50	130.25	SWSP;0.594
137.00	137.25	SWSP;0.510
145.00	146.75	SWSP;0.705
193.75	195.25	SWSP;0.778
230.25	231.50	SWSP;0.684
246.25	246.50	SWSP;0.524
217.50	219.00	VESP;0.638
0.25	2.00	WCSP;0.600
7.00	9.25	WCSP;0.828
14.00	16.25	WCSP;0.846
92.00	93.50	WCSP;0.762
4.50	8.25	WIWA;0.976
15.25	18.25	WIWA;0.959
30.25	33.00	WIWA;0.954
39.25	41.50	WIWA;0.871
56.00	59.25	WIWA;0.958
74.25	77.50	WIWA;0.922
86.50	90.00	WIWA;0.981
96.50	102.50	WIWA;0.975
108.75	112.00	WIWA;0.973
118.50	121.75	WIWA;0.977
128.75	132.75	WIWA;0.974
142.00	145.25	WIWA;0.974
155.75	159.25	WIWA;0.974
162.50	165.00	WIWA;0.894
170.00	174.00	WIWA;0.981
176.75	180.50	WIWA;0.972
185.50	190.75	WIWA;0.985
201.50	205.25	WIWA;0.985
208.00	210.50	WIWA;0.900
214.75	217.50	WIWA;0.925
221.50	225.75	WIWA;0.980
234.75	240.50	WIWA;0.980
242.00	246.00	WIWA;0.976
251.00	254.50	WIWA;0.970
259.50	264.00	WIWA;0.933
267.50	273.25	WIWA;0.946
273.50	277.00	WIWA;0.960
282.00	287.50	WIWA;0.978
289.50	292.50	WIWA;0.948
294.00	299.50	WIWA;0.970
10.50	14.75	WTSP;0.989
33.00	36.00	WTSP;0.973
39.50	43.00	WTSP;0.975
45.75	49.50	WTSP;0.981
52.00	57.00	WTSP;0.991
61.00	65.50	WTSP;0.987
67.00	70.75	WTSP;0.988
75.75	79.25	WTSP;0.960
113.25	115.25	WTSP;0.961
122.00	124.25	WTSP;0.937
131.00	131.50	WTSP;0.713
137.25	139.50	WTSP;0.961
149.50	156.25	WTSP;0.986
160.00	163.25	WTSP;0.968
169.00	170.75	WTSP;0.886
174.00	177.00	WTSP;0.981
195.00	198.25	WTSP;0.974
204.25	206.00	WTSP;0.791
220.50	221.50	WTSP;0.762
227.75	231.50	WTSP;0.990
234.00	236.50	WTSP;0.911
248.00	252.00	WTSP;0.986
255.25	260.00	WTSP;0.990
297.00	299.50	WTSP;0.898
