5.00	5.25	AMRO;0.539
5.50	5.75	AMRO;0.503
27.50	28.00	AMRO;0.556
45.25	47.50	AMRO;0.907
239.00	239.50	AMRO;0.544
254.50	255.75	AMRO;0.726
363.50	365.00	AMRO;0.676
404.75	406.00	AMRO;0.596
414.75	416.50	AMRO;0.735
547.50	548.00	AMRO;0.533
559.25	559.75	AMRO;0.565
578.75	580.25	AMRO;0.625
583.75	586.00	AMRO;0.883
312.25	312.50	BCCH;0.507
560.75	561.50	BRSP;0.550
578.00	579.50	BRSP;0.863
583.75	584.50	BRSP;0.540
584.75	585.00	BRSP;0.535
5.50	6.25	CHSP;0.722
27.00	30.00	CHSP;0.926
39.50	42.00	CHSP;0.839
60.00	64.25	CHSP;0.866
66.75	67.75	CHSP;0.788
79.50	81.00	CHSP;0.795
87.00	90.00	CHSP;0.926
95.00	99.00	CHSP;0.941
101.50	104.75	CHSP;0.891
131.50	135.00	CHSP;0.961
140.00	143.25	CHSP;0.929
152.00	152.25	CHSP;0.695
171.25	172.50	CHSP;0.789
191.00	192.00	CHSP;0.804
211.50	215.50	CHSP;0.942
224.50	225.50	CHSP;0.825
255.00	257.75	CHSP;0.961
278.25	279.50	CHSP;0.750
287.75	291.00	CHSP;0.923
307.50	311.00	CHSP;0.919
359.50	361.50	CHSP;0.731
368.00	373.00	CHSP;0.977
380.00	384.00	CHSP;0.970
391.75	394.50	CHSP;0.915
401.25	405.50	CHSP;0.950
411.75	415.50	CHSP;0.930
466.00	467.75	CHSP;0.826
476.25	478.25	CHSP;0.840
485.50	489.00	CHSP;0.970
496.00	498.75	CHSP;0.913
500.50	503.00	CHSP;0.969
504.50	507.00	CHSP;0.884
518.50	521.50	CHSP;0.899
530.25	534.00	CHSP;0.947
535.50	537.50	CHSP;0.858
542.75	544.75	CHSP;0.890
552.00	553.50	CHSP;0.778
553.75	554.00	CHSP;0.702
559.75	560.25	CHSP;0.746
560.50	565.50	CHSP;0.979
572.50	575.00	CHSP;0.840
579.50	584.50	CHSP;0.969
591.00	597.00	CHSP;0.934
73.00	73.50	DEJU;0.613
210.00	210.25	EAME;0.540
569.75	570.25	EATO;0.559
0.50	2.50	FOSP;0.671
16.75	17.00	FOSP;0.534
33.75	35.50	FOSP;0.686
75.50	78.50	FOSP;0.859
91.75	94.50	FOSP;0.917
104.00	109.50	FOSP;0.837
117.00	118.50	FOSP;0.859
121.25	123.50	FOSP;0.870
141.25	141.75	FOSP;0.550
146.00	148.75	FOSP;0.904
149.00	151.50	FOSP;0.784
163.25	165.25	FOSP;0.826
180.50	182.75	FOSP;0.828
196.00	199.75	FOSP;0.846
216.00	218.75	FOSP;0.897
229.25	231.50	FOSP;0.847
233.00	235.00	FOSP;0.737
243.00	245.00	FOSP;0.805
248.25	251.00	FOSP;0.933
257.75	259.50	FOSP;0.747
263.50	266.00	FOSP;0.908
275.50	277.50	FOSP;0.818
280.25	283.00	FOSP;0.930
291.50	292.75	FOSP;0.639
297.00	299.50	FOSP;0.876
305.75	307.25	FOSP;0.826
315.00	316.50	FOSP;0.688
319.50	321.50	FOSP;0.767
325.50	327.50	FOSP;0.818
331.00	333.00	FOSP;0.806
336.00	337.75	FOSP;0.846
339.00	340.50	FOSP;0.773
347.50	348.75	FOSP;0.662
351.50	353.50	FOSP;0.735
356.50	358.00	FOSP;0.747
365.00	367.25	FOSP;0.883
373.50	375.50	FOSP;0.768
384.75	385.50	FOSP;0.591
389.50	392.25	FOSP;0.901
396.75	399.00	FOSP;0.867
406.50	409.50	FOSP;0.869
417.50	420.50	FOSP;0.874
422.00	424.50	FOSP;0.726
437.75	439.50	FOSP;0.798
441.50	444.00	FOSP;0.840
457.50	459.75	FOSP;0.884
462.00	465.75	FOSP;0.923
471.75	476.25	FOSP;0.951
489.50	492.00	FOSP;0.910
492.50	494.75	FOSP;0.771
502.00	504.25	FOSP;0.834
506.00	506.50	FOSP;0.606
515.50	517.75	FOSP;0.900
519.50	522.00	FOSP;0.783
528.25	530.25	FOSP;0.815
533.75	535.25	FOSP;0.775
549.00	551.00	FOSP;0.883
552.75	555.00	FOSP;0.803
568.50	569.75	FOSP;0.719
573.25	575.50	FOSP;0.829
587.25	588.50	FOSP;0.715
591.00	592.75	FOSP;0.804
509.00	510.25	GHCH;0.546
510.75	512.00	GHCH;0.732
7.25	9.25	LISP;0.891
22.50	24.25	LISP;0.764
38.25	39.50	LISP;0.700
54.50	55.50	LISP;0.594
69.50	72.50	LISP;0.896
84.50	87.00	LISP;0.942
99.00	100.75	LISP;0.781
114.25	115.00	LISP;0.590
144.25	145.50	LISP;0.606
207.00	208.75	LISP;0.841
223.00	224.00	LISP;0.607
237.50	239.00	LISP;0.712
252.50	254.75	LISP;0.887
269.00	271.50	LISP;0.936
284.25	287.25	LISP;0.890
300.50	302.75	LISP;0.897
316.50	318.50	LISP;0.856
345.00	347.00	LISP;0.821
361.75	364.50	LISP;0.936
376.50	379.50	LISP;0.860
386.25	388.75	LISP;0.908
425.25	426.25	LISP;0.580
454.50	455.25	LISP;0.544
467.25	470.00	LISP;0.845
482.00	483.75	LISP;0.869
497.50	499.50	LISP;0.829
511.50	513.25	LISP;0.915
526.25	528.00	LISP;0.873
541.25	541.75	LISP;0.524
555.50	557.50	LISP;0.859
570.00	572.25	LISP;0.905
585.50	587.00	LISP;0.678
508.00	508.50	MOCH;0.634
356.00	356.50	OROR;0.559
10.75	14.25	PISI;0.952
15.00	16.50	PISI;0.836
18.25	21.00	PISI;0.975
23.25	26.75	PISI;0.892
30.00	33.50	PISI;0.939
37.00	39.50	PISI;0.904
48.50	57.50	PISI;0.984
58.00	59.75	PISI;0.901
109.50	116.50	PISI;0.980
125.00	127.50	PISI;0.952
135.00	139.50	PISI;0.902
143.00	144.50	PISI;0.765
152.25	162.00	PISI;0.985
162.75	163.25	PISI;0.723
164.75	191.25	PISI;0.991
193.25	197.50	PISI;0.987
199.00	207.75	PISI;0.991
208.75	212.00	PISI;0.962
219.00	219.25	PISI;0.722
219.50	219.75	PISI;0.767
220.00	220.25	PISI;0.705
225.50	230.00	PISI;0.951
232.00	242.00	PISI;0.988
246.50	247.75	PISI;0.837
259.00	262.75	PISI;0.984
272.25	274.50	PISI;0.879
289.75	290.00	PISI;0.695
290.25	290.50	PISI;0.748
295.00	296.75	PISI;0.798
322.25	331.25	PISI;0.990
332.50	336.00	PISI;0.977
337.75	339.50	PISI;0.926
339.75	345.50	PISI;0.988
349.50	356.00	PISI;0.975
400.25	401.50	PISI;0.909
426.00	438.50	PISI;0.986
439.25	441.75	PISI;0.986
446.50	457.25	PISI;0.988
494.00	496.75	PISI;0.992
499.50	501.25	PISI;0.925
21.00	21.50	RCKI;0.568
399.50	400.25	REDP;0.590
54.00	54.75	ROWR;0.549
68.75	70.25	ROWR;0.718
96.00	96.75	RUGR;0.617
422.75	423.50	SNBU;0.606
558.50	559.75	SWSP;0.729
267.00	267.75	TOSO;0.592
78.25	78.75	VESP;0.562
394.25	395.50	WATA;0.555
355.50	355.75	WAVI;0.506
514.00	516.00	WCSP;0.844
525.25	526.00	WCSP;0.606
539.75	540.00	WCSP;0.506
566.00	568.50	WCSP;0.899
576.50	578.25	WCSP;0.817
588.50	590.75	WCSP;0.918
302.50	303.75	WTSP;0.678
313.00	314.25	WTSP;0.830
480.50	481.75	WTSP;0.807
543.75	544.50	WTSP;0.628
597.00	599.50	WTSP;0.704
