22.00	23.50	AMRO;0.599
13.50	15.50	CHSP;0.717
31.00	32.00	CHSP;0.619
39.50	42.00	CHSP;0.815
57.00	59.50	CHSP;0.780
95.00	97.00	CHSP;0.698
108.00	109.50	CHSP;0.733
152.75	155.50	CHSP;0.899
175.00	177.25	CHSP;0.798
190.50	192.50	CHSP;0.834
206.50	208.50	CHSP;0.804
270.00	272.00	CHSP;0.709
278.00	282.00	CHSP;0.930
140.75	141.50	DEJU;0.585
147.25	148.50	DEJU;0.728
159.50	161.50	DEJU;0.676
4.50	6.50	FOSP;0.790
25.50	26.50	FOSP;0.623
12.50	12.75	HETH;0.524
13.00	13.25	HETH;0.514
268.00	268.50	HOLA;0.552
1.50	4.00	LISP;0.769
8.25	11.00	LISP;0.918
20.50	22.50	LISP;0.831
34.50	36.50	LISP;0.883
48.25	50.25	LISP;0.830
75.50	77.25	LISP;0.782
88.25	90.00	LISP;0.727
101.50	104.00	LISP;0.791
114.75	116.75	LISP;0.822
128.00	129.75	LISP;0.861
141.75	142.50	LISP;0.518
155.00	156.75	LISP;0.770
181.00	183.00	LISP;0.832
193.25	195.25	LISP;0.846
209.75	212.00	LISP;0.789
225.00	226.50	LISP;0.683
239.50	241.00	LISP;0.735
256.00	258.50	LISP;0.887
273.00	274.00	LISP;0.694
288.25	290.50	LISP;0.898
57.25	58.00	NSHR;0.572
121.50	122.00	PISI;0.540
130.50	138.25	PISI;0.956
139.50	139.75	PISI;0.505
266.00	268.00	PISI;0.909
274.25	274.50	PISI;0.512
101.25	101.50	ROWR;0.502
101.75	102.00	ROWR;0.510
114.50	114.75	ROWR;0.509
127.50	128.25	ROWR;0.543
192.50	194.00	ROWR;0.773
209.00	209.25	ROWR;0.534
238.00	240.00	ROWR;0.778
273.00	273.25	ROWR;0.507
18.50	19.25	SWSP;0.563
32.00	32.50	SWSP;0.608
42.50	44.00	SWSP;0.645
54.50	56.00	SWSP;0.829
72.50	73.25	SWSP;0.566
105.50	107.50	SWSP;0.749
123.25	125.50	SWSP;0.905
150.25	150.50	SWSP;0.529
183.75	185.50	SWSP;0.793
222.00	222.25	SWSP;0.524
222.50	224.00	SWSP;0.638
230.50	231.50	SWSP;0.609
237.25	238.75	SWSP;0.780
286.50	287.00	SWSP;0.529
291.75	293.50	SWSP;0.795
249.50	251.00	WTSP;0.622
243.00	243.75	WWCR;0.615
