543.50	544.25	AMPI;0.592
547.00	548.25	AMPI;0.655
551.00	551.25	AMPI;0.526
242.50	244.00	BCCH;0.829
251.00	251.75	BCCH;0.603
246.75	250.00	CHSP;0.931
555.50	556.75	FOSP;0.642
566.25	567.50	FOSP;0.736
571.25	573.00	FOSP;0.871
581.00	586.50	FOSP;0.890
592.25	594.50	FOSP;0.924
341.00	341.50	LISP;0.533
363.25	364.25	LISP;0.603
374.25	376.00	LISP;0.823
407.50	409.25	LISP;0.815
442.00	443.25	LISP;0.604
452.50	453.50	LISP;0.621
490.25	491.25	LISP;0.657
514.50	516.50	LISP;0.689
27.50	27.75	SNBU;0.523
28.00	28.25	SNBU;0.528
200.50	201.00	SNBU;0.523
542.00	543.25	SNBU;0.608
575.75	578.00	SNBU;0.801
596.50	596.75	SNBU;0.511
325.50	326.50	SOSA;0.681
418.75	419.00	SOSA;0.536
455.25	455.75	VATH;0.536
557.00	557.25	VESP;0.506
21.75	22.00	WCSP;0.524
39.00	41.50	WCSP;0.922
44.50	46.50	WCSP;0.792
48.25	50.50	WCSP;0.831
294.50	296.00	WCSP;0.628
332.75	334.50	WCSP;0.814
337.75	340.25	WCSP;0.839
17.25	21.00	WTSP;0.960
61.00	62.50	WTSP;0.800
211.50	212.75	WTSP;0.654
499.50	500.75	WTSP;0.664
563.50	567.00	WTSP;0.978
431.50	434.00	YRWA;0.866
463.75	465.75	YRWA;0.844
475.50	477.00	YRWA;0.694
586.50	589.00	YRWA;0.904
