77.50	78.00	AMRO;0.518
91.50	92.50	AMRO;0.584
533.50	534.50	AMRO;0.636
533.75	535.00	ATSP;0.617
337.75	338.00	BCCH;0.518
338.25	341.25	BCCH;0.847
510.75	514.25	BCCH;0.840
528.00	529.00	BCCH;0.588
576.50	577.75	BCCH;0.627
99.50	100.75	BRSP;0.628
291.00	292.00	BRSP;0.570
433.25	433.50	CCSP;0.523
11.50	16.25	CHSP;0.887
98.50	100.75	CHSP;0.686
111.25	111.50	CHSP;0.530
175.00	175.25	CHSP;0.530
175.50	176.75	CHSP;0.621
206.00	207.50	CHSP;0.646
290.25	291.50	CHSP;0.666
297.50	299.00	CHSP;0.655
335.50	337.75	CHSP;0.869
348.00	349.75	CHSP;0.716
6.00	6.25	CHSW;0.523
96.00	96.25	CHSW;0.517
208.25	209.00	CHSW;0.584
215.25	216.75	CHSW;0.638
443.75	445.00	CHSW;0.718
494.75	495.00	CHSW;0.514
508.00	509.50	CHSW;0.726
201.00	203.00	FOSP;0.870
218.00	219.75	FOSP;0.833
235.00	236.25	FOSP;0.593
256.75	257.50	GCSP;0.603
401.75	402.50	GCSP;0.620
42.75	44.25	LISP;0.769
60.50	61.75	LISP;0.601
75.00	77.00	LISP;0.818
90.00	92.50	LISP;0.850
94.00	95.50	LISP;0.757
107.75	109.00	LISP;0.656
155.50	157.75	LISP;0.883
167.50	170.00	LISP;0.800
179.00	181.75	LISP;0.932
191.75	193.50	LISP;0.808
203.75	205.50	LISP;0.801
249.50	251.00	LISP;0.784
268.50	270.00	LISP;0.718
280.25	282.25	LISP;0.891
368.75	370.50	LISP;0.865
428.00	430.50	LISP;0.914
440.50	443.25	LISP;0.898
453.25	456.00	LISP;0.927
466.25	469.00	LISP;0.931
478.75	481.00	LISP;0.948
491.00	494.00	LISP;0.935
504.00	506.50	LISP;0.933
518.25	520.75	LISP;0.919
531.50	533.50	LISP;0.841
544.50	547.00	LISP;0.921
557.50	559.75	LISP;0.888
570.25	572.50	LISP;0.938
582.00	584.75	LISP;0.929
595.50	598.00	LISP;0.868
33.50	35.25	MGWA;0.961
438.25	440.00	MOCH;0.836
335.25	336.50	OCWA;0.780
346.75	347.50	PAWA;0.615
426.75	427.00	PAWA;0.522
587.75	588.00	PAWR;0.502
16.00	25.75	PISI;0.978
26.75	33.50	PISI;0.990
36.00	38.50	PISI;0.886
41.75	43.00	PISI;0.757
44.25	75.50	PISI;0.991
79.00	83.00	PISI;0.933
108.50	110.75	PISI;0.970
112.25	113.50	PISI;0.763
117.25	156.00	PISI;0.994
194.00	200.50	PISI;0.986
202.25	204.50	PISI;0.931
223.25	242.00	PISI;0.989
247.75	249.75	PISI;0.924
255.25	256.50	PISI;0.920
258.50	266.50	PISI;0.989
309.25	332.25	PISI;0.994
360.00	366.00	PISI;0.960
370.25	373.00	PISI;0.974
374.00	378.75	PISI;0.988
380.25	387.75	PISI;0.988
388.50	408.00	PISI;0.990
409.00	417.75	PISI;0.977
418.00	420.75	PISI;0.934
497.50	504.25	PISI;0.987
521.00	522.50	PISI;0.860
547.50	556.00	PISI;0.986
560.00	560.25	PISI;0.720
560.50	560.75	PISI;0.703
562.50	570.50	PISI;0.976
573.00	574.50	PISI;0.826
591.25	594.25	PISI;0.964
598.50	599.50	PISI;0.729
106.00	108.00	ROWR;0.811
248.50	249.25	ROWR;0.568
249.50	249.75	ROWR;0.553
254.00	255.25	ROWR;0.648
367.50	369.50	ROWR;0.763
388.25	389.00	ROWR;0.564
411.00	411.75	ROWR;0.693
102.00	103.25	SOSP;0.552
6.50	7.50	SWSP;0.631
39.50	39.75	SWSP;0.525
96.50	98.50	SWSP;0.806
158.00	158.75	SWSP;0.631
164.50	166.25	SWSP;0.805
185.25	186.75	SWSP;0.656
209.25	209.75	SWSP;0.543
242.25	243.25	SWSP;0.583
270.50	272.25	SWSP;0.820
277.75	279.25	SWSP;0.653
292.75	294.25	SWSP;0.610
299.25	301.00	SWSP;0.776
345.00	346.50	SWSP;0.574
423.50	424.50	SWSP;0.602
437.00	438.50	SWSP;0.794
451.00	453.25	SWSP;0.855
459.50	462.50	SWSP;0.855
471.25	472.25	SWSP;0.557
474.00	476.50	SWSP;0.941
488.00	489.50	SWSP;0.724
503.25	503.50	SWSP;0.509
539.00	539.25	SWSP;0.538
578.75	581.00	VASW;0.783
189.75	191.00	WCSP;0.651
282.75	285.00	WCSP;0.880
294.00	296.50	WCSP;0.893
307.25	309.50	WCSP;0.877
332.25	332.50	WCSP;0.522
341.25	343.50	WCSP;0.932
352.50	354.00	WCSP;0.817
365.50	367.75	WCSP;0.948
378.25	380.25	WCSP;0.869
391.25	392.00	WCSP;0.567
414.25	415.25	WCSP;0.576
455.75	458.00	WCSP;0.927
470.50	471.75	WCSP;0.687
483.25	485.75	WCSP;0.940
495.00	497.50	WCSP;0.888
506.75	507.00	WCSP;0.524
517.00	518.25	WCSP;0.773
529.00	530.25	WCSP;0.757
542.00	544.75	WCSP;0.951
556.00	557.50	WCSP;0.790
581.00	582.00	WCSP;0.632
585.75	586.25	WCSP;0.530
85.25	85.50	WIWA;0.501
257.50	258.25	WTSP;0.582
271.75	272.50	WTSP;0.571
