24.00	25.50	AMRO;0.709
165.50	166.50	AMRO;0.579
166.75	167.00	AMRO;0.522
93.50	94.25	BFAL;0.559
231.00	231.25	EAME;0.535
4.00	4.25	FOSP;0.537
6.75	8.25	FOSP;0.693
12.00	14.50	FOSP;0.894
24.00	26.50	FOSP;0.774
29.75	31.00	FOSP;0.671
34.25	36.75	FOSP;0.865
44.75	46.50	FOSP;0.797
56.00	56.25	FOSP;0.508
58.75	61.00	FOSP;0.858
63.25	64.50	FOSP;0.609
70.00	70.25	FOSP;0.501
70.50	71.75	FOSP;0.744
72.75	75.25	FOSP;0.899
86.50	89.25	FOSP;0.892
95.50	99.00	FOSP;0.909
100.50	103.00	FOSP;0.833
112.00	115.00	FOSP;0.970
125.00	127.25	FOSP;0.867
132.50	133.00	FOSP;0.550
137.75	140.25	FOSP;0.853
150.50	152.25	FOSP;0.809
160.00	160.25	FOSP;0.545
162.75	165.50	FOSP;0.833
170.75	172.75	FOSP;0.753
176.50	179.25	FOSP;0.936
182.25	182.50	FOSP;0.528
190.50	193.50	FOSP;0.851
204.00	206.50	FOSP;0.903
213.00	213.25	FOSP;0.548
217.00	218.75	FOSP;0.726
221.00	224.00	FOSP;0.955
232.00	233.50	FOSP;0.565
234.75	237.00	FOSP;0.904
237.25	237.50	FOSP;0.522
238.75	241.50	FOSP;0.797
246.00	247.75	FOSP;0.749
249.00	252.00	FOSP;0.938
259.75	262.50	FOSP;0.792
263.25	266.00	FOSP;0.908
271.00	272.50	FOSP;0.638
277.25	280.00	FOSP;0.898
284.50	286.50	FOSP;0.812
287.75	288.75	FOSP;0.582
296.50	299.50	FOSP;0.916
183.00	183.75	LASP;0.575
17.50	19.50	LISP;0.763
122.25	123.50	LISP;0.612
253.00	254.25	LISP;0.633
280.50	283.50	LISP;0.950
289.50	292.50	LISP;0.946
65.75	67.00	OCWA;0.609
154.75	155.00	RBGR;0.524
247.75	248.25	REVI;0.544
267.25	269.00	SNBU;0.770
5.00	6.50	VATH;0.811
19.25	21.25	VATH;0.950
47.75	49.50	VATH;0.875
194.00	194.25	VATH;0.518
199.25	200.25	VATH;0.606
219.50	220.75	VATH;0.680
244.00	245.25	VATH;0.790
44.75	45.00	VESP;0.520
40.50	41.75	WATA;0.638
196.75	198.50	WCSP;0.805
1.50	3.75	WIWA;0.872
47.50	50.25	WIWA;0.881
83.75	86.00	WIWA;0.858
91.75	93.75	WIWA;0.847
98.50	101.00	WIWA;0.824
104.00	107.00	WIWA;0.942
115.75	118.00	WIWA;0.914
128.75	131.00	WIWA;0.809
172.50	173.25	WIWA;0.601
179.50	182.50	WIWA;0.942
189.75	192.25	WIWA;0.825
207.00	209.50	WIWA;0.910
15.00	17.00	WTSP;0.908
37.50	41.00	WTSP;0.953
78.00	82.50	WTSP;0.986
127.25	130.50	WTSP;0.951
133.50	137.75	WTSP;0.989
142.25	146.75	WTSP;0.988
152.00	155.75	WTSP;0.990
167.75	170.75	WTSP;0.976
184.50	188.50	WTSP;0.984
188.75	190.25	WTSP;0.847
