115.25	115.50	AMDI;0.512
165.00	165.75	AMDI;0.610
8.75	9.00	BHCO;0.503
146.75	147.50	FISP;0.578
296.00	297.50	FISP;0.694
392.75	393.00	FISP;0.521
510.00	510.50	FISP;0.526
43.00	44.25	FOSP;0.695
96.00	97.50	FOSP;0.715
144.50	145.50	FOSP;0.666
195.25	197.50	FOSP;0.888
226.00	226.50	FOSP;0.555
226.75	227.00	FOSP;0.508
243.00	244.50	FOSP;0.773
493.75	494.50	FOSP;0.602
521.75	522.25	FOSP;0.562
536.25	538.75	FOSP;0.888
241.50	242.25	GCSP;0.567
3.00	5.50	LISP;0.911
14.25	16.25	LISP;0.874
26.75	28.25	LISP;0.698
39.75	42.00	LISP;0.860
53.50	55.50	LISP;0.912
65.00	67.00	LISP;0.878
77.00	78.75	LISP;0.736
90.50	92.50	LISP;0.777
103.00	105.50	LISP;0.924
115.00	117.25	LISP;0.825
129.00	131.00	LISP;0.841
141.00	143.50	LISP;0.911
153.50	156.00	LISP;0.897
166.50	166.75	LISP;0.569
177.25	179.75	LISP;0.818
189.00	191.50	LISP;0.869
199.00	201.50	LISP;0.881
210.00	212.50	LISP;0.843
222.50	224.50	LISP;0.878
234.50	237.25	LISP;0.859
246.50	249.25	LISP;0.858
282.50	284.25	LISP;0.830
306.25	308.50	LISP;0.847
330.25	332.25	LISP;0.838
356.25	358.00	LISP;0.671
369.75	372.00	LISP;0.779
382.00	384.00	LISP;0.771
421.25	423.25	LISP;0.747
450.75	452.25	LISP;0.741
462.25	464.50	LISP;0.776
500.75	502.25	LISP;0.674
541.50	543.00	LISP;0.681
567.50	568.75	LISP;0.704
580.00	581.75	LISP;0.731
593.00	594.50	LISP;0.693
48.25	49.50	MOCH;0.708
471.00	471.25	MOCH;0.524
471.50	471.75	MOCH;0.517
70.75	71.50	NOCA;0.670
452.00	453.00	PUFI;0.670
463.75	464.25	PUFI;0.519
475.75	476.75	PUFI;0.685
502.00	502.50	PUFI;0.547
581.75	582.50	PUFI;0.598
340.75	342.00	RUGR;0.705
574.25	575.00	SAPH;0.554
176.25	177.25	SNBU;0.616
85.00	86.75	SWSP;0.701
98.00	99.50	SWSP;0.682
109.25	109.75	SWSP;0.536
138.25	139.00	SWSP;0.592
497.75	500.00	SWSP;0.855
571.25	573.00	SWSP;0.700
591.50	591.75	SWSP;0.543
24.50	25.50	VATH;0.676
98.25	99.00	VATH;0.611
167.00	168.25	VATH;0.751
221.25	221.75	VATH;0.510
250.75	252.50	VATH;0.806
333.00	335.50	VATH;0.865
337.75	338.75	VATH;0.698
448.50	450.50	VATH;0.884
503.75	505.50	VATH;0.859
519.00	520.50	VATH;0.817
595.50	597.50	VATH;0.860
48.00	48.50	WATA;0.574
201.25	201.50	WATA;0.508
371.75	373.25	WATA;0.868
534.00	535.50	WATA;0.772
72.50	72.75	WIWA;0.516
73.00	74.00	WIWA;0.554
6.25	6.75	WTSP;0.727
8.50	12.75	WTSP;0.985
16.00	19.50	WTSP;0.978
28.00	31.00	WTSP;0.929
44.00	48.00	WTSP;0.987
58.25	62.75	WTSP;0.977
78.75	81.50	WTSP;0.919
105.75	109.75	WTSP;0.975
123.25	127.00	WTSP;0.979
135.50	136.50	WTSP;0.748
136.75	138.50	WTSP;0.824
146.00	150.50	WTSP;0.838
159.75	161.75	WTSP;0.885
162.50	165.50	WTSP;0.972
171.00	174.25	WTSP;0.900
182.75	186.50	WTSP;0.977
194.25	194.75	WTSP;0.701
202.50	205.50	WTSP;0.958
253.50	256.50	WTSP;0.954
273.00	277.50	WTSP;0.990
295.50	296.50	WTSP;0.780
316.50	318.00	WTSP;0.812
389.50	390.50	WTSP;0.711
407.25	409.50	WTSP;0.946
432.50	434.75	WTSP;0.939
452.75	455.50	WTSP;0.896
471.25	473.00	WTSP;0.848
490.75	493.00	WTSP;0.857
507.50	510.00	WTSP;0.935
527.25	531.00	WTSP;0.962
545.00	547.00	WTSP;0.951
563.00	566.00	WTSP;0.962
579.00	580.00	WTSP;0.840
584.75	587.75	WTSP;0.912
589.25	591.75	WTSP;0.875
302.75	304.50	YRWA;0.792
313.00	315.00	YRWA;0.712
341.75	343.50	YRWA;0.783
365.50	365.75	YRWA;0.522
375.50	378.25	YRWA;0.936
388.00	389.00	YRWA;0.582
399.25	399.50	YRWA;0.542
474.25	476.25	YRWA;0.821
531.50	534.00	YRWA;0.907
552.50	554.25	YRWA;0.747
