212.75	214.00	AMGP;0.629
96.25	98.00	ATSP;0.896
157.50	158.50	ATSP;0.703
177.00	177.25	ATSP;0.502
195.25	195.75	BAIS;0.519
20.50	20.75	BRSP;0.508
29.00	30.00	BRSP;0.621
0.00	3.50	CHSP;0.907
10.00	15.25	CHSP;0.985
15.50	24.50	CHSP;0.985
26.00	29.75	CHSP;0.976
30.50	35.75	CHSP;0.982
37.00	40.00	CHSP;0.885
72.50	75.75	CHSP;0.982
159.00	161.00	CHSP;0.838
221.75	225.00	CHSP;0.975
229.50	231.50	CHSP;0.929
234.00	237.50	CHSP;0.922
239.75	243.00	CHSP;0.906
249.00	252.00	CHSP;0.934
259.00	262.50	CHSP;0.975
270.75	274.25	CHSP;0.973
278.00	279.00	CHSP;0.815
60.25	62.50	DEJU;0.916
231.50	232.50	FISP;0.546
288.50	289.00	FISP;0.527
106.00	107.00	FOSP;0.553
114.00	116.00	FOSP;0.907
125.50	128.00	FOSP;0.824
207.50	208.00	LISP;0.535
247.50	248.25	LISP;0.558
266.50	268.00	LISP;0.730
268.25	270.25	LISP;0.635
285.00	287.00	LISP;0.713
294.25	296.50	LISP;0.845
43.00	44.50	MOCH;0.689
57.50	59.00	MOCH;0.657
210.75	211.75	MOCH;0.589
66.50	68.50	OCWA;0.796
121.50	123.00	OCWA;0.693
255.50	255.75	REVI;0.505
25.25	26.50	SWTH;0.812
36.50	38.00	SWTH;0.782
46.00	48.50	SWTH;0.959
5.00	10.50	WCSP;0.930
14.50	16.00	WCSP;0.866
23.50	25.50	WCSP;0.930
60.50	66.50	WCSP;0.967
70.50	72.75	WCSP;0.912
77.00	84.00	WCSP;0.975
87.00	90.50	WCSP;0.942
91.50	95.25	WCSP;0.977
97.25	100.50	WCSP;0.984
102.00	104.00	WCSP;0.878
107.50	114.25	WCSP;0.971
118.50	121.25	WCSP;0.979
128.00	131.25	WCSP;0.954
132.50	135.50	WCSP;0.958
141.00	144.25	WCSP;0.970
146.00	152.50	WCSP;0.974
157.25	159.75	WCSP;0.913
161.50	164.50	WCSP;0.960
169.00	171.50	WCSP;0.936
180.25	183.50	WCSP;0.953
191.00	194.25	WCSP;0.982
203.25	206.00	WCSP;0.931
216.00	218.50	WCSP;0.964
226.50	229.50	WCSP;0.945
2.50	2.75	WTSP;0.506
3.00	4.00	WTSP;0.610
41.25	43.25	WTSP;0.758
55.00	57.50	WTSP;0.750
104.00	105.75	WTSP;0.780
116.25	118.50	WTSP;0.882
130.50	132.50	WTSP;0.867
143.50	145.50	WTSP;0.720
154.50	157.50	WTSP;0.948
160.25	162.25	WTSP;0.845
167.00	169.00	WTSP;0.899
177.50	180.50	WTSP;0.941
208.25	211.00	WTSP;0.906
211.25	211.50	WTSP;0.535
219.50	222.50	WTSP;0.950
230.50	231.50	WTSP;0.589
244.50	247.00	WTSP;0.812
261.50	263.00	WTSP;0.763
263.25	263.50	WTSP;0.508
274.50	275.75	WTSP;0.783
282.25	284.00	WTSP;0.868
297.00	299.25	WTSP;0.793
137.00	137.25	YRWA;0.506
