586.75	587.00	AMRO;0.501
63.25	63.50	BHCO;0.501
104.25	105.50	BHCO;0.727
32.00	33.00	CHSP;0.622
197.75	201.00	CHSP;0.917
407.00	407.50	FISP;0.509
425.00	425.25	FISP;0.519
147.75	148.50	FOSP;0.540
284.00	285.75	FOSP;0.761
310.25	311.50	FOSP;0.596
363.50	365.25	FOSP;0.630
379.50	380.25	FOSP;0.587
432.50	434.75	FOSP;0.843
467.50	469.00	FOSP;0.723
454.00	454.25	GCSP;0.518
454.50	455.50	GCSP;0.699
40.00	40.50	HASP;0.528
53.75	55.25	HASP;0.660
443.00	443.25	HASP;0.515
443.50	444.00	HASP;0.523
522.00	523.25	HASP;0.647
13.00	14.00	LISP;0.604
298.25	300.00	LISP;0.787
364.25	366.00	LISP;0.727
516.00	517.00	LISP;0.615
534.50	535.75	LISP;0.726
545.50	546.75	LISP;0.739
0.50	0.75	MOCH;0.547
19.00	20.00	MOCH;0.581
67.25	67.50	MOCH;0.510
134.75	135.00	MOCH;0.502
225.00	226.25	MOCH;0.598
256.25	257.00	MOCH;0.573
259.75	260.00	MOCH;0.521
420.50	421.50	MOCH;0.604
422.75	423.50	MOCH;0.612
472.25	474.00	MOCH;0.823
490.50	491.00	MOCH;0.526
125.25	126.25	PUFI;0.737
310.00	310.25	SNBU;0.516
327.00	328.50	SNBU;0.875
276.00	277.25	SWSP;0.692
325.50	326.50	SWSP;0.571
352.25	353.00	SWSP;0.571
376.50	377.75	SWSP;0.605
415.00	417.00	SWSP;0.766
427.50	427.75	SWSP;0.516
4.25	6.00	VATH;0.795
11.00	14.00	VATH;0.903
31.00	32.50	VATH;0.756
39.00	40.25	VATH;0.638
95.50	98.00	VATH;0.945
113.50	114.75	VATH;0.738
128.00	128.25	VATH;0.506
142.75	143.75	VATH;0.604
312.25	313.50	VATH;0.788
313.75	314.00	VATH;0.511
342.00	343.50	VATH;0.601
367.00	368.50	VATH;0.673
375.50	378.25	VATH;0.921
388.00	390.75	VATH;0.932
435.50	437.25	VATH;0.670
442.50	443.50	VATH;0.664
458.50	461.75	VATH;0.933
469.75	471.00	VATH;0.683
504.50	507.00	VATH;0.880
512.00	514.00	VATH;0.844
526.75	527.75	VATH;0.712
539.50	542.25	VATH;0.737
560.75	561.75	VATH;0.741
589.25	591.75	VATH;0.937
149.00	150.50	WATA;0.784
321.50	322.50	WATA;0.584
322.75	323.00	WATA;0.518
411.50	412.50	WATA;0.605
479.00	480.75	WATA;0.753
517.00	517.50	WATA;0.522
5.50	8.00	WIWA;0.884
93.50	96.75	WIWA;0.936
249.25	251.00	WIWA;0.720
402.75	403.50	WIWA;0.565
541.50	543.50	WIWA;0.791
578.00	579.25	WIWA;0.577
20.00	22.75	WTSP;0.941
40.50	45.00	WTSP;0.942
63.25	67.00	WTSP;0.972
68.50	71.00	WTSP;0.913
86.50	90.25	WTSP;0.978
105.75	108.50	WTSP;0.817
110.00	113.25	WTSP;0.916
135.00	138.75	WTSP;0.900
143.25	147.75	WTSP;0.984
156.75	159.50	WTSP;0.932
162.75	166.00	WTSP;0.924
179.25	187.00	WTSP;0.983
189.00	193.50	WTSP;0.971
200.00	203.50	WTSP;0.953
211.50	216.00	WTSP;0.970
218.00	221.50	WTSP;0.959
222.00	225.50	WTSP;0.953
232.00	236.25	WTSP;0.983
237.00	240.25	WTSP;0.931
244.50	249.50	WTSP;0.971
256.50	259.25	WTSP;0.915
260.00	265.50	WTSP;0.979
273.50	282.00	WTSP;0.966
287.25	291.00	WTSP;0.963
295.00	297.75	WTSP;0.930
300.25	304.25	WTSP;0.985
314.50	318.25	WTSP;0.957
318.50	322.25	WTSP;0.958
336.50	339.50	WTSP;0.964
355.50	360.00	WTSP;0.985
380.00	383.25	WTSP;0.929
392.00	396.50	WTSP;0.902
404.25	411.75	WTSP;0.979
418.00	421.00	WTSP;0.962
423.50	431.25	WTSP;0.976
444.00	446.50	WTSP;0.922
453.50	458.00	WTSP;0.966
464.50	467.50	WTSP;0.981
474.00	475.00	WTSP;0.773
477.00	478.00	WTSP;0.752
483.00	486.25	WTSP;0.937
488.00	490.75	WTSP;0.947
501.00	504.75	WTSP;0.979
513.25	516.50	WTSP;0.965
529.50	533.75	WTSP;0.970
543.25	546.25	WTSP;0.968
555.00	559.00	WTSP;0.977
567.25	571.50	WTSP;0.946
580.00	585.00	WTSP;0.983
594.00	598.75	WTSP;0.986
306.00	308.00	YRWA;0.731
