97.75	98.25	AMRO;0.558
23.50	23.75	CHSP;0.529
24.00	26.00	CHSP;0.671
40.50	43.50	CHSP;0.874
58.50	62.00	CHSP;0.878
122.00	125.00	CHSP;0.844
185.00	185.25	FISP;0.579
286.25	286.50	FISP;0.518
8.25	10.25	FOSP;0.690
16.00	18.00	FOSP;0.742
38.00	38.50	FOSP;0.568
149.50	151.00	FOSP;0.725
154.75	158.25	FOSP;0.667
164.00	166.50	FOSP;0.855
175.00	177.50	FOSP;0.869
216.00	217.50	FOSP;0.625
222.25	223.50	FOSP;0.791
227.00	229.50	FOSP;0.915
237.50	240.00	FOSP;0.776
248.00	249.75	FOSP;0.746
256.00	258.75	FOSP;0.906
267.00	269.50	FOSP;0.867
276.25	279.00	FOSP;0.899
289.25	291.00	FOSP;0.860
183.50	184.25	GCSP;0.623
266.00	266.25	GCSP;0.536
265.25	265.50	LASP;0.510
209.00	210.75	MOCH;0.780
253.50	255.25	MOCH;0.608
120.00	120.75	RUGR;0.792
147.75	148.75	RWBL;0.637
281.00	282.25	RWBL;0.608
231.50	232.25	SAND;0.549
66.50	67.25	SNBU;0.545
113.25	114.50	SNBU;0.666
139.25	141.00	SNBU;0.790
170.75	171.25	SNBU;0.526
244.00	245.50	SNBU;0.865
284.00	285.75	SNBU;0.651
286.00	286.50	SNBU;0.527
44.00	45.00	VATH;0.640
185.50	186.50	VESP;0.678
229.50	230.50	VESP;0.653
101.50	101.75	WAVI;0.500
1.00	1.25	WCSP;0.514
1.75	2.25	WCSP;0.546
2.50	6.50	WTSP;0.986
29.75	32.50	WTSP;0.959
54.25	58.75	WTSP;0.989
70.50	75.00	WTSP;0.983
87.00	92.00	WTSP;0.991
106.00	112.00	WTSP;0.991
128.00	132.00	WTSP;0.989
181.75	185.00	WTSP;0.923
193.25	197.50	WTSP;0.968
212.00	212.25	WTSP;0.709
217.50	220.50	WTSP;0.969
232.00	236.25	WTSP;0.973
240.50	242.00	WTSP;0.861
250.00	253.75	WTSP;0.942
270.00	276.00	WTSP;0.977
279.50	280.75	WTSP;0.821
291.25	296.50	WTSP;0.977
