0.50	3.00	AMRO;0.613
7.00	11.00	AMRO;0.837
28.25	31.00	AMRO;0.886
42.50	45.00	AMRO;0.925
62.50	64.50	AMRO;0.779
85.00	86.25	AMRO;0.554
106.75	108.50	AMRO;0.791
128.75	130.25	AMRO;0.623
131.00	131.25	AMRO;0.508
131.50	133.50	AMRO;0.821
144.75	145.50	AMRO;0.532
150.75	151.00	AMRO;0.501
157.00	157.75	AMRO;0.518
166.00	166.25	AMRO;0.525
178.50	178.75	AMRO;0.514
181.75	182.50	AMRO;0.559
201.75	202.25	AMRO;0.581
211.25	212.50	AMRO;0.700
249.00	249.50	AMRO;0.548
250.50	251.75	AMRO;0.635
257.00	258.50	AMRO;0.666
273.50	274.50	AMRO;0.623
90.50	90.75	BLOY;0.548
91.00	92.50	BLOY;0.662
198.50	199.00	BLOY;0.527
57.25	58.00	EABL;0.550
296.00	299.00	FOSP;0.874
32.50	34.00	GCKI;0.743
50.50	52.00	GCKI;0.711
69.75	71.50	GCKI;0.787
113.75	114.75	GWTE;0.569
158.50	159.25	GWTE;0.527
272.00	273.00	GWTE;0.538
24.25	24.50	HASP;0.553
128.75	129.00	HETH;0.522
172.25	172.50	HETH;0.516
185.50	186.00	HETH;0.531
295.00	295.75	HETH;0.560
37.75	40.00	LISP;0.876
48.75	49.50	LISP;0.624
201.50	202.50	LISP;0.583
99.00	99.25	MOCH;0.519
137.50	137.75	MOCH;0.503
189.25	190.00	MOCH;0.645
196.50	197.25	MOCH;0.593
286.25	287.50	MOCH;0.704
12.00	13.75	RUGR;0.802
14.25	15.75	RUGR;0.825
74.00	74.50	RUGR;0.545
216.00	216.25	RUGR;0.515
218.00	220.00	RUGR;0.863
298.00	300.00	RUGR;0.881
39.50	41.75	VATH;0.863
53.00	53.75	VATH;0.615
71.25	71.75	VATH;0.570
103.00	105.00	VATH;0.867
116.25	117.00	VATH;0.546
126.50	127.00	VATH;0.564
154.00	156.50	VATH;0.890
222.75	223.25	VATH;0.546
282.50	283.00	VATH;0.553
290.00	292.50	VATH;0.920
24.50	26.00	WCSP;0.781
200.50	200.75	WCSP;0.503
210.00	210.75	WCSP;0.561
229.50	231.25	WCSP;0.795
243.25	244.50	WCSP;0.741
260.25	262.50	WCSP;0.915
288.50	288.75	WCSP;0.539
59.75	62.00	WIWA;0.939
73.25	75.50	WIWA;0.924
86.25	89.50	WIWA;0.963
100.25	103.75	WIWA;0.977
116.00	119.00	WIWA;0.937
132.50	135.75	WIWA;0.975
160.50	163.50	WIWA;0.936
182.50	185.00	WIWA;0.916
193.00	196.75	WIWA;0.981
202.75	206.25	WIWA;0.981
213.00	216.75	WIWA;0.976
225.25	228.75	WIWA;0.975
236.50	239.75	WIWA;0.977
244.75	248.25	WIWA;0.982
257.25	260.50	WIWA;0.978
266.00	269.00	WIWA;0.982
273.00	277.00	WIWA;0.961
282.25	285.25	WIWA;0.977
291.00	294.25	WIWA;0.979
12.50	14.50	WTSP;0.794
46.50	47.75	WTSP;0.644
95.00	96.75	WTSP;0.730
99.00	100.00	WTSP;0.596
110.50	112.00	WTSP;0.774
123.00	126.00	WTSP;0.945
166.25	168.75	WTSP;0.872
181.00	182.50	WTSP;0.571
195.50	196.25	WTSP;0.567
196.75	197.00	WTSP;0.509
239.50	241.50	WTSP;0.732
253.00	254.25	WTSP;0.666
269.50	271.00	WTSP;0.709
285.50	286.25	WTSP;0.557
