590.25	591.00	AGOL;0.584
28.00	29.00	AMRO;0.588
156.00	157.00	AMRO;0.608
245.25	246.00	AMRO;0.620
473.00	474.50	AMRO;0.619
558.00	558.25	AMRO;0.507
199.00	199.50	BCCH;0.549
523.50	523.75	BCCH;0.506
518.50	520.00	BRSP;0.857
176.25	179.75	CHSP;0.932
200.25	203.00	CHSP;0.746
337.50	337.75	EAME;0.537
463.50	465.00	EAME;0.621
132.25	132.75	FISP;0.518
345.75	346.25	FISP;0.572
367.00	367.75	FISP;0.575
388.50	389.25	FISP;0.553
406.25	407.00	FISP;0.563
7.50	9.50	FOSP;0.858
13.25	14.50	FOSP;0.775
209.25	209.50	FOSP;0.539
220.00	221.75	FOSP;0.779
230.00	231.00	FOSP;0.575
242.25	243.50	FOSP;0.651
252.50	253.25	FOSP;0.611
258.25	259.50	FOSP;0.666
265.50	267.25	FOSP;0.700
276.50	278.50	FOSP;0.824
302.50	304.00	FOSP;0.831
323.75	325.25	FOSP;0.678
332.50	333.50	FOSP;0.708
345.00	346.50	FOSP;0.648
354.25	355.75	FOSP;0.708
357.50	359.25	FOSP;0.876
370.50	372.50	FOSP;0.817
389.00	391.25	FOSP;0.805
407.00	408.75	FOSP;0.807
423.00	425.50	FOSP;0.891
437.75	438.50	FOSP;0.626
454.50	455.75	FOSP;0.652
465.00	467.25	FOSP;0.819
491.75	492.50	FOSP;0.702
512.50	514.75	FOSP;0.805
525.00	528.00	FOSP;0.884
539.75	542.50	FOSP;0.876
552.50	555.00	FOSP;0.877
567.50	570.00	FOSP;0.863
75.00	77.25	GCSP;0.899
218.00	219.75	GCSP;0.803
314.25	315.00	GCSP;0.591
323.50	323.75	GCSP;0.519
444.25	446.00	GCSP;0.738
463.00	463.50	HOLA;0.568
14.75	15.75	LASP;0.658
54.25	55.25	LASP;0.555
436.00	436.50	LASP;0.532
0.75	3.00	LISP;0.743
15.25	17.25	LISP;0.776
32.50	35.25	LISP;0.892
40.50	43.75	LISP;0.922
46.00	48.00	LISP;0.876
56.25	56.50	LISP;0.517
59.50	63.00	LISP;0.934
68.00	69.50	LISP;0.700
72.00	74.00	LISP;0.811
82.00	83.75	LISP;0.896
109.25	110.25	LISP;0.597
141.25	142.75	LISP;0.752
147.50	149.75	LISP;0.902
153.50	156.00	LISP;0.878
172.25	173.50	LISP;0.726
186.00	187.50	LISP;0.713
204.50	206.50	LISP;0.787
231.00	232.75	LISP;0.792
269.25	271.25	LISP;0.826
281.00	282.75	LISP;0.771
289.00	289.75	LISP;0.570
304.50	306.75	LISP;0.795
307.00	309.00	LISP;0.697
320.25	322.25	LISP;0.921
333.00	335.50	LISP;0.860
374.00	376.00	LISP;0.798
419.50	421.25	LISP;0.760
436.75	437.00	LISP;0.515
468.50	470.50	LISP;0.795
472.00	473.50	LISP;0.738
479.00	480.50	LISP;0.772
487.50	489.50	LISP;0.868
515.00	519.00	LISP;0.924
529.75	532.75	LISP;0.937
536.75	538.50	LISP;0.704
544.50	548.25	LISP;0.975
557.75	558.25	LISP;0.546
562.00	563.00	LISP;0.573
578.00	580.25	LISP;0.826
587.75	589.00	LISP;0.685
598.25	600.00	LISP;0.839
58.50	59.50	MOCH;0.691
110.50	111.25	MOCH;0.602
311.00	312.50	MOCH;0.607
372.50	373.75	MOCH;0.674
387.25	388.50	MOCH;0.681
341.50	342.50	OROR;0.587
87.50	90.00	PISI;0.904
217.00	218.00	PISI;0.752
274.00	276.50	PISI;0.963
278.75	280.50	PISI;0.856
359.50	361.00	PISI;0.842
425.50	430.25	PISI;0.985
439.75	441.50	PISI;0.814
447.75	448.25	PISI;0.785
542.75	544.50	PISI;0.869
547.75	552.00	PISI;0.975
554.75	557.50	PISI;0.976
558.50	561.00	PISI;0.925
562.75	567.50	PISI;0.987
574.75	578.50	PISI;0.953
578.75	579.00	PISI;0.694
580.00	587.75	PISI;0.983
590.50	595.25	PISI;0.917
22.25	22.50	PUFI;0.515
22.75	23.00	PUFI;0.545
263.00	263.25	PUFI;0.502
437.75	438.00	PUFI;0.562
438.75	439.50	PUFI;0.544
454.00	454.25	PUFI;0.500
481.25	482.25	PUFI;0.712
501.50	502.75	REVI;0.599
356.25	357.00	SNBU;0.546
50.50	50.75	VASW;0.532
78.75	79.50	WATA;0.584
215.50	216.50	WATA;0.619
381.75	383.00	WATA;0.605
448.00	448.25	WATA;0.529
318.00	320.00	WCSP;0.728
329.25	332.00	WCSP;0.833
339.00	341.50	WCSP;0.895
4.50	6.50	WTSP;0.914
30.25	32.25	WTSP;0.919
34.75	37.00	WTSP;0.963
48.00	52.00	WTSP;0.982
56.50	59.00	WTSP;0.960
62.75	67.00	WTSP;0.987
77.00	81.75	WTSP;0.949
90.00	93.25	WTSP;0.985
98.25	99.25	WTSP;0.790
110.50	118.00	WTSP;0.984
137.25	141.00	WTSP;0.972
157.50	161.75	WTSP;0.983
164.50	168.25	WTSP;0.983
182.50	186.00	WTSP;0.985
195.50	198.75	WTSP;0.942
211.00	215.75	WTSP;0.979
219.75	220.25	WTSP;0.732
232.00	236.00	WTSP;0.989
248.25	251.75	WTSP;0.975
260.00	263.50	WTSP;0.982
270.75	274.00	WTSP;0.955
282.50	286.75	WTSP;0.989
289.50	290.75	WTSP;0.834
298.75	302.50	WTSP;0.983
308.50	311.25	WTSP;0.970
315.25	317.75	WTSP;0.906
326.25	326.50	WTSP;0.708
330.75	332.25	WTSP;0.846
335.75	337.50	WTSP;0.882
347.50	353.75	WTSP;0.984
362.00	365.75	WTSP;0.946
379.50	382.00	WTSP;0.980
384.00	387.50	WTSP;0.967
402.50	406.50	WTSP;0.975
429.00	431.25	WTSP;0.941
434.50	435.25	WTSP;0.731
446.00	448.25	WTSP;0.900
459.00	463.25	WTSP;0.980
475.50	478.50	WTSP;0.941
494.00	496.00	WTSP;0.850
497.25	500.75	WTSP;0.972
533.75	536.25	WTSP;0.968
570.50	573.00	WTSP;0.978
596.25	598.50	WTSP;0.882
38.50	41.00	YRWA;0.891
93.00	94.50	YRWA;0.669
99.50	103.25	YRWA;0.859
237.50	238.00	YRWA;0.564
