0.50	0.75	AMRO;0.520
6.75	8.50	AMRO;0.807
15.50	16.50	AMRO;0.569
22.25	23.00	AMRO;0.604
31.50	33.50	AMRO;0.710
39.00	41.00	AMRO;0.656
80.50	81.50	AMRO;0.680
103.25	105.75	AMRO;0.821
126.00	126.75	AMRO;0.584
165.50	167.50	AMRO;0.803
201.50	202.50	AMRO;0.652
263.50	264.25	AMRO;0.556
36.00	36.50	BRSP;0.607
72.25	73.50	CHSP;0.645
117.50	119.00	CHSP;0.691
216.00	217.25	CHSP;0.693
232.00	233.00	CHSP;0.600
64.50	65.75	EATO;0.653
34.25	35.00	FOSP;0.555
44.00	45.75	FOSP;0.732
97.00	98.25	FOSP;0.724
113.00	114.00	FOSP;0.600
194.50	195.75	FOSP;0.638
208.50	210.00	FOSP;0.766
216.50	217.25	FOSP;0.566
183.00	184.00	HETH;0.666
66.00	66.25	LISP;0.508
91.25	92.50	RBGR;0.523
98.25	99.25	VESP;0.623
20.00	22.75	WCSP;0.853
49.00	49.50	WCSP;0.753
127.75	132.00	WCSP;0.996
133.75	137.50	WCSP;0.978
140.50	144.00	WCSP;0.975
147.50	150.50	WCSP;0.971
154.75	158.00	WCSP;0.968
162.00	165.50	WCSP;0.964
169.25	172.50	WCSP;0.986
176.50	180.00	WCSP;0.948
184.00	188.00	WCSP;0.981
191.50	195.00	WCSP;0.953
198.50	203.00	WCSP;0.965
205.75	208.75	WCSP;0.977
213.00	216.00	WCSP;0.968
220.75	224.00	WCSP;0.980
228.50	231.75	WCSP;0.971
236.00	239.25	WCSP;0.980
243.00	246.25	WCSP;0.969
251.75	255.50	WCSP;0.958
258.25	262.50	WCSP;0.982
266.50	269.75	WCSP;0.981
274.00	277.50	WCSP;0.985
281.25	281.50	WCSP;0.750
282.25	285.75	WCSP;0.974
289.25	293.25	WCSP;0.980
296.25	297.50	WCSP;0.830
298.50	299.25	WCSP;0.735
1.50	6.00	WTSP;0.982
8.00	13.50	WTSP;0.989
15.75	20.00	WTSP;0.986
23.50	28.25	WTSP;0.986
30.00	34.00	WTSP;0.990
37.50	42.00	WTSP;0.982
45.75	49.00	WTSP;0.994
52.50	56.50	WTSP;0.990
57.50	64.00	WTSP;0.991
67.00	71.75	WTSP;0.988
73.00	74.50	WTSP;0.878
77.00	81.25	WTSP;0.993
83.00	88.00	WTSP;0.993
91.50	96.00	WTSP;0.985
99.50	104.50	WTSP;0.989
105.75	110.50	WTSP;0.990
111.00	112.50	WTSP;0.777
113.75	117.50	WTSP;0.990
121.75	127.75	WTSP;0.985
130.50	133.00	WTSP;0.938
137.25	141.00	WTSP;0.984
143.75	148.50	WTSP;0.986
151.25	155.50	WTSP;0.988
159.00	163.00	WTSP;0.989
166.00	170.00	WTSP;0.982
172.50	177.00	WTSP;0.989
180.25	184.00	WTSP;0.992
187.50	192.00	WTSP;0.994
195.25	199.50	WTSP;0.992
203.00	206.75	WTSP;0.990
210.50	213.50	WTSP;0.983
218.00	221.50	WTSP;0.987
225.00	229.00	WTSP;0.995
232.00	236.50	WTSP;0.994
239.50	244.00	WTSP;0.990
246.50	251.50	WTSP;0.990
255.00	258.00	WTSP;0.980
262.50	267.00	WTSP;0.988
269.50	273.25	WTSP;0.992
273.50	274.25	WTSP;0.759
277.00	282.50	WTSP;0.990
285.25	288.75	WTSP;0.989
293.00	296.50	WTSP;0.978
299.25	299.50	WTSP;0.739
299.75	300.00	WTSP;0.751
