133.00	135.00	AMRO;0.767
163.00	165.00	AMRO;0.868
173.25	175.00	AMRO;0.719
232.50	233.25	AMRO;0.546
337.25	337.50	AMRO;0.523
497.25	499.00	AMRO;0.602
499.75	501.75	AMRO;0.712
516.50	517.50	AMRO;0.560
530.00	530.25	AMRO;0.506
596.00	596.25	AMRO;0.533
407.50	407.75	BCCH;0.539
519.25	519.50	BCCH;0.504
536.00	536.50	BCCH;0.522
71.25	73.50	BLJA;0.830
250.00	250.50	BRBL;0.553
179.00	180.25	CHSP;0.660
236.00	237.50	CHSP;0.580
5.50	7.75	FOSP;0.907
28.50	30.75	FOSP;0.883
47.00	49.50	FOSP;0.835
66.50	69.00	FOSP;0.840
86.00	88.50	FOSP;0.872
94.75	95.50	FOSP;0.618
100.75	103.00	FOSP;0.892
120.50	122.75	FOSP;0.743
126.00	128.50	FOSP;0.763
141.25	143.25	FOSP;0.760
148.50	150.50	FOSP;0.871
168.00	170.50	FOSP;0.846
194.00	195.50	FOSP;0.574
211.75	214.00	FOSP;0.756
229.00	231.25	FOSP;0.815
253.75	255.75	FOSP;0.787
313.50	314.00	FOSP;0.516
331.75	333.25	FOSP;0.649
364.25	366.50	FOSP;0.861
380.00	382.00	FOSP;0.758
442.50	444.75	FOSP;0.793
469.25	472.00	FOSP;0.894
484.50	487.50	FOSP;0.813
526.00	529.00	FOSP;0.920
582.00	585.00	FOSP;0.947
597.00	600.00	FOSP;0.936
175.25	176.00	GWTE;0.568
506.75	507.75	GWTE;0.695
75.50	76.50	HETH;0.693
358.25	359.00	HETH;0.581
361.50	363.00	HETH;0.725
389.00	390.50	HETH;0.823
423.00	424.00	HETH;0.558
447.50	448.00	HETH;0.591
491.75	492.50	HETH;0.549
519.75	520.50	HETH;0.615
499.75	501.25	LISP;0.712
522.25	524.00	LISP;0.652
92.75	94.00	MAMU;0.701
195.00	195.25	OROR;0.555
92.00	93.75	PISI;0.789
113.00	116.00	PISI;0.864
123.50	126.00	PISI;0.978
131.00	140.00	PISI;0.963
142.00	147.00	PISI;0.971
339.75	361.50	PISI;0.989
410.25	431.00	PISI;0.979
448.00	453.25	PISI;0.982
454.00	458.75	PISI;0.943
465.50	466.50	PISI;0.788
537.50	568.50	PISI;0.989
80.00	81.50	SNBU;0.760
293.00	294.00	SNBU;0.537
313.00	313.25	SNBU;0.533
110.50	112.75	WCSP;0.967
171.25	172.75	WCSP;0.769
288.25	289.25	WCSP;0.652
291.25	292.00	WCSP;0.564
327.00	327.50	WCSP;0.526
376.00	378.50	WCSP;0.879
401.00	403.25	WCSP;0.830
438.50	441.00	WCSP;0.840
463.50	464.50	WCSP;0.664
474.00	474.50	WCSP;0.533
482.00	484.00	WCSP;0.851
503.00	504.00	WCSP;0.617
446.50	447.25	WTSP;0.648
478.50	478.75	WTSP;0.551
479.00	480.00	WTSP;0.681
490.50	490.75	WTSP;0.519
497.25	498.25	WTSP;0.592
0.75	3.75	YRWA;0.871
103.00	105.00	YRWA;0.942
