12.00	12.50	AMRO;0.544
19.00	19.50	AMRO;0.566
19.75	21.50	AMRO;0.554
25.00	26.50	AMRO;0.718
40.00	40.75	AMRO;0.553
46.75	48.25	AMRO;0.635
90.00	92.25	AMRO;0.648
106.25	106.50	AMRO;0.543
111.25	113.50	AMRO;0.903
115.00	115.25	AMRO;0.527
148.75	149.50	AMRO;0.591
149.75	150.50	AMRO;0.573
155.75	156.25	AMRO;0.531
162.75	163.00	AMRO;0.503
196.75	200.00	AMRO;0.867
217.00	217.75	AMRO;0.634
242.50	244.50	AMRO;0.737
264.25	264.50	AMRO;0.514
48.00	49.25	FISP;0.632
63.00	64.50	FISP;0.754
77.00	78.25	FISP;0.630
28.75	29.25	FOSP;0.573
43.00	44.50	FOSP;0.743
57.00	58.00	FOSP;0.602
69.75	70.50	FOSP;0.624
83.50	85.50	FOSP;0.665
134.25	136.50	FOSP;0.858
176.50	179.50	FOSP;0.852
194.25	197.00	FOSP;0.908
208.00	210.75	FOSP;0.913
5.50	5.75	GWTE;0.561
137.00	138.00	GWTE;0.671
175.00	175.75	GWTE;0.577
183.50	185.50	GWTE;0.738
212.00	214.00	GWTE;0.817
222.50	224.50	GWTE;0.823
228.75	229.50	GWTE;0.581
229.75	231.00	GWTE;0.579
237.00	238.50	GWTE;0.747
244.00	245.50	GWTE;0.675
128.00	128.50	HASP;0.524
113.75	114.50	MOCH;0.572
163.25	163.50	RUGR;0.520
107.00	109.00	WCSP;0.632
125.50	126.75	WCSP;0.660
259.00	260.50	WCSP;0.719
260.75	261.00	WCSP;0.504
265.50	267.00	WCSP;0.743
269.50	270.50	WCSP;0.599
272.00	273.50	WCSP;0.780
278.00	280.50	WCSP;0.757
283.00	283.50	WCSP;0.583
283.75	284.00	WCSP;0.519
284.25	286.50	WCSP;0.731
289.50	290.50	WCSP;0.602
291.25	293.25	WCSP;0.813
296.00	297.50	WCSP;0.700
298.00	300.00	WCSP;0.785
6.00	9.50	WTSP;0.910
17.25	21.00	WTSP;0.750
31.50	33.75	WTSP;0.841
49.00	50.50	WTSP;0.552
60.00	61.50	WTSP;0.611
88.50	91.50	WTSP;0.899
101.50	105.00	WTSP;0.904
124.50	125.25	WTSP;0.602
140.75	143.50	WTSP;0.892
157.50	160.00	WTSP;0.899
203.25	204.25	WTSP;0.652
232.50	232.75	WTSP;0.519
233.00	233.75	WTSP;0.560
246.00	249.75	WTSP;0.824
258.00	258.50	WTSP;0.563
261.00	263.75	WTSP;0.919
275.00	278.00	WTSP;0.956
