175.25	176.50	AMDI;0.654
193.00	194.50	AMDI;0.729
152.50	153.75	AMRO;0.717
168.00	169.75	AMRO;0.781
177.50	179.00	AMRO;0.746
188.00	188.75	AMRO;0.550
197.75	198.75	AMRO;0.623
205.25	207.50	AMRO;0.905
236.00	237.50	AMRO;0.850
263.75	266.50	AMRO;0.958
291.00	292.00	AMRO;0.574
298.50	300.00	BHCO;0.709
116.50	118.00	BLOY;0.771
241.00	243.00	BRSP;0.783
66.00	66.25	FISP;0.505
201.75	202.25	FISP;0.514
217.25	218.25	GWTE;0.569
247.00	249.00	GWTE;0.679
289.00	289.75	GWTE;0.588
290.00	290.25	GWTE;0.511
8.50	9.00	LARB;0.525
73.75	76.00	LISP;0.855
89.50	91.50	LISP;0.811
159.00	160.50	LISP;0.653
273.00	274.25	LISP;0.648
293.25	295.50	LISP;0.927
0.50	0.75	MOCH;0.506
2.25	2.50	MOCH;0.573
3.00	3.25	MOCH;0.520
35.75	36.75	MOCH;0.589
80.00	81.00	MOCH;0.650
91.75	92.50	RUTU;0.607
211.00	212.50	RUTU;0.705
244.50	245.50	RUTU;0.630
25.75	28.00	SWSP;0.839
46.00	46.50	SWSP;0.564
142.50	143.00	TOSO;0.535
76.50	77.75	VATH;0.750
14.50	16.50	WIWA;0.818
44.25	45.00	WIWA;0.749
45.25	46.00	WIWA;0.713
57.75	60.75	WIWA;0.966
80.00	83.50	WIWA;0.964
124.50	128.00	WIWA;0.979
133.50	137.25	WIWA;0.980
148.00	151.50	WIWA;0.976
161.25	164.50	WIWA;0.972
172.50	175.75	WIWA;0.977
182.50	186.25	WIWA;0.978
196.75	200.50	WIWA;0.974
214.50	218.00	WIWA;0.982
226.00	229.00	WIWA;0.969
236.50	240.25	WIWA;0.982
246.00	249.75	WIWA;0.973
258.00	261.50	WIWA;0.977
269.25	273.00	WIWA;0.978
277.75	281.50	WIWA;0.984
288.50	292.00	WIWA;0.978
0.75	1.50	WTSP;0.738
11.25	20.00	WTSP;0.980
24.00	26.75	WTSP;0.953
36.50	42.00	WTSP;0.993
50.75	54.50	WTSP;0.934
55.00	59.00	WTSP;0.982
64.75	67.00	WTSP;0.858
81.00	85.75	WTSP;0.983
92.50	95.00	WTSP;0.944
109.25	111.50	WTSP;0.853
123.00	125.75	WTSP;0.944
128.50	132.50	WTSP;0.975
163.50	167.75	WTSP;0.980
180.00	180.25	WTSP;0.710
207.00	210.00	WTSP;0.904
225.00	226.50	WTSP;0.762
239.00	241.50	WTSP;0.923
251.50	257.00	WTSP;0.984
262.50	265.00	WTSP;0.889
280.50	285.00	WTSP;0.984
286.00	288.75	WTSP;0.954
104.25	104.50	YRWA;0.529
