11.00	14.00	AMRO;0.752
19.00	20.00	AMRO;0.545
23.00	24.00	AMRO;0.660
29.00	29.50	AMRO;0.575
121.50	123.50	AMRO;0.715
190.75	191.00	AMRO;0.525
274.50	275.50	AMRO;0.591
285.25	287.50	AMRO;0.909
294.50	297.00	AMRO;0.792
302.50	304.50	AMRO;0.855
311.75	315.00	AMRO;0.919
320.00	323.50	AMRO;0.930
332.75	334.75	AMRO;0.783
342.00	343.25	AMRO;0.634
351.75	354.50	AMRO;0.945
362.25	365.50	AMRO;0.921
377.25	379.25	AMRO;0.862
389.00	391.75	AMRO;0.944
396.50	398.75	AMRO;0.811
406.00	409.50	AMRO;0.857
412.75	414.75	AMRO;0.770
415.50	416.75	AMRO;0.570
424.00	425.50	AMRO;0.698
432.00	435.00	AMRO;0.854
443.50	447.00	AMRO;0.955
452.50	452.75	AMRO;0.506
453.00	456.00	AMRO;0.881
459.00	463.00	AMRO;0.961
465.50	468.50	AMRO;0.899
452.50	453.50	BCCH;0.580
15.75	16.75	BWTE;0.722
37.50	39.00	CEDW;0.600
47.00	49.50	CEDW;0.938
13.50	16.50	CHSP;0.949
24.00	27.75	CHSP;0.965
67.50	71.00	CHSP;0.927
84.25	87.00	CHSP;0.963
107.00	110.75	CHSP;0.966
117.00	120.50	CHSP;0.953
125.75	129.50	CHSP;0.971
137.00	139.50	CHSP;0.877
147.50	151.50	CHSP;0.968
163.50	166.75	CHSP;0.955
173.00	177.25	CHSP;0.973
183.00	186.50	CHSP;0.966
192.00	195.50	CHSP;0.978
202.00	205.50	CHSP;0.925
211.50	216.00	CHSP;0.970
221.25	225.50	CHSP;0.976
230.25	234.25	CHSP;0.977
240.75	244.25	CHSP;0.974
250.75	254.75	CHSP;0.969
265.50	269.00	CHSP;0.966
274.00	277.50	CHSP;0.967
282.00	285.50	CHSP;0.970
291.50	295.25	CHSP;0.969
299.25	303.00	CHSP;0.974
307.00	311.00	CHSP;0.980
317.25	320.00	CHSP;0.942
328.50	330.50	CHSP;0.856
335.00	337.75	CHSP;0.899
344.75	347.50	CHSP;0.914
353.00	356.25	CHSP;0.935
362.00	364.00	CHSP;0.817
370.25	373.50	CHSP;0.963
379.00	382.50	CHSP;0.956
389.00	392.00	CHSP;0.904
395.00	398.50	CHSP;0.952
403.50	406.75	CHSP;0.955
414.00	417.25	CHSP;0.932
421.00	424.00	CHSP;0.945
431.50	434.75	CHSP;0.974
439.00	442.00	CHSP;0.976
447.00	451.25	CHSP;0.960
455.25	459.00	CHSP;0.949
464.00	467.50	CHSP;0.978
476.00	479.75	CHSP;0.978
485.00	488.00	CHSP;0.955
495.00	498.00	CHSP;0.944
502.75	506.50	CHSP;0.978
547.00	549.50	CHSP;0.907
565.50	568.75	CHSP;0.978
580.25	583.25	CHSP;0.975
590.50	593.00	CHSP;0.888
579.25	580.50	DEJU;0.589
343.50	343.75	GWTE;0.532
380.00	381.00	GWTE;0.591
434.75	435.25	GWTE;0.528
338.25	338.75	HASP;0.507
21.00	22.50	LBDO;0.594
219.00	221.00	MOCH;0.731
328.25	328.50	OCWA;0.510
201.75	202.00	RUGR;0.502
2.25	3.50	SOSP;0.691
34.00	36.50	VATH;0.946
82.50	82.75	VATH;0.511
507.50	507.75	VATH;0.500
4.00	6.75	WCSP;0.931
109.50	112.00	WTSP;0.889
