368.75	369.00	AGOL;0.518
309.75	310.50	ATSP;0.603
106.00	106.25	BCCH;0.530
312.00	312.75	BCCH;0.598
336.00	336.25	BCCH;0.528
293.50	293.75	BFAL;0.503
1.00	5.00	CHSP;0.982
8.00	11.50	CHSP;0.979
15.75	19.75	CHSP;0.981
30.50	34.25	CHSP;0.977
38.50	42.50	CHSP;0.979
45.75	49.50	CHSP;0.982
66.00	69.50	CHSP;0.957
72.75	75.25	CHSP;0.855
289.25	294.00	CHSP;0.979
297.50	301.25	CHSP;0.989
305.50	308.50	CHSP;0.918
412.00	415.00	CHSP;0.957
452.00	453.00	CHSP;0.829
220.75	221.50	FISP;0.591
467.75	468.00	FISP;0.519
526.75	527.25	FISP;0.546
589.00	590.50	FISP;0.627
164.00	164.50	FOSP;0.543
190.50	193.50	FOSP;0.935
199.50	202.50	FOSP;0.943
213.00	215.00	FOSP;0.845
233.75	236.50	FOSP;0.930
241.25	241.50	FOSP;0.518
303.50	305.50	GCSP;0.796
310.00	311.50	GCSP;0.605
329.00	331.00	GCSP;0.683
339.50	340.00	GCSP;0.549
431.00	431.75	GCSP;0.599
66.50	67.50	HASP;0.605
598.50	599.50	HASP;0.580
29.25	30.50	LISP;0.692
44.50	45.50	LISP;0.641
162.00	162.25	LISP;0.501
162.50	163.00	LISP;0.561
3.75	5.75	MOCH;0.752
13.25	14.25	MOCH;0.546
75.50	76.25	MOCH;0.539
108.50	108.75	MOCH;0.503
141.75	143.50	MOCH;0.655
320.50	322.00	MOCH;0.639
389.25	389.50	MOCH;0.545
422.75	425.00	MOCH;0.945
447.75	449.25	MOCH;0.649
457.00	458.00	MOCH;0.708
489.25	490.00	MOCH;0.651
530.50	530.75	MOCH;0.531
531.00	531.25	MOCH;0.508
550.00	550.50	MOCH;0.666
560.25	563.50	MOCH;0.693
585.50	586.25	MOCH;0.588
592.25	592.75	MOCH;0.578
599.25	599.50	NOWA;0.524
599.75	600.00	NOWA;0.518
18.25	18.50	PISI;0.720
18.75	29.50	PISI;0.994
37.50	37.75	PISI;0.699
53.00	66.50	PISI;0.990
453.50	457.25	PISI;0.940
459.75	460.75	PISI;0.779
462.25	464.50	PISI;0.989
466.50	467.00	PISI;0.767
468.25	470.50	PISI;0.975
473.50	477.50	PISI;0.981
487.75	489.50	PISI;0.928
499.25	499.75	PISI;0.717
502.50	505.00	PISI;0.986
566.25	568.25	PISI;0.905
547.00	548.50	RUBL;0.761
244.75	245.50	SAPH;0.640
181.00	182.25	SOSP;0.592
203.25	205.50	SOSP;0.911
208.75	211.25	SOSP;0.968
217.75	220.25	SOSP;0.810
224.00	227.50	SOSP;0.886
232.25	234.50	SOSP;0.969
248.25	250.75	SOSP;0.918
266.50	269.00	SOSP;0.974
513.00	513.25	SOSP;0.530
513.50	513.75	SOSP;0.514
34.75	36.50	SWSP;0.873
50.00	50.25	SWSP;0.525
70.50	72.50	SWSP;0.873
78.50	80.25	SWSP;0.771
86.75	87.00	SWSP;0.501
93.00	94.75	SWSP;0.843
100.50	102.00	SWSP;0.734
109.25	109.75	SWSP;0.539
123.50	125.00	SWSP;0.664
131.00	133.00	SWSP;0.883
138.50	140.75	SWSP;0.840
160.75	162.50	SWSP;0.728
196.25	197.00	SWSP;0.565
203.00	203.75	SWSP;0.540
231.25	232.00	SWSP;0.611
238.00	239.00	SWSP;0.574
246.00	246.50	SWSP;0.536
252.75	254.50	SWSP;0.734
275.00	276.50	SWSP;0.663
303.75	304.25	SWSP;0.511
322.00	325.50	SWSP;0.816
330.25	332.75	SWSP;0.898
352.00	354.00	SWSP;0.848
359.00	360.00	SWSP;0.648
367.50	367.75	SWSP;0.507
410.00	410.75	SWSP;0.540
422.50	424.00	SWSP;0.771
464.75	465.25	SWSP;0.551
472.25	472.50	SWSP;0.503
478.75	480.00	SWSP;0.898
501.75	503.00	SWSP;0.792
516.50	517.50	SWSP;0.730
522.75	523.50	SWSP;0.613
529.50	531.00	SWSP;0.756
549.75	550.25	SWSP;0.539
551.00	551.50	SWSP;0.540
551.75	552.00	SWSP;0.522
564.50	565.00	SWSP;0.549
571.75	573.00	SWSP;0.690
578.00	579.00	SWSP;0.598
579.75	580.25	SWSP;0.514
585.50	588.00	SWSP;0.922
107.25	108.50	TEWA;0.537
153.50	154.00	TEWA;0.592
402.50	402.75	TEWA;0.507
429.00	430.50	TEWA;0.584
487.75	488.00	TEWA;0.548
508.00	509.75	TEWA;0.686
558.00	559.00	TEWA;0.589
599.00	599.50	VATH;0.551
36.25	37.50	VGSW;0.662
412.00	413.25	WATA;0.664
7.00	7.75	WCSP;0.589
249.75	250.00	WCSP;0.508
294.00	296.50	WCSP;0.913
343.00	346.00	WCSP;0.928
354.50	356.75	WCSP;0.805
370.50	372.00	WCSP;0.721
465.25	465.75	WCSP;0.525
531.50	532.25	WCSP;0.628
544.00	546.00	WCSP;0.735
592.75	594.50	WCSP;0.769
13.50	14.50	WTSP;0.797
54.50	55.00	WTSP;0.709
83.00	85.50	WTSP;0.978
86.50	87.25	WTSP;0.746
94.50	98.00	WTSP;0.967
103.25	106.00	WTSP;0.972
115.25	117.50	WTSP;0.917
125.25	128.50	WTSP;0.926
135.50	138.00	WTSP;0.960
147.50	149.50	WTSP;0.923
154.50	157.00	WTSP;0.933
157.50	161.00	WTSP;0.984
171.25	172.25	WTSP;0.796
177.00	181.75	WTSP;0.876
182.25	185.50	WTSP;0.943
194.00	197.50	WTSP;0.969
205.00	209.50	WTSP;0.981
217.50	221.50	WTSP;0.941
227.50	227.75	WTSP;0.713
230.50	233.25	WTSP;0.935
246.50	249.00	WTSP;0.954
254.00	257.75	WTSP;0.909
263.00	265.50	WTSP;0.921
269.00	270.25	WTSP;0.737
280.00	281.25	WTSP;0.839
282.00	286.00	WTSP;0.954
286.25	289.00	WTSP;0.963
308.25	309.00	WTSP;0.719
319.00	321.50	WTSP;0.932
324.50	327.50	WTSP;0.949
347.00	352.25	WTSP;0.978
359.50	363.00	WTSP;0.916
372.50	374.25	WTSP;0.841
382.25	383.25	WTSP;0.730
383.50	385.50	WTSP;0.905
392.75	398.00	WTSP;0.983
405.25	407.75	WTSP;0.882
408.00	412.50	WTSP;0.973
418.75	420.50	WTSP;0.821
433.50	438.25	WTSP;0.959
441.50	448.00	WTSP;0.983
467.00	468.50	WTSP;0.831
482.50	483.50	WTSP;0.752
490.00	492.00	WTSP;0.878
495.00	497.00	WTSP;0.932
501.25	501.50	WTSP;0.716
505.25	507.75	WTSP;0.864
511.50	514.00	WTSP;0.919
518.50	520.50	WTSP;0.814
549.25	552.00	WTSP;0.871
560.25	563.25	WTSP;0.923
572.00	574.50	WTSP;0.953
576.00	576.75	WTSP;0.766
579.50	581.00	WTSP;0.775
587.50	590.00	WTSP;0.864
150.50	153.50	YRWA;0.904
172.00	173.75	YRWA;0.845
309.00	309.75	YRWA;0.586
318.00	319.50	YRWA;0.721
328.50	330.00	YRWA;0.767
386.50	388.00	YRWA;0.781
