2.25	3.00	AMRO;0.563
11.00	12.00	AMRO;0.648
14.50	15.25	AMRO;0.592
25.00	25.25	AMRO;0.509
31.00	32.50	AMRO;0.829
38.50	44.75	AMRO;0.902
49.00	49.25	AMRO;0.544
51.25	56.25	AMRO;0.853
57.50	59.00	AMRO;0.744
61.50	63.00	AMRO;0.757
71.00	76.75	AMRO;0.936
79.00	81.50	AMRO;0.947
86.00	89.50	AMRO;0.958
90.75	93.00	AMRO;0.772
94.00	94.25	AMRO;0.508
100.25	107.25	AMRO;0.945
181.50	187.00	AMRO;0.955
197.25	200.50	AMRO;0.938
200.75	201.00	AMRO;0.524
203.25	204.00	AMRO;0.557
218.75	220.50	AMRO;0.706
227.50	228.50	AMRO;0.604
232.75	234.50	AMRO;0.595
240.00	240.25	AMRO;0.510
240.50	241.50	AMRO;0.581
243.50	246.00	AMRO;0.764
248.00	254.50	AMRO;0.929
267.75	271.25	AMRO;0.731
278.50	279.75	AMRO;0.670
280.50	282.25	AMRO;0.639
283.25	285.50	AMRO;0.852
287.50	289.00	AMRO;0.672
295.50	296.50	AMRO;0.640
297.50	297.75	AMRO;0.529
146.50	148.25	BHVI;0.810
21.75	22.50	BRSP;0.607
27.75	28.00	BRSP;0.515
62.75	63.25	BRSP;0.542
70.00	70.50	BRSP;0.543
109.75	111.00	BRSP;0.634
116.00	116.25	BRSP;0.508
123.25	124.00	BRSP;0.512
129.50	130.00	BRSP;0.509
152.50	153.00	BRSP;0.526
177.00	179.00	BRSP;0.667
191.50	191.75	BRSP;0.520
233.25	233.50	BRSP;0.505
239.50	239.75	BRSP;0.570
258.00	258.50	BRSP;0.569
103.00	103.25	BRTH;0.501
3.25	3.50	CHSP;0.501
33.50	33.75	CHSP;0.504
54.50	54.75	CHSP;0.519
69.25	69.75	CHSP;0.531
92.75	93.75	CHSP;0.557
100.00	100.50	CHSP;0.596
106.25	106.50	CHSP;0.532
129.00	130.00	CHSP;0.591
136.00	137.25	CHSP;0.584
144.50	146.50	CHSP;0.708
153.25	154.00	CHSP;0.540
169.00	170.25	CHSP;0.663
184.75	187.00	CHSP;0.777
200.50	201.50	CHSP;0.556
208.00	209.25	CHSP;0.569
216.50	217.00	CHSP;0.558
225.25	226.50	CHSP;0.687
231.50	232.50	CHSP;0.562
246.00	247.00	CHSP;0.597
256.25	256.50	CHSP;0.522
256.75	257.50	CHSP;0.532
263.25	263.50	CHSP;0.503
273.00	273.25	CHSP;0.524
281.00	282.75	CHSP;0.680
296.00	297.25	CHSP;0.640
15.50	15.75	DEJU;0.524
16.00	17.00	DEJU;0.594
20.25	21.00	DEJU;0.544
33.25	33.50	DEJU;0.527
135.25	135.75	DEJU;0.532
262.00	262.25	DEJU;0.509
287.00	287.50	DEJU;0.632
171.00	171.25	EAME;0.527
13.00	13.50	FOSP;0.530
28.50	30.50	FOSP;0.755
82.00	83.25	FOSP;0.639
95.25	97.00	FOSP;0.775
108.75	110.00	FOSP;0.651
113.75	115.75	FOSP;0.881
121.75	123.25	FOSP;0.662
130.50	133.00	FOSP;0.747
139.50	141.25	FOSP;0.742
154.25	156.75	FOSP;0.860
157.00	157.25	FOSP;0.501
157.50	162.25	FOSP;0.884
171.50	174.00	FOSP;0.875
176.75	177.50	FOSP;0.601
188.25	190.75	FOSP;0.893
192.50	193.75	FOSP;0.593
223.50	224.50	FOSP;0.577
230.00	230.50	FOSP;0.584
238.00	238.25	FOSP;0.526
272.25	274.00	FOSP;0.725
290.75	293.00	FOSP;0.859
47.00	48.75	LISP;0.831
59.25	61.50	LISP;0.811
72.00	73.75	LISP;0.699
111.75	113.50	LISP;0.769
124.75	127.00	LISP;0.859
165.50	167.50	LISP;0.875
220.75	222.00	LISP;0.693
66.75	67.50	PIGR;0.555
5.00	6.00	PISI;0.689
10.75	12.00	PISI;0.676
12.25	12.50	PISI;0.536
118.00	120.75	PISI;0.889
260.25	260.50	PUFI;0.519
83.50	83.75	RBGR;0.524
90.00	90.25	RBGR;0.542
90.50	91.00	RBGR;0.555
168.00	168.50	SNBU;0.510
204.50	204.75	SNBU;0.507
4.00	4.25	TOSO;0.525
7.00	7.75	TOSO;0.535
11.75	12.50	TOSO;0.542
17.25	18.25	TOSO;0.651
97.00	98.00	TOSO;0.549
263.00	263.25	TOSO;0.531
212.25	212.50	WEME;0.538
18.75	20.50	WTSP;0.833
