1.50	5.00	AMRO;0.980
7.00	10.00	AMRO;0.919
13.00	16.50	AMRO;0.979
18.50	22.25	AMRO;0.981
24.00	27.25	AMRO;0.986
29.00	37.00	AMRO;0.960
40.50	43.50	AMRO;0.978
46.50	53.00	AMRO;0.982
54.00	57.00	AMRO;0.980
58.50	62.00	AMRO;0.969
65.50	73.50	AMRO;0.977
73.75	77.75	AMRO;0.984
79.00	82.25	AMRO;0.980
84.25	90.50	AMRO;0.966
93.50	95.25	AMRO;0.933
102.50	105.50	AMRO;0.985
107.50	113.75	AMRO;0.984
115.50	122.50	AMRO;0.983
126.50	129.75	AMRO;0.977
134.50	142.25	AMRO;0.985
143.25	147.00	AMRO;0.981
149.50	152.50	AMRO;0.969
155.50	157.75	AMRO;0.889
159.00	166.00	AMRO;0.997
169.50	172.50	AMRO;0.989
175.75	179.50	AMRO;0.974
180.25	184.50	AMRO;0.978
186.00	189.00	AMRO;0.968
190.25	193.75	AMRO;0.976
197.50	200.75	AMRO;0.957
202.50	205.75	AMRO;0.945
209.50	211.50	AMRO;0.868
215.75	219.00	AMRO;0.966
221.00	224.00	AMRO;0.964
227.00	235.00	AMRO;0.988
236.25	240.00	AMRO;0.974
242.50	244.75	AMRO;0.909
247.50	251.25	AMRO;0.989
253.50	256.75	AMRO;0.976
258.75	262.50	AMRO;0.978
265.00	268.50	AMRO;0.978
271.00	274.75	AMRO;0.981
275.25	279.50	AMRO;0.974
283.00	286.75	AMRO;0.984
294.00	297.50	AMRO;0.970
97.25	98.00	BAEA;0.559
166.75	167.25	BAOR;0.534
16.00	18.25	CHSP;0.839
64.50	65.25	PHVI;0.643
158.75	159.25	PIGR;0.580
69.00	69.75	REVI;0.580
123.00	124.75	REVI;0.734
129.50	130.50	REVI;0.673
137.00	138.50	REVI;0.782
4.50	5.75	RUBL;0.691
179.75	180.75	SWSP;0.693
39.00	40.50	WCSP;0.625
252.25	252.50	WCSP;0.500
259.00	260.25	WCSP;0.727
267.50	267.75	WCSP;0.530
273.00	275.25	WCSP;0.828
281.00	283.50	WCSP;0.833
289.50	292.00	WCSP;0.933
298.00	300.00	WCSP;0.867
101.00	103.00	WIWA;0.853
113.50	115.50	WIWA;0.809
133.25	133.50	WIWA;0.515
61.50	61.75	WWCR;0.553
