35.25	35.50	ATSP;0.524
104.25	105.50	BCCH;0.652
50.50	51.00	BRSP;0.581
10.00	11.50	CHSP;0.702
100.50	101.00	CHSP;0.525
148.00	149.50	CHSP;0.691
176.50	179.00	CHSP;0.919
202.00	204.00	CHSP;0.864
97.75	99.00	EAME;0.602
94.75	95.50	FISP;0.591
22.75	23.00	FOSP;0.508
33.00	35.00	FOSP;0.792
43.25	45.50	FOSP;0.738
54.00	55.00	FOSP;0.646
64.25	65.50	FOSP;0.592
75.25	75.75	FOSP;0.522
99.00	99.50	FOSP;0.540
110.50	111.00	FOSP;0.540
117.50	119.50	FOSP;0.840
122.00	124.25	FOSP;0.916
132.75	134.50	FOSP;0.818
136.75	137.50	FOSP;0.572
142.00	144.50	FOSP;0.882
154.50	154.75	FOSP;0.524
161.00	163.75	FOSP;0.887
164.00	165.00	FOSP;0.595
172.00	174.50	FOSP;0.854
181.00	183.25	FOSP;0.894
189.00	191.75	FOSP;0.801
200.00	200.50	FOSP;0.536
208.00	210.50	FOSP;0.814
216.00	218.00	FOSP;0.795
225.75	227.25	FOSP;0.786
230.25	231.25	FOSP;0.575
244.25	246.00	FOSP;0.748
250.75	253.00	FOSP;0.749
257.50	259.50	FOSP;0.806
264.25	266.75	FOSP;0.825
273.00	275.25	FOSP;0.682
296.25	298.00	FOSP;0.689
129.50	130.00	HETH;0.554
256.50	257.25	HETH;0.525
81.75	82.00	LISP;0.523
82.25	82.50	LISP;0.531
21.75	22.50	SNBU;0.594
161.50	162.00	SNBU;0.570
167.75	168.50	SNBU;0.597
178.50	179.25	SNBU;0.566
189.00	189.25	SNBU;0.534
211.25	212.00	SNBU;0.566
225.50	226.00	SNBU;0.674
280.25	280.50	SNBU;0.513
3.75	6.25	WTSP;0.954
25.50	27.50	WTSP;0.886
47.75	51.25	WTSP;0.967
69.50	72.25	WTSP;0.930
72.75	73.50	WTSP;0.547
91.75	95.00	WTSP;0.969
