173.75	174.25	AMGP;0.523
3.00	3.25	AMRO;0.536
13.75	14.25	AMRO;0.525
144.75	145.50	AMRO;0.558
322.00	323.50	AMRO;0.610
361.50	363.50	AMRO;0.667
511.75	512.50	BHCO;0.575
208.75	210.00	BLOY;0.670
52.50	54.00	CHSP;0.656
69.00	71.25	CHSP;0.876
85.00	86.00	CHSP;0.624
122.50	124.75	CHSP;0.713
159.00	161.00	CHSP;0.743
168.75	169.00	CHSP;0.519
191.00	193.25	CHSP;0.908
200.00	202.50	CHSP;0.961
227.50	228.25	CHSP;0.526
238.00	241.50	CHSP;0.905
282.50	283.75	CHSP;0.646
304.50	306.00	CHSP;0.617
324.50	327.00	CHSP;0.840
367.00	367.50	CHSP;0.515
367.75	368.00	CHSP;0.522
398.00	399.50	CHSP;0.628
406.00	408.25	CHSP;0.656
459.00	460.75	CHSP;0.792
465.00	468.50	CHSP;0.840
520.00	522.50	CHSP;0.715
541.00	542.25	CHSP;0.579
548.50	551.75	CHSP;0.901
576.75	578.00	CHSP;0.583
360.75	362.00	EAME;0.701
18.00	19.00	FISP;0.578
36.00	37.50	FOSP;0.683
49.50	51.00	FOSP;0.659
175.75	176.75	FOSP;0.571
196.25	196.50	FOSP;0.518
334.25	335.50	FOSP;0.627
270.00	270.25	HOLA;0.537
25.50	25.75	LISP;0.501
26.00	26.25	LISP;0.530
42.50	44.25	LISP;0.749
40.50	42.75	MOCH;0.946
57.50	58.50	MOCH;0.704
78.00	80.00	MOCH;0.668
87.75	88.00	MOCH;0.507
104.50	105.25	MOCH;0.556
131.00	131.25	MOCH;0.543
142.50	143.50	MOCH;0.631
561.00	561.75	MOCH;0.559
115.25	116.50	OCWA;0.732
381.50	382.00	OROR;0.528
248.00	248.25	SESA;0.563
92.50	93.50	SNBU;0.746
129.00	129.25	SOSA;0.511
434.75	435.25	VATH;0.606
259.25	259.50	WATA;0.515
301.75	303.50	WIWA;0.727
0.00	1.75	WTSP;0.821
9.00	12.00	WTSP;0.936
15.25	18.00	WTSP;0.887
19.50	24.00	WTSP;0.985
29.00	31.50	WTSP;0.904
55.75	58.00	WTSP;0.914
71.75	74.00	WTSP;0.919
75.75	78.50	WTSP;0.955
79.50	82.00	WTSP;0.862
85.50	88.00	WTSP;0.941
90.50	92.00	WTSP;0.838
101.25	105.00	WTSP;0.954
109.00	114.25	WTSP;0.952
119.50	121.75	WTSP;0.900
130.00	130.75	WTSP;0.717
131.25	131.50	WTSP;0.727
131.75	132.00	WTSP;0.730
140.00	143.00	WTSP;0.952
149.50	152.25	WTSP;0.944
186.50	188.50	WTSP;0.827
202.25	204.25	WTSP;0.851
216.00	219.00	WTSP;0.955
221.75	223.50	WTSP;0.887
232.25	235.00	WTSP;0.971
279.50	281.50	WTSP;0.861
307.75	309.50	WTSP;0.895
316.00	320.00	WTSP;0.991
326.50	331.00	WTSP;0.984
339.50	343.25	WTSP;0.950
350.50	355.00	WTSP;0.977
357.50	359.50	WTSP;0.850
362.50	367.00	WTSP;0.977
373.50	378.50	WTSP;0.979
379.00	379.75	WTSP;0.710
384.75	389.75	WTSP;0.977
399.00	403.25	WTSP;0.984
410.75	415.00	WTSP;0.984
425.00	429.75	WTSP;0.986
438.50	443.00	WTSP;0.978
448.75	453.25	WTSP;0.981
460.00	464.50	WTSP;0.981
475.00	479.25	WTSP;0.988
488.25	492.50	WTSP;0.971
495.50	497.00	WTSP;0.820
500.00	504.50	WTSP;0.976
512.00	520.75	WTSP;0.977
528.00	531.00	WTSP;0.946
532.25	537.00	WTSP;0.979
543.50	547.75	WTSP;0.961
556.75	561.00	WTSP;0.969
561.50	564.00	WTSP;0.952
570.75	575.50	WTSP;0.979
582.50	587.00	WTSP;0.983
595.50	600.00	WTSP;0.979
364.00	365.25	YRWA;0.718
395.50	397.75	YRWA;0.837
