100.50	101.50	AMRO;0.635
76.00	76.25	DUNL;0.547
275.25	275.50	EVGR;0.501
85.25	87.00	FOSP;0.732
110.75	113.75	FOSP;0.856
131.00	133.00	FOSP;0.830
161.50	164.00	FOSP;0.842
174.25	176.75	FOSP;0.768
225.25	225.75	FOSP;0.544
23.75	24.25	GCSP;0.520
2.00	2.50	LISP;0.545
21.00	21.75	LISP;0.534
30.50	31.75	LISP;0.668
39.00	41.00	LISP;0.807
49.00	49.50	LISP;0.524
58.00	60.25	LISP;0.863
68.00	69.50	LISP;0.720
77.75	79.00	LISP;0.643
88.00	88.50	LISP;0.580
96.50	98.50	LISP;0.848
106.50	107.50	LISP;0.628
126.00	128.00	LISP;0.780
136.00	138.00	LISP;0.842
145.50	147.50	LISP;0.793
155.75	157.50	LISP;0.817
166.50	168.50	LISP;0.844
23.00	23.25	MOCH;0.527
149.50	150.50	MOCH;0.673
241.50	242.00	REVI;0.561
15.75	16.50	RUBL;0.557
186.75	187.50	SNBU;0.633
224.75	225.25	SNBU;0.568
235.75	237.50	SNBU;0.744
246.50	248.75	SNBU;0.930
260.75	263.00	SNBU;0.852
274.50	275.00	SNBU;0.546
123.00	125.00	VATH;0.900
148.75	149.25	VATH;0.531
53.75	56.50	WCSP;0.826
64.50	64.75	WCSP;0.501
121.50	122.50	WCSP;0.612
142.00	142.75	WCSP;0.598
207.75	208.50	WEWP;0.586
238.25	238.50	WEWP;0.509
150.25	152.25	WTSP;0.630
182.25	184.00	WTSP;0.682
194.50	197.00	WTSP;0.817
233.00	233.50	WTSP;0.545
