58.50	60.50	CHSP;0.859
70.00	72.75	CHSP;0.930
87.50	90.00	CHSP;0.738
99.00	102.50	CHSP;0.948
110.50	113.50	CHSP;0.911
8.50	9.50	FOSP;0.789
39.50	42.75	FOSP;0.878
49.00	52.00	FOSP;0.923
62.25	64.50	FOSP;0.798
73.00	75.00	FOSP;0.798
92.50	94.75	FOSP;0.845
109.50	109.75	FOSP;0.509
115.75	117.50	FOSP;0.723
127.00	128.50	FOSP;0.716
137.00	139.50	FOSP;0.883
153.75	155.75	FOSP;0.860
157.50	159.50	FOSP;0.764
165.50	168.00	FOSP;0.786
175.25	175.75	FOSP;0.557
179.00	181.00	FOSP;0.910
189.50	191.00	FOSP;0.742
192.00	194.25	FOSP;0.814
204.75	205.00	FOSP;0.502
216.00	217.50	FOSP;0.753
226.25	227.25	FOSP;0.599
235.00	239.25	FOSP;0.932
251.25	253.00	FOSP;0.858
253.75	254.25	FOSP;0.542
263.00	264.50	FOSP;0.698
266.75	269.50	FOSP;0.618
272.00	273.75	FOSP;0.839
277.50	279.00	FOSP;0.773
282.50	283.25	FOSP;0.568
285.50	285.75	FOSP;0.551
293.25	295.25	FOSP;0.865
297.25	299.50	FOSP;0.786
32.25	32.75	RUGR;0.536
34.25	35.00	RUGR;0.595
8.00	8.25	SNBU;0.556
48.25	49.00	SNBU;0.697
174.50	175.00	SNBU;0.623
189.00	189.50	SNBU;0.525
221.50	223.00	SNBU;0.736
281.75	282.50	SNBU;0.615
66.00	68.25	VATH;0.852
122.25	123.75	VATH;0.759
267.50	268.50	WCSP;0.655
3.50	7.00	WIWA;0.976
13.75	17.00	WIWA;0.980
22.50	25.50	WIWA;0.978
31.75	35.00	WIWA;0.982
45.00	48.25	WIWA;0.972
62.00	64.50	WIWA;0.906
72.75	75.50	WIWA;0.939
83.25	86.50	WIWA;0.975
96.25	99.50	WIWA;0.975
105.75	109.25	WIWA;0.977
120.25	123.75	WIWA;0.973
131.00	134.50	WIWA;0.972
142.50	146.00	WIWA;0.975
155.00	157.50	WIWA;0.906
164.25	167.25	WIWA;0.956
175.50	177.50	WIWA;0.828
181.50	185.00	WIWA;0.981
192.00	194.50	WIWA;0.920
201.00	204.75	WIWA;0.970
214.25	217.00	WIWA;0.970
227.25	230.50	WIWA;0.976
241.00	244.50	WIWA;0.977
254.25	257.50	WIWA;0.975
262.75	264.75	WIWA;0.848
273.50	276.50	WIWA;0.971
282.00	284.00	WIWA;0.784
289.75	293.00	WIWA;0.980
298.50	300.00	WIWA;0.853
78.00	80.50	WTSP;0.915
80.75	81.00	WTSP;0.541
172.00	172.75	WTSP;0.560
186.50	187.50	WTSP;0.591
