250.50	250.75	AMWO;0.509
20.50	23.50	BRSP;0.864
42.50	43.00	BRSP;0.557
91.75	92.00	BRSP;0.504
92.25	92.50	BRSP;0.501
113.50	114.50	BRSP;0.655
2.50	5.75	CCSP;0.936
33.75	36.25	CCSP;0.905
43.50	45.00	CCSP;0.705
65.00	67.75	CCSP;0.855
95.50	95.75	CCSP;0.504
105.50	105.75	CCSP;0.501
108.25	110.50	CCSP;0.747
117.50	122.00	CCSP;0.872
127.00	129.75	CCSP;0.948
142.00	144.00	CCSP;0.814
164.50	166.50	CCSP;0.763
173.50	176.00	CCSP;0.873
182.50	183.75	CCSP;0.671
195.50	197.75	CCSP;0.845
203.00	204.50	CCSP;0.659
213.25	213.50	CCSP;0.516
221.00	221.25	CCSP;0.501
221.50	222.75	CCSP;0.675
274.50	275.50	CCSP;0.666
291.50	299.00	CCSP;0.948
31.00	32.00	CHSP;0.631
92.50	93.00	CHSP;0.583
102.50	102.75	CHSP;0.512
103.00	105.00	CHSP;0.647
115.00	116.00	CHSP;0.556
115.75	117.25	DEJU;0.600
13.25	15.25	FOSP;0.796
40.50	41.50	FOSP;0.561
1.00	1.25	HASP;0.504
19.25	19.50	MOCH;0.569
19.75	20.00	MOCH;0.541
110.75	111.50	PISI;0.648
154.75	156.25	PISI;0.876
181.00	182.50	PISI;0.791
217.00	217.50	PISI;0.604
32.00	33.25	SNBU;0.674
49.00	50.25	SNBU;0.793
59.25	59.50	SNBU;0.505
59.75	60.00	SNBU;0.519
88.50	88.75	SNBU;0.535
2.00	2.50	VATH;0.540
2.75	3.00	VATH;0.500
