5.25	11.00	AMRO;0.977
13.00	17.50	AMRO;0.990
19.25	25.25	AMRO;0.948
28.00	34.00	AMRO;0.983
34.50	38.50	AMRO;0.985
38.75	41.25	AMRO;0.922
43.00	47.00	AMRO;0.987
48.50	56.00	AMRO;0.975
58.00	59.50	AMRO;0.753
62.00	70.50	AMRO;0.989
71.75	73.75	AMRO;0.901
77.25	89.25	AMRO;0.987
93.00	95.25	AMRO;0.881
95.50	95.75	AMRO;0.735
96.00	99.50	AMRO;0.966
104.25	107.25	AMRO;0.985
109.75	113.25	AMRO;0.983
114.25	117.50	AMRO;0.971
119.00	124.75	AMRO;0.968
127.00	128.50	AMRO;0.771
129.00	131.50	AMRO;0.912
133.00	135.75	AMRO;0.988
136.25	139.25	AMRO;0.943
139.50	139.75	AMRO;0.716
140.50	142.75	AMRO;0.928
144.00	148.00	AMRO;0.990
152.00	154.00	AMRO;0.925
158.00	160.25	AMRO;0.908
163.75	167.25	AMRO;0.981
171.25	174.25	AMRO;0.966
190.25	199.50	AMRO;0.987
202.00	205.50	AMRO;0.971
208.00	211.00	AMRO;0.936
214.00	221.50	AMRO;0.981
249.00	257.50	AMRO;0.981
260.25	263.25	AMRO;0.937
265.50	269.00	AMRO;0.987
270.75	274.50	AMRO;0.984
274.75	278.50	AMRO;0.987
280.75	284.00	AMRO;0.957
285.50	288.00	AMRO;0.954
290.00	294.50	AMRO;0.955
294.75	299.50	AMRO;0.936
1.75	3.00	BRTH;0.615
162.25	163.75	CHSP;0.737
242.25	244.00	CHSP;0.788
250.25	251.25	CHSP;0.746
277.50	279.75	CHSP;0.745
273.50	274.50	DEJU;0.601
107.75	108.25	LASP;0.517
100.00	101.50	LISP;0.768
225.25	226.50	LISP;0.709
280.25	282.00	LISP;0.743
297.00	298.25	LISP;0.602
245.50	246.75	NOCA;0.762
22.75	23.50	SWSP;0.580
28.00	28.50	SWSP;0.551
43.00	43.50	SWSP;0.551
56.25	57.50	SWSP;0.625
126.00	127.00	SWSP;0.592
148.75	150.25	SWSP;0.622
154.50	155.50	SWSP;0.596
177.50	179.50	SWSP;0.816
182.50	182.75	SWSP;0.516
187.25	189.50	SWSP;0.728
206.75	207.50	SWSP;0.613
233.25	235.25	SWSP;0.767
236.50	237.50	SWSP;0.599
240.75	242.25	SWSP;0.786
245.00	245.50	SWSP;0.550
249.00	250.00	SWSP;0.669
263.75	264.50	SWSP;0.554
29.25	30.50	TOSO;0.677
38.00	39.75	TOSO;0.678
49.75	51.00	TOSO;0.707
72.00	73.00	TOSO;0.566
89.00	90.50	TOSO;0.664
94.25	95.00	TOSO;0.632
139.25	140.75	TOSO;0.634
147.50	148.50	TOSO;0.520
154.25	155.50	TOSO;0.775
160.25	160.50	TOSO;0.530
221.00	221.75	TOSO;0.573
63.00	65.00	WCSP;0.777
79.25	80.75	WCSP;0.728
87.50	89.00	WCSP;0.647
95.00	97.25	WCSP;0.841
104.75	107.25	WCSP;0.846
111.75	114.50	WCSP;0.892
119.50	121.50	WCSP;0.865
157.00	158.75	WCSP;0.763
47.00	50.00	WTSP;0.962
65.25	67.00	WTSP;0.843
74.25	77.50	WTSP;0.975
83.50	85.50	WTSP;0.891
92.00	93.75	WTSP;0.836
100.50	105.00	WTSP;0.990
114.00	116.50	WTSP;0.862
124.00	126.00	WTSP;0.841
175.50	177.50	WTSP;0.909
184.00	188.00	WTSP;0.978
216.50	218.75	WTSP;0.888
228.50	232.75	WTSP;0.988
268.00	271.00	WTSP;0.967
278.50	279.75	WTSP;0.868
