0.50	5.50	AMRO;0.979
9.00	11.75	AMRO;0.983
14.00	17.25	AMRO;0.940
18.00	24.50	AMRO;0.972
26.75	28.75	AMRO;0.877
32.00	33.50	AMRO;0.787
37.50	40.25	AMRO;0.929
46.25	49.50	AMRO;0.961
51.50	53.50	AMRO;0.782
59.50	65.00	AMRO;0.974
69.00	75.00	AMRO;0.959
77.50	78.50	AMRO;0.772
82.50	84.75	AMRO;0.855
93.50	96.00	AMRO;0.917
97.75	103.75	AMRO;0.984
108.75	112.25	AMRO;0.940
122.00	122.75	AMRO;0.712
124.25	128.00	AMRO;0.978
131.00	134.50	AMRO;0.971
136.00	137.75	AMRO;0.829
140.75	144.50	AMRO;0.980
145.00	147.50	AMRO;0.890
148.50	150.50	AMRO;0.790
150.75	151.00	AMRO;0.729
152.25	156.50	AMRO;0.950
160.50	163.25	AMRO;0.935
165.25	169.75	AMRO;0.947
173.25	175.50	AMRO;0.880
177.50	181.00	AMRO;0.987
185.50	188.75	AMRO;0.975
190.50	193.50	AMRO;0.958
197.00	197.25	AMRO;0.694
197.50	199.00	AMRO;0.835
203.00	205.25	AMRO;0.848
207.75	210.25	AMRO;0.957
220.50	222.50	AMRO;0.861
226.50	229.50	AMRO;0.981
230.50	232.50	AMRO;0.850
235.50	238.00	AMRO;0.821
240.00	242.00	AMRO;0.920
246.50	247.50	AMRO;0.799
254.50	256.25	AMRO;0.865
274.75	277.00	AMRO;0.919
286.00	289.25	AMRO;0.974
292.50	297.50	AMRO;0.964
7.75	9.25	BRSP;0.711
17.00	18.50	BRSP;0.608
23.25	24.00	BRSP;0.563
24.50	25.25	BRSP;0.528
25.75	26.50	BRSP;0.538
234.25	235.00	BRSP;0.598
235.25	235.50	BRSP;0.521
150.50	150.75	BRTH;0.565
0.25	2.50	CHSP;0.792
2.75	3.00	CHSP;0.696
8.50	11.00	CHSP;0.819
15.25	17.75	CHSP;0.852
22.50	26.25	CHSP;0.810
29.00	33.50	CHSP;0.846
36.25	39.50	CHSP;0.833
43.50	47.00	CHSP;0.941
48.75	53.00	CHSP;0.939
55.75	60.75	CHSP;0.915
64.00	69.00	CHSP;0.928
70.50	75.50	CHSP;0.949
79.25	83.00	CHSP;0.971
86.50	91.50	CHSP;0.963
95.50	98.50	CHSP;0.946
103.50	106.25	CHSP;0.917
110.00	122.25	CHSP;0.971
127.50	130.00	CHSP;0.892
134.50	138.50	CHSP;0.878
143.00	147.25	CHSP;0.916
149.50	153.00	CHSP;0.824
156.50	161.00	CHSP;0.974
163.75	167.50	CHSP;0.937
171.50	176.00	CHSP;0.897
180.00	184.50	CHSP;0.959
189.00	193.00	CHSP;0.893
205.50	209.00	CHSP;0.820
212.00	217.25	CHSP;0.959
220.25	226.25	CHSP;0.977
228.00	234.75	CHSP;0.968
237.00	243.50	CHSP;0.977
246.00	251.00	CHSP;0.958
256.25	260.25	CHSP;0.976
262.50	275.00	CHSP;0.984
277.00	284.50	CHSP;0.988
291.50	296.00	CHSP;0.975
298.00	300.00	CHSP;0.763
288.00	289.25	DEJU;0.554
299.00	299.75	DEJU;0.611
56.50	56.75	FOSP;0.502
65.50	67.00	FOSP;0.721
84.50	86.25	FOSP;0.801
94.00	94.25	FOSP;0.506
112.50	114.00	FOSP;0.737
129.00	130.75	FOSP;0.801
189.25	189.75	FOSP;0.548
194.75	196.25	FOSP;0.625
250.75	252.50	FOSP;0.807
290.00	291.50	FOSP;0.641
98.00	98.50	OCWA;0.534
31.25	32.00	RUGR;0.665
210.25	211.00	TOSO;0.566
6.50	7.50	WCSP;0.610
8.00	8.25	WCSP;0.519
27.00	28.00	WCSP;0.581
20.25	22.50	WTSP;0.859
35.50	37.00	WTSP;0.690
87.25	89.00	WTSP;0.772
92.25	92.50	WTSP;0.501
144.50	145.00	WTSP;0.531
162.50	164.00	WTSP;0.740
184.25	186.50	WTSP;0.840
193.50	194.25	WTSP;0.656
199.50	202.00	WTSP;0.848
232.75	234.25	WTSP;0.677
242.50	244.50	WTSP;0.780
253.75	256.00	WTSP;0.872
