5.25	6.25	AMRO;0.580
58.50	62.50	AMRO;0.726
65.00	66.75	AMRO;0.836
68.50	69.25	AMRO;0.561
76.50	76.75	AMRO;0.524
78.00	78.25	AMRO;0.533
78.50	79.75	AMRO;0.597
86.50	88.50	AMRO;0.822
91.25	93.25	AMRO;0.844
100.75	107.00	AMRO;0.929
115.50	116.25	AMRO;0.659
125.75	126.75	AMRO;0.533
129.50	129.75	AMRO;0.594
130.00	132.00	AMRO;0.901
135.75	136.50	AMRO;0.536
137.25	138.25	AMRO;0.565
138.75	145.00	AMRO;0.959
145.25	147.00	AMRO;0.692
154.50	154.75	AMRO;0.508
157.25	160.00	AMRO;0.840
171.50	173.50	AMRO;0.783
184.50	186.50	AMRO;0.798
245.25	248.00	AMRO;0.953
263.00	265.00	AMRO;0.690
363.00	364.50	AMRO;0.647
386.25	389.00	AMRO;0.925
418.00	421.25	AMRO;0.803
423.00	426.00	AMRO;0.853
433.00	435.75	AMRO;0.906
441.00	443.00	AMRO;0.786
447.50	449.00	AMRO;0.641
454.75	455.75	AMRO;0.642
479.50	479.75	AMRO;0.507
483.25	485.25	AMRO;0.839
486.50	488.50	AMRO;0.830
490.00	491.50	AMRO;0.716
506.50	507.50	AMRO;0.679
509.50	511.50	AMRO;0.769
39.50	41.00	BLJA;0.724
372.50	373.00	BLJA;0.542
219.50	219.75	BRSP;0.504
220.75	221.00	CHSP;0.507
524.00	524.25	DEJU;0.504
589.75	590.50	FISP;0.569
14.75	16.25	FOSP;0.672
19.50	21.50	FOSP;0.726
30.75	32.00	FOSP;0.602
41.50	44.00	FOSP;0.826
46.75	49.25	FOSP;0.838
70.50	71.50	FOSP;0.590
73.50	75.25	FOSP;0.680
99.00	100.50	FOSP;0.793
117.75	118.50	FOSP;0.652
120.50	121.75	FOSP;0.733
126.00	127.00	FOSP;0.699
128.75	129.00	FOSP;0.508
132.00	133.25	FOSP;0.738
151.50	153.25	FOSP;0.736
167.25	168.75	FOSP;0.611
174.50	176.50	FOSP;0.729
178.25	182.00	FOSP;0.878
196.00	197.00	FOSP;0.542
201.75	204.00	FOSP;0.801
208.25	210.00	FOSP;0.868
239.00	239.75	FOSP;0.743
257.25	258.00	FOSP;0.588
279.50	281.00	FOSP;0.665
290.50	292.25	FOSP;0.748
294.50	295.50	FOSP;0.622
309.25	310.00	FOSP;0.543
320.50	323.00	FOSP;0.731
326.50	328.00	FOSP;0.720
338.75	339.25	FOSP;0.528
349.75	351.00	FOSP;0.653
355.50	357.00	FOSP;0.707
369.50	370.75	FOSP;0.646
382.50	384.50	FOSP;0.720
399.50	400.75	FOSP;0.654
401.00	402.50	FOSP;0.761
414.00	414.50	FOSP;0.514
425.50	425.75	FOSP;0.528
430.25	432.00	FOSP;0.775
438.50	439.75	FOSP;0.648
452.75	454.75	FOSP;0.808
456.00	458.00	FOSP;0.792
464.75	465.50	FOSP;0.616
474.00	476.25	FOSP;0.759
481.00	481.50	FOSP;0.578
500.75	502.50	FOSP;0.794
522.25	523.00	FOSP;0.556
531.50	533.50	FOSP;0.783
538.50	539.25	FOSP;0.562
554.25	556.50	FOSP;0.752
585.75	587.25	FOSP;0.730
597.25	599.25	FOSP;0.823
22.75	23.00	GCSP;0.544
56.00	57.25	GCSP;0.688
29.00	29.50	HETH;0.568
76.50	77.00	HETH;0.594
298.50	299.25	HETH;0.629
215.50	217.50	LISP;0.878
513.75	514.00	LISP;0.508
572.75	573.25	LISP;0.564
245.25	246.00	MOCH;0.610
494.00	494.50	OROR;0.598
47.50	47.75	SNBU;0.505
70.50	71.00	SNBU;0.531
2.25	3.00	SWSP;0.544
61.50	64.50	SWSP;0.932
95.00	96.50	SWSP;0.674
267.00	269.00	SWSP;0.727
289.75	291.00	SWSP;0.630
291.25	291.50	SWSP;0.512
297.00	297.50	SWSP;0.557
117.00	117.25	TOSO;0.507
51.50	52.75	VATH;0.813
81.00	81.75	VATH;0.636
155.25	156.50	VATH;0.589
183.00	183.25	VATH;0.513
211.00	212.50	VATH;0.798
274.50	276.50	VATH;0.949
300.00	301.50	VATH;0.860
390.00	392.00	VATH;0.910
477.25	477.75	VATH;0.556
541.50	543.75	VATH;0.751
557.50	558.75	VATH;0.693
571.00	572.00	VATH;0.645
470.50	471.75	WATA;0.745
16.00	17.00	WCSP;0.587
24.25	25.50	WCSP;0.752
162.50	163.75	WCSP;0.710
173.50	174.25	WCSP;0.587
182.50	182.75	WCSP;0.541
183.00	185.00	WCSP;0.809
193.00	195.00	WCSP;0.849
230.00	232.25	WCSP;0.886
241.50	242.25	WCSP;0.564
531.50	532.50	WCSP;0.613
26.00	28.50	WIWA;0.816
34.50	36.50	WIWA;0.680
53.00	55.50	WIWA;0.881
75.25	75.50	WIWA;0.505
85.00	85.50	WIWA;0.573
104.50	107.00	WIWA;0.864
114.00	116.25	WIWA;0.788
195.00	195.75	WIWA;0.626
223.00	224.75	WIWA;0.825
233.50	236.25	WIWA;0.935
242.25	244.50	WIWA;0.877
251.50	254.25	WIWA;0.861
281.00	283.00	WIWA;0.876
289.00	290.00	WIWA;0.624
296.50	297.75	WIWA;0.619
305.25	306.50	WIWA;0.624
310.50	313.50	WIWA;0.827
323.50	326.00	WIWA;0.770
330.50	333.50	WIWA;0.950
341.00	344.00	WIWA;0.905
349.75	352.00	WIWA;0.828
358.00	360.75	WIWA;0.929
367.00	369.75	WIWA;0.931
379.75	382.50	WIWA;0.778
388.50	391.50	WIWA;0.949
0.00	2.00	WTSP;0.848
9.00	13.50	WTSP;0.932
21.00	24.25	WTSP;0.928
31.50	35.00	WTSP;0.982
43.25	46.25	WTSP;0.969
55.00	56.75	WTSP;0.852
66.00	70.00	WTSP;0.985
81.25	85.00	WTSP;0.989
92.50	95.75	WTSP;0.969
107.50	111.00	WTSP;0.983
121.50	125.25	WTSP;0.984
134.75	139.50	WTSP;0.984
145.75	149.00	WTSP;0.989
158.00	162.50	WTSP;0.989
187.75	191.00	WTSP;0.991
204.25	207.25	WTSP;0.979
226.25	230.50	WTSP;0.987
243.50	245.50	WTSP;0.859
253.75	256.25	WTSP;0.953
269.25	270.50	WTSP;0.881
319.75	320.00	WTSP;0.711
396.25	399.00	WTSP;0.946
403.00	406.50	WTSP;0.981
410.75	413.50	WTSP;0.963
419.50	422.50	WTSP;0.984
426.75	429.50	WTSP;0.990
435.00	438.25	WTSP;0.986
442.00	444.75	WTSP;0.977
450.00	452.50	WTSP;0.966
458.25	461.50	WTSP;0.975
467.75	470.75	WTSP;0.972
477.50	480.75	WTSP;0.977
486.75	490.00	WTSP;0.945
491.50	494.00	WTSP;0.961
496.75	499.50	WTSP;0.977
504.00	506.00	WTSP;0.953
511.00	518.25	WTSP;0.991
523.50	528.00	WTSP;0.990
534.50	538.75	WTSP;0.987
547.50	551.75	WTSP;0.959
559.00	559.75	WTSP;0.754
561.50	564.00	WTSP;0.921
573.75	577.50	WTSP;0.988
587.00	590.50	WTSP;0.993
