20.00	22.25	AMRO;0.708
39.50	39.75	AMRO;0.543
182.50	182.75	AMRO;0.510
183.00	183.25	AMRO;0.505
187.00	189.00	AMRO;0.719
195.50	196.50	AMRO;0.594
198.50	200.50	AMRO;0.795
204.50	206.00	AMRO;0.587
3.50	5.50	FOSP;0.802
13.00	15.00	FOSP;0.928
17.75	19.50	FOSP;0.687
23.75	24.75	FOSP;0.635
34.75	37.25	FOSP;0.816
44.50	47.00	FOSP;0.869
56.75	58.50	FOSP;0.639
68.25	70.50	FOSP;0.927
77.50	81.50	FOSP;0.877
89.00	91.50	FOSP;0.859
116.50	118.75	FOSP;0.886
134.75	136.75	FOSP;0.894
138.25	140.00	FOSP;0.791
145.50	147.75	FOSP;0.872
157.00	159.50	FOSP;0.912
162.25	163.25	FOSP;0.679
166.25	169.25	FOSP;0.900
171.00	173.00	FOSP;0.801
180.50	182.25	FOSP;0.778
191.50	192.75	FOSP;0.735
207.00	208.50	FOSP;0.627
216.25	217.75	FOSP;0.816
231.50	232.75	FOSP;0.735
241.50	243.75	FOSP;0.857
252.75	254.50	FOSP;0.819
264.50	266.00	FOSP;0.722
276.50	277.25	FOSP;0.580
288.50	291.00	FOSP;0.771
226.00	226.25	MOCH;0.516
209.75	210.50	NAWA;0.634
213.75	214.00	NAWA;0.529
27.50	29.00	OSFL;0.759
132.75	135.00	OSFL;0.818
177.50	178.75	OSFL;0.764
214.75	216.00	OSFL;0.827
298.75	300.00	OSFL;0.700
188.75	189.50	PROW;0.662
184.50	185.25	PUFI;0.586
55.00	55.25	WATA;0.508
163.00	164.25	WCSP;0.636
217.75	218.25	WCSP;0.598
5.50	10.00	WIWA;0.975
14.25	19.00	WIWA;0.967
22.50	27.50	WIWA;0.965
31.00	36.25	WIWA;0.981
39.75	45.75	WIWA;0.980
47.50	53.50	WIWA;0.975
57.00	57.25	WIWA;0.703
57.50	58.25	WIWA;0.703
65.00	68.75	WIWA;0.974
74.00	78.50	WIWA;0.958
83.25	88.50	WIWA;0.976
92.00	95.50	WIWA;0.977
96.75	100.00	WIWA;0.983
101.50	105.00	WIWA;0.979
107.00	113.75	WIWA;0.976
118.00	123.00	WIWA;0.990
127.50	131.75	WIWA;0.975
137.00	142.00	WIWA;0.966
147.00	149.75	WIWA;0.960
154.50	157.75	WIWA;0.973
160.00	162.50	WIWA;0.925
164.00	167.00	WIWA;0.945
173.00	177.50	WIWA;0.934
182.75	185.00	WIWA;0.963
187.00	188.50	WIWA;0.887
192.00	193.00	WIWA;0.778
194.00	196.50	WIWA;0.986
201.00	201.75	WIWA;0.770
202.25	205.50	WIWA;0.973
209.50	213.50	WIWA;0.977
218.00	224.00	WIWA;0.984
226.50	232.00	WIWA;0.982
236.00	239.00	WIWA;0.963
244.50	248.00	WIWA;0.974
254.25	258.75	WIWA;0.972
262.50	269.25	WIWA;0.970
271.50	275.00	WIWA;0.980
277.75	284.00	WIWA;0.980
290.00	293.25	WIWA;0.975
5.00	8.00	WTSP;0.968
15.50	17.50	WTSP;0.909
33.25	34.50	WTSP;0.846
41.25	43.50	WTSP;0.955
50.00	52.75	WTSP;0.782
59.50	64.00	WTSP;0.987
72.00	76.00	WTSP;0.982
85.50	88.00	WTSP;0.934
98.25	101.25	WTSP;0.946
113.00	116.00	WTSP;0.983
125.50	129.25	WTSP;0.966
141.00	144.00	WTSP;0.969
151.00	155.50	WTSP;0.987
164.00	165.50	WTSP;0.842
189.50	191.00	WTSP;0.923
195.50	196.75	WTSP;0.830
200.50	201.00	WTSP;0.718
211.75	215.00	WTSP;0.985
219.75	221.00	WTSP;0.835
222.75	225.75	WTSP;0.979
234.50	240.25	WTSP;0.979
247.50	251.00	WTSP;0.951
251.25	252.75	WTSP;0.860
260.25	263.50	WTSP;0.977
274.50	276.50	WTSP;0.908
292.00	294.50	WTSP;0.944
