230.50	231.25	AMDI;0.589
292.00	292.75	AMDI;0.572
124.00	124.50	AMRO;0.578
126.00	126.50	AMRO;0.566
130.00	133.00	AMRO;0.887
142.00	144.00	AMRO;0.766
269.75	272.00	AMRO;0.966
190.00	190.50	BCCH;0.544
63.00	65.25	CHSP;0.838
106.25	108.00	CHSP;0.771
170.25	174.00	CHSP;0.911
51.25	51.50	DEJU;0.519
166.75	167.00	DEJU;0.528
27.50	30.50	FOSP;0.856
41.00	42.25	FOSP;0.742
239.50	242.25	FOSP;0.889
250.50	252.75	FOSP;0.811
264.50	267.00	FOSP;0.916
6.00	8.00	HETH;0.867
21.25	23.25	HETH;0.795
91.25	92.50	HETH;0.677
0.50	3.00	LISP;0.644
17.25	19.50	LISP;0.824
33.25	34.75	LISP;0.730
35.25	35.50	LISP;0.519
50.50	51.25	LISP;0.532
52.25	52.50	LISP;0.539
67.00	69.00	LISP;0.674
84.00	86.00	LISP;0.689
99.50	102.50	LISP;0.871
117.00	119.75	LISP;0.814
133.00	135.00	LISP;0.807
149.00	152.00	LISP;0.913
165.50	167.00	LISP;0.699
181.50	184.50	LISP;0.792
197.50	199.50	LISP;0.797
213.25	216.00	LISP;0.870
231.00	231.75	LISP;0.554
245.50	247.25	LISP;0.706
261.00	263.25	LISP;0.760
276.25	279.00	LISP;0.811
292.75	294.00	LISP;0.673
10.50	11.75	MOCH;0.704
144.50	146.00	MOCH;0.790
209.75	210.50	MOCH;0.532
73.00	74.50	RUBL;0.591
196.00	196.25	RUBL;0.557
79.00	80.50	VATH;0.705
174.25	176.00	VATH;0.887
254.75	256.50	VATH;0.851
284.75	286.50	VATH;0.828
137.25	138.50	WATA;0.745
26.00	27.50	WTSP;0.660
65.00	67.00	WTSP;0.879
