3.50	7.00	AMRO;0.972
9.00	14.50	AMRO;0.967
14.75	15.00	AMRO;0.697
15.25	16.50	AMRO;0.794
22.25	24.00	AMRO;0.868
30.25	32.00	AMRO;0.778
38.25	41.00	AMRO;0.978
53.50	56.75	AMRO;0.971
58.00	60.00	AMRO;0.875
62.00	64.50	AMRO;0.895
70.50	72.50	AMRO;0.898
73.50	74.25	AMRO;0.721
82.00	84.50	AMRO;0.927
90.00	91.50	AMRO;0.816
108.25	108.75	AMRO;0.711
113.00	114.00	AMRO;0.751
116.75	118.50	AMRO;0.754
120.75	121.00	AMRO;0.713
121.25	121.50	AMRO;0.710
130.75	131.50	AMRO;0.745
136.50	138.50	AMRO;0.830
144.00	144.75	AMRO;0.758
148.50	148.75	AMRO;0.733
149.00	149.25	AMRO;0.732
149.50	149.75	AMRO;0.703
152.75	156.75	AMRO;0.951
159.00	161.75	AMRO;0.882
165.00	172.50	AMRO;0.986
175.50	177.25	AMRO;0.856
178.75	184.00	AMRO;0.981
190.25	191.50	AMRO;0.742
193.00	193.25	AMRO;0.697
193.75	194.50	AMRO;0.726
200.50	201.00	AMRO;0.701
212.50	214.50	AMRO;0.904
248.25	250.00	AMRO;0.838
254.50	255.00	AMRO;0.707
261.75	263.50	AMRO;0.914
263.75	264.00	AMRO;0.698
295.25	297.50	AMRO;0.888
22.75	23.50	BRSP;0.558
111.50	112.00	BRSP;0.585
140.50	141.50	BRSP;0.621
215.50	215.75	CCSP;0.508
222.00	223.00	CCSP;0.651
256.50	259.25	CCSP;0.915
279.50	281.25	CCSP;0.788
3.00	5.50	CHSP;0.967
11.00	15.50	CHSP;0.972
19.75	22.75	CHSP;0.974
29.50	32.50	CHSP;0.959
36.00	41.50	CHSP;0.967
49.50	53.50	CHSP;0.978
54.00	56.50	CHSP;0.980
57.50	60.50	CHSP;0.911
62.50	71.50	CHSP;0.956
74.50	88.25	CHSP;0.986
88.50	92.00	CHSP;0.953
93.00	96.75	CHSP;0.958
97.50	105.00	CHSP;0.986
107.00	115.00	CHSP;0.987
116.50	124.25	CHSP;0.980
125.50	129.00	CHSP;0.966
129.50	136.50	CHSP;0.983
137.25	143.00	CHSP;0.974
144.00	147.50	CHSP;0.967
149.50	152.00	CHSP;0.943
153.50	159.50	CHSP;0.962
162.00	163.75	CHSP;0.857
165.00	170.75	CHSP;0.971
172.25	180.75	CHSP;0.976
186.50	189.75	CHSP;0.983
192.50	203.50	CHSP;0.981
208.00	210.50	CHSP;0.983
212.50	215.25	CHSP;0.952
217.25	219.75	CHSP;0.948
223.75	226.75	CHSP;0.953
229.50	235.25	CHSP;0.952
239.25	243.00	CHSP;0.977
249.50	251.50	CHSP;0.895
261.50	262.00	CHSP;0.721
268.25	272.00	CHSP;0.975
275.75	279.75	CHSP;0.985
284.75	291.00	CHSP;0.982
292.00	295.50	CHSP;0.966
296.25	300.00	CHSP;0.981
274.25	274.50	GRCA;0.500
246.00	246.25	HETH;0.554
248.50	249.00	HETH;0.583
249.25	249.50	HETH;0.506
260.00	261.50	HETH;0.743
1.75	3.00	LISP;0.661
18.50	19.75	LISP;0.721
26.00	28.50	LISP;0.770
28.75	29.00	LISP;0.544
34.50	36.50	LISP;0.910
38.00	39.00	LISP;0.664
43.25	44.75	LISP;0.760
47.75	49.25	LISP;0.705
53.25	54.25	LISP;0.575
56.50	58.00	LISP;0.756
62.00	62.25	LISP;0.589
104.75	105.25	LISP;0.570
163.75	165.00	LISP;0.676
184.00	186.75	LISP;0.906
203.00	205.00	LISP;0.905
211.00	212.75	LISP;0.663
219.75	221.50	LISP;0.829
228.50	230.75	LISP;0.866
238.00	240.00	LISP;0.828
265.00	268.50	LISP;0.760
274.50	276.50	LISP;0.876
283.00	284.75	LISP;0.753
291.50	293.25	LISP;0.767
9.50	10.00	RBGR;0.536
201.00	203.00	RBGR;0.788
210.00	210.25	RBGR;0.521
216.75	217.50	SWSP;0.575
29.50	29.75	TOSO;0.522
32.00	32.75	TOSO;0.549
139.50	140.50	TOSO;0.540
148.75	149.50	TOSO;0.577
169.50	169.75	TOSO;0.519
224.25	224.50	TOSO;0.548
5.75	8.25	WIWA;0.902
15.25	17.00	WIWA;0.802
24.00	26.00	WIWA;0.876
33.50	35.00	WIWA;0.846
72.00	73.50	WIWA;0.782
91.50	93.50	WIWA;0.790
100.00	100.50	WIWA;0.557
143.25	143.50	WIWA;0.515
152.00	153.00	WIWA;0.610
160.25	162.00	WIWA;0.844
170.50	172.50	WIWA;0.819
181.00	182.00	WIWA;0.645
226.50	228.00	WIWA;0.745
235.25	238.00	WIWA;0.940
243.00	246.00	WIWA;0.960
252.50	255.50	WIWA;0.952
259.50	260.25	WIWA;0.593
262.75	265.25	WIWA;0.962
272.00	274.00	WIWA;0.937
281.00	283.50	WIWA;0.971
290.50	292.00	WIWA;0.715
242.50	243.25	WTSP;0.650
