131.50	132.00	AMWO;0.531
210.00	210.25	BHCO;0.527
29.00	29.50	BRSP;0.528
149.75	150.00	BRSP;0.501
166.25	167.50	BRSP;0.684
250.75	251.50	BRSP;0.544
8.00	8.75	CHSP;0.563
230.50	231.25	CHSP;0.564
139.25	140.75	DEJU;0.645
148.25	148.75	DEJU;0.549
65.75	66.50	FISP;0.571
72.00	74.00	FISP;0.670
79.75	80.50	FISP;0.588
205.50	207.50	FISP;0.689
217.00	218.00	FISP;0.585
225.25	225.50	GCSP;0.500
40.25	42.75	MOCH;0.923
137.25	137.50	MOCH;0.513
144.00	144.50	MOCH;0.609
260.50	262.00	MOCH;0.689
272.00	272.25	MOCH;0.529
32.50	34.25	WCSP;0.787
48.50	50.75	WCSP;0.698
57.75	59.50	WCSP;0.782
128.50	129.75	WCSP;0.641
196.50	197.25	WCSP;0.619
214.00	215.00	WCSP;0.556
290.25	291.50	WCSP;0.587
16.00	18.00	WTSP;0.873
110.00	111.00	WTSP;0.587
178.50	179.50	WTSP;0.557
257.00	257.50	WTSP;0.526
278.75	279.50	WTSP;0.582
74.75	76.50	WWCR;0.662
78.00	78.25	WWCR;0.501
239.00	241.00	WWCR;0.691
