6.75	8.00	BCCH;0.628
36.00	36.75	BCCH;0.560
43.00	43.25	BCCH;0.509
103.00	103.75	BCCH;0.579
122.00	122.25	BCCH;0.520
160.50	161.25	BCCH;0.535
113.00	113.50	FOSP;0.544
201.00	202.75	FOSP;0.764
0.50	2.50	HETH;0.639
8.25	8.50	HETH;0.543
10.50	12.50	HETH;0.809
14.75	17.50	HETH;0.958
18.50	20.00	HETH;0.615
21.50	24.25	HETH;0.932
25.50	27.75	HETH;0.865
44.00	45.50	HETH;0.717
55.50	57.50	HETH;0.861
59.00	59.75	HETH;0.633
62.75	64.50	HETH;0.836
67.00	67.50	HETH;0.582
79.00	80.25	HETH;0.749
99.50	99.75	HETH;0.520
110.50	112.25	HETH;0.850
115.00	115.25	HETH;0.511
118.00	119.50	HETH;0.743
122.75	124.00	HETH;0.689
130.25	132.50	HETH;0.870
137.00	139.00	HETH;0.893
141.75	144.25	HETH;0.864
149.00	150.75	HETH;0.790
153.50	153.75	HETH;0.507
161.50	163.50	HETH;0.886
181.75	183.50	HETH;0.792
191.75	194.00	HETH;0.893
196.00	197.50	HETH;0.795
220.00	222.50	HETH;0.942
224.25	226.50	HETH;0.850
235.50	236.75	HETH;0.765
281.00	282.00	HETH;0.612
297.75	300.00	HETH;0.918
33.00	33.50	MOCH;0.607
40.00	41.00	MOCH;0.581
54.00	54.25	MOCH;0.515
54.50	54.75	MOCH;0.558
71.50	71.75	MOCH;0.504
129.50	130.25	MOCH;0.577
133.50	134.75	MOCH;0.611
213.00	214.00	MOCH;0.685
232.00	233.00	MOCH;0.600
86.75	88.00	WTSP;0.677
