47.00	47.50	AMRO;0.576
60.75	61.25	AMRO;0.526
282.75	284.00	AMRO;0.778
5.25	6.75	BRSP;0.698
76.50	77.25	BRSP;0.549
81.00	82.00	BRSP;0.645
90.50	91.00	BRSP;0.541
165.75	166.25	BRSP;0.531
173.00	173.75	BRSP;0.599
196.50	197.50	BRSP;0.650
0.75	3.50	CHSP;0.866
7.50	8.50	CHSP;0.780
17.00	19.25	CHSP;0.877
21.00	23.50	CHSP;0.966
30.25	34.25	CHSP;0.924
35.00	39.75	CHSP;0.956
48.50	50.00	CHSP;0.834
56.50	93.75	CHSP;0.979
96.50	98.00	CHSP;0.780
101.75	118.75	CHSP;0.982
120.50	143.25	CHSP;0.984
145.75	149.00	CHSP;0.954
152.00	157.50	CHSP;0.978
159.75	160.00	CHSP;0.722
160.25	177.75	CHSP;0.974
181.75	184.00	CHSP;0.877
184.50	191.50	CHSP;0.956
197.00	210.00	CHSP;0.984
216.75	221.25	CHSP;0.963
224.00	227.00	CHSP;0.969
228.50	231.00	CHSP;0.870
232.00	236.25	CHSP;0.939
239.75	242.50	CHSP;0.955
244.00	248.25	CHSP;0.975
250.25	253.00	CHSP;0.951
254.00	259.25	CHSP;0.980
260.75	265.50	CHSP;0.939
265.75	268.50	CHSP;0.892
271.75	274.50	CHSP;0.909
276.50	282.00	CHSP;0.971
289.50	292.75	CHSP;0.943
294.75	300.00	CHSP;0.977
252.25	252.75	EAME;0.525
7.50	9.00	FOSP;0.729
69.00	69.75	FOSP;0.572
96.50	98.25	FOSP;0.751
112.50	113.75	FOSP;0.662
144.25	145.50	FOSP;0.775
209.00	210.25	FOSP;0.681
219.50	221.25	FOSP;0.733
242.00	242.25	FOSP;0.512
242.50	243.00	FOSP;0.570
253.00	253.25	FOSP;0.597
261.50	262.25	FOSP;0.545
269.50	271.75	FOSP;0.822
280.00	281.25	FOSP;0.685
77.00	79.00	GCSP;0.754
268.75	269.50	GCSP;0.626
239.00	239.25	HOWR;0.534
40.00	41.50	LISP;0.709
71.25	72.00	LISP;0.623
99.25	100.00	LISP;0.546
117.75	118.25	LISP;0.528
142.25	143.25	LISP;0.589
149.50	151.25	LISP;0.747
178.25	180.75	LISP;0.874
189.50	190.00	LISP;0.566
211.00	213.00	LISP;0.835
237.75	238.75	LISP;0.676
248.00	249.25	LISP;0.655
256.50	257.75	LISP;0.715
266.00	266.25	LISP;0.501
275.50	277.00	LISP;0.802
292.50	294.75	LISP;0.869
192.50	193.00	MOCH;0.551
288.00	289.00	MOCH;0.609
79.50	80.25	PUFI;0.581
195.00	195.25	PUFI;0.504
206.00	207.50	PUFI;0.867
235.50	236.25	PUFI;0.532
139.25	140.25	REVI;0.677
5.00	5.50	WCSP;0.562
19.50	19.75	WCSP;0.519
53.25	53.75	WCSP;0.523
55.75	56.00	WCSP;0.506
4.25	4.75	WTSP;0.520
13.50	15.75	WTSP;0.903
19.25	21.50	WTSP;0.644
24.00	27.00	WTSP;0.950
35.00	36.50	WTSP;0.576
42.00	43.50	WTSP;0.833
45.75	48.50	WTSP;0.741
49.50	53.00	WTSP;0.945
54.75	55.50	WTSP;0.573
56.00	56.50	WTSP;0.515
83.00	83.50	WTSP;0.583
92.25	92.50	WTSP;0.542
94.50	96.75	WTSP;0.866
106.00	109.00	WTSP;0.913
119.00	121.25	WTSP;0.883
135.00	138.00	WTSP;0.957
157.75	159.75	WTSP;0.956
174.00	176.75	WTSP;0.719
186.50	188.50	WTSP;0.766
191.00	192.75	WTSP;0.910
201.00	202.50	WTSP;0.742
208.00	208.25	WTSP;0.525
216.00	218.00	WTSP;0.874
226.25	227.75	WTSP;0.782
239.75	241.00	WTSP;0.616
263.75	265.00	WTSP;0.660
268.00	268.75	WTSP;0.644
285.00	285.25	WTSP;0.534
286.25	288.50	WTSP;0.785
298.75	299.00	WTSP;0.505
