238.00	238.75	AMDI;0.598
536.75	537.50	AMRO;0.531
65.50	66.00	BHCO;0.528
534.50	535.25	EAME;0.591
160.00	161.25	FISP;0.703
7.00	8.50	FOSP;0.698
11.00	11.50	FOSP;0.587
39.50	41.00	FOSP;0.649
53.25	54.25	FOSP;0.599
82.00	83.75	FOSP;0.739
89.00	89.50	FOSP;0.545
99.25	102.00	FOSP;0.809
106.50	108.50	FOSP;0.833
118.75	119.75	FOSP;0.683
145.00	146.25	FOSP;0.579
156.75	157.75	FOSP;0.596
162.50	164.00	FOSP;0.711
177.75	179.00	FOSP;0.694
179.25	179.50	FOSP;0.571
181.00	182.00	FOSP;0.525
189.00	191.00	FOSP;0.759
203.75	205.25	FOSP;0.713
217.50	217.75	FOSP;0.522
229.00	232.50	FOSP;0.807
262.50	264.00	FOSP;0.738
270.50	270.75	FOSP;0.530
271.00	271.25	FOSP;0.527
283.75	285.50	FOSP;0.732
291.75	293.50	FOSP;0.750
299.25	303.25	FOSP;0.726
306.50	311.50	FOSP;0.870
317.50	319.25	FOSP;0.814
327.00	329.50	FOSP;0.845
337.50	338.25	FOSP;0.554
342.00	343.50	FOSP;0.657
347.25	349.25	FOSP;0.914
356.50	358.50	FOSP;0.936
359.25	361.75	FOSP;0.878
369.00	371.75	FOSP;0.705
372.50	373.25	FOSP;0.546
377.00	380.00	FOSP;0.866
398.75	401.25	FOSP;0.829
406.25	406.75	FOSP;0.546
419.75	420.25	FOSP;0.595
435.50	436.00	FOSP;0.538
450.25	453.25	FOSP;0.959
456.50	457.50	FOSP;0.682
463.00	466.50	FOSP;0.936
478.75	481.50	FOSP;0.744
488.00	488.25	FOSP;0.516
499.50	500.50	FOSP;0.685
502.00	504.25	FOSP;0.834
512.00	513.75	FOSP;0.703
525.00	525.75	FOSP;0.643
529.75	531.50	FOSP;0.724
535.25	536.50	FOSP;0.741
541.50	545.25	FOSP;0.936
551.25	553.50	FOSP;0.934
562.50	565.50	FOSP;0.837
572.75	575.25	FOSP;0.789
576.50	578.25	FOSP;0.670
585.50	587.50	FOSP;0.805
103.75	104.00	GCSP;0.534
130.00	131.00	GCSP;0.545
164.00	165.75	GCSP;0.747
186.00	187.75	GCSP;0.790
202.50	203.50	GCSP;0.646
244.25	244.50	GCSP;0.515
438.50	439.00	GCSP;0.562
490.00	490.75	GCSP;0.586
10.00	10.50	HETH;0.623
73.00	74.75	HETH;0.775
87.00	88.00	HETH;0.618
262.00	263.00	HETH;0.624
296.00	297.00	HETH;0.564
321.00	322.50	HETH;0.740
338.50	340.00	HETH;0.744
368.25	368.75	HETH;0.545
453.75	455.25	HETH;0.711
474.75	476.75	HETH;0.902
546.50	547.00	HETH;0.558
201.50	202.25	LISP;0.623
36.75	37.50	MOCH;0.518
76.00	77.50	MOCH;0.625
113.75	114.50	MOCH;0.553
237.50	237.75	MOCH;0.519
258.50	259.50	MOCH;0.614
286.00	287.00	MOCH;0.594
498.00	498.50	MOCH;0.524
510.50	511.25	MOCH;0.632
556.25	558.00	MOCH;0.823
205.00	206.00	REVI;0.624
200.50	202.00	ROWR;0.723
23.50	24.50	SNBU;0.683
111.00	111.25	SNBU;0.522
156.00	157.25	SNBU;0.730
180.00	181.50	SNBU;0.746
207.00	209.00	SNBU;0.831
478.25	478.50	SNBU;0.502
514.25	514.50	SOSP;0.515
472.25	473.00	WATA;0.534
26.00	26.25	WCSP;0.515
60.50	61.25	WCSP;0.586
88.00	88.75	WCSP;0.667
92.75	93.75	WCSP;0.630
94.00	95.25	WCSP;0.538
115.25	117.25	WCSP;0.834
177.00	177.50	WCSP;0.530
191.25	191.50	WCSP;0.580
231.25	233.50	WCSP;0.680
249.00	250.50	WCSP;0.651
272.00	274.50	WCSP;0.906
276.00	277.25	WCSP;0.720
296.50	298.00	WCSP;0.716
328.75	329.00	WCSP;0.518
345.25	347.00	WCSP;0.740
374.00	376.00	WCSP;0.760
387.50	389.50	WCSP;0.831
415.00	416.50	WCSP;0.766
459.00	460.50	WCSP;0.618
466.00	466.25	WCSP;0.503
466.50	467.00	WCSP;0.608
478.75	479.50	WCSP;0.551
359.25	360.00	WIWA;0.572
538.50	539.50	WIWA;0.562
549.50	551.00	WIWA;0.727
3.50	6.25	WTSP;0.971
12.00	14.25	WTSP;0.943
19.50	22.50	WTSP;0.973
26.25	28.50	WTSP;0.956
34.00	37.00	WTSP;0.948
41.25	43.25	WTSP;0.949
44.50	46.00	WTSP;0.790
49.25	52.00	WTSP;0.960
55.25	60.25	WTSP;0.991
65.00	69.00	WTSP;0.980
74.75	76.50	WTSP;0.895
83.50	87.00	WTSP;0.983
94.25	96.00	WTSP;0.780
102.00	105.00	WTSP;0.918
111.00	113.50	WTSP;0.955
120.00	123.50	WTSP;0.982
130.50	131.75	WTSP;0.831
138.00	142.00	WTSP;0.961
153.00	155.50	WTSP;0.984
161.00	162.00	WTSP;0.784
165.00	165.50	WTSP;0.702
173.00	177.00	WTSP;0.988
184.75	186.50	WTSP;0.886
195.50	199.25	WTSP;0.964
213.00	216.25	WTSP;0.947
224.00	227.50	WTSP;0.986
234.00	238.00	WTSP;0.989
245.25	249.00	WTSP;0.973
257.50	261.50	WTSP;0.918
266.75	270.00	WTSP;0.985
277.25	278.50	WTSP;0.843
287.25	290.00	WTSP;0.965
298.25	299.50	WTSP;0.830
303.25	305.50	WTSP;0.928
313.00	313.25	WTSP;0.706
313.50	315.00	WTSP;0.784
322.00	327.25	WTSP;0.991
335.50	336.50	WTSP;0.729
339.50	341.75	WTSP;0.957
345.00	345.25	WTSP;0.700
349.50	352.00	WTSP;0.975
354.75	356.50	WTSP;0.883
362.25	366.50	WTSP;0.996
385.00	387.50	WTSP;0.985
393.00	399.00	WTSP;0.994
402.00	405.50	WTSP;0.967
407.50	415.25	WTSP;0.991
416.50	419.25	WTSP;0.932
421.00	426.50	WTSP;0.992
428.50	435.00	WTSP;0.993
437.00	439.25	WTSP;0.890
441.00	448.25	WTSP;0.983
457.25	458.75	WTSP;0.831
467.00	469.00	WTSP;0.963
469.50	472.75	WTSP;0.981
475.00	477.50	WTSP;0.967
482.25	488.00	WTSP;0.991
489.00	490.50	WTSP;0.897
494.00	498.50	WTSP;0.988
501.50	502.00	WTSP;0.753
504.25	511.00	WTSP;0.986
514.50	519.25	WTSP;0.968
522.50	524.00	WTSP;0.905
526.00	529.00	WTSP;0.977
539.00	541.25	WTSP;0.920
547.50	548.25	WTSP;0.719
549.00	550.25	WTSP;0.727
559.25	560.75	WTSP;0.867
568.25	571.50	WTSP;0.956
578.50	580.75	WTSP;0.960
587.50	594.00	WTSP;0.994
595.50	600.00	WTSP;0.981
