0.75	4.75	CCSP;0.969
8.25	12.00	CCSP;0.968
16.00	20.00	CCSP;0.975
23.00	27.00	CCSP;0.972
32.00	35.25	CCSP;0.975
38.00	41.50	CCSP;0.978
46.75	50.50	CCSP;0.969
55.75	60.00	CCSP;0.973
64.25	68.25	CCSP;0.975
72.75	76.00	CCSP;0.981
83.25	86.75	CCSP;0.973
91.25	95.00	CCSP;0.974
101.25	105.25	CCSP;0.968
109.50	113.50	CCSP;0.974
118.50	122.50	CCSP;0.974
127.25	131.25	CCSP;0.972
136.00	140.00	CCSP;0.974
143.75	147.00	CCSP;0.977
151.00	154.75	CCSP;0.972
158.00	161.75	CCSP;0.977
165.00	168.75	CCSP;0.971
172.00	175.50	CCSP;0.971
179.00	182.50	CCSP;0.973
187.00	190.25	CCSP;0.965
193.00	197.25	CCSP;0.972
200.75	203.75	CCSP;0.972
206.75	211.00	CCSP;0.975
215.50	219.00	CCSP;0.959
222.00	225.75	CCSP;0.972
228.25	232.25	CCSP;0.979
234.00	238.00	CCSP;0.973
242.25	246.00	CCSP;0.973
249.00	253.00	CCSP;0.969
256.50	260.00	CCSP;0.975
262.50	266.50	CCSP;0.973
268.50	272.75	CCSP;0.970
277.00	280.25	CCSP;0.972
283.00	286.50	CCSP;0.974
290.75	294.75	CCSP;0.974
30.00	32.00	CHSP;0.862
41.00	44.00	CHSP;0.941
50.50	53.75	CHSP;0.934
59.50	62.00	CHSP;0.912
95.00	96.00	CHSP;0.560
133.75	136.00	CHSP;0.816
146.50	148.00	CHSP;0.806
155.00	158.00	CHSP;0.941
175.00	177.50	CHSP;0.906
185.50	187.50	CHSP;0.837
198.75	201.25	CHSP;0.909
240.00	242.25	CHSP;0.914
246.50	248.25	CHSP;0.690
255.00	255.25	CHSP;0.502
255.50	256.50	CHSP;0.616
266.50	267.50	CHSP;0.587
275.50	277.25	CHSP;0.837
286.00	288.50	CHSP;0.869
294.50	297.00	CHSP;0.811
98.75	100.50	MOCH;0.815
169.00	169.25	MOCH;0.562
169.50	169.75	MOCH;0.537
170.00	170.25	MOCH;0.526
184.75	185.50	MOCH;0.544
180.25	183.00	RUGR;0.944
149.00	151.00	WTSP;0.882
167.25	169.00	WTSP;0.720
181.75	184.50	WTSP;0.929
