47.50	48.50	AMGP;0.636
49.00	51.25	AMRO;0.866
58.75	60.00	AMRO;0.671
62.00	63.50	AMRO;0.765
65.00	67.25	AMRO;0.954
71.00	73.00	AMRO;0.932
75.00	77.50	AMRO;0.927
83.75	84.25	AMRO;0.569
120.25	122.00	AMRO;0.789
130.75	132.75	AMRO;0.845
133.00	133.25	AMRO;0.521
133.50	136.50	AMRO;0.774
143.75	145.00	AMRO;0.715
152.50	154.50	AMRO;0.892
176.00	177.25	AMRO;0.660
184.50	186.25	AMRO;0.744
226.50	227.50	AMRO;0.593
182.50	183.50	BAOR;0.600
70.25	71.00	BLOY;0.674
112.25	112.75	FISP;0.511
144.50	146.50	FISP;0.856
250.00	251.50	FOSP;0.760
292.75	293.75	HETH;0.715
187.00	188.50	MAMU;0.732
11.75	14.00	MOCH;0.797
20.75	21.75	MOCH;0.679
47.50	47.75	MOCH;0.540
67.00	68.25	MOCH;0.660
94.25	95.00	OSFL;0.571
187.00	187.25	OSFL;0.529
149.75	150.50	REVI;0.528
1.25	1.50	RUBL;0.510
237.00	238.00	SNBU;0.674
265.50	266.00	SNBU;0.567
163.75	164.00	SWSP;0.514
244.00	245.00	SWSP;0.644
253.00	254.50	SWSP;0.697
261.75	264.00	SWSP;0.826
273.00	274.00	SWSP;0.623
281.50	284.00	SWSP;0.816
292.25	293.00	SWSP;0.612
23.75	25.00	WCSP;0.590
57.00	59.50	WCSP;0.792
89.00	90.25	WCSP;0.664
118.50	120.50	WCSP;0.805
129.50	131.75	WCSP;0.790
138.50	140.75	WCSP;0.787
147.00	149.50	WCSP;0.798
156.00	158.25	WCSP;0.849
175.25	176.00	WCSP;0.535
183.50	185.50	WCSP;0.668
192.50	194.75	WCSP;0.863
201.00	203.00	WCSP;0.741
210.50	212.50	WCSP;0.792
219.50	221.00	WCSP;0.672
238.00	240.25	WCSP;0.873
247.75	249.75	WCSP;0.921
21.50	23.00	WTSP;0.792
60.25	62.00	WTSP;0.727
88.00	88.75	WTSP;0.614
101.50	101.75	WTSP;0.526
115.00	116.00	WTSP;0.633
116.25	116.50	WTSP;0.549
137.00	138.50	WTSP;0.792
159.50	162.00	WTSP;0.948
165.75	166.00	WTSP;0.550
171.50	175.00	WTSP;0.914
181.00	182.75	WTSP;0.783
190.50	191.50	WTSP;0.547
191.75	192.25	WTSP;0.514
195.00	195.50	WTSP;0.572
203.50	203.75	WTSP;0.521
204.00	204.25	WTSP;0.526
204.50	205.50	WTSP;0.659
213.25	215.50	WTSP;0.833
245.25	246.00	WTSP;0.591
246.25	246.50	WTSP;0.529
287.50	291.00	WTSP;0.943
