2.50	4.00	AMRO;0.650
5.00	7.50	AMRO;0.929
21.25	22.00	AMRO;0.602
27.75	30.25	AMRO;0.817
222.00	223.00	AMRO;0.538
10.75	13.00	FOSP;0.863
42.00	45.00	FOSP;0.820
58.75	60.50	FOSP;0.848
75.50	78.00	FOSP;0.881
97.50	97.75	FOSP;0.550
98.00	100.00	FOSP;0.821
114.75	116.00	FOSP;0.673
129.50	129.75	FOSP;0.504
130.00	132.25	FOSP;0.901
146.00	148.00	FOSP;0.781
163.50	165.75	FOSP;0.944
184.25	186.50	FOSP;0.854
201.00	203.75	FOSP;0.813
217.75	220.25	FOSP;0.825
233.50	235.50	FOSP;0.866
248.50	248.75	FOSP;0.505
249.00	251.50	FOSP;0.855
266.00	268.50	FOSP;0.823
283.75	285.50	FOSP;0.766
10.00	10.25	MOCH;0.530
81.50	83.50	MOCH;0.870
273.00	274.00	SNBU;0.685
274.25	274.50	SNBU;0.502
283.50	283.75	SNBU;0.504
284.00	284.25	SNBU;0.515
90.50	92.00	SPSA;0.574
31.00	32.00	WCSP;0.556
33.75	36.00	WCSP;0.862
39.75	41.50	WCSP;0.799
51.25	53.50	WCSP;0.758
61.75	63.50	WCSP;0.745
72.00	74.00	WCSP;0.849
83.25	84.00	WCSP;0.548
93.50	95.00	WCSP;0.755
103.50	106.00	WCSP;0.889
115.50	117.50	WCSP;0.808
125.25	127.50	WCSP;0.857
134.75	135.00	WCSP;0.547
135.25	135.50	WCSP;0.549
136.25	138.50	WCSP;0.777
149.75	152.00	WCSP;0.787
