100.25	101.00	FISP;0.541
117.50	118.50	FISP;0.623
150.75	151.00	FISP;0.526
167.50	168.50	FISP;0.651
134.75	135.00	MOCH;0.534
183.00	183.25	MOCH;0.536
236.50	237.50	MOCH;0.677
58.00	59.00	WIWA;0.568
59.25	59.50	WIWA;0.511
67.00	67.25	WIWA;0.519
67.50	68.75	WIWA;0.674
94.75	96.00	WIWA;0.631
4.25	6.50	WTSP;0.889
23.00	24.50	WTSP;0.708
40.00	42.25	WTSP;0.743
76.00	78.00	WTSP;0.788
98.00	100.50	WTSP;0.838
114.50	117.50	WTSP;0.883
132.00	133.75	WTSP;0.809
147.50	150.25	WTSP;0.868
181.25	183.00	WTSP;0.882
277.50	278.50	WTSP;0.585
288.50	291.00	WTSP;0.786
