3.00	4.00	AMRO;0.644
14.00	15.50	AMRO;0.583
34.25	35.00	AMRO;0.529
40.00	42.00	AMRO;0.859
43.75	45.25	AMRO;0.747
53.00	53.75	AMRO;0.550
54.00	54.25	AMRO;0.520
77.25	81.50	AMRO;0.763
92.25	92.50	AMRO;0.519
92.75	93.00	AMRO;0.538
95.50	96.50	AMRO;0.601
105.00	106.00	AMRO;0.673
110.00	112.25	AMRO;0.722
115.00	122.00	AMRO;0.975
131.75	132.50	AMRO;0.597
152.50	153.75	AMRO;0.531
164.75	165.50	AMRO;0.569
172.50	173.75	AMRO;0.652
175.00	175.75	AMRO;0.602
176.00	181.50	AMRO;0.961
183.25	184.00	AMRO;0.608
196.00	196.25	AMRO;0.514
200.75	202.00	AMRO;0.598
202.50	203.00	AMRO;0.562
205.50	212.50	AMRO;0.964
214.25	217.25	AMRO;0.948
219.50	219.75	AMRO;0.572
220.00	220.25	AMRO;0.506
220.50	223.00	AMRO;0.898
224.50	225.75	AMRO;0.744
227.00	227.25	AMRO;0.503
227.50	228.50	AMRO;0.700
230.50	232.25	AMRO;0.813
237.25	238.00	AMRO;0.686
245.50	245.75	AMRO;0.511
254.75	258.25	AMRO;0.939
258.75	261.50	AMRO;0.862
263.00	263.25	AMRO;0.522
267.50	272.00	AMRO;0.833
272.75	274.25	AMRO;0.610
297.00	297.50	AMRO;0.592
204.25	205.25	BOWA;0.643
17.00	17.50	BRSP;0.569
17.75	18.50	DEJU;0.576
37.75	40.00	DEJU;0.745
67.50	68.25	FOSP;0.556
249.25	251.00	FOSP;0.661
254.00	254.25	FOSP;0.502
37.00	37.25	GRSP;0.516
47.00	47.75	HETH;0.598
94.75	96.00	HETH;0.635
4.50	6.00	LISP;0.791
18.50	20.50	LISP;0.756
25.50	26.50	LISP;0.637
26.75	27.25	LISP;0.544
31.25	33.50	LISP;0.886
44.75	46.50	LISP;0.797
66.00	67.25	LISP;0.686
154.25	155.00	LISP;0.607
160.00	160.50	LISP;0.551
165.00	166.00	LISP;0.630
172.00	173.00	LISP;0.558
275.00	278.50	LISP;0.960
282.50	284.00	LISP;0.698
287.25	290.50	LISP;0.969
293.25	296.00	LISP;0.934
116.25	116.50	MOCH;0.505
116.75	117.00	MOCH;0.511
13.75	14.25	RBGR;0.517
92.00	92.50	RBGR;0.553
137.25	137.50	RBGR;0.502
182.00	183.00	RBGR;0.654
197.00	198.75	RBGR;0.705
212.50	214.25	RBGR;0.627
217.50	218.75	RBGR;0.620
226.75	227.00	RBGR;0.517
268.00	269.00	RBGR;0.617
291.50	292.25	RBGR;0.587
85.00	85.75	TOSO;0.584
194.00	195.00	TOSO;0.750
265.00	265.25	TOSO;0.504
274.00	275.00	TOSO;0.642
9.00	9.25	WCSP;0.716
10.00	11.50	WCSP;0.786
28.00	28.50	WCSP;0.760
46.50	48.25	WCSP;0.899
63.75	67.00	WCSP;0.964
67.75	71.50	WCSP;0.949
76.00	78.75	WCSP;0.930
82.00	84.25	WCSP;0.923
86.25	88.25	WCSP;0.884
90.50	93.50	WCSP;0.950
96.00	99.00	WCSP;0.956
102.75	106.00	WCSP;0.982
108.00	111.25	WCSP;0.949
111.50	115.75	WCSP;0.973
117.50	120.00	WCSP;0.935
122.25	125.50	WCSP;0.956
127.50	129.75	WCSP;0.935
133.00	136.00	WCSP;0.960
138.50	141.50	WCSP;0.959
145.00	148.50	WCSP;0.928
150.25	153.25	WCSP;0.967
157.00	159.75	WCSP;0.957
161.50	165.00	WCSP;0.971
166.75	170.25	WCSP;0.977
184.75	188.00	WCSP;0.976
191.00	195.00	WCSP;0.927
198.50	200.50	WCSP;0.903
213.00	215.50	WCSP;0.934
218.00	221.00	WCSP;0.946
222.25	225.50	WCSP;0.954
228.50	231.25	WCSP;0.966
234.75	238.00	WCSP;0.962
239.75	242.25	WCSP;0.945
245.50	248.25	WCSP;0.970
252.00	254.50	WCSP;0.894
256.25	259.50	WCSP;0.961
261.00	264.00	WCSP;0.946
266.25	269.25	WCSP;0.917
271.75	274.50	WCSP;0.948
279.50	282.00	WCSP;0.929
284.75	287.50	WCSP;0.952
290.50	293.00	WCSP;0.949
296.25	299.00	WCSP;0.963
6.00	7.25	WTSP;0.831
14.25	17.00	WTSP;0.908
20.75	23.50	WTSP;0.920
29.25	30.00	WTSP;0.728
33.00	35.00	WTSP;0.914
41.00	44.50	WTSP;0.987
48.25	54.50	WTSP;0.966
56.00	58.25	WTSP;0.890
60.75	64.25	WTSP;0.960
69.00	69.75	WTSP;0.760
72.00	76.50	WTSP;0.977
80.00	82.50	WTSP;0.910
86.00	86.25	WTSP;0.718
86.50	91.50	WTSP;0.972
93.00	95.25	WTSP;0.905
106.50	109.00	WTSP;0.970
113.00	113.75	WTSP;0.756
120.00	123.00	WTSP;0.945
125.50	128.25	WTSP;0.976
129.75	133.75	WTSP;0.964
137.00	139.50	WTSP;0.921
143.00	147.00	WTSP;0.975
147.75	150.75	WTSP;0.905
155.75	158.00	WTSP;0.965
162.25	162.50	WTSP;0.698
174.00	178.00	WTSP;0.980
178.50	182.50	WTSP;0.973
184.50	186.00	WTSP;0.856
187.75	189.00	WTSP;0.823
192.25	192.75	WTSP;0.721
197.25	199.00	WTSP;0.760
200.50	202.75	WTSP;0.932
205.50	211.00	WTSP;0.982
216.50	218.50	WTSP;0.942
230.75	235.75	WTSP;0.984
238.50	240.50	WTSP;0.848
242.00	246.00	WTSP;0.984
248.00	249.25	WTSP;0.840
259.50	259.75	WTSP;0.719
260.50	262.00	WTSP;0.775
265.75	267.00	WTSP;0.791
279.50	280.50	WTSP;0.789
285.00	285.50	WTSP;0.748
