186.00	186.50	EAME;0.582
21.50	23.50	FOSP;0.848
29.50	31.75	FOSP;0.886
39.75	42.00	FOSP;0.787
50.25	52.25	FOSP;0.829
60.50	62.25	FOSP;0.735
71.00	72.50	FOSP;0.802
80.50	80.75	FOSP;0.513
90.50	93.00	FOSP;0.800
100.75	101.25	FOSP;0.534
101.50	104.00	FOSP;0.852
106.50	107.75	FOSP;0.641
112.25	114.50	FOSP;0.848
114.75	115.00	FOSP;0.501
123.50	125.50	FOSP;0.771
135.00	136.50	FOSP;0.609
146.50	149.00	FOSP;0.883
159.00	161.00	FOSP;0.754
171.50	173.50	FOSP;0.797
181.50	183.50	FOSP;0.851
192.75	195.00	FOSP;0.797
205.75	206.50	FOSP;0.542
214.00	215.25	FOSP;0.637
215.50	217.50	FOSP;0.810
226.50	228.50	FOSP;0.797
229.00	230.75	FOSP;0.681
291.50	293.25	FOSP;0.780
5.75	6.75	SNBU;0.670
48.50	48.75	SNBU;0.517
49.00	49.50	SNBU;0.573
74.75	75.75	SNBU;0.588
129.25	129.50	SNBU;0.536
232.00	233.25	VATH;0.607
