30.75	31.50	BHCO;0.580
0.50	2.25	CHSP;0.584
172.00	172.50	CHSP;0.549
270.75	274.25	CHSP;0.855
293.00	294.00	CHSP;0.614
119.00	120.25	CHSW;0.654
231.50	231.75	CHSW;0.519
9.00	10.75	DEJU;0.788
6.00	8.00	MOCH;0.775
57.00	58.00	MOCH;0.613
69.00	71.00	MOCH;0.795
16.00	17.25	VATH;0.672
31.75	33.50	WIWA;0.844
37.75	40.50	WIWA;0.918
44.00	47.25	WIWA;0.960
51.00	54.25	WIWA;0.979
58.50	62.00	WIWA;0.977
65.75	69.00	WIWA;0.984
74.75	78.00	WIWA;0.983
82.50	85.25	WIWA;0.942
90.75	94.00	WIWA;0.971
99.75	102.25	WIWA;0.960
107.00	110.25	WIWA;0.981
126.25	129.00	WIWA;0.958
144.50	148.00	WIWA;0.981
153.25	156.50	WIWA;0.978
162.50	165.25	WIWA;0.967
172.25	175.25	WIWA;0.981
182.50	185.50	WIWA;0.975
193.00	195.75	WIWA;0.969
202.50	205.75	WIWA;0.986
212.75	216.00	WIWA;0.982
221.75	225.00	WIWA;0.980
231.00	231.25	WIWA;0.735
231.50	234.00	WIWA;0.964
240.00	243.00	WIWA;0.982
249.25	252.25	WIWA;0.977
268.25	270.75	WIWA;0.885
277.75	280.50	WIWA;0.989
286.50	290.00	WIWA;0.985
294.00	295.50	WIWA;0.822
296.00	299.50	WIWA;0.987
68.75	69.50	WTSP;0.632
