24.25	26.00	AMRO;0.743
42.50	44.50	AMRO;0.839
56.75	59.50	AMRO;0.707
64.50	65.25	AMRO;0.511
76.25	78.50	AMRO;0.790
85.00	85.25	AMRO;0.525
90.50	93.00	AMRO;0.947
95.50	97.50	AMRO;0.655
102.00	102.50	AMRO;0.561
123.50	125.00	AMRO;0.794
159.50	162.00	AMRO;0.799
166.50	167.75	AMRO;0.649
173.00	175.50	AMRO;0.875
175.75	176.00	AMRO;0.540
181.50	182.25	AMRO;0.577
186.25	188.75	AMRO;0.899
192.00	196.00	AMRO;0.852
197.50	198.00	AMRO;0.567
200.00	202.00	AMRO;0.845
204.50	207.75	AMRO;0.923
208.00	210.75	AMRO;0.898
212.00	216.00	AMRO;0.761
218.00	218.25	AMRO;0.515
222.50	227.00	AMRO;0.744
228.25	233.50	AMRO;0.920
233.75	234.00	AMRO;0.518
238.00	240.00	AMRO;0.817
241.50	241.75	AMRO;0.531
243.00	243.25	AMRO;0.524
243.50	250.50	AMRO;0.956
251.00	253.00	AMRO;0.712
256.50	260.50	AMRO;0.800
270.00	273.25	AMRO;0.777
277.25	279.25	AMRO;0.809
283.00	283.75	AMRO;0.610
287.50	289.00	AMRO;0.710
295.00	299.25	AMRO;0.751
6.75	7.00	CHSW;0.501
10.50	10.75	FOSP;0.537
35.75	36.25	FOSP;0.504
69.00	69.75	FOSP;0.551
82.25	84.75	FOSP;0.828
93.00	95.00	FOSP;0.720
103.75	104.25	FOSP;0.579
148.00	149.50	FOSP;0.673
149.75	150.00	FOSP;0.511
169.00	170.75	FOSP;0.841
189.25	190.50	FOSP;0.616
217.00	218.00	FOSP;0.690
230.25	230.50	FOSP;0.501
230.75	231.00	FOSP;0.524
253.50	255.00	FOSP;0.884
266.75	267.00	FOSP;0.502
280.75	281.75	FOSP;0.599
154.00	155.00	GRCA;0.608
203.00	203.75	GRCA;0.668
34.75	35.00	PUFI;0.544
264.50	265.00	REVI;0.555
132.50	133.00	SNBU;0.550
65.00	65.75	SWSP;0.586
78.00	78.50	SWSP;0.511
89.75	91.25	SWSP;0.721
223.50	225.25	SWSP;0.862
269.00	270.00	TOSO;0.666
145.00	146.00	VESP;0.569
0.50	3.25	WCSP;0.909
8.25	9.50	WCSP;0.763
11.00	19.50	WCSP;0.936
24.00	27.00	WCSP;0.959
31.75	34.75	WCSP;0.932
37.00	41.50	WCSP;0.960
44.25	51.00	WCSP;0.984
55.25	56.50	WCSP;0.891
59.50	63.50	WCSP;0.967
65.75	69.50	WCSP;0.987
70.50	72.75	WCSP;0.928
73.00	77.00	WCSP;0.965
79.00	82.50	WCSP;0.971
86.50	90.00	WCSP;0.960
97.25	100.50	WCSP;0.972
104.50	107.75	WCSP;0.982
110.00	113.50	WCSP;0.983
115.75	124.00	WCSP;0.980
125.00	128.75	WCSP;0.981
135.50	139.50	WCSP;0.977
146.50	148.25	WCSP;0.845
157.00	158.50	WCSP;0.886
163.50	167.00	WCSP;0.944
171.00	174.00	WCSP;0.952
177.50	181.25	WCSP;0.969
185.00	188.00	WCSP;0.967
191.50	194.75	WCSP;0.954
197.25	198.00	WCSP;0.749
198.75	202.00	WCSP;0.970
206.50	209.75	WCSP;0.962
210.25	212.50	WCSP;0.868
213.00	216.00	WCSP;0.947
218.00	223.00	WCSP;0.954
227.00	229.50	WCSP;0.957
233.75	236.25	WCSP;0.907
240.75	243.00	WCSP;0.911
246.75	249.50	WCSP;0.942
254.75	257.50	WCSP;0.969
260.50	263.50	WCSP;0.964
267.00	269.00	WCSP;0.842
273.00	276.00	WCSP;0.934
279.75	281.50	WCSP;0.864
282.25	282.50	WCSP;0.694
285.75	288.50	WCSP;0.946
291.75	295.00	WCSP;0.899
135.25	136.00	WTSP;0.602
299.25	300.00	WTSP;0.530
