218.50	218.75	AMDI;0.512
5.25	9.25	AMRO;0.927
10.75	11.00	AMRO;0.549
18.50	18.75	AMRO;0.522
22.00	27.00	AMRO;0.950
30.25	37.00	AMRO;0.827
38.50	39.25	AMRO;0.563
43.50	45.25	AMRO;0.646
45.50	46.75	AMRO;0.558
52.50	53.50	AMRO;0.640
57.00	60.00	AMRO;0.749
61.00	65.50	AMRO;0.863
70.00	71.00	AMRO;0.618
75.50	79.75	AMRO;0.864
82.25	83.25	AMRO;0.602
84.25	86.50	AMRO;0.717
87.25	89.75	AMRO;0.945
93.75	96.00	AMRO;0.853
97.25	99.25	AMRO;0.818
104.00	108.75	AMRO;0.880
111.50	113.25	AMRO;0.752
130.00	131.00	AMRO;0.677
133.00	134.75	AMRO;0.768
150.00	150.25	AMRO;0.524
150.50	151.50	AMRO;0.599
155.00	155.50	AMRO;0.521
160.00	161.75	AMRO;0.816
164.00	164.25	AMRO;0.559
169.75	171.25	AMRO;0.758
173.00	174.25	AMRO;0.729
180.75	182.00	AMRO;0.685
189.00	189.75	AMRO;0.595
194.50	196.50	AMRO;0.696
204.50	205.00	AMRO;0.574
212.50	214.00	AMRO;0.691
236.50	238.25	AMRO;0.703
240.50	242.50	AMRO;0.794
242.75	245.75	AMRO;0.825
250.00	251.00	AMRO;0.578
269.00	270.25	AMRO;0.783
277.00	281.50	AMRO;0.841
298.50	300.00	AMRO;0.772
3.50	3.75	DEJU;0.510
19.50	20.25	FISP;0.529
50.00	51.00	FOSP;0.538
117.00	117.75	FOSP;0.573
132.50	132.75	FOSP;0.511
138.50	138.75	FOSP;0.540
156.00	157.25	FOSP;0.750
174.25	175.25	FOSP;0.652
209.50	209.75	FOSP;0.511
220.50	221.50	FOSP;0.681
238.75	239.00	FOSP;0.510
44.50	45.25	HASP;0.552
26.00	27.50	LISP;0.737
42.50	42.75	LISP;0.530
68.25	69.25	LISP;0.632
162.00	163.25	LISP;0.653
135.50	136.00	PUFI;0.586
146.75	147.25	SNBU;0.564
40.00	41.00	SWSP;0.614
55.50	56.50	SWSP;0.627
76.50	77.50	SWSP;0.575
77.75	78.00	SWSP;0.515
83.00	84.50	SWSP;0.701
123.50	125.00	TOSO;0.617
136.50	137.00	TOSO;0.556
145.00	145.50	TOSO;0.518
153.00	154.50	TOSO;0.677
185.00	185.50	TOSO;0.594
293.00	293.25	TOSO;0.525
175.25	175.50	VESP;0.510
7.50	7.75	WCSP;0.518
10.75	11.50	WCSP;0.544
27.75	29.00	WCSP;0.684
45.75	46.50	WCSP;0.555
57.00	57.75	WCSP;0.585
96.00	98.00	WCSP;0.793
114.00	115.00	WCSP;0.550
158.00	160.00	WCSP;0.787
165.00	165.25	WCSP;0.513
177.50	179.50	WCSP;0.881
186.50	188.50	WCSP;0.768
200.75	202.25	WCSP;0.739
221.50	223.00	WCSP;0.765
227.75	230.00	WCSP;0.969
234.50	236.00	WCSP;0.840
255.00	257.50	WCSP;0.925
262.75	265.50	WCSP;0.916
267.25	269.00	WCSP;0.771
270.50	272.50	WCSP;0.838
274.50	278.75	WCSP;0.833
282.50	288.00	WCSP;0.945
294.50	296.75	WCSP;0.842
39.50	39.75	WIWA;0.627
40.00	40.25	WIWA;0.511
46.75	48.50	WIWA;0.816
60.00	62.50	WIWA;0.682
69.50	73.00	WIWA;0.880
80.00	81.50	WIWA;0.804
100.50	104.75	WIWA;0.905
111.00	111.25	WIWA;0.503
112.50	114.75	WIWA;0.831
118.75	120.00	WIWA;0.654
122.75	128.00	WIWA;0.947
151.50	153.00	WIWA;0.711
160.00	161.50	WIWA;0.632
167.00	169.50	WIWA;0.787
175.75	178.00	WIWA;0.925
182.50	184.75	WIWA;0.884
213.00	215.00	WIWA;0.694
225.50	228.00	WIWA;0.829
232.50	234.50	WIWA;0.755
236.75	239.50	WIWA;0.903
240.50	242.75	WIWA;0.901
248.00	250.75	WIWA;0.757
257.75	261.00	WIWA;0.843
268.50	270.75	WIWA;0.766
273.00	275.00	WIWA;0.798
279.50	282.50	WIWA;0.824
288.00	288.75	WIWA;0.595
290.50	291.00	WIWA;0.546
291.25	292.00	WIWA;0.555
4.50	6.50	WTSP;0.952
10.50	11.25	WTSP;0.724
15.75	20.25	WTSP;0.986
44.00	44.50	WTSP;0.712
54.00	56.25	WTSP;0.860
64.00	67.25	WTSP;0.954
72.50	76.75	WTSP;0.984
81.25	85.50	WTSP;0.943
88.00	89.25	WTSP;0.787
90.50	93.75	WTSP;0.979
98.50	102.25	WTSP;0.961
107.75	111.00	WTSP;0.975
113.75	114.00	WTSP;0.741
190.75	191.00	WTSP;0.736
199.75	201.00	WTSP;0.826
252.00	252.25	WTSP;0.717
253.25	253.50	WTSP;0.739
