45.25	46.00	AMRO;0.731
57.75	59.00	AMRO;0.714
60.00	62.00	AMRO;0.880
86.50	90.00	AMRO;0.967
117.25	120.00	AMRO;0.964
139.25	140.50	AMRO;0.725
171.50	173.00	AMRO;0.917
176.25	177.50	AMRO;0.785
182.50	185.00	AMRO;0.975
187.00	187.25	AMRO;0.706
194.50	196.00	AMRO;0.797
196.50	198.50	AMRO;0.862
202.50	205.75	AMRO;0.958
207.50	213.75	AMRO;0.985
216.00	217.00	AMRO;0.814
222.75	223.25	AMRO;0.710
226.50	227.75	AMRO;0.777
231.50	233.50	AMRO;0.810
236.50	239.50	AMRO;0.978
247.50	249.75	AMRO;0.918
252.75	255.75	AMRO;0.941
257.50	260.00	AMRO;0.863
265.25	268.25	AMRO;0.975
274.00	275.50	AMRO;0.775
279.00	280.50	AMRO;0.816
282.00	283.00	AMRO;0.794
286.75	288.50	AMRO;0.899
291.00	294.25	AMRO;0.960
298.75	301.50	AMRO;0.854
306.00	307.50	AMRO;0.852
308.75	312.00	AMRO;0.964
315.50	316.00	AMRO;0.733
319.50	321.75	AMRO;0.910
324.00	327.25	AMRO;0.956
328.25	328.75	AMRO;0.701
332.50	334.75	AMRO;0.942
337.00	339.25	AMRO;0.847
342.00	344.50	AMRO;0.978
345.75	349.00	AMRO;0.969
350.25	353.00	AMRO;0.959
355.00	357.50	AMRO;0.928
402.75	405.25	AMRO;0.938
408.00	413.75	AMRO;0.959
414.00	417.00	AMRO;0.924
420.00	422.00	AMRO;0.819
423.75	428.00	AMRO;0.984
430.25	431.50	AMRO;0.794
434.00	439.50	AMRO;0.972
441.25	443.25	AMRO;0.856
446.25	450.50	AMRO;0.926
454.00	456.50	AMRO;0.958
328.50	329.00	BAOR;0.526
475.00	475.25	BCCH;0.579
475.50	475.75	BCCH;0.533
482.50	482.75	BCCH;0.510
498.50	500.25	BCCH;0.768
542.00	544.25	BCCH;0.796
551.00	551.25	BCCH;0.535
551.50	551.75	BCCH;0.523
14.75	15.50	DUNL;0.606
222.50	224.00	FISP;0.599
419.25	420.50	FISP;0.630
469.00	469.75	FISP;0.583
480.50	480.75	FISP;0.506
493.00	493.50	FISP;0.591
519.00	519.25	FISP;0.518
546.00	546.25	FISP;0.511
393.00	393.25	GWTE;0.510
467.00	468.50	HETH;0.734
483.50	485.50	HETH;0.859
486.50	487.75	HETH;0.727
491.00	493.00	HETH;0.892
502.75	504.00	HETH;0.753
505.75	512.50	HETH;0.968
513.00	515.00	HETH;0.920
523.00	524.50	HETH;0.792
526.25	528.50	HETH;0.891
532.25	534.25	HETH;0.770
535.50	537.75	HETH;0.765
539.50	539.75	HETH;0.536
543.50	544.00	HETH;0.550
551.50	554.00	HETH;0.916
558.00	560.50	HETH;0.933
563.50	564.00	HETH;0.581
80.50	81.25	LASP;0.560
190.00	191.00	LISP;0.588
392.50	392.75	MOBL;0.506
4.50	4.75	MOCH;0.545
5.00	5.25	MOCH;0.562
115.50	117.25	MOCH;0.804
385.00	385.50	MOCH;0.565
387.25	387.75	MOCH;0.541
407.00	408.50	MOCH;0.630
490.50	491.50	MOCH;0.571
506.00	506.25	MOCH;0.522
517.50	517.75	MOCH;0.528
525.50	526.75	MOCH;0.668
534.75	536.00	MOCH;0.680
544.50	544.75	MOCH;0.525
545.00	545.25	MOCH;0.507
557.00	558.50	MOCH;0.632
596.75	597.75	MOCH;0.675
334.50	334.75	OSFL;0.506
110.50	112.25	RUTU;0.684
486.75	487.50	RUTU;0.547
515.75	516.25	RUTU;0.513
569.75	570.00	RUTU;0.530
489.25	490.50	SOSA;0.740
276.00	276.25	WATA;0.503
145.25	146.50	WCSP;0.720
148.00	150.00	WCSP;0.711
155.00	157.00	WCSP;0.813
163.00	165.50	WCSP;0.924
181.00	183.50	WCSP;0.834
197.50	198.00	WCSP;0.517
8.75	13.75	WTSP;0.985
27.50	27.75	WTSP;0.697
28.00	31.50	WTSP;0.988
32.50	35.00	WTSP;0.929
51.50	55.75	WTSP;0.987
58.50	59.00	WTSP;0.739
67.50	71.00	WTSP;0.949
81.25	87.25	WTSP;0.988
99.25	103.00	WTSP;0.987
105.25	106.50	WTSP;0.767
117.25	117.50	WTSP;0.695
142.50	145.25	WTSP;0.981
152.75	155.25	WTSP;0.938
165.50	167.50	WTSP;0.826
195.00	197.00	WTSP;0.906
221.00	223.00	WTSP;0.854
263.00	265.75	WTSP;0.968
279.50	282.00	WTSP;0.901
352.75	354.50	WTSP;0.785
385.50	387.25	WTSP;0.847
419.00	420.25	WTSP;0.764
429.50	432.00	WTSP;0.860
442.75	443.00	WTSP;0.703
469.50	470.50	WTSP;0.796
479.00	481.50	WTSP;0.894
492.75	494.00	WTSP;0.796
504.25	506.00	WTSP;0.937
518.00	520.00	WTSP;0.828
545.00	547.00	WTSP;0.847
570.00	571.50	WTSP;0.798
583.00	585.00	WTSP;0.937
597.75	600.00	WTSP;0.907
106.75	107.25	WWCR;0.568
245.75	246.50	WWCR;0.586
