10.25	14.00	AMRO;0.930
33.00	34.50	AMRO;0.640
44.50	44.75	AMRO;0.510
45.00	45.25	AMRO;0.539
59.00	59.25	AMRO;0.504
59.75	60.00	AMRO;0.507
63.25	64.50	AMRO;0.561
73.50	76.00	AMRO;0.661
80.00	80.75	AMRO;0.548
88.50	89.75	AMRO;0.599
91.25	91.50	AMRO;0.510
91.75	92.00	AMRO;0.520
101.25	102.75	AMRO;0.700
116.75	118.25	AMRO;0.807
126.00	127.50	AMRO;0.656
142.00	143.00	AMRO;0.620
151.00	153.25	AMRO;0.832
171.50	172.25	AMRO;0.626
175.00	177.00	AMRO;0.790
193.50	196.00	AMRO;0.874
235.50	237.50	AMRO;0.766
239.00	245.25	AMRO;0.907
252.75	255.25	AMRO;0.889
275.50	277.50	AMRO;0.844
278.75	282.50	AMRO;0.947
288.00	290.00	AMRO;0.830
293.00	295.00	AMRO;0.784
296.25	298.00	AMRO;0.879
274.75	276.75	CHSP;0.931
97.00	97.75	FOSP;0.661
209.50	210.25	FOSP;0.581
4.75	6.50	LISP;0.785
16.00	19.00	LISP;0.961
23.00	26.50	LISP;0.978
29.50	32.50	LISP;0.952
36.50	39.50	LISP;0.964
51.25	53.00	LISP;0.828
208.50	209.50	LISP;0.692
196.25	196.50	PUFI;0.507
83.75	85.00	RBGR;0.702
90.00	91.00	RBGR;0.650
93.00	93.25	RBGR;0.530
95.00	96.00	RBGR;0.662
131.75	132.25	RBGR;0.519
134.50	135.50	RBGR;0.598
147.50	148.50	RBGR;0.635
265.50	266.50	RBGR;0.594
7.75	9.25	SWSP;0.693
63.50	66.00	SWSP;0.825
77.00	78.00	SWSP;0.603
109.75	110.00	SWSP;0.528
118.25	120.00	SWSP;0.735
183.00	183.50	SWSP;0.519
210.75	211.50	SWSP;0.613
229.00	230.50	SWSP;0.651
49.00	51.00	TOSO;0.872
65.25	66.00	TOSO;0.582
87.00	89.00	TOSO;0.861
2.00	4.75	WCSP;0.889
21.25	23.00	WCSP;0.730
28.50	30.00	WCSP;0.741
34.50	36.75	WCSP;0.839
41.00	43.00	WCSP;0.856
46.50	48.50	WCSP;0.713
53.00	55.00	WCSP;0.926
60.25	62.50	WCSP;0.834
66.50	69.50	WCSP;0.892
73.00	75.25	WCSP;0.854
79.00	81.50	WCSP;0.869
86.25	87.00	WCSP;0.572
92.00	94.00	WCSP;0.862
98.25	100.50	WCSP;0.937
104.25	107.00	WCSP;0.935
111.00	113.75	WCSP;0.878
132.50	135.00	WCSP;0.652
160.00	162.50	WCSP;0.806
166.25	168.50	WCSP;0.885
172.50	175.00	WCSP;0.861
179.75	181.50	WCSP;0.834
185.50	188.00	WCSP;0.845
192.00	194.50	WCSP;0.864
198.50	201.25	WCSP;0.893
206.00	208.00	WCSP;0.703
212.00	216.50	WCSP;0.900
220.00	222.00	WCSP;0.873
226.25	227.50	WCSP;0.715
231.75	233.00	WCSP;0.606
237.50	239.25	WCSP;0.802
244.00	246.50	WCSP;0.905
251.00	253.50	WCSP;0.870
258.00	260.75	WCSP;0.909
264.00	267.00	WCSP;0.890
272.25	274.50	WCSP;0.857
284.75	287.50	WCSP;0.883
292.25	294.25	WCSP;0.895
298.50	300.00	WCSP;0.808
33.00	33.50	WIWA;0.563
43.50	44.50	WIWA;0.570
77.25	77.50	WIWA;0.506
97.50	99.00	WIWA;0.636
119.50	120.50	WIWA;0.642
126.50	129.00	WIWA;0.893
155.75	157.25	WIWA;0.712
168.00	170.25	WIWA;0.878
229.25	229.50	WIWA;0.518
1.00	3.50	WTSP;0.768
7.00	9.75	WTSP;0.951
11.50	16.00	WTSP;0.978
20.00	21.50	WTSP;0.898
26.00	29.00	WTSP;0.978
40.75	41.00	WTSP;0.727
46.50	48.25	WTSP;0.832
55.75	56.50	WTSP;0.734
66.25	67.00	WTSP;0.754
70.50	73.25	WTSP;0.982
78.00	79.75	WTSP;0.855
84.25	86.50	WTSP;0.980
91.50	92.25	WTSP;0.741
94.00	96.00	WTSP;0.880
100.00	103.75	WTSP;0.979
107.00	110.00	WTSP;0.983
113.00	113.25	WTSP;0.697
113.50	118.25	WTSP;0.994
120.50	121.25	WTSP;0.716
121.50	121.75	WTSP;0.714
122.00	126.25	WTSP;0.977
129.00	130.25	WTSP;0.822
135.75	142.00	WTSP;0.992
143.00	147.75	WTSP;0.989
149.25	156.25	WTSP;0.995
158.25	161.00	WTSP;0.870
162.50	167.00	WTSP;0.981
169.00	172.00	WTSP;0.938
175.50	180.50	WTSP;0.984
184.75	186.75	WTSP;0.882
187.50	193.00	WTSP;0.993
202.75	206.50	WTSP;0.988
212.50	215.25	WTSP;0.918
223.50	229.25	WTSP;0.984
229.50	232.50	WTSP;0.958
233.00	236.00	WTSP;0.977
239.25	243.00	WTSP;0.978
246.25	250.50	WTSP;0.991
254.25	258.50	WTSP;0.983
261.00	265.00	WTSP;0.990
267.25	272.75	WTSP;0.992
277.25	281.50	WTSP;0.940
287.25	289.00	WTSP;0.893
294.00	296.50	WTSP;0.952
290.50	290.75	WWCR;0.529
