54.75	55.50	AMDI;0.549
137.50	138.50	BRSP;0.617
12.00	15.50	CHSP;0.805
28.75	32.00	CHSP;0.784
56.00	58.00	CHSP;0.743
64.00	66.75	CHSP;0.666
90.00	91.75	CHSP;0.715
97.50	100.25	CHSP;0.703
128.50	128.75	CHSP;0.504
129.00	130.50	CHSP;0.607
128.00	128.25	FISP;0.536
236.50	236.75	FISP;0.501
283.50	284.25	FISP;0.547
138.50	139.50	GWTE;0.661
60.00	60.25	HETH;0.543
5.00	5.75	LISP;0.576
19.75	21.75	LISP;0.752
36.50	39.00	LISP;0.915
53.25	53.75	LISP;0.533
54.00	55.00	LISP;0.585
86.00	87.75	LISP;0.849
105.25	106.00	LISP;0.614
203.50	203.75	LISP;0.525
233.50	233.75	LISP;0.543
250.00	252.00	LISP;0.725
267.25	268.25	LISP;0.643
82.75	83.00	MOCH;0.531
83.25	83.50	MOCH;0.504
102.25	103.00	MOCH;0.597
115.00	115.50	MOCH;0.590
126.25	127.75	MOCH;0.632
150.00	151.50	MOCH;0.597
161.50	162.25	MOCH;0.612
188.25	188.50	MOCH;0.554
189.50	189.75	MOCH;0.513
190.25	190.50	MOCH;0.507
277.00	279.00	MOCH;0.825
191.25	191.75	SWSP;0.534
222.75	223.25	VESP;0.539
68.00	69.00	WCSP;0.609
1.50	4.75	WTSP;0.981
23.50	28.00	WTSP;0.983
47.00	52.00	WTSP;0.981
71.00	75.00	WTSP;0.990
81.00	83.25	WTSP;0.940
87.50	90.50	WTSP;0.982
92.75	95.50	WTSP;0.831
102.00	102.25	WTSP;0.695
102.50	105.00	WTSP;0.940
107.00	110.75	WTSP;0.984
114.50	117.00	WTSP;0.806
122.25	125.50	WTSP;0.982
128.25	129.00	WTSP;0.705
132.75	136.75	WTSP;0.990
139.50	147.50	WTSP;0.986
151.25	151.75	WTSP;0.716
153.50	157.00	WTSP;0.978
162.50	165.00	WTSP;0.855
170.25	174.50	WTSP;0.973
175.00	177.50	WTSP;0.967
179.75	183.50	WTSP;0.967
188.50	190.00	WTSP;0.783
192.50	196.50	WTSP;0.803
200.25	202.00	WTSP;0.825
234.50	237.00	WTSP;0.893
237.25	238.50	WTSP;0.774
243.75	246.50	WTSP;0.927
256.50	260.00	WTSP;0.945
269.75	272.25	WTSP;0.932
278.50	280.00	WTSP;0.825
280.50	284.00	WTSP;0.933
292.00	293.50	WTSP;0.751
