79.75	80.75	AMRO;0.650
85.00	87.00	AMRO;0.832
151.00	152.75	AMRO;0.751
162.50	163.50	AMRO;0.541
54.50	55.00	BAOR;0.514
66.75	67.50	BAOR;0.661
188.75	190.00	FOSP;0.661
4.50	7.00	GCSP;0.895
21.50	24.00	GCSP;0.922
35.00	38.00	GCSP;0.942
51.00	53.50	GCSP;0.863
67.25	69.50	GCSP;0.898
80.00	82.50	GCSP;0.896
96.50	99.50	GCSP;0.942
109.75	111.75	GCSP;0.906
143.50	145.00	GCSP;0.793
158.25	160.25	GCSP;0.756
171.75	174.50	GCSP;0.922
201.50	204.00	GCSP;0.937
215.00	217.25	GCSP;0.887
227.75	230.50	GCSP;0.888
242.75	244.50	GCSP;0.878
260.00	262.50	GCSP;0.930
274.00	276.50	GCSP;0.937
289.50	291.50	GCSP;0.915
10.75	12.50	LISP;0.763
48.00	48.25	LISP;0.551
57.00	58.00	LISP;0.545
105.75	107.75	LISP;0.777
121.50	122.75	LISP;0.636
191.75	193.00	LISP;0.688
208.75	210.50	LISP;0.728
224.50	226.75	LISP;0.842
240.50	242.50	LISP;0.820
257.50	259.00	LISP;0.734
280.25	281.00	LISP;0.533
233.25	235.00	PISI;0.698
2.00	2.50	PUFI;0.556
0.00	2.00	RCKI;0.840
9.50	11.25	RCKI;0.864
12.50	18.50	RCKI;0.983
20.25	22.00	RCKI;0.861
24.50	29.75	RCKI;0.991
31.50	33.50	RCKI;0.877
37.50	42.75	RCKI;0.991
43.75	46.50	RCKI;0.932
48.75	51.00	RCKI;0.909
53.00	57.00	RCKI;0.948
60.75	63.50	RCKI;0.918
64.75	68.00	RCKI;0.961
69.25	71.00	RCKI;0.829
73.50	74.50	RCKI;0.763
77.00	79.50	RCKI;0.924
80.75	85.75	RCKI;0.986
88.00	89.50	RCKI;0.838
92.50	97.50	RCKI;0.987
100.50	101.50	RCKI;0.746
103.00	105.50	RCKI;0.952
107.00	112.25	RCKI;0.983
114.00	116.50	RCKI;0.959
117.50	119.75	RCKI;0.941
122.50	127.00	RCKI;0.984
131.00	133.00	RCKI;0.937
137.25	139.50	RCKI;0.894
141.25	147.00	RCKI;0.985
149.25	152.00	RCKI;0.976
155.25	157.75	RCKI;0.959
167.00	170.00	RCKI;0.809
175.25	178.75	RCKI;0.965
180.00	182.00	RCKI;0.893
183.25	188.50	RCKI;0.953
193.25	199.00	RCKI;0.956
217.75	218.25	RCKI;0.714
248.50	249.50	RCKI;0.809
270.50	274.00	RCKI;0.975
278.50	279.50	RCKI;0.714
282.75	285.50	RCKI;0.874
296.75	298.75	RCKI;0.892
43.00	44.00	SWSP;0.629
69.50	69.75	WAVI;0.555
73.75	75.50	WAVI;0.721
99.75	100.00	WAVI;0.509
2.50	4.00	WCSP;0.809
58.00	62.25	WCSP;0.876
179.00	180.00	WCSP;0.577
204.25	205.50	WCSP;0.728
219.25	221.00	WCSP;0.830
128.50	131.00	WIWA;0.940
139.00	141.25	WIWA;0.886
145.50	148.50	WIWA;0.948
152.50	155.00	WIWA;0.935
158.25	160.00	WIWA;0.886
165.50	168.25	WIWA;0.915
180.50	182.50	WIWA;0.691
189.25	191.50	WIWA;0.871
196.50	199.25	WIWA;0.883
205.00	207.50	WIWA;0.853
212.00	215.00	WIWA;0.930
220.50	223.00	WIWA;0.877
228.50	231.00	WIWA;0.859
236.50	239.50	WIWA;0.955
243.00	245.50	WIWA;0.937
251.25	253.50	WIWA;0.857
258.75	261.00	WIWA;0.825
266.50	268.50	WIWA;0.855
275.00	277.50	WIWA;0.932
287.25	287.50	WTSP;0.510
