198.00	199.50	AMRO;0.713
3.50	6.00	CHSP;0.836
17.00	21.50	CHSP;0.937
26.75	30.00	CHSP;0.879
36.00	40.00	CHSP;0.936
44.25	46.00	CHSP;0.739
52.00	56.00	CHSP;0.913
62.00	63.50	CHSP;0.731
70.50	72.50	CHSP;0.766
99.00	103.00	CHSP;0.881
114.50	117.75	CHSP;0.913
124.00	126.25	CHSP;0.635
133.25	135.50	CHSP;0.721
150.00	153.00	CHSP;0.902
163.75	167.00	CHSP;0.843
270.75	274.00	CHSP;0.864
424.50	424.75	CHSP;0.506
425.50	425.75	CHSP;0.511
507.75	508.25	CHSW;0.533
518.00	519.25	CHSW;0.637
538.50	541.50	CHSW;0.835
554.50	556.75	CHSW;0.859
566.25	567.50	CHSW;0.558
80.00	80.25	DEJU;0.531
193.25	194.50	EAKI;0.588
133.25	134.75	EAME;0.703
528.00	529.50	FISP;0.656
52.25	53.50	FOSP;0.695
71.50	72.75	FOSP;0.658
77.00	79.00	FOSP;0.760
84.00	84.75	FOSP;0.576
109.25	110.50	FOSP;0.730
149.75	150.00	FOSP;0.503
150.25	150.50	FOSP;0.514
191.75	193.00	FOSP;0.612
243.75	244.00	FOSP;0.513
283.00	285.50	FOSP;0.926
293.75	294.75	FOSP;0.658
304.00	304.50	FOSP;0.554
314.00	315.00	FOSP;0.620
333.75	335.00	FOSP;0.580
348.00	351.00	FOSP;0.825
524.50	525.75	FOSP;0.667
13.25	15.25	LISP;0.705
30.00	31.50	LISP;0.729
46.00	47.25	LISP;0.705
156.50	159.00	LISP;0.762
176.00	177.50	LISP;0.800
276.00	278.00	LISP;0.790
309.50	311.00	LISP;0.748
428.00	428.75	LISP;0.609
474.50	476.00	LISP;0.745
558.50	560.50	LISP;0.771
575.75	576.50	LISP;0.650
73.50	75.00	MOCH;0.635
75.25	76.00	MOCH;0.517
326.75	327.50	RUTU;0.576
41.25	43.25	SNBU;0.871
90.50	90.75	SNBU;0.541
118.50	120.25	SNBU;0.758
148.75	149.75	SNBU;0.720
170.00	171.25	SNBU;0.665
293.50	294.25	SNBU;0.562
313.50	314.50	SNBU;0.722
322.00	323.50	SNBU;0.823
483.75	485.00	SNBU;0.661
509.25	510.25	SNBU;0.642
574.50	574.75	WIWA;0.533
590.25	591.00	WIWA;0.591
33.00	36.25	WTSP;0.979
48.50	52.00	WTSP;0.964
57.00	59.50	WTSP;0.933
68.50	71.00	WTSP;0.975
74.00	75.00	WTSP;0.743
83.75	87.50	WTSP;0.975
95.00	98.75	WTSP;0.980
110.00	113.50	WTSP;0.975
122.50	125.25	WTSP;0.961
449.00	451.50	WTSP;0.946
467.00	471.50	WTSP;0.986
479.25	483.50	WTSP;0.984
489.00	493.50	WTSP;0.985
504.50	506.75	WTSP;0.868
513.25	516.00	WTSP;0.977
521.00	523.75	WTSP;0.965
531.75	534.00	WTSP;0.852
375.00	377.50	YRWA;0.898
385.75	389.00	YRWA;0.938
396.75	399.75	YRWA;0.925
406.75	409.50	YRWA;0.925
412.00	412.50	YRWA;0.531
446.00	448.50	YRWA;0.912
457.50	459.50	YRWA;0.799
