218.75	220.00	FISP;0.656
385.50	387.00	FISP;0.763
598.00	599.00	FOSP;0.609
599.25	599.50	FOSP;0.505
156.50	157.75	LISP;0.565
170.00	171.75	LISP;0.789
249.50	252.00	LISP;0.876
286.25	287.25	LISP;0.591
519.75	520.50	LISP;0.559
526.50	528.00	LISP;0.735
533.00	534.50	LISP;0.657
543.25	545.00	LISP;0.794
559.50	562.00	LISP;0.884
576.25	577.50	LISP;0.771
181.25	181.75	MOCH;0.530
477.25	478.00	MOCH;0.554
540.00	540.50	MOCH;0.579
186.50	186.75	RUBL;0.507
569.50	570.75	SNBU;0.678
578.50	580.00	SNBU;0.790
586.50	590.50	SNBU;0.820
132.50	132.75	SWSP;0.518
173.25	175.00	SWSP;0.760
257.75	258.50	SWSP;0.590
133.25	135.50	WCSP;0.846
141.00	143.25	WCSP;0.779
149.75	152.00	WCSP;0.793
160.50	161.50	WCSP;0.605
212.00	214.25	WCSP;0.907
234.00	235.75	WCSP;0.783
246.00	247.00	WCSP;0.562
270.75	272.00	WCSP;0.640
284.00	285.25	WCSP;0.723
294.25	296.50	WCSP;0.901
311.50	312.25	WCSP;0.571
389.00	390.75	WCSP;0.661
400.50	402.50	WCSP;0.761
413.25	414.50	WCSP;0.680
436.50	437.50	WCSP;0.582
462.50	464.00	WCSP;0.684
523.00	525.00	WCSP;0.759
556.00	557.00	WCSP;0.548
592.25	594.25	WCSP;0.845
221.25	222.75	WIWA;0.651
120.00	120.50	WTSP;0.580
367.50	368.75	WTSP;0.691
387.00	388.00	WTSP;0.589
421.50	423.00	WTSP;0.694
