1.50	3.00	AMRO;0.898
4.25	6.00	AMRO;0.837
23.75	27.75	AMRO;0.978
40.75	48.50	AMRO;0.981
58.75	65.00	AMRO;0.971
78.25	84.50	AMRO;0.976
92.00	95.00	AMRO;0.934
126.25	130.00	AMRO;0.985
130.50	133.50	AMRO;0.952
155.50	157.00	AMRO;0.818
157.75	161.00	AMRO;0.976
164.50	168.50	AMRO;0.964
173.75	176.25	AMRO;0.917
179.00	182.50	AMRO;0.979
188.25	190.25	AMRO;0.864
192.25	196.00	AMRO;0.972
198.25	202.25	AMRO;0.986
205.50	207.50	AMRO;0.809
214.50	217.75	AMRO;0.983
222.25	227.50	AMRO;0.971
230.75	233.00	AMRO;0.902
248.00	251.25	AMRO;0.975
265.50	269.00	AMRO;0.955
278.00	282.25	AMRO;0.977
284.00	285.00	AMRO;0.731
295.50	300.00	AMRO;0.946
257.00	257.75	BCCH;0.550
13.00	13.25	BRSP;0.500
88.00	88.25	BRSP;0.559
93.75	95.25	BRSP;0.725
102.25	102.50	BRSP;0.569
116.25	117.25	BRSP;0.599
119.00	120.50	BRSP;0.704
125.50	127.00	BRSP;0.699
136.75	138.50	BRSP;0.886
145.00	147.75	BRSP;0.639
155.25	156.25	BRSP;0.566
162.75	163.50	BRSP;0.678
212.25	213.50	BRSP;0.629
216.75	217.00	BRSP;0.513
225.00	225.50	BRSP;0.534
229.00	230.25	BRSP;0.620
236.50	237.00	BRSP;0.538
237.25	238.50	BRSP;0.694
240.25	241.25	BRSP;0.617
242.00	244.75	BRSP;0.795
252.00	253.75	BRSP;0.803
262.50	263.25	BRSP;0.569
203.00	204.50	BTNW;0.650
5.75	11.25	CHSP;0.983
13.25	15.50	CHSP;0.918
18.50	22.50	CHSP;0.954
27.00	32.50	CHSP;0.976
35.50	41.50	CHSP;0.975
42.25	46.00	CHSP;0.968
50.50	53.00	CHSP;0.881
56.25	61.75	CHSP;0.979
64.75	69.00	CHSP;0.954
73.50	78.50	CHSP;0.983
82.00	85.75	CHSP;0.970
88.00	94.00	CHSP;0.984
98.00	102.00	CHSP;0.976
106.25	110.00	CHSP;0.949
113.75	117.00	CHSP;0.944
122.50	125.50	CHSP;0.889
127.25	130.75	CHSP;0.903
138.00	139.50	CHSP;0.747
145.50	149.75	CHSP;0.923
153.75	156.25	CHSP;0.862
170.50	172.25	CHSP;0.880
180.00	186.50	CHSP;0.947
194.00	199.00	CHSP;0.971
205.00	210.00	CHSP;0.979
212.00	213.50	CHSP;0.743
217.00	220.75	CHSP;0.970
230.25	233.50	CHSP;0.841
237.50	241.50	CHSP;0.904
248.00	252.50	CHSP;0.957
254.75	259.00	CHSP;0.978
263.50	269.75	CHSP;0.942
274.25	276.00	CHSP;0.774
287.00	291.50	CHSP;0.970
15.00	16.00	DEJU;0.552
52.25	52.50	DEJU;0.511
106.75	107.00	DEJU;0.503
210.50	211.50	DEJU;0.617
133.75	135.25	EAME;0.654
113.25	115.25	FOSP;0.663
156.75	158.25	FOSP;0.641
219.75	221.00	FOSP;0.588
235.00	235.50	FOSP;0.538
245.25	246.50	FOSP;0.617
259.50	261.50	FOSP;0.810
275.75	277.50	FOSP;0.732
88.25	88.50	HETH;0.520
148.50	150.50	HETH;0.663
182.50	184.00	HETH;0.707
68.00	69.25	LISP;0.716
98.25	98.75	LISP;0.567
269.75	272.25	LISP;0.909
281.75	284.25	LISP;0.891
293.50	296.00	LISP;0.863
69.25	69.50	OCWA;0.513
131.25	131.50	OCWA;0.515
140.25	140.50	OCWA;0.528
0.00	5.50	PISI;0.932
17.50	19.00	PISI;0.735
46.25	51.50	PISI;0.944
53.00	54.50	PISI;0.656
102.75	106.75	PISI;0.927
274.50	275.00	PISI;0.520
284.75	285.75	PISI;0.832
291.25	293.50	PISI;0.916
173.50	173.75	RBGR;0.500
174.00	174.25	RBGR;0.572
261.00	262.50	VESP;0.634
277.50	279.50	VESP;0.688
11.50	13.25	WCSP;0.889
33.00	35.50	WCSP;0.904
86.25	88.00	WCSP;0.771
96.75	97.75	WCSP;0.642
110.00	112.25	WCSP;0.882
117.00	119.00	WCSP;0.866
136.00	136.75	WCSP;0.578
142.50	145.00	WCSP;0.833
150.50	153.50	WCSP;0.855
160.75	163.00	WCSP;0.910
168.00	170.50	WCSP;0.915
190.75	193.50	WCSP;0.910
203.50	204.25	WCSP;0.544
220.25	222.00	WCSP;0.815
227.00	229.25	WCSP;0.887
236.75	237.25	WCSP;0.526
241.50	241.75	WCSP;0.518
253.75	254.75	WCSP;0.685
172.50	172.75	YRWA;0.506
189.25	190.75	YRWA;0.765
201.00	202.75	YRWA;0.886
