105.00	106.00	ATSP;0.602
219.25	221.25	FOSP;0.743
234.00	236.50	FOSP;0.768
2.75	5.50	LISP;0.906
16.00	19.00	LISP;0.915
26.50	28.75	LISP;0.908
41.75	44.25	LISP;0.847
57.00	60.00	LISP;0.823
71.25	73.50	LISP;0.889
86.00	88.00	LISP;0.792
101.00	103.50	LISP;0.867
162.50	164.25	LISP;0.840
178.00	180.00	LISP;0.865
193.50	196.25	LISP;0.889
209.50	211.50	LISP;0.811
285.00	286.50	LISP;0.730
0.00	1.75	PISI;0.785
18.75	21.25	PISI;0.950
22.00	24.25	PISI;0.906
146.50	162.75	PISI;0.990
163.75	168.75	PISI;0.986
200.25	202.00	PISI;0.836
203.25	208.00	PISI;0.979
246.50	248.00	PISI;0.847
254.00	263.00	PISI;0.987
263.75	269.00	PISI;0.982
280.25	282.00	PISI;0.834
71.00	72.00	ROWR;0.620
84.75	86.25	ROWR;0.686
99.50	101.25	ROWR;0.716
115.00	117.00	ROWR;0.749
130.00	132.50	ROWR;0.881
147.00	147.75	ROWR;0.563
225.50	226.00	ROWR;0.572
239.50	241.50	ROWR;0.779
284.25	284.75	ROWR;0.509
34.00	36.00	SWSP;0.805
77.50	79.00	SWSP;0.713
141.50	142.50	SWSP;0.586
190.00	192.00	SWSP;0.757
197.75	198.50	SWSP;0.568
213.00	214.50	SWSP;0.709
226.75	228.50	SWSP;0.812
248.25	249.50	SWSP;0.681
