65.50	67.25	AMRO;0.745
119.00	120.25	AMRO;0.713
133.00	134.50	AMRO;0.704
141.75	143.00	AMRO;0.660
147.25	148.00	AMRO;0.556
160.00	162.00	AMRO;0.762
168.25	168.75	AMRO;0.557
77.25	78.00	DOWO;0.621
16.00	17.00	FOSP;0.683
20.75	22.00	FOSP;0.709
43.75	45.25	FOSP;0.774
57.00	59.00	FOSP;0.748
67.75	69.25	FOSP;0.804
98.50	99.50	FOSP;0.656
114.25	116.00	FOSP;0.805
158.50	160.00	FOSP;0.733
187.50	188.50	FOSP;0.649
202.25	203.00	FOSP;0.530
206.00	207.00	FOSP;0.586
219.50	219.75	FOSP;0.542
234.50	235.50	FOSP;0.721
259.00	259.50	FOSP;0.521
280.50	281.75	FOSP;0.746
292.75	293.50	FOSP;0.628
209.50	210.00	GCSP;0.531
102.50	103.25	HETH;0.579
110.75	111.75	HETH;0.570
196.50	198.25	HETH;0.881
212.50	213.00	HETH;0.579
84.75	85.00	LALO;0.502
76.00	78.00	MOCH;0.883
106.00	107.00	MOCH;0.614
71.00	71.25	PHVI;0.559
162.75	163.00	PIGR;0.507
145.75	147.50	RBGR;0.704
287.50	288.50	RWBL;0.602
173.75	174.25	SNBU;0.621
258.00	259.00	SNBU;0.624
288.00	289.50	SNBU;0.747
26.75	28.50	SWSP;0.700
224.00	225.50	VATH;0.783
69.00	70.00	VESP;0.572
188.75	190.00	WCSP;0.765
194.00	196.00	WCSP;0.818
198.50	201.00	WCSP;0.889
204.00	207.00	WCSP;0.937
210.00	212.25	WCSP;0.848
215.50	217.75	WCSP;0.921
221.25	223.00	WCSP;0.673
226.50	229.00	WCSP;0.897
232.00	234.00	WCSP;0.821
237.00	239.75	WCSP;0.934
242.50	245.50	WCSP;0.916
248.00	251.00	WCSP;0.851
254.50	257.00	WCSP;0.914
260.00	263.50	WCSP;0.887
267.00	269.75	WCSP;0.913
272.50	275.50	WCSP;0.927
277.75	280.75	WCSP;0.915
284.00	287.00	WCSP;0.877
290.50	293.50	WCSP;0.944
296.00	299.00	WCSP;0.942
4.50	7.50	WIWA;0.973
10.25	13.50	WIWA;0.973
17.25	20.50	WIWA;0.940
22.50	25.50	WIWA;0.965
28.75	32.00	WIWA;0.972
39.50	41.50	WIWA;0.855
80.75	83.75	WIWA;0.977
86.00	89.25	WIWA;0.968
92.75	96.25	WIWA;0.978
99.50	103.00	WIWA;0.978
109.25	112.50	WIWA;0.982
116.75	120.00	WIWA;0.963
123.00	126.00	WIWA;0.942
129.50	132.50	WIWA;0.953
135.75	138.75	WIWA;0.957
143.00	145.50	WIWA;0.921
149.25	152.50	WIWA;0.959
156.00	159.25	WIWA;0.977
163.00	166.50	WIWA;0.971
169.50	173.00	WIWA;0.960
175.50	179.00	WIWA;0.980
182.00	185.50	WIWA;0.948
189.25	192.00	WIWA;0.958
214.25	216.25	WIWA;0.849
220.50	223.25	WIWA;0.933
228.25	231.50	WIWA;0.966
235.00	237.50	WIWA;0.938
51.00	51.50	WIWR;0.526
74.00	74.50	WIWR;0.511
22.75	24.50	WTSP;0.760
40.75	43.00	WTSP;0.931
47.50	49.00	WTSP;0.851
86.00	86.25	WTSP;0.522
105.00	106.25	WTSP;0.650
127.00	128.75	WTSP;0.753
134.75	136.50	WTSP;0.792
35.25	36.25	WWCR;0.796
73.00	73.50	YRWA;0.559
