203.25	203.50	AMDI;0.529
15.25	17.25	CHSP;0.696
92.00	94.25	CHSP;0.874
131.25	134.00	CHSP;0.843
140.25	141.50	CHSP;0.634
156.50	159.00	CHSP;0.930
168.50	170.00	CHSP;0.618
207.50	212.00	CHSP;0.888
215.00	217.25	CHSP;0.874
230.00	232.25	CHSP;0.971
244.50	247.00	CHSP;0.966
4.00	5.00	EAME;0.652
44.00	46.50	FOSP;0.875
56.50	59.50	FOSP;0.844
26.00	28.25	LISP;0.925
38.50	41.00	LISP;0.901
49.50	52.00	LISP;0.945
63.25	65.50	LISP;0.887
70.50	73.00	LISP;0.859
83.25	85.25	LISP;0.872
88.00	90.00	LISP;0.857
100.50	102.75	LISP;0.901
130.00	131.50	LISP;0.618
159.00	159.25	LISP;0.561
176.75	177.75	LISP;0.656
197.00	198.25	LISP;0.750
204.50	206.50	LISP;0.757
209.00	210.50	LISP;0.733
277.00	279.25	LISP;0.953
68.25	68.50	MOCH;0.514
105.50	105.75	MOCH;0.502
106.00	107.00	MOCH;0.626
216.75	217.50	MOCH;0.583
263.50	266.75	PISI;0.928
270.25	272.75	PISI;0.939
274.75	277.00	PISI;0.924
165.00	165.25	RUTU;0.539
232.50	232.75	TOWA;0.521
10.75	13.75	WCSP;0.903
51.75	52.50	WCSP;0.591
52.75	53.00	WCSP;0.544
65.50	67.25	WCSP;0.835
75.75	78.50	WCSP;0.969
90.00	92.00	WCSP;0.778
113.00	116.50	WCSP;0.902
120.00	122.00	WCSP;0.769
126.00	129.00	WCSP;0.889
161.75	163.00	WCSP;0.655
174.50	175.50	WCSP;0.614
187.00	189.25	WCSP;0.787
200.50	202.50	WCSP;0.764
234.75	236.75	WCSP;0.760
242.00	244.00	WCSP;0.764
247.00	249.00	WCSP;0.868
259.25	261.25	WCSP;0.761
296.00	298.00	WCSP;0.724
23.50	25.50	WTSP;0.729
61.75	62.00	WTSP;0.508
65.00	66.00	WTSP;0.592
102.25	103.50	WTSP;0.682
116.00	119.75	WTSP;0.894
125.25	126.75	WTSP;0.695
136.75	139.50	WTSP;0.915
149.00	151.50	WTSP;0.666
161.25	161.50	WTSP;0.537
170.50	171.75	WTSP;0.709
199.50	201.25	WTSP;0.742
249.00	251.25	WTSP;0.861
253.50	257.00	WTSP;0.895
267.00	270.00	WTSP;0.963
273.00	274.25	WTSP;0.571
285.25	289.00	WTSP;0.842
291.50	293.25	WTSP;0.773
172.00	174.50	YRWA;0.893
192.25	194.50	YRWA;0.934
