37.50	40.25	AMRO;0.950
53.00	54.50	AMRO;0.722
63.25	64.00	AMRO;0.567
65.50	67.25	AMRO;0.715
69.00	69.25	AMRO;0.508
71.25	72.25	AMRO;0.560
73.50	76.75	AMRO;0.868
83.25	84.75	AMRO;0.717
87.00	87.25	AMRO;0.526
87.50	88.75	AMRO;0.541
89.50	92.75	AMRO;0.898
94.00	94.50	AMRO;0.543
138.00	141.50	AMRO;0.932
191.50	191.75	AMRO;0.515
192.00	194.50	AMRO;0.883
195.25	196.50	AMRO;0.762
196.75	197.00	AMRO;0.533
202.00	206.25	AMRO;0.842
206.50	206.75	AMRO;0.584
207.00	209.50	AMRO;0.939
214.25	216.50	AMRO;0.904
216.75	222.50	AMRO;0.885
223.00	225.75	AMRO;0.847
228.50	231.50	AMRO;0.701
233.00	236.75	AMRO;0.955
239.75	240.00	AMRO;0.520
244.00	248.25	AMRO;0.875
248.50	248.75	AMRO;0.535
254.00	255.50	AMRO;0.604
259.50	263.50	AMRO;0.835
267.50	268.75	AMRO;0.628
269.25	272.00	AMRO;0.909
273.50	277.50	AMRO;0.908
279.50	281.50	AMRO;0.870
282.50	284.75	AMRO;0.812
285.75	290.50	AMRO;0.791
67.25	68.50	BHGR;0.697
256.75	257.00	BHGR;0.504
201.00	202.25	BLOY;0.593
102.50	104.00	CHSP;0.733
112.00	112.25	CHSP;0.509
120.25	122.25	CHSP;0.825
5.00	6.50	FOSP;0.717
17.50	18.50	FOSP;0.614
28.75	30.75	FOSP;0.840
55.00	55.25	FOSP;0.552
98.50	99.25	FOSP;0.564
117.25	119.50	FOSP;0.832
133.50	135.00	FOSP;0.612
135.25	135.50	FOSP;0.560
144.00	145.50	FOSP;0.645
153.75	156.00	FOSP;0.862
164.50	166.50	FOSP;0.887
180.75	181.50	FOSP;0.602
184.75	187.25	FOSP;0.853
198.50	200.00	FOSP;0.599
210.75	212.25	FOSP;0.882
226.00	226.50	FOSP;0.527
251.75	253.25	FOSP;0.579
265.75	266.50	FOSP;0.597
277.25	278.25	FOSP;0.591
290.25	291.00	FOSP;0.582
296.00	297.00	FOSP;0.661
96.50	96.75	HETH;0.567
196.50	196.75	RBGR;0.552
238.00	238.50	RBGR;0.551
126.00	127.50	SNBU;0.658
180.50	180.75	SNBU;0.562
232.00	232.50	SNBU;0.536
266.00	267.25	TOSO;0.615
177.00	178.00	VESP;0.573
2.00	4.25	WCSP;0.922
10.00	11.25	WCSP;0.764
12.00	12.25	WCSP;0.706
12.50	17.00	WCSP;0.978
19.75	22.75	WCSP;0.960
26.00	29.00	WCSP;0.934
33.50	36.50	WCSP;0.910
41.50	46.25	WCSP;0.909
47.00	50.00	WCSP;0.952
56.00	59.00	WCSP;0.976
61.00	66.50	WCSP;0.965
70.00	71.75	WCSP;0.840
76.75	81.50	WCSP;0.912
87.50	89.25	WCSP;0.832
91.50	93.75	WCSP;0.899
96.25	98.75	WCSP;0.926
100.25	102.75	WCSP;0.978
104.50	107.50	WCSP;0.950
108.00	110.75	WCSP;0.938
113.00	117.75	WCSP;0.964
122.00	125.00	WCSP;0.944
128.00	131.25	WCSP;0.959
132.75	134.00	WCSP;0.764
135.50	138.50	WCSP;0.968
141.00	144.00	WCSP;0.918
148.50	152.50	WCSP;0.917
156.00	158.75	WCSP;0.944
159.00	159.25	WCSP;0.700
159.50	164.50	WCSP;0.915
168.25	172.00	WCSP;0.892
175.00	176.75	WCSP;0.878
178.75	185.00	WCSP;0.944
189.50	193.50	WCSP;0.919
197.00	198.50	WCSP;0.878
204.50	207.50	WCSP;0.961
212.25	214.50	WCSP;0.931
218.75	223.00	WCSP;0.919
228.25	230.00	WCSP;0.791
235.00	237.00	WCSP;0.963
241.50	244.00	WCSP;0.956
246.75	251.50	WCSP;0.946
256.00	259.00	WCSP;0.931
261.00	265.00	WCSP;0.980
269.00	271.50	WCSP;0.962
273.50	275.00	WCSP;0.870
278.25	280.00	WCSP;0.890
283.25	287.25	WCSP;0.967
291.75	295.50	WCSP;0.955
297.50	300.00	WCSP;0.931
23.50	25.00	WTSP;0.663
35.00	36.00	WTSP;0.636
71.50	72.75	WTSP;0.687
