2.50	5.50	CHSP;0.937
11.00	13.50	CHSP;0.861
18.50	21.75	CHSP;0.930
26.75	29.50	CHSP;0.941
499.00	499.25	CHSP;0.530
522.50	525.00	CHSP;0.871
462.75	463.75	CHSW;0.635
181.25	181.50	FOSP;0.501
217.75	218.50	FOSP;0.639
245.00	246.50	FOSP;0.668
275.00	276.75	FOSP;0.833
285.50	286.25	FOSP;0.546
326.00	327.25	FOSP;0.594
356.75	358.50	FOSP;0.726
367.50	368.25	FOSP;0.546
376.25	377.50	FOSP;0.719
442.00	443.00	FOSP;0.626
479.25	480.50	FOSP;0.761
491.75	492.50	FOSP;0.532
516.00	518.00	FOSP;0.766
558.00	559.00	FOSP;0.543
569.00	570.75	FOSP;0.895
504.00	504.75	GCSP;0.549
201.00	201.75	HETH;0.628
307.00	307.50	HETH;0.589
279.50	280.25	MOCH;0.554
342.50	344.50	MOCH;0.779
547.50	547.75	SNBU;0.537
548.00	548.25	SNBU;0.528
184.00	185.00	SWSP;0.608
210.75	211.25	SWSP;0.525
255.50	256.75	SWSP;0.600
276.50	278.00	SWSP;0.608
366.50	368.50	SWSP;0.684
380.50	381.25	SWSP;0.541
0.00	2.50	WCSP;0.829
8.00	10.00	WCSP;0.921
16.00	18.75	WCSP;0.960
24.75	27.00	WCSP;0.935
31.75	34.50	WCSP;0.970
39.00	42.50	WCSP;0.959
48.50	51.00	WCSP;0.935
56.25	59.00	WCSP;0.941
65.00	67.25	WCSP;0.903
72.25	75.25	WCSP;0.958
81.00	84.00	WCSP;0.952
91.25	96.00	WCSP;0.956
99.50	102.50	WCSP;0.964
108.25	111.00	WCSP;0.830
116.00	119.00	WCSP;0.963
126.50	129.50	WCSP;0.941
134.00	136.00	WCSP;0.910
141.00	144.25	WCSP;0.948
150.50	153.00	WCSP;0.927
161.50	162.25	WCSP;0.724
162.50	163.25	WCSP;0.731
177.00	180.50	WCSP;0.975
186.25	188.50	WCSP;0.907
202.50	205.00	WCSP;0.934
260.75	261.00	WCSP;0.696
271.50	275.00	WCSP;0.970
339.25	341.25	WCSP;0.893
346.00	349.25	WCSP;0.979
354.75	357.00	WCSP;0.921
362.00	365.00	WCSP;0.961
369.50	372.50	WCSP;0.971
378.00	380.75	WCSP;0.972
387.00	389.00	WCSP;0.923
394.75	398.00	WCSP;0.978
402.75	406.00	WCSP;0.953
411.00	414.50	WCSP;0.970
420.25	423.00	WCSP;0.968
428.25	431.50	WCSP;0.963
437.00	440.00	WCSP;0.971
446.50	448.50	WCSP;0.898
456.00	459.00	WCSP;0.974
466.00	469.00	WCSP;0.985
474.75	478.00	WCSP;0.977
484.00	487.25	WCSP;0.980
494.25	497.75	WCSP;0.938
504.25	507.00	WCSP;0.918
512.50	515.25	WCSP;0.946
519.75	522.00	WCSP;0.913
527.50	530.00	WCSP;0.976
542.50	545.50	WCSP;0.947
571.00	572.75	WCSP;0.895
577.00	580.00	WCSP;0.950
584.50	586.50	WCSP;0.909
591.25	593.25	WCSP;0.920
598.25	600.00	WCSP;0.917
232.00	233.50	WIWA;0.801
238.50	241.50	WIWA;0.932
246.00	247.75	WIWA;0.829
253.50	256.00	WIWA;0.940
264.50	267.75	WIWA;0.960
276.25	279.00	WIWA;0.799
285.50	288.75	WIWA;0.974
294.00	297.50	WIWA;0.969
304.00	307.50	WIWA;0.973
313.00	315.75	WIWA;0.888
327.00	329.50	WIWA;0.941
336.25	338.50	WIWA;0.918
348.50	350.00	WIWA;0.883
358.00	360.50	WIWA;0.884
365.50	367.00	WIWA;0.753
373.00	375.75	WIWA;0.862
398.00	401.50	WIWA;0.943
406.50	409.25	WIWA;0.903
415.50	418.75	WIWA;0.972
422.50	425.50	WIWA;0.971
430.75	432.75	WIWA;0.872
439.00	441.00	WIWA;0.810
446.25	446.50	WIWA;0.712
454.00	457.00	WIWA;0.972
463.50	466.50	WIWA;0.969
471.50	475.25	WIWA;0.974
480.00	483.25	WIWA;0.961
486.75	490.25	WIWA;0.977
493.75	494.00	WIWA;0.711
500.75	504.50	WIWA;0.982
506.00	508.50	WIWA;0.951
514.75	516.00	WIWA;0.724
517.75	519.50	WIWA;0.869
524.75	528.00	WIWA;0.978
535.00	538.00	WIWA;0.921
545.00	547.00	WIWA;0.867
548.50	551.50	WIWA;0.972
553.00	556.25	WIWA;0.985
562.25	565.00	WIWA;0.958
572.00	574.75	WIWA;0.984
581.50	584.25	WIWA;0.972
586.75	589.00	WIWA;0.859
6.00	12.75	WTSP;0.940
19.00	20.00	WTSP;0.725
22.25	25.00	WTSP;0.977
28.50	32.00	WTSP;0.960
34.75	39.25	WTSP;0.992
50.50	57.50	WTSP;0.982
61.75	69.50	WTSP;0.985
75.00	81.00	WTSP;0.991
83.50	91.25	WTSP;0.989
98.25	100.00	WTSP;0.925
102.00	104.25	WTSP;0.895
105.50	110.25	WTSP;0.983
112.00	114.25	WTSP;0.895
120.50	127.50	WTSP;0.990
131.75	139.25	WTSP;0.968
143.75	151.00	WTSP;0.994
152.50	154.50	WTSP;0.854
157.00	161.00	WTSP;0.986
162.00	164.75	WTSP;0.838
169.50	176.00	WTSP;0.986
182.00	185.00	WTSP;0.880
189.50	197.50	WTSP;0.988
204.50	209.75	WTSP;0.994
212.00	216.25	WTSP;0.949
218.50	223.00	WTSP;0.989
225.00	226.75	WTSP;0.929
248.50	253.50	WTSP;0.992
257.00	259.00	WTSP;0.836
259.75	260.00	WTSP;0.706
261.75	265.50	WTSP;0.991
267.50	268.50	WTSP;0.800
289.00	291.00	WTSP;0.891
309.25	311.00	WTSP;0.860
311.25	311.50	WTSP;0.694
317.50	320.75	WTSP;0.973
353.50	355.00	WTSP;0.837
364.50	366.75	WTSP;0.959
