273.00	273.75	AMRO;0.601
286.25	287.50	AMRO;0.635
290.00	291.00	AMRO;0.618
10.25	11.75	FOSP;0.636
24.50	26.50	FOSP;0.828
39.00	40.50	FOSP;0.674
54.25	54.50	FOSP;0.534
54.75	55.00	FOSP;0.509
68.25	69.50	FOSP;0.745
81.50	83.25	FOSP;0.823
98.00	99.00	FOSP;0.579
111.00	113.25	FOSP;0.801
125.25	128.50	FOSP;0.902
141.00	142.75	FOSP;0.771
156.00	157.50	FOSP;0.667
170.50	172.50	FOSP;0.786
195.00	197.50	FOSP;0.776
213.00	215.50	FOSP;0.791
228.75	231.00	FOSP;0.875
245.25	247.50	FOSP;0.877
257.50	259.75	FOSP;0.856
268.75	271.00	FOSP;0.827
283.00	285.25	FOSP;0.816
296.75	298.50	FOSP;0.781
4.25	4.50	GCSP;0.508
122.25	123.00	HASP;0.575
295.50	296.75	HETH;0.596
268.25	268.75	LBCU;0.518
62.00	62.25	LISP;0.532
162.75	164.50	LISP;0.602
284.50	286.25	RBGR;0.812
9.75	10.50	SOSA;0.528
43.50	45.00	VATH;0.761
64.00	65.50	VATH;0.625
106.25	108.25	VATH;0.861
118.25	119.00	VATH;0.601
123.00	123.50	VATH;0.608
181.75	185.25	VATH;0.837
226.50	227.25	VATH;0.563
298.75	299.50	VATH;0.677
0.25	2.25	WCSP;0.622
5.75	9.00	WCSP;0.931
12.75	16.00	WCSP;0.956
20.75	23.75	WCSP;0.836
27.50	30.75	WCSP;0.910
74.00	77.50	WIWA;0.974
85.25	88.50	WIWA;0.982
96.50	99.50	WIWA;0.968
107.50	111.00	WIWA;0.971
118.50	122.25	WIWA;0.983
130.50	133.75	WIWA;0.980
142.00	144.75	WIWA;0.958
154.50	157.50	WIWA;0.975
172.75	176.00	WIWA;0.982
190.75	194.50	WIWA;0.978
218.00	221.00	WIWA;0.959
232.75	236.25	WIWA;0.958
254.50	257.25	WIWA;0.920
275.25	278.50	WIWA;0.964
287.00	290.50	WIWA;0.975
3.00	4.50	WTSP;0.777
16.50	19.50	WTSP;0.940
37.00	39.00	WTSP;0.877
51.00	53.50	WTSP;0.952
65.75	68.25	WTSP;0.966
100.50	103.50	WTSP;0.969
115.25	118.00	WTSP;0.963
172.50	173.25	WTSP;0.526
207.50	209.50	WTSP;0.880
279.50	281.25	WTSP;0.886
78.00	78.25	YRWA;0.504
