1.50	3.25	AMRO;0.848
3.75	6.00	AMRO;0.896
7.50	10.00	AMRO;0.895
11.00	18.00	AMRO;0.988
20.00	27.75	AMRO;0.992
29.00	37.00	AMRO;0.987
40.75	51.50	AMRO;0.984
52.75	53.00	AMRO;0.697
53.25	54.00	AMRO;0.746
55.00	59.50	AMRO;0.985
60.75	67.25	AMRO;0.981
68.00	72.00	AMRO;0.959
73.00	76.75	AMRO;0.922
77.25	88.00	AMRO;0.985
89.50	104.25	AMRO;0.992
105.50	108.50	AMRO;0.976
108.75	109.25	AMRO;0.726
109.50	109.75	AMRO;0.695
110.00	110.25	AMRO;0.703
110.50	117.50	AMRO;0.980
119.25	125.75	AMRO;0.993
128.25	138.75	AMRO;0.990
139.50	142.75	AMRO;0.933
144.00	155.00	AMRO;0.991
156.50	156.75	AMRO;0.718
157.00	157.25	AMRO;0.721
158.50	160.75	AMRO;0.815
163.00	164.00	AMRO;0.766
166.50	169.50	AMRO;0.990
171.50	177.25	AMRO;0.988
177.50	183.75	AMRO;0.990
184.75	191.50	AMRO;0.993
191.75	196.00	AMRO;0.984
197.50	200.00	AMRO;0.901
202.00	208.00	AMRO;0.982
208.25	213.75	AMRO;0.985
215.75	218.75	AMRO;0.954
221.25	225.25	AMRO;0.983
227.00	230.00	AMRO;0.946
231.00	237.75	AMRO;0.987
239.00	242.00	AMRO;0.918
243.75	248.75	AMRO;0.976
251.50	253.00	AMRO;0.847
255.50	260.00	AMRO;0.982
262.25	265.25	AMRO;0.976
267.00	269.50	AMRO;0.877
270.50	273.50	AMRO;0.970
274.25	275.00	AMRO;0.764
275.25	275.50	AMRO;0.695
276.50	282.00	AMRO;0.974
286.00	299.50	AMRO;0.987
26.50	27.25	BHGR;0.599
54.00	55.50	BHGR;0.650
118.00	118.25	BHGR;0.528
41.50	42.75	BRSP;0.603
58.50	60.00	BRTH;0.702
77.00	77.25	BRTH;0.574
125.25	126.50	BRTH;0.692
88.50	89.50	CHSP;0.608
112.50	114.00	CHSP;0.648
138.50	140.00	CHSP;0.651
169.50	170.50	GRCA;0.587
10.50	12.00	LISP;0.714
145.75	147.25	LISP;0.765
184.25	185.75	LISP;0.782
226.50	228.00	LISP;0.772
249.75	250.25	LISP;0.547
253.75	256.50	LISP;0.900
296.50	296.75	LISP;0.542
18.25	18.75	RBGR;0.553
27.50	28.50	RBGR;0.603
61.00	61.25	RBGR;0.513
69.50	69.75	RBGR;0.510
83.00	84.50	RBGR;0.704
109.50	111.00	RBGR;0.742
130.75	132.25	RBGR;0.636
157.75	159.00	RBGR;0.653
25.75	26.25	RUGR;0.567
112.00	112.75	RUGR;0.590
251.25	251.75	RUGR;0.564
143.25	144.00	SBDO;0.555
18.00	21.25	TOSO;0.777
38.00	39.25	TOSO;0.689
65.00	67.00	TOSO;0.749
105.00	105.75	TOSO;0.600
133.25	134.00	TOSO;0.659
147.75	148.50	TOSO;0.594
164.00	165.50	TOSO;0.714
268.00	270.50	TOSO;0.756
278.00	279.00	TOSO;0.634
281.75	283.25	TOSO;0.707
199.75	203.00	WCSP;0.959
203.25	203.50	WCSP;0.503
207.00	209.25	WCSP;0.842
214.50	217.50	WCSP;0.887
223.00	226.00	WCSP;0.822
230.00	232.25	WCSP;0.859
236.75	239.50	WCSP;0.890
243.00	246.00	WCSP;0.882
251.00	253.50	WCSP;0.853
258.00	261.00	WCSP;0.915
266.00	268.75	WCSP;0.901
273.50	276.50	WCSP;0.938
282.00	285.00	WCSP;0.949
290.00	293.00	WCSP;0.903
298.00	300.00	WCSP;0.933
262.00	262.50	WTSP;0.553
