83.00	84.50	BRSP;0.703
88.00	89.50	BRSP;0.712
105.50	106.50	BRSP;0.618
13.00	16.00	CHSP;0.742
32.25	32.50	CHSP;0.518
38.75	41.50	CHSP;0.662
49.25	50.25	CHSP;0.585
50.50	53.00	CHSP;0.841
57.00	60.75	CHSP;0.912
68.50	71.50	CHSP;0.898
80.00	80.50	CHSP;0.588
80.75	81.00	CHSP;0.508
81.25	82.25	CHSP;0.571
88.50	92.00	CHSP;0.891
99.50	102.00	CHSP;0.762
105.00	105.75	CHSP;0.552
121.75	124.50	CHSP;0.935
138.50	140.75	CHSP;0.773
147.00	150.00	CHSP;0.806
169.75	170.50	CHSP;0.563
188.50	191.00	CHSP;0.791
216.50	217.50	CHSP;0.708
239.50	242.00	CHSP;0.884
254.50	255.00	CHSP;0.576
256.75	260.50	CHSP;0.928
264.75	266.50	CHSP;0.867
271.50	274.50	CHSP;0.929
281.00	282.50	CHSP;0.811
296.50	298.50	CHSP;0.823
112.25	115.00	DEJU;0.874
267.75	268.00	FOSP;0.592
284.25	286.50	FOSP;0.895
72.50	74.00	GCSP;0.673
103.50	105.00	GCSP;0.746
117.00	117.75	GCSP;0.587
234.50	235.25	GCSP;0.601
252.50	253.50	GCSP;0.589
9.00	11.25	LISP;0.723
26.75	28.75	LISP;0.837
43.75	45.00	LISP;0.709
77.50	79.50	LISP;0.733
95.00	97.50	LISP;0.842
128.75	129.75	LISP;0.598
145.25	145.75	LISP;0.562
178.50	180.00	LISP;0.798
195.50	197.50	LISP;0.781
212.50	215.00	LISP;0.921
229.50	231.50	LISP;0.835
246.25	246.75	LISP;0.554
262.25	264.50	LISP;0.899
278.00	280.75	LISP;0.944
294.25	296.50	LISP;0.937
48.25	50.00	MOCH;0.831
121.00	121.50	PIGR;0.560
132.25	133.50	PISI;0.786
135.25	139.50	PISI;0.978
139.75	140.00	PISI;0.712
142.75	144.25	PISI;0.825
153.50	154.25	PISI;0.734
171.25	171.75	PISI;0.752
176.00	178.00	PISI;0.934
217.50	229.00	PISI;0.984
232.00	234.00	PISI;0.933
242.25	245.00	PISI;0.970
245.75	246.00	PISI;0.704
256.00	257.00	PISI;0.751
259.00	261.75	PISI;0.960
266.00	268.00	PISI;0.869
250.00	250.75	RCKI;0.583
63.00	64.75	SNBU;0.680
236.75	237.75	SNBU;0.616
275.25	277.50	SNBU;0.879
201.25	201.75	VESP;0.522
11.00	14.25	WTSP;0.842
22.50	24.00	WTSP;0.698
74.25	74.50	WTSP;0.507
