466.75	467.00	AMRO;0.518
472.75	474.75	AMRO;0.764
478.50	481.50	AMRO;0.950
487.50	490.00	AMRO;0.816
491.00	493.25	AMRO;0.912
541.25	544.50	AMRO;0.803
549.50	550.25	AMRO;0.515
563.50	565.50	AMRO;0.664
571.25	573.25	AMRO;0.674
182.50	184.25	FOSP;0.733
267.50	269.50	FOSP;0.721
426.50	427.50	FOSP;0.556
444.50	446.25	FOSP;0.661
461.50	463.50	FOSP;0.723
493.50	495.00	FOSP;0.801
557.50	558.25	FOSP;0.652
575.00	576.50	FOSP;0.613
591.50	592.50	FOSP;0.590
588.50	590.00	HETH;0.825
447.25	447.50	LASP;0.543
490.00	491.00	WILL;0.694
