0.00	5.25	AMRO;0.982
6.50	10.00	AMRO;0.967
13.50	17.75	AMRO;0.981
20.75	24.50	AMRO;0.981
27.50	33.75	AMRO;0.979
37.50	40.00	AMRO;0.890
45.25	48.00	AMRO;0.901
52.50	56.00	AMRO;0.975
58.00	61.75	AMRO;0.963
65.25	69.00	AMRO;0.978
73.00	76.00	AMRO;0.956
79.00	85.25	AMRO;0.984
90.00	94.00	AMRO;0.923
97.50	100.00	AMRO;0.980
102.00	105.25	AMRO;0.941
110.50	114.25	AMRO;0.985
117.50	120.00	AMRO;0.943
123.25	126.50	AMRO;0.975
127.50	128.75	AMRO;0.786
134.50	138.50	AMRO;0.963
141.50	144.50	AMRO;0.952
148.25	155.25	AMRO;0.934
157.25	160.75	AMRO;0.987
164.00	164.25	AMRO;0.702
164.50	166.25	AMRO;0.821
204.00	206.00	AMRO;0.847
239.00	240.00	AMRO;0.802
251.50	252.50	AMRO;0.768
276.25	276.50	AMRO;0.709
276.75	277.00	AMRO;0.705
192.75	193.50	BBPL;0.605
149.00	150.50	BRSP;0.610
164.50	165.50	BRSP;0.709
194.50	195.25	BRSP;0.568
196.75	198.25	BRSP;0.650
206.50	209.50	BRSP;0.682
250.00	250.50	BRSP;0.508
272.75	275.50	BRSP;0.713
282.50	284.25	BRSP;0.727
293.00	294.00	BRSP;0.552
144.50	149.00	CHSP;0.804
162.00	164.50	CHSP;0.863
173.00	176.00	CHSP;0.869
183.00	186.25	CHSP;0.896
195.00	198.00	CHSP;0.762
207.00	207.50	CHSP;0.518
216.00	216.50	CHSP;0.527
262.25	264.00	CHSP;0.645
272.50	273.50	CHSP;0.586
281.00	282.75	CHSP;0.729
284.50	285.00	EAME;0.598
57.25	57.50	HETH;0.513
199.75	201.50	HETH;0.748
299.75	300.00	HOWA;0.543
186.00	187.75	LISP;0.746
179.50	180.25	OVEN;0.519
108.00	108.75	PISI;0.663
110.00	110.75	PISI;0.622
119.00	119.25	PISI;0.525
119.50	119.75	PISI;0.540
120.75	123.50	PISI;0.925
126.00	127.50	PISI;0.785
131.25	132.00	PISI;0.652
106.50	107.50	SWSP;0.549
138.50	140.00	SWSP;0.779
51.00	51.25	SWTH;0.502
171.75	172.50	SWTH;0.623
189.25	191.00	SWTH;0.757
202.00	202.25	SWTH;0.516
202.50	203.50	SWTH;0.686
217.75	218.75	SWTH;0.621
99.25	101.00	TEWA;0.882
212.25	213.75	TEWA;0.807
214.00	214.25	TEWA;0.695
216.00	216.75	TEWA;0.717
219.75	263.00	TEWA;0.980
263.50	271.00	TEWA;0.965
273.25	279.75	TEWA;0.974
283.50	284.00	TEWA;0.708
284.75	293.50	TEWA;0.971
294.50	298.50	TEWA;0.971
96.25	97.00	WCSP;0.538
113.00	116.00	WCSP;0.903
132.50	134.00	WCSP;0.789
210.00	210.25	WCSP;0.517
210.50	211.75	WCSP;0.723
219.00	219.75	WCSP;0.597
271.75	272.25	WCSP;0.601
25.00	25.75	WTSP;0.536
34.00	37.50	WTSP;0.957
46.25	48.50	WTSP;0.749
68.50	71.00	WTSP;0.927
91.75	92.75	WTSP;0.649
116.00	117.50	WTSP;0.755
138.50	140.00	WTSP;0.777
151.00	152.50	WTSP;0.693
161.00	162.50	WTSP;0.771
183.00	183.25	WTSP;0.514
209.50	213.00	WTSP;0.911
221.00	225.00	WTSP;0.901
233.25	236.50	WTSP;0.865
243.50	247.50	WTSP;0.909
256.50	258.50	WTSP;0.801
268.50	270.75	WTSP;0.870
281.00	283.00	WTSP;0.687
