135.25	136.00	AMGP;0.627
145.00	145.50	AMRO;0.548
270.00	270.50	AMRO;0.539
115.50	116.25	FISP;0.553
3.75	5.75	FOSP;0.739
72.50	75.00	FOSP;0.817
20.00	21.50	GCSP;0.670
38.00	40.50	GCSP;0.766
180.50	181.50	LISP;0.614
190.75	192.00	LISP;0.563
78.00	78.75	MAMU;0.637
90.00	90.50	MAMU;0.550
171.50	171.75	MAMU;0.502
253.00	254.00	MAMU;0.708
266.25	267.00	MAMU;0.554
293.00	294.00	MAMU;0.643
127.25	127.50	MOCH;0.521
57.25	57.50	OROR;0.525
241.00	242.25	SNBU;0.699
177.25	178.50	SWSP;0.610
41.00	42.25	WATA;0.679
141.50	142.25	WATA;0.547
160.00	160.25	WATA;0.503
182.50	185.25	WATA;0.732
284.50	285.00	WATA;0.507
7.25	9.50	WCSP;0.857
21.00	23.00	WCSP;0.830
33.25	36.25	WCSP;0.928
36.75	38.00	WCSP;0.731
46.00	48.00	WCSP;0.834
101.50	102.50	WCSP;0.699
124.00	124.50	WCSP;0.530
170.50	171.50	WCSP;0.614
181.50	182.25	WCSP;0.564
192.25	194.75	WCSP;0.885
207.00	208.75	WCSP;0.804
218.50	220.25	WCSP;0.813
230.25	232.50	WCSP;0.926
242.50	245.25	WCSP;0.868
254.50	256.50	WCSP;0.834
278.50	281.00	WCSP;0.817
290.75	293.00	WCSP;0.795
1.75	4.00	WIWA;0.792
13.00	15.00	WIWA;0.884
23.00	25.50	WIWA;0.922
44.75	46.00	WIWA;0.598
66.75	68.50	WIWA;0.845
76.00	78.50	WIWA;0.905
86.00	88.50	WIWA;0.888
96.50	98.50	WIWA;0.938
116.75	118.50	WIWA;0.764
136.75	138.50	WIWA;0.782
146.50	147.75	WIWA;0.599
157.25	157.50	WIWA;0.506
167.50	169.75	WIWA;0.724
186.50	188.25	WIWA;0.737
196.50	198.50	WIWA;0.687
226.25	228.50	WIWA;0.918
276.75	278.00	WIWA;0.619
0.25	2.75	WTSP;0.864
5.25	7.50	WTSP;0.946
9.00	13.25	WTSP;0.981
16.75	20.25	WTSP;0.974
24.00	25.00	WTSP;0.775
26.00	34.25	WTSP;0.987
39.00	39.25	WTSP;0.698
39.50	40.00	WTSP;0.714
42.00	47.25	WTSP;0.924
47.50	53.00	WTSP;0.988
53.50	55.50	WTSP;0.898
59.00	61.75	WTSP;0.888
63.75	66.50	WTSP;0.959
69.25	71.75	WTSP;0.919
81.00	83.00	WTSP;0.962
88.50	91.00	WTSP;0.898
99.00	101.75	WTSP;0.931
102.50	105.50	WTSP;0.964
106.50	110.00	WTSP;0.986
111.50	113.50	WTSP;0.893
114.50	115.75	WTSP;0.796
118.25	125.50	WTSP;0.956
127.50	133.00	WTSP;0.972
139.00	144.00	WTSP;0.921
147.00	150.75	WTSP;0.973
152.50	155.50	WTSP;0.966
157.50	160.50	WTSP;0.923
163.75	170.75	WTSP;0.984
183.50	184.25	WTSP;0.761
188.00	190.75	WTSP;0.982
198.00	201.00	WTSP;0.979
202.50	207.50	WTSP;0.992
210.25	213.50	WTSP;0.855
214.25	218.00	WTSP;0.986
220.00	222.50	WTSP;0.892
223.50	226.50	WTSP;0.908
232.25	236.75	WTSP;0.986
245.25	246.25	WTSP;0.819
249.50	252.75	WTSP;0.982
256.50	260.00	WTSP;0.977
263.00	266.50	WTSP;0.980
268.75	277.50	WTSP;0.989
281.00	285.00	WTSP;0.981
286.50	291.75	WTSP;0.934
298.25	298.75	WTSP;0.725
299.25	299.50	WTSP;0.710
