422.50	423.50	AMRO;0.626
427.25	429.25	AMRO;0.845
168.50	168.75	DUNL;0.518
394.00	395.50	DUNL;0.620
224.75	226.00	FOSP;0.663
233.00	235.50	FOSP;0.776
130.50	131.75	LESA;0.754
422.75	425.00	MOBL;0.913
33.00	35.00	MOCH;0.803
99.25	101.25	MOCH;0.787
323.50	324.00	MOCH;0.609
44.75	45.50	NESP;0.554
223.50	225.25	SNBU;0.762
49.50	53.00	SOSP;0.884
56.50	59.00	SOSP;0.926
78.50	79.50	SOSP;0.572
537.00	539.50	VATH;0.909
586.00	587.50	VATH;0.830
356.50	358.50	WCSP;0.798
363.50	366.00	WCSP;0.790
370.50	372.50	WCSP;0.749
419.00	420.25	WCSP;0.650
436.75	438.50	WCSP;0.734
582.00	583.25	WCSP;0.722
591.00	593.25	WCSP;0.812
34.50	36.50	WTSP;0.796
46.50	49.75	WTSP;0.952
69.50	72.00	WTSP;0.811
140.75	144.75	WTSP;0.731
280.50	283.50	WTSP;0.942
324.00	326.50	WTSP;0.853
369.75	370.75	WTSP;0.571
380.50	382.00	WTSP;0.666
