1.00	6.75	AMRO;0.848
11.25	14.00	AMRO;0.840
15.75	17.50	AMRO;0.698
18.00	18.25	AMRO;0.516
22.00	23.50	AMRO;0.717
30.50	31.50	AMRO;0.693
37.00	38.75	AMRO;0.736
47.50	47.75	AMRO;0.568
48.00	48.25	AMRO;0.526
50.75	54.00	AMRO;0.843
66.00	67.00	AMRO;0.517
70.00	72.00	AMRO;0.598
72.25	72.50	AMRO;0.553
74.75	76.25	AMRO;0.750
79.25	81.00	AMRO;0.722
85.50	86.75	AMRO;0.700
94.25	100.00	AMRO;0.823
112.75	113.00	AMRO;0.503
124.50	128.00	AMRO;0.820
130.00	131.25	AMRO;0.656
131.50	131.75	AMRO;0.512
134.25	135.00	AMRO;0.575
136.50	139.00	AMRO;0.695
140.00	141.50	AMRO;0.644
144.75	145.50	AMRO;0.586
160.00	162.00	AMRO;0.859
167.75	168.75	AMRO;0.651
175.00	176.50	AMRO;0.771
179.75	180.75	AMRO;0.721
192.00	193.00	AMRO;0.687
194.50	196.00	AMRO;0.754
198.75	200.75	AMRO;0.736
203.25	204.00	AMRO;0.556
208.25	209.50	AMRO;0.687
214.00	218.00	AMRO;0.781
238.75	242.75	AMRO;0.852
245.25	247.75	AMRO;0.791
249.00	252.50	AMRO;0.868
253.75	255.00	AMRO;0.649
258.00	259.00	AMRO;0.678
290.50	291.50	AMRO;0.627
210.00	210.25	BAOR;0.500
157.00	157.50	BEWR;0.578
298.50	299.50	CAJA;0.643
74.50	76.25	CCSP;0.800
92.00	94.00	CCSP;0.924
99.50	101.25	CCSP;0.799
108.00	108.75	CCSP;0.518
130.00	130.50	CCSP;0.544
135.50	138.25	CCSP;0.937
150.00	150.50	CCSP;0.587
167.75	170.00	CCSP;0.888
190.75	191.50	CCSP;0.627
197.50	199.50	CCSP;0.864
210.25	212.50	CCSP;0.915
227.00	229.00	CCSP;0.844
280.25	282.50	CCSP;0.885
292.00	294.00	CCSP;0.879
0.00	1.25	CHSP;0.753
3.00	3.25	CHSP;0.701
3.50	9.50	CHSP;0.979
11.00	18.50	CHSP;0.979
19.75	24.00	CHSP;0.978
27.00	30.75	CHSP;0.977
33.50	37.50	CHSP;0.977
40.50	45.50	CHSP;0.981
47.50	52.50	CHSP;0.982
54.50	58.50	CHSP;0.977
59.50	74.50	CHSP;0.983
76.25	90.75	CHSP;0.984
93.75	98.00	CHSP;0.975
101.00	120.50	CHSP;0.988
123.00	130.00	CHSP;0.978
130.75	135.75	CHSP;0.986
138.00	156.00	CHSP;0.979
160.00	164.25	CHSP;0.965
170.00	177.75	CHSP;0.980
179.75	186.25	CHSP;0.975
192.75	197.25	CHSP;0.977
202.50	207.75	CHSP;0.968
232.75	235.25	CHSP;0.950
245.00	247.25	CHSP;0.831
249.25	251.25	CHSP;0.861
254.00	256.25	CHSP;0.918
259.50	272.50	CHSP;0.984
276.75	281.00	CHSP;0.988
284.25	288.75	CHSP;0.976
293.50	298.50	CHSP;0.978
164.50	165.25	DEJU;0.614
67.75	68.50	GRCA;0.537
242.75	243.00	LISP;0.556
256.75	258.50	LISP;0.758
288.00	290.00	LISP;0.858
9.25	11.00	PISI;0.892
18.00	20.00	PISI;0.872
23.50	27.50	PISI;0.980
30.50	34.00	PISI;0.978
37.50	41.50	PISI;0.981
45.00	48.00	PISI;0.980
58.00	60.75	PISI;0.963
61.00	63.00	PISI;0.827
165.00	167.25	PISI;0.905
179.25	179.75	PISI;0.706
185.25	193.00	PISI;0.982
212.25	227.50	PISI;0.988
228.25	232.75	PISI;0.963
235.00	238.50	PISI;0.923
243.50	245.25	PISI;0.864
247.50	249.25	PISI;0.894
252.00	253.75	PISI;0.811
258.50	260.00	PISI;0.765
265.75	268.00	PISI;0.835
273.50	277.25	PISI;0.979
282.75	285.00	PISI;0.932
234.50	234.75	SURF;0.506
