49.25	50.50	AMRO;0.570
54.75	59.00	AMRO;0.832
98.75	101.00	AMRO;0.924
133.00	134.50	AMRO;0.595
144.25	150.00	AMRO;0.959
150.50	155.50	AMRO;0.951
157.75	160.75	AMRO;0.904
165.00	167.25	AMRO;0.716
175.25	177.25	AMRO;0.751
192.00	193.75	AMRO;0.745
196.75	200.00	AMRO;0.891
212.25	214.50	AMRO;0.902
217.00	219.50	AMRO;0.879
222.50	227.50	AMRO;0.942
231.25	234.75	AMRO;0.877
243.00	244.50	AMRO;0.732
255.25	256.25	AMRO;0.643
266.00	268.00	AMRO;0.786
281.50	281.75	AMRO;0.529
282.00	282.25	AMRO;0.504
285.50	288.25	AMRO;0.869
298.00	300.50	AMRO;0.795
423.25	424.00	AMRO;0.521
518.25	519.50	AMRO;0.686
527.00	529.25	AMRO;0.904
550.00	550.25	AMRO;0.504
550.50	552.25	AMRO;0.743
134.00	135.00	BAOR;0.625
366.50	367.00	BAOR;0.538
144.00	144.50	BLOY;0.573
181.00	181.50	BLOY;0.581
264.50	265.50	BLOY;0.597
16.00	18.00	CHSW;0.721
69.00	70.00	CHSW;0.569
22.50	24.00	FISP;0.703
225.00	226.00	FISP;0.599
434.50	436.25	FISP;0.764
382.50	384.00	FOSP;0.752
569.75	570.50	FOSP;0.644
117.25	118.00	GWTE;0.546
254.00	256.00	GWTE;0.698
262.25	263.00	GWTE;0.546
385.00	386.50	GWTE;0.708
411.50	412.25	HETH;0.582
219.00	220.50	MOBL;0.750
46.00	46.25	MOCH;0.528
140.00	140.25	MOCH;0.518
140.50	141.25	MOCH;0.536
149.25	151.00	MOCH;0.672
377.00	377.50	MOCH;0.585
377.75	378.00	MOCH;0.514
399.25	401.00	MOCH;0.810
410.75	412.00	MOCH;0.622
447.00	448.75	MOCH;0.789
495.00	496.50	MOCH;0.619
546.50	548.00	MOCH;0.720
172.00	172.25	RBGU;0.509
381.50	383.00	SNBU;0.612
568.75	570.00	SNBU;0.717
66.75	67.50	WCSP;0.614
270.00	271.00	WCSP;0.704
537.50	539.00	WCSP;0.804
124.00	124.50	WILL;0.571
3.00	4.50	WIWA;0.757
29.25	31.50	WIWA;0.840
39.00	40.50	WIWA;0.677
40.75	41.00	WIWA;0.538
345.00	346.50	WIWA;0.677
356.75	358.50	WIWA;0.720
378.25	380.50	WIWA;0.845
5.25	8.00	WTSP;0.723
17.50	20.25	WTSP;0.852
37.75	39.50	WTSP;0.800
46.50	48.50	WTSP;0.809
51.25	52.00	WTSP;0.550
78.00	80.00	WTSP;0.787
94.25	96.00	WTSP;0.720
110.00	112.00	WTSP;0.836
124.00	127.00	WTSP;0.874
141.75	142.00	WTSP;0.547
214.50	216.50	WTSP;0.791
308.25	311.25	WTSP;0.924
