563.50	563.75	AMRE;0.508
3.00	3.75	AMRO;0.787
10.50	12.50	AMRO;0.933
16.00	17.50	AMRO;0.874
24.75	26.25	AMRO;0.881
29.00	31.00	AMRO;0.855
33.75	34.25	AMRO;0.711
36.00	36.25	AMRO;0.718
41.75	44.75	AMRO;0.979
58.75	61.00	AMRO;0.929
70.00	71.00	AMRO;0.774
73.75	75.00	AMRO;0.768
78.00	80.00	AMRO;0.940
82.00	84.25	AMRO;0.855
85.25	90.00	AMRO;0.980
94.00	96.25	AMRO;0.904
98.50	100.00	AMRO;0.875
102.00	102.25	AMRO;0.736
103.50	103.75	AMRO;0.713
109.50	111.50	AMRO;0.898
117.25	119.25	AMRO;0.928
121.00	123.50	AMRO;0.917
128.25	130.00	AMRO;0.841
131.00	135.00	AMRO;0.961
140.25	142.50	AMRO;0.964
145.50	147.00	AMRO;0.849
150.50	153.50	AMRO;0.979
155.25	157.25	AMRO;0.750
158.75	160.50	AMRO;0.830
163.50	166.75	AMRO;0.941
175.50	178.00	AMRO;0.903
179.25	182.25	AMRO;0.983
185.25	191.50	AMRO;0.975
197.75	200.00	AMRO;0.933
207.75	210.25	AMRO;0.977
211.75	214.25	AMRO;0.943
215.50	219.50	AMRO;0.963
226.75	229.00	AMRO;0.967
231.00	231.25	AMRO;0.765
231.50	233.75	AMRO;0.795
237.00	238.75	AMRO;0.848
240.50	241.50	AMRO;0.775
243.50	246.25	AMRO;0.984
248.25	252.25	AMRO;0.965
255.00	258.00	AMRO;0.968
266.00	270.00	AMRO;0.977
270.50	274.00	AMRO;0.977
274.25	280.50	AMRO;0.987
284.25	287.50	AMRO;0.981
288.25	290.75	AMRO;0.975
293.50	296.00	AMRO;0.997
298.25	301.00	AMRO;0.957
303.00	304.50	AMRO;0.840
306.25	308.50	AMRO;0.890
312.00	312.25	AMRO;0.698
312.50	315.25	AMRO;0.785
316.50	318.50	AMRO;0.933
325.00	329.50	AMRO;0.956
333.25	335.75	AMRO;0.788
336.75	342.00	AMRO;0.978
344.25	345.75	AMRO;0.801
348.25	351.00	AMRO;0.961
353.00	354.75	AMRO;0.888
355.50	356.50	AMRO;0.744
360.50	362.50	AMRO;0.866
366.25	367.75	AMRO;0.789
370.75	381.75	AMRO;0.987
382.50	382.75	AMRO;0.721
383.00	383.25	AMRO;0.709
384.00	390.00	AMRO;0.974
390.75	394.50	AMRO;0.976
395.00	397.50	AMRO;0.800
397.75	404.75	AMRO;0.973
407.50	408.00	AMRO;0.727
408.25	413.00	AMRO;0.960
413.50	416.00	AMRO;0.859
418.00	420.50	AMRO;0.935
421.00	422.50	AMRO;0.791
423.50	429.75	AMRO;0.982
433.50	438.00	AMRO;0.970
439.00	439.50	AMRO;0.705
440.75	441.00	AMRO;0.696
441.25	441.50	AMRO;0.716
442.50	444.25	AMRO;0.904
448.00	453.25	AMRO;0.875
456.50	456.75	AMRO;0.698
457.00	458.00	AMRO;0.784
462.50	464.50	AMRO;0.928
466.50	468.00	AMRO;0.774
471.00	480.75	AMRO;0.960
482.50	482.75	AMRO;0.709
483.00	484.25	AMRO;0.843
487.75	490.00	AMRO;0.895
491.50	497.25	AMRO;0.958
497.75	502.50	AMRO;0.964
505.50	509.00	AMRO;0.978
509.25	511.50	AMRO;0.849
513.50	514.00	AMRO;0.743
516.25	518.00	AMRO;0.939
523.50	524.25	AMRO;0.733
528.00	530.00	AMRO;0.895
540.00	540.75	AMRO;0.715
541.50	542.75	AMRO;0.751
545.00	547.75	AMRO;0.987
548.50	552.00	AMRO;0.957
553.00	555.50	AMRO;0.972
556.75	558.50	AMRO;0.860
560.50	563.00	AMRO;0.863
563.25	564.00	AMRO;0.747
564.25	566.75	AMRO;0.845
569.25	569.50	AMRO;0.705
569.75	575.25	AMRO;0.943
577.00	579.50	AMRO;0.932
580.50	588.25	AMRO;0.957
589.50	592.50	AMRO;0.978
594.50	600.00	AMRO;0.921
67.50	68.50	BCCH;0.616
364.50	366.00	BCCH;0.759
532.25	533.00	BCCH;0.567
156.00	156.50	BHGR;0.597
156.75	157.00	BHGR;0.507
447.00	448.25	BHGR;0.579
173.00	175.25	BRSP;0.908
188.00	190.00	BRSP;0.790
332.00	332.50	CCSP;0.577
436.50	436.75	CCSP;0.506
437.00	437.25	CCSP;0.501
559.50	562.50	CCSP;0.906
564.75	566.50	CCSP;0.795
570.00	570.75	CCSP;0.609
578.50	581.00	CCSP;0.954
587.50	590.25	CCSP;0.894
595.75	598.50	CCSP;0.870
7.75	10.75	CHSP;0.959
11.75	14.50	CHSP;0.945
16.50	20.00	CHSP;0.930
27.50	30.75	CHSP;0.878
36.75	39.50	CHSP;0.877
47.50	49.75	CHSP;0.945
54.75	58.25	CHSP;0.953
82.00	83.50	CHSP;0.839
91.25	92.25	CHSP;0.793
94.75	97.50	CHSP;0.958
98.00	105.75	CHSP;0.975
109.00	115.00	CHSP;0.976
119.50	126.50	CHSP;0.945
128.00	131.50	CHSP;0.969
135.00	139.75	CHSP;0.964
142.75	148.00	CHSP;0.974
150.25	156.00	CHSP;0.973
157.75	164.00	CHSP;0.973
166.00	173.00	CHSP;0.977
175.00	180.50	CHSP;0.969
190.00	195.25	CHSP;0.979
197.75	204.00	CHSP;0.970
205.75	208.00	CHSP;0.913
214.75	220.50	CHSP;0.978
223.50	226.50	CHSP;0.941
232.00	234.00	CHSP;0.862
240.00	241.50	CHSP;0.835
246.00	249.00	CHSP;0.851
256.00	257.00	CHSP;0.827
263.75	264.00	CHSP;0.743
272.00	272.50	CHSP;0.711
281.50	284.25	CHSP;0.961
291.50	292.50	CHSP;0.810
293.00	293.25	CHSP;0.703
300.50	304.00	CHSP;0.955
321.00	322.25	CHSP;0.791
336.50	336.75	CHSP;0.712
344.75	348.25	CHSP;0.979
361.00	362.00	CHSP;0.759
369.00	370.00	CHSP;0.729
378.00	379.25	CHSP;0.820
387.00	389.25	CHSP;0.856
395.50	398.25	CHSP;0.944
403.75	406.50	CHSP;0.952
411.50	415.00	CHSP;0.958
429.50	433.25	CHSP;0.966
448.50	451.50	CHSP;0.940
473.00	473.50	CHSP;0.745
504.00	506.75	CHSP;0.908
513.00	515.50	CHSP;0.879
520.50	521.75	CHSP;0.768
528.00	529.00	CHSP;0.749
531.00	532.25	CHSP;0.782
547.00	549.50	CHSP;0.857
553.25	558.50	CHSP;0.990
566.25	570.00	CHSP;0.992
572.25	573.00	CHSP;0.725
573.75	578.50	CHSP;0.986
581.25	587.00	CHSP;0.982
591.00	595.50	CHSP;0.984
39.50	40.50	DEJU;0.642
50.00	51.25	DEJU;0.573
208.00	209.00	DEJU;0.639
233.00	233.50	DEJU;0.586
233.75	234.00	DEJU;0.502
337.00	338.00	DEJU;0.651
369.25	371.50	DEJU;0.779
350.50	351.00	EABL;0.554
1.75	2.50	EAME;0.559
184.00	186.25	FOSP;0.844
57.75	59.00	HASP;0.676
3.75	5.25	HETH;0.738
24.00	25.25	HETH;0.663
26.25	26.50	HETH;0.512
55.25	55.50	HETH;0.531
81.00	82.25	HETH;0.753
154.00	154.50	HETH;0.512
221.50	222.50	HETH;0.660
238.75	240.50	HETH;0.794
258.75	261.25	HETH;0.886
301.75	303.25	HETH;0.807
305.50	307.25	HETH;0.943
315.50	316.25	HETH;0.585
322.75	324.50	HETH;0.687
383.25	384.00	HETH;0.692
533.00	533.50	HETH;0.523
6.00	6.75	LISP;0.610
21.00	21.50	LISP;0.515
65.00	67.25	LISP;0.939
141.50	142.75	LISP;0.636
236.00	237.75	LISP;0.729
354.00	356.00	LISP;0.779
380.75	381.75	LISP;0.633
384.00	386.00	LISP;0.837
401.00	403.00	LISP;0.839
407.00	408.50	LISP;0.627
417.25	419.25	LISP;0.851
420.75	422.00	LISP;0.703
433.75	434.50	LISP;0.598
437.75	439.25	LISP;0.756
465.00	466.50	LISP;0.693
468.50	470.75	LISP;0.907
497.50	498.50	LISP;0.713
510.75	512.50	LISP;0.787
523.25	525.25	LISP;0.775
246.50	246.75	MAMU;0.504
253.00	253.75	MAMU;0.598
3.50	3.75	MOCH;0.500
25.50	26.75	MOCH;0.726
33.75	34.00	MOCH;0.502
485.25	486.00	OSPR;0.588
289.25	289.75	PAWA;0.580
290.00	290.25	PAWA;0.526
292.50	293.00	PAWA;0.585
296.50	298.25	PAWA;0.852
496.75	497.50	PAWA;0.594
484.25	485.50	PAWR;0.586
72.00	72.75	PISI;0.600
17.25	19.00	RBGR;0.846
282.50	283.50	RBGR;0.653
343.50	344.75	RBGR;0.591
395.50	396.25	RBGR;0.556
422.00	422.75	RBGR;0.579
429.25	431.00	RBGR;0.841
64.25	64.50	RCKI;0.523
471.00	471.75	REVI;0.583
474.25	474.50	SWSP;0.526
474.75	475.00	SWSP;0.507
333.00	334.75	TOSO;0.812
504.50	505.25	TOSO;0.617
518.25	518.50	TOSO;0.510
529.75	530.50	TOSO;0.543
13.50	15.75	VATH;0.816
22.50	24.50	VATH;0.937
52.00	54.25	VATH;0.964
58.75	60.00	VATH;0.733
61.00	64.00	VATH;0.987
71.00	71.75	VATH;0.559
75.00	78.00	VATH;0.884
92.00	94.00	VATH;0.871
96.25	98.50	VATH;0.984
100.50	102.00	VATH;0.851
105.00	107.00	VATH;0.890
123.50	125.50	VATH;0.932
135.50	137.50	VATH;0.936
149.50	150.00	VATH;0.624
175.00	176.25	VATH;0.679
192.50	194.50	VATH;0.899
525.75	527.50	VATH;0.883
487.00	487.75	WAVI;0.609
83.50	85.25	WCSP;0.843
93.25	95.00	WCSP;0.927
204.00	204.25	WCSP;0.519
210.75	213.00	WCSP;0.811
220.75	221.00	WCSP;0.558
228.50	230.75	WCSP;0.765
241.75	243.75	WCSP;0.877
319.00	320.50	WCSP;0.763
342.50	343.25	WCSP;0.552
2.00	2.25	WEME;0.504
254.00	254.75	WIWA;0.560
264.50	264.75	WIWA;0.525
265.00	266.25	WIWA;0.733
267.75	268.75	WIWA;0.653
273.00	274.00	WIWA;0.629
275.50	277.00	WIWA;0.824
291.25	291.50	WIWA;0.508
488.75	489.50	WIWA;0.561
491.25	492.25	WIWA;0.608
494.25	495.50	WIWA;0.680
499.00	499.50	WIWA;0.564
550.50	551.50	WIWA;0.707
6.00	7.75	WTSP;0.644
20.25	20.50	WTSP;0.554
117.00	119.50	WTSP;0.817
131.00	134.00	WTSP;0.918
147.50	149.75	WTSP;0.925
163.50	165.50	WTSP;0.889
182.00	183.00	WTSP;0.575
196.50	198.00	WTSP;0.735
225.75	228.50	WTSP;0.950
279.00	281.25	WTSP;0.885
285.25	286.50	WTSP;0.766
439.75	442.00	WTSP;0.887
458.25	461.25	WTSP;0.959
478.50	482.75	WTSP;0.963
507.00	509.00	WTSP;0.835
