10.25	10.50	AMRO;0.506
40.00	40.75	AMRO;0.552
59.00	61.50	AMRO;0.890
128.75	129.50	AMRO;0.568
225.50	227.50	AMRO;0.725
311.75	313.25	AMRO;0.732
325.25	328.25	AMRO;0.909
354.50	356.25	AMRO;0.647
403.50	405.75	AMRO;0.651
411.50	413.00	AMRO;0.760
413.25	413.50	AMRO;0.549
417.00	419.75	AMRO;0.779
438.50	439.50	AMRO;0.568
512.50	514.50	AMRO;0.748
542.75	543.75	AMRO;0.572
577.25	578.50	AMRO;0.682
585.00	585.25	AMRO;0.516
585.75	586.00	AMRO;0.503
185.00	185.50	BHCO;0.543
56.50	56.75	BRSP;0.506
56.50	57.00	CHSP;0.513
169.00	171.00	CHSP;0.751
209.50	209.75	CHSP;0.525
210.00	210.50	CHSP;0.560
293.00	294.00	CHSP;0.583
302.50	303.00	CHSP;0.581
311.25	312.75	CHSP;0.763
319.50	322.00	CHSP;0.747
344.00	345.50	CHSP;0.645
386.00	387.00	CHSP;0.611
428.25	430.50	CHSP;0.684
526.25	528.25	CHSP;0.773
537.00	538.25	CHSP;0.655
546.00	549.00	CHSP;0.913
572.00	575.50	CHSP;0.920
589.00	592.25	CHSP;0.930
210.75	211.25	DEJU;0.524
378.75	379.00	DEJU;0.506
394.50	394.75	DEJU;0.516
108.50	109.00	FISP;0.582
363.50	363.75	FISP;0.558
222.75	223.00	FOSP;0.503
329.50	330.25	FOSP;0.538
383.00	383.75	FOSP;0.626
407.25	409.50	FOSP;0.816
434.50	435.75	FOSP;0.744
553.00	554.25	FOSP;0.663
70.75	72.00	GWTE;0.629
465.50	466.00	GWTE;0.533
29.50	29.75	HETH;0.503
0.50	0.75	LISP;0.549
1.00	2.25	LISP;0.606
8.75	9.50	LISP;0.532
16.50	19.00	LISP;0.832
33.50	36.00	LISP;0.883
49.50	51.50	LISP;0.861
64.00	66.50	LISP;0.857
75.50	76.50	LISP;0.602
80.25	83.25	LISP;0.912
98.50	101.00	LISP;0.854
114.75	117.25	LISP;0.901
130.75	133.25	LISP;0.908
147.50	150.00	LISP;0.885
163.75	166.00	LISP;0.792
179.00	181.50	LISP;0.924
195.00	197.75	LISP;0.817
213.25	216.75	LISP;0.954
225.00	226.25	LISP;0.658
230.00	233.00	LISP;0.907
247.50	250.00	LISP;0.879
263.50	265.75	LISP;0.895
279.25	282.00	LISP;0.886
297.00	299.25	LISP;0.900
314.75	316.25	LISP;0.740
332.00	334.00	LISP;0.762
349.00	351.50	LISP;0.827
365.75	368.25	LISP;0.883
384.00	385.50	LISP;0.817
400.50	401.50	LISP;0.603
448.25	450.50	LISP;0.821
464.50	465.75	LISP;0.727
477.75	480.00	LISP;0.856
524.00	525.75	LISP;0.790
555.25	557.50	LISP;0.919
571.00	572.50	LISP;0.675
572.75	573.00	LISP;0.507
588.00	589.00	LISP;0.588
133.75	134.00	LOSH;0.505
4.75	7.00	MOCH;0.921
13.00	13.50	MOCH;0.533
26.75	27.75	MOCH;0.604
294.50	295.25	MOCH;0.553
395.25	396.25	MOCH;0.574
498.00	498.25	MOCH;0.563
533.00	535.50	MOCH;0.762
544.00	545.50	MOCH;0.696
597.00	599.00	MOCH;0.823
73.00	75.00	OCWA;0.849
9.50	10.25	PUFI;0.616
29.75	31.50	PUFI;0.615
176.75	177.25	PUFI;0.554
434.00	435.00	PUFI;0.659
51.50	51.75	RUTU;0.509
149.50	150.50	RUTU;0.666
165.75	166.50	RUTU;0.582
94.00	94.25	SATH;0.524
458.25	459.50	SATH;0.663
459.75	460.00	SATH;0.509
471.75	472.50	SATH;0.537
329.00	329.25	SNBU;0.541
317.00	317.75	VATH;0.576
334.00	335.50	VATH;0.795
353.75	355.00	VATH;0.862
189.50	190.25	WATA;0.564
42.50	43.50	WIWA;0.575
13.25	16.50	WTSP;0.898
27.50	30.00	WTSP;0.938
43.75	45.50	WTSP;0.886
47.25	48.25	WTSP;0.705
52.50	56.25	WTSP;0.966
60.50	62.75	WTSP;0.954
67.00	70.25	WTSP;0.972
77.00	79.50	WTSP;0.908
84.00	87.25	WTSP;0.986
92.00	94.00	WTSP;0.892
101.25	103.50	WTSP;0.925
106.50	109.50	WTSP;0.919
109.75	110.00	WTSP;0.719
117.00	119.25	WTSP;0.933
136.00	139.25	WTSP;0.991
174.00	174.25	WTSP;0.694
174.50	176.50	WTSP;0.926
185.50	188.75	WTSP;0.958
217.25	218.50	WTSP;0.828
233.75	235.75	WTSP;0.916
250.25	250.75	WTSP;0.711
265.75	267.25	WTSP;0.830
295.25	297.25	WTSP;0.860
329.75	331.50	WTSP;0.805
342.00	343.00	WTSP;0.773
346.50	349.00	WTSP;0.927
358.25	360.50	WTSP;0.907
362.50	365.00	WTSP;0.801
377.00	379.00	WTSP;0.900
393.00	395.25	WTSP;0.916
409.50	411.50	WTSP;0.874
424.00	426.25	WTSP;0.911
440.00	442.00	WTSP;0.823
469.75	471.75	WTSP;0.823
521.25	524.50	WTSP;0.985
528.75	530.50	WTSP;0.801
538.50	541.50	WTSP;0.985
565.75	569.50	WTSP;0.983
577.00	579.25	WTSP;0.911
593.00	597.00	WTSP;0.980
183.00	184.50	YRWA;0.855
