16.50	18.00	FOSP;0.746
34.50	36.00	FOSP;0.678
55.50	58.00	FOSP;0.853
71.50	73.00	FOSP;0.803
85.25	87.75	FOSP;0.926
100.25	103.00	FOSP;0.921
119.00	121.00	FOSP;0.776
135.50	136.50	FOSP;0.629
144.25	145.00	FOSP;0.601
151.25	152.75	FOSP;0.767
168.00	170.25	FOSP;0.819
182.25	183.75	FOSP;0.834
203.75	206.00	FOSP;0.889
224.75	225.50	FOSP;0.594
242.00	244.75	FOSP;0.912
265.00	267.00	FOSP;0.845
285.75	288.25	FOSP;0.876
223.00	224.00	GCSP;0.624
50.25	52.00	MOCH;0.787
263.50	264.50	MOCH;0.621
181.25	182.25	NOCA;0.599
158.25	159.25	RBGR;0.592
14.50	17.50	WCSP;0.970
21.50	24.75	WCSP;0.944
28.50	30.75	WCSP;0.867
32.50	36.00	WCSP;0.943
39.50	42.00	WCSP;0.910
65.75	67.00	WCSP;0.837
69.75	72.25	WCSP;0.946
76.00	78.00	WCSP;0.851
81.50	84.50	WCSP;0.961
91.50	92.00	WCSP;0.706
92.75	93.75	WCSP;0.833
97.50	99.00	WCSP;0.831
107.50	110.00	WCSP;0.926
112.00	120.25	WCSP;0.975
120.75	125.00	WCSP;0.937
125.25	125.75	WCSP;0.774
128.75	136.50	WCSP;0.978
137.00	144.00	WCSP;0.966
145.50	151.00	WCSP;0.974
152.50	155.50	WCSP;0.944
157.75	160.50	WCSP;0.922
161.00	164.50	WCSP;0.957
167.50	170.25	WCSP;0.943
170.50	173.50	WCSP;0.942
176.25	181.00	WCSP;0.992
183.50	186.50	WCSP;0.962
191.50	192.25	WCSP;0.783
193.75	196.50	WCSP;0.954
200.75	203.50	WCSP;0.892
207.00	210.00	WCSP;0.948
213.50	216.50	WCSP;0.961
224.75	226.50	WCSP;0.878
240.00	241.25	WCSP;0.838
245.25	245.50	WCSP;0.758
254.00	256.50	WCSP;0.900
260.50	263.50	WCSP;0.962
273.00	276.25	WCSP;0.965
276.50	277.25	WEWP;0.621
1.25	14.75	WTSP;0.989
17.50	22.00	WTSP;0.981
25.00	29.75	WTSP;0.993
36.00	44.50	WTSP;0.974
45.50	50.50	WTSP;0.989
57.75	63.25	WTSP;0.934
66.50	70.50	WTSP;0.996
73.00	76.50	WTSP;0.986
77.50	82.00	WTSP;0.987
88.75	92.00	WTSP;0.975
92.25	97.75	WTSP;0.981
98.50	99.00	WTSP;0.717
106.00	113.00	WTSP;0.985
125.00	129.75	WTSP;0.982
130.50	132.50	WTSP;0.918
140.25	143.75	WTSP;0.892
155.50	158.50	WTSP;0.971
160.00	162.00	WTSP;0.938
164.25	167.75	WTSP;0.975
170.50	171.50	WTSP;0.845
173.00	176.50	WTSP;0.994
186.00	190.25	WTSP;0.977
191.00	194.50	WTSP;0.986
196.50	202.25	WTSP;0.970
206.25	214.25	WTSP;0.993
216.50	223.50	WTSP;0.985
223.75	224.00	WTSP;0.705
226.50	230.25	WTSP;0.991
232.00	234.75	WTSP;0.906
237.50	241.25	WTSP;0.971
245.50	245.75	WTSP;0.702
246.00	246.50	WTSP;0.721
247.25	255.25	WTSP;0.982
256.00	261.50	WTSP;0.955
270.00	273.50	WTSP;0.941
278.50	278.75	WTSP;0.698
279.00	280.50	WTSP;0.748
280.75	281.00	WTSP;0.707
282.00	285.50	WTSP;0.981
290.25	300.00	WTSP;0.983
