8.50	11.75	AMRO;0.977
13.75	17.00	AMRO;0.915
22.00	32.25	AMRO;0.943
34.00	36.50	AMRO;0.942
37.50	40.25	AMRO;0.959
42.00	44.00	AMRO;0.904
47.00	56.25	AMRO;0.961
58.75	59.50	AMRO;0.718
60.75	61.25	AMRO;0.704
64.00	64.25	AMRO;0.699
64.50	79.75	AMRO;0.984
81.50	84.50	AMRO;0.992
87.00	88.50	AMRO;0.827
91.50	92.00	AMRO;0.702
98.75	99.50	AMRO;0.795
105.00	108.50	AMRO;0.972
109.50	111.50	AMRO;0.914
113.25	118.00	AMRO;0.965
121.75	125.00	AMRO;0.888
126.00	132.25	AMRO;0.971
136.00	137.50	AMRO;0.838
140.00	144.00	AMRO;0.990
145.00	147.00	AMRO;0.889
148.50	151.50	AMRO;0.974
157.75	160.50	AMRO;0.961
163.50	172.75	AMRO;0.985
175.25	180.00	AMRO;0.961
182.00	186.25	AMRO;0.982
187.50	191.50	AMRO;0.976
193.00	197.50	AMRO;0.957
204.75	210.00	AMRO;0.985
218.75	221.75	AMRO;0.972
223.75	227.00	AMRO;0.970
238.75	242.00	AMRO;0.892
244.25	247.00	AMRO;0.979
249.00	249.25	AMRO;0.705
253.00	254.50	AMRO;0.740
257.75	260.75	AMRO;0.971
266.75	270.75	AMRO;0.984
272.25	274.25	AMRO;0.844
278.25	281.00	AMRO;0.959
283.25	286.25	AMRO;0.985
289.00	289.25	AMRO;0.734
289.50	291.50	AMRO;0.885
293.50	296.50	AMRO;0.971
297.50	300.00	AMRO;0.955
88.50	89.50	BAOR;0.677
248.75	249.50	BRSP;0.539
240.50	243.75	CHSP;0.846
280.00	280.25	CHSP;0.515
280.50	282.00	CHSP;0.720
3.50	4.75	FOSP;0.610
46.00	46.75	FOSP;0.558
62.25	62.50	FOSP;0.519
62.75	63.75	FOSP;0.690
96.50	98.00	FOSP;0.626
147.00	148.50	FOSP;0.737
172.25	174.50	FOSP;0.686
200.50	200.75	FOSP;0.533
201.00	202.00	FOSP;0.569
251.50	251.75	FOSP;0.525
252.50	252.75	FOSP;0.526
262.50	264.00	FOSP;0.769
277.75	278.75	FOSP;0.554
292.00	292.25	FOSP;0.502
2.00	3.50	GRCA;0.711
79.75	80.00	HETH;0.523
29.25	30.50	LISP;0.779
40.75	43.00	LISP;0.909
102.00	103.00	LISP;0.563
119.50	120.00	LISP;0.517
123.00	125.00	LISP;0.818
138.50	139.75	LISP;0.611
143.00	145.25	LISP;0.814
153.00	155.50	LISP;0.800
164.75	166.00	LISP;0.619
175.00	177.50	LISP;0.913
197.75	199.25	LISP;0.798
211.25	211.50	LISP;0.516
221.00	222.50	LISP;0.731
288.25	290.00	LISP;0.772
227.25	229.00	OROR;0.831
180.50	182.25	PIGR;0.822
192.50	194.00	PIGR;0.717
232.75	233.00	PIGR;0.518
254.00	255.50	PUFI;0.579
265.00	265.25	PUFI;0.590
210.50	210.75	ROWR;0.522
211.00	211.25	ROWR;0.548
288.50	289.25	ROWR;0.642
16.00	20.00	RUGR;0.964
286.25	287.50	SNBU;0.815
59.75	61.50	TOSO;0.717
100.25	101.25	TOSO;0.676
102.00	102.25	TOSO;0.582
153.75	154.00	TOSO;0.584
246.50	248.25	TOSO;0.789
296.50	298.00	TOSO;0.712
0.25	3.00	WCSP;0.713
6.00	10.75	WCSP;0.954
12.25	15.00	WCSP;0.833
19.00	21.00	WCSP;0.806
25.50	28.00	WCSP;0.862
32.00	35.00	WCSP;0.922
37.25	40.50	WCSP;0.871
43.50	45.75	WCSP;0.765
50.00	52.00	WCSP;0.781
58.00	60.00	WCSP;0.837
65.25	67.50	WCSP;0.876
72.50	74.50	WCSP;0.890
78.50	80.50	WCSP;0.787
84.50	87.00	WCSP;0.842
90.75	93.50	WCSP;0.869
98.50	100.00	WCSP;0.738
105.00	105.25	WCSP;0.530
111.75	114.00	WCSP;0.944
119.00	119.50	WCSP;0.513
125.00	127.00	WCSP;0.804
131.00	133.25	WCSP;0.788
150.75	152.75	WCSP;0.763
158.00	159.75	WCSP;0.793
134.25	136.75	WTSP;0.893
260.00	262.00	WTSP;0.847
