2.25	3.50	AMRO;0.702
34.00	35.50	AMRO;0.799
82.75	83.50	AMRO;0.618
217.75	219.25	AMRO;0.781
228.00	229.50	AMRO;0.844
245.00	246.00	AMRO;0.736
265.75	267.25	AMRO;0.836
250.50	251.25	BBPL;0.725
14.75	17.25	BCCH;0.804
111.00	112.00	BCCH;0.545
267.25	268.75	BCCH;0.693
275.00	276.50	BCCH;0.765
201.00	202.50	CEDW;0.710
283.50	285.00	CHSP;0.765
84.00	84.50	DEJU;0.555
175.00	177.75	DEJU;0.895
186.00	187.00	DEJU;0.681
25.00	25.25	FOSP;0.505
170.50	172.00	FOSP;0.815
194.00	194.25	FOSP;0.547
206.75	207.00	FOSP;0.564
235.25	236.50	FOSP;0.571
271.50	273.25	FOSP;0.737
287.75	290.25	FOSP;0.793
221.50	221.75	GCSP;0.517
74.25	75.00	HOFI;0.593
184.75	185.50	HOFI;0.619
59.75	61.50	LISP;0.756
84.50	86.00	LISP;0.668
123.00	125.25	LISP;0.831
135.00	135.25	LISP;0.512
135.50	136.75	LISP;0.667
147.00	148.50	LISP;0.613
162.50	163.50	LISP;0.652
172.50	173.75	LISP;0.666
190.50	192.25	LISP;0.762
212.00	213.50	LISP;0.691
298.00	298.50	LISP;0.598
157.75	160.00	PISI;0.925
13.50	13.75	PUFI;0.536
90.00	90.50	PUFI;0.543
298.50	299.50	PUFI;0.730
199.00	199.25	RBGR;0.528
75.00	77.50	SNBU;0.849
137.25	139.00	SNBU;0.848
246.75	249.00	SWTH;0.954
253.00	255.00	SWTH;0.918
262.00	263.25	SWTH;0.856
284.50	286.25	SWTH;0.757
5.25	6.25	WCSP;0.625
28.00	29.50	WCSP;0.726
102.50	105.50	WCSP;0.953
114.25	117.00	WCSP;0.850
131.00	132.75	WCSP;0.805
153.50	156.50	WCSP;0.918
231.50	232.75	WCSP;0.543
290.75	293.50	WCSP;0.925
256.25	256.50	WEME;0.508
227.25	228.75	WIFL;0.724
26.50	27.50	WTSP;0.665
40.00	43.00	WTSP;0.971
52.00	55.50	WTSP;0.967
194.00	194.50	WTSP;0.609
207.75	209.00	WTSP;0.750
221.50	224.00	WTSP;0.806
242.50	244.25	WTSP;0.840
252.00	252.50	WTSP;0.626
260.75	262.25	WTSP;0.800
17.75	20.50	YRWA;0.940
37.25	39.50	YRWA;0.921
