416.00	416.50	AMAV;0.523
262.25	265.00	AMRE;0.892
278.00	280.25	AMRE;0.894
145.25	146.00	BCCH;0.568
3.00	6.50	CHSP;0.973
12.00	15.75	CHSP;0.978
22.00	24.25	CHSP;0.845
29.75	33.50	CHSP;0.975
39.00	42.75	CHSP;0.973
48.00	51.75	CHSP;0.974
58.00	62.00	CHSP;0.977
68.00	71.00	CHSP;0.978
75.75	80.00	CHSP;0.974
208.00	210.75	CHSP;0.957
217.00	219.50	CHSP;0.913
388.00	390.25	CHSP;0.889
408.50	410.50	CHSP;0.876
437.50	439.75	CHSP;0.871
508.50	511.25	CHSP;0.953
516.50	519.75	CHSP;0.971
544.25	546.50	CHSP;0.968
588.25	590.25	CHSP;0.863
470.00	470.25	EAME;0.557
471.00	471.25	EAME;0.505
502.75	503.50	EAME;0.560
210.00	210.75	EVGR;0.653
93.00	95.00	FISP;0.846
464.75	466.00	FISP;0.657
6.75	9.00	FOSP;0.874
20.25	22.75	FOSP;0.939
35.50	38.00	FOSP;0.889
44.00	46.00	FOSP;0.827
50.75	53.50	FOSP;0.884
63.50	68.25	FOSP;0.874
71.75	72.50	FOSP;0.577
80.50	83.50	FOSP;0.936
94.75	95.75	FOSP;0.631
97.00	99.50	FOSP;0.876
111.50	114.00	FOSP;0.870
118.50	120.25	FOSP;0.686
126.50	129.00	FOSP;0.866
137.00	139.50	FOSP;0.920
146.50	149.50	FOSP;0.932
161.50	162.25	FOSP;0.548
164.25	167.50	FOSP;0.818
176.75	177.75	FOSP;0.664
183.75	186.50	FOSP;0.899
192.25	193.75	FOSP;0.750
202.50	205.25	FOSP;0.916
205.50	205.75	FOSP;0.512
212.50	214.75	FOSP;0.831
222.50	225.00	FOSP;0.896
241.25	243.25	FOSP;0.934
246.00	247.75	FOSP;0.739
262.00	263.50	FOSP;0.693
282.50	283.50	FOSP;0.739
299.50	302.00	FOSP;0.818
320.00	320.25	FOSP;0.522
320.50	321.75	FOSP;0.658
323.25	325.50	FOSP;0.862
334.75	336.50	FOSP;0.708
356.75	358.25	FOSP;0.838
376.00	378.50	FOSP;0.788
396.00	397.00	FOSP;0.583
403.50	404.75	FOSP;0.618
424.25	426.50	FOSP;0.883
446.25	448.00	FOSP;0.831
466.50	467.50	FOSP;0.637
481.50	484.25	FOSP;0.844
491.25	493.50	FOSP;0.822
501.50	503.00	FOSP;0.688
520.50	524.50	FOSP;0.880
534.75	535.75	FOSP;0.573
536.00	536.50	FOSP;0.541
536.75	537.50	FOSP;0.547
546.50	548.75	FOSP;0.809
557.00	559.75	FOSP;0.747
570.25	572.25	FOSP;0.802
580.25	583.50	FOSP;0.800
594.25	594.50	FOSP;0.523
174.00	174.75	HETH;0.622
201.00	201.75	HETH;0.568
189.25	190.00	LALO;0.606
514.75	515.75	LASP;0.562
289.25	291.25	MOCH;0.761
434.50	436.00	MOCH;0.651
347.75	348.25	PIGR;0.530
92.00	93.75	RUGR;0.742
449.00	450.00	RUTU;0.673
84.75	86.25	RWBL;0.665
62.00	63.50	SNBU;0.652
160.75	161.50	SNBU;0.664
188.25	189.50	SNBU;0.668
206.00	206.75	SNBU;0.592
268.00	268.25	SNBU;0.509
281.75	282.75	SNBU;0.641
320.00	321.00	SNBU;0.564
155.50	155.75	VESP;0.535
513.00	514.00	VESP;0.624
42.75	44.00	WCSP;0.603
102.50	103.50	WCSP;0.587
197.50	200.00	WCSP;0.806
272.50	273.75	WCSP;0.694
405.50	407.00	WCSP;0.735
418.25	419.50	WCSP;0.590
454.00	455.25	WCSP;0.679
0.25	2.25	WIWA;0.630
9.50	11.00	WIWA;0.640
16.00	20.00	WIWA;0.940
26.50	29.00	WIWA;0.922
519.50	521.50	WIWA;0.788
526.25	529.00	WIWA;0.910
533.50	536.25	WIWA;0.928
541.25	544.50	WIWA;0.951
548.75	551.75	WIWA;0.949
557.75	559.00	WIWA;0.700
564.50	567.50	WIWA;0.933
89.75	92.25	WTSP;0.959
157.50	159.00	WTSP;0.861
226.00	231.75	WTSP;0.989
268.75	270.50	WTSP;0.835
289.25	289.50	WTSP;0.712
305.50	308.75	WTSP;0.955
338.75	341.25	WTSP;0.942
359.25	362.00	WTSP;0.984
368.25	368.75	WTSP;0.702
369.00	372.75	WTSP;0.949
421.75	424.00	WTSP;0.936
457.75	459.50	WTSP;0.799
472.00	475.50	WTSP;0.980
477.00	480.00	WTSP;0.941
487.25	490.25	WTSP;0.963
494.75	498.50	WTSP;0.966
560.50	563.00	WTSP;0.963
572.25	573.00	WTSP;0.746
