63.50	64.75	AMGP;0.687
238.00	238.75	AMGP;0.533
1.50	3.50	AMRO;0.739
5.00	5.50	AMRO;0.513
7.50	9.00	AMRO;0.705
9.25	10.00	AMRO;0.554
27.00	29.50	AMRO;0.946
30.75	33.25	AMRO;0.920
34.50	36.25	AMRO;0.749
58.25	60.75	AMRO;0.925
66.50	67.25	AMRO;0.574
77.00	79.50	AMRO;0.796
88.00	91.00	AMRO;0.903
93.25	94.50	AMRO;0.601
101.50	102.25	AMRO;0.536
103.50	103.75	AMRO;0.507
104.00	108.00	AMRO;0.936
111.00	111.25	AMRO;0.526
116.50	118.50	AMRO;0.793
136.25	136.50	AMRO;0.530
146.50	149.50	AMRO;0.687
190.00	193.50	AMRO;0.852
208.50	210.00	AMRO;0.743
223.25	223.50	AMRO;0.541
246.00	247.50	AMRO;0.752
255.75	256.50	AMRO;0.589
260.25	262.00	AMRO;0.805
273.00	275.00	AMRO;0.807
282.00	284.50	AMRO;0.739
127.25	127.75	FISP;0.539
179.50	180.25	FISP;0.547
258.00	258.25	FISP;0.527
282.00	282.50	FISP;0.539
17.75	18.50	FOSP;0.583
39.25	40.75	FOSP;0.739
98.75	100.25	FOSP;0.589
124.50	124.75	FOSP;0.563
125.25	126.50	FOSP;0.631
96.25	97.50	GWTE;0.702
280.00	281.00	GWTE;0.575
8.75	9.00	MAMU;0.533
85.25	87.00	MOCH;0.720
100.50	100.75	MOCH;0.501
137.25	139.00	MOCH;0.766
165.25	167.00	MOCH;0.828
269.00	269.25	MOCH;0.502
297.75	300.00	MOCH;0.902
279.00	280.25	REVI;0.743
18.50	18.75	SNBU;0.521
19.00	19.25	SNBU;0.507
52.50	53.50	SNBU;0.639
202.00	202.75	SNBU;0.596
268.00	268.25	TOSO;0.501
0.25	1.50	WCSP;0.601
3.50	5.00	WCSP;0.684
5.50	6.75	WCSP;0.596
12.00	14.00	WCSP;0.804
14.25	14.50	WCSP;0.505
15.25	17.75	WCSP;0.779
25.25	28.00	WCSP;0.947
28.75	31.00	WCSP;0.844
36.75	38.50	WCSP;0.761
38.75	39.00	WCSP;0.555
42.50	44.50	WCSP;0.770
46.00	48.50	WCSP;0.851
56.00	58.50	WCSP;0.707
65.50	67.75	WCSP;0.761
70.00	70.75	WCSP;0.629
72.00	76.50	WCSP;0.930
102.00	103.50	WCSP;0.729
109.00	110.75	WCSP;0.710
119.25	119.50	WCSP;0.507
119.75	120.50	WCSP;0.523
121.50	123.50	WCSP;0.792
129.25	131.50	WCSP;0.872
149.00	151.00	WCSP;0.809
152.00	155.00	WCSP;0.922
158.00	158.75	WCSP;0.528
167.00	171.25	WCSP;0.905
197.50	200.25	WCSP;0.843
211.75	213.75	WCSP;0.766
224.25	227.50	WCSP;0.794
240.75	242.50	WCSP;0.738
248.25	249.00	WCSP;0.616
254.00	255.50	WCSP;0.640
270.00	270.25	WCSP;0.543
284.75	287.00	WCSP;0.878
292.50	294.50	WCSP;0.851
290.50	291.50	WEME;0.586
101.00	101.50	WTSP;0.594
