170.25	171.50	AMRO;0.691
212.00	213.50	AMRO;0.821
47.25	47.50	BFAL;0.505
50.50	54.00	CHSP;0.980
59.50	63.75	CHSP;0.977
67.50	71.00	CHSP;0.987
74.25	79.00	CHSP;0.982
83.75	87.25	CHSP;0.980
91.00	95.50	CHSP;0.978
98.75	102.75	CHSP;0.975
107.75	111.50	CHSP;0.987
117.25	120.75	CHSP;0.984
125.00	128.75	CHSP;0.988
133.75	137.00	CHSP;0.980
141.50	145.50	CHSP;0.972
150.25	154.75	CHSP;0.980
161.75	164.25	CHSP;0.926
168.75	172.50	CHSP;0.984
177.00	179.75	CHSP;0.970
183.00	187.50	CHSP;0.975
189.50	193.25	CHSP;0.967
200.25	203.00	CHSP;0.979
209.50	213.50	CHSP;0.978
218.50	222.25	CHSP;0.978
227.25	231.00	CHSP;0.982
239.00	242.00	CHSP;0.949
248.50	251.00	CHSP;0.954
256.75	260.00	CHSP;0.982
276.75	280.75	CHSP;0.974
296.00	300.00	CHSP;0.977
62.50	64.25	FOSP;0.699
267.50	269.50	FOSP;0.731
279.00	280.50	FOSP;0.661
291.50	294.00	FOSP;0.737
223.00	223.75	GCSP;0.641
131.00	133.00	MOCH;0.754
143.25	144.50	MOCH;0.652
246.00	248.75	PISI;0.857
254.00	255.50	PISI;0.659
16.00	16.25	SPSA;0.504
4.00	5.50	SWSP;0.682
25.50	27.00	SWSP;0.791
40.25	40.50	SWSP;0.533
83.50	84.00	SWSP;0.545
89.50	91.50	SWSP;0.678
96.75	98.50	SWSP;0.687
111.25	113.00	SWSP;0.781
132.00	133.50	SWSP;0.664
133.75	134.00	SWSP;0.516
138.50	140.25	SWSP;0.672
159.50	160.50	SWSP;0.648
165.50	168.25	SWSP;0.799
173.25	174.00	SWSP;0.570
187.50	189.00	SWSP;0.693
194.00	196.00	SWSP;0.729
202.75	204.00	SWSP;0.628
216.25	217.50	SWSP;0.593
230.75	232.50	SWSP;0.783
237.00	239.00	SWSP;0.799
244.50	245.75	SWSP;0.681
252.00	252.25	SWSP;0.503
273.25	275.00	SWSP;0.780
294.00	295.50	SWSP;0.832
3.00	4.00	TEWA;0.681
179.50	182.00	TEWA;0.766
245.75	246.00	VGSW;0.511
6.75	7.50	WCSP;0.592
30.25	30.50	WCSP;0.538
198.25	200.25	WCSP;0.774
234.50	236.25	WCSP;0.734
33.25	35.50	WTSP;0.873
48.25	49.50	WTSP;0.636
95.25	96.50	WTSP;0.642
106.00	106.25	WTSP;0.526
106.50	108.00	WTSP;0.763
129.25	131.50	WTSP;0.886
141.00	141.25	WTSP;0.593
154.50	156.50	WTSP;0.751
176.50	177.50	WTSP;0.573
182.00	184.00	WTSP;0.874
193.50	195.50	WTSP;0.837
222.00	223.00	WTSP;0.680
260.00	262.00	WTSP;0.783
22.00	24.75	YRWA;0.863
27.00	28.50	YRWA;0.653
31.00	32.00	YRWA;0.635
40.50	43.00	YRWA;0.918
53.25	56.25	YRWA;0.967
65.50	67.25	YRWA;0.738
87.75	88.50	YRWA;0.590
102.00	104.50	YRWA;0.966
114.75	117.75	YRWA;0.940
136.50	138.75	YRWA;0.899
145.00	146.50	YRWA;0.668
160.25	162.75	YRWA;0.949
173.75	176.25	YRWA;0.956
287.00	290.00	YRWA;0.969
