18.50	20.50	AMRO;0.800
26.25	29.50	AMRO;0.965
33.00	33.50	AMRO;0.518
34.25	34.75	AMRO;0.524
36.25	38.25	AMRO;0.867
41.50	42.50	AMRO;0.703
46.25	49.00	AMRO;0.902
50.25	52.75	AMRO;0.803
59.75	62.50	AMRO;0.889
65.00	68.00	AMRO;0.929
75.00	78.00	AMRO;0.788
81.25	82.25	AMRO;0.572
101.75	104.00	AMRO;0.841
108.25	109.50	AMRO;0.629
136.25	138.00	AMRO;0.782
147.50	149.00	AMRO;0.793
158.00	162.00	AMRO;0.882
179.00	180.50	AMRO;0.699
185.75	187.00	AMRO;0.649
192.00	193.25	AMRO;0.657
204.00	204.25	AMRO;0.501
442.75	443.25	AMRO;0.545
448.00	449.00	AMRO;0.650
499.00	500.75	AMRO;0.702
557.00	557.50	AMRO;0.580
559.75	562.50	AMRO;0.938
566.25	566.50	AMRO;0.510
8.00	11.50	CHSP;0.979
28.75	32.75	CHSP;0.977
48.50	50.50	CHSP;0.920
60.50	63.00	CHSP;0.939
71.00	71.75	CHSP;0.760
83.75	85.25	CHSP;0.879
92.75	96.50	CHSP;0.979
102.75	106.00	CHSP;0.978
134.25	138.00	CHSP;0.970
144.75	147.50	CHSP;0.971
157.25	159.25	CHSP;0.877
166.00	170.00	CHSP;0.981
176.50	177.50	CHSP;0.850
185.00	188.50	CHSP;0.979
195.50	199.75	CHSP;0.980
205.25	209.50	CHSP;0.977
216.25	219.00	CHSP;0.983
225.75	230.00	CHSP;0.964
245.50	249.00	CHSP;0.971
255.50	260.00	CHSP;0.973
266.50	270.25	CHSP;0.977
276.75	280.25	CHSP;0.979
286.50	290.50	CHSP;0.977
296.25	300.50	CHSP;0.974
308.00	312.00	CHSP;0.982
318.00	322.50	CHSP;0.965
331.00	333.50	CHSP;0.977
345.00	346.75	CHSP;0.892
356.50	360.00	CHSP;0.980
369.00	373.00	CHSP;0.979
378.75	382.50	CHSP;0.967
389.75	393.25	CHSP;0.962
400.75	405.00	CHSP;0.975
412.50	416.00	CHSP;0.976
424.25	425.00	CHSP;0.727
427.25	428.50	CHSP;0.772
509.50	510.50	EATO;0.564
263.25	264.25	FISP;0.601
460.75	461.50	FISP;0.627
4.25	4.50	FOSP;0.521
16.00	17.50	FOSP;0.779
42.50	45.25	FOSP;0.884
55.00	57.00	FOSP;0.838
68.00	70.25	FOSP;0.844
84.50	85.50	FOSP;0.694
87.00	88.00	FOSP;0.686
96.50	96.75	FOSP;0.507
99.50	102.00	FOSP;0.861
111.00	115.00	FOSP;0.933
117.00	119.00	FOSP;0.689
123.75	127.50	FOSP;0.956
141.00	146.00	FOSP;0.862
152.50	155.25	FOSP;0.896
168.25	169.50	FOSP;0.628
182.50	183.50	FOSP;0.646
199.00	199.25	FOSP;0.532
230.25	232.25	FOSP;0.873
240.00	241.50	FOSP;0.687
244.00	246.50	FOSP;0.868
260.00	260.75	FOSP;0.652
274.50	275.50	FOSP;0.779
287.00	288.00	FOSP;0.674
333.50	333.75	FOSP;0.503
348.50	349.50	FOSP;0.686
363.75	365.50	FOSP;0.721
398.50	401.00	FOSP;0.889
410.50	412.00	FOSP;0.707
421.50	423.25	FOSP;0.746
435.00	437.50	FOSP;0.878
449.50	451.50	FOSP;0.907
467.25	468.50	FOSP;0.603
479.25	482.00	FOSP;0.924
494.00	497.00	FOSP;0.918
510.25	512.50	FOSP;0.885
524.50	527.25	FOSP;0.884
541.75	544.50	FOSP;0.855
562.75	565.50	FOSP;0.834
578.50	580.75	FOSP;0.869
598.25	600.00	FOSP;0.840
463.25	464.75	GCSP;0.796
552.00	552.25	GWTE;0.513
552.50	553.50	GWTE;0.640
151.00	153.00	HETH;0.799
217.00	217.25	HETH;0.562
217.50	217.75	HETH;0.514
318.50	320.50	HETH;0.890
348.00	348.25	HETH;0.561
200.00	201.50	MOCH;0.613
177.25	179.75	WCSP;0.757
339.25	339.75	WCSP;0.544
3.00	5.50	WIWA;0.937
17.50	20.00	WIWA;0.931
32.25	35.00	WIWA;0.931
50.00	51.50	WIWA;0.847
57.00	59.75	WIWA;0.950
64.00	67.25	WIWA;0.974
71.75	74.50	WIWA;0.972
82.00	84.25	WIWA;0.862
89.00	91.50	WIWA;0.957
97.00	99.50	WIWA;0.897
121.25	124.25	WIWA;0.963
129.00	132.00	WIWA;0.971
137.50	141.00	WIWA;0.978
147.00	149.50	WIWA;0.954
155.25	157.75	WIWA;0.937
163.50	166.00	WIWA;0.942
171.00	173.75	WIWA;0.984
194.00	194.75	WIWA;0.739
202.25	204.50	WIWA;0.857
214.50	216.00	WIWA;0.833
222.50	226.00	WIWA;0.977
232.00	235.25	WIWA;0.973
241.00	244.25	WIWA;0.978
250.25	253.00	WIWA;0.971
259.75	262.50	WIWA;0.975
269.75	272.50	WIWA;0.974
279.75	282.75	WIWA;0.963
290.25	293.25	WIWA;0.978
300.00	303.25	WIWA;0.973
311.25	314.00	WIWA;0.972
322.00	324.75	WIWA;0.976
332.75	335.25	WIWA;0.897
341.75	345.00	WIWA;0.966
353.75	356.75	WIWA;0.984
364.50	368.00	WIWA;0.976
375.75	379.25	WIWA;0.973
386.25	389.75	WIWA;0.978
396.25	399.25	WIWA;0.980
405.50	408.75	WIWA;0.946
415.50	418.50	WIWA;0.973
424.75	427.75	WIWA;0.984
445.50	448.50	WIWA;0.948
454.25	458.00	WIWA;0.977
531.00	534.00	WIWA;0.967
549.00	551.50	WIWA;0.920
557.75	560.25	WIWA;0.903
566.50	566.75	WIWA;0.702
567.00	567.25	WIWA;0.704
574.50	577.25	WIWA;0.919
583.50	586.00	WIWA;0.883
592.75	595.50	WIWA;0.928
0.00	3.50	WTSP;0.933
5.75	8.25	WTSP;0.966
11.00	16.00	WTSP;0.987
22.75	27.00	WTSP;0.975
36.00	40.50	WTSP;0.981
51.00	55.00	WTSP;0.984
90.50	94.00	WTSP;0.982
117.50	118.50	WTSP;0.764
119.50	122.25	WTSP;0.908
161.75	165.00	WTSP;0.973
170.50	171.75	WTSP;0.779
188.00	191.50	WTSP;0.993
209.00	213.50	WTSP;0.984
218.50	221.00	WTSP;0.953
227.25	230.00	WTSP;0.916
236.00	239.75	WTSP;0.969
250.00	253.50	WTSP;0.915
261.50	263.50	WTSP;0.904
276.00	276.50	WTSP;0.716
304.00	308.00	WTSP;0.978
323.25	326.75	WTSP;0.945
328.00	331.75	WTSP;0.980
344.00	347.25	WTSP;0.971
355.75	357.50	WTSP;0.882
366.75	369.50	WTSP;0.949
381.75	382.50	WTSP;0.773
388.50	394.50	WTSP;0.984
395.50	398.25	WTSP;0.952
404.75	409.75	WTSP;0.954
418.00	421.00	WTSP;0.983
423.75	424.25	WTSP;0.725
431.50	434.75	WTSP;0.976
437.50	440.25	WTSP;0.946
444.75	447.50	WTSP;0.977
451.50	454.00	WTSP;0.952
458.00	461.25	WTSP;0.987
462.50	463.75	WTSP;0.888
469.00	473.00	WTSP;0.980
474.75	479.25	WTSP;0.987
489.00	493.75	WTSP;0.982
499.75	506.50	WTSP;0.983
514.00	521.50	WTSP;0.993
522.25	524.00	WTSP;0.869
532.50	541.50	WTSP;0.987
546.75	549.50	WTSP;0.969
551.00	558.50	WTSP;0.968
567.50	571.50	WTSP;0.986
581.50	592.50	WTSP;0.986
