164.00	164.25	AMRO;0.507
164.50	165.25	AMRO;0.567
207.50	211.50	AMRO;0.825
259.50	261.00	AMRO;0.623
273.00	274.50	AMRO;0.747
114.50	114.75	BFAL;0.537
34.25	37.50	CHSP;0.974
119.50	123.00	CHSP;0.938
133.00	133.50	CHSP;0.764
171.50	175.75	CHSP;0.965
185.25	186.00	CHSP;0.722
202.00	205.00	CHSP;0.980
212.00	214.00	CHSP;0.962
228.75	233.00	CHSP;0.969
239.00	243.00	CHSP;0.977
256.75	260.50	CHSP;0.974
269.25	273.50	CHSP;0.969
282.00	287.50	CHSP;0.979
293.00	298.00	CHSP;0.945
101.25	102.25	FISP;0.685
21.75	22.50	FOSP;0.561
32.25	34.00	FOSP;0.732
45.00	46.50	FOSP;0.701
54.50	55.50	FOSP;0.704
66.50	68.00	FOSP;0.711
72.50	75.00	FOSP;0.834
75.75	77.50	FOSP;0.710
84.00	87.75	FOSP;0.868
89.75	91.50	FOSP;0.760
98.25	100.50	FOSP;0.881
103.25	105.50	FOSP;0.919
136.75	137.50	FOSP;0.613
146.50	148.00	FOSP;0.791
160.00	160.75	FOSP;0.631
167.75	169.75	FOSP;0.925
184.00	185.00	FOSP;0.633
187.50	189.50	FOSP;0.799
199.50	201.50	FOSP;0.693
241.25	242.75	FOSP;0.714
254.00	256.00	FOSP;0.779
280.75	281.00	FOSP;0.507
285.00	286.25	FOSP;0.603
299.00	300.00	FOSP;0.549
66.00	66.25	GCSP;0.514
246.00	246.75	GRYE;0.575
111.00	111.75	HETH;0.535
269.50	270.50	HETH;0.634
249.75	250.00	LASP;0.503
19.25	20.00	LISP;0.549
64.50	64.75	LISP;0.516
80.00	81.00	LISP;0.575
266.25	266.50	LISP;0.522
9.50	10.00	MOCH;0.578
211.00	211.75	MOCH;0.601
75.00	75.25	PUFI;0.516
227.75	229.00	PUFI;0.601
287.00	288.00	REVI;0.529
69.25	70.00	SNBU;0.641
75.50	76.00	SNBU;0.528
123.50	124.50	WCSP;0.669
13.25	17.00	WIWA;0.981
27.50	31.00	WIWA;0.979
45.25	47.25	WIWA;0.880
58.00	61.25	WIWA;0.946
76.25	79.25	WIWA;0.977
94.50	97.75	WIWA;0.982
106.50	109.00	WIWA;0.870
116.50	119.75	WIWA;0.981
124.50	128.00	WIWA;0.982
133.50	136.50	WIWA;0.981
142.50	146.00	WIWA;0.983
152.50	155.50	WIWA;0.957
168.75	172.00	WIWA;0.973
176.75	180.50	WIWA;0.978
186.50	189.75	WIWA;0.953
196.00	199.50	WIWA;0.983
204.50	207.25	WIWA;0.967
213.50	216.25	WIWA;0.951
223.25	226.75	WIWA;0.976
232.50	235.25	WIWA;0.974
250.25	253.50	WIWA;0.976
274.50	278.00	WIWA;0.975
294.50	296.50	WIWA;0.830
2.00	2.50	WTSP;0.724
5.00	9.50	WTSP;0.991
91.00	94.00	WTSP;0.979
100.50	101.50	WTSP;0.776
108.75	110.75	WTSP;0.940
114.75	118.00	WTSP;0.949
119.00	122.00	WTSP;0.956
127.50	132.75	WTSP;0.994
140.50	143.75	WTSP;0.982
151.00	153.00	WTSP;0.925
166.00	168.00	WTSP;0.907
211.50	213.50	WTSP;0.806
287.75	291.00	WTSP;0.976
