121.00	122.25	AMAV;0.702
150.75	151.50	BCCH;0.650
151.75	152.00	BCCH;0.538
226.00	226.25	BEKI;0.527
227.75	228.50	BOWA;0.605
27.00	28.50	BRSP;0.736
100.75	101.25	CCSP;0.539
77.75	78.50	CHSP;0.656
142.00	142.50	CHSP;0.576
41.75	42.50	LASP;0.646
1.75	3.25	LISP;0.728
13.00	15.25	LISP;0.791
31.00	32.50	LISP;0.737
40.75	42.00	LISP;0.685
53.00	54.50	LISP;0.596
55.50	57.25	LISP;0.796
68.50	69.75	LISP;0.701
81.00	82.50	LISP;0.707
94.25	96.00	LISP;0.758
106.50	108.50	LISP;0.785
112.75	114.00	LISP;0.671
119.50	120.50	LISP;0.700
132.00	133.25	LISP;0.609
136.50	139.25	LISP;0.743
144.25	145.75	LISP;0.760
156.25	157.75	LISP;0.682
165.50	166.75	LISP;0.728
169.00	170.75	LISP;0.810
177.75	178.50	LISP;0.567
181.75	183.25	LISP;0.745
195.00	196.50	LISP;0.761
200.00	201.50	LISP;0.672
206.50	207.75	LISP;0.634
217.75	219.75	LISP;0.794
231.25	232.50	LISP;0.681
255.00	257.50	LISP;0.819
281.50	283.50	LISP;0.777
295.50	296.50	LISP;0.690
296.75	297.00	LISP;0.532
297.25	297.50	LISP;0.519
129.50	130.50	NOWA;0.671
272.75	273.50	NOWA;0.558
134.75	135.00	OROR;0.501
81.50	82.25	PISI;0.570
82.50	90.00	PISI;0.927
90.25	92.50	PISI;0.959
97.00	99.25	PISI;0.958
122.00	123.50	PISI;0.723
223.75	227.25	PISI;0.974
229.00	231.00	PISI;0.833
235.50	236.75	PISI;0.716
1.00	2.25	ROWR;0.638
14.00	15.50	ROWR;0.737
39.50	41.00	ROWR;0.709
55.00	56.00	ROWR;0.662
67.00	69.00	ROWR;0.805
132.00	132.75	ROWR;0.560
156.50	156.75	ROWR;0.514
205.25	206.75	ROWR;0.596
231.00	231.75	ROWR;0.575
281.50	281.75	ROWR;0.546
282.00	282.50	ROWR;0.549
294.50	296.00	ROWR;0.777
7.00	7.50	SWSP;0.551
11.00	12.50	SWSP;0.738
20.00	21.25	SWSP;0.648
24.50	25.75	SWSP;0.686
34.00	36.00	SWSP;0.725
43.25	44.00	SWSP;0.539
47.50	48.50	SWSP;0.620
61.25	62.00	SWSP;0.638
65.00	66.75	SWSP;0.838
79.25	80.00	SWSP;0.566
99.25	100.75	SWSP;0.854
105.00	105.25	SWSP;0.527
109.50	110.75	SWSP;0.631
115.00	117.00	SWSP;0.664
151.75	153.50	SWSP;0.816
161.25	162.50	SWSP;0.634
175.00	177.00	SWSP;0.784
204.25	205.50	SWSP;0.664
247.00	249.00	SWSP;0.752
252.50	253.25	SWSP;0.589
263.00	264.50	SWSP;0.664
278.75	280.25	SWSP;0.825
284.50	285.00	SWSP;0.533
289.50	290.50	SWSP;0.651
89.50	90.00	VGSW;0.541
125.00	126.25	VGSW;0.771
243.00	246.50	WTSP;0.945
259.50	262.75	WTSP;0.936
287.50	289.00	WTSP;0.708
