208.50	209.25	BCCH;0.532
270.75	272.00	BCCH;0.689
405.50	407.25	BCCH;0.682
143.75	144.00	BFAL;0.513
541.25	541.75	BLTU;0.519
538.50	539.75	BRSP;0.762
311.00	314.75	CHSP;0.947
326.00	330.00	CHSP;0.935
349.00	351.00	CHSP;0.876
89.00	89.25	FISP;0.505
162.75	163.75	FISP;0.626
257.00	258.25	FISP;0.638
381.50	383.50	FISP;0.769
413.25	413.50	FISP;0.520
428.75	430.50	FISP;0.826
580.75	582.50	FISP;0.763
31.25	33.50	FOSP;0.890
47.50	50.00	FOSP;0.815
66.25	68.75	FOSP;0.850
92.00	94.50	FOSP;0.852
110.00	112.00	FOSP;0.815
126.25	128.00	FOSP;0.764
150.50	153.25	FOSP;0.875
167.75	169.25	FOSP;0.745
324.50	326.25	FOSP;0.806
344.75	345.50	FOSP;0.579
358.00	359.00	FOSP;0.545
471.00	471.25	FOSP;0.562
496.50	498.50	FOSP;0.845
523.25	524.75	FOSP;0.752
195.75	196.00	GCSP;0.521
406.75	407.00	HETH;0.512
443.00	445.00	HETH;0.773
397.50	397.75	MAMU;0.507
206.00	207.75	MOCH;0.730
227.00	227.25	MOCH;0.505
227.50	228.00	MOCH;0.601
238.75	239.50	MOCH;0.617
282.50	284.00	MOCH;0.741
323.25	323.75	MOCH;0.533
508.50	509.50	MOCH;0.662
528.50	529.50	MOCH;0.559
531.00	532.50	MOCH;0.647
277.50	279.00	PISI;0.745
516.75	517.25	RECR;0.523
116.50	117.50	SESA;0.671
126.00	126.25	SNBU;0.501
178.25	180.50	SNBU;0.902
344.00	345.00	SNBU;0.634
358.25	358.50	SNBU;0.545
470.00	471.50	SNBU;0.651
447.00	448.25	WCSP;0.558
493.00	493.25	WCSP;0.521
512.50	514.25	WCSP;0.746
577.00	579.25	WCSP;0.805
86.00	89.00	WTSP;0.902
160.50	162.50	WTSP;0.821
181.50	183.50	WTSP;0.721
239.50	241.50	WTSP;0.840
251.25	252.00	WTSP;0.527
272.00	274.50	WTSP;0.842
293.00	295.00	WTSP;0.745
379.00	381.50	WTSP;0.872
410.75	413.25	WTSP;0.856
448.50	451.50	WTSP;0.895
457.25	459.00	WTSP;0.705
468.00	468.50	WTSP;0.545
479.25	481.50	WTSP;0.943
499.75	500.50	WTSP;0.546
501.00	501.75	WTSP;0.523
502.00	502.25	WTSP;0.539
514.00	516.25	WTSP;0.936
531.50	531.75	WTSP;0.531
532.75	533.00	WTSP;0.512
562.50	565.25	WTSP;0.920
