25.00	27.50	AMRO;0.876
30.00	31.50	AMRO;0.800
35.50	38.00	AMRO;0.972
42.00	42.75	AMRO;0.778
43.50	47.50	AMRO;0.853
49.50	54.00	AMRO;0.950
55.50	78.75	AMRO;0.985
81.00	85.25	AMRO;0.958
93.50	97.75	AMRO;0.890
98.75	104.00	AMRO;0.987
104.50	106.50	AMRO;0.909
111.00	111.25	AMRO;0.709
119.00	125.25	AMRO;0.951
132.50	134.50	AMRO;0.908
134.75	135.00	AMRO;0.703
136.75	138.00	AMRO;0.740
138.25	139.75	AMRO;0.789
142.25	144.50	AMRO;0.865
145.00	146.50	AMRO;0.816
151.00	155.00	AMRO;0.920
155.50	156.00	AMRO;0.738
161.00	161.25	AMRO;0.715
161.75	164.25	AMRO;0.802
164.75	166.75	AMRO;0.860
168.50	171.00	AMRO;0.827
171.25	171.50	AMRO;0.718
171.75	173.75	AMRO;0.842
178.50	183.50	AMRO;0.933
184.50	199.00	AMRO;0.966
200.50	202.25	AMRO;0.787
203.25	205.50	AMRO;0.754
208.50	211.25	AMRO;0.968
214.00	215.25	AMRO;0.783
215.75	219.25	AMRO;0.955
220.50	224.00	AMRO;0.915
225.75	227.00	AMRO;0.750
229.00	233.25	AMRO;0.937
237.50	246.25	AMRO;0.976
253.25	257.50	AMRO;0.974
261.75	265.00	AMRO;0.902
266.75	269.75	AMRO;0.959
273.25	275.50	AMRO;0.904
276.00	279.00	AMRO;0.763
280.50	287.50	AMRO;0.970
289.50	296.25	AMRO;0.981
298.00	300.00	AMRO;0.813
171.50	171.75	BAOR;0.518
293.75	295.50	BBPL;0.800
262.50	263.75	BEWR;0.579
39.25	44.00	BRSP;0.927
84.75	86.25	BRSP;0.643
95.00	95.25	BRSP;0.521
96.00	96.25	BRSP;0.501
105.50	106.50	BRSP;0.627
118.00	119.75	BRSP;0.650
120.00	120.25	BRSP;0.504
166.75	168.00	BRSP;0.630
199.00	199.25	BRSP;0.534
224.50	225.75	BRSP;0.642
233.50	234.50	BRSP;0.594
83.50	84.50	CCSP;0.566
93.00	93.50	CCSP;0.545
100.50	102.75	CCSP;0.888
111.50	112.50	CCSP;0.573
132.00	135.50	CCSP;0.931
150.00	153.00	CCSP;0.927
157.25	159.00	CCSP;0.884
180.00	182.75	CCSP;0.938
190.25	192.75	CCSP;0.932
248.25	248.50	CHSP;0.504
248.75	249.00	CHSP;0.515
249.50	250.00	EABL;0.572
296.75	298.25	EABL;0.681
10.00	12.00	LISP;0.842
59.25	61.00	LISP;0.731
103.50	105.00	LISP;0.786
137.50	139.50	LISP;0.792
162.25	163.75	LISP;0.625
183.00	184.75	LISP;0.768
223.50	224.00	LISP;0.524
270.00	272.00	LISP;0.759
290.00	290.25	LISP;0.540
298.00	299.75	LISP;0.621
149.00	149.50	MOCH;0.558
253.25	253.75	OSFL;0.572
79.50	81.50	RBGR;0.599
247.25	248.50	RBGR;0.603
53.75	54.25	TOSO;0.584
261.50	262.75	TOSO;0.742
8.25	10.50	WCSP;0.809
14.25	15.00	WCSP;0.533
19.50	22.25	WCSP;0.923
23.50	23.75	WCSP;0.528
27.75	30.50	WCSP;0.926
36.50	39.25	WCSP;0.805
47.50	49.00	WCSP;0.625
57.75	58.50	WCSP;0.574
78.00	78.25	WCSP;0.517
129.25	131.00	WCSP;0.821
139.75	140.00	WCSP;0.525
164.75	166.50	WCSP;0.821
170.00	172.00	WCSP;0.719
176.75	177.50	WCSP;0.556
186.00	188.75	WCSP;0.854
193.00	195.25	WCSP;0.793
199.75	202.00	WCSP;0.765
208.00	210.25	WCSP;0.703
212.50	215.00	WCSP;0.873
217.50	218.50	WCSP;0.575
220.00	222.50	WCSP;0.851
226.50	230.00	WCSP;0.910
236.00	237.50	WCSP;0.659
243.00	245.50	WCSP;0.756
250.50	253.50	WCSP;0.965
257.75	261.00	WCSP;0.887
265.00	267.50	WCSP;0.934
272.00	275.00	WCSP;0.879
279.50	282.25	WCSP;0.884
0.50	4.00	WTSP;0.921
7.00	9.00	WTSP;0.828
13.25	14.75	WTSP;0.708
18.75	20.00	WTSP;0.585
23.75	25.75	WTSP;0.819
27.25	27.75	WTSP;0.552
32.75	35.75	WTSP;0.908
44.25	47.00	WTSP;0.911
54.50	57.00	WTSP;0.931
64.50	66.75	WTSP;0.789
68.50	71.25	WTSP;0.853
88.50	91.00	WTSP;0.931
98.00	100.25	WTSP;0.711
109.75	110.00	WTSP;0.519
113.50	115.00	WTSP;0.749
121.25	127.75	WTSP;0.947
140.00	141.75	WTSP;0.825
144.00	146.25	WTSP;0.884
148.25	149.00	WTSP;0.620
154.50	161.00	WTSP;0.924
178.00	180.00	WTSP;0.843
218.75	219.75	WTSP;0.731
283.00	285.75	WTSP;0.951
