551.25	552.75	AMDI;0.813
195.25	196.75	AMRO;0.582
223.25	225.00	AMRO;0.832
230.50	233.00	AMRO;0.961
240.50	244.50	AMRO;0.913
249.75	253.25	AMRO;0.782
291.50	292.50	AMRO;0.657
356.50	359.50	AMRO;0.917
406.50	407.50	AMRO;0.603
450.75	453.25	AMRO;0.890
459.50	461.25	AMRO;0.743
483.00	483.50	AMRO;0.525
17.00	19.25	BCCH;0.882
32.00	34.00	BCCH;0.765
40.50	42.00	BCCH;0.747
75.00	76.50	BCCH;0.735
68.50	70.25	BLJA;0.701
14.00	14.25	BRSP;0.514
88.00	88.75	FISP;0.602
99.00	99.50	FISP;0.546
123.50	123.75	FISP;0.536
124.00	124.50	FISP;0.559
342.00	342.25	FISP;0.532
524.00	524.25	FISP;0.526
89.00	91.00	FOSP;0.815
158.00	158.25	FOSP;0.520
158.50	158.75	FOSP;0.501
263.75	266.25	FOSP;0.750
276.50	279.25	FOSP;0.900
294.50	296.50	FOSP;0.692
309.00	311.50	FOSP;0.851
320.25	322.75	FOSP;0.829
334.00	336.00	FOSP;0.742
338.00	341.00	FOSP;0.894
348.00	352.50	FOSP;0.859
360.00	362.00	FOSP;0.811
371.75	374.25	FOSP;0.832
385.50	387.00	FOSP;0.603
409.50	411.00	FOSP;0.788
442.00	444.50	FOSP;0.828
464.75	466.25	FOSP;0.628
510.00	511.50	FOSP;0.622
527.25	530.00	FOSP;0.750
553.75	556.00	FOSP;0.904
573.00	574.50	FOSP;0.714
577.75	578.25	FOSP;0.518
131.00	131.50	GCSP;0.532
542.00	542.25	GCSP;0.515
2.00	4.50	HETH;0.949
25.25	27.25	HETH;0.803
41.50	43.00	HETH;0.679
50.25	52.25	HETH;0.810
60.00	61.75	HETH;0.788
71.50	73.50	HETH;0.919
365.50	365.75	HETH;0.518
297.25	298.50	LISP;0.676
313.50	314.00	LISP;0.580
345.75	346.00	LISP;0.548
550.25	551.25	LISP;0.551
567.50	569.25	LISP;0.729
92.00	94.25	MOCH;0.879
109.75	110.25	MOCH;0.523
233.75	234.50	MOCH;0.650
283.50	285.00	MOCH;0.823
290.25	292.00	MOCH;0.821
305.50	307.25	MOCH;0.757
315.50	317.00	MOCH;0.765
331.75	334.00	MOCH;0.865
436.50	437.00	MOCH;0.562
457.50	457.75	MOCH;0.519
458.00	458.50	MOCH;0.534
55.00	56.00	OROR;0.580
6.75	7.50	RUBL;0.568
45.50	46.00	RUBL;0.554
63.00	64.50	RUBL;0.647
30.25	30.50	RUTU;0.503
113.75	114.00	SNBU;0.518
143.00	144.75	SNBU;0.785
156.75	157.50	SNBU;0.572
171.00	172.50	SNBU;0.665
186.25	186.75	SNBU;0.531
277.25	277.50	SNBU;0.525
385.75	386.75	SNBU;0.641
464.25	465.50	SNBU;0.689
381.50	381.75	SOSA;0.595
471.00	471.75	SOSP;0.639
105.00	105.50	SWSP;0.559
162.00	164.25	SWSP;0.682
359.00	360.00	VESP;0.633
346.75	347.25	WATA;0.537
58.75	60.25	WCSP;0.761
74.50	75.25	WCSP;0.561
87.50	87.75	WCSP;0.533
101.50	103.50	WCSP;0.837
114.50	117.00	WCSP;0.872
132.00	134.00	WCSP;0.739
182.75	184.50	WCSP;0.739
190.25	192.50	WCSP;0.827
198.50	201.00	WCSP;0.792
205.75	208.00	WCSP;0.887
215.50	218.75	WCSP;0.902
235.00	235.50	WCSP;0.570
235.75	236.00	WCSP;0.597
236.25	236.50	WCSP;0.546
242.75	245.00	WCSP;0.893
266.50	268.25	WCSP;0.635
300.50	301.50	WCSP;0.622
395.50	397.00	WCSP;0.716
411.50	413.00	WCSP;0.762
492.50	494.00	WCSP;0.737
536.00	538.25	WCSP;0.928
538.75	541.50	WCSP;0.946
542.50	545.50	WCSP;0.872
588.25	588.50	WCSP;0.535
589.75	591.75	WCSP;0.823
104.00	105.00	WIWA;0.563
393.50	395.25	WIWA;0.764
439.50	440.50	WIWA;0.641
480.00	482.00	WIWA;0.727
520.00	521.50	WIWA;0.610
564.75	567.50	WIWA;0.919
574.75	577.50	WIWA;0.955
586.00	587.75	WIWA;0.719
76.25	81.00	WTSP;0.972
146.50	147.75	WTSP;0.842
174.00	177.50	WTSP;0.976
255.25	259.00	WTSP;0.984
299.00	300.25	WTSP;0.796
317.25	317.75	WTSP;0.711
325.50	328.00	WTSP;0.923
353.00	355.50	WTSP;0.938
379.50	381.00	WTSP;0.875
402.00	405.00	WTSP;0.921
415.00	416.50	WTSP;0.728
418.00	421.00	WTSP;0.945
427.00	427.75	WTSP;0.720
429.50	430.75	WTSP;0.794
432.75	435.75	WTSP;0.967
436.25	437.50	WTSP;0.784
446.25	449.50	WTSP;0.975
494.50	497.00	WTSP;0.938
517.00	520.50	WTSP;0.980
523.50	523.75	WTSP;0.701
557.25	558.75	WTSP;0.815
586.50	590.00	WTSP;0.980
246.00	246.50	YRWA;0.575
259.25	260.50	YRWA;0.600
352.00	353.00	YRWA;0.579
366.50	368.50	YRWA;0.844
504.50	507.25	YRWA;0.943
513.75	516.75	YRWA;0.932
555.00	557.00	YRWA;0.890
570.00	571.00	YRWA;0.603
580.50	583.50	YRWA;0.910
591.50	594.50	YRWA;0.917
