225.25	225.75	AMRO;0.523
296.00	297.25	AMRO;0.713
365.50	368.00	AMRO;0.911
396.50	397.50	AMRO;0.668
523.00	524.75	AMRO;0.745
571.00	572.50	AMRO;0.775
580.00	581.75	AMRO;0.733
590.50	591.00	AMRO;0.524
427.00	427.75	ATSP;0.527
220.75	221.75	BRSP;0.728
230.75	231.00	BRSP;0.514
240.25	240.75	BRSP;0.521
531.00	531.75	BRSP;0.669
415.00	415.50	BUOR;0.518
40.25	43.00	CCSP;0.921
55.00	55.50	CCSP;0.520
298.00	298.75	CHSP;0.604
333.00	336.00	CHSP;0.902
340.75	342.50	CHSP;0.654
428.25	429.25	CHSP;0.603
456.25	458.00	CHSP;0.750
495.75	498.25	CHSP;0.798
513.50	514.50	CHSP;0.620
567.00	568.75	CHSP;0.673
596.50	598.50	CHSP;0.682
305.00	306.00	DEJU;0.684
349.50	351.50	DEJU;0.774
410.00	410.25	DEJU;0.515
432.00	433.75	DEJU;0.665
553.50	555.00	DEJU;0.669
576.00	576.75	EAME;0.548
492.00	493.50	EATO;0.706
53.00	54.50	FOSP;0.715
249.50	250.75	FOSP;0.641
12.75	16.25	GCSP;0.976
28.75	32.00	GCSP;0.970
44.25	47.25	GCSP;0.972
63.50	66.75	GCSP;0.975
79.25	82.50	GCSP;0.980
96.75	100.00	GCSP;0.977
113.50	116.50	GCSP;0.946
128.75	132.25	GCSP;0.976
143.50	147.25	GCSP;0.978
157.50	161.00	GCSP;0.969
174.00	177.50	GCSP;0.977
196.00	199.25	GCSP;0.975
210.25	213.00	GCSP;0.940
225.75	229.00	GCSP;0.990
243.25	247.00	GCSP;0.974
259.75	263.50	GCSP;0.976
274.75	278.50	GCSP;0.971
291.00	294.00	GCSP;0.939
310.50	313.75	GCSP;0.979
324.75	328.25	GCSP;0.978
344.00	347.00	GCSP;0.982
357.75	361.00	GCSP;0.945
373.00	373.25	GCSP;0.700
373.50	373.75	GCSP;0.701
391.25	394.25	GCSP;0.975
406.50	409.50	GCSP;0.974
422.50	425.25	GCSP;0.920
437.00	440.00	GCSP;0.973
452.50	455.25	GCSP;0.968
467.00	470.00	GCSP;0.971
484.50	487.50	GCSP;0.961
501.00	502.25	GCSP;0.760
515.00	518.00	GCSP;0.983
529.25	532.50	GCSP;0.985
544.00	547.25	GCSP;0.982
560.00	562.75	GCSP;0.975
576.25	579.00	GCSP;0.938
591.50	594.75	GCSP;0.981
451.00	451.75	GWTE;0.640
462.00	462.25	GWTE;0.527
492.25	493.25	HETH;0.568
509.25	510.00	HETH;0.611
182.75	183.75	LARB;0.701
4.00	6.50	LISP;0.917
17.50	19.50	LISP;0.827
32.75	33.00	LISP;0.544
75.50	77.00	LISP;0.670
88.75	91.00	LISP;0.739
91.25	91.50	LISP;0.534
105.00	106.00	LISP;0.619
122.50	124.50	LISP;0.882
136.50	137.50	LISP;0.642
151.00	153.00	LISP;0.783
213.00	213.75	LISP;0.538
240.75	243.00	LISP;0.880
285.25	287.00	LISP;0.764
288.75	290.25	LISP;0.806
300.00	301.75	LISP;0.728
314.00	315.50	LISP;0.768
343.00	344.25	LISP;0.589
387.00	389.75	LISP;0.709
418.00	418.25	LISP;0.510
445.75	447.25	LISP;0.859
232.25	232.50	MOCH;0.508
67.00	67.75	ROWR;0.665
118.00	119.00	SNBU;0.607
205.50	207.25	SNBU;0.673
268.00	268.50	SNBU;0.556
208.00	208.75	SOSA;0.528
481.25	482.00	SWSP;0.571
522.25	522.50	SWSP;0.536
552.00	552.25	SWSP;0.533
552.50	553.00	SWSP;0.553
2.00	2.50	VATH;0.578
16.25	16.50	VATH;0.522
132.00	133.00	VATH;0.577
278.50	278.75	VATH;0.505
110.00	110.75	WCSP;0.582
402.50	403.50	WCSP;0.703
503.75	504.00	WCSP;0.514
323.00	325.25	WIWA;0.839
329.50	332.50	WIWA;0.934
337.00	340.50	WIWA;0.961
346.00	348.50	WIWA;0.913
354.00	357.00	WIWA;0.921
361.75	365.00	WIWA;0.927
371.00	374.00	WIWA;0.924
380.50	383.75	WIWA;0.945
390.00	392.00	WIWA;0.746
400.00	402.00	WIWA;0.746
410.50	413.00	WIWA;0.922
421.00	422.00	WIWA;0.676
430.75	432.50	WIWA;0.679
451.25	453.50	WIWA;0.789
459.75	461.00	WIWA;0.616
470.25	472.00	WIWA;0.794
479.75	481.50	WIWA;0.716
489.50	490.50	WIWA;0.656
499.50	501.50	WIWA;0.888
510.00	512.25	WIWA;0.860
541.00	541.25	WIWA;0.545
541.50	543.50	WIWA;0.835
551.75	553.00	WIWA;0.624
583.75	584.50	WIWA;0.575
584.75	585.00	WIWA;0.528
594.25	595.75	WIWA;0.638
