158.50	159.25	AGOL;0.556
16.50	20.75	AMRO;0.952
46.50	48.00	AMRO;0.814
51.00	53.00	AMRO;0.811
55.25	62.25	AMRO;0.974
65.25	67.50	AMRO;0.834
73.00	73.25	AMRO;0.502
74.00	76.00	AMRO;0.761
29.00	29.25	BLOY;0.520
117.75	119.75	CHSW;0.843
152.50	153.00	CMWA;0.597
54.00	55.00	HOWA;0.616
135.50	136.50	MOCH;0.705
5.50	5.75	PAWR;0.527
6.00	6.50	PAWR;0.574
22.00	23.25	PAWR;0.663
9.50	11.00	SOSP;0.824
13.50	14.75	SOSP;0.627
34.25	35.50	SOSP;0.777
63.00	64.25	SOSP;0.739
69.25	69.75	SOSP;0.536
104.50	105.25	SOSP;0.574
113.00	114.50	SOSP;0.739
125.00	125.75	SOSP;0.617
127.25	127.50	SOSP;0.532
129.00	132.00	SOSP;0.833
133.00	135.00	SOSP;0.820
135.25	135.50	SOSP;0.515
137.00	138.50	SOSP;0.863
146.00	148.25	SOSP;0.864
149.50	150.75	SOSP;0.765
153.00	154.25	SOSP;0.754
155.25	156.00	SOSP;0.550
168.00	168.25	SOSP;0.502
175.75	178.00	SOSP;0.782
181.50	183.50	SOSP;0.766
184.50	185.50	SOSP;0.634
187.50	188.75	SOSP;0.759
190.25	192.00	SOSP;0.730
204.50	205.75	SOSP;0.644
217.00	217.25	SOSP;0.507
280.00	280.75	SOSP;0.688
200.50	201.75	VATH;0.732
97.00	97.25	WCSP;0.527
142.25	145.50	WCSP;0.737
150.75	151.50	WCSP;0.592
179.50	180.00	WCSP;0.547
188.50	189.75	WCSP;0.631
192.25	192.50	WCSP;0.508
212.75	213.75	WCSP;0.832
160.50	162.25	WIWA;0.566
209.50	212.00	WIWA;0.918
245.50	248.50	WIWA;0.938
275.25	278.00	WIWA;0.945
90.75	92.50	WTSP;0.682
98.00	101.00	WTSP;0.909
173.75	174.25	WTSP;0.545
208.00	210.25	WTSP;0.874
231.50	234.25	WTSP;0.834
256.00	258.50	WTSP;0.899
268.50	273.50	WTSP;0.954
294.50	297.00	WTSP;0.851
