19.75	23.50	AMRO;0.838
33.00	33.75	AMRO;0.555
40.75	43.00	AMRO;0.657
60.00	60.25	AMRO;0.507
65.75	69.50	AMRO;0.819
72.00	72.50	AMRO;0.563
74.25	74.75	AMRO;0.568
84.00	86.25	AMRO;0.619
87.00	87.75	AMRO;0.552
89.25	93.00	AMRO;0.691
93.25	94.25	AMRO;0.639
97.00	100.75	AMRO;0.958
101.50	104.00	AMRO;0.925
105.75	107.50	AMRO;0.672
149.25	150.00	AMRO;0.628
173.75	175.25	AMRO;0.748
182.75	183.00	AMRO;0.502
189.50	191.75	AMRO;0.919
200.50	204.50	AMRO;0.895
209.25	210.00	AMRO;0.645
232.75	234.00	AMRO;0.705
261.25	263.25	AMRO;0.841
268.00	268.25	AMRO;0.524
279.75	280.00	BEWR;0.518
27.50	27.75	BFAL;0.505
74.00	74.25	BFAL;0.504
175.25	176.50	BLJA;0.725
236.75	237.75	BLOY;0.636
0.50	0.75	FISP;0.532
1.00	1.25	FISP;0.510
121.50	123.00	FOSP;0.804
292.75	293.25	FOSP;0.506
33.75	34.75	GWTE;0.632
66.50	66.75	GWTE;0.539
204.00	204.50	GWTE;0.520
298.00	299.50	GWTE;0.680
6.00	6.50	HASP;0.591
8.00	8.75	HETH;0.640
70.50	71.50	HETH;0.602
72.75	73.75	HETH;0.655
79.50	81.75	HETH;0.896
85.50	87.25	HETH;0.960
88.25	90.75	HETH;0.898
127.50	128.75	HETH;0.742
141.00	142.50	HETH;0.752
147.75	148.50	HETH;0.719
151.50	152.50	HETH;0.665
158.25	159.75	HETH;0.778
162.00	163.75	HETH;0.839
214.00	215.75	HETH;0.768
222.50	224.75	HETH;0.898
232.00	233.50	HETH;0.792
236.00	237.00	HETH;0.656
240.00	241.00	HETH;0.683
245.25	247.25	HETH;0.960
249.00	251.50	HETH;0.934
254.25	255.50	HETH;0.709
260.25	262.00	HETH;0.790
264.00	265.50	HETH;0.803
272.00	273.75	HETH;0.956
277.50	279.00	HETH;0.909
287.25	289.50	HETH;0.905
291.50	292.50	HETH;0.577
295.25	296.00	HETH;0.666
2.50	5.00	LISP;0.915
18.00	19.50	LISP;0.770
36.00	37.00	LISP;0.595
63.00	64.75	LISP;0.682
82.25	84.00	LISP;0.640
95.75	97.75	LISP;0.826
107.00	109.00	LISP;0.738
119.00	121.00	LISP;0.744
131.25	133.50	LISP;0.825
140.00	141.00	LISP;0.585
142.25	144.50	LISP;0.848
154.00	157.00	LISP;0.882
167.00	169.75	LISP;0.870
181.00	181.50	LISP;0.544
194.00	196.25	LISP;0.863
205.50	207.50	LISP;0.789
217.00	219.00	LISP;0.646
228.50	231.75	LISP;0.900
243.25	245.25	LISP;0.870
255.50	258.50	LISP;0.911
268.50	271.25	LISP;0.963
274.50	275.25	LISP;0.528
282.25	284.00	LISP;0.800
186.25	187.50	MAMU;0.622
7.25	8.50	MOCH;0.601
8.75	9.00	MOCH;0.585
104.75	105.00	MOCH;0.519
129.50	129.75	MOCH;0.523
130.00	130.75	MOCH;0.584
172.00	172.25	MOCH;0.561
263.00	264.50	MOCH;0.643
123.25	123.50	OROR;0.580
94.75	95.50	PUFI;0.582
87.50	88.25	RBGR;0.551
166.25	166.50	RUBL;0.509
219.75	221.00	RUBL;0.650
78.50	79.50	SAND;0.670
34.50	35.00	TOSO;0.533
204.75	205.00	TOSO;0.536
218.75	219.50	TOSO;0.600
267.25	267.50	TOSO;0.515
115.50	116.50	WEME;0.592
147.00	148.00	WEME;0.556
239.50	239.75	WEME;0.553
11.00	13.50	WTSP;0.853
16.00	17.50	WTSP;0.707
21.00	24.00	WTSP;0.871
37.75	41.00	WTSP;0.967
47.50	51.75	WTSP;0.986
60.00	62.50	WTSP;0.885
75.00	78.25	WTSP;0.955
136.00	138.75	WTSP;0.810
172.50	174.00	WTSP;0.723
