163.75	165.00	AMDI;0.786
334.00	335.00	AMDI;0.723
490.75	491.50	BARS;0.567
18.50	20.00	BCCH;0.666
184.00	184.75	CHSW;0.547
343.00	343.50	DUFL;0.524
267.75	268.50	EAKI;0.654
64.75	66.25	FOSP;0.711
77.50	79.75	FOSP;0.868
91.25	93.25	FOSP;0.848
105.00	107.00	FOSP;0.842
119.50	122.00	FOSP;0.871
139.25	140.25	FOSP;0.566
389.00	389.25	FOSP;0.542
467.75	469.50	FOSP;0.593
474.75	476.00	FOSP;0.649
488.75	489.50	FOSP;0.593
496.25	499.00	FOSP;0.864
503.75	506.50	FOSP;0.776
510.50	512.50	FOSP;0.714
518.00	522.00	FOSP;0.827
525.25	527.25	FOSP;0.780
534.50	536.50	FOSP;0.658
551.50	553.50	FOSP;0.824
574.25	576.00	FOSP;0.703
510.00	510.75	HETH;0.582
294.25	295.00	HOLA;0.555
309.00	309.25	HOLA;0.513
577.00	578.25	HOLA;0.689
15.25	16.00	HOWR;0.592
378.50	379.50	LARB;0.600
54.00	55.50	LISP;0.655
95.50	96.75	LISP;0.768
150.00	151.00	LISP;0.628
201.00	203.50	LISP;0.878
380.25	381.75	LISP;0.760
409.50	411.50	LISP;0.767
501.25	502.50	LISP;0.735
515.00	516.00	LISP;0.627
585.00	585.75	NOWA;0.601
0.00	1.75	PISI;0.837
4.50	6.25	PISI;0.850
8.25	10.50	PISI;0.978
11.25	13.75	PISI;0.904
23.25	25.50	PISI;0.937
101.00	108.75	PISI;0.970
109.75	115.25	PISI;0.975
131.75	135.00	PISI;0.956
139.75	147.75	PISI;0.968
149.50	150.00	PISI;0.711
158.00	159.75	PISI;0.885
167.75	171.00	PISI;0.975
172.25	176.75	PISI;0.974
179.50	183.25	PISI;0.986
193.00	193.50	PISI;0.705
216.00	218.50	PISI;0.983
227.00	309.00	PISI;0.991
310.00	323.25	PISI;0.984
323.50	329.50	PISI;0.979
331.00	333.50	PISI;0.968
335.50	341.50	PISI;0.985
345.00	346.75	PISI;0.803
347.00	355.50	PISI;0.978
359.00	368.50	PISI;0.983
411.50	414.25	PISI;0.935
416.75	419.25	PISI;0.981
419.50	424.00	PISI;0.972
424.25	427.50	PISI;0.976
476.75	478.75	PISI;0.927
481.25	489.00	PISI;0.990
533.25	535.75	PISI;0.960
537.00	541.25	PISI;0.981
582.50	584.75	PISI;0.951
589.25	592.00	PISI;0.972
394.00	395.00	ROWR;0.630
423.50	424.75	ROWR;0.656
457.00	457.75	ROWR;0.588
471.00	471.25	ROWR;0.515
471.50	473.50	ROWR;0.827
384.50	386.50	SOSP;0.692
452.50	454.25	SOSP;0.803
7.00	8.25	SWSP;0.647
21.75	23.00	SWSP;0.608
48.50	50.00	SWSP;0.839
75.00	76.50	SWSP;0.669
81.25	82.50	SWSP;0.810
87.75	89.50	SWSP;0.772
116.00	116.25	SWSP;0.515
135.50	137.00	SWSP;0.674
163.00	164.00	SWSP;0.662
177.50	179.00	SWSP;0.820
198.75	200.75	SWSP;0.798
218.50	219.00	SWSP;0.536
433.25	435.25	SWSP;0.771
448.00	449.00	SWSP;0.578
461.00	462.00	SWSP;0.767
473.75	474.75	SWSP;0.651
522.75	523.50	SWSP;0.562
528.75	530.25	SWSP;0.674
543.00	544.50	SWSP;0.749
557.00	558.50	SWSP;0.778
564.00	564.50	SWSP;0.521
585.50	586.75	SWSP;0.668
587.50	588.25	VGSW;0.538
425.75	426.00	WATA;0.563
457.00	459.00	WCSP;0.621
556.75	559.00	WTSP;0.778
