243.50	244.50	BEWR;0.671
50.00	50.75	BFAL;0.530
4.00	4.50	CHSP;0.555
13.25	14.75	CHSP;0.662
22.75	24.00	CHSP;0.557
41.25	42.00	CHSP;0.581
68.75	69.00	CHSP;0.528
77.25	78.25	CHSP;0.652
88.25	89.00	CHSP;0.555
98.00	99.00	CHSP;0.561
107.50	108.25	CHSP;0.579
135.50	137.00	CHSP;0.673
162.50	163.50	CHSP;0.563
181.00	182.50	CHSP;0.628
240.50	242.50	CHSP;0.762
249.50	251.00	CHSP;0.725
278.00	280.00	CHSP;0.724
288.00	289.75	CHSP;0.697
2.50	5.50	DEJU;0.709
13.75	15.25	DEJU;0.589
22.00	22.25	DEJU;0.516
22.50	24.25	DEJU;0.615
42.25	43.00	DEJU;0.544
51.25	53.75	DEJU;0.705
58.50	62.50	DEJU;0.706
78.25	79.00	DEJU;0.519
89.00	89.50	DEJU;0.589
99.00	100.50	DEJU;0.680
106.00	109.50	DEJU;0.738
126.25	127.50	DEJU;0.574
134.75	136.50	DEJU;0.590
143.00	146.00	DEJU;0.749
153.75	155.75	DEJU;0.807
163.00	164.50	DEJU;0.600
170.50	173.00	DEJU;0.787
173.25	173.50	DEJU;0.503
179.75	181.00	DEJU;0.641
193.00	195.75	DEJU;0.688
204.50	205.00	DEJU;0.523
214.25	216.25	DEJU;0.719
249.50	249.75	DEJU;0.502
250.75	252.00	DEJU;0.640
259.25	261.75	DEJU;0.696
267.50	268.00	DEJU;0.532
269.00	269.75	DEJU;0.650
277.50	278.25	DEJU;0.568
287.50	288.00	DEJU;0.577
48.50	49.75	EAME;0.681
6.25	6.75	FOSP;0.530
20.25	21.50	FOSP;0.620
25.25	27.50	FOSP;0.845
39.25	41.25	FOSP;0.811
54.50	57.00	FOSP;0.773
69.50	71.75	FOSP;0.810
94.50	96.25	FOSP;0.654
101.00	103.50	FOSP;0.770
112.00	114.00	FOSP;0.720
117.50	119.00	FOSP;0.682
132.75	133.75	FOSP;0.537
139.50	141.00	FOSP;0.632
150.25	152.75	FOSP;0.764
168.00	169.00	FOSP;0.566
183.50	185.25	FOSP;0.755
198.00	200.25	FOSP;0.797
213.50	214.75	FOSP;0.632
237.75	238.75	FOSP;0.598
64.25	64.50	LISP;0.502
80.75	82.50	LISP;0.838
188.00	189.75	LISP;0.798
262.00	263.00	LISP;0.541
116.00	116.25	OCWA;0.537
124.75	126.50	OCWA;0.788
6.00	6.50	SNBU;0.542
140.75	141.50	SNBU;0.624
1.25	2.25	VATH;0.630
10.00	11.50	VATH;0.670
34.25	36.50	VATH;0.877
44.00	46.50	VATH;0.842
51.00	51.75	VATH;0.610
57.00	58.00	VATH;0.691
64.00	67.00	VATH;0.958
74.00	77.50	VATH;0.834
83.25	85.00	VATH;0.746
85.25	85.50	VATH;0.557
97.75	99.00	VATH;0.675
114.50	116.75	VATH;0.951
126.50	129.00	VATH;0.882
158.00	160.50	VATH;0.951
165.50	167.50	VATH;0.884
191.50	192.25	VATH;0.582
204.50	206.75	VATH;0.890
245.50	247.00	VATH;0.785
257.50	260.50	VATH;0.941
230.00	232.00	WCSP;0.814
6.75	10.00	WIWA;0.981
16.50	19.75	WIWA;0.980
30.50	32.50	WIWA;0.865
84.50	87.00	WIWA;0.890
95.00	96.75	WIWA;0.773
137.50	137.75	WIWA;0.710
147.25	148.50	WIWA;0.806
158.25	160.75	WIWA;0.881
206.50	208.50	WIWA;0.816
215.75	219.00	WIWA;0.979
224.50	227.50	WIWA;0.969
235.00	238.50	WIWA;0.976
244.00	247.25	WIWA;0.978
253.00	256.50	WIWA;0.976
263.00	266.50	WIWA;0.977
273.75	277.25	WIWA;0.968
284.00	287.50	WIWA;0.966
294.75	298.25	WIWA;0.979
