426.75	427.00	AMDI;0.503
36.50	38.00	AMRO;0.595
255.25	256.25	AMRO;0.620
270.00	271.25	BCCH;0.660
439.50	440.00	BCCH;0.596
576.00	577.25	BCCH;0.698
204.00	206.00	BLJA;0.712
251.25	252.25	BRSP;0.550
255.00	255.50	BRSP;0.525
390.25	390.50	CAAU;0.512
116.50	117.50	CHSP;0.620
195.50	198.00	CHSW;0.743
377.75	380.00	FOSP;0.896
420.50	421.75	FOSP;0.561
425.00	426.00	FOSP;0.564
434.00	435.75	FOSP;0.701
447.50	450.00	FOSP;0.817
462.50	464.50	FOSP;0.776
481.75	483.50	FOSP;0.633
498.75	499.50	FOSP;0.547
515.00	517.75	FOSP;0.829
537.00	538.50	FOSP;0.616
557.25	559.50	FOSP;0.900
578.75	579.75	FOSP;0.700
109.00	110.50	GWTE;0.702
382.50	383.50	GWTE;0.612
99.50	101.50	HETH;0.845
334.25	335.50	HETH;0.651
502.50	503.00	HETH;0.565
64.00	65.50	LISP;0.762
183.25	183.50	LISP;0.553
599.00	599.50	PROW;0.581
576.50	576.75	RBGU;0.501
577.00	577.25	RBGU;0.538
459.00	459.50	SOSA;0.519
254.00	254.50	SOSP;0.522
359.00	360.00	SWHA;0.612
154.50	156.25	SWSP;0.702
176.00	176.25	SWSP;0.503
7.50	10.00	WCSP;0.885
28.25	31.00	WCSP;0.913
44.50	47.00	WCSP;0.842
75.25	76.00	WCSP;0.583
120.00	122.00	WCSP;0.748
140.00	143.00	WCSP;0.902
164.00	166.50	WCSP;0.892
192.00	195.00	WCSP;0.896
207.50	210.50	WCSP;0.906
233.50	236.50	WCSP;0.915
272.00	273.25	WCSP;0.711
286.00	286.50	WCSP;0.572
289.75	293.50	WCSP;0.903
303.00	307.25	WCSP;0.887
308.50	309.25	WCSP;0.541
322.50	324.00	WCSP;0.621
368.25	369.50	WCSP;0.584
598.00	598.75	WCSP;0.570
0.75	4.00	WIWA;0.973
15.50	17.25	WIWA;0.840
37.75	40.50	WIWA;0.923
49.50	52.00	WIWA;0.891
60.50	63.50	WIWA;0.949
72.50	75.25	WIWA;0.922
84.50	87.00	WIWA;0.933
96.50	97.75	WIWA;0.779
132.00	134.50	WIWA;0.928
143.00	145.00	WIWA;0.853
176.75	177.00	WIWA;0.694
205.50	206.00	WIWA;0.733
206.25	206.50	WIWA;0.700
206.75	207.00	WIWA;0.703
220.75	224.00	WIWA;0.978
233.00	233.75	WIWA;0.741
246.50	249.00	WIWA;0.969
262.50	266.00	WIWA;0.942
273.00	275.75	WIWA;0.971
282.50	285.75	WIWA;0.979
293.50	296.50	WIWA;0.959
310.50	314.00	WIWA;0.981
319.25	322.75	WIWA;0.977
328.75	332.50	WIWA;0.971
338.25	342.00	WIWA;0.973
353.50	357.00	WIWA;0.977
362.50	366.25	WIWA;0.973
372.75	376.00	WIWA;0.980
384.00	387.00	WIWA;0.960
393.50	397.25	WIWA;0.972
404.25	407.25	WIWA;0.965
413.00	416.50	WIWA;0.978
422.75	425.50	WIWA;0.950
433.00	435.50	WIWA;0.932
442.00	445.00	WIWA;0.981
453.50	456.50	WIWA;0.964
463.25	466.50	WIWA;0.964
472.00	475.25	WIWA;0.976
481.25	484.00	WIWA;0.977
490.50	494.00	WIWA;0.982
499.75	503.50	WIWA;0.976
511.00	514.50	WIWA;0.975
521.00	524.50	WIWA;0.972
530.50	534.25	WIWA;0.975
539.75	543.25	WIWA;0.972
550.25	554.00	WIWA;0.979
560.50	564.00	WIWA;0.973
571.75	575.50	WIWA;0.968
581.50	584.50	WIWA;0.954
590.75	594.50	WIWA;0.975
50.00	55.00	WTSP;0.985
74.25	75.00	WTSP;0.727
299.25	299.50	WTSP;0.716
450.50	454.75	WTSP;0.988
487.50	490.00	WTSP;0.921
507.00	511.00	WTSP;0.986
524.50	528.25	WTSP;0.989
545.50	550.00	WTSP;0.985
565.00	568.00	WTSP;0.943
585.00	588.50	WTSP;0.984
