91.00	92.25	CHSW;0.568
88.00	89.25	FISP;0.655
208.50	209.50	FISP;0.553
281.50	282.50	FISP;0.662
289.50	290.25	FISP;0.606
333.75	334.50	FISP;0.578
342.75	343.25	FISP;0.522
378.00	379.50	FISP;0.637
394.50	396.00	FISP;0.574
423.75	424.50	FISP;0.582
1.50	2.50	FOSP;0.620
5.00	7.00	FOSP;0.833
27.50	29.50	FOSP;0.813
42.50	43.25	FOSP;0.558
94.25	94.50	FOSP;0.573
123.50	125.00	FOSP;0.752
158.50	159.50	FOSP;0.693
248.00	248.25	FOSP;0.540
261.50	263.50	FOSP;0.810
303.50	305.00	FOSP;0.768
327.50	329.50	FOSP;0.919
335.25	336.75	FOSP;0.579
345.50	347.00	FOSP;0.652
388.75	389.25	FOSP;0.551
403.50	404.50	FOSP;0.683
410.00	412.50	FOSP;0.699
434.50	436.25	FOSP;0.800
451.75	453.75	FOSP;0.804
471.75	472.50	FOSP;0.566
485.50	487.50	FOSP;0.788
496.25	498.25	FOSP;0.900
502.00	504.25	FOSP;0.934
505.75	509.50	FOSP;0.839
518.50	521.00	FOSP;0.895
529.50	532.00	FOSP;0.823
533.75	535.50	FOSP;0.772
540.25	543.00	FOSP;0.844
545.25	545.50	FOSP;0.520
550.75	551.00	FOSP;0.541
561.00	563.50	FOSP;0.863
575.00	577.75	FOSP;0.884
582.50	583.25	FOSP;0.595
591.50	594.00	FOSP;0.863
398.00	399.50	GCSP;0.760
441.50	442.00	GCSP;0.564
107.75	109.50	HETH;0.890
145.50	146.25	HETH;0.571
155.50	156.25	HETH;0.600
199.75	201.50	HETH;0.834
230.50	231.75	HETH;0.688
246.50	248.00	HETH;0.862
260.75	261.75	HETH;0.633
268.50	269.50	HETH;0.581
344.50	346.00	HETH;0.886
368.00	368.25	HETH;0.545
433.75	434.25	HETH;0.517
582.00	582.25	HETH;0.504
55.00	55.25	MOCH;0.501
55.50	56.25	MOCH;0.561
174.25	175.50	MOCH;0.584
226.75	227.00	MOCH;0.508
227.25	227.50	MOCH;0.546
227.75	228.00	MOCH;0.523
297.50	297.75	MOCH;0.501
310.25	311.25	MOCH;0.569
74.75	75.00	OCWA;0.512
80.50	81.50	REVI;0.605
463.75	466.00	SNBU;0.760
492.00	493.50	SNBU;0.745
587.50	588.25	SNBU;0.633
97.50	98.50	SWSP;0.648
552.50	553.75	SWSP;0.607
559.50	560.50	SWSP;0.632
567.50	567.75	SWSP;0.525
590.00	590.75	SWSP;0.587
244.50	245.50	VATH;0.643
15.25	17.00	WCSP;0.959
79.75	80.50	WCSP;0.647
1.00	3.75	WIWA;0.872
8.50	11.00	WIWA;0.906
16.75	18.75	WIWA;0.831
23.50	26.00	WIWA;0.847
30.50	33.50	WIWA;0.935
37.50	40.75	WIWA;0.958
46.00	48.50	WIWA;0.914
52.75	56.00	WIWA;0.955
60.75	63.50	WIWA;0.938
68.00	71.00	WIWA;0.949
110.25	112.50	WIWA;0.909
118.50	119.00	WIWA;0.551
133.00	134.50	WIWA;0.773
147.00	149.50	WIWA;0.913
199.50	201.00	WIWA;0.813
551.50	552.75	WIWA;0.592
3.50	4.75	WTSP;0.919
9.00	15.00	WTSP;0.988
21.00	26.25	WTSP;0.989
30.00	30.25	WTSP;0.705
34.00	38.00	WTSP;0.980
44.00	47.00	WTSP;0.977
47.50	49.25	WTSP;0.788
55.00	57.00	WTSP;0.779
58.00	62.00	WTSP;0.989
63.00	64.25	WTSP;0.795
71.00	74.25	WTSP;0.972
77.25	79.75	WTSP;0.951
85.50	88.50	WTSP;0.979
95.50	97.50	WTSP;0.906
103.00	107.75	WTSP;0.985
114.00	118.00	WTSP;0.984
118.50	121.75	WTSP;0.988
125.50	129.00	WTSP;0.989
138.50	145.50	WTSP;0.990
148.75	153.50	WTSP;0.987
161.00	166.50	WTSP;0.974
171.25	174.50	WTSP;0.985
178.00	180.50	WTSP;0.974
183.00	190.50	WTSP;0.989
191.25	199.25	WTSP;0.992
202.00	209.00	WTSP;0.988
210.50	218.50	WTSP;0.984
220.00	227.00	WTSP;0.986
233.00	236.50	WTSP;0.988
255.25	257.00	WTSP;0.872
271.75	275.50	WTSP;0.984
278.50	281.50	WTSP;0.972
286.50	289.50	WTSP;0.975
295.00	297.00	WTSP;0.912
302.50	303.25	WTSP;0.751
307.50	310.50	WTSP;0.979
313.00	319.00	WTSP;0.985
323.00	327.25	WTSP;0.992
330.50	333.75	WTSP;0.973
339.75	343.00	WTSP;0.975
349.00	352.00	WTSP;0.989
357.50	364.25	WTSP;0.995
368.00	368.25	WTSP;0.696
370.25	378.25	WTSP;0.985
381.00	383.25	WTSP;0.885
384.00	387.00	WTSP;0.969
390.00	395.00	WTSP;0.995
397.25	398.50	WTSP;0.780
400.25	402.50	WTSP;0.886
406.00	408.25	WTSP;0.926
413.25	416.75	WTSP;0.960
421.00	424.00	WTSP;0.971
429.25	432.50	WTSP;0.935
439.00	441.50	WTSP;0.955
449.00	452.00	WTSP;0.978
458.25	460.50	WTSP;0.930
467.50	471.25	WTSP;0.980
478.00	481.25	WTSP;0.983
487.75	490.75	WTSP;0.983
512.50	515.00	WTSP;0.949
525.75	527.25	WTSP;0.820
539.25	539.75	WTSP;0.732
548.00	550.50	WTSP;0.937
559.00	560.25	WTSP;0.844
567.50	570.25	WTSP;0.984
578.25	578.50	WTSP;0.706
578.75	579.25	WTSP;0.729
587.75	591.00	WTSP;0.979
595.00	595.50	WTSP;0.711
180.00	181.50	YRWA;0.690
230.00	232.00	YRWA;0.709
242.75	245.00	YRWA;0.700
