85.50	86.50	AMRO;0.596
206.00	206.25	BRSP;0.514
104.75	107.25	CHSP;0.855
109.50	112.00	CHSP;0.860
120.50	122.25	CHSP;0.741
124.50	124.75	CHSP;0.520
125.00	125.25	CHSP;0.531
125.50	127.25	CHSP;0.663
130.50	130.75	CHSP;0.504
140.00	144.00	CHSP;0.797
145.50	147.00	CHSP;0.564
153.50	153.75	CHSP;0.584
163.50	164.00	CHSP;0.535
169.25	171.00	CHSP;0.752
173.00	173.25	CHSP;0.530
173.50	174.50	CHSP;0.589
179.00	180.25	CHSP;0.641
183.50	185.50	CHSP;0.604
189.50	191.00	CHSP;0.743
199.50	201.50	CHSP;0.874
210.00	213.00	CHSP;0.696
214.25	217.25	CHSP;0.872
227.00	229.75	CHSP;0.833
233.25	235.50	CHSP;0.822
239.25	241.00	CHSP;0.722
244.00	246.00	CHSP;0.589
249.00	249.75	CHSP;0.609
254.50	256.50	CHSP;0.835
268.00	270.25	CHSP;0.846
278.00	278.25	CHSP;0.524
288.50	289.25	CHSP;0.516
292.50	294.75	CHSP;0.745
297.50	299.25	CHSP;0.685
126.00	126.25	DEJU;0.518
147.00	147.50	DEJU;0.573
151.25	152.25	DEJU;0.590
154.50	155.50	DEJU;0.653
162.75	163.50	DEJU;0.519
180.00	182.00	DEJU;0.760
185.00	185.50	DEJU;0.616
195.00	197.25	DEJU;0.789
264.50	266.25	DEJU;0.607
278.75	279.50	DEJU;0.620
288.00	289.00	DEJU;0.603
1.75	2.25	FISP;0.522
164.75	166.00	FISP;0.637
62.50	63.75	FOSP;0.554
76.50	78.50	FOSP;0.828
108.00	108.75	HADU;0.589
16.25	17.25	LISP;0.616
59.00	60.25	LISP;0.755
74.25	75.00	LISP;0.553
161.50	162.75	LISP;0.628
175.75	176.75	LISP;0.593
221.00	222.25	LISP;0.632
279.25	280.75	LISP;0.664
10.00	11.50	MOCH;0.699
116.00	116.25	MOCH;0.523
164.00	164.25	MOCH;0.545
169.25	169.50	MOCH;0.505
228.00	228.25	MOCH;0.520
228.50	229.75	MOCH;0.691
270.00	270.25	MOCH;0.573
251.50	252.00	RUTU;0.540
129.25	130.00	SAND;0.637
87.50	88.50	SNBU;0.652
89.75	90.00	SOSP;0.504
139.25	139.50	SWSP;0.523
148.25	149.00	SWSP;0.517
158.00	159.00	SWSP;0.620
168.50	169.25	SWSP;0.522
273.50	274.00	SWSP;0.555
98.25	100.25	WIWA;0.712
108.25	109.50	WIWA;0.612
128.00	129.75	WIWA;0.801
157.00	157.50	WIWA;0.577
177.25	179.00	WIWA;0.743
187.25	189.25	WIWA;0.725
197.50	199.50	WIWA;0.788
208.50	209.50	WIWA;0.622
218.75	220.50	WIWA;0.708
230.00	233.00	WIWA;0.951
242.00	242.50	WIWA;0.560
259.75	261.50	WIWA;0.733
272.00	273.50	WIWA;0.618
284.00	285.75	WIWA;0.615
3.25	4.50	WIWR;0.768
0.25	2.25	WTSP;0.827
5.50	10.25	WTSP;0.986
17.00	20.75	WTSP;0.993
22.00	31.00	WTSP;0.981
32.25	36.50	WTSP;0.972
38.00	43.50	WTSP;0.960
50.75	53.50	WTSP;0.873
55.00	56.50	WTSP;0.807
82.50	85.00	WTSP;0.920
93.50	93.75	WTSP;0.740
94.00	96.50	WTSP;0.864
102.50	103.50	WTSP;0.790
104.00	104.25	WTSP;0.694
104.50	105.00	WTSP;0.757
112.50	114.75	WTSP;0.976
116.00	118.00	WTSP;0.902
121.00	121.75	WTSP;0.716
122.00	122.75	WTSP;0.741
131.00	133.00	WTSP;0.965
139.50	140.50	WTSP;0.759
164.00	164.25	WTSP;0.695
164.50	165.50	WTSP;0.734
169.75	171.00	WTSP;0.767
177.00	179.50	WTSP;0.941
185.00	187.50	WTSP;0.945
194.00	195.75	WTSP;0.859
202.00	204.00	WTSP;0.878
209.50	211.25	WTSP;0.803
225.50	227.75	WTSP;0.860
242.00	248.75	WTSP;0.977
253.00	259.50	WTSP;0.975
270.25	272.50	WTSP;0.852
273.50	277.00	WTSP;0.960
282.75	286.75	WTSP;0.976
293.50	299.50	WTSP;0.986
