101.00	102.25	AMGP;0.680
1.75	3.00	AMRO;0.664
16.00	17.75	AMRO;0.623
22.50	22.75	AMRO;0.558
36.50	37.25	AMRO;0.529
47.75	50.00	AMRO;0.968
55.50	56.50	AMRO;0.591
60.00	60.75	AMRO;0.533
63.50	66.00	AMRO;0.841
69.00	69.25	AMRO;0.523
69.50	69.75	AMRO;0.535
73.50	75.00	AMRO;0.732
78.50	80.25	AMRO;0.588
83.50	84.50	AMRO;0.604
95.50	97.50	AMRO;0.767
108.00	110.00	AMRO;0.833
113.25	115.50	AMRO;0.923
118.00	118.25	AMRO;0.518
128.25	131.25	AMRO;0.952
137.00	141.00	AMRO;0.937
151.00	153.00	AMRO;0.815
160.50	161.50	AMRO;0.605
161.75	162.00	AMRO;0.507
165.00	167.50	AMRO;0.953
170.00	172.00	AMRO;0.773
173.75	174.00	AMRO;0.508
178.00	178.25	AMRO;0.505
182.50	184.25	AMRO;0.678
197.75	199.75	AMRO;0.789
205.25	207.00	AMRO;0.925
210.00	211.25	AMRO;0.606
214.25	216.50	AMRO;0.855
218.00	219.75	AMRO;0.788
255.50	258.50	AMRO;0.775
260.00	266.25	AMRO;0.913
267.50	267.75	AMRO;0.513
268.00	272.00	AMRO;0.708
274.25	276.00	AMRO;0.800
277.25	279.00	AMRO;0.695
289.25	290.50	AMRO;0.643
295.25	295.75	AMRO;0.525
0.00	3.00	CHSP;0.888
5.50	9.50	CHSP;0.982
12.00	16.00	CHSP;0.966
18.50	22.50	CHSP;0.977
25.00	29.25	CHSP;0.971
31.75	35.50	CHSP;0.974
37.75	42.00	CHSP;0.976
44.25	48.00	CHSP;0.972
50.50	54.75	CHSP;0.977
57.50	61.50	CHSP;0.965
64.25	68.50	CHSP;0.974
71.50	75.50	CHSP;0.973
78.50	83.00	CHSP;0.975
85.50	90.00	CHSP;0.975
91.75	96.00	CHSP;0.979
98.25	102.25	CHSP;0.979
105.50	109.50	CHSP;0.971
112.25	116.50	CHSP;0.970
118.75	123.00	CHSP;0.978
125.00	129.50	CHSP;0.978
131.75	136.00	CHSP;0.974
139.00	143.25	CHSP;0.974
145.75	150.00	CHSP;0.977
152.50	156.50	CHSP;0.979
160.00	164.25	CHSP;0.978
166.50	170.50	CHSP;0.977
173.00	177.00	CHSP;0.977
179.75	183.25	CHSP;0.973
186.50	190.00	CHSP;0.962
193.50	197.50	CHSP;0.978
201.25	205.00	CHSP;0.968
208.00	211.50	CHSP;0.970
215.25	218.75	CHSP;0.976
221.75	226.00	CHSP;0.979
228.50	232.50	CHSP;0.980
235.50	239.50	CHSP;0.976
242.50	246.50	CHSP;0.976
248.75	253.00	CHSP;0.980
256.75	260.75	CHSP;0.978
263.25	267.50	CHSP;0.974
269.50	273.50	CHSP;0.975
277.25	288.25	CHSP;0.984
289.25	293.00	CHSP;0.978
295.25	299.00	CHSP;0.973
29.00	31.00	FOSP;0.825
57.50	59.00	FOSP;0.752
72.25	73.00	FOSP;0.600
281.50	281.75	GRCA;0.523
282.00	282.25	GRCA;0.560
295.50	295.75	GRCA;0.519
33.25	33.50	GRYE;0.509
71.00	72.50	SNBU;0.744
11.00	13.00	TOSO;0.785
53.00	53.25	TOSO;0.524
54.50	55.25	TOSO;0.573
124.50	125.50	TOSO;0.592
133.00	133.25	TOSO;0.526
159.25	160.00	TOSO;0.661
4.25	5.25	WCSP;0.616
9.75	12.25	WCSP;0.899
54.75	55.50	WCSP;0.552
61.00	63.50	WCSP;0.824
68.75	69.00	WCSP;0.505
75.50	77.50	WCSP;0.852
83.00	84.75	WCSP;0.754
90.00	91.75	WCSP;0.744
97.50	98.00	WCSP;0.560
104.75	106.00	WCSP;0.752
111.50	112.25	WCSP;0.618
149.50	152.00	WCSP;0.898
156.50	158.50	WCSP;0.892
164.00	166.50	WCSP;0.862
172.25	173.25	WCSP;0.668
178.50	180.00	WCSP;0.831
185.00	187.00	WCSP;0.856
192.25	193.50	WCSP;0.773
200.00	201.50	WCSP;0.704
207.00	208.50	WCSP;0.742
211.25	215.50	WCSP;0.833
219.75	222.00	WCSP;0.903
226.25	229.00	WCSP;0.907
233.00	235.75	WCSP;0.945
240.25	243.00	WCSP;0.882
246.50	249.00	WCSP;0.936
254.00	256.75	WCSP;0.920
260.75	262.75	WCSP;0.779
267.75	270.00	WCSP;0.885
275.50	277.50	WCSP;0.944
288.50	289.50	WCSP;0.618
292.50	294.75	WCSP;0.831
298.75	300.00	WCSP;0.732
4.75	6.00	WTSP;0.645
16.00	17.00	WTSP;0.573
24.75	25.75	WTSP;0.600
104.50	104.75	WTSP;0.504
115.50	118.50	WTSP;0.914
171.50	172.50	WTSP;0.637
183.75	184.75	WTSP;0.705
239.50	241.00	WTSP;0.697
287.75	288.00	WTSP;0.557
