276.50	276.75	AMDI;0.509
239.50	240.25	ATSP;0.576
1.50	4.00	CCSP;0.828
15.00	18.00	CCSP;0.930
22.00	24.00	CCSP;0.845
30.50	33.50	CCSP;0.937
38.75	41.50	CCSP;0.915
45.00	48.25	CCSP;0.936
53.00	54.50	CCSP;0.772
67.00	69.25	CCSP;0.913
91.50	94.50	CCSP;0.928
138.00	138.75	CCSP;0.600
33.75	34.25	CHSP;0.511
195.50	197.25	CHSP;0.725
205.50	207.00	CHSP;0.608
254.25	255.00	CHSP;0.591
69.00	69.75	EAME;0.526
125.00	125.25	EAME;0.541
285.50	286.00	EAME;0.529
121.50	123.00	FISP;0.772
7.50	10.00	FOSP;0.876
26.25	28.00	FOSP;0.754
56.75	58.00	FOSP;0.732
69.50	71.25	FOSP;0.768
82.50	84.75	FOSP;0.921
95.75	97.00	FOSP;0.653
112.50	114.75	FOSP;0.872
125.50	127.75	FOSP;0.860
140.50	142.50	FOSP;0.841
156.75	157.00	FOSP;0.556
171.00	172.50	FOSP;0.725
187.25	189.75	FOSP;0.826
231.00	232.75	FOSP;0.633
273.50	275.50	FOSP;0.780
23.50	24.50	LISP;0.655
85.25	86.25	LISP;0.620
276.75	277.50	LISP;0.538
48.50	49.00	MOCH;0.571
66.25	67.75	MOCH;0.667
117.00	117.25	MOCH;0.595
117.50	118.25	MOCH;0.613
148.50	149.75	MOCH;0.637
165.75	167.50	MOCH;0.600
174.50	174.75	MOCH;0.518
202.25	202.50	MOCH;0.506
230.50	231.00	MOCH;0.510
235.75	239.00	PISI;0.941
101.50	101.75	RBNU;0.504
191.00	192.00	SOSP;0.604
35.50	36.25	SWSP;0.566
42.75	43.50	SWSP;0.568
48.75	51.00	SWSP;0.825
66.25	67.00	SWSP;0.554
116.75	118.50	SWSP;0.694
131.25	133.50	SWSP;0.889
154.00	155.25	SWSP;0.757
166.50	167.00	SWSP;0.564
168.00	168.25	SWSP;0.517
174.50	175.50	SWSP;0.634
217.25	219.50	SWSP;0.842
226.00	226.50	SWSP;0.566
241.50	241.75	SWSP;0.504
242.00	242.50	SWSP;0.546
248.50	251.00	SWSP;0.907
257.75	258.00	SWSP;0.543
264.00	266.00	SWSP;0.744
272.50	273.75	SWSP;0.740
279.00	281.00	SWSP;0.816
286.50	287.50	SWSP;0.564
295.00	297.25	SWSP;0.860
3.50	6.00	TEWA;0.725
11.00	12.75	TEWA;0.616
18.50	21.00	TEWA;0.834
64.25	65.50	TEWA;0.681
79.00	79.75	TEWA;0.519
123.75	125.00	TEWA;0.583
146.75	148.00	TEWA;0.672
160.50	161.50	TEWA;0.587
208.75	211.00	TEWA;0.767
223.50	225.75	TEWA;0.826
233.00	233.25	VESP;0.508
228.75	229.00	VGSW;0.516
90.75	91.75	WATA;0.617
54.75	56.50	WCSP;0.714
61.00	62.00	WCSP;0.640
72.00	76.00	WCSP;0.808
87.25	88.00	WCSP;0.561
98.25	101.00	WCSP;0.885
102.75	103.50	WCSP;0.711
110.00	111.25	WCSP;0.744
162.50	164.00	WCSP;0.702
14.00	15.50	WTSP;0.661
61.75	62.25	WTSP;0.532
80.50	81.50	WTSP;0.727
89.50	91.00	WTSP;0.659
120.25	121.50	WTSP;0.785
121.75	122.00	WTSP;0.512
175.50	175.75	WTSP;0.509
202.50	204.25	WTSP;0.648
260.50	263.50	WTSP;0.935
277.50	279.50	WTSP;0.851
29.00	29.50	YRWA;0.591
50.50	52.50	YRWA;0.908
64.00	64.25	YRWA;0.525
76.50	77.50	YRWA;0.616
88.25	88.50	YRWA;0.539
193.00	195.50	YRWA;0.837
207.50	208.75	YRWA;0.721
220.00	222.00	YRWA;0.845
283.00	284.00	YRWA;0.639
