7.50	8.25	BFAL;0.537
499.50	500.00	BLJA;0.675
66.00	67.00	FISP;0.626
118.75	119.25	FISP;0.531
241.00	242.75	FISP;0.687
507.50	508.50	LESA;0.641
5.25	7.50	LISP;0.844
18.50	20.50	LISP;0.702
42.00	45.25	LISP;0.683
54.50	57.25	LISP;0.862
67.50	70.00	LISP;0.787
80.50	82.25	LISP;0.740
93.50	95.50	LISP;0.769
182.50	184.25	LISP;0.818
207.50	209.25	LISP;0.775
211.00	212.00	LISP;0.652
272.00	273.75	LISP;0.751
275.75	277.25	LISP;0.697
287.00	290.25	LISP;0.931
299.75	303.75	LISP;0.829
314.75	316.50	LISP;0.790
339.50	342.00	LISP;0.892
350.75	354.75	LISP;0.843
379.00	379.25	LISP;0.504
439.00	440.50	MOCH;0.730
283.25	284.50	SNBU;0.738
489.25	490.00	SNBU;0.603
194.25	196.25	VATH;0.913
35.00	35.75	WCSP;0.628
160.25	162.50	WCSP;0.868
170.75	173.00	WCSP;0.897
202.75	204.50	WCSP;0.722
218.00	219.50	WCSP;0.682
227.75	229.50	WCSP;0.693
246.50	248.50	WCSP;0.803
264.75	267.00	WCSP;0.788
518.75	521.00	WCSP;0.838
532.00	534.00	WCSP;0.808
313.25	314.25	WIWR;0.661
325.25	326.50	WIWR;0.680
52.50	53.00	WTSP;0.568
239.00	241.00	WTSP;0.763
253.75	255.00	WTSP;0.615
360.00	363.00	WTSP;0.933
376.25	378.50	WTSP;0.835
391.00	393.00	WTSP;0.875
446.00	447.50	WTSP;0.643
469.50	471.75	WTSP;0.926
501.50	504.00	WTSP;0.856
591.75	593.50	WTSP;0.692
82.75	83.75	WWCR;0.675
