20.00	24.75	AMRO;0.972
25.00	29.25	AMRO;0.978
30.25	33.50	AMRO;0.932
34.50	41.50	AMRO;0.969
41.75	42.00	AMRO;0.734
44.00	52.00	AMRO;0.986
52.25	52.50	AMRO;0.702
54.00	58.75	AMRO;0.988
62.00	64.50	AMRO;0.912
67.75	72.00	AMRO;0.859
75.00	76.25	AMRO;0.779
79.50	81.00	AMRO;0.869
92.75	93.75	AMRO;0.792
103.00	105.50	AMRO;0.936
111.50	112.50	AMRO;0.802
142.00	143.00	ATSP;0.566
8.75	9.75	FOSP;0.600
72.75	74.50	FOSP;0.808
74.75	75.00	FOSP;0.513
89.75	91.00	FOSP;0.700
98.50	101.00	FOSP;0.857
118.25	120.25	FOSP;0.793
141.75	142.75	FOSP;0.710
153.75	154.50	FOSP;0.608
175.25	176.50	FOSP;0.626
184.25	186.50	FOSP;0.699
196.00	198.00	FOSP;0.780
206.00	207.00	FOSP;0.700
219.00	219.75	FOSP;0.577
229.00	231.00	FOSP;0.784
7.50	7.75	GCSP;0.546
38.00	39.00	LISP;0.620
287.50	289.25	MOCH;0.819
15.25	15.50	ROWR;0.539
9.00	9.75	SNBU;0.669
33.00	33.25	SNBU;0.511
218.50	219.00	SNBU;0.623
291.50	292.50	SNBU;0.600
93.00	94.00	SOSA;0.607
156.75	157.00	SOSP;0.528
1.25	6.50	WCSP;0.962
11.50	15.25	WCSP;0.967
22.75	25.00	WCSP;0.938
34.00	37.75	WCSP;0.961
42.25	45.50	WCSP;0.941
51.00	55.75	WCSP;0.966
63.50	66.75	WCSP;0.958
75.75	79.50	WCSP;0.944
85.00	88.25	WCSP;0.969
95.25	98.75	WCSP;0.958
105.00	108.75	WCSP;0.972
112.50	118.50	WCSP;0.990
119.25	120.25	WCSP;0.749
123.50	127.00	WCSP;0.970
129.50	132.00	WCSP;0.987
134.00	137.50	WCSP;0.969
143.00	145.25	WCSP;0.907
150.50	154.25	WCSP;0.979
160.25	164.00	WCSP;0.976
169.25	172.50	WCSP;0.958
179.25	183.00	WCSP;0.964
187.50	191.00	WCSP;0.944
195.25	197.00	WCSP;0.968
198.75	203.50	WCSP;0.987
211.25	216.00	WCSP;0.973
224.50	227.50	WCSP;0.939
231.25	235.00	WCSP;0.954
240.50	243.50	WCSP;0.969
249.50	253.25	WCSP;0.971
279.00	280.25	WCSP;0.791
283.75	284.25	WCSP;0.722
6.00	8.00	WTSP;0.886
16.50	19.75	WTSP;0.983
29.00	30.50	WTSP;0.824
57.25	60.75	WTSP;0.980
68.50	72.75	WTSP;0.980
81.50	85.25	WTSP;0.954
101.50	103.50	WTSP;0.919
108.50	112.00	WTSP;0.978
113.50	114.00	WTSP;0.704
123.00	123.50	WTSP;0.744
127.25	130.00	WTSP;0.903
137.25	139.50	WTSP;0.957
154.50	159.00	WTSP;0.938
165.00	168.25	WTSP;0.974
172.50	174.50	WTSP;0.913
183.00	184.25	WTSP;0.804
192.00	195.50	WTSP;0.989
204.00	206.00	WTSP;0.969
208.25	211.50	WTSP;0.987
216.50	217.50	WTSP;0.802
222.00	225.25	WTSP;0.986
227.50	229.00	WTSP;0.923
236.75	241.00	WTSP;0.942
245.50	248.50	WTSP;0.960
255.25	259.50	WTSP;0.961
261.00	266.25	WTSP;0.985
267.00	270.75	WTSP;0.967
277.25	284.00	WTSP;0.989
289.25	290.00	WTSP;0.727
