307.75	310.25	AMRO;0.908
133.50	134.25	BCCH;0.575
278.00	280.00	BCCH;0.698
296.50	298.50	BCCH;0.757
304.50	306.25	BCCH;0.651
315.50	317.50	BCCH;0.661
317.75	318.00	BCCH;0.502
450.25	451.50	BCCH;0.601
469.00	470.75	BCCH;0.679
490.00	490.50	BCCH;0.550
499.50	500.75	BCCH;0.662
544.50	544.75	BCCH;0.502
567.00	567.25	BCCH;0.515
571.00	572.25	BCCH;0.565
443.50	444.00	BHCO;0.543
204.00	204.25	BLJA;0.509
93.00	94.75	CHSP;0.742
112.00	113.00	CHSP;0.581
243.75	244.25	CHSP;0.541
301.00	301.75	CHSP;0.567
211.00	212.25	HETH;0.681
237.75	239.50	HETH;0.733
248.50	249.75	HETH;0.676
260.00	260.75	HETH;0.633
275.75	277.50	HETH;0.809
282.50	282.75	HETH;0.514
283.00	283.25	HETH;0.506
286.00	287.75	HETH;0.729
306.00	306.50	HETH;0.612
306.75	307.00	HETH;0.553
325.00	325.25	HETH;0.508
339.00	340.00	HETH;0.583
343.00	344.50	HETH;0.658
359.50	362.00	HETH;0.927
364.75	367.00	HETH;0.936
372.00	373.00	HETH;0.701
376.25	377.50	HETH;0.622
384.25	386.00	HETH;0.793
393.50	395.50	HETH;0.800
397.75	398.50	HETH;0.585
400.25	402.50	HETH;0.940
404.75	406.25	HETH;0.805
411.75	412.50	HETH;0.632
419.25	421.00	HETH;0.756
432.00	433.00	HETH;0.691
433.25	433.50	HETH;0.518
435.00	437.00	HETH;0.833
439.00	440.00	HETH;0.661
447.75	448.75	HETH;0.704
451.00	456.00	HETH;0.939
459.00	459.25	HETH;0.544
466.00	468.50	HETH;0.937
473.25	475.50	HETH;0.971
478.00	480.00	HETH;0.901
480.25	480.50	HETH;0.552
481.50	483.25	HETH;0.828
490.50	492.25	HETH;0.744
494.75	497.00	HETH;0.940
507.00	509.00	HETH;0.860
517.00	517.50	HETH;0.546
517.75	518.00	HETH;0.526
534.50	536.50	HETH;0.784
541.75	542.50	HETH;0.598
545.75	547.00	HETH;0.681
549.25	551.50	HETH;0.931
553.50	555.50	HETH;0.841
562.50	565.00	HETH;0.823
568.00	569.00	HETH;0.575
572.00	574.25	HETH;0.857
588.00	589.50	HETH;0.721
237.00	237.25	MOCH;0.511
254.50	256.00	MOCH;0.670
274.50	276.00	MOCH;0.740
312.50	313.50	MOCH;0.556
371.00	371.50	MOCH;0.578
415.25	417.00	MOCH;0.737
446.25	447.50	MOCH;0.650
465.25	466.50	MOCH;0.610
510.00	511.50	MOCH;0.738
540.50	541.50	MOCH;0.581
272.00	272.75	RUBL;0.624
340.00	340.50	RUBL;0.518
425.25	426.75	SNBU;0.727
523.25	525.00	SPSA;0.785
129.25	131.50	WCSP;0.855
265.00	266.00	WWCR;0.636
