7.00	7.25	AMRO;0.509
7.50	8.00	AMRO;0.532
11.00	11.75	AMRO;0.604
15.25	20.00	AMRO;0.755
65.00	67.25	AMRO;0.940
73.25	75.25	AMRO;0.781
75.75	78.50	AMRO;0.819
82.00	87.00	AMRO;0.956
91.50	94.00	AMRO;0.894
97.50	100.00	AMRO;0.806
116.75	120.50	AMRO;0.915
124.50	126.25	AMRO;0.744
131.50	132.00	AMRO;0.544
142.50	145.25	AMRO;0.886
155.25	155.50	AMRO;0.523
160.75	161.50	AMRO;0.545
170.00	172.00	AMRO;0.871
32.00	32.75	BAOR;0.659
183.25	184.25	CHSW;0.609
78.75	81.00	FOSP;0.737
89.50	90.75	FOSP;0.609
91.00	91.25	FOSP;0.524
102.25	103.50	FOSP;0.595
113.00	115.25	FOSP;0.849
136.00	138.00	FOSP;0.857
147.50	150.25	FOSP;0.862
161.75	163.00	FOSP;0.753
173.75	175.00	FOSP;0.680
186.00	188.00	FOSP;0.791
198.75	200.50	FOSP;0.740
211.50	214.00	FOSP;0.908
173.00	173.25	GCSP;0.504
59.75	60.00	MOCH;0.520
175.00	176.50	MOCH;0.697
180.50	182.00	MOCH;0.750
222.00	222.50	MOCH;0.564
289.00	289.75	MOCH;0.526
163.50	164.00	SOSP;0.502
259.25	261.00	SWSP;0.733
296.00	298.50	VATH;0.839
0.50	2.50	WCSP;0.652
12.00	14.50	WCSP;0.862
25.00	25.25	WCSP;0.546
26.75	28.50	WCSP;0.782
36.25	38.50	WCSP;0.906
46.50	49.00	WCSP;0.855
59.75	63.75	WCSP;0.801
87.75	89.75	WCSP;0.863
91.75	93.25	WCSP;0.703
94.00	96.00	WCSP;0.762
100.00	102.50	WCSP;0.943
105.00	107.50	WCSP;0.847
116.00	118.25	WCSP;0.831
127.25	130.00	WCSP;0.854
141.50	144.00	WCSP;0.812
153.00	155.00	WCSP;0.795
176.25	178.00	WCSP;0.757
204.50	205.50	WCSP;0.573
225.25	225.75	WCSP;0.585
234.75	237.50	WCSP;0.881
244.00	245.25	WCSP;0.768
254.25	257.00	WCSP;0.903
264.75	267.50	WCSP;0.868
275.75	278.50	WCSP;0.863
289.75	292.25	WCSP;0.923
108.50	111.00	WIWA;0.912
182.00	182.25	WIWA;0.523
182.50	183.00	WIWA;0.562
193.00	195.50	WIWA;0.927
240.00	241.75	WIWA;0.671
249.50	250.50	WIWA;0.634
273.00	274.50	WIWA;0.620
11.50	12.00	WTSP;0.744
24.00	24.75	WTSP;0.791
25.75	26.75	WTSP;0.722
33.50	34.00	WTSP;0.727
43.00	45.25	WTSP;0.874
49.00	50.75	WTSP;0.810
58.00	59.25	WTSP;0.874
75.25	77.75	WTSP;0.840
93.75	94.00	WTSP;0.714
109.75	110.50	WTSP;0.761
115.00	116.50	WTSP;0.765
121.50	124.50	WTSP;0.955
138.50	142.00	WTSP;0.958
145.50	147.25	WTSP;0.889
164.50	167.00	WTSP;0.867
171.50	173.00	WTSP;0.926
179.25	180.50	WTSP;0.822
189.50	193.00	WTSP;0.967
201.00	204.50	WTSP;0.976
208.50	211.25	WTSP;0.971
219.00	222.00	WTSP;0.904
225.50	230.00	WTSP;0.983
245.00	249.00	WTSP;0.943
259.25	265.50	WTSP;0.985
293.50	294.50	WTSP;0.799
9.50	11.25	YRWA;0.766
19.50	21.25	YRWA;0.667
132.75	135.00	YRWA;0.801
