32.00	34.50	AMRO;0.771
103.75	105.25	AMRO;0.747
116.00	119.50	AMRO;0.878
125.50	126.25	AMRO;0.722
130.00	132.00	AMRO;0.933
144.75	146.00	AMRO;0.786
151.75	152.75	AMRO;0.773
162.50	163.50	AMRO;0.792
171.00	173.50	AMRO;0.874
178.50	180.75	AMRO;0.866
189.00	192.00	AMRO;0.927
194.50	198.00	AMRO;0.970
202.25	204.50	AMRO;0.866
206.00	209.00	AMRO;0.886
213.00	221.50	AMRO;0.962
228.00	229.75	AMRO;0.819
230.75	234.00	AMRO;0.926
235.50	238.00	AMRO;0.929
239.50	239.75	AMRO;0.709
240.75	241.00	AMRO;0.694
242.00	243.50	AMRO;0.731
244.50	247.75	AMRO;0.964
250.00	252.50	AMRO;0.887
256.50	257.00	AMRO;0.722
259.00	264.00	AMRO;0.981
268.50	271.25	AMRO;0.915
271.50	274.50	AMRO;0.945
281.50	282.75	AMRO;0.819
290.50	296.50	AMRO;0.983
297.00	316.00	AMRO;0.975
318.00	321.00	AMRO;0.972
322.50	324.50	AMRO;0.922
327.75	338.50	AMRO;0.983
340.50	343.00	AMRO;0.936
346.00	349.00	AMRO;0.956
350.00	352.50	AMRO;0.877
353.00	358.00	AMRO;0.983
364.00	365.50	AMRO;0.785
367.25	369.00	AMRO;0.876
370.00	373.50	AMRO;0.949
376.25	379.25	AMRO;0.956
381.50	383.75	AMRO;0.864
387.75	389.00	AMRO;0.789
391.00	393.50	AMRO;0.912
414.25	416.50	AMRO;0.881
418.50	421.25	AMRO;0.942
435.50	438.75	AMRO;0.915
452.00	454.50	AMRO;0.919
474.25	477.00	AMRO;0.908
483.50	488.25	AMRO;0.940
512.25	514.00	AMRO;0.759
518.25	521.00	AMRO;0.951
524.50	524.75	AMRO;0.715
525.00	525.25	AMRO;0.732
526.00	527.25	AMRO;0.796
537.75	540.75	AMRO;0.922
544.50	547.00	AMRO;0.889
551.00	553.50	AMRO;0.922
559.00	561.50	AMRO;0.876
585.00	588.50	AMRO;0.928
62.00	62.50	BFAL;0.553
101.00	102.75	CHSP;0.893
178.50	182.50	CHSP;0.968
194.50	197.25	CHSP;0.984
248.25	250.75	CHSP;0.928
280.50	280.75	CHSP;0.698
304.00	307.00	CHSP;0.933
311.50	315.00	CHSP;0.979
322.50	326.75	CHSP;0.976
376.75	379.00	CHSP;0.974
436.50	437.75	CHSP;0.845
449.00	452.00	CHSP;0.957
460.50	463.50	CHSP;0.983
472.25	476.25	CHSP;0.979
485.75	489.00	CHSP;0.977
496.25	499.00	CHSP;0.977
550.25	555.50	CHSP;0.982
573.75	576.50	CHSP;0.981
10.75	12.75	FOSP;0.757
24.50	26.00	FOSP;0.753
83.25	83.50	FOSP;0.521
83.75	84.00	FOSP;0.555
98.50	98.75	FOSP;0.519
114.50	115.75	FOSP;0.679
156.75	157.75	FOSP;0.632
165.50	166.75	FOSP;0.733
221.50	222.50	FOSP;0.738
374.25	376.00	FOSP;0.830
572.75	573.00	FOSP;0.517
573.25	573.50	FOSP;0.520
588.00	589.75	FOSP;0.831
274.50	275.50	GRCA;0.668
367.00	368.00	GRCA;0.585
456.00	457.50	GRCA;0.802
494.00	494.50	GRCA;0.547
517.00	517.25	GRCA;0.516
571.00	571.25	GRCA;0.517
595.25	596.50	GRCA;0.685
116.75	118.50	LISP;0.867
163.75	165.25	LISP;0.784
174.00	176.00	LISP;0.890
212.00	213.50	LISP;0.805
232.25	234.00	LISP;0.753
278.00	278.75	LISP;0.563
296.75	297.25	LISP;0.532
387.75	389.00	LISP;0.701
421.75	423.00	LISP;0.677
507.00	510.50	LISP;0.892
538.75	540.00	LISP;0.673
549.00	551.00	LISP;0.898
560.25	562.50	LISP;0.943
406.75	407.00	MOCH;0.522
47.00	48.25	PAWR;0.725
51.50	52.25	PAWR;0.566
327.25	328.50	RBGR;0.703
442.00	442.50	RBGR;0.515
261.25	261.75	RUGR;0.517
262.75	263.25	RUGR;0.531
580.75	581.75	RUGR;0.785
504.25	505.75	SOSA;0.740
6.50	7.50	SWSP;0.605
81.50	82.50	SWSP;0.528
283.75	286.25	SWSP;0.928
446.25	447.50	SWSP;0.714
535.00	536.25	SWSP;0.684
542.50	544.00	SWSP;0.756
558.50	559.75	SWSP;0.694
566.75	569.50	SWSP;0.848
252.50	253.25	VATH;0.670
262.75	263.75	VATH;0.724
344.00	346.00	VATH;0.950
541.50	543.00	VATH;0.766
7.00	10.25	WCSP;0.975
15.50	18.50	WCSP;0.952
21.50	24.25	WCSP;0.961
28.25	29.50	WCSP;0.818
35.75	38.75	WCSP;0.910
44.75	47.50	WCSP;0.942
52.75	55.75	WCSP;0.950
64.50	67.00	WCSP;0.970
72.00	74.00	WCSP;0.904
79.50	79.75	WCSP;0.709
80.00	80.25	WCSP;0.705
89.00	90.25	WCSP;0.800
97.00	99.25	WCSP;0.892
104.00	106.00	WCSP;0.870
112.50	115.50	WCSP;0.977
119.50	122.00	WCSP;0.922
126.75	129.50	WCSP;0.930
134.75	136.50	WCSP;0.880
142.50	144.50	WCSP;0.930
151.75	155.00	WCSP;0.985
159.00	161.75	WCSP;0.975
167.25	170.00	WCSP;0.962
176.00	179.00	WCSP;0.971
185.00	188.00	WCSP;0.967
192.50	195.00	WCSP;0.977
204.00	206.50	WCSP;0.946
218.25	219.25	WCSP;0.753
227.00	229.25	WCSP;0.868
242.50	245.25	WCSP;0.924
256.25	260.75	WCSP;0.970
266.00	268.75	WCSP;0.941
274.00	276.50	WCSP;0.929
317.75	318.00	WCSP;0.718
400.50	403.50	WCSP;0.963
0.00	1.50	WIWA;0.768
4.50	7.25	WIWA;0.952
17.75	18.00	WIWA;0.720
18.25	18.50	WIWA;0.698
29.75	31.50	WIWA;0.745
41.25	44.50	WIWA;0.976
66.50	66.75	WIWA;0.704
67.00	67.75	WIWA;0.718
74.50	74.75	WIWA;0.714
75.00	78.50	WIWA;0.982
89.25	90.50	WIWA;0.851
99.50	101.25	WIWA;0.871
109.00	113.25	WIWA;0.983
128.50	129.50	WIWA;0.767
132.50	135.00	WIWA;0.933
136.75	143.00	WIWA;0.981
143.25	146.25	WIWA;0.893
148.25	151.25	WIWA;0.968
154.25	159.50	WIWA;0.968
161.00	163.75	WIWA;0.943
166.00	168.00	WIWA;0.861
169.50	171.00	WIWA;0.747
189.50	192.25	WIWA;0.955
197.00	199.25	WIWA;0.875
213.50	215.75	WIWA;0.940
238.00	241.50	WIWA;0.977
250.50	253.00	WIWA;0.957
290.00	293.25	WIWA;0.966
300.50	303.25	WIWA;0.981
307.75	312.50	WIWA;0.981
314.75	317.00	WIWA;0.962
320.00	323.00	WIWA;0.969
334.50	337.50	WIWA;0.970
338.50	343.00	WIWA;0.972
348.00	353.25	WIWA;0.980
356.50	359.75	WIWA;0.945
360.75	363.75	WIWA;0.980
370.25	375.25	WIWA;0.957
381.50	386.00	WIWA;0.936
390.50	393.75	WIWA;0.963
395.50	400.75	WIWA;0.982
406.00	409.50	WIWA;0.974
412.75	418.00	WIWA;0.972
422.75	427.75	WIWA;0.981
434.50	437.00	WIWA;0.928
439.00	439.25	WIWA;0.695
444.00	448.25	WIWA;0.953
452.75	456.50	WIWA;0.960
463.00	465.75	WIWA;0.975
476.00	477.75	WIWA;0.813
479.50	482.25	WIWA;0.934
483.25	486.25	WIWA;0.980
493.00	496.25	WIWA;0.977
501.25	504.00	WIWA;0.930
509.50	514.25	WIWA;0.977
518.75	522.00	WIWA;0.975
544.00	546.50	WIWA;0.917
555.75	558.50	WIWA;0.977
564.25	567.25	WIWA;0.981
572.00	574.25	WIWA;0.929
581.50	587.00	WIWA;0.985
594.25	597.50	WIWA;0.982
569.25	569.50	WOTH;0.511
1.50	5.75	WTSP;0.993
10.00	10.25	WTSP;0.698
10.50	10.75	WTSP;0.696
18.50	22.50	WTSP;0.996
29.00	35.00	WTSP;0.985
38.50	45.75	WTSP;0.989
52.25	52.50	WTSP;0.694
61.75	65.50	WTSP;0.972
67.50	75.75	WTSP;0.992
79.00	82.75	WTSP;0.966
85.75	89.00	WTSP;0.985
92.50	98.00	WTSP;0.982
105.50	109.75	WTSP;0.993
121.75	127.50	WTSP;0.981
134.50	139.25	WTSP;0.980
145.75	149.50	WTSP;0.992
170.00	173.50	WTSP;0.970
183.50	185.50	WTSP;0.884
199.50	200.50	WTSP;0.744
208.50	211.50	WTSP;0.967
219.50	221.00	WTSP;0.921
225.00	227.50	WTSP;0.984
227.75	228.00	WTSP;0.712
235.00	237.00	WTSP;0.931
246.00	250.00	WTSP;0.978
270.50	273.75	WTSP;0.961
393.50	397.00	WTSP;0.994
403.00	406.25	WTSP;0.990
410.00	414.00	WTSP;0.981
419.50	422.00	WTSP;0.979
427.00	431.50	WTSP;0.991
437.50	441.75	WTSP;0.976
447.25	451.50	WTSP;0.989
457.50	461.50	WTSP;0.985
467.50	472.50	WTSP;0.986
477.75	481.25	WTSP;0.987
488.25	491.75	WTSP;0.991
498.50	502.50	WTSP;0.985
513.75	518.00	WTSP;0.987
532.50	537.25	WTSP;0.989
546.75	549.25	WTSP;0.983
576.00	580.00	WTSP;0.986
590.00	594.25	WTSP;0.988
524.75	525.00	YRWA;0.550
525.25	525.50	YRWA;0.532
