443.75	444.00	AMAV;0.505
1.25	5.00	AMRO;0.977
6.50	8.50	AMRO;0.920
11.75	17.75	AMRO;0.981
19.75	22.25	AMRO;0.879
23.00	29.50	AMRO;0.985
31.50	35.00	AMRO;0.982
37.75	45.25	AMRO;0.983
48.50	48.75	AMRO;0.693
52.00	55.00	AMRO;0.955
56.50	60.00	AMRO;0.892
61.00	63.75	AMRO;0.979
65.50	68.75	AMRO;0.981
71.75	74.75	AMRO;0.985
78.00	80.75	AMRO;0.969
83.75	86.25	AMRO;0.931
89.50	92.25	AMRO;0.968
94.50	101.50	AMRO;0.987
104.75	107.75	AMRO;0.900
108.50	112.75	AMRO;0.977
113.25	120.00	AMRO;0.955
122.25	126.50	AMRO;0.976
128.50	132.00	AMRO;0.968
134.00	136.75	AMRO;0.936
138.25	138.50	AMRO;0.696
139.00	142.75	AMRO;0.972
143.50	147.00	AMRO;0.980
147.75	155.00	AMRO;0.979
156.50	160.00	AMRO;0.990
161.25	164.75	AMRO;0.976
166.00	168.50	AMRO;0.903
170.25	174.00	AMRO;0.917
175.50	187.00	AMRO;0.976
189.25	192.50	AMRO;0.975
193.50	195.50	AMRO;0.803
199.25	202.25	AMRO;0.959
203.50	204.75	AMRO;0.769
205.00	208.00	AMRO;0.970
211.00	212.25	AMRO;0.749
214.75	217.25	AMRO;0.862
221.50	232.00	AMRO;0.951
233.50	240.75	AMRO;0.991
242.75	247.50	AMRO;0.983
248.00	252.25	AMRO;0.968
254.00	257.50	AMRO;0.990
258.75	262.00	AMRO;0.909
265.50	267.50	AMRO;0.805
270.00	272.00	AMRO;0.902
275.00	278.50	AMRO;0.935
278.75	279.00	AMRO;0.713
279.25	279.50	AMRO;0.712
295.00	297.50	AMRO;0.916
305.75	306.50	AMRO;0.769
310.00	311.75	AMRO;0.865
336.00	337.50	AMRO;0.823
421.50	423.00	AMRO;0.814
424.00	425.00	AMRO;0.730
428.75	440.25	AMRO;0.985
449.50	453.00	AMRO;0.985
454.75	457.00	AMRO;0.848
458.25	465.00	AMRO;0.974
467.00	470.25	AMRO;0.947
471.00	473.00	AMRO;0.849
474.00	479.25	AMRO;0.936
480.00	483.50	AMRO;0.983
489.00	492.00	AMRO;0.941
494.50	497.50	AMRO;0.983
499.75	502.00	AMRO;0.921
507.50	510.50	AMRO;0.928
516.25	519.50	AMRO;0.966
531.25	534.00	AMRO;0.938
536.00	538.00	AMRO;0.888
538.75	540.75	AMRO;0.837
542.25	549.25	AMRO;0.926
549.50	555.00	AMRO;0.961
556.00	565.75	AMRO;0.963
567.50	570.00	AMRO;0.909
571.50	574.50	AMRO;0.972
576.50	579.50	AMRO;0.911
582.00	591.75	AMRO;0.979
592.25	595.50	AMRO;0.972
597.75	600.00	AMRO;0.956
83.50	83.75	BAOR;0.550
354.75	356.00	BCCH;0.680
371.00	372.50	BCCH;0.671
194.50	195.50	BRSP;0.604
15.75	19.25	CHSP;0.846
26.00	29.50	CHSP;0.943
33.75	36.50	CHSP;0.900
47.75	49.25	CHSP;0.727
49.75	50.00	CHSP;0.704
57.50	61.75	CHSP;0.886
68.50	72.00	CHSP;0.933
94.00	95.25	CHSP;0.723
102.50	105.75	CHSP;0.910
112.50	115.50	CHSP;0.820
153.00	157.00	CHSP;0.945
168.50	171.00	CHSP;0.922
191.75	194.50	CHSP;0.928
205.25	210.00	CHSP;0.952
219.00	220.50	CHSP;0.793
231.00	234.50	CHSP;0.964
259.25	263.00	CHSP;0.951
290.50	294.50	CHSP;0.974
306.50	310.50	CHSP;0.982
331.00	335.00	CHSP;0.977
351.25	354.75	CHSP;0.967
374.75	381.50	CHSP;0.961
384.00	388.50	CHSP;0.971
399.00	404.00	CHSP;0.973
419.50	424.50	CHSP;0.957
442.00	446.25	CHSP;0.978
452.00	456.25	CHSP;0.978
462.00	462.25	CHSP;0.731
463.00	465.75	CHSP;0.815
466.00	466.25	CHSP;0.701
472.00	476.50	CHSP;0.985
482.00	486.25	CHSP;0.975
491.50	495.50	CHSP;0.974
501.50	504.00	CHSP;0.970
513.00	516.50	CHSP;0.955
523.00	524.50	CHSP;0.790
536.75	540.50	CHSP;0.971
552.75	557.00	CHSP;0.879
565.00	568.00	CHSP;0.916
575.00	578.00	CHSP;0.900
581.00	581.25	CHSP;0.695
379.00	379.75	DEJU;0.629
416.75	418.50	DEJU;0.796
524.25	524.50	GRCA;0.554
524.75	525.00	GRCA;0.547
531.25	531.50	GRCA;0.511
358.25	360.50	HETH;0.944
364.75	366.25	HETH;0.792
368.00	369.00	HETH;0.654
21.75	23.00	LISP;0.711
36.00	37.50	LISP;0.825
63.00	64.50	LISP;0.756
91.50	93.50	LISP;0.859
106.50	108.50	LISP;0.807
120.00	123.25	LISP;0.916
136.25	138.50	LISP;0.879
151.00	152.75	LISP;0.778
165.50	167.25	LISP;0.686
182.75	183.50	LISP;0.600
195.75	197.25	LISP;0.718
211.00	211.75	LISP;0.539
226.00	227.50	LISP;0.698
241.50	243.25	LISP;0.747
257.25	259.25	LISP;0.855
273.25	273.75	LISP;0.593
289.50	291.00	LISP;0.699
303.25	305.75	LISP;0.835
318.50	321.25	LISP;0.866
335.25	336.00	LISP;0.558
350.50	352.50	LISP;0.743
366.00	368.00	LISP;0.802
382.00	384.00	LISP;0.906
397.75	399.00	LISP;0.714
426.00	427.00	LISP;0.608
441.25	442.00	LISP;0.595
512.75	514.00	LISP;0.675
529.00	530.50	LISP;0.794
544.00	545.50	LISP;0.663
591.50	593.50	LISP;0.796
374.75	375.75	MOCH;0.568
401.25	401.50	MOCH;0.510
524.75	525.50	NOPA;0.590
263.00	265.50	PISI;0.939
269.00	270.75	PISI;0.832
279.50	285.00	PISI;0.792
286.25	287.00	PISI;0.539
306.00	306.75	PISI;0.644
504.00	513.25	PISI;0.945
519.00	519.25	PISI;0.526
519.50	521.50	PISI;0.737
372.00	372.50	PROW;0.565
210.50	210.75	PUFI;0.540
477.00	477.50	REVI;0.533
478.25	480.50	REVI;0.697
570.00	570.75	REVI;0.579
350.00	351.00	ROWR;0.619
381.25	382.50	ROWR;0.602
396.50	398.50	ROWR;0.774
412.00	413.00	ROWR;0.596
281.25	282.00	RUGR;0.579
465.00	466.50	SATH;0.682
492.50	493.25	SATH;0.527
198.00	199.00	SOSA;0.668
227.50	228.25	TOSO;0.685
579.00	579.75	TOSO;0.601
487.00	487.50	WATA;0.575
139.25	140.25	WCSP;0.646
160.00	162.00	WCSP;0.837
171.75	172.00	WCSP;0.515
202.00	204.75	WCSP;0.876
213.50	216.00	WCSP;0.849
272.25	273.25	WCSP;0.664
186.50	190.00	WTSP;0.933
240.00	241.00	WTSP;0.565
274.00	274.50	WTSP;0.556
288.25	288.75	WTSP;0.535
314.00	316.50	WTSP;0.870
328.50	330.50	WTSP;0.880
341.50	346.00	WTSP;0.939
361.50	364.25	WTSP;0.866
373.50	375.00	WTSP;0.751
386.25	390.00	WTSP;0.848
399.50	401.50	WTSP;0.798
446.50	450.25	WTSP;0.917
533.50	536.50	WTSP;0.952
566.00	567.50	WTSP;0.724
54.50	56.00	YRWA;0.664
100.00	101.50	YRWA;0.631
