43.00	44.50	AMRO;0.650
74.25	77.00	AMRO;0.927
105.50	107.50	AMRO;0.786
140.75	141.75	AMRO;0.675
150.50	152.50	AMRO;0.761
156.50	158.50	AMRO;0.802
164.50	165.50	AMRO;0.639
202.00	204.25	AMRO;0.709
207.50	208.00	AMRO;0.567
218.00	220.50	AMRO;0.892
257.50	260.50	AMRO;0.949
268.00	270.25	AMRO;0.736
274.50	275.50	AMRO;0.596
275.75	276.00	AMRO;0.504
281.00	282.50	AMRO;0.708
80.25	80.50	AMWO;0.521
276.50	277.00	BAOR;0.629
58.25	59.25	BRSP;0.606
52.00	53.00	CHSP;0.568
13.50	16.00	FOSP;0.813
23.00	23.75	FOSP;0.543
49.00	50.00	FOSP;0.553
65.50	67.75	FOSP;0.883
82.50	84.50	FOSP;0.718
102.00	103.50	FOSP;0.581
118.75	120.75	FOSP;0.686
135.00	137.50	FOSP;0.762
149.25	150.25	FOSP;0.535
154.75	155.75	FOSP;0.538
171.75	173.50	FOSP;0.677
186.50	189.00	FOSP;0.833
204.75	206.50	FOSP;0.755
210.00	210.75	FOSP;0.609
242.00	244.00	FOSP;0.808
261.25	261.50	FOSP;0.506
296.50	299.00	FOSP;0.832
104.00	105.00	LASP;0.683
41.75	44.00	LISP;0.869
131.50	132.00	LISP;0.533
142.50	144.00	LISP;0.869
166.25	168.50	LISP;0.889
179.00	180.50	LISP;0.706
235.75	236.25	LISP;0.513
248.75	250.25	LISP;0.771
274.75	275.00	LISP;0.505
102.50	102.75	OROR;0.535
119.50	119.75	OROR;0.518
28.00	29.00	PISI;0.757
34.75	38.75	PISI;0.948
106.75	108.50	PISI;0.793
110.25	115.50	PISI;0.953
189.50	191.00	PISI;0.792
194.00	202.50	PISI;0.966
229.25	231.75	PISI;0.842
244.50	246.25	PISI;0.888
234.75	236.00	ROWR;0.670
216.00	217.25	RUGR;0.729
236.00	236.25	RUGR;0.505
73.50	74.25	SNBU;0.617
2.00	6.00	WCSP;0.976
8.50	12.50	WCSP;0.967
16.50	20.50	WCSP;0.983
23.50	27.50	WCSP;0.970
31.75	35.00	WCSP;0.968
38.50	42.00	WCSP;0.968
46.50	49.50	WCSP;0.962
53.50	57.25	WCSP;0.947
60.75	64.50	WCSP;0.974
68.00	72.00	WCSP;0.972
76.00	79.50	WCSP;0.953
84.50	88.50	WCSP;0.975
91.50	95.50	WCSP;0.973
98.50	102.00	WCSP;0.971
108.25	110.50	WCSP;0.942
115.75	118.75	WCSP;0.949
123.75	127.00	WCSP;0.957
133.25	135.00	WCSP;0.830
138.75	142.00	WCSP;0.960
146.00	149.25	WCSP;0.981
153.00	155.50	WCSP;0.890
159.50	162.25	WCSP;0.934
168.00	172.50	WCSP;0.994
175.50	179.25	WCSP;0.970
183.00	186.50	WCSP;0.984
191.00	194.25	WCSP;0.948
212.75	215.50	WCSP;0.990
225.25	228.25	WCSP;0.964
231.50	235.00	WCSP;0.954
237.75	241.50	WCSP;0.985
246.00	249.25	WCSP;0.948
253.50	257.50	WCSP;0.975
262.25	266.25	WCSP;0.966
270.75	274.25	WCSP;0.982
277.50	281.25	WCSP;0.972
285.50	289.25	WCSP;0.985
292.00	296.00	WCSP;0.977
299.00	299.25	WCSP;0.724
5.75	8.75	WTSP;0.833
32.00	32.25	WTSP;0.504
91.75	92.00	WTSP;0.504
162.00	164.25	WTSP;0.881
198.50	200.25	WTSP;0.850
219.50	222.00	WTSP;0.694
