2.50	2.75	AMRO;0.502
3.00	3.25	AMRO;0.514
5.25	5.50	AMRO;0.540
10.50	12.00	AMRO;0.628
20.00	20.75	AMRO;0.548
27.00	31.25	AMRO;0.944
32.50	34.50	AMRO;0.819
35.50	38.50	AMRO;0.844
43.50	45.50	AMRO;0.797
54.25	54.50	AMRO;0.532
56.00	59.00	AMRO;0.937
60.00	60.75	AMRO;0.585
64.00	65.25	AMRO;0.637
68.00	70.00	AMRO;0.841
76.00	78.00	AMRO;0.834
83.25	86.25	AMRO;0.913
119.00	121.00	AMRO;0.619
141.25	143.50	AMRO;0.881
149.00	150.75	AMRO;0.722
181.00	183.00	AMRO;0.630
194.00	197.00	AMRO;0.964
198.25	200.00	AMRO;0.909
202.25	204.50	AMRO;0.894
206.75	208.00	AMRO;0.693
210.00	211.75	AMRO;0.670
214.00	216.50	AMRO;0.828
220.00	222.00	AMRO;0.786
225.25	226.00	AMRO;0.555
229.75	231.25	AMRO;0.781
254.00	255.00	AMRO;0.586
256.75	260.75	AMRO;0.832
265.00	265.50	AMRO;0.600
268.75	271.00	AMRO;0.882
272.50	274.75	AMRO;0.801
278.25	279.25	AMRO;0.608
283.00	283.75	AMRO;0.630
316.50	317.00	AMRO;0.544
320.50	321.50	AMRO;0.625
330.00	331.50	AMRO;0.687
343.00	344.50	AMRO;0.644
354.00	355.25	AMRO;0.840
360.50	362.75	AMRO;0.810
368.00	368.75	AMRO;0.524
382.00	384.75	AMRO;0.801
388.00	389.00	AMRO;0.568
395.75	397.75	AMRO;0.767
452.25	453.00	AMRO;0.549
475.75	476.50	AMRO;0.519
477.50	479.00	AMRO;0.704
481.50	484.00	AMRO;0.874
486.50	488.50	AMRO;0.725
555.00	556.50	AMRO;0.782
562.50	565.00	AMRO;0.941
567.50	569.50	AMRO;0.829
587.00	590.00	AMRO;0.804
596.75	597.25	AMRO;0.595
114.00	115.00	CCSP;0.580
536.75	537.75	CCSP;0.554
546.00	547.25	CCSP;0.760
2.50	6.50	CHSP;0.978
6.75	15.00	CHSP;0.985
16.50	21.00	CHSP;0.979
26.00	32.50	CHSP;0.980
33.50	65.50	CHSP;0.983
67.75	77.50	CHSP;0.993
77.75	78.00	CHSP;0.700
80.00	83.50	CHSP;0.981
85.50	96.75	CHSP;0.988
97.25	101.00	CHSP;0.981
102.25	104.75	CHSP;0.955
105.50	110.00	CHSP;0.968
111.00	119.00	CHSP;0.981
120.50	128.00	CHSP;0.988
130.75	137.25	CHSP;0.991
140.75	146.25	CHSP;0.980
150.50	156.00	CHSP;0.984
161.00	166.50	CHSP;0.984
169.25	177.00	CHSP;0.975
179.25	180.50	CHSP;0.764
186.00	189.25	CHSP;0.982
194.50	199.00	CHSP;0.976
202.25	207.50	CHSP;0.979
213.75	216.00	CHSP;0.973
223.50	227.25	CHSP;0.975
229.00	231.75	CHSP;0.939
235.50	239.50	CHSP;0.969
245.00	249.00	CHSP;0.978
254.50	258.75	CHSP;0.975
260.50	262.00	CHSP;0.799
263.75	267.50	CHSP;0.977
268.75	273.75	CHSP;0.973
274.00	274.25	CHSP;0.710
274.50	277.00	CHSP;0.912
278.25	283.50	CHSP;0.978
285.25	292.25	CHSP;0.975
294.75	301.50	CHSP;0.990
306.00	311.00	CHSP;0.978
313.75	319.25	CHSP;0.975
321.50	328.50	CHSP;0.988
331.75	337.50	CHSP;0.986
341.50	345.50	CHSP;0.979
347.00	348.50	CHSP;0.833
349.50	355.25	CHSP;0.983
356.75	360.75	CHSP;0.963
362.75	371.75	CHSP;0.984
373.75	380.50	CHSP;0.983
382.25	387.50	CHSP;0.978
389.00	396.25	CHSP;0.979
399.75	404.75	CHSP;0.978
406.00	413.50	CHSP;0.988
415.50	422.50	CHSP;0.985
425.50	431.25	CHSP;0.982
436.00	440.25	CHSP;0.975
443.00	449.00	CHSP;0.991
452.25	458.50	CHSP;0.971
460.50	465.50	CHSP;0.974
469.00	471.75	CHSP;0.961
478.75	483.25	CHSP;0.978
490.50	494.50	CHSP;0.976
496.50	505.25	CHSP;0.984
507.75	521.50	CHSP;0.980
525.50	532.00	CHSP;0.972
532.50	537.25	CHSP;0.979
537.50	541.50	CHSP;0.971
542.00	546.50	CHSP;0.976
547.00	550.50	CHSP;0.967
553.75	559.50	CHSP;0.981
564.25	572.50	CHSP;0.980
573.50	586.25	CHSP;0.983
588.50	595.00	CHSP;0.982
158.50	159.50	DOWO;0.606
247.25	249.00	FOSP;0.747
261.50	263.25	FOSP;0.666
275.50	277.00	FOSP;0.764
374.75	375.00	GRCA;0.514
375.25	375.50	GRCA;0.529
494.25	495.50	GWTE;0.719
580.50	581.25	GWTE;0.578
40.50	40.75	HASP;0.509
490.50	492.00	HASP;0.730
334.25	334.50	HETH;0.513
238.25	239.00	MOBL;0.563
432.00	432.75	MOCH;0.593
470.25	471.50	MOCH;0.639
349.00	349.50	PISI;0.550
360.50	363.00	PISI;0.718
521.00	526.25	PISI;0.979
526.50	528.75	PISI;0.774
531.50	532.50	PISI;0.678
493.00	493.50	RBGU;0.532
104.00	104.75	SATH;0.595
166.25	166.75	SWSP;0.502
243.50	244.25	SWSP;0.616
328.25	329.00	SWSP;0.613
435.00	435.50	SWSP;0.546
467.00	467.25	SWSP;0.515
12.25	12.75	VATH;0.510
24.00	25.25	VATH;0.704
78.75	80.00	VATH;0.748
93.25	96.00	VATH;0.816
108.25	110.00	VATH;0.664
183.25	185.75	VATH;0.959
14.50	16.50	WIWA;0.920
21.50	24.00	WIWA;0.974
32.00	34.00	WIWA;0.909
83.25	85.25	WIWA;0.868
100.75	102.50	WIWA;0.918
109.50	111.75	WIWA;0.948
118.50	120.75	WIWA;0.936
127.50	130.00	WIWA;0.931
136.75	139.25	WIWA;0.960
145.75	148.50	WIWA;0.919
155.50	157.75	WIWA;0.963
166.50	168.25	WIWA;0.848
176.50	179.25	WIWA;0.944
189.00	191.00	WIWA;0.975
200.00	203.00	WIWA;0.893
211.75	214.00	WIWA;0.902
221.25	224.00	WIWA;0.962
231.50	233.00	WIWA;0.847
243.25	245.00	WIWA;0.833
252.00	254.75	WIWA;0.990
262.50	264.25	WIWA;0.853
283.50	285.75	WIWA;0.934
292.00	294.75	WIWA;0.968
301.00	303.25	WIWA;0.950
310.50	312.50	WIWA;0.929
319.00	322.00	WIWA;0.960
328.50	330.50	WIWA;0.905
336.75	339.25	WIWA;0.960
345.00	347.25	WIWA;0.951
355.00	357.00	WIWA;0.945
387.00	389.50	WIWA;0.966
397.75	400.00	WIWA;0.872
422.50	425.75	WIWA;0.982
432.25	435.00	WIWA;0.966
441.00	443.50	WIWA;0.876
449.00	452.00	WIWA;0.983
458.25	460.50	WIWA;0.964
466.75	469.50	WIWA;0.934
474.75	478.00	WIWA;0.969
234.00	237.50	WTSP;0.903
239.50	242.00	WTSP;0.938
405.00	405.25	WTSP;0.555
451.25	452.25	WTSP;0.627
471.25	474.50	WTSP;0.963
504.75	508.00	WTSP;0.958
521.50	522.50	WTSP;0.605
552.25	554.00	WTSP;0.840
576.75	577.75	WTSP;0.648
