135.25	135.75	BCCH;0.540
180.75	181.25	BCCH;0.569
239.75	240.25	BCCH;0.545
89.25	90.00	BRSP;0.577
215.00	215.50	FISP;0.585
263.25	264.50	FISP;0.626
277.00	277.75	FISP;0.709
62.00	64.75	HETH;0.974
67.25	72.25	HETH;0.965
75.00	78.00	HETH;0.985
82.50	88.50	HETH;0.983
90.00	91.00	HETH;0.748
91.25	97.75	HETH;0.981
98.75	105.50	HETH;0.992
106.50	108.50	HETH;0.893
111.50	118.00	HETH;0.984
119.50	122.50	HETH;0.991
124.00	126.50	HETH;0.942
128.00	130.50	HETH;0.923
131.50	134.50	HETH;0.984
136.00	138.00	HETH;0.942
139.75	143.00	HETH;0.987
144.00	147.00	HETH;0.981
148.00	150.75	HETH;0.968
152.00	154.50	HETH;0.960
156.00	163.50	HETH;0.980
163.75	167.00	HETH;0.984
168.50	170.75	HETH;0.947
172.75	179.25	HETH;0.985
181.00	184.00	HETH;0.970
185.50	188.75	HETH;0.992
194.00	197.00	HETH;0.982
198.75	201.00	HETH;0.978
202.25	204.50	HETH;0.940
206.00	209.75	HETH;0.982
211.25	213.25	HETH;0.919
215.50	218.00	HETH;0.980
218.25	221.75	HETH;0.984
223.00	225.75	HETH;0.982
226.50	230.00	HETH;0.985
230.75	233.50	HETH;0.984
235.50	238.00	HETH;0.970
240.25	242.50	HETH;0.929
245.00	250.00	HETH;0.975
251.75	254.25	HETH;0.960
256.50	259.50	HETH;0.985
261.00	263.00	HETH;0.948
263.25	263.50	HETH;0.695
266.00	269.00	HETH;0.991
270.00	273.25	HETH;0.980
278.00	280.25	HETH;0.877
280.50	284.25	HETH;0.981
285.50	287.25	HETH;0.869
293.50	296.50	HETH;0.946
296.75	299.50	HETH;0.967
35.50	37.50	MOCH;0.881
238.25	239.00	MOCH;0.580
239.25	239.50	MOCH;0.559
255.00	256.00	MOCH;0.617
39.50	40.75	SWSP;0.569
212.00	214.50	WIWA;0.923
293.25	294.00	WIWA;0.546
66.75	67.00	WTSP;0.589
200.50	201.50	WTSP;0.670
214.50	215.25	WTSP;0.568
237.50	238.00	WTSP;0.530
262.25	263.25	WTSP;0.663
