4.50	6.50	AMRO;0.771
12.00	12.75	AMRO;0.608
35.50	38.00	AMRO;0.943
40.25	41.50	AMRO;0.748
57.50	58.75	AMRO;0.571
77.00	79.00	AMRO;0.809
84.50	86.50	AMRO;0.671
90.00	92.75	AMRO;0.804
109.00	109.75	AMRO;0.620
112.00	113.50	AMRO;0.855
122.50	123.75	AMRO;0.768
125.50	127.25	AMRO;0.796
134.00	135.25	AMRO;0.783
136.00	138.50	AMRO;0.910
154.50	157.00	AMRO;0.975
167.75	170.25	AMRO;0.900
173.00	174.50	AMRO;0.637
176.50	178.50	AMRO;0.779
181.50	184.00	AMRO;0.894
192.50	195.00	AMRO;0.897
198.25	199.00	AMRO;0.609
216.00	218.50	AMRO;0.952
228.50	231.25	AMRO;0.881
243.25	246.50	AMRO;0.968
252.75	253.75	AMRO;0.670
256.00	258.50	AMRO;0.760
261.75	264.25	AMRO;0.895
273.50	276.00	AMRO;0.892
280.00	280.25	AMRO;0.506
280.50	280.75	AMRO;0.545
45.50	47.50	CHSP;0.788
88.25	89.50	CHSP;0.698
10.75	11.50	EABL;0.557
209.75	211.25	FISP;0.757
0.50	4.50	FOSP;0.890
10.00	11.00	FOSP;0.605
14.00	16.50	FOSP;0.928
23.25	25.75	FOSP;0.919
28.75	30.50	FOSP;0.850
33.50	35.75	FOSP;0.829
39.75	41.00	FOSP;0.651
42.00	44.75	FOSP;0.876
50.00	52.50	FOSP;0.927
53.00	54.75	FOSP;0.771
64.50	64.75	FOSP;0.504
74.25	75.50	FOSP;0.614
84.25	85.50	FOSP;0.740
94.50	95.75	FOSP;0.711
104.00	106.75	FOSP;0.912
116.25	118.50	FOSP;0.885
127.25	128.75	FOSP;0.718
139.00	139.25	FOSP;0.538
151.25	153.00	FOSP;0.731
248.00	250.00	FOSP;0.766
259.75	261.75	FOSP;0.743
272.75	273.25	FOSP;0.580
287.75	288.00	FOSP;0.505
218.00	219.25	MOCH;0.521
284.50	285.00	MOCH;0.564
290.50	292.50	MOCH;0.769
60.25	60.75	OVEN;0.555
147.75	148.25	RBGR;0.590
47.00	48.50	REVI;0.686
288.00	288.75	SNBU;0.641
198.00	198.25	TOSO;0.511
237.50	237.75	TOSO;0.522
67.50	71.00	WCSP;0.948
78.75	81.25	WCSP;0.840
92.00	95.00	WCSP;0.918
100.25	103.25	WCSP;0.871
120.50	124.00	WCSP;0.864
128.50	132.25	WCSP;0.893
139.50	140.75	WCSP;0.641
148.50	151.25	WCSP;0.944
158.25	161.50	WCSP;0.866
169.75	172.50	WCSP;0.941
180.00	182.50	WCSP;0.885
189.50	192.50	WCSP;0.908
202.25	205.00	WCSP;0.910
212.00	215.25	WCSP;0.918
220.50	224.00	WCSP;0.950
230.00	233.00	WCSP;0.925
241.00	244.00	WCSP;0.894
255.00	257.75	WCSP;0.839
264.50	268.00	WCSP;0.913
279.25	281.50	WCSP;0.890
293.25	295.50	WCSP;0.766
55.25	57.75	WTSP;0.846
71.50	71.75	WTSP;0.508
78.25	79.00	WTSP;0.539
124.25	126.50	WTSP;0.909
186.50	189.25	WTSP;0.822
200.50	202.25	WTSP;0.759
211.00	212.00	WTSP;0.640
