87.00	88.50	AMRO;0.593
162.50	162.75	AMRO;0.533
20.00	21.25	FOSP;0.658
56.00	56.25	FOSP;0.521
251.50	252.25	MOCH;0.562
95.50	97.50	SOSP;0.793
148.25	148.75	SOSP;0.605
4.00	8.00	SPGR;0.878
260.00	262.25	WATA;0.889
0.00	3.50	WCSP;0.892
8.00	12.00	WCSP;0.962
15.50	19.25	WCSP;0.983
21.25	23.00	WCSP;0.860
25.75	29.50	WCSP;0.979
32.75	33.00	WCSP;0.710
33.50	35.50	WCSP;0.925
40.00	41.50	WCSP;0.905
43.25	47.75	WCSP;0.992
50.00	55.00	WCSP;0.989
56.50	61.50	WCSP;0.996
64.00	83.50	WCSP;0.988
83.75	84.50	WCSP;0.751
89.00	94.50	WCSP;0.986
99.25	101.75	WCSP;0.887
103.00	106.50	WCSP;0.977
107.00	114.25	WCSP;0.988
116.25	121.50	WCSP;0.994
123.00	129.25	WCSP;0.989
132.75	138.00	WCSP;0.984
140.75	148.50	WCSP;0.983
150.50	155.00	WCSP;0.987
159.25	163.00	WCSP;0.973
166.50	170.00	WCSP;0.975
174.00	177.50	WCSP;0.966
182.00	185.75	WCSP;0.973
191.00	194.50	WCSP;0.936
198.50	202.00	WCSP;0.972
203.50	205.75	WCSP;0.897
208.75	212.75	WCSP;0.970
217.00	220.75	WCSP;0.982
226.75	230.25	WCSP;0.969
235.00	238.50	WCSP;0.933
245.50	249.50	WCSP;0.971
255.00	259.00	WCSP;0.962
264.50	268.00	WCSP;0.976
274.00	281.75	WCSP;0.987
282.00	286.00	WCSP;0.977
295.00	298.25	WCSP;0.948
83.25	85.50	WRSA;0.773
87.50	89.50	WTSP;0.881
101.00	102.75	WTSP;0.884
115.00	116.75	WTSP;0.781
129.25	133.00	WTSP;0.899
144.75	145.50	WTSP;0.723
171.00	174.00	WTSP;0.909
212.50	216.50	WTSP;0.956
230.50	232.25	WTSP;0.820
233.00	235.00	WTSP;0.647
240.75	243.50	WTSP;0.918
249.25	251.25	WTSP;0.884
262.00	264.75	WTSP;0.880
268.75	269.75	WTSP;0.590
280.75	282.75	WTSP;0.924
292.00	294.00	WTSP;0.842
