36.25	36.50	AMRO;0.540
36.75	37.00	AMRO;0.501
46.00	46.50	AMRO;0.506
53.25	54.75	AMRO;0.788
64.50	66.50	AMRO;0.748
90.75	92.25	AMRO;0.708
135.75	136.50	AMRO;0.590
6.00	6.25	BHCO;0.503
74.00	76.25	CHSP;0.713
124.75	126.00	CHSP;0.567
136.00	137.25	CHSP;0.649
145.25	146.50	CHSP;0.596
190.50	192.25	CHSP;0.615
231.00	232.50	CHSP;0.683
251.50	252.25	CHSP;0.595
66.00	66.50	DEJU;0.522
66.75	67.00	DEJU;0.515
88.25	88.50	DEJU;0.532
177.50	180.25	DEJU;0.820
192.25	194.25	DEJU;0.699
218.50	220.50	DEJU;0.838
231.00	233.50	DEJU;0.667
238.50	241.25	DEJU;0.849
251.50	254.00	DEJU;0.690
262.00	265.00	DEJU;0.862
283.50	284.75	DEJU;0.626
291.50	294.50	DEJU;0.805
299.00	300.00	EAME;0.696
262.00	262.75	EATO;0.576
16.75	17.25	FOSP;0.589
24.50	25.00	FOSP;0.579
30.50	31.75	FOSP;0.589
32.75	35.00	FOSP;0.815
41.00	45.00	FOSP;0.830
56.00	59.00	FOSP;0.953
67.75	71.50	FOSP;0.807
83.00	86.00	FOSP;0.925
88.50	89.25	FOSP;0.537
97.25	99.25	FOSP;0.864
105.00	106.75	FOSP;0.832
114.00	116.00	FOSP;0.729
133.00	135.00	FOSP;0.791
166.50	168.75	FOSP;0.832
171.00	171.50	FOSP;0.520
183.00	185.50	FOSP;0.887
194.75	196.50	FOSP;0.775
198.50	200.75	FOSP;0.786
247.75	249.25	FOSP;0.702
271.75	273.75	FOSP;0.646
14.00	16.50	GCSP;0.980
154.50	155.50	GCSP;0.607
157.50	158.25	GRCA;0.542
255.25	256.25	GRCA;0.570
276.75	277.00	GRCA;0.509
298.25	299.25	GRCA;0.558
120.00	120.50	GWTE;0.551
130.25	131.00	GWTE;0.539
124.75	126.50	MOCH;0.726
177.00	178.50	MOCH;0.680
210.00	211.00	MOCH;0.620
17.00	18.00	SBIG;0.560
55.25	56.50	SNBU;0.789
123.00	124.00	SNBU;0.767
204.00	204.75	SOSA;0.641
45.25	45.50	VESP;0.549
165.00	165.75	VESP;0.613
78.75	79.50	WCSP;0.538
103.00	104.50	WCSP;0.678
128.00	130.50	WCSP;0.870
148.00	150.75	WCSP;0.934
157.75	160.25	WCSP;0.847
181.00	182.75	WCSP;0.905
226.00	228.75	WCSP;0.642
241.50	242.50	WCSP;0.752
269.25	270.75	WCSP;0.632
273.25	273.50	WCSP;0.517
282.50	282.75	WCSP;0.505
287.75	288.50	WCSP;0.594
1.00	4.00	WIWA;0.921
10.50	14.00	WIWA;0.947
20.50	23.50	WIWA;0.958
30.50	32.50	WIWA;0.772
59.75	61.50	WIWA;0.768
76.75	78.50	WIWA;0.684
25.25	28.00	WTSP;0.936
37.00	40.50	WTSP;0.976
49.00	52.75	WTSP;0.988
61.00	64.50	WTSP;0.986
71.75	72.00	WTSP;0.695
72.25	72.75	WTSP;0.769
80.00	83.00	WTSP;0.988
90.00	92.75	WTSP;0.957
101.00	103.50	WTSP;0.966
143.00	146.75	WTSP;0.985
153.50	155.25	WTSP;0.853
175.25	177.50	WTSP;0.900
186.00	190.00	WTSP;0.984
196.75	198.75	WTSP;0.920
206.75	210.00	WTSP;0.967
233.50	234.75	WTSP;0.802
243.00	246.00	WTSP;0.967
254.00	257.75	WTSP;0.981
266.00	269.25	WTSP;0.970
276.00	279.50	WTSP;0.982
286.25	287.50	WTSP;0.841
295.00	295.25	WTSP;0.695
295.50	299.00	WTSP;0.971
