54.00	55.00	ATSP;0.672
471.25	472.75	BCCH;0.783
487.25	488.75	BCCH;0.708
587.25	589.00	BCCH;0.805
429.50	430.75	BLJA;0.827
441.50	442.50	BRSP;0.635
17.00	17.50	FISP;0.614
36.50	37.50	FISP;0.577
210.00	211.25	FISP;0.678
219.75	221.25	FISP;0.700
228.00	229.25	FISP;0.643
289.75	291.00	FISP;0.704
308.50	309.00	FISP;0.520
309.25	309.50	FISP;0.528
412.00	413.50	FISP;0.729
454.50	454.75	FISP;0.520
478.50	478.75	FISP;0.507
479.00	480.00	FISP;0.617
492.75	494.25	FISP;0.760
592.25	594.50	FISP;0.787
521.75	522.75	FOSP;0.704
532.00	532.75	FOSP;0.580
65.25	67.75	HETH;0.823
68.00	68.25	HETH;0.526
68.50	68.75	HETH;0.561
84.00	86.00	HETH;0.963
140.25	141.00	HETH;0.617
143.50	145.00	HETH;0.790
159.00	160.00	HETH;0.717
169.00	170.00	HETH;0.681
355.75	357.25	HETH;0.808
402.00	402.75	HETH;0.573
422.00	423.50	HETH;0.751
444.25	446.00	HETH;0.816
462.00	463.25	HETH;0.716
476.75	478.00	HETH;0.714
482.75	485.00	HETH;0.748
490.00	491.75	HETH;0.794
502.00	504.00	HETH;0.848
514.25	515.00	HETH;0.679
515.25	515.50	HETH;0.525
116.00	116.50	MOCH;0.543
151.50	151.75	MOCH;0.542
320.25	321.50	MOCH;0.612
321.75	322.00	MOCH;0.539
453.50	454.00	MOCH;0.545
473.00	473.50	MOCH;0.546
481.25	482.75	MOCH;0.723
485.50	487.50	MOCH;0.692
489.25	490.00	MOCH;0.634
555.25	555.50	OROR;0.546
555.75	556.00	OROR;0.513
3.00	6.00	PISI;0.879
7.00	11.50	PISI;0.825
409.50	411.00	RUBL;0.680
575.00	576.00	SNBU;0.644
6.00	6.25	WCSP;0.698
6.50	6.75	WCSP;0.696
50.00	50.50	WCSP;0.756
74.25	74.75	WCSP;0.727
81.00	81.50	WCSP;0.705
86.25	89.50	WCSP;0.935
91.50	94.50	WCSP;0.919
96.00	98.25	WCSP;0.905
108.00	110.00	WCSP;0.826
124.00	126.00	WCSP;0.912
141.75	142.75	WCSP;0.765
153.00	154.50	WCSP;0.829
162.50	165.00	WCSP;0.871
174.00	176.00	WCSP;0.913
183.00	185.75	WCSP;0.953
193.00	195.25	WCSP;0.914
224.25	226.50	WCSP;0.875
230.50	233.75	WCSP;0.973
237.50	240.75	WCSP;0.934
244.50	247.75	WCSP;0.941
250.75	254.00	WCSP;0.982
257.00	260.50	WCSP;0.959
263.25	267.00	WCSP;0.963
271.00	274.25	WCSP;0.934
278.50	282.00	WCSP;0.965
285.50	289.50	WCSP;0.976
293.00	296.50	WCSP;0.953
302.50	306.00	WCSP;0.949
316.75	319.25	WCSP;0.914
330.50	330.75	WCSP;0.706
336.00	339.00	WCSP;0.943
343.50	346.00	WCSP;0.954
352.00	355.50	WCSP;0.966
357.50	358.50	WCSP;0.768
359.50	362.50	WCSP;0.918
366.50	372.00	WCSP;0.940
376.50	380.25	WCSP;0.961
384.00	387.50	WCSP;0.978
394.50	398.50	WCSP;0.977
405.00	408.50	WCSP;0.968
415.00	418.50	WCSP;0.952
424.00	427.25	WCSP;0.965
431.75	435.00	WCSP;0.961
439.50	442.25	WCSP;0.983
447.25	447.50	WCSP;0.699
448.00	452.00	WCSP;0.969
458.50	461.50	WCSP;0.955
464.00	469.50	WCSP;0.964
498.50	501.50	WCSP;0.936
509.25	511.75	WCSP;0.942
145.25	146.00	WTSP;0.595
213.75	214.50	WTSP;0.567
277.50	278.50	WTSP;0.660
