6.00	12.50	AMRO;0.968
14.00	16.50	AMRO;0.959
19.25	23.00	AMRO;0.981
25.00	26.75	AMRO;0.843
30.00	31.50	AMRO;0.826
33.00	34.25	AMRO;0.806
36.00	38.75	AMRO;0.912
47.50	50.50	AMRO;0.977
52.00	55.00	AMRO;0.947
56.50	60.00	AMRO;0.988
62.75	64.00	AMRO;0.795
68.00	70.00	AMRO;0.883
72.00	74.75	AMRO;0.962
78.25	80.50	AMRO;0.930
83.25	85.50	AMRO;0.923
88.00	90.50	AMRO;0.960
98.25	106.00	AMRO;0.977
108.75	111.00	AMRO;0.972
112.50	119.50	AMRO;0.978
123.00	123.75	AMRO;0.731
124.25	124.50	AMRO;0.697
128.75	132.50	AMRO;0.978
135.25	138.00	AMRO;0.976
141.50	143.00	AMRO;0.807
146.50	148.50	AMRO;0.919
151.50	154.00	AMRO;0.900
156.00	156.75	AMRO;0.758
157.00	157.75	AMRO;0.723
162.00	162.75	AMRO;0.745
164.75	171.50	AMRO;0.951
179.50	181.00	AMRO;0.841
191.50	191.75	AMRO;0.700
192.00	192.25	AMRO;0.732
192.50	192.75	AMRO;0.702
193.00	193.25	AMRO;0.720
193.50	193.75	AMRO;0.708
194.00	196.75	AMRO;0.934
199.50	202.25	AMRO;0.964
205.50	210.75	AMRO;0.919
211.50	215.50	AMRO;0.968
219.00	221.25	AMRO;0.886
222.50	225.25	AMRO;0.958
236.75	238.75	AMRO;0.827
241.00	242.75	AMRO;0.783
243.00	247.00	AMRO;0.981
253.50	256.50	AMRO;0.966
259.00	261.50	AMRO;0.971
265.50	266.75	AMRO;0.772
270.00	276.25	AMRO;0.991
277.50	280.50	AMRO;0.956
282.50	291.25	AMRO;0.988
294.00	296.50	AMRO;0.928
299.00	300.00	AMRO;0.731
49.25	49.50	BRSP;0.521
135.50	136.25	BRSP;0.661
4.00	7.50	CHSP;0.921
13.50	15.75	CHSP;0.820
21.75	25.50	CHSP;0.892
32.50	34.50	CHSP;0.773
40.25	43.00	CHSP;0.687
50.00	51.75	CHSP;0.768
96.75	98.50	CHSP;0.685
104.25	106.50	CHSP;0.715
125.50	126.50	CHSP;0.534
184.50	186.00	CHSP;0.669
195.00	196.00	CHSP;0.555
230.00	230.75	CHSP;0.516
261.00	264.50	CHSP;0.766
86.75	87.00	DEJU;0.518
17.50	19.50	FOSP;0.775
45.00	47.00	FOSP;0.777
50.75	51.50	FOSP;0.523
54.00	54.75	FOSP;0.563
55.00	55.25	FOSP;0.563
60.00	61.75	FOSP;0.770
66.00	67.00	FOSP;0.667
75.00	77.00	FOSP;0.808
90.00	92.25	FOSP;0.842
107.00	107.75	FOSP;0.582
108.00	108.25	FOSP;0.554
108.50	108.75	FOSP;0.548
111.25	112.50	FOSP;0.646
139.00	141.00	FOSP;0.809
158.25	159.75	FOSP;0.596
172.25	173.25	FOSP;0.626
186.50	187.25	FOSP;0.573
188.75	191.00	FOSP;0.796
210.00	210.50	FOSP;0.528
215.00	215.50	FOSP;0.528
227.00	228.50	FOSP;0.697
246.50	248.25	FOSP;0.736
251.00	252.75	FOSP;0.780
257.50	259.50	FOSP;0.755
263.50	264.25	FOSP;0.578
268.00	270.50	FOSP;0.870
281.00	281.25	FOSP;0.535
297.00	298.50	FOSP;0.639
16.00	17.00	LISP;0.725
28.75	29.25	LISP;0.596
120.50	122.75	LISP;0.851
149.00	151.25	LISP;0.832
204.25	205.50	LISP;0.686
218.75	220.75	LISP;0.687
233.50	235.50	LISP;0.839
290.25	291.50	LISP;0.563
204.00	204.25	OCWA;0.508
0.00	2.00	PISI;0.836
138.25	139.50	PISI;0.769
142.25	147.50	PISI;0.978
150.50	152.25	PISI;0.869
156.50	173.50	PISI;0.984
175.00	185.50	PISI;0.981
232.75	234.50	PISI;0.932
235.50	240.75	PISI;0.985
285.50	286.00	PISI;0.719
291.25	294.00	PISI;0.970
93.75	94.00	PUFI;0.541
262.50	263.00	PUFI;0.550
55.50	55.75	SNBU;0.505
25.75	26.50	TOSO;0.579
38.75	39.00	TOSO;0.541
43.00	43.50	TOSO;0.528
68.50	68.75	TOSO;0.504
69.00	69.25	TOSO;0.502
128.00	129.25	TOSO;0.770
228.75	230.25	TOSO;0.746
282.00	282.75	TOSO;0.706
154.00	156.50	WTSP;0.884
