29.25	29.50	AMGP;0.523
24.00	25.00	AMRO;0.591
234.00	234.25	AMRO;0.508
185.00	186.25	CHSP;0.612
258.00	258.75	CHSP;0.584
263.75	266.50	CHSP;0.893
272.00	272.25	CHSP;0.535
181.75	182.50	FISP;0.614
207.00	208.25	FISP;0.585
7.75	9.75	FOSP;0.676
25.50	27.50	FOSP;0.777
38.50	40.25	FOSP;0.778
87.75	88.50	FOSP;0.579
109.50	111.00	FOSP;0.705
124.75	126.25	FOSP;0.705
139.00	141.00	FOSP;0.772
153.50	156.25	FOSP;0.835
172.50	174.25	FOSP;0.665
248.00	248.50	FOSP;0.516
257.00	257.25	LARB;0.507
0.50	3.00	LISP;0.762
15.00	16.50	LISP;0.748
16.75	17.00	LISP;0.502
32.00	33.50	LISP;0.701
46.00	47.75	LISP;0.686
62.00	63.25	LISP;0.623
76.00	76.25	LISP;0.564
76.50	77.25	LISP;0.556
90.00	92.50	LISP;0.892
104.75	106.75	LISP;0.787
120.00	122.50	LISP;0.930
136.00	137.00	LISP;0.585
150.00	152.50	LISP;0.896
164.00	167.00	LISP;0.895
180.00	181.00	LISP;0.686
210.25	211.00	LISP;0.612
224.00	226.50	LISP;0.964
238.50	241.25	LISP;0.964
254.00	255.50	LISP;0.741
269.00	270.00	LISP;0.511
283.00	285.00	LISP;0.800
298.00	300.00	LISP;0.693
54.00	54.75	MOCH;0.626
111.75	114.25	MOCH;0.864
169.75	171.25	MOCH;0.707
176.50	178.25	MOCH;0.670
273.75	275.00	MOCH;0.757
173.75	174.50	OROR;0.562
194.50	195.25	OROR;0.619
209.50	210.50	ROWR;0.690
18.25	18.75	RUBL;0.558
109.00	109.50	SNBU;0.523
195.75	196.50	SNBU;0.695
279.25	279.50	VATH;0.542
60.00	60.50	WATA;0.645
199.00	199.25	WATA;0.507
250.50	250.75	WCSP;0.521
251.00	252.00	WCSP;0.603
2.75	6.00	WTSP;0.980
10.75	12.25	WTSP;0.776
19.00	22.00	WTSP;0.945
34.00	38.00	WTSP;0.983
44.00	46.00	WTSP;0.804
48.50	53.25	WTSP;0.976
63.75	65.00	WTSP;0.767
69.25	71.25	WTSP;0.892
73.50	76.00	WTSP;0.970
81.50	86.25	WTSP;0.975
114.00	117.50	WTSP;0.974
128.50	130.50	WTSP;0.895
141.50	143.00	WTSP;0.879
157.00	163.00	WTSP;0.937
169.00	169.75	WTSP;0.731
181.75	183.00	WTSP;0.739
205.00	208.00	WTSP;0.882
214.25	218.50	WTSP;0.960
221.75	224.00	WTSP;0.876
226.75	228.00	WTSP;0.840
232.25	235.50	WTSP;0.866
243.50	246.00	WTSP;0.954
270.50	274.00	WTSP;0.929
293.00	296.75	WTSP;0.930
