15.75	17.75	AMRO;0.844
52.00	55.50	AMRO;0.935
63.00	67.75	AMRO;0.782
80.50	82.50	AMRO;0.860
85.75	88.25	AMRO;0.863
97.50	99.50	AMRO;0.771
103.50	105.25	AMRO;0.872
175.00	175.75	AMRO;0.585
179.50	182.00	AMRO;0.871
202.00	205.50	AMRO;0.831
250.50	252.00	AMRO;0.821
264.00	267.25	AMRO;0.953
272.50	275.50	AMRO;0.931
289.00	291.50	AMRO;0.909
333.25	335.50	AMRO;0.951
348.25	350.00	AMRO;0.766
360.00	360.75	AMRO;0.621
374.00	374.50	AMRO;0.543
374.75	375.00	AMRO;0.518
432.50	435.00	AMRO;0.899
589.00	589.25	AMRO;0.510
589.50	590.25	AMRO;0.569
376.00	376.25	BEWR;0.563
120.00	120.75	BRSP;0.632
138.75	139.50	BRSP;0.676
173.00	173.75	BRSP;0.606
214.50	215.75	BRSP;0.741
260.50	262.00	BRSP;0.730
337.50	339.00	BRSP;0.785
404.25	404.75	BRSP;0.509
490.25	490.50	BRSP;0.507
523.00	523.50	BRSP;0.510
1.50	2.75	CHSP;0.532
5.00	6.50	CHSP;0.613
25.00	26.00	CHSP;0.616
35.75	37.50	CHSP;0.706
48.00	50.00	CHSP;0.662
61.50	62.25	CHSP;0.596
80.75	81.50	CHSP;0.589
95.75	96.75	CHSP;0.583
148.00	148.50	CHSP;0.538
164.00	165.50	CHSP;0.618
206.25	208.00	CHSP;0.700
232.00	232.25	CHSP;0.512
296.50	297.25	CHSP;0.623
338.50	339.75	CHSP;0.633
378.50	381.50	CHSP;0.856
386.50	392.00	CHSP;0.863
396.25	398.50	CHSP;0.806
411.50	413.25	CHSP;0.661
422.00	424.50	CHSP;0.830
434.50	434.75	CHSP;0.543
435.00	435.50	CHSP;0.588
442.50	444.00	CHSP;0.663
474.00	474.75	CHSP;0.564
482.75	485.00	CHSP;0.662
491.50	491.75	CHSP;0.513
492.00	492.25	CHSP;0.504
492.50	493.50	CHSP;0.580
535.00	535.25	CHSP;0.512
535.50	537.00	CHSP;0.618
598.75	599.50	CHSP;0.646
4.50	4.75	DEJU;0.525
5.00	5.25	DEJU;0.516
5.75	7.50	DEJU;0.579
11.00	12.50	DEJU;0.655
16.00	18.00	DEJU;0.651
23.75	27.25	DEJU;0.602
45.50	47.25	DEJU;0.675
53.25	54.50	DEJU;0.688
60.75	61.50	DEJU;0.626
83.00	83.25	DEJU;0.543
87.50	91.00	DEJU;0.780
97.25	98.00	DEJU;0.512
103.25	104.50	DEJU;0.674
111.00	112.00	DEJU;0.698
112.25	112.50	DEJU;0.502
118.00	120.00	DEJU;0.876
147.00	148.50	DEJU;0.640
149.00	150.00	DEJU;0.560
154.50	157.75	DEJU;0.799
223.00	225.00	DEJU;0.895
231.00	231.75	DEJU;0.531
308.75	311.50	DEJU;0.875
346.50	347.50	DEJU;0.541
404.25	404.50	DEJU;0.512
459.25	461.00	DEJU;0.815
515.50	516.25	DEJU;0.638
522.75	523.00	DEJU;0.508
597.25	598.50	DEJU;0.631
233.00	233.50	FOSP;0.536
301.75	303.00	FOSP;0.662
314.00	314.75	FOSP;0.555
353.50	355.00	FOSP;0.613
355.25	355.50	FOSP;0.506
369.50	371.75	FOSP;0.738
381.50	384.00	FOSP;0.826
399.00	401.50	FOSP;0.776
417.50	420.00	FOSP;0.692
428.50	431.00	FOSP;0.848
443.25	446.00	FOSP;0.838
488.00	488.25	FOSP;0.543
524.25	526.50	FOSP;0.731
88.00	89.50	GWTE;0.676
537.75	540.00	LISP;0.860
455.25	455.50	OCWA;0.562
233.50	234.25	OROR;0.533
369.50	370.00	OROR;0.540
488.25	489.00	OROR;0.560
29.50	44.50	PISI;0.988
57.25	59.00	PISI;0.895
65.00	79.50	PISI;0.989
108.25	111.50	PISI;0.985
222.00	223.00	PISI;0.793
245.75	260.50	PISI;0.983
262.50	269.50	PISI;0.967
271.25	296.50	PISI;0.984
297.25	302.50	PISI;0.988
306.50	309.00	PISI;0.940
311.50	314.25	PISI;0.968
315.50	326.25	PISI;0.983
327.50	333.50	PISI;0.985
360.50	365.50	PISI;0.985
366.50	367.50	PISI;0.744
368.25	370.00	PISI;0.946
371.75	375.25	PISI;0.928
376.50	378.75	PISI;0.962
407.00	409.75	PISI;0.931
413.50	416.50	PISI;0.967
418.00	418.25	PISI;0.699
420.75	421.00	PISI;0.718
439.50	441.25	PISI;0.830
448.50	450.75	PISI;0.805
455.50	455.75	PISI;0.698
456.00	456.75	PISI;0.775
480.00	482.00	PISI;0.894
494.25	509.50	PISI;0.990
514.25	515.25	PISI;0.740
347.50	348.50	RBGR;0.537
384.00	384.25	VESP;0.550
489.50	490.25	VESP;0.587
105.75	108.50	WCSP;0.909
113.25	116.00	WCSP;0.900
120.75	123.50	WCSP;0.893
129.25	132.00	WCSP;0.902
136.75	139.00	WCSP;0.820
144.00	146.50	WCSP;0.866
151.25	154.00	WCSP;0.898
158.75	161.50	WCSP;0.895
166.00	169.00	WCSP;0.868
174.00	176.75	WCSP;0.848
182.00	185.00	WCSP;0.879
190.25	193.00	WCSP;0.933
197.50	200.00	WCSP;0.908
216.00	218.00	WCSP;0.878
227.00	229.00	WCSP;0.753
270.00	271.25	WCSP;0.593
305.50	307.00	WCSP;0.735
326.75	327.50	WCSP;0.587
336.75	337.50	WCSP;0.620
365.75	366.50	WCSP;0.658
389.00	389.75	WCSP;0.616
405.00	407.00	WCSP;0.809
416.00	417.25	WCSP;0.651
424.75	427.00	WCSP;0.929
514.00	514.75	WILL;0.526
309.75	311.00	WTSP;0.639
