0.75	3.75	AMRO;0.881
5.00	8.50	AMRO;0.960
8.75	13.00	AMRO;0.865
13.25	16.00	AMRO;0.752
18.50	20.50	AMRO;0.778
24.50	27.00	AMRO;0.919
32.50	36.75	AMRO;0.891
43.50	44.00	AMRO;0.530
47.00	49.50	AMRO;0.812
146.00	148.00	AMRO;0.737
149.75	152.25	AMRO;0.684
166.50	166.75	AMRO;0.535
167.00	168.50	AMRO;0.641
169.50	170.50	AMRO;0.560
173.50	176.00	AMRO;0.685
183.50	185.50	AMRO;0.617
190.00	190.25	AMRO;0.504
196.00	197.75	AMRO;0.723
202.00	203.25	AMRO;0.682
204.75	206.00	AMRO;0.709
209.00	211.50	AMRO;0.888
214.00	216.75	AMRO;0.779
243.50	244.25	AMRO;0.540
270.75	271.00	AMRO;0.503
271.25	271.50	AMRO;0.536
271.75	272.00	AMRO;0.501
272.25	273.50	AMRO;0.551
92.00	92.25	ATSP;0.551
156.25	159.50	ATSP;0.891
274.75	276.00	ATSP;0.645
6.00	9.50	CHSP;0.951
16.50	18.25	CHSP;0.713
22.50	25.00	CHSP;0.904
126.50	128.75	CHSP;0.785
194.50	197.50	CHSP;0.937
260.00	263.00	CHSP;0.898
272.50	274.25	CHSP;0.744
289.00	291.25	CHSP;0.732
72.50	74.50	FOSP;0.683
92.00	93.00	FOSP;0.578
107.50	109.50	FOSP;0.715
143.50	144.75	FOSP;0.636
163.50	164.75	FOSP;0.719
180.00	180.75	FOSP;0.541
198.00	199.00	FOSP;0.628
187.25	187.50	GWTE;0.507
248.00	249.75	GWTE;0.718
224.25	225.25	MOCH;0.620
135.00	135.50	SAND;0.532
29.00	29.25	SNBU;0.518
90.50	92.00	SNBU;0.732
107.75	108.00	SNBU;0.527
232.00	234.25	SNBU;0.865
251.25	253.00	SNBU;0.872
200.50	201.75	TOSO;0.727
3.00	3.50	WCSP;0.574
40.00	41.00	WCSP;0.642
55.00	56.75	WCSP;0.711
70.50	72.25	WCSP;0.734
78.50	80.50	WCSP;0.775
95.00	96.25	WCSP;0.640
103.00	104.75	WCSP;0.735
137.00	139.00	WCSP;0.699
154.25	155.75	WCSP;0.746
181.75	183.00	WCSP;0.584
268.00	270.50	WCSP;0.844
276.50	279.75	WCSP;0.876
280.50	281.75	WCSP;0.591
285.00	287.75	WCSP;0.927
293.00	295.50	WCSP;0.836
250.00	251.00	WEWA;0.660
