244.00	244.25	BCCH;0.530
263.00	264.00	CHSW;0.576
143.75	145.25	FISP;0.742
215.50	217.50	FOSP;0.764
233.75	236.50	FOSP;0.916
270.50	272.75	FOSP;0.861
293.75	296.50	FOSP;0.867
285.00	285.75	HETH;0.585
57.75	59.25	MOCH;0.678
169.50	170.25	MOCH;0.542
178.00	178.50	MOCH;0.508
153.00	154.75	SPSA;0.654
36.00	38.00	SWSP;0.893
47.25	48.75	SWSP;0.580
59.25	59.50	SWSP;0.512
72.25	73.50	SWSP;0.659
18.50	20.00	VATH;0.720
1.75	3.50	WCSP;0.763
20.75	23.00	WCSP;0.745
31.50	33.00	WCSP;0.698
43.00	43.75	WCSP;0.623
59.50	60.00	WCSP;0.550
69.75	71.00	WCSP;0.710
106.00	107.25	WCSP;0.672
118.50	120.75	WCSP;0.812
128.50	130.50	WCSP;0.798
157.00	158.75	WCSP;0.749
166.25	168.50	WCSP;0.783
179.50	180.50	WCSP;0.641
182.00	183.75	WCSP;0.735
208.25	210.00	WCSP;0.859
298.50	300.00	WCSP;0.778
11.50	14.00	WIWA;0.723
83.00	85.75	WIWA;0.905
101.25	102.50	WIWA;0.708
114.25	117.00	WIWA;0.883
124.50	127.75	WIWA;0.952
134.75	137.75	WIWA;0.939
146.00	149.25	WIWA;0.931
158.50	161.50	WIWA;0.942
170.50	174.00	WIWA;0.945
0.25	2.00	YRWA;0.651
14.50	18.00	YRWA;0.940
26.00	29.00	YRWA;0.914
37.75	40.50	YRWA;0.930
48.75	52.00	YRWA;0.929
60.50	63.00	YRWA;0.929
73.25	76.00	YRWA;0.928
86.75	89.00	YRWA;0.837
98.25	101.00	YRWA;0.865
