151.00	151.75	AMPI;0.607
0.50	2.25	AMRO;0.641
379.00	379.25	AMRO;0.555
379.50	379.75	AMRO;0.578
384.75	388.50	AMRO;0.762
323.25	324.00	BCCH;0.576
418.50	419.50	BRSP;0.586
27.25	28.00	CHSP;0.738
33.00	35.00	CHSP;0.891
41.00	45.25	CHSP;0.978
47.50	51.00	CHSP;0.984
55.50	59.50	CHSP;0.976
62.50	66.75	CHSP;0.978
70.00	70.75	CHSP;0.704
71.00	74.50	CHSP;0.965
77.50	82.50	CHSP;0.979
161.75	163.25	CHSP;0.848
370.25	373.50	CHSP;0.965
381.00	382.50	CHSP;0.793
387.50	389.00	CHSP;0.806
410.00	413.75	CHSP;0.977
426.75	430.00	CHSP;0.964
434.00	437.50	CHSP;0.948
441.75	445.00	CHSP;0.973
449.50	452.75	CHSP;0.978
458.00	461.50	CHSP;0.970
469.25	469.50	CHSP;0.697
474.50	476.75	CHSP;0.942
489.75	492.50	CHSP;0.943
529.25	531.00	CHSP;0.858
536.50	540.25	CHSP;0.983
556.00	559.25	CHSP;0.977
575.00	578.75	CHSP;0.969
591.25	595.25	CHSP;0.981
2.25	2.50	EAME;0.522
465.50	465.75	EVGR;0.515
566.00	567.00	FISP;0.552
17.25	17.75	FOSP;0.535
86.75	89.00	FOSP;0.896
102.25	104.50	FOSP;0.849
114.50	117.25	FOSP;0.881
129.50	132.00	FOSP;0.837
144.00	146.75	FOSP;0.837
159.00	162.25	FOSP;0.817
172.50	175.00	FOSP;0.888
187.50	189.75	FOSP;0.857
229.75	232.00	FOSP;0.923
244.00	244.50	FOSP;0.581
247.75	250.50	FOSP;0.959
271.50	272.50	FOSP;0.579
492.00	493.25	FOSP;0.550
535.00	535.25	FOSP;0.565
86.00	86.25	GCSP;0.503
101.00	102.50	GCSP;0.741
503.00	503.25	HASP;0.505
45.75	46.00	HETH;0.546
527.25	527.50	HETH;0.518
181.75	182.00	MOCH;0.509
278.75	281.00	MOCH;0.870
339.00	339.50	MOCH;0.518
349.25	349.50	MOCH;0.508
454.50	455.75	MOCH;0.759
474.50	474.75	MOCH;0.518
518.00	518.25	MOCH;0.524
583.25	583.50	MOCH;0.506
211.00	211.75	PISI;0.608
220.50	221.00	PISI;0.564
233.75	236.00	PISI;0.828
393.50	395.50	PISI;0.881
396.50	401.50	PISI;0.933
405.00	409.50	PISI;0.932
503.75	506.00	PISI;0.880
597.25	597.50	PISI;0.505
375.00	375.75	RBGR;0.539
270.50	271.00	SAPH;0.582
94.50	95.50	SNBU;0.642
169.75	170.50	SNBU;0.591
226.50	228.00	SNBU;0.651
492.00	492.25	SNBU;0.551
420.00	421.00	SOSP;0.646
61.25	62.50	SWSP;0.747
97.25	99.50	SWSP;0.883
121.00	123.00	SWSP;0.811
136.50	138.00	SWSP;0.682
285.50	287.50	SWSP;0.874
328.25	330.50	SWSP;0.919
376.75	379.00	SWSP;0.841
385.25	387.00	SWSP;0.798
522.50	524.50	SWSP;0.792
551.25	553.50	SWSP;0.973
572.00	573.50	SWSP;0.686
374.00	374.25	TOSO;0.535
460.75	463.00	VATH;0.940
6.75	7.25	VESP;0.581
13.00	14.00	VGSW;0.643
155.50	156.00	WATA;0.631
38.50	41.00	WCSP;0.884
112.25	114.00	WCSP;0.908
192.75	194.25	WCSP;0.689
208.00	210.00	WCSP;0.782
223.50	225.25	WCSP;0.818
262.00	263.50	WCSP;0.754
275.50	278.00	WCSP;0.886
288.75	290.00	WCSP;0.618
300.50	304.00	WCSP;0.890
314.00	315.25	WCSP;0.579
325.00	326.00	WCSP;0.636
335.50	337.75	WCSP;0.881
345.25	347.50	WCSP;0.874
355.00	357.50	WCSP;0.803
367.00	368.00	WCSP;0.624
390.75	393.25	WCSP;0.910
396.50	397.00	WCSP;0.565
431.00	433.00	WCSP;0.780
480.75	481.00	WCSP;0.515
514.00	515.50	WIWA;0.777
9.50	10.50	WTSP;0.775
10.75	11.00	WTSP;0.708
13.75	17.75	WTSP;0.989
22.50	24.00	WTSP;0.819
29.75	32.50	WTSP;0.971
50.25	53.25	WTSP;0.960
68.00	72.50	WTSP;0.990
83.25	86.50	WTSP;0.963
91.75	92.25	WTSP;0.710
98.50	102.00	WTSP;0.961
117.50	121.00	WTSP;0.990
133.00	137.00	WTSP;0.989
147.25	152.25	WTSP;0.980
164.00	168.50	WTSP;0.987
178.50	182.00	WTSP;0.989
197.00	200.75	WTSP;0.986
206.50	208.00	WTSP;0.729
211.50	216.00	WTSP;0.987
236.00	240.25	WTSP;0.988
252.00	257.50	WTSP;0.984
313.00	314.00	WTSP;0.738
362.50	367.50	WTSP;0.958
388.50	391.00	WTSP;0.977
413.00	415.50	WTSP;0.944
418.50	419.50	WTSP;0.733
425.00	427.75	WTSP;0.931
434.50	437.75	WTSP;0.943
444.00	449.50	WTSP;0.984
454.50	454.75	WTSP;0.728
455.00	456.50	WTSP;0.794
473.50	475.50	WTSP;0.781
476.00	477.75	WTSP;0.816
486.00	488.75	WTSP;0.920
497.00	501.25	WTSP;0.990
502.00	502.50	WTSP;0.697
516.50	517.25	WTSP;0.729
518.25	524.00	WTSP;0.980
562.50	566.50	WTSP;0.969
573.00	576.00	WTSP;0.963
582.50	583.25	WTSP;0.725
587.00	589.75	WTSP;0.878
177.00	178.50	YRWA;0.618
241.00	242.50	YRWA;0.649
264.00	266.00	YRWA;0.732
267.50	269.50	YRWA;0.802
274.50	276.00	YRWA;0.730
280.00	281.25	YRWA;0.718
287.25	289.00	YRWA;0.863
290.75	292.25	YRWA;0.709
439.50	441.50	YRWA;0.795
452.50	455.00	YRWA;0.954
466.00	469.00	YRWA;0.941
512.75	513.00	YRWA;0.525
558.75	561.00	YRWA;0.912
