3.00	3.50	AMRO;0.528
41.75	43.50	AMRO;0.845
63.00	64.25	AMRO;0.658
95.75	97.25	AMRO;0.796
115.50	116.75	AMRO;0.613
250.00	250.25	AMRO;0.527
253.50	256.00	AMRO;0.910
268.75	272.00	AMRO;0.753
272.25	278.25	AMRO;0.910
314.00	314.75	AMRO;0.567
324.75	326.50	AMRO;0.631
326.75	330.00	AMRO;0.896
336.00	336.25	AMRO;0.534
336.50	337.50	AMRO;0.658
342.50	344.50	AMRO;0.746
348.50	350.50	AMRO;0.707
379.00	379.25	AMRO;0.562
379.50	379.75	AMRO;0.522
391.50	393.00	AMRO;0.698
411.25	411.75	AMRO;0.516
418.75	420.50	AMRO;0.719
421.75	422.00	AMRO;0.502
426.50	428.00	AMRO;0.719
487.25	487.50	AMRO;0.504
510.75	511.50	AMRO;0.572
533.00	535.00	AMRO;0.847
540.75	542.50	AMRO;0.823
583.00	585.00	AMRO;0.756
261.75	262.00	BAOR;0.524
307.25	308.50	BAOR;0.765
237.00	238.50	BHCO;0.721
363.00	364.50	BHCO;0.641
397.50	398.50	BHCO;0.551
424.75	427.00	BHCO;0.761
479.00	479.25	BHCO;0.524
505.75	506.50	BHCO;0.539
514.50	515.50	BHCO;0.624
559.00	560.75	BHCO;0.881
581.00	582.50	BHCO;0.639
370.00	370.50	BLJA;0.588
152.50	154.50	CHSP;0.784
160.50	161.25	CHSP;0.556
183.75	184.25	CHSP;0.546
205.75	207.75	CHSP;0.764
356.00	356.50	CHSP;0.530
387.50	389.25	CHSP;0.704
468.50	470.50	CHSP;0.762
105.00	106.00	FOSP;0.609
186.25	187.50	FOSP;0.732
473.75	474.50	FOSP;0.626
146.00	147.00	GRYE;0.620
271.50	272.50	GWTE;0.593
342.00	342.25	GWTE;0.500
342.50	342.75	GWTE;0.556
409.25	409.75	GWTE;0.544
522.50	523.50	GWTE;0.594
22.00	22.25	HETH;0.552
375.25	376.50	HETH;0.686
429.50	431.50	LBDO;0.887
338.00	338.75	MOCH;0.627
351.50	351.75	MOCH;0.501
352.00	352.50	MOCH;0.575
367.00	368.00	MOCH;0.694
16.25	17.50	SNBU;0.690
210.00	212.25	SNBU;0.834
528.25	530.50	SNBU;0.830
577.75	578.25	SNBU;0.542
519.00	520.00	SWSP;0.561
54.50	54.75	WATA;0.506
97.75	98.25	WATA;0.544
494.75	495.75	WATA;0.611
187.75	188.00	WCSP;0.560
360.00	360.25	WCSP;0.524
384.50	386.00	WCSP;0.615
394.00	394.50	WCSP;0.546
318.00	320.00	WILL;0.755
