155.00	155.25	AMGP;0.507
133.00	133.75	AMRO;0.612
156.00	156.50	AMRO;0.575
254.00	254.50	AMRO;0.559
266.00	267.50	AMRO;0.787
280.00	280.25	AMRO;0.515
154.00	154.25	BBPL;0.510
243.50	244.00	BLJA;0.529
138.25	140.00	FISP;0.763
164.00	165.75	FISP;0.698
222.00	222.25	FISP;0.509
99.75	100.25	FOSP;0.514
189.50	191.50	FOSP;0.816
238.25	238.50	FOSP;0.522
257.50	258.00	FOSP;0.513
260.00	262.00	FOSP;0.781
20.25	21.00	GCSP;0.569
198.50	199.00	GCSP;0.507
264.50	266.50	LISP;0.784
3.00	3.25	MOCH;0.542
37.00	38.50	MOCH;0.793
54.75	55.00	MOCH;0.533
102.00	102.50	MOCH;0.531
214.75	215.50	MOCH;0.565
268.50	268.75	MOCH;0.504
269.00	270.00	MOCH;0.688
271.00	273.00	SNBU;0.812
268.25	268.50	WATA;0.529
0.25	2.00	WCSP;0.624
11.00	13.75	WCSP;0.887
21.50	24.00	WCSP;0.848
33.25	35.50	WCSP;0.847
44.75	47.00	WCSP;0.745
57.00	59.25	WCSP;0.826
69.50	71.75	WCSP;0.789
80.75	83.50	WCSP;0.921
92.00	94.75	WCSP;0.830
104.00	107.00	WCSP;0.929
115.50	117.75	WCSP;0.773
128.00	130.00	WCSP;0.769
145.25	148.00	WCSP;0.881
157.25	159.75	WCSP;0.892
168.50	171.25	WCSP;0.904
179.00	181.50	WCSP;0.838
193.50	196.00	WCSP;0.748
204.50	207.00	WCSP;0.899
218.50	219.50	WCSP;0.638
231.75	234.50	WCSP;0.881
3.00	4.25	WTSP;0.799
9.50	11.25	WTSP;0.851
13.50	17.25	WTSP;0.963
26.00	33.50	WTSP;0.960
37.00	38.75	WTSP;0.737
44.00	45.50	WTSP;0.801
47.00	50.00	WTSP;0.962
51.50	54.50	WTSP;0.914
56.00	58.00	WTSP;0.873
62.50	70.00	WTSP;0.983
80.00	81.00	WTSP;0.788
83.75	87.75	WTSP;0.980
95.00	99.00	WTSP;0.986
101.75	104.25	WTSP;0.840
108.50	111.50	WTSP;0.816
118.00	122.00	WTSP;0.991
123.50	126.25	WTSP;0.930
134.25	138.75	WTSP;0.973
139.75	142.75	WTSP;0.963
149.25	151.75	WTSP;0.945
174.00	177.75	WTSP;0.969
186.50	189.00	WTSP;0.880
191.75	194.50	WTSP;0.972
199.00	201.50	WTSP;0.941
202.25	204.75	WTSP;0.936
211.00	218.50	WTSP;0.954
222.00	223.50	WTSP;0.810
232.00	232.50	WTSP;0.739
288.00	288.50	WTSP;0.729
