148.75	152.00	AMRO;0.658
161.00	163.25	AMRO;0.703
173.50	173.75	AMRO;0.514
180.50	184.50	AMRO;0.750
205.50	209.00	AMRO;0.847
226.50	227.25	AMRO;0.554
258.50	259.50	AMRO;0.662
268.00	269.50	AMRO;0.605
248.00	249.25	BHGR;0.601
127.25	127.75	CCSP;0.512
116.00	116.25	FOSP;0.529
130.25	130.75	FOSP;0.530
230.00	230.50	FOSP;0.528
294.00	295.50	FOSP;0.774
95.50	96.00	GCSP;0.555
145.50	145.75	GRCA;0.546
146.00	146.75	GRCA;0.580
146.00	146.50	LISP;0.537
170.50	172.50	LISP;0.780
178.75	179.50	LISP;0.579
195.00	197.00	LISP;0.779
203.50	205.50	LISP;0.810
212.75	214.00	LISP;0.615
221.25	223.50	LISP;0.803
231.50	234.25	LISP;0.791
241.50	243.75	LISP;0.880
250.50	253.25	LISP;0.859
273.50	273.75	LISP;0.524
284.50	287.00	LISP;0.886
299.00	299.50	LISP;0.569
13.75	15.25	MOCH;0.734
257.00	257.75	PIGR;0.672
147.25	148.50	PUFI;0.795
57.75	58.50	RUGR;0.563
53.50	54.50	VESP;0.651
169.50	169.75	VESP;0.515
2.25	4.75	WCSP;0.919
9.00	12.00	WCSP;0.886
16.25	19.00	WCSP;0.895
26.00	29.25	WCSP;0.951
35.00	38.50	WCSP;0.905
42.50	45.00	WCSP;0.833
50.75	53.25	WCSP;0.918
58.25	60.75	WCSP;0.860
65.50	68.00	WCSP;0.811
73.25	77.25	WCSP;0.862
81.00	82.00	WCSP;0.576
96.00	98.50	WCSP;0.890
104.50	105.00	WCSP;0.524
111.75	114.50	WCSP;0.931
180.00	182.50	WCSP;0.857
261.50	262.75	WCSP;0.712
0.50	2.75	WTSP;0.894
7.50	9.75	WTSP;0.914
12.00	14.50	WTSP;0.947
18.00	21.00	WTSP;0.940
25.50	26.25	WTSP;0.738
29.00	35.50	WTSP;0.992
39.00	43.25	WTSP;0.987
46.00	51.25	WTSP;0.983
54.75	59.00	WTSP;0.986
61.25	66.75	WTSP;0.997
70.25	74.00	WTSP;0.990
78.50	85.00	WTSP;0.984
85.50	90.50	WTSP;0.984
91.00	92.50	WTSP;0.875
93.50	96.25	WTSP;0.940
99.50	105.50	WTSP;0.975
108.75	112.75	WTSP;0.993
116.75	122.25	WTSP;0.984
124.00	128.50	WTSP;0.975
131.50	136.75	WTSP;0.988
139.50	144.50	WTSP;0.984
148.00	153.00	WTSP;0.979
155.00	160.00	WTSP;0.991
164.25	168.50	WTSP;0.990
172.25	173.75	WTSP;0.816
176.00	180.75	WTSP;0.970
184.00	188.50	WTSP;0.986
191.25	195.50	WTSP;0.987
197.00	198.00	WTSP;0.815
200.00	204.25	WTSP;0.982
210.00	213.25	WTSP;0.990
215.00	215.50	WTSP;0.699
216.00	222.25	WTSP;0.990
222.75	225.50	WTSP;0.935
226.50	230.00	WTSP;0.986
235.00	240.00	WTSP;0.984
244.00	248.75	WTSP;0.990
253.25	257.50	WTSP;0.983
260.25	265.00	WTSP;0.955
267.00	268.75	WTSP;0.837
270.00	274.00	WTSP;0.980
277.50	283.00	WTSP;0.994
287.00	291.50	WTSP;0.990
296.25	299.50	WTSP;0.962
