24.00	25.00	AMRO;0.647
31.00	32.50	AMRO;0.803
41.50	42.25	AMRO;0.651
52.75	54.25	AMRO;0.771
61.50	62.50	AMRO;0.629
76.50	78.50	AMRO;0.643
95.25	96.25	AMRO;0.562
278.00	278.50	BRSP;0.538
166.50	169.50	CHSP;0.839
173.50	174.25	CHSP;0.596
184.25	184.50	CHSP;0.511
184.75	185.00	CHSP;0.524
200.00	200.25	CHSP;0.503
205.75	208.00	CHSP;0.639
210.50	212.75	CHSP;0.883
219.25	223.00	CHSP;0.887
226.00	227.00	CHSP;0.609
231.50	232.75	CHSP;0.623
236.00	237.00	CHSP;0.552
258.00	261.00	CHSP;0.737
269.75	273.00	CHSP;0.931
283.50	285.50	CHSP;0.727
288.50	291.50	CHSP;0.885
294.25	296.00	CHSP;0.768
82.25	83.00	CHSW;0.576
160.50	160.75	EAME;0.505
141.00	142.00	FISP;0.615
199.25	200.25	FISP;0.558
8.00	9.25	FOSP;0.699
21.00	23.50	FOSP;0.737
34.00	36.00	FOSP;0.895
45.75	48.50	FOSP;0.906
74.00	76.75	FOSP;0.784
89.00	90.75	FOSP;0.823
121.50	123.75	FOSP;0.900
136.50	139.25	FOSP;0.907
149.25	151.50	FOSP;0.884
160.75	163.25	FOSP;0.880
175.75	178.00	FOSP;0.891
187.75	190.00	FOSP;0.870
208.00	208.50	FOSP;0.585
237.00	237.25	FOSP;0.505
237.50	239.00	FOSP;0.657
253.00	254.75	FOSP;0.807
100.25	100.50	HETH;0.518
125.00	126.25	LISP;0.714
126.50	127.50	MAMU;0.588
251.00	251.25	MOCH;0.503
251.50	251.75	MOCH;0.509
276.50	277.25	MOCH;0.553
7.25	8.00	SNBU;0.641
34.00	34.50	SNBU;0.510
207.00	207.50	SNBU;0.606
293.00	293.25	SNBU;0.517
63.00	64.75	SWSP;0.700
28.75	29.00	WATA;0.505
1.25	2.75	WCSP;0.676
13.00	15.50	WCSP;0.828
25.00	27.50	WCSP;0.736
40.00	43.00	WCSP;0.889
57.50	60.00	WCSP;0.861
70.50	73.25	WCSP;0.832
91.00	94.00	WCSP;0.904
107.25	110.00	WCSP;0.919
119.50	122.00	WCSP;0.854
133.50	136.25	WCSP;0.942
145.00	147.50	WCSP;0.880
159.75	161.00	WCSP;0.577
179.25	182.75	WCSP;0.850
191.25	193.50	WCSP;0.953
200.50	201.50	WCSP;0.618
202.50	205.25	WCSP;0.945
216.25	219.00	WCSP;0.860
277.25	277.75	WCSP;0.536
230.50	231.00	WEWA;0.550
49.50	51.50	WIWA;0.774
131.50	133.00	WIWA;0.730
10.75	13.50	WTSP;0.973
28.50	32.00	WTSP;0.981
39.00	40.25	WTSP;0.824
43.00	45.75	WTSP;0.971
59.75	62.50	WTSP;0.969
86.00	88.25	WTSP;0.948
106.50	107.00	WTSP;0.744
151.50	154.75	WTSP;0.987
215.00	216.25	WTSP;0.782
227.50	231.50	WTSP;0.980
245.75	249.75	WTSP;0.974
263.00	263.25	WTSP;0.696
263.50	267.75	WTSP;0.977
279.50	283.00	WTSP;0.986
296.25	300.00	WTSP;0.981
