364.00	364.25	AMBI;0.513
364.50	364.75	AMBI;0.521
102.00	103.25	AMWO;0.715
127.25	128.00	AMWO;0.713
286.75	287.75	AMWO;0.700
331.25	332.75	AMWO;0.625
340.25	341.75	AMWO;0.757
378.50	379.75	AMWO;0.655
397.75	398.75	AMWO;0.724
417.00	417.75	AMWO;0.613
369.50	370.25	BHCO;0.567
17.50	17.75	BLJA;0.526
305.00	307.00	CHSP;0.683
441.00	441.25	CHSP;0.502
441.50	441.75	CHSP;0.559
442.75	443.00	CHSP;0.505
470.00	471.75	DEJU;0.835
517.00	518.50	DEJU;0.689
12.50	13.50	FISP;0.593
29.50	31.50	FISP;0.732
91.75	93.00	FISP;0.614
150.00	151.50	FISP;0.658
301.50	303.00	FISP;0.689
436.25	437.50	FISP;0.708
437.75	438.00	FISP;0.533
468.00	469.00	FISP;0.640
528.00	529.50	FISP;0.726
529.75	530.00	FISP;0.501
543.00	544.50	FISP;0.703
124.00	124.50	MOCH;0.541
312.75	315.00	MOCH;0.928
410.00	412.00	MOCH;0.773
423.75	425.50	MOCH;0.793
20.00	20.75	RUGR;0.763
93.50	93.75	SNBU;0.504
564.75	565.25	SNBU;0.516
595.50	596.50	SNBU;0.690
112.25	114.00	WCSP;0.881
514.75	516.50	WCSP;0.766
