221.00	221.50	BHVI;0.544
38.75	39.75	FOSP;0.595
52.50	54.50	FOSP;0.638
112.50	113.00	LISP;0.549
157.25	158.75	LISP;0.666
201.75	204.75	LISP;0.840
239.25	240.25	LISP;0.587
247.75	249.50	LISP;0.737
271.25	272.50	LISP;0.603
284.00	286.00	LISP;0.825
294.50	296.25	LISP;0.809
223.00	225.75	PISI;0.795
226.25	229.25	PISI;0.838
231.75	233.50	PISI;0.711
29.50	30.75	SWSP;0.674
50.00	51.75	SWSP;0.740
162.75	165.00	WCSP;0.899
170.00	172.50	WCSP;0.916
177.50	180.50	WCSP;0.917
186.00	189.00	WCSP;0.865
194.50	197.50	WCSP;0.942
205.00	207.25	WCSP;0.796
264.75	266.00	WCSP;0.669
274.75	277.00	WCSP;0.815
287.50	290.00	WCSP;0.847
296.50	299.50	WCSP;0.911
299.75	300.00	WCSP;0.503
39.75	41.75	WIWA;0.808
70.75	73.00	WIWA;0.811
6.00	10.75	WTSP;0.989
18.25	23.00	WTSP;0.994
30.50	34.50	WTSP;0.992
44.00	48.00	WTSP;0.987
162.25	162.75	WTSP;0.742
204.75	205.25	WTSP;0.705
276.75	279.25	WTSP;0.936
290.00	293.25	WTSP;0.979
27.00	29.00	YRWA;0.662
