1.25	4.50	AMRO;0.979
7.25	10.25	AMRO;0.980
12.25	22.75	AMRO;0.987
25.00	31.25	AMRO;0.990
32.50	35.75	AMRO;0.987
39.00	39.75	AMRO;0.725
41.50	45.25	AMRO;0.980
47.75	50.50	AMRO;0.956
51.75	59.50	AMRO;0.987
78.25	80.00	AMRO;0.867
83.25	86.00	AMRO;0.900
91.25	93.00	AMRO;0.837
97.25	99.00	AMRO;0.896
108.50	110.75	AMRO;0.901
113.00	114.50	AMRO;0.782
118.75	123.50	AMRO;0.982
125.50	128.25	AMRO;0.853
131.00	134.00	AMRO;0.957
136.50	139.75	AMRO;0.969
142.00	144.75	AMRO;0.856
147.00	149.50	AMRO;0.968
152.50	156.50	AMRO;0.983
165.00	168.00	AMRO;0.934
172.75	173.00	AMRO;0.697
176.75	179.75	AMRO;0.827
183.00	186.50	AMRO;0.979
190.00	192.25	AMRO;0.860
196.00	199.25	AMRO;0.982
201.75	205.25	AMRO;0.972
208.50	210.50	AMRO;0.848
214.50	217.50	AMRO;0.894
222.50	223.00	AMRO;0.758
226.75	229.50	AMRO;0.907
233.00	234.50	AMRO;0.825
238.50	241.75	AMRO;0.987
243.75	247.50	AMRO;0.966
247.75	248.00	AMRO;0.714
250.50	252.50	AMRO;0.812
258.50	260.75	AMRO;0.928
270.50	273.50	AMRO;0.951
282.75	285.50	AMRO;0.977
297.50	297.75	AMRO;0.709
302.75	305.50	AMRO;0.951
351.50	353.25	AMRO;0.884
368.25	370.50	AMRO;0.959
374.00	378.75	AMRO;0.954
406.50	408.50	AMRO;0.912
442.00	442.50	AMRO;0.727
459.00	459.25	AMRO;0.695
490.00	491.00	AMRO;0.732
520.00	521.75	AMRO;0.839
528.50	531.50	AMRO;0.950
539.25	540.50	AMRO;0.841
578.75	582.00	AMRO;0.961
586.00	586.25	AMRO;0.711
586.50	589.50	AMRO;0.915
594.50	596.50	AMRO;0.859
46.50	48.00	BRSP;0.759
55.00	55.75	BRSP;0.639
56.00	56.50	BRSP;0.547
73.00	74.00	BRSP;0.606
85.00	86.50	BRSP;0.686
326.00	326.50	BRSP;0.518
563.00	563.25	BTNW;0.513
5.75	7.00	CHSP;0.771
16.50	17.25	CHSP;0.739
28.00	29.25	CHSP;0.739
45.50	45.75	CHSP;0.698
61.00	62.25	CHSP;0.764
71.00	73.25	CHSP;0.897
94.50	94.75	CHSP;0.699
95.00	96.25	CHSP;0.810
116.75	120.25	CHSP;0.971
127.25	131.50	CHSP;0.983
148.00	153.00	CHSP;0.981
169.00	173.00	CHSP;0.937
182.00	186.75	CHSP;0.966
190.50	193.25	CHSP;0.922
200.50	204.50	CHSP;0.928
210.25	215.00	CHSP;0.990
222.25	226.00	CHSP;0.983
234.50	234.75	CHSP;0.713
235.00	236.50	CHSP;0.746
244.50	248.00	CHSP;0.953
259.50	261.50	CHSP;0.864
271.25	275.75	CHSP;0.981
280.50	284.00	CHSP;0.905
292.75	295.50	CHSP;0.905
304.50	308.50	CHSP;0.911
312.50	316.25	CHSP;0.945
324.50	327.00	CHSP;0.928
329.00	329.25	CHSP;0.694
329.75	333.25	CHSP;0.791
338.50	343.50	CHSP;0.927
346.50	350.75	CHSP;0.928
357.25	361.00	CHSP;0.817
367.50	372.00	CHSP;0.892
381.00	384.50	CHSP;0.904
392.00	395.00	CHSP;0.801
401.50	405.00	CHSP;0.874
410.50	414.25	CHSP;0.948
421.50	425.00	CHSP;0.958
435.00	439.75	CHSP;0.974
443.25	447.00	CHSP;0.970
453.00	457.75	CHSP;0.968
467.50	472.25	CHSP;0.968
480.00	484.25	CHSP;0.949
493.00	498.25	CHSP;0.966
505.25	507.50	CHSP;0.882
510.00	513.00	CHSP;0.906
515.50	519.75	CHSP;0.942
524.75	529.00	CHSP;0.980
534.75	539.25	CHSP;0.962
548.00	552.50	CHSP;0.948
559.50	563.25	CHSP;0.970
570.25	573.75	CHSP;0.977
581.00	585.00	CHSP;0.971
593.00	598.50	CHSP;0.967
23.25	25.50	FOSP;0.750
38.00	39.75	FOSP;0.769
50.00	51.50	FOSP;0.647
63.50	64.50	FOSP;0.627
76.00	78.75	FOSP;0.916
87.75	90.00	FOSP;0.842
101.00	103.50	FOSP;0.849
115.00	117.00	FOSP;0.744
144.75	147.00	FOSP;0.696
159.50	161.75	FOSP;0.748
178.75	179.75	FOSP;0.664
187.50	188.50	FOSP;0.642
192.50	194.50	FOSP;0.711
206.75	208.75	FOSP;0.815
220.50	222.50	FOSP;0.671
235.25	236.25	FOSP;0.521
252.00	252.25	FOSP;0.509
265.50	267.50	FOSP;0.680
277.50	278.50	FOSP;0.685
280.25	282.50	FOSP;0.799
295.50	296.75	FOSP;0.638
308.00	309.50	FOSP;0.619
316.75	319.25	FOSP;0.841
323.25	325.00	FOSP;0.771
335.00	337.00	FOSP;0.891
349.00	350.75	FOSP;0.666
363.50	363.75	FOSP;0.525
364.00	364.50	FOSP;0.539
371.75	373.50	FOSP;0.689
385.50	386.50	FOSP;0.641
395.75	397.00	FOSP;0.607
404.00	406.75	FOSP;0.935
411.75	412.25	FOSP;0.510
417.50	419.75	FOSP;0.788
426.00	428.50	FOSP;0.867
261.00	261.75	GRCA;0.610
579.50	579.75	GRCA;0.530
3.50	5.50	LISP;0.772
19.25	21.50	LISP;0.782
35.50	37.25	LISP;0.917
66.25	68.00	LISP;0.727
95.50	97.50	LISP;0.899
109.00	110.00	LISP;0.694
123.75	126.00	LISP;0.888
140.25	142.50	LISP;0.870
157.00	158.00	LISP;0.644
174.50	175.75	LISP;0.700
189.25	191.00	LISP;0.802
205.00	205.75	LISP;0.594
268.00	269.75	LISP;0.790
285.50	285.75	LISP;0.549
314.75	315.50	LISP;0.549
329.75	330.75	LISP;0.619
345.50	347.00	LISP;0.787
378.75	379.75	LISP;0.621
392.75	395.00	LISP;0.647
424.25	426.00	LISP;0.769
439.75	442.25	LISP;0.804
456.75	457.00	LISP;0.527
457.25	457.50	LISP;0.505
472.00	474.75	LISP;0.919
488.25	490.50	LISP;0.928
521.75	523.50	LISP;0.695
552.00	554.00	LISP;0.690
568.50	570.50	LISP;0.816
584.25	586.75	LISP;0.923
134.75	135.25	OROR;0.547
308.25	308.50	OROR;0.533
309.00	309.25	OROR;0.557
411.50	412.50	OROR;0.562
257.50	259.75	PISI;0.951
261.00	265.00	PISI;0.972
311.25	313.25	PISI;0.809
320.00	321.50	PISI;0.907
328.50	329.50	PISI;0.758
408.25	409.50	PISI;0.756
413.50	418.50	PISI;0.987
443.00	453.75	PISI;0.989
572.75	577.00	PISI;0.993
598.25	600.00	PISI;0.921
139.50	140.25	PUFI;0.613
331.25	332.00	PUFI;0.574
108.00	109.25	ROWR;0.631
156.75	157.75	ROWR;0.806
504.50	506.25	ROWR;0.706
521.00	522.00	ROWR;0.571
0.00	0.75	RUGR;0.753
102.75	104.00	RUGR;0.768
236.25	237.75	RUGR;0.836
312.00	313.75	RUGR;0.784
314.00	316.00	RUGR;0.910
532.00	532.25	RUGR;0.559
546.25	547.00	RUGR;0.663
104.75	105.00	SATH;0.560
83.50	84.25	SWSP;0.582
6.00	7.25	TEWA;0.589
7.75	8.00	TEWA;0.505
91.75	94.00	TEWA;0.734
112.50	113.50	TEWA;0.550
181.50	182.00	TEWA;0.527
200.00	200.50	TEWA;0.519
217.75	220.00	TEWA;0.839
229.00	231.00	TEWA;0.801
242.50	243.25	TEWA;0.576
254.50	256.50	TEWA;0.695
301.75	304.00	TEWA;0.713
320.00	321.75	TEWA;0.662
332.75	334.00	TEWA;0.704
344.00	344.50	TEWA;0.514
366.00	367.50	TEWA;0.681
397.00	400.00	TEWA;0.860
409.00	410.00	TEWA;0.567
419.25	422.00	TEWA;0.781
431.75	435.25	TEWA;0.896
463.00	465.50	TEWA;0.676
474.50	478.00	TEWA;0.925
483.00	485.75	TEWA;0.790
491.75	492.50	TEWA;0.582
507.75	509.50	TEWA;0.709
529.00	530.25	TEWA;0.652
20.00	21.25	TOSO;0.715
110.50	111.00	TOSO;0.569
141.50	143.00	TOSO;0.696
173.00	173.25	TOSO;0.510
297.50	298.75	TOSO;0.721
372.50	373.50	VESP;0.579
157.75	159.50	WCSP;0.832
163.25	166.00	WCSP;0.913
226.75	228.00	WCSP;0.751
231.50	234.00	WCSP;0.884
553.25	555.50	WCSP;0.876
563.25	565.50	WCSP;0.814
40.50	42.00	WIWA;0.714
98.75	99.75	WIWA;0.577
106.00	107.50	WIWA;0.576
225.75	226.00	WIWA;0.509
498.00	499.00	WIWA;0.605
499.25	499.50	WIWA;0.516
557.00	557.25	WIWA;0.501
590.75	591.50	WIWA;0.553
