196.00	197.50	AMAV;0.639
140.00	142.00	AMRO;0.808
180.50	182.00	AMRO;0.753
193.50	194.00	AMRO;0.547
259.50	261.50	AMRO;0.856
284.50	286.25	AMRO;0.768
30.00	30.50	BFAL;0.518
8.00	8.25	BRSP;0.509
238.25	239.75	BRSP;0.691
256.75	257.50	BRSP;0.634
160.50	161.50	CCSP;0.610
202.50	205.25	CCSP;0.891
8.50	12.50	CHSP;0.878
19.00	19.75	CHSP;0.587
26.00	26.25	CHSP;0.517
26.50	26.75	CHSP;0.500
31.00	33.50	CHSP;0.734
36.50	39.50	CHSP;0.746
44.25	46.50	CHSP;0.787
50.50	51.50	CHSP;0.515
55.25	57.00	CHSP;0.572
62.75	63.75	CHSP;0.550
68.00	71.00	CHSP;0.952
74.75	76.50	CHSP;0.672
76.75	77.00	CHSP;0.501
81.00	84.00	CHSP;0.908
129.75	130.75	CHSP;0.607
228.25	230.50	CHSP;0.958
2.50	3.50	DEJU;0.560
156.25	156.50	HETH;0.532
243.50	244.00	LARB;0.519
232.25	232.50	LASP;0.514
101.50	103.50	LISP;0.809
127.00	129.00	LISP;0.827
139.75	140.50	LISP;0.616
152.00	154.00	LISP;0.878
167.50	169.00	LISP;0.706
179.00	181.00	LISP;0.938
191.50	193.50	LISP;0.793
205.00	207.00	LISP;0.794
281.75	283.00	LISP;0.667
292.50	293.75	LISP;0.657
147.00	147.25	PISI;0.506
147.50	147.75	PISI;0.533
148.00	149.75	PISI;0.785
113.00	114.25	ROWR;0.659
268.75	269.50	ROWR;0.653
101.00	101.25	SOSA;0.504
117.50	118.50	SWSP;0.626
173.50	174.50	SWSP;0.639
226.50	228.00	SWSP;0.688
236.50	238.50	SWSP;0.741
264.50	266.75	SWSP;0.812
115.75	117.25	TEWA;0.668
142.50	144.00	TEWA;0.672
154.25	156.50	TEWA;0.747
198.50	199.50	TEWA;0.596
207.50	208.75	TEWA;0.586
134.75	136.00	WATA;0.630
155.75	156.50	WCSP;0.614
165.00	166.75	WCSP;0.788
176.00	177.50	WCSP;0.664
194.50	196.50	WCSP;0.823
62.00	62.25	WEWA;0.504
85.25	86.50	WEWP;0.715
200.75	202.00	WIWA;0.603
210.00	210.25	YBFL;0.519
