429.25	433.25	AMDI;0.953
574.00	574.50	BRSP;0.546
479.25	480.00	BTNW;0.610
5.00	7.25	CHSP;0.768
22.75	25.25	CHSP;0.884
32.00	33.00	CHSP;0.611
40.50	40.75	CHSP;0.517
41.00	43.25	CHSP;0.804
49.50	49.75	CHSP;0.512
50.00	52.00	CHSP;0.827
71.00	74.00	CHSP;0.886
80.50	83.25	CHSP;0.807
89.50	91.25	CHSP;0.823
108.00	110.00	CHSP;0.674
180.75	183.00	CHSP;0.859
359.50	360.00	CHSP;0.549
393.50	396.00	CHSP;0.912
404.00	407.00	CHSP;0.828
422.00	422.25	CHSP;0.515
423.00	423.25	CHSP;0.506
445.75	447.00	CHSP;0.680
463.50	465.00	CHSP;0.757
508.00	508.75	CHSP;0.574
582.00	582.25	CHSP;0.517
588.00	589.50	CHSP;0.690
597.50	598.00	CHSP;0.532
598.25	598.50	CHSP;0.508
118.50	119.50	DEJU;0.601
197.00	197.50	DEJU;0.630
320.25	320.50	DEJU;0.504
83.25	83.50	EAME;0.504
7.50	10.50	FOSP;0.894
20.25	22.50	FOSP;0.854
62.50	63.75	FOSP;0.723
77.00	78.25	FOSP;0.713
85.00	87.00	FOSP;0.804
98.50	100.50	FOSP;0.670
111.25	114.00	FOSP;0.909
125.75	128.50	FOSP;0.817
133.75	135.00	FOSP;0.700
141.50	144.00	FOSP;0.855
157.00	159.50	FOSP;0.939
174.00	176.50	FOSP;0.919
191.00	193.50	FOSP;0.888
207.25	210.00	FOSP;0.858
240.00	242.50	FOSP;0.792
262.00	264.25	FOSP;0.827
276.25	278.75	FOSP;0.831
299.00	302.00	FOSP;0.918
321.25	324.00	FOSP;0.854
355.25	357.75	FOSP;0.916
376.25	379.00	FOSP;0.879
396.00	398.50	FOSP;0.874
415.00	417.50	FOSP;0.838
433.50	436.00	FOSP;0.854
454.50	457.25	FOSP;0.894
480.00	483.00	FOSP;0.913
501.25	504.00	FOSP;0.844
525.25	528.00	FOSP;0.744
541.00	543.50	FOSP;0.840
558.00	560.25	FOSP;0.877
578.25	580.75	FOSP;0.770
592.25	594.50	FOSP;0.840
65.25	66.25	LISP;0.569
471.75	472.25	OCWA;0.504
505.00	507.00	PISI;0.889
585.50	589.00	PISI;0.876
15.25	16.75	SNBU;0.762
29.00	30.00	SNBU;0.637
33.00	34.00	SNBU;0.668
56.00	58.25	SNBU;0.918
110.00	111.50	SNBU;0.794
121.50	123.25	SNBU;0.805
339.25	339.50	SNBU;0.501
59.75	60.75	SWSP;0.681
154.00	155.75	SWSP;0.722
167.75	168.75	SWSP;0.593
177.00	178.25	SWSP;0.614
27.00	28.50	WCSP;0.650
101.00	103.50	WCSP;0.824
440.50	442.00	WCSP;0.792
449.75	450.75	WCSP;0.675
459.00	460.50	WCSP;0.723
469.75	470.75	WCSP;0.637
490.25	492.00	WCSP;0.820
510.00	511.75	WCSP;0.836
537.00	539.50	WCSP;0.916
544.50	546.75	WCSP;0.845
554.00	556.00	WCSP;0.785
563.50	566.00	WCSP;0.845
572.50	574.25	WCSP;0.841
583.25	585.50	WCSP;0.911
595.50	597.25	WCSP;0.689
25.25	25.50	WIWA;0.515
34.25	34.50	WIWA;0.511
59.00	59.25	WIWA;0.533
68.00	70.25	WIWA;0.897
123.00	123.50	WIWA;0.538
129.50	132.50	WIWA;0.927
139.00	141.50	WIWA;0.916
166.25	167.50	WIWA;0.670
71.25	71.50	WTSP;0.552
93.00	93.25	WTSP;0.525
93.50	94.50	WTSP;0.560
426.25	427.00	WTSP;0.569
