137.50	138.50	BLJA;0.560
140.75	141.00	BRCR;0.502
268.00	268.25	EATO;0.527
268.50	269.50	EATO;0.613
272.50	273.25	FISP;0.580
112.50	113.75	FOSP;0.671
133.00	135.25	FOSP;0.845
144.50	147.25	FOSP;0.846
187.00	189.50	FOSP;0.816
226.50	228.00	FOSP;0.744
241.00	242.50	FOSP;0.715
254.50	256.25	FOSP;0.751
161.75	162.50	HETH;0.704
15.00	16.50	LISP;0.784
38.25	39.50	LISP;0.719
48.25	50.50	LISP;0.890
58.75	60.50	LISP;0.682
70.00	71.50	LISP;0.625
80.75	81.50	LISP;0.538
261.50	261.75	RUTU;0.537
94.50	96.00	SNBU;0.726
226.00	226.25	SNBU;0.504
5.00	7.50	WCSP;0.873
9.00	9.75	WCSP;0.551
12.25	14.75	WCSP;0.792
20.00	25.00	WCSP;0.761
27.50	33.00	WCSP;0.877
223.00	223.50	WCSP;0.583
290.25	290.50	WCSP;0.549
61.75	62.50	WTSP;0.619
150.00	152.50	WTSP;0.786
270.00	272.50	WTSP;0.895
281.00	284.50	WTSP;0.909
284.75	285.00	WTSP;0.518
290.75	293.00	WTSP;0.786
