56.50	60.00	AMRO;0.860
73.25	74.50	AMRO;0.700
87.00	90.00	AMRO;0.948
92.75	94.50	AMRO;0.826
100.50	100.75	AMRO;0.501
101.00	103.00	AMRO;0.863
116.25	118.25	AMRO;0.654
120.75	122.50	AMRO;0.681
127.50	127.75	AMRO;0.535
128.00	128.25	AMRO;0.556
136.25	136.50	AMRO;0.501
159.50	159.75	AMRO;0.535
164.25	166.25	AMRO;0.885
172.50	173.75	AMRO;0.594
175.25	178.75	AMRO;0.938
179.50	180.50	AMRO;0.603
185.00	186.25	AMRO;0.597
189.25	190.75	AMRO;0.716
193.75	195.25	AMRO;0.632
199.25	200.25	AMRO;0.641
293.50	295.75	AMRO;0.944
231.00	231.75	BCCH;0.549
217.50	218.50	CHSP;0.632
233.50	236.00	CHSP;0.812
249.50	249.75	FISP;0.504
26.75	28.75	FOSP;0.903
38.50	41.00	FOSP;0.816
52.00	54.75	FOSP;0.891
66.00	67.50	FOSP;0.759
79.75	82.50	FOSP;0.829
95.50	97.25	FOSP;0.737
111.50	114.00	FOSP;0.912
125.00	127.25	FOSP;0.881
139.00	142.00	FOSP;0.929
152.50	155.50	FOSP;0.940
162.75	163.75	FOSP;0.591
167.00	169.75	FOSP;0.940
181.50	184.50	FOSP;0.864
196.25	198.50	FOSP;0.868
210.50	213.50	FOSP;0.874
227.00	230.25	FOSP;0.960
243.75	246.25	FOSP;0.893
260.75	263.50	FOSP;0.863
275.25	277.00	FOSP;0.939
5.75	6.50	LISP;0.617
84.50	86.00	LISP;0.742
106.00	106.25	LISP;0.505
137.00	137.25	LISP;0.507
137.50	137.75	LISP;0.520
171.00	172.50	LISP;0.807
207.50	209.50	LISP;0.798
219.50	222.00	LISP;0.791
22.50	23.00	MOCH;0.546
231.00	231.25	MOCH;0.513
267.00	267.75	MOCH;0.591
76.25	77.00	PIGR;0.641
62.25	63.25	REVI;0.625
72.50	73.25	REVI;0.534
119.25	120.75	SOSA;0.791
22.75	24.75	SWSP;0.688
64.00	65.75	SWSP;0.662
147.25	149.00	SWSP;0.739
160.00	161.50	SWSP;0.602
188.75	189.00	SWSP;0.523
189.25	189.50	SWSP;0.525
214.25	216.50	SWSP;0.913
20.25	21.00	TOSO;0.552
292.25	293.00	VESP;0.552
1.75	5.00	WCSP;0.935
8.00	11.00	WCSP;0.957
14.00	17.25	WCSP;0.964
108.25	109.75	WCSP;0.734
129.75	131.25	WCSP;0.681
191.25	193.00	WCSP;0.694
222.50	225.50	WCSP;0.913
239.75	240.50	WCSP;0.561
245.75	248.25	WCSP;0.883
251.75	254.00	WCSP;0.836
258.25	260.50	WCSP;0.911
264.50	267.00	WCSP;0.909
270.50	273.00	WCSP;0.865
285.00	287.50	WCSP;0.875
265.25	265.50	WILL;0.502
31.50	33.75	WIWA;0.676
77.00	78.50	WIWA;0.633
98.25	101.00	WIWA;0.806
109.75	111.00	WIWA;0.558
121.50	122.50	WIWA;0.567
132.50	134.75	WIWA;0.824
178.00	179.75	WIWA;0.639
187.00	188.50	WIWA;0.631
204.00	204.25	WIWA;0.523
205.00	205.50	WIWA;0.589
254.75	255.00	WIWA;0.505
31.00	31.50	WTSP;0.561
42.00	43.25	WTSP;0.664
156.50	158.25	WTSP;0.628
200.50	201.75	WTSP;0.710
238.50	240.50	WTSP;0.628
267.75	268.50	WTSP;0.549
277.50	279.25	WTSP;0.772
284.75	285.00	WTSP;0.504
