0.25	5.00	AMRO;0.926
11.50	14.50	AMRO;0.984
20.00	24.00	AMRO;0.977
27.50	30.75	AMRO;0.985
35.50	42.50	AMRO;0.977
48.75	54.50	AMRO;0.983
60.00	64.50	AMRO;0.979
71.00	75.50	AMRO;0.976
83.00	86.50	AMRO;0.965
91.75	96.00	AMRO;0.972
101.00	104.75	AMRO;0.967
107.00	111.50	AMRO;0.983
119.50	126.75	AMRO;0.982
133.50	138.00	AMRO;0.960
149.25	154.50	AMRO;0.976
161.00	163.75	AMRO;0.918
167.50	171.75	AMRO;0.970
176.50	180.00	AMRO;0.987
185.25	188.00	AMRO;0.968
188.50	190.25	AMRO;0.892
198.50	201.75	AMRO;0.932
206.75	211.00	AMRO;0.970
214.75	219.50	AMRO;0.965
229.00	233.00	AMRO;0.979
237.00	240.75	AMRO;0.978
248.00	255.00	AMRO;0.981
263.50	267.25	AMRO;0.979
271.50	276.25	AMRO;0.981
281.00	285.50	AMRO;0.983
291.00	294.50	AMRO;0.983
125.50	126.50	BRSP;0.637
196.00	196.50	BRSP;0.565
8.75	9.00	CHSP;0.511
16.00	17.25	CHSP;0.690
129.00	130.75	CHSP;0.567
147.50	149.25	CHSP;0.809
171.50	174.25	CHSP;0.704
182.75	183.75	CHSP;0.578
196.50	197.50	CHSP;0.646
201.50	203.00	CHSP;0.673
223.00	224.50	CHSP;0.677
4.75	6.00	GWTE;0.800
10.75	11.75	GWTE;0.682
14.00	15.00	GWTE;0.641
86.50	87.25	GWTE;0.617
163.00	163.50	GWTE;0.537
200.75	201.00	GWTE;0.524
232.50	233.25	GWTE;0.589
252.00	252.25	GWTE;0.555
32.50	33.00	HETH;0.581
102.50	103.00	LARB;0.533
187.75	189.75	LARB;0.714
253.25	254.00	LARB;0.566
6.00	8.50	OCWA;0.787
76.50	77.50	OCWA;0.525
112.50	114.50	OCWA;0.915
143.50	146.75	PISI;0.962
180.25	182.50	PISI;0.913
116.25	119.00	WCSP;0.801
210.00	210.50	WCSP;0.609
