69.50	69.75	AMDI;0.531
43.50	44.50	BCCH;0.659
169.00	170.00	BCCH;0.652
123.50	124.50	BLJA;0.593
0.00	6.50	CHSP;0.961
8.25	14.00	CHSP;0.920
286.00	288.50	CHSP;0.931
35.75	36.00	FOSP;0.539
196.00	197.50	FOSP;0.781
200.75	201.00	FOSP;0.525
223.25	223.75	FOSP;0.518
239.75	241.25	FOSP;0.812
248.00	248.75	FOSP;0.679
193.25	194.00	HASP;0.615
6.00	8.00	HETH;0.668
80.25	81.50	HETH;0.697
100.00	101.25	HETH;0.635
139.00	140.50	HETH;0.675
146.00	148.00	HETH;0.925
161.00	161.75	HETH;0.561
175.00	176.75	HETH;0.874
199.25	200.25	HETH;0.590
232.75	234.50	HETH;0.804
246.25	246.75	HETH;0.525
85.25	86.00	HOLA;0.589
114.50	115.50	HOLA;0.625
130.00	131.25	HOLA;0.690
42.00	43.00	LISP;0.686
142.25	144.50	LISP;0.859
228.50	229.75	LISP;0.629
20.50	20.75	MOCH;0.501
90.75	91.50	MOCH;0.530
108.50	110.50	MOCH;0.781
120.25	121.00	MOCH;0.531
133.75	134.00	MOCH;0.501
167.75	168.00	MOCH;0.528
172.75	173.50	MOCH;0.691
209.25	211.00	MOCH;0.785
299.25	299.50	MOCH;0.505
255.75	256.50	SOSA;0.586
28.25	30.00	VATH;0.822
54.50	54.75	VATH;0.528
106.00	108.00	VATH;0.860
121.25	122.75	VATH;0.825
130.25	130.50	VATH;0.519
150.25	153.50	VATH;0.913
182.50	184.50	VATH;0.860
194.00	195.00	VATH;0.658
252.50	254.00	VATH;0.924
112.75	113.25	VESP;0.509
49.50	50.00	WCSP;0.515
241.75	242.00	WCSP;0.511
274.25	276.50	WCSP;0.890
281.00	282.50	WCSP;0.785
182.50	185.00	WIWA;0.857
202.25	203.00	WIWA;0.588
214.00	216.00	WIWA;0.826
224.75	227.25	WIWA;0.860
234.50	237.50	WIWA;0.945
243.00	245.75	WIWA;0.947
252.50	255.50	WIWA;0.934
264.00	267.00	WIWA;0.954
277.00	280.25	WIWA;0.934
289.50	293.00	WIWA;0.950
12.00	12.75	WTSP;0.701
22.50	26.00	WTSP;0.959
32.00	35.50	WTSP;0.989
44.75	48.50	WTSP;0.984
54.00	57.25	WTSP;0.975
61.50	66.50	WTSP;0.986
67.00	68.50	WTSP;0.885
71.00	74.50	WTSP;0.993
81.00	82.25	WTSP;0.775
87.00	90.75	WTSP;0.987
101.50	105.25	WTSP;0.987
116.50	120.25	WTSP;0.985
134.00	137.75	WTSP;0.991
149.25	150.25	WTSP;0.726
152.50	155.50	WTSP;0.974
170.00	173.00	WTSP;0.983
186.00	189.25	WTSP;0.986
192.50	193.00	WTSP;0.714
201.00	204.00	WTSP;0.953
212.00	215.75	WTSP;0.952
224.50	226.50	WTSP;0.899
236.75	239.00	WTSP;0.977
248.00	252.00	WTSP;0.953
259.50	263.50	WTSP;0.978
270.00	274.50	WTSP;0.991
277.50	278.00	WTSP;0.718
279.00	280.75	WTSP;0.819
282.00	285.75	WTSP;0.986
293.50	297.50	WTSP;0.984
