270.00	271.75	AMRO;0.857
41.00	41.50	CHSP;0.515
53.25	55.00	CHSP;0.771
70.50	74.25	CHSP;0.923
81.75	83.00	CHSP;0.690
89.50	92.50	CHSP;0.903
100.25	103.00	CHSP;0.920
109.50	113.75	CHSP;0.938
140.00	142.50	CHSP;0.814
172.00	172.25	CHSP;0.577
172.50	172.75	CHSP;0.524
182.50	183.00	CHSP;0.610
192.50	194.50	CHSP;0.861
238.50	240.50	CHSP;0.811
11.25	13.50	LISP;0.802
25.00	27.00	LISP;0.836
38.25	40.25	LISP;0.840
50.50	52.50	LISP;0.787
64.50	67.00	LISP;0.934
77.75	79.75	LISP;0.826
91.75	93.50	LISP;0.821
119.75	121.25	LISP;0.751
159.75	160.75	LISP;0.553
189.50	190.50	LISP;0.610
203.50	205.25	LISP;0.749
232.00	233.00	LISP;0.592
246.25	248.00	LISP;0.713
272.00	274.00	LISP;0.899
285.00	287.50	LISP;0.868
70.00	71.00	VATH;0.716
81.00	82.50	VATH;0.711
185.00	187.00	VATH;0.882
195.00	197.50	VATH;0.946
206.50	209.50	VATH;0.916
238.50	239.50	VATH;0.649
