237.50	238.50	AMRO;0.633
1.50	4.00	ATSP;0.938
5.00	7.00	ATSP;0.786
17.00	19.50	ATSP;0.846
152.00	154.50	ATSP;0.812
157.00	158.25	ATSP;0.741
173.50	174.00	ATSP;0.538
177.00	178.75	ATSP;0.918
180.50	180.75	ATSP;0.526
181.00	182.25	ATSP;0.570
184.75	189.25	ATSP;0.960
193.50	194.00	ATSP;0.538
200.00	205.00	ATSP;0.886
209.25	210.50	ATSP;0.636
211.50	212.50	ATSP;0.584
218.75	220.25	ATSP;0.779
247.50	249.50	ATSP;0.847
255.25	257.50	ATSP;0.932
265.75	267.25	ATSP;0.810
273.25	275.25	ATSP;0.800
282.50	285.00	ATSP;0.747
173.25	173.75	BCCH;0.552
223.50	224.00	BCCH;0.537
229.75	230.00	BCCH;0.505
239.50	241.00	CBCH;0.668
65.25	67.00	CHSP;0.766
89.50	90.25	CHSP;0.560
101.75	103.00	CHSP;0.705
182.25	184.25	CHSP;0.736
189.00	190.50	CHSP;0.600
194.00	195.25	CHSP;0.723
199.75	201.00	CHSP;0.650
211.00	211.25	CHSP;0.507
211.50	212.00	CHSP;0.562
213.75	219.00	CHSP;0.857
261.50	262.50	CHSP;0.699
287.00	288.00	CHSP;0.658
207.00	208.00	CHSW;0.608
102.25	104.25	DEJU;0.732
12.50	14.00	LISP;0.673
64.25	64.50	LISP;0.525
140.75	141.75	LISP;0.659
164.75	166.25	LISP;0.737
201.00	201.25	LISP;0.507
217.75	218.75	LISP;0.578
235.50	238.00	LISP;0.895
253.00	253.25	LISP;0.526
285.25	287.25	LISP;0.778
128.50	129.75	NSHR;0.710
6.00	8.25	PISI;0.937
10.00	15.25	PISI;0.977
45.50	46.75	PISI;0.771
48.25	62.00	PISI;0.986
251.50	253.00	ROWR;0.600
143.50	144.00	SWSP;0.543
241.75	242.00	SWSP;0.527
275.75	277.50	SWSP;0.616
147.50	149.00	TEWA;0.624
191.00	191.75	TEWA;0.538
205.50	206.50	TEWA;0.656
225.75	227.00	TEWA;0.645
232.00	233.75	TEWA;0.714
246.50	247.25	TEWA;0.518
288.50	289.00	TEWA;0.557
294.75	296.25	TEWA;0.732
84.00	85.50	VESP;0.756
32.50	34.75	WCSP;0.846
61.25	63.50	WCSP;0.910
73.00	75.00	WCSP;0.793
84.00	86.25	WCSP;0.768
91.00	92.50	WCSP;0.692
