6.00	9.25	AMRO;0.837
19.50	21.25	AMRO;0.819
32.00	33.25	AMRO;0.763
33.50	35.00	AMRO;0.616
42.75	43.75	AMRO;0.632
46.75	48.75	AMRO;0.768
49.00	49.25	AMRO;0.546
57.00	57.50	AMRO;0.514
58.50	59.50	AMRO;0.588
67.50	68.00	AMRO;0.548
71.00	72.50	AMRO;0.748
87.00	87.75	AMRO;0.636
97.50	98.75	AMRO;0.590
115.00	116.25	AMRO;0.600
121.00	123.50	AMRO;0.939
133.00	133.50	AMRO;0.507
139.50	141.50	AMRO;0.814
144.00	147.75	AMRO;0.935
167.50	170.75	AMRO;0.957
183.50	189.00	AMRO;0.853
197.50	200.50	AMRO;0.894
219.75	222.25	AMRO;0.728
238.00	239.75	AMRO;0.656
246.50	247.50	AMRO;0.550
247.75	251.00	AMRO;0.903
260.75	261.00	AMRO;0.513
261.75	262.50	AMRO;0.562
274.75	276.25	AMRO;0.706
277.25	279.00	AMRO;0.721
287.25	288.00	AMRO;0.623
290.50	292.50	AMRO;0.848
299.25	300.00	AMRO;0.528
251.00	251.25	BRTH;0.505
2.00	3.00	FOSP;0.631
3.50	3.75	FOSP;0.538
14.00	15.75	FOSP;0.804
26.00	28.00	FOSP;0.763
38.00	40.00	FOSP;0.815
50.75	53.25	FOSP;0.833
62.75	65.00	FOSP;0.827
75.50	78.00	FOSP;0.752
90.00	92.50	FOSP;0.691
105.00	108.00	FOSP;0.823
118.25	120.75	FOSP;0.736
136.75	137.50	FOSP;0.519
150.50	152.25	FOSP;0.690
164.50	166.00	FOSP;0.694
166.25	166.50	FOSP;0.559
176.50	178.25	FOSP;0.745
189.75	192.00	FOSP;0.828
203.50	206.50	FOSP;0.890
216.00	218.25	FOSP;0.778
230.00	232.50	FOSP;0.803
242.75	245.50	FOSP;0.818
255.00	255.25	FOSP;0.506
255.50	257.50	FOSP;0.680
267.25	269.00	FOSP;0.711
279.50	281.50	FOSP;0.680
293.00	294.75	FOSP;0.770
74.75	75.00	GRCA;0.520
1.75	2.50	OROR;0.573
38.00	38.25	OROR;0.510
216.00	216.25	OROR;0.507
267.25	267.50	OROR;0.514
45.75	46.00	RBGR;0.513
60.50	62.25	RBGR;0.648
144.00	145.50	RUGR;0.746
289.50	290.25	SWSP;0.568
34.50	35.50	TOSO;0.602
112.75	113.50	TOSO;0.585
5.25	8.00	WCSP;0.935
11.00	13.00	WCSP;0.766
28.75	29.25	WCSP;0.535
44.75	47.00	WCSP;0.883
47.25	48.50	WCSP;0.697
55.50	56.75	WCSP;0.693
60.00	62.50	WCSP;0.914
65.75	68.75	WCSP;0.906
78.00	80.50	WCSP;0.895
111.00	111.25	WCSP;0.524
115.75	116.50	WCSP;0.610
130.00	132.75	WCSP;0.947
135.00	137.00	WCSP;0.799
148.50	151.00	WCSP;0.927
153.00	156.00	WCSP;0.866
159.00	161.75	WCSP;0.857
219.50	222.00	WCSP;0.875
224.50	226.00	WCSP;0.816
234.75	237.25	WCSP;0.943
239.50	239.75	WCSP;0.505
240.50	243.00	WCSP;0.798
246.50	247.75	WCSP;0.605
253.25	254.25	WCSP;0.713
260.00	261.75	WCSP;0.742
284.75	286.00	WCSP;0.697
290.25	292.00	WCSP;0.714
1.50	1.75	WIWA;0.584
8.50	10.50	WIWA;0.777
16.75	19.25	WIWA;0.883
23.00	26.00	WIWA;0.880
31.25	34.00	WIWA;0.827
40.00	43.00	WIWA;0.884
48.50	50.00	WIWA;0.746
56.50	59.00	WIWA;0.799
65.00	65.25	WIWA;0.528
81.50	84.00	WIWA;0.771
88.00	90.75	WIWA;0.919
93.25	93.50	WIWA;0.514
93.75	97.00	WIWA;0.828
101.50	104.50	WIWA;0.845
109.00	111.50	WIWA;0.882
116.75	119.25	WIWA;0.866
124.00	126.00	WIWA;0.730
132.25	134.50	WIWA;0.794
139.00	142.00	WIWA;0.773
144.50	149.25	WIWA;0.907
155.25	156.50	WIWA;0.697
162.25	162.50	WIWA;0.576
170.25	173.00	WIWA;0.871
184.50	187.25	WIWA;0.862
192.00	194.00	WIWA;0.697
199.25	203.00	WIWA;0.944
208.00	211.25	WIWA;0.885
225.75	228.25	WIWA;0.890
233.75	234.50	WIWA;0.545
274.50	276.75	WIWA;0.782
281.75	283.50	WIWA;0.722
287.75	289.50	WIWA;0.594
295.75	298.00	WIWA;0.757
4.50	5.75	WTSP;0.863
10.00	12.00	WTSP;0.796
22.00	24.75	WTSP;0.914
36.75	37.25	WTSP;0.757
42.50	43.50	WTSP;0.819
46.50	47.25	WTSP;0.755
54.25	55.75	WTSP;0.900
69.00	75.50	WTSP;0.989
80.25	82.00	WTSP;0.873
83.00	89.00	WTSP;0.982
98.00	102.50	WTSP;0.987
110.50	110.75	WTSP;0.699
113.50	117.00	WTSP;0.961
123.00	125.00	WTSP;0.841
125.75	130.50	WTSP;0.990
133.50	136.00	WTSP;0.954
141.25	143.50	WTSP;0.890
156.00	159.50	WTSP;0.964
162.75	164.25	WTSP;0.870
173.50	176.75	WTSP;0.975
180.25	184.75	WTSP;0.977
197.75	198.00	WTSP;0.706
213.25	215.75	WTSP;0.983
223.25	224.75	WTSP;0.873
236.75	239.50	WTSP;0.958
246.00	248.00	WTSP;0.763
251.50	253.25	WTSP;0.940
258.00	259.75	WTSP;0.930
263.00	264.25	WTSP;0.789
269.75	272.50	WTSP;0.967
284.00	285.00	WTSP;0.770
295.25	298.50	WTSP;0.937
