0.25	2.25	AMRO;0.812
2.50	5.50	AMRO;0.906
12.50	15.25	AMRO;0.787
18.25	22.00	AMRO;0.973
22.50	26.00	AMRO;0.969
28.25	30.50	AMRO;0.907
31.75	33.75	AMRO;0.938
35.50	37.50	AMRO;0.973
39.75	48.00	AMRO;0.980
51.50	51.75	AMRO;0.729
55.00	56.50	AMRO;0.732
59.25	62.00	AMRO;0.930
64.00	67.25	AMRO;0.932
69.50	71.50	AMRO;0.803
74.25	77.00	AMRO;0.953
85.50	87.25	AMRO;0.787
87.50	87.75	AMRO;0.746
88.50	89.50	AMRO;0.737
90.75	92.25	AMRO;0.851
95.00	98.25	AMRO;0.845
101.00	102.50	AMRO;0.804
107.00	111.25	AMRO;0.963
119.50	123.50	AMRO;0.928
124.25	126.50	AMRO;0.866
131.50	132.50	AMRO;0.719
134.75	138.00	AMRO;0.957
138.25	143.50	AMRO;0.979
150.50	155.50	AMRO;0.965
159.25	161.50	AMRO;0.910
162.75	165.00	AMRO;0.882
167.25	170.25	AMRO;0.970
177.00	179.50	AMRO;0.937
180.75	183.50	AMRO;0.951
185.00	185.50	AMRO;0.724
190.00	191.00	AMRO;0.771
192.00	197.00	AMRO;0.941
198.50	208.50	AMRO;0.979
210.50	218.25	AMRO;0.979
219.25	221.00	AMRO;0.822
225.50	226.75	AMRO;0.762
238.00	240.25	AMRO;0.899
247.75	248.50	AMRO;0.742
256.75	257.00	AMRO;0.726
261.00	264.75	AMRO;0.985
269.50	270.50	AMRO;0.799
271.50	273.75	AMRO;0.859
277.25	283.00	AMRO;0.922
291.00	292.00	AMRO;0.728
295.50	297.00	AMRO;0.835
31.25	32.25	BBPL;0.616
107.50	108.75	BCCH;0.697
123.50	123.75	BCCH;0.536
124.00	124.25	BCCH;0.551
279.00	279.75	BCCH;0.593
292.75	294.50	BCCH;0.810
131.50	132.00	BRSP;0.532
150.50	151.50	CCSP;0.648
167.50	168.75	CCSP;0.583
299.00	300.00	EABL;0.657
248.50	250.00	EAME;0.607
118.75	119.25	GRYE;0.540
82.25	82.75	GWTE;0.524
120.25	121.50	GWTE;0.716
183.25	184.75	GWTE;0.808
245.25	246.75	GWTE;0.731
281.50	282.25	GWTE;0.573
30.75	31.00	HETH;0.516
63.50	63.75	HETH;0.528
115.50	117.00	HETH;0.890
217.25	218.00	HETH;0.652
287.00	288.50	HETH;0.592
6.75	9.75	LISP;0.960
16.75	19.50	LISP;0.959
21.75	24.75	LISP;0.968
27.00	29.75	LISP;0.915
33.50	35.50	LISP;0.881
37.00	40.00	LISP;0.968
44.50	50.50	LISP;0.978
56.50	61.00	LISP;0.978
67.75	71.50	LISP;0.992
78.00	81.00	LISP;0.979
84.25	89.50	LISP;0.952
92.25	95.25	LISP;0.943
99.00	102.25	LISP;0.967
102.50	105.25	LISP;0.977
109.75	115.50	LISP;0.981
121.50	123.00	LISP;0.869
125.00	127.50	LISP;0.972
136.50	139.00	LISP;0.960
143.75	147.00	LISP;0.968
149.00	150.25	LISP;0.800
154.25	157.25	LISP;0.967
164.50	167.00	LISP;0.927
175.00	178.00	LISP;0.987
186.00	189.00	LISP;0.959
198.25	200.25	LISP;0.841
220.25	223.00	LISP;0.932
231.75	235.00	LISP;0.990
242.50	244.75	LISP;0.931
253.00	255.75	LISP;0.953
263.00	266.00	LISP;0.966
273.75	276.25	LISP;0.919
284.75	287.75	LISP;0.978
292.50	293.00	LISP;0.718
296.25	299.00	LISP;0.969
76.00	76.75	MOCH;0.575
135.25	136.00	MOCH;0.571
152.25	153.25	MOCH;0.571
250.00	251.25	MOCH;0.582
260.00	262.00	MOCH;0.849
270.75	272.25	MOCH;0.732
290.00	291.00	RBGR;0.579
171.75	173.75	TOSO;0.857
242.00	242.25	VESP;0.523
0.75	2.00	WCSP;0.569
14.75	17.00	WCSP;0.827
36.25	36.50	WCSP;0.599
51.00	53.75	WCSP;0.770
66.25	67.75	WCSP;0.723
81.25	83.75	WCSP;0.818
116.75	119.00	WCSP;0.862
119.25	119.50	WCSP;0.522
132.50	134.50	WCSP;0.705
147.00	149.00	WCSP;0.763
162.50	164.50	WCSP;0.833
178.25	180.25	WCSP;0.826
196.50	198.50	WCSP;0.842
208.25	211.00	WCSP;0.856
224.00	226.25	WCSP;0.922
241.50	241.75	WCSP;0.508
257.00	259.50	WCSP;0.923
272.75	274.00	WCSP;0.792
290.25	292.00	WCSP;0.708
54.75	55.50	WTSP;0.602
222.75	224.00	WTSP;0.683
228.00	231.00	WTSP;0.713
