3.00	3.25	AMRO;0.557
55.50	56.25	AMRO;0.522
61.50	63.50	AMRO;0.737
71.50	71.75	AMRO;0.518
75.50	77.25	AMRO;0.681
81.00	83.25	AMRO;0.632
87.75	89.50	AMRO;0.775
92.50	98.75	AMRO;0.937
117.75	119.50	AMRO;0.819
135.50	137.50	AMRO;0.947
140.00	141.25	AMRO;0.601
145.75	148.00	AMRO;0.830
148.75	153.00	AMRO;0.769
161.50	164.00	AMRO;0.914
166.25	167.00	AMRO;0.584
170.00	171.75	AMRO;0.578
181.00	182.00	AMRO;0.658
193.75	195.00	AMRO;0.578
197.50	198.50	AMRO;0.603
207.00	208.25	AMRO;0.657
209.50	212.25	AMRO;0.905
218.50	219.25	AMRO;0.658
228.00	229.00	AMRO;0.613
230.00	231.25	AMRO;0.733
231.50	232.75	AMRO;0.710
241.75	246.00	AMRO;0.927
249.00	250.50	AMRO;0.805
253.50	254.50	AMRO;0.632
255.50	257.00	AMRO;0.737
261.75	262.25	AMRO;0.531
266.75	267.75	AMRO;0.604
273.75	274.50	AMRO;0.539
276.50	279.50	AMRO;0.765
285.25	287.25	AMRO;0.621
291.00	295.25	AMRO;0.930
295.50	298.00	AMRO;0.784
289.50	290.75	BHGR;0.700
4.25	6.00	FOSP;0.796
50.75	53.00	FOSP;0.865
116.00	116.25	FOSP;0.515
119.25	119.75	FOSP;0.573
251.50	252.25	FOSP;0.615
2.25	2.50	GCSP;0.500
243.75	245.00	GCSP;0.685
80.00	80.50	GRCA;0.512
167.00	167.25	GRCA;0.505
213.00	213.75	GRCA;0.579
225.00	226.25	GRCA;0.562
259.00	259.75	GRCA;0.614
6.50	7.25	LASP;0.672
17.75	19.00	LISP;0.639
38.00	40.00	LISP;0.880
57.50	59.50	LISP;0.845
67.75	69.00	LISP;0.664
89.50	91.50	LISP;0.737
100.75	102.50	LISP;0.622
111.50	112.50	LISP;0.657
123.00	123.50	LISP;0.551
133.25	134.00	LISP;0.530
144.25	145.00	LISP;0.564
154.75	155.25	LISP;0.526
178.75	180.00	LISP;0.649
190.25	191.00	LISP;0.551
200.50	203.00	LISP;0.805
212.50	213.25	LISP;0.521
234.75	236.25	LISP;0.746
246.00	248.00	LISP;0.906
257.75	259.50	LISP;0.786
269.00	270.50	LISP;0.810
293.75	296.25	LISP;0.837
20.00	21.00	RBGR;0.630
26.25	28.25	RBGR;0.896
31.50	33.00	RBGR;0.707
53.50	53.75	RBGR;0.524
54.00	54.25	RBGR;0.548
70.50	71.50	RBGR;0.617
107.75	109.25	RBGR;0.765
133.75	134.50	RBGR;0.590
237.50	242.00	RBGR;0.881
283.00	285.50	RBGR;0.736
43.00	44.00	TOSO;0.639
64.75	66.25	TOSO;0.839
77.00	78.75	TOSO;0.804
83.75	85.50	TOSO;0.845
113.50	114.00	TOSO;0.526
120.50	120.75	TOSO;0.510
124.25	124.50	TOSO;0.513
132.00	132.50	TOSO;0.648
172.25	173.50	TOSO;0.736
232.50	234.25	TOSO;0.745
245.50	246.25	TOSO;0.617
250.50	251.75	TOSO;0.727
263.25	263.75	TOSO;0.525
268.25	269.50	TOSO;0.746
272.50	273.75	TOSO;0.536
6.00	6.75	VESP;0.616
8.50	11.25	WCSP;0.928
14.50	17.00	WCSP;0.907
21.50	24.25	WCSP;0.842
27.50	29.25	WCSP;0.808
35.00	37.00	WCSP;0.869
41.50	43.50	WCSP;0.801
48.50	49.50	WCSP;0.631
55.00	57.00	WCSP;0.794
61.50	63.00	WCSP;0.795
74.25	77.00	WCSP;0.939
81.25	84.00	WCSP;0.899
88.00	89.50	WCSP;0.765
94.00	95.25	WCSP;0.550
107.50	109.50	WCSP;0.894
114.75	116.50	WCSP;0.637
121.25	123.00	WCSP;0.768
125.00	129.50	WCSP;0.862
134.75	139.50	WCSP;0.875
141.75	144.00	WCSP;0.911
147.50	149.50	WCSP;0.828
151.00	152.00	WCSP;0.592
161.00	163.00	WCSP;0.851
167.75	170.50	WCSP;0.856
173.50	178.50	WCSP;0.906
180.00	181.75	WCSP;0.793
186.00	189.00	WCSP;0.912
192.25	194.75	WCSP;0.906
204.50	207.00	WCSP;0.881
223.00	225.00	WCSP;0.900
231.25	233.00	WCSP;0.782
254.00	256.00	WCSP;0.801
261.00	263.50	WCSP;0.922
270.75	273.00	WCSP;0.843
279.00	282.25	WCSP;0.925
287.75	289.25	WCSP;0.754
297.00	298.00	WCSP;0.705
65.75	66.50	WIWA;0.624
72.00	74.00	WIWA;0.851
196.25	197.00	WIWA;0.630
232.75	234.50	WIWA;0.717
0.00	3.00	WTSP;0.911
7.25	9.00	WTSP;0.862
11.00	14.50	WTSP;0.990
21.00	22.50	WTSP;0.785
29.50	32.50	WTSP;0.953
40.50	41.75	WTSP;0.780
43.50	48.75	WTSP;0.976
53.00	55.50	WTSP;0.862
59.25	61.75	WTSP;0.974
63.25	65.00	WTSP;0.871
69.00	69.25	WTSP;0.734
70.50	75.00	WTSP;0.975
80.00	81.25	WTSP;0.818
86.00	88.25	WTSP;0.909
94.50	95.25	WTSP;0.708
95.50	98.25	WTSP;0.921
103.00	107.75	WTSP;0.991
113.25	115.50	WTSP;0.914
120.50	121.50	WTSP;0.803
130.50	132.50	WTSP;0.938
135.00	135.25	WTSP;0.702
139.50	142.00	WTSP;0.969
149.50	151.00	WTSP;0.921
159.00	161.25	WTSP;0.923
163.00	166.25	WTSP;0.976
175.75	176.25	WTSP;0.725
181.75	185.75	WTSP;0.977
192.00	192.25	WTSP;0.736
194.75	200.50	WTSP;0.979
207.00	209.50	WTSP;0.965
216.00	218.50	WTSP;0.902
220.75	223.50	WTSP;0.982
226.25	231.50	WTSP;0.979
237.75	240.75	WTSP;0.949
248.25	250.50	WTSP;0.889
253.50	253.75	WTSP;0.748
256.00	257.25	WTSP;0.826
263.50	268.00	WTSP;0.987
273.00	276.75	WTSP;0.986
283.00	284.50	WTSP;0.878
298.25	299.25	WTSP;0.768
