11.50	13.25	AMRO;0.574
22.75	26.00	AMRO;0.915
30.25	31.75	AMRO;0.752
37.50	38.75	AMRO;0.624
43.50	43.75	AMRO;0.531
44.00	47.00	AMRO;0.944
48.25	50.00	AMRO;0.809
51.00	53.00	AMRO;0.930
56.50	59.00	AMRO;0.947
59.25	59.50	AMRO;0.508
59.75	61.00	AMRO;0.713
63.50	66.75	AMRO;0.930
67.75	80.50	AMRO;0.978
80.75	85.00	AMRO;0.887
91.25	91.50	AMRO;0.534
93.00	93.25	AMRO;0.501
93.50	95.25	AMRO;0.669
99.25	99.50	AMRO;0.523
104.75	105.50	AMRO;0.591
144.25	146.00	AMRO;0.818
156.50	157.25	AMRO;0.672
172.00	172.25	AMRO;0.503
178.75	180.25	AMRO;0.719
272.50	274.25	AMRO;0.691
274.75	275.00	AMRO;0.513
275.50	276.50	AMRO;0.699
297.25	300.00	AMRO;0.847
36.00	36.25	BAOR;0.526
36.50	36.75	BAOR;0.536
150.50	152.50	CHSP;0.828
0.50	2.25	FOSP;0.725
196.25	197.75	FOSP;0.755
259.25	259.50	GCSP;0.500
259.75	260.00	GCSP;0.515
143.25	144.75	HETH;0.694
90.25	90.50	LISP;0.537
94.75	96.75	LISP;0.847
100.75	103.50	LISP;0.945
108.00	108.50	LISP;0.585
113.00	114.50	LISP;0.636
117.00	120.00	LISP;0.945
123.00	125.00	LISP;0.748
128.25	129.50	LISP;0.704
148.25	150.50	LISP;0.773
162.25	163.00	LISP;0.572
211.25	214.00	LISP;0.862
217.00	219.75	LISP;0.856
224.00	225.50	LISP;0.730
229.00	231.00	LISP;0.707
297.50	299.50	LISP;0.800
183.00	183.25	MAMU;0.565
23.00	23.25	MOCH;0.529
41.00	41.25	MOCH;0.591
265.00	266.00	RBGR;0.597
268.50	271.00	RBGR;0.858
18.50	19.25	WATA;0.634
163.50	165.00	WATA;0.752
49.75	51.50	WCSP;0.938
54.00	56.50	WCSP;0.973
61.50	62.50	WCSP;0.768
66.25	68.00	WCSP;0.890
71.00	73.00	WCSP;0.904
76.50	78.25	WCSP;0.848
81.50	83.75	WCSP;0.945
86.50	89.50	WCSP;0.951
92.00	94.75	WCSP;0.947
97.75	100.50	WCSP;0.963
103.25	106.00	WCSP;0.972
109.00	111.50	WCSP;0.933
114.50	117.50	WCSP;0.961
120.00	123.50	WCSP;0.972
129.50	132.50	WCSP;0.961
135.00	138.50	WCSP;0.978
140.50	143.00	WCSP;0.965
176.00	176.75	WCSP;0.754
183.25	185.75	WCSP;0.960
188.50	191.75	WCSP;0.946
193.75	196.25	WCSP;0.943
201.75	205.00	WCSP;0.978
207.25	210.00	WCSP;0.952
213.75	215.50	WCSP;0.891
220.00	223.75	WCSP;0.976
225.50	229.00	WCSP;0.964
232.50	235.00	WCSP;0.986
237.75	240.75	WCSP;0.962
243.75	247.00	WCSP;0.970
247.75	251.50	WCSP;0.974
254.00	257.50	WCSP;0.953
260.00	263.50	WCSP;0.978
266.25	269.75	WCSP;0.964
273.50	277.00	WCSP;0.966
278.50	281.50	WCSP;0.958
284.00	286.50	WCSP;0.945
288.75	292.00	WCSP;0.985
294.00	297.25	WCSP;0.979
23.75	26.00	WIWA;0.824
231.75	233.25	WIWA;0.691
243.00	243.25	WIWA;0.545
257.25	259.50	WIWA;0.860
263.25	266.00	WIWA;0.772
270.50	273.50	WIWA;0.814
286.25	288.50	WIWA;0.722
4.50	5.50	WTSP;0.788
8.50	11.25	WTSP;0.862
15.25	18.75	WTSP;0.967
21.00	23.50	WTSP;0.914
26.25	28.00	WTSP;0.865
28.75	36.50	WTSP;0.986
38.50	41.00	WTSP;0.905
52.75	54.75	WTSP;0.911
61.50	61.75	WTSP;0.724
75.00	75.75	WTSP;0.730
90.75	92.25	WTSP;0.868
100.00	100.25	WTSP;0.717
100.50	100.75	WTSP;0.703
105.75	108.00	WTSP;0.962
111.50	115.50	WTSP;0.904
123.75	126.50	WTSP;0.965
131.75	133.75	WTSP;0.858
139.00	141.00	WTSP;0.920
142.00	143.25	WTSP;0.822
145.50	147.50	WTSP;0.902
153.00	155.00	WTSP;0.950
157.00	162.75	WTSP;0.988
166.75	177.50	WTSP;0.993
179.00	183.00	WTSP;0.978
186.50	189.00	WTSP;0.973
198.00	200.50	WTSP;0.903
202.00	202.25	WTSP;0.736
204.75	207.50	WTSP;0.964
213.50	217.50	WTSP;0.961
220.75	221.00	WTSP;0.702
234.50	238.50	WTSP;0.988
241.00	244.50	WTSP;0.988
251.75	253.50	WTSP;0.894
258.75	260.50	WTSP;0.910
285.75	288.00	WTSP;0.889
291.75	294.75	WTSP;0.978
113.75	114.25	WWCR;0.580
