27.50	29.25	AMRO;0.779
54.50	59.50	AMRO;0.858
60.25	62.00	AMRO;0.765
77.50	78.25	AMRO;0.543
226.00	227.25	AMRO;0.620
233.75	234.75	AMRO;0.681
239.25	241.50	AMRO;0.621
279.50	281.50	AMRO;0.753
29.75	31.25	ATSP;0.810
0.50	1.00	BRSP;0.545
11.00	12.50	BRSP;0.646
44.25	44.50	BRSP;0.500
50.75	51.50	BRSP;0.545
186.75	189.25	BRSP;0.908
205.25	206.25	BRSP;0.594
280.75	281.75	BRSP;0.647
285.50	286.25	BRSP;0.558
296.25	296.50	BRSP;0.517
296.75	297.75	BRSP;0.624
1.50	2.25	CCSP;0.555
13.00	13.75	CCSP;0.515
99.50	100.75	CCSP;0.793
132.50	133.25	CCSP;0.591
154.75	156.00	CCSP;0.667
161.50	163.50	CCSP;0.922
168.00	169.75	CCSP;0.796
203.75	205.00	CCSP;0.616
209.25	211.00	CCSP;0.943
216.00	217.00	CCSP;0.666
222.25	223.25	CCSP;0.574
233.00	233.25	CCSP;0.548
255.75	256.25	CCSP;0.537
279.50	280.75	CCSP;0.710
25.75	28.00	CHSP;0.923
30.75	35.75	CHSP;0.982
38.00	41.50	CHSP;0.954
44.00	50.50	CHSP;0.965
50.75	55.00	CHSP;0.944
56.00	99.50	CHSP;0.983
100.75	116.00	CHSP;0.976
116.50	133.25	CHSP;0.975
133.50	154.00	CHSP;0.982
156.00	161.50	CHSP;0.976
164.75	168.50	CHSP;0.977
171.25	175.25	CHSP;0.979
176.00	181.50	CHSP;0.974
182.75	186.75	CHSP;0.980
188.75	198.25	CHSP;0.979
198.75	203.75	CHSP;0.984
206.00	209.50	CHSP;0.978
211.00	216.00	CHSP;0.974
217.00	221.00	CHSP;0.969
223.25	227.25	CHSP;0.972
229.00	232.75	CHSP;0.954
233.50	238.50	CHSP;0.980
240.50	255.75	CHSP;0.979
257.00	261.00	CHSP;0.978
262.00	279.75	CHSP;0.982
281.25	290.00	CHSP;0.977
291.50	296.00	CHSP;0.971
297.50	300.00	CHSP;0.963
116.75	117.50	FOSP;0.578
18.50	18.75	HOWR;0.505
15.25	16.25	LISP;0.594
123.00	124.75	LISP;0.788
128.50	130.00	LISP;0.715
155.50	156.50	LISP;0.718
284.75	285.50	LISP;0.560
3.00	4.00	PAWA;0.761
222.25	223.00	RBGR;0.527
229.00	230.00	RBGR;0.650
217.50	218.25	VATH;0.572
260.75	263.00	VATH;0.874
289.50	293.00	VATH;0.959
14.00	15.50	WCSP;0.765
23.00	23.25	WCSP;0.534
36.00	37.50	WCSP;0.750
42.50	44.00	WCSP;0.703
50.50	51.25	WCSP;0.627
4.00	4.50	WTSP;0.530
10.25	11.25	WTSP;0.589
19.50	22.50	WTSP;0.859
