397.25	398.25	AMRO;0.715
533.50	533.75	AMRO;0.520
536.50	540.50	AMRO;0.897
554.50	554.75	AMRO;0.500
555.00	556.00	AMRO;0.557
558.50	561.50	AMRO;0.948
562.00	563.00	AMRO;0.568
567.00	569.00	AMRO;0.731
585.75	587.50	AMRO;0.732
522.50	522.75	BFAL;0.514
327.25	328.50	BHVI;0.706
3.50	6.50	CHSP;0.771
12.75	14.50	CHSP;0.778
22.50	25.50	CHSP;0.873
46.50	48.50	CHSP;0.839
54.75	58.00	CHSP;0.870
63.50	65.25	CHSP;0.661
73.00	75.50	CHSP;0.843
81.00	83.50	CHSP;0.711
83.75	84.00	CHSP;0.535
89.50	92.25	CHSP;0.656
98.50	100.00	CHSP;0.688
101.75	105.50	CHSP;0.880
112.50	114.50	CHSP;0.661
124.00	124.50	CHSP;0.523
124.75	125.00	CHSP;0.525
131.00	133.50	CHSP;0.672
148.75	151.00	CHSP;0.773
158.25	159.00	CHSP;0.524
166.50	169.50	CHSP;0.728
176.00	177.25	CHSP;0.611
193.50	194.25	CHSP;0.554
222.75	223.00	CHSP;0.512
256.00	258.50	CHSP;0.727
264.00	266.50	CHSP;0.736
289.75	290.75	CHSP;0.598
348.50	351.25	CHSP;0.683
358.00	360.50	CHSP;0.717
365.25	368.00	CHSP;0.776
382.00	385.00	CHSP;0.825
392.75	394.50	CHSP;0.674
400.75	402.50	CHSP;0.666
409.25	412.00	CHSP;0.785
417.00	420.25	CHSP;0.877
435.00	436.50	CHSP;0.766
443.00	446.00	CHSP;0.853
459.50	463.50	CHSP;0.842
470.75	472.00	CHSP;0.623
495.00	497.50	CHSP;0.773
502.75	505.75	CHSP;0.893
511.50	514.75	CHSP;0.894
527.50	530.75	CHSP;0.889
571.00	572.00	CHSP;0.575
579.25	580.75	CHSP;0.666
587.00	589.25	CHSP;0.670
596.75	598.00	CHSP;0.621
303.75	304.25	FISP;0.530
9.25	12.50	FOSP;0.884
15.00	16.75	FOSP;0.869
19.50	21.75	FOSP;0.924
30.00	31.25	FOSP;0.784
34.25	36.50	FOSP;0.906
41.50	43.00	FOSP;0.850
45.50	46.50	FOSP;0.768
63.75	65.00	FOSP;0.764
67.50	70.00	FOSP;0.924
74.75	77.50	FOSP;0.898
77.75	80.25	FOSP;0.904
90.25	90.75	FOSP;0.716
93.25	96.00	FOSP;0.848
104.50	106.00	FOSP;0.819
109.25	110.50	FOSP;0.761
121.50	123.75	FOSP;0.844
125.75	127.75	FOSP;0.916
131.75	134.00	FOSP;0.843
144.00	144.25	FOSP;0.701
144.50	144.75	FOSP;0.728
154.50	156.50	FOSP;0.838
165.00	166.75	FOSP;0.806
173.25	174.75	FOSP;0.855
176.00	178.50	FOSP;0.864
179.25	179.75	FOSP;0.696
180.00	184.50	FOSP;0.928
187.50	188.25	FOSP;0.702
229.00	231.75	FOSP;0.978
262.25	264.25	FOSP;0.884
264.75	265.75	FOSP;0.807
276.75	277.75	FOSP;0.795
283.75	285.25	FOSP;0.826
289.25	290.75	FOSP;0.777
295.75	297.50	FOSP;0.860
304.25	305.50	FOSP;0.829
310.00	312.50	FOSP;0.854
317.00	319.75	FOSP;0.887
321.00	322.25	FOSP;0.800
329.25	330.75	FOSP;0.808
333.50	335.50	FOSP;0.887
337.00	339.00	FOSP;0.892
343.25	346.75	FOSP;0.978
354.00	358.50	FOSP;0.943
367.00	370.25	FOSP;0.973
371.75	373.00	FOSP;0.777
377.75	381.00	FOSP;0.947
387.50	388.00	FOSP;0.707
390.00	392.75	FOSP;0.955
396.00	397.25	FOSP;0.832
400.75	405.50	FOSP;0.979
408.75	409.50	FOSP;0.740
414.00	416.25	FOSP;0.871
419.25	421.25	FOSP;0.870
425.50	428.25	FOSP;0.918
437.25	441.25	FOSP;0.968
451.00	456.25	FOSP;0.944
464.00	466.75	FOSP;0.888
470.75	473.50	FOSP;0.955
477.50	480.50	FOSP;0.956
487.25	488.25	FOSP;0.790
491.50	494.00	FOSP;0.978
500.75	501.75	FOSP;0.775
504.75	507.50	FOSP;0.936
517.50	522.00	FOSP;0.976
531.00	533.50	FOSP;0.934
544.00	547.25	FOSP;0.968
551.75	552.50	FOSP;0.780
562.50	564.75	FOSP;0.896
569.75	571.75	FOSP;0.949
580.00	582.75	FOSP;0.967
593.25	596.00	FOSP;0.962
405.75	406.25	GCSP;0.568
599.50	599.75	GCSP;0.502
19.00	19.75	HETH;0.633
41.00	41.75	HETH;0.557
444.00	444.50	HETH;0.556
185.50	187.25	LISP;0.795
548.50	551.00	LISP;0.816
597.00	597.75	LISP;0.549
360.25	360.50	MOCH;0.518
557.00	558.00	MOCH;0.696
547.75	548.50	PUFI;0.606
348.00	351.75	RUGR;0.861
17.50	18.25	SOSA;0.571
227.75	228.75	VATH;0.720
144.75	146.00	VESP;0.609
0.50	0.75	WCSP;0.744
6.50	9.75	WCSP;0.951
32.75	35.00	WCSP;0.931
43.00	44.75	WCSP;0.902
50.00	51.50	WCSP;0.793
53.50	54.75	WCSP;0.818
58.25	60.75	WCSP;0.897
65.25	66.75	WCSP;0.778
71.00	73.00	WCSP;0.872
94.75	95.25	WCSP;0.728
106.50	107.75	WCSP;0.794
136.25	139.00	WCSP;0.959
143.00	144.00	WCSP;0.758
194.00	198.00	WCSP;0.954
199.50	203.50	WCSP;0.978
205.25	208.50	WCSP;0.961
210.50	210.75	WCSP;0.697
211.00	215.25	WCSP;0.981
217.50	221.00	WCSP;0.969
224.00	227.50	WCSP;0.970
231.50	235.50	WCSP;0.984
239.00	243.00	WCSP;0.983
245.50	249.25	WCSP;0.976
252.00	255.75	WCSP;0.978
258.75	262.50	WCSP;0.972
266.75	270.50	WCSP;0.945
273.00	276.50	WCSP;0.974
279.00	282.50	WCSP;0.984
285.50	289.00	WCSP;0.976
292.00	296.00	WCSP;0.985
298.00	301.75	WCSP;0.984
305.25	309.00	WCSP;0.963
313.75	317.50	WCSP;0.955
322.00	326.00	WCSP;0.970
330.50	334.25	WCSP;0.982
336.25	337.50	WCSP;0.844
339.00	342.75	WCSP;0.976
352.25	354.75	WCSP;0.917
360.75	362.25	WCSP;0.825
373.00	376.00	WCSP;0.957
388.00	390.00	WCSP;0.925
397.50	400.75	WCSP;0.974
407.50	409.25	WCSP;0.850
420.50	425.00	WCSP;0.970
430.00	433.00	WCSP;0.976
440.75	443.25	WCSP;0.965
447.25	447.50	WCSP;0.696
448.50	451.50	WCSP;0.976
456.00	459.00	WCSP;0.979
468.75	471.00	WCSP;0.904
477.00	478.00	WCSP;0.774
485.25	488.25	WCSP;0.939
493.50	495.50	WCSP;0.920
516.50	518.75	WCSP;0.883
571.75	574.75	WCSP;0.945
582.50	585.00	WCSP;0.955
589.75	591.00	WCSP;0.775
598.75	599.25	WCSP;0.772
139.75	140.50	WEWA;0.543
157.00	157.50	WEWA;0.568
0.25	3.00	WIWA;0.902
10.50	13.00	WIWA;0.964
20.00	23.00	WIWA;0.947
29.00	32.25	WIWA;0.946
37.75	41.25	WIWA;0.977
48.00	51.25	WIWA;0.970
59.50	63.00	WIWA;0.981
69.00	72.50	WIWA;0.976
457.50	459.50	WIWA;0.869
464.50	466.75	WIWA;0.866
472.50	476.00	WIWA;0.983
481.25	484.50	WIWA;0.981
488.50	492.25	WIWA;0.977
497.00	500.75	WIWA;0.980
506.25	509.00	WIWA;0.967
514.50	517.50	WIWA;0.979
522.75	526.25	WIWA;0.979
533.75	537.25	WIWA;0.974
546.00	548.00	WIWA;0.860
554.50	557.75	WIWA;0.979
565.00	568.75	WIWA;0.978
576.00	579.50	WIWA;0.971
590.25	593.50	WIWA;0.980
57.50	58.75	WTSP;0.764
85.50	89.75	WTSP;0.987
96.50	101.00	WTSP;0.985
107.00	107.50	WTSP;0.720
108.00	111.75	WTSP;0.884
118.00	121.50	WTSP;0.986
127.50	131.50	WTSP;0.983
140.50	143.50	WTSP;0.974
150.50	154.50	WTSP;0.984
161.00	165.00	WTSP;0.987
170.75	172.00	WTSP;0.747
174.75	176.00	WTSP;0.879
203.50	205.50	WTSP;0.904
223.00	224.25	WTSP;0.878
257.75	258.50	WTSP;0.746
351.00	352.50	WTSP;0.868
360.75	363.50	WTSP;0.918
384.75	386.50	WTSP;0.885
394.00	396.00	WTSP;0.956
406.00	408.00	WTSP;0.828
436.00	437.00	WTSP;0.836
445.50	447.25	WTSP;0.896
467.50	469.00	WTSP;0.881
510.75	512.00	WTSP;0.853
