3.00	4.25	AMRO;0.843
8.00	11.25	AMRO;0.975
14.50	17.50	AMRO;0.983
20.00	24.50	AMRO;0.983
29.50	32.00	AMRO;0.900
37.75	40.75	AMRO;0.963
50.00	54.00	AMRO;0.973
54.50	54.75	AMRO;0.715
56.00	59.25	AMRO;0.947
68.25	71.50	AMRO;0.955
99.25	104.50	AMRO;0.979
113.00	116.25	AMRO;0.986
119.00	120.25	AMRO;0.795
124.75	127.75	AMRO;0.939
130.75	138.25	AMRO;0.981
147.50	150.00	AMRO;0.956
153.25	156.25	AMRO;0.976
161.50	168.00	AMRO;0.986
189.25	193.00	AMRO;0.985
198.50	202.00	AMRO;0.975
210.50	214.25	AMRO;0.981
223.50	225.00	AMRO;0.863
227.75	231.00	AMRO;0.983
238.00	241.25	AMRO;0.965
260.00	262.00	AMRO;0.796
266.75	272.75	AMRO;0.974
283.00	286.50	AMRO;0.976
294.25	297.00	AMRO;0.963
68.50	69.50	BRSP;0.693
206.50	207.50	BRSP;0.585
207.75	208.00	BRSP;0.521
257.50	259.00	BRSP;0.704
87.50	89.50	CHSP;0.703
133.00	134.00	CHSP;0.575
143.25	145.25	CHSP;0.760
155.00	157.50	CHSP;0.805
183.75	185.00	CHSP;0.652
206.00	206.25	CHSP;0.557
207.00	207.25	CHSP;0.537
225.00	227.25	CHSP;0.671
243.25	246.00	CHSP;0.876
255.75	258.25	CHSP;0.827
281.75	282.00	CHSP;0.529
282.25	283.75	CHSP;0.674
292.50	294.50	CHSP;0.743
35.00	35.25	FOSP;0.501
45.50	47.50	FOSP;0.826
77.50	80.25	FOSP;0.798
94.50	97.00	FOSP;0.865
127.25	129.00	FOSP;0.665
139.50	141.50	FOSP;0.737
156.75	158.50	FOSP;0.720
174.75	177.00	FOSP;0.743
273.50	275.00	FOSP;0.835
280.50	282.00	FOSP;0.777
290.25	292.50	FOSP;0.923
43.25	45.00	GRCA;0.728
107.00	107.25	GRCA;0.529
107.50	107.75	GRCA;0.616
108.00	109.25	GRCA;0.582
12.00	13.50	LISP;0.610
41.50	43.25	LISP;0.890
73.75	75.50	LISP;0.794
89.25	91.00	LISP;0.833
104.75	107.00	LISP;0.821
121.00	121.25	LISP;0.507
149.50	152.00	LISP;0.918
173.00	173.25	LISP;0.521
173.50	174.25	LISP;0.598
203.00	203.75	LISP;0.538
247.50	250.50	LISP;0.900
263.00	264.50	LISP;0.753
137.25	139.75	PISI;0.953
222.00	222.25	PISI;0.504
222.50	224.25	PISI;0.774
267.00	268.50	PISI;0.686
275.25	276.50	PISI;0.726
299.25	299.75	PISI;0.528
10.50	10.75	RUGR;0.713
92.00	92.75	RUGR;0.788
148.00	152.00	RUGR;0.986
181.75	182.50	RUGR;0.727
256.00	260.00	RUGR;0.982
292.00	293.75	RUGR;0.916
294.50	296.00	RUGR;0.858
0.00	2.00	TEWA;0.807
4.50	8.50	TEWA;0.974
15.75	19.25	TEWA;0.969
22.50	26.00	TEWA;0.839
36.00	38.75	TEWA;0.928
46.75	49.75	TEWA;0.946
51.50	54.50	TEWA;0.963
64.25	67.50	TEWA;0.951
70.25	71.50	TEWA;0.836
83.50	87.25	TEWA;0.964
91.50	94.00	TEWA;0.930
107.00	109.00	TEWA;0.921
112.00	114.50	TEWA;0.904
116.50	119.50	TEWA;0.884
121.25	125.50	TEWA;0.977
128.75	131.75	TEWA;0.936
134.00	136.00	TEWA;0.848
141.50	142.50	TEWA;0.752
144.50	148.50	TEWA;0.951
152.00	155.00	TEWA;0.952
158.25	159.75	TEWA;0.807
164.00	166.25	TEWA;0.881
169.50	173.50	TEWA;0.954
178.00	181.50	TEWA;0.960
185.50	188.50	TEWA;0.946
193.50	197.00	TEWA;0.938
199.25	203.25	TEWA;0.974
206.75	209.75	TEWA;0.917
213.50	217.25	TEWA;0.974
226.75	230.25	TEWA;0.940
233.00	235.25	TEWA;0.817
238.50	242.00	TEWA;0.919
245.75	248.25	TEWA;0.921
252.50	256.00	TEWA;0.969
258.00	261.00	TEWA;0.957
264.00	267.00	TEWA;0.934
272.00	273.50	TEWA;0.793
276.00	279.25	TEWA;0.965
283.75	286.00	TEWA;0.888
290.00	292.50	TEWA;0.889
296.25	300.00	TEWA;0.950
187.50	190.00	TOSO;0.816
2.25	4.00	WIWA;0.629
160.00	163.00	WIWA;0.947
203.50	203.75	WIWA;0.506
221.75	222.50	WIWA;0.603
251.25	252.50	WIWA;0.572
