39.00	39.25	BRSP;0.534
20.25	23.00	CHSP;0.939
26.00	29.50	CHSP;0.929
49.00	52.00	CHSP;0.978
57.00	58.50	CHSP;0.865
67.50	71.75	CHSP;0.975
78.00	81.00	CHSP;0.965
91.00	95.00	CHSP;0.972
97.00	98.75	CHSP;0.898
103.00	105.00	CHSP;0.850
124.00	126.50	CHSP;0.970
128.00	131.50	CHSP;0.975
136.00	143.50	CHSP;0.966
149.00	150.00	CHSP;0.758
153.00	155.75	CHSP;0.931
117.50	117.75	FISP;0.521
278.50	279.50	FISP;0.632
7.50	9.50	FOSP;0.764
63.00	64.25	FOSP;0.691
78.00	78.25	FOSP;0.506
106.50	109.00	FOSP;0.897
118.25	120.75	FOSP;0.844
132.25	134.50	FOSP;0.840
144.00	146.50	FOSP;0.912
159.25	161.50	FOSP;0.875
173.50	176.25	FOSP;0.911
192.00	194.75	FOSP;0.894
208.00	210.75	FOSP;0.954
226.00	228.00	FOSP;0.705
246.50	249.25	FOSP;0.893
261.75	264.00	FOSP;0.833
280.50	282.75	FOSP;0.905
297.25	299.50	FOSP;0.912
65.00	65.25	GCSP;0.507
148.00	148.75	OCWA;0.549
19.25	19.50	SAPH;0.509
40.50	43.00	SWSP;0.918
44.25	44.50	TEWA;0.501
45.00	45.25	TEWA;0.502
54.25	56.50	TEWA;0.678
8.75	10.25	VESP;0.621
264.00	265.25	WAVI;0.638
1.50	4.50	WCSP;0.856
23.50	25.50	WCSP;0.769
44.50	46.00	WCSP;0.674
51.75	53.50	WCSP;0.719
58.25	60.50	WCSP;0.909
65.75	67.50	WCSP;0.676
80.75	83.00	WCSP;0.898
88.00	90.00	WCSP;0.791
95.00	97.00	WCSP;0.772
102.00	103.50	WCSP;0.728
110.00	112.00	WCSP;0.750
126.50	128.50	WCSP;0.877
135.00	135.50	WCSP;0.537
221.75	224.00	WCSP;0.838
232.50	234.50	WCSP;0.779
241.00	241.25	WCSP;0.506
15.25	20.00	WTSP;0.991
28.75	30.75	WTSP;0.819
34.25	38.00	WTSP;0.988
46.50	49.50	WTSP;0.969
61.00	63.50	WTSP;0.907
65.25	66.25	WTSP;0.774
72.50	74.25	WTSP;0.899
86.50	88.50	WTSP;0.952
91.00	92.25	WTSP;0.810
98.00	102.00	WTSP;0.964
112.00	113.25	WTSP;0.797
130.00	131.50	WTSP;0.868
135.00	137.50	WTSP;0.839
147.50	149.00	WTSP;0.811
151.00	158.75	WTSP;0.992
169.25	171.75	WTSP;0.956
176.25	179.00	WTSP;0.910
181.75	188.50	WTSP;0.982
198.50	203.50	WTSP;0.993
211.50	212.50	WTSP;0.757
215.00	219.00	WTSP;0.985
229.25	232.25	WTSP;0.981
241.00	244.75	WTSP;0.976
257.00	260.50	WTSP;0.977
274.00	277.75	WTSP;0.982
289.00	292.50	WTSP;0.983
