1.00	12.25	AMRO;0.983
12.75	16.00	AMRO;0.988
17.75	26.00	AMRO;0.990
26.50	33.00	AMRO;0.990
34.00	35.25	AMRO;0.790
36.00	36.25	AMRO;0.698
37.50	40.50	AMRO;0.930
44.00	46.00	AMRO;0.910
48.00	50.75	AMRO;0.991
51.50	53.00	AMRO;0.791
53.75	56.00	AMRO;0.782
57.00	67.25	AMRO;0.975
67.50	81.75	AMRO;0.977
84.00	97.00	AMRO;0.986
98.00	110.50	AMRO;0.989
111.50	120.75	AMRO;0.986
121.50	124.50	AMRO;0.959
126.50	129.00	AMRO;0.928
130.00	130.75	AMRO;0.756
133.50	147.50	AMRO;0.991
148.75	154.50	AMRO;0.985
160.75	165.50	AMRO;0.983
166.50	179.00	AMRO;0.985
179.75	182.25	AMRO;0.930
183.75	188.50	AMRO;0.988
190.00	195.75	AMRO;0.983
197.00	201.25	AMRO;0.904
201.50	204.25	AMRO;0.899
205.75	211.00	AMRO;0.981
214.75	217.50	AMRO;0.822
217.75	224.50	AMRO;0.980
225.00	228.00	AMRO;0.938
229.00	230.75	AMRO;0.838
235.00	242.25	AMRO;0.985
243.00	258.00	AMRO;0.985
260.00	262.25	AMRO;0.773
262.50	275.00	AMRO;0.986
278.25	281.50	AMRO;0.975
281.75	282.00	AMRO;0.697
283.75	286.50	AMRO;0.960
287.25	292.75	AMRO;0.986
294.25	300.00	AMRO;0.991
34.75	35.00	BHGR;0.518
260.75	261.50	BHGR;0.567
8.50	9.50	BRSP;0.609
17.25	19.00	BRSP;0.751
26.50	28.25	BRSP;0.609
44.50	45.75	BRSP;0.689
51.00	51.25	BRSP;0.502
51.50	51.75	BRSP;0.533
52.25	54.50	BRSP;0.803
64.75	66.25	BRSP;0.644
75.50	77.00	BRSP;0.640
77.25	77.50	BRSP;0.517
86.00	87.50	BRSP;0.660
112.00	113.50	BRSP;0.661
130.00	130.50	BRSP;0.507
136.25	138.00	BRSP;0.654
166.00	167.75	BRSP;0.747
172.50	175.00	BRSP;0.602
181.25	182.00	BRSP;0.530
190.25	191.00	BRSP;0.552
196.50	197.50	BRSP;0.635
201.00	202.00	BRSP;0.727
169.50	170.00	BRTH;0.569
26.00	26.75	CHSP;0.538
33.75	34.50	CHSP;0.566
66.25	67.50	CHSP;0.640
84.75	85.25	CHSP;0.531
94.50	97.50	CHSP;0.862
103.50	107.00	CHSP;0.870
122.00	122.50	CHSP;0.581
146.50	148.00	CHSP;0.649
155.50	159.00	CHSP;0.947
181.00	181.50	CHSP;0.538
188.50	190.50	CHSP;0.694
198.50	201.00	CHSP;0.777
207.00	208.50	CHSP;0.600
218.00	221.00	CHSP;0.806
229.00	231.75	CHSP;0.847
235.50	239.00	CHSP;0.826
247.00	249.25	CHSP;0.836
256.00	258.75	CHSP;0.738
264.00	265.50	CHSP;0.765
273.50	276.00	CHSP;0.731
286.75	289.00	CHSP;0.743
297.50	300.00	CHSP;0.784
131.00	132.00	DEJU;0.589
252.25	252.75	DEJU;0.548
276.00	277.50	FOSP;0.575
292.50	294.00	FOSP;0.699
109.50	110.50	LISP;0.578
120.00	121.00	LISP;0.584
154.25	156.25	LISP;0.777
178.25	180.00	LISP;0.818
226.75	228.50	LISP;0.826
216.00	216.75	RBGR;0.585
12.00	12.25	RCKI;0.521
110.25	111.50	REVI;0.736
237.00	238.25	RUGR;0.584
55.00	56.75	TOSO;0.701
78.00	79.00	TOSO;0.610
121.00	121.25	TOSO;0.501
166.75	167.50	TOSO;0.601
184.75	185.00	TOSO;0.500
201.50	202.25	TOSO;0.562
203.75	204.50	TOSO;0.619
281.50	281.75	TOSO;0.509
41.25	44.00	WCSP;0.843
58.00	58.75	WCSP;0.584
61.25	63.50	WCSP;0.931
133.00	134.75	WCSP;0.792
