220.50	221.50	AMWO;0.543
254.75	255.25	AMWO;0.531
575.50	576.00	AMWO;0.547
239.00	240.50	BCCH;0.679
70.75	71.00	BHCO;0.514
121.00	121.50	BHCO;0.561
263.25	264.00	BHCO;0.528
307.00	308.50	BHCO;0.743
433.75	434.50	BHCO;0.558
527.00	528.00	BHCO;0.574
537.75	538.50	BHCO;0.603
557.00	557.50	BHCO;0.532
557.75	558.00	BHCO;0.508
576.50	577.50	BHCO;0.635
212.00	213.00	BLJA;0.636
300.25	300.50	BLJA;0.560
323.00	323.50	BLJA;0.531
484.00	485.00	CAFI;0.649
97.00	98.75	CHSP;0.681
105.00	107.50	CHSP;0.863
112.25	115.00	CHSP;0.829
143.75	144.50	CHSP;0.540
196.50	197.50	CHSP;0.535
236.75	237.50	CHSP;0.558
245.00	246.25	CHSP;0.678
126.00	129.00	DEJU;0.652
134.25	136.00	DEJU;0.713
162.50	163.50	DEJU;0.612
205.50	205.75	DEJU;0.506
206.00	206.25	DEJU;0.546
238.25	238.50	DEJU;0.508
72.50	73.50	FISP;0.697
161.00	162.25	HETH;0.670
229.50	231.75	HETH;0.868
147.50	148.25	RUBL;0.577
425.00	425.75	SAND;0.592
389.25	390.50	SESA;0.664
175.50	176.25	SSHA;0.581
225.50	225.75	WEME;0.518
