130.50	131.00	AMDI;0.538
136.50	137.50	BRSP;0.675
248.00	249.25	BRSP;0.619
0.50	7.50	CHSP;0.980
22.00	27.50	CHSP;0.979
29.00	44.00	CHSP;0.982
48.00	52.25	CHSP;0.975
71.50	74.00	CHSP;0.905
99.50	105.00	CHSP;0.952
111.00	114.50	CHSP;0.880
118.50	120.75	CHSP;0.867
125.50	128.25	CHSP;0.937
130.75	143.50	CHSP;0.979
146.00	148.75	CHSP;0.952
150.75	154.50	CHSP;0.963
158.00	161.25	CHSP;0.966
163.50	164.75	CHSP;0.789
167.00	174.50	CHSP;0.971
184.50	188.25	CHSP;0.976
192.50	201.75	CHSP;0.978
202.50	207.75	CHSP;0.956
209.00	212.50	CHSP;0.976
218.50	221.00	CHSP;0.946
224.75	229.00	CHSP;0.975
230.50	233.75	CHSP;0.970
240.50	245.50	CHSP;0.972
248.00	255.00	CHSP;0.966
256.00	259.00	CHSP;0.930
264.50	268.25	CHSP;0.944
271.50	273.50	CHSP;0.854
278.75	280.25	CHSP;0.798
284.00	287.25	CHSP;0.922
115.00	115.25	DEJU;0.517
203.25	204.75	DEJU;0.661
293.75	294.50	FISP;0.692
65.75	66.75	FOSP;0.652
89.00	89.25	FOSP;0.513
89.50	90.25	FOSP;0.571
141.25	141.75	FOSP;0.532
146.00	146.50	FOSP;0.536
155.25	156.75	FOSP;0.764
159.50	160.00	FOSP;0.536
169.50	171.00	FOSP;0.720
175.00	176.50	FOSP;0.645
183.50	185.25	FOSP;0.772
195.50	196.50	FOSP;0.709
205.00	205.25	FOSP;0.507
206.75	209.00	FOSP;0.728
217.00	217.75	FOSP;0.546
220.00	222.00	FOSP;0.808
232.00	235.00	FOSP;0.838
246.00	247.75	FOSP;0.801
253.25	254.50	FOSP;0.597
272.25	273.50	FOSP;0.576
279.50	281.25	FOSP;0.708
285.50	287.25	FOSP;0.810
39.50	40.75	GCSP;0.633
45.50	45.75	LASP;0.505
46.00	46.25	LASP;0.521
9.50	12.25	LISP;0.883
46.50	48.25	LISP;0.847
57.75	60.00	LISP;0.870
97.25	99.50	LISP;0.908
107.50	110.50	LISP;0.755
129.00	129.75	LISP;0.629
150.00	151.50	LISP;0.787
161.00	163.00	LISP;0.892
191.75	193.00	LISP;0.777
262.75	264.50	LISP;0.778
21.00	21.25	MOCH;0.518
54.00	54.25	MOCH;0.544
112.75	113.50	MOCH;0.587
83.00	83.75	OCWA;0.528
214.50	215.75	OCWA;0.625
216.00	216.25	OCWA;0.505
80.50	82.00	PISI;0.772
86.00	88.00	PISI;0.900
91.75	93.75	PISI;0.829
94.00	96.50	PISI;0.953
16.50	18.00	SNBU;0.664
89.25	90.00	SNBU;0.558
90.25	90.50	SNBU;0.574
90.75	91.00	SNBU;0.516
205.25	206.50	SNBU;0.556
211.25	212.50	SWTH;0.718
12.50	15.00	WCSP;0.806
18.50	20.00	WCSP;0.709
26.50	29.00	WCSP;0.890
55.25	57.75	WCSP;0.870
61.75	64.50	WCSP;0.885
68.00	71.50	WCSP;0.934
76.25	79.00	WCSP;0.959
84.00	86.25	WCSP;0.923
104.75	106.00	WCSP;0.661
116.50	118.00	WCSP;0.727
122.00	124.50	WCSP;0.829
136.00	136.25	WCSP;0.509
143.50	146.00	WCSP;0.958
176.50	177.75	WCSP;0.736
179.75	181.00	WCSP;0.638
187.75	191.75	WCSP;0.908
217.25	217.50	WCSP;0.530
217.75	218.00	WCSP;0.503
236.25	239.00	WCSP;0.893
257.75	258.75	WCSP;0.567
268.00	270.50	WCSP;0.916
277.25	279.00	WCSP;0.786
297.00	299.75	WCSP;0.811
19.50	21.00	WTSP;0.843
33.25	34.00	WTSP;0.647
43.00	45.25	WTSP;0.951
53.75	56.00	WTSP;0.937
66.25	67.50	WTSP;0.633
95.50	97.00	WTSP;0.754
106.00	108.00	WTSP;0.878
180.00	183.25	WTSP;0.859
214.00	215.00	WTSP;0.605
224.00	225.50	WTSP;0.853
228.00	230.50	WTSP;0.853
239.00	239.50	WTSP;0.526
249.25	252.50	WTSP;0.911
265.75	268.00	WTSP;0.911
270.25	272.00	WTSP;0.654
276.50	277.25	WTSP;0.557
287.25	291.00	WTSP;0.959
