0.75	6.25	AMRO;0.907
11.50	14.50	AMRO;0.954
18.25	20.25	AMRO;0.861
27.75	31.50	AMRO;0.864
41.00	45.50	AMRO;0.942
180.00	183.00	AMRO;0.932
188.25	195.00	AMRO;0.940
196.75	197.50	AMWO;0.628
129.50	130.25	BCCH;0.635
281.75	283.50	BHVI;0.788
292.50	293.00	BHVI;0.506
257.50	258.25	BLJA;0.605
51.75	53.50	BRSP;0.680
83.50	84.75	BRSP;0.716
117.25	118.00	BRSP;0.645
126.25	126.50	BRSP;0.529
126.75	127.00	BRSP;0.514
154.00	156.50	BRSP;0.830
162.75	165.00	BRSP;0.733
184.00	185.50	BRSP;0.661
296.00	296.50	BRSP;0.580
8.75	12.00	CHSP;0.793
21.00	24.25	CHSP;0.909
33.00	35.50	CHSP;0.685
45.00	48.50	CHSP;0.858
53.25	59.75	CHSP;0.920
68.25	72.50	CHSP;0.901
75.00	77.50	CHSP;0.819
79.25	83.25	CHSP;0.870
90.00	94.50	CHSP;0.889
95.50	98.75	CHSP;0.819
102.25	106.50	CHSP;0.786
110.50	115.00	CHSP;0.849
122.00	127.00	CHSP;0.880
132.25	137.25	CHSP;0.846
140.00	144.75	CHSP;0.886
146.50	147.00	CHSP;0.511
151.00	155.00	CHSP;0.869
155.25	155.50	CHSP;0.512
160.00	164.25	CHSP;0.907
171.50	175.00	CHSP;0.874
176.75	178.25	CHSP;0.653
181.25	184.00	CHSP;0.841
191.00	194.00	CHSP;0.749
203.00	207.50	CHSP;0.829
215.50	218.75	CHSP;0.858
232.50	236.00	CHSP;0.912
253.50	258.00	CHSP;0.912
263.75	266.75	CHSP;0.893
274.25	278.50	CHSP;0.890
285.75	289.00	CHSP;0.849
296.25	299.50	CHSP;0.877
185.75	186.50	DEJU;0.662
38.00	40.25	FOSP;0.916
57.50	58.50	FOSP;0.649
66.50	68.00	FOSP;0.788
143.00	143.50	FOSP;0.507
211.00	213.75	FOSP;0.888
224.00	226.50	FOSP;0.865
235.75	237.75	FOSP;0.758
248.50	250.25	FOSP;0.709
262.75	263.25	FOSP;0.561
266.00	268.50	FOSP;0.763
280.75	281.25	FOSP;0.508
286.00	286.75	FOSP;0.605
290.75	292.50	FOSP;0.754
297.75	298.25	FOSP;0.590
78.75	79.00	GCSP;0.515
27.00	27.25	GRCA;0.521
64.50	65.50	HETH;0.728
118.00	118.75	MOCH;0.521
272.50	272.75	NOCA;0.532
263.75	264.00	OROR;0.508
298.00	299.00	OROR;0.624
5.00	5.25	PISI;0.695
5.50	7.75	PISI;0.879
13.00	21.25	PISI;0.982
24.25	27.50	PISI;0.932
174.50	176.75	PISI;0.894
178.75	179.50	PISI;0.736
187.00	188.00	PISI;0.790
188.75	190.50	PISI;0.866
196.00	196.75	PISI;0.801
200.25	202.50	PISI;0.833
214.00	224.50	PISI;0.987
226.50	231.50	PISI;0.987
238.00	249.00	PISI;0.993
98.75	99.00	SBDO;0.521
194.50	196.00	WCSP;0.784
283.50	284.75	WCSP;0.708
294.50	295.50	WCSP;0.705
28.75	29.25	WTSP;0.554
43.00	44.00	WTSP;0.684
60.50	62.00	WTSP;0.701
92.50	93.50	WTSP;0.612
209.25	209.75	WTSP;0.530
