4.75	5.50	AMRO;0.528
18.50	20.75	AMRO;0.878
24.75	26.50	AMRO;0.663
29.00	32.50	AMRO;0.940
43.00	45.25	AMRO;0.746
53.75	56.00	AMRO;0.930
59.50	59.75	AMRO;0.507
60.00	61.25	AMRO;0.668
81.50	83.25	AMRO;0.701
92.00	94.25	AMRO;0.854
95.75	96.75	AMRO;0.688
98.25	99.00	AMRO;0.669
104.25	106.00	AMRO;0.734
112.00	115.25	AMRO;0.798
123.50	125.50	AMRO;0.706
128.00	128.25	AMRO;0.508
131.00	133.50	AMRO;0.816
138.75	140.25	AMRO;0.805
142.75	143.50	AMRO;0.566
149.75	151.00	AMRO;0.619
156.50	158.50	AMRO;0.732
162.25	166.25	AMRO;0.943
171.75	174.50	AMRO;0.869
178.50	179.50	AMRO;0.596
183.25	184.50	AMRO;0.698
209.50	210.00	AMRO;0.573
246.50	248.75	AMRO;0.865
255.00	257.50	AMRO;0.939
258.75	260.25	AMRO;0.627
260.50	262.50	AMRO;0.733
270.50	276.50	AMRO;0.771
284.00	288.50	AMRO;0.884
295.75	300.00	AMRO;0.857
22.00	23.00	FISP;0.638
170.25	171.25	FISP;0.654
263.50	264.50	FISP;0.631
2.00	2.50	FOSP;0.559
3.00	3.25	FOSP;0.504
33.00	34.00	FOSP;0.742
68.75	70.50	FOSP;0.677
85.00	85.50	FOSP;0.558
102.75	103.50	FOSP;0.542
121.00	122.50	FOSP;0.650
129.00	129.75	FOSP;0.581
147.00	148.75	FOSP;0.709
181.75	183.50	FOSP;0.731
221.00	221.75	FOSP;0.625
231.00	231.50	FOSP;0.504
239.00	242.00	FOSP;0.842
265.50	267.25	FOSP;0.832
289.00	291.25	FOSP;0.832
205.75	206.25	GCSP;0.598
166.50	167.00	GRCA;0.536
213.00	213.50	GRCA;0.587
180.50	181.25	HETH;0.550
198.00	198.50	HETH;0.623
8.50	9.00	LISP;0.520
94.00	95.50	LISP;0.698
228.75	229.75	PIGR;0.567
222.50	222.75	PUFI;0.509
65.50	67.75	RBGR;0.878
87.00	87.25	RBGR;0.504
137.50	138.75	RBGR;0.685
143.50	144.25	RBGR;0.607
221.00	222.00	RBGR;0.619
234.00	234.75	RBGR;0.556
249.75	250.50	RBGR;0.629
268.75	269.50	RBGR;0.581
285.50	285.75	RBGR;0.575
61.50	63.00	TOSO;0.850
258.00	259.00	WCSP;0.657
3.00	7.00	WTSP;0.983
9.00	15.50	WTSP;0.987
19.00	22.50	WTSP;0.975
26.00	30.50	WTSP;0.988
34.25	39.25	WTSP;0.984
41.25	48.00	WTSP;0.986
49.25	52.50	WTSP;0.950
54.75	60.50	WTSP;0.991
63.00	68.50	WTSP;0.973
70.75	77.75	WTSP;0.984
78.75	85.00	WTSP;0.984
87.50	92.50	WTSP;0.985
95.75	101.50	WTSP;0.985
105.25	111.75	WTSP;0.981
112.75	117.25	WTSP;0.984
119.25	120.50	WTSP;0.820
122.00	127.75	WTSP;0.983
131.00	135.50	WTSP;0.980
140.00	144.50	WTSP;0.989
148.75	157.00	WTSP;0.981
157.25	163.50	WTSP;0.990
167.75	170.50	WTSP;0.963
174.50	180.00	WTSP;0.977
184.00	188.50	WTSP;0.970
191.25	198.00	WTSP;0.991
200.00	205.75	WTSP;0.976
208.75	211.75	WTSP;0.977
214.50	220.50	WTSP;0.992
223.00	228.75	WTSP;0.995
232.00	237.25	WTSP;0.985
242.50	247.00	WTSP;0.984
250.50	255.00	WTSP;0.980
260.00	263.75	WTSP;0.979
269.75	273.25	WTSP;0.982
279.00	281.00	WTSP;0.926
284.75	285.50	WTSP;0.753
286.50	289.50	WTSP;0.966
291.25	293.00	WTSP;0.923
295.50	300.00	WTSP;0.974
