8.00	9.50	AMRO;0.772
15.50	16.00	AMRO;0.536
22.50	26.50	AMRO;0.946
30.25	35.00	AMRO;0.851
41.25	42.50	AMRO;0.705
47.50	48.50	AMRO;0.738
49.75	50.75	AMRO;0.596
86.00	87.00	AMRO;0.640
95.75	97.75	AMRO;0.807
164.25	165.50	AMRO;0.634
171.50	173.00	AMRO;0.638
183.25	184.50	AMRO;0.642
195.00	196.25	AMRO;0.566
234.75	235.50	AMRO;0.535
244.75	247.00	AMRO;0.780
248.00	249.00	AMRO;0.563
263.00	263.25	AMRO;0.547
274.25	276.00	AMRO;0.670
280.50	281.50	AMRO;0.668
283.00	285.00	AMRO;0.717
4.25	5.00	BAOR;0.590
59.00	59.25	BRSP;0.515
232.75	234.50	CBCH;0.734
18.50	20.00	CCSP;0.670
25.00	27.25	CCSP;0.848
31.75	33.50	CCSP;0.775
46.25	47.00	CCSP;0.608
57.25	58.75	CCSP;0.763
4.00	9.50	CHSP;0.979
20.00	23.25	CHSP;0.967
29.00	31.75	CHSP;0.978
36.00	38.25	CHSP;0.981
50.75	54.00	CHSP;0.984
59.00	62.50	CHSP;0.980
64.00	66.50	CHSP;0.959
117.25	120.00	CHSP;0.936
138.50	140.50	CHSP;0.921
146.50	147.75	CHSP;0.744
159.50	159.75	CHSP;0.694
167.25	167.75	CHSP;0.715
175.50	179.25	CHSP;0.984
186.50	189.00	CHSP;0.935
191.25	192.50	CHSP;0.770
200.00	203.00	CHSP;0.940
209.00	212.00	CHSP;0.988
219.00	222.25	CHSP;0.980
229.00	232.75	CHSP;0.986
236.00	239.50	CHSP;0.987
245.00	250.00	CHSP;0.977
255.75	259.50	CHSP;0.974
262.00	263.00	CHSP;0.732
266.50	269.50	CHSP;0.978
274.75	278.50	CHSP;0.980
284.25	288.25	CHSP;0.981
294.50	297.50	CHSP;0.976
225.75	227.75	DEJU;0.781
62.50	63.50	FOSP;0.643
79.50	81.50	FOSP;0.850
295.50	295.75	GWTE;0.578
100.50	102.00	HASP;0.675
173.50	175.00	HASP;0.681
136.25	138.75	LISP;0.916
149.50	150.75	LISP;0.735
198.50	199.50	LISP;0.675
6.00	6.75	MOCH;0.597
78.00	79.00	RBGU;0.554
127.75	128.50	REVI;0.543
54.00	54.50	SWSP;0.570
88.75	89.25	SWSP;0.569
113.50	113.75	SWSP;0.507
11.00	12.25	VATH;0.580
18.75	20.25	VATH;0.866
89.00	91.50	VATH;0.927
116.25	118.25	VATH;0.780
131.75	133.50	VATH;0.834
157.00	160.00	VATH;0.956
175.25	175.50	VATH;0.579
188.25	189.00	VATH;0.616
207.00	210.25	VATH;0.954
281.75	283.00	VATH;0.675
291.00	293.00	VATH;0.587
43.75	46.25	WCSP;0.853
67.25	67.50	WCSP;0.530
74.50	76.50	WCSP;0.721
91.75	94.00	WCSP;0.833
79.00	79.25	WIWA;0.554
99.50	102.00	WIWA;0.876
113.00	113.25	WIWA;0.545
113.75	115.25	WIWA;0.715
133.00	135.50	WIWA;0.932
142.75	145.50	WIWA;0.939
153.25	156.00	WIWA;0.917
168.00	171.00	WIWA;0.916
179.00	180.75	WIWA;0.826
189.25	191.50	WIWA;0.823
211.50	212.50	WIWA;0.673
212.75	213.00	WIWA;0.530
221.50	223.00	WIWA;0.719
234.25	236.50	WIWA;0.869
242.00	244.00	WIWA;0.830
249.75	253.50	WIWA;0.872
259.50	261.50	WIWA;0.943
293.50	293.75	WIWA;0.508
12.25	15.50	WTSP;0.939
26.50	29.50	WTSP;0.979
38.25	41.75	WTSP;0.941
54.50	57.50	WTSP;0.981
67.00	67.25	WTSP;0.706
69.50	73.00	WTSP;0.991
84.00	87.50	WTSP;0.973
107.50	111.25	WTSP;0.984
120.00	120.50	WTSP;0.720
123.50	127.50	WTSP;0.996
147.25	150.50	WTSP;0.992
191.00	195.75	WTSP;0.989
213.50	217.00	WTSP;0.974
263.75	267.25	WTSP;0.985
277.50	282.00	WTSP;0.986
