4.00	4.75	AMRO;0.752
6.50	8.50	AMRO;0.843
17.50	22.25	AMRO;0.988
29.25	32.50	AMRO;0.973
33.25	35.50	AMRO;0.951
39.00	41.50	AMRO;0.927
43.00	46.75	AMRO;0.987
51.75	53.00	AMRO;0.803
55.00	58.25	AMRO;0.962
58.50	64.50	AMRO;0.966
66.00	66.50	AMRO;0.717
68.75	71.25	AMRO;0.911
72.25	75.50	AMRO;0.986
78.50	83.50	AMRO;0.931
85.50	88.00	AMRO;0.959
90.00	92.50	AMRO;0.937
94.00	96.75	AMRO;0.969
112.25	115.00	AMRO;0.973
118.75	121.75	AMRO;0.983
123.25	128.50	AMRO;0.987
130.00	132.50	AMRO;0.941
135.25	138.25	AMRO;0.953
140.25	143.25	AMRO;0.971
144.50	146.25	AMRO;0.771
151.00	153.50	AMRO;0.953
154.25	156.75	AMRO;0.957
158.75	163.00	AMRO;0.867
165.50	170.50	AMRO;0.973
172.50	175.75	AMRO;0.983
177.75	181.00	AMRO;0.904
184.25	185.25	AMRO;0.752
189.00	190.00	AMRO;0.775
193.50	196.00	AMRO;0.937
198.00	202.50	AMRO;0.979
204.25	205.75	AMRO;0.776
210.50	211.50	AMRO;0.743
214.00	216.00	AMRO;0.853
222.00	225.00	AMRO;0.979
227.00	230.00	AMRO;0.980
233.75	234.25	AMRO;0.707
238.75	239.50	AMRO;0.749
242.25	244.50	AMRO;0.879
247.00	249.50	AMRO;0.925
260.00	262.50	AMRO;0.927
264.50	267.25	AMRO;0.976
269.75	272.25	AMRO;0.979
279.25	282.00	AMRO;0.979
284.00	286.25	AMRO;0.852
288.50	291.25	AMRO;0.980
293.25	295.25	AMRO;0.908
298.00	300.00	AMRO;0.970
154.25	155.25	BRSP;0.645
280.50	282.00	BRSP;0.765
37.00	38.00	BRTH;0.606
91.50	92.75	CHSP;0.694
100.00	101.00	CHSP;0.613
109.00	110.25	CHSP;0.651
113.50	114.50	CHSP;0.659
119.75	121.50	CHSP;0.736
146.50	149.50	CHSP;0.860
152.00	154.00	CHSP;0.785
156.00	158.50	CHSP;0.902
166.50	168.50	CHSP;0.783
171.00	173.75	CHSP;0.936
175.50	178.00	CHSP;0.792
180.00	182.00	CHSP;0.852
184.75	188.00	CHSP;0.880
191.00	193.75	CHSP;0.910
197.50	199.50	CHSP;0.791
202.00	204.25	CHSP;0.780
206.50	209.00	CHSP;0.753
212.00	215.00	CHSP;0.949
219.00	222.00	CHSP;0.946
223.50	227.00	CHSP;0.913
228.75	232.00	CHSP;0.882
235.50	237.50	CHSP;0.647
241.00	243.75	CHSP;0.882
246.00	248.50	CHSP;0.735
251.00	253.50	CHSP;0.751
255.75	258.50	CHSP;0.838
261.50	263.00	CHSP;0.675
266.25	269.00	CHSP;0.906
274.00	276.00	CHSP;0.765
282.25	282.50	CHSP;0.500
288.00	290.50	CHSP;0.809
294.75	297.50	CHSP;0.745
65.50	66.50	FISP;0.656
10.50	11.00	FOSP;0.580
26.25	27.50	FOSP;0.602
38.00	38.25	FOSP;0.583
116.75	118.00	FOSP;0.663
128.75	129.50	FOSP;0.519
195.50	197.50	FOSP;0.886
217.00	217.25	FOSP;0.526
271.75	272.50	FOSP;0.589
183.00	183.50	GCSP;0.562
221.00	222.00	GCSP;0.617
143.50	144.75	GRCA;0.634
251.75	252.75	GRCA;0.582
101.75	102.50	LISP;0.538
14.00	15.00	SATH;0.616
25.50	26.25	SATH;0.548
133.25	135.00	VATH;0.801
0.75	3.50	WCSP;0.681
8.50	10.00	WCSP;0.559
12.00	13.50	WCSP;0.770
15.00	17.50	WCSP;0.878
21.75	24.25	WCSP;0.880
28.00	30.50	WCSP;0.835
33.00	33.75	WCSP;0.653
35.75	36.25	WCSP;0.513
41.00	43.50	WCSP;0.922
48.00	50.50	WCSP;0.897
55.00	58.25	WCSP;0.869
62.50	64.00	WCSP;0.731
69.00	72.00	WCSP;0.856
76.00	78.00	WCSP;0.815
82.75	85.00	WCSP;0.890
88.75	90.75	WCSP;0.660
96.75	98.00	WCSP;0.609
110.75	112.75	WCSP;0.810
138.75	141.00	WCSP;0.878
145.50	146.00	WCSP;0.521
169.75	170.75	WCSP;0.620
183.75	184.50	WCSP;0.646
200.00	200.75	WCSP;0.596
215.00	216.75	WCSP;0.656
217.00	217.25	WCSP;0.536
217.50	218.75	WCSP;0.656
233.25	235.00	WCSP;0.742
240.25	240.75	WCSP;0.570
243.75	245.75	WCSP;0.782
253.75	256.00	WCSP;0.926
259.50	261.00	WCSP;0.807
263.00	264.50	WCSP;0.651
276.50	278.75	WCSP;0.867
291.75	294.00	WCSP;0.759
2.00	2.75	WTSP;0.536
4.50	7.50	WTSP;0.890
13.00	15.00	WTSP;0.759
21.00	21.25	WTSP;0.508
42.00	44.00	WTSP;0.602
52.25	54.75	WTSP;0.904
61.50	62.50	WTSP;0.680
97.00	99.25	WTSP;0.785
178.25	179.00	WTSP;0.574
208.50	211.00	WTSP;0.876
226.25	226.75	WTSP;0.543
235.75	237.75	WTSP;0.702
249.75	250.25	WTSP;0.543
258.50	259.75	WTSP;0.652
272.75	274.00	WTSP;0.770
296.00	298.00	WTSP;0.800
