107.75	109.25	BCCH;0.667
38.75	39.00	BLJA;0.502
553.50	554.50	BLOY;0.626
79.00	79.25	FISP;0.500
83.50	83.75	FISP;0.520
94.00	94.50	FISP;0.513
99.50	100.50	FISP;0.589
146.75	148.50	FISP;0.735
251.00	251.25	FISP;0.503
312.00	313.25	FISP;0.663
322.75	324.00	FISP;0.647
545.50	546.75	FISP;0.652
3.25	5.50	FOSP;0.811
9.25	10.50	FOSP;0.711
19.25	21.75	FOSP;0.900
34.50	35.75	FOSP;0.686
49.00	51.50	FOSP;0.864
69.50	72.50	FOSP;0.928
87.00	88.50	FOSP;0.745
104.00	106.25	FOSP;0.891
166.25	168.75	FOSP;0.874
185.50	188.00	FOSP;0.823
190.00	191.75	FOSP;0.739
205.50	207.50	FOSP;0.838
221.00	223.50	FOSP;0.907
243.00	245.00	FOSP;0.870
260.25	262.75	FOSP;0.869
274.50	277.25	FOSP;0.932
295.75	298.75	FOSP;0.894
315.75	318.25	FOSP;0.916
326.75	328.25	FOSP;0.720
330.50	333.00	FOSP;0.855
346.00	348.75	FOSP;0.911
354.25	355.25	FOSP;0.628
362.00	364.25	FOSP;0.870
379.50	382.00	FOSP;0.849
397.00	400.00	FOSP;0.855
454.75	456.50	FOSP;0.766
547.00	549.00	FOSP;0.796
561.50	561.75	FOSP;0.535
57.50	58.00	GCSP;0.538
22.00	22.25	MAMU;0.517
152.50	154.00	MOCH;0.580
173.00	173.25	MOCH;0.578
173.50	173.75	MOCH;0.536
374.25	374.50	MOCH;0.515
404.00	406.00	MOCH;0.863
501.00	501.25	MOCH;0.527
501.50	502.50	MOCH;0.615
368.75	369.00	SNBU;0.537
576.75	577.50	SNBU;0.609
182.25	184.25	VATH;0.905
234.50	236.50	VATH;0.893
278.75	280.75	VATH;0.779
314.00	315.00	VATH;0.763
364.50	367.50	VATH;0.897
408.00	409.50	VATH;0.711
423.25	423.75	VATH;0.582
471.75	472.50	VATH;0.718
592.50	593.25	VATH;0.603
48.00	48.25	VESP;0.506
0.50	2.00	WCSP;0.568
13.00	18.75	WCSP;0.891
24.75	26.00	WCSP;0.691
28.00	30.75	WCSP;0.883
34.75	36.50	WCSP;0.635
44.00	46.00	WCSP;0.886
53.50	56.00	WCSP;0.795
65.00	66.50	WCSP;0.769
76.25	78.50	WCSP;0.841
88.50	90.50	WCSP;0.843
101.25	102.00	WCSP;0.591
111.50	114.50	WCSP;0.835
115.25	119.25	WCSP;0.932
122.00	124.75	WCSP;0.849
131.50	134.50	WCSP;0.954
142.50	145.50	WCSP;0.879
154.00	156.00	WCSP;0.768
173.75	176.00	WCSP;0.862
196.50	199.00	WCSP;0.841
209.50	211.25	WCSP;0.729
221.75	222.25	WCSP;0.582
233.25	235.50	WCSP;0.927
245.00	248.00	WCSP;0.934
255.50	258.00	WCSP;0.805
265.75	268.00	WCSP;0.861
277.75	280.00	WCSP;0.797
301.50	302.50	WCSP;0.604
336.00	338.50	WCSP;0.887
350.50	351.75	WCSP;0.649
395.00	396.00	WCSP;0.569
474.00	475.00	WCSP;0.616
12.25	12.50	WTSP;0.534
40.50	42.00	WTSP;0.784
75.00	76.00	WTSP;0.684
109.00	110.75	WTSP;0.752
271.00	272.00	WTSP;0.557
393.50	395.00	WTSP;0.663
417.00	418.50	WTSP;0.711
440.75	442.00	WTSP;0.677
452.25	453.50	WTSP;0.651
467.25	467.50	WTSP;0.520
476.00	477.25	WTSP;0.669
