6.25	9.00	AMRO;0.971
13.00	15.75	AMRO;0.873
20.00	21.75	AMRO;0.834
24.75	27.75	AMRO;0.979
30.50	33.75	AMRO;0.961
41.50	44.25	AMRO;0.983
46.50	49.50	AMRO;0.978
51.75	54.00	AMRO;0.936
60.50	64.00	AMRO;0.975
66.75	69.75	AMRO;0.956
74.00	77.00	AMRO;0.974
85.00	88.50	AMRO;0.971
90.50	94.25	AMRO;0.979
96.00	99.00	AMRO;0.989
101.00	104.50	AMRO;0.977
106.25	108.25	AMRO;0.847
110.00	114.00	AMRO;0.977
116.50	119.50	AMRO;0.976
122.75	124.75	AMRO;0.834
128.00	132.00	AMRO;0.988
134.50	136.50	AMRO;0.863
138.00	141.50	AMRO;0.957
144.00	145.00	AMRO;0.793
151.75	154.00	AMRO;0.945
156.50	160.00	AMRO;0.986
160.25	160.50	AMRO;0.711
161.25	165.00	AMRO;0.983
167.00	169.75	AMRO;0.967
173.75	177.00	AMRO;0.943
179.00	182.25	AMRO;0.981
184.75	188.25	AMRO;0.966
190.25	193.00	AMRO;0.978
195.00	198.75	AMRO;0.986
200.50	203.50	AMRO;0.954
206.00	209.00	AMRO;0.937
212.00	215.00	AMRO;0.956
217.00	220.00	AMRO;0.981
222.25	225.00	AMRO;0.963
228.00	231.50	AMRO;0.988
233.00	236.00	AMRO;0.948
239.50	242.25	AMRO;0.971
243.50	248.00	AMRO;0.981
249.25	252.50	AMRO;0.983
254.50	258.25	AMRO;0.978
262.00	265.50	AMRO;0.974
267.50	271.00	AMRO;0.984
273.25	275.50	AMRO;0.878
279.50	283.25	AMRO;0.983
286.00	288.75	AMRO;0.977
292.00	295.75	AMRO;0.981
297.75	300.00	AMRO;0.953
43.75	44.25	BCCH;0.584
64.00	65.50	BCCH;0.708
183.50	183.75	BCCH;0.515
204.00	204.50	BFAL;0.510
71.00	72.75	BLJA;0.790
0.00	2.75	CHSP;0.862
4.50	16.75	CHSP;0.980
17.25	21.50	CHSP;0.974
22.50	27.00	CHSP;0.975
29.00	33.00	CHSP;0.976
33.75	37.50	CHSP;0.973
39.25	43.50	CHSP;0.971
44.75	48.50	CHSP;0.977
49.50	53.50	CHSP;0.966
54.25	58.50	CHSP;0.976
61.00	64.50	CHSP;0.964
71.50	75.00	CHSP;0.966
79.00	83.25	CHSP;0.981
98.00	100.50	CHSP;0.929
109.50	112.00	CHSP;0.892
114.50	117.25	CHSP;0.850
132.50	135.25	CHSP;0.909
139.75	141.75	CHSP;0.856
146.00	148.50	CHSP;0.924
154.50	157.50	CHSP;0.907
160.50	162.25	CHSP;0.805
169.50	171.25	CHSP;0.827
178.50	179.75	CHSP;0.744
188.50	191.00	CHSP;0.950
194.00	195.25	CHSP;0.775
208.00	210.75	CHSP;0.921
213.00	214.50	CHSP;0.741
215.50	218.25	CHSP;0.854
224.75	227.50	CHSP;0.893
229.50	233.75	CHSP;0.882
276.25	278.00	CHSP;0.868
287.50	290.50	CHSP;0.936
187.75	188.25	DEJU;0.552
107.25	109.00	FOSP;0.688
120.75	122.00	FOSP;0.700
143.50	145.25	FOSP;0.699
176.00	178.00	FOSP;0.821
237.00	239.50	FOSP;0.853
271.00	272.25	FOSP;0.627
296.00	297.25	FOSP;0.696
36.75	37.00	HETH;0.549
44.25	45.50	HETH;0.661
53.75	54.00	HETH;0.534
58.50	60.00	HETH;0.802
65.25	65.50	HETH;0.505
165.50	167.00	HETH;0.779
173.00	174.50	HETH;0.711
210.50	211.50	HETH;0.717
221.50	221.75	HETH;0.510
231.50	233.00	HETH;0.708
265.75	267.50	HETH;0.807
150.25	151.50	MOCH;0.687
164.75	165.75	MOCH;0.628
242.50	244.25	MOCH;0.828
168.50	169.50	PAWA;0.552
89.25	90.00	WTSP;0.585
125.75	127.50	WTSP;0.748
136.75	138.50	WTSP;0.812
181.50	182.75	WTSP;0.687
194.00	195.00	WTSP;0.618
