63.25	63.50	AMRO;0.521
63.75	64.50	AMRO;0.576
74.50	76.75	AMRO;0.859
91.00	91.25	AMRO;0.544
128.75	130.25	AMRO;0.697
203.75	205.50	AMRO;0.741
198.00	198.50	BCCH;0.527
112.50	114.25	BRSP;0.814
4.50	6.50	CHSP;0.878
11.50	15.00	CHSP;0.959
17.00	20.25	CHSP;0.951
26.00	28.00	CHSP;0.858
31.25	35.00	CHSP;0.972
39.50	42.50	CHSP;0.908
46.00	48.50	CHSP;0.807
54.50	57.25	CHSP;0.912
61.00	64.00	CHSP;0.950
67.25	70.50	CHSP;0.839
73.25	76.50	CHSP;0.975
80.50	84.00	CHSP;0.980
95.25	97.50	CHSP;0.896
103.50	105.50	CHSP;0.802
109.25	112.50	CHSP;0.957
117.50	119.00	CHSP;0.842
125.00	126.25	CHSP;0.809
131.00	134.00	CHSP;0.977
138.00	142.00	CHSP;0.960
145.50	149.00	CHSP;0.975
152.25	154.75	CHSP;0.934
158.50	162.00	CHSP;0.961
166.50	169.00	CHSP;0.840
175.50	178.00	CHSP;0.920
185.25	187.50	CHSP;0.904
193.00	196.00	CHSP;0.953
202.50	205.25	CHSP;0.970
213.50	214.50	CHSP;0.768
220.50	223.00	CHSP;0.859
230.50	232.50	CHSP;0.813
246.00	249.00	CHSP;0.916
255.00	257.25	CHSP;0.876
265.00	266.50	CHSP;0.806
289.50	291.50	CHSP;0.810
195.75	197.00	DEJU;0.556
282.00	282.75	DEJU;0.584
18.75	19.25	FOSP;0.501
67.00	67.50	FOSP;0.553
5.25	8.00	GCSP;0.905
19.75	22.00	GCSP;0.933
34.00	36.00	GCSP;0.855
47.50	49.50	GCSP;0.785
64.25	66.75	GCSP;0.944
77.25	79.75	GCSP;0.842
91.50	94.50	GCSP;0.899
103.50	105.00	GCSP;0.784
118.50	121.50	GCSP;0.957
133.50	136.25	GCSP;0.877
151.25	154.00	GCSP;0.926
171.50	174.00	GCSP;0.849
181.00	183.50	GCSP;0.961
198.00	199.75	GCSP;0.798
214.75	217.00	GCSP;0.805
227.25	230.25	GCSP;0.875
248.50	251.00	GCSP;0.915
271.75	274.75	GCSP;0.974
295.00	297.50	GCSP;0.957
99.50	101.00	GRYE;0.575
68.25	69.75	HETH;0.790
22.75	23.00	LASP;0.562
84.75	86.75	LISP;0.863
115.25	115.75	LISP;0.580
143.25	144.50	LISP;0.597
156.00	157.75	LISP;0.715
168.50	171.00	LISP;0.926
183.50	185.50	LISP;0.888
210.50	213.00	LISP;0.886
224.75	225.75	LISP;0.615
238.00	239.25	LISP;0.647
267.50	268.25	LISP;0.536
105.25	106.00	MAMU;0.710
190.50	191.75	PISI;0.611
235.25	236.50	RCKI;0.629
53.00	54.00	REVI;0.591
224.00	224.50	VESP;0.562
0.25	2.00	WCSP;0.624
15.50	17.25	WCSP;0.753
24.00	26.00	WCSP;0.867
36.25	37.00	WCSP;0.657
89.00	90.50	WCSP;0.706
98.00	100.00	WCSP;0.824
123.25	124.50	WCSP;0.601
269.00	270.25	WCSP;0.654
291.75	294.25	WCSP;0.927
80.00	80.50	WTSP;0.535
