175.25	176.50	AMAV;0.789
192.50	194.25	AMRO;0.744
234.50	234.75	AMRO;0.504
235.25	237.50	AMRO;0.747
241.25	241.50	AMRO;0.520
244.25	247.00	AMRO;0.786
247.50	250.50	AMRO;0.875
255.50	257.50	AMRO;0.798
260.25	261.00	AMRO;0.575
265.00	269.50	AMRO;0.864
270.50	273.50	AMRO;0.942
97.50	97.75	AMWO;0.514
239.75	240.50	BAOR;0.566
209.50	210.75	BRSP;0.587
7.00	9.50	CHSP;0.857
42.50	43.50	CHSP;0.724
53.25	84.75	CHSP;0.987
86.75	97.25	CHSP;0.949
98.50	99.00	CHSP;0.699
123.00	123.50	CHSP;0.701
155.50	156.25	CHSP;0.751
184.50	186.75	CHSP;0.942
193.00	194.50	CHSP;0.786
199.75	209.75	CHSP;0.985
211.00	214.50	CHSP;0.948
90.25	90.50	GWTE;0.538
166.00	166.50	LALO;0.526
115.00	115.25	LISP;0.506
212.00	212.75	LISP;0.574
277.50	279.25	PHVI;0.753
253.75	254.50	PUFI;0.590
226.75	227.25	REVI;0.597
242.00	242.75	SNBU;0.622
225.00	225.25	TOSO;0.511
