2.25	3.00	CHSW;0.554
120.50	122.00	CHSW;0.598
14.00	15.50	LISP;0.619
31.00	33.50	LISP;0.766
46.50	49.00	LISP;0.845
62.50	65.00	LISP;0.887
92.25	93.00	LISP;0.543
194.00	195.00	MOCH;0.580
217.25	217.75	MOCH;0.533
218.00	218.50	MOCH;0.537
281.00	282.00	MOCH;0.654
15.25	15.50	RUTU;0.507
60.25	62.50	WCSP;0.848
9.50	12.75	WTSP;0.947
23.00	27.75	WTSP;0.981
181.25	184.00	WTSP;0.955
194.50	197.25	WTSP;0.966
201.50	203.50	WTSP;0.898
205.00	209.00	WTSP;0.974
217.75	221.00	WTSP;0.960
229.50	233.50	WTSP;0.984
242.00	243.00	WTSP;0.755
251.00	254.50	WTSP;0.970
256.75	257.75	WTSP;0.760
267.75	271.50	WTSP;0.980
274.25	275.50	WTSP;0.747
281.50	284.50	WTSP;0.976
