7.00	8.75	AMRO;0.886
11.50	13.00	AMRO;0.671
42.50	45.50	AMRO;0.905
63.50	64.50	AMRO;0.613
67.00	68.00	AMRO;0.644
70.00	72.25	AMRO;0.756
79.25	81.50	AMRO;0.910
91.25	95.75	AMRO;0.926
96.25	98.00	AMRO;0.838
104.25	105.25	AMRO;0.664
113.00	115.00	AMRO;0.799
117.00	117.25	AMRO;0.555
121.50	127.50	AMRO;0.859
127.75	128.00	AMRO;0.517
148.00	150.00	AMRO;0.805
171.25	173.25	AMRO;0.949
177.50	179.50	AMRO;0.760
181.50	186.50	AMRO;0.929
193.50	198.00	AMRO;0.912
201.00	201.50	AMRO;0.530
206.25	208.00	AMRO;0.625
211.00	213.50	AMRO;0.772
214.50	217.25	AMRO;0.709
218.00	224.25	AMRO;0.969
225.25	228.00	AMRO;0.842
234.75	235.25	AMRO;0.514
236.75	237.50	AMRO;0.593
241.00	241.25	AMRO;0.558
242.25	246.25	AMRO;0.893
247.00	249.00	AMRO;0.723
252.50	253.25	AMRO;0.618
254.50	254.75	AMRO;0.513
255.00	256.75	AMRO;0.759
258.75	260.00	AMRO;0.610
260.25	261.50	AMRO;0.662
281.50	285.50	AMRO;0.939
287.75	289.25	AMRO;0.759
292.00	299.00	AMRO;0.936
11.50	12.00	CHSP;0.724
44.00	45.00	CHSP;0.721
95.25	96.75	CHSP;0.801
119.00	122.25	CHSP;0.978
126.50	129.75	CHSP;0.976
132.50	136.00	CHSP;0.972
139.00	143.00	CHSP;0.980
145.75	149.50	CHSP;0.979
152.50	156.25	CHSP;0.978
159.50	162.50	CHSP;0.975
165.00	169.50	CHSP;0.972
173.25	177.75	CHSP;0.965
178.75	183.75	CHSP;0.982
253.00	255.50	CHSP;0.853
256.50	256.75	CHSP;0.722
257.00	257.75	CHSP;0.730
12.50	13.25	DEJU;0.525
238.00	239.25	FOSP;0.594
249.50	251.00	FOSP;0.729
263.75	264.50	FOSP;0.641
286.50	287.25	FOSP;0.578
6.00	7.00	GCSP;0.687
109.00	111.50	GCSP;0.871
155.25	157.25	GCSP;0.820
171.00	172.25	GCSP;0.756
220.00	222.00	GCSP;0.769
234.50	236.75	GCSP;0.831
279.00	281.50	GCSP;0.836
295.75	298.00	GCSP;0.797
241.25	242.50	GWTE;0.680
25.50	25.75	HETH;0.508
28.75	29.25	LISP;0.527
34.00	35.50	LISP;0.800
41.25	43.50	LISP;0.902
56.00	58.25	LISP;0.912
71.50	73.50	LISP;0.763
85.75	87.50	LISP;0.786
100.25	102.75	LISP;0.884
131.00	132.50	LISP;0.875
159.00	159.75	LISP;0.538
173.00	174.50	LISP;0.582
187.50	189.00	LISP;0.668
203.00	203.75	LISP;0.629
216.50	218.00	LISP;0.590
229.25	231.25	LISP;0.862
246.00	247.75	LISP;0.677
273.75	274.75	LISP;0.566
289.00	290.00	LISP;0.727
291.75	293.25	LISP;0.790
96.00	96.25	RBGR;0.509
14.50	15.50	ROWR;0.642
103.25	104.00	TOSO;0.552
117.00	119.50	TOSO;0.770
257.75	258.50	TOSO;0.591
1.50	4.00	WCSP;0.940
8.75	11.00	WCSP;0.908
15.75	17.75	WCSP;0.889
23.00	26.00	WCSP;0.941
30.50	33.50	WCSP;0.905
38.00	41.00	WCSP;0.923
45.50	47.75	WCSP;0.837
53.25	56.00	WCSP;0.908
60.50	63.25	WCSP;0.868
68.00	70.50	WCSP;0.830
74.25	77.25	WCSP;0.966
82.25	84.00	WCSP;0.782
90.25	92.50	WCSP;0.845
97.50	99.75	WCSP;0.836
105.50	107.50	WCSP;0.815
113.75	115.50	WCSP;0.850
129.75	131.00	WCSP;0.773
136.00	139.00	WCSP;0.948
143.25	145.50	WCSP;0.935
150.50	152.75	WCSP;0.834
158.25	159.75	WCSP;0.764
17.75	19.75	WTSP;0.784
49.50	52.25	WTSP;0.921
65.00	66.50	WTSP;0.645
78.00	78.75	WTSP;0.520
90.00	90.25	WTSP;0.532
270.00	270.25	WTSP;0.503
