467.00	468.50	AMRO;0.750
472.75	473.50	AMRO;0.522
479.50	481.75	AMRO;0.863
492.50	493.00	AMRO;0.543
500.00	503.50	AMRO;0.863
151.00	151.25	CCLO;0.503
49.00	51.00	EATO;0.618
64.25	65.00	EATO;0.549
583.00	585.00	FISP;0.770
260.75	263.00	FOSP;0.810
264.00	264.75	FOSP;0.572
267.00	268.50	FOSP;0.732
268.75	269.00	FOSP;0.505
275.75	281.75	FOSP;0.830
285.50	288.00	FOSP;0.881
298.00	300.25	FOSP;0.897
307.25	308.75	FOSP;0.661
317.00	319.00	FOSP;0.730
323.50	329.00	FOSP;0.877
337.25	338.00	FOSP;0.660
343.00	347.75	FOSP;0.941
354.50	356.50	FOSP;0.826
365.00	367.00	FOSP;0.811
386.00	388.50	FOSP;0.815
401.00	402.75	FOSP;0.724
409.50	411.00	FOSP;0.825
451.25	453.25	FOSP;0.817
494.00	497.00	FOSP;0.866
527.50	528.75	FOSP;0.698
536.00	536.75	FOSP;0.654
417.50	418.50	GCKI;0.634
455.50	457.00	GCKI;0.615
469.50	471.50	GCKI;0.662
117.50	118.00	HOLA;0.538
423.25	424.00	MOCH;0.565
553.50	556.00	MOCH;0.930
354.50	355.00	OROR;0.599
477.00	477.75	OROR;0.587
4.00	11.50	PISI;0.972
14.75	17.00	PISI;0.971
51.75	52.75	PISI;0.735
59.50	62.25	PISI;0.929
64.25	108.50	PISI;0.990
112.50	115.50	PISI;0.879
558.00	560.25	PISI;0.861
560.75	561.75	PISI;0.737
439.25	439.75	RCKI;0.521
405.00	408.50	RUGR;0.674
411.00	413.50	RUGR;0.655
413.75	414.50	RUGR;0.544
417.00	417.50	RUGR;0.595
580.00	580.75	SESA;0.534
0.50	2.25	SOSP;0.667
13.25	13.50	SOSP;0.510
20.00	21.00	SOSP;0.640
103.75	104.00	SOSP;0.539
264.25	266.50	SOSP;0.846
281.25	281.50	SOSP;0.502
284.00	285.00	SOSP;0.648
300.00	302.50	SOSP;0.876
313.75	314.50	SOSP;0.551
350.00	352.50	SOSP;0.784
358.50	358.75	SOSP;0.550
359.00	359.75	SOSP;0.653
409.50	410.50	SOSP;0.545
410.75	411.00	SOSP;0.516
415.00	415.50	SOSP;0.526
434.25	435.50	SOSP;0.728
459.00	460.50	SOSP;0.833
505.00	506.75	SOSP;0.800
517.50	522.50	SOSP;0.875
524.25	526.50	SOSP;0.804
552.50	553.50	SOSP;0.601
556.50	558.00	SOSP;0.687
562.50	564.50	SOSP;0.752
568.00	570.50	SOSP;0.859
23.00	27.75	WTSP;0.988
54.00	56.00	WTSP;0.938
61.25	64.00	WTSP;0.975
108.50	111.75	WTSP;0.952
127.00	130.75	WTSP;0.984
139.50	144.00	WTSP;0.985
160.75	164.50	WTSP;0.986
190.00	192.50	WTSP;0.909
208.50	214.50	WTSP;0.984
232.00	234.75	WTSP;0.946
253.50	256.00	WTSP;0.890
283.75	284.50	WTSP;0.746
321.00	323.00	WTSP;0.773
420.50	421.75	WTSP;0.811
423.75	426.00	WTSP;0.880
428.75	430.50	WTSP;0.828
444.50	447.50	WTSP;0.941
460.50	464.50	WTSP;0.981
482.25	485.75	WTSP;0.984
497.00	498.75	WTSP;0.858
537.25	541.75	WTSP;0.942
544.00	544.75	WTSP;0.712
545.00	546.50	WTSP;0.822
548.50	551.00	WTSP;0.863
553.50	554.00	WTSP;0.699
319.50	322.00	YRWA;0.855
