69.00	70.00	ATSP;0.656
72.00	73.00	ATSP;0.573
78.75	79.25	ATSP;0.532
205.50	206.00	BAIS;0.554
96.25	97.00	BCCH;0.595
12.00	14.50	CHSP;0.930
14.75	15.75	CHSP;0.653
31.75	33.00	CHSP;0.835
73.25	78.75	CHSP;0.940
113.50	114.00	CHSP;0.520
195.50	196.75	CHSP;0.637
266.50	269.00	CHSP;0.901
276.25	278.00	CHSP;0.825
5.00	7.50	FOSP;0.862
22.75	24.00	FOSP;0.709
175.75	177.25	FOSP;0.727
186.50	187.50	FOSP;0.631
192.25	194.50	FOSP;0.874
201.50	202.75	FOSP;0.742
212.00	214.00	FOSP;0.840
226.75	229.00	FOSP;0.851
26.00	26.75	HOLA;0.543
64.50	65.50	LESA;0.678
167.25	169.00	MOCH;0.706
21.00	21.75	PISI;0.576
24.00	26.25	PISI;0.971
27.50	30.50	PISI;0.892
33.75	34.00	PISI;0.507
63.25	64.00	PISI;0.595
66.00	67.00	PISI;0.691
93.50	94.00	PISI;0.562
241.00	245.50	PISI;0.949
245.75	246.00	PISI;0.519
208.00	208.50	SNBU;0.600
16.00	18.75	SWSP;0.933
43.50	45.00	SWSP;0.835
58.00	58.25	SWSP;0.511
122.50	124.75	SWSP;0.836
135.00	137.50	SWSP;0.870
142.75	144.00	SWSP;0.735
156.50	158.00	SWSP;0.712
184.50	185.00	SWSP;0.560
216.00	218.00	SWSP;0.871
231.75	234.00	SWSP;0.887
240.00	241.50	SWSP;0.682
248.50	250.00	SWSP;0.686
256.50	257.25	SWSP;0.577
271.00	273.25	SWSP;0.842
278.25	280.75	SWSP;0.895
286.00	288.50	SWSP;0.867
294.00	295.00	SWSP;0.643
141.75	142.25	VESP;0.560
3.50	4.25	WIWR;0.566
46.00	49.00	WTSP;0.949
55.00	58.00	WTSP;0.980
75.25	75.75	WTSP;0.720
89.00	93.00	WTSP;0.985
103.50	106.00	WTSP;0.977
116.25	120.25	WTSP;0.979
131.50	135.00	WTSP;0.984
137.25	140.50	WTSP;0.946
143.50	147.25	WTSP;0.977
159.00	161.50	WTSP;0.956
202.50	204.75	WTSP;0.915
221.00	221.75	WTSP;0.748
39.00	41.00	YRWA;0.780
50.00	52.00	YRWA;0.923
70.50	72.00	YRWA;0.906
79.00	81.50	YRWA;0.842
81.75	82.00	YRWA;0.548
82.25	83.50	YRWA;0.616
94.00	96.00	YRWA;0.801
98.75	99.00	YRWA;0.502
106.50	109.00	YRWA;0.880
114.50	116.00	YRWA;0.678
126.75	129.25	YRWA;0.884
170.50	172.50	YRWA;0.862
180.50	182.25	YRWA;0.777
246.50	248.50	YRWA;0.830
257.25	259.75	YRWA;0.917
