0.00	1.00	AMRO;0.729
4.00	9.50	AMRO;0.983
13.50	14.75	AMRO;0.838
18.00	21.00	AMRO;0.871
24.25	27.25	AMRO;0.963
28.50	31.25	AMRO;0.986
33.50	36.75	AMRO;0.975
38.00	41.75	AMRO;0.982
43.75	50.00	AMRO;0.978
52.50	54.00	AMRO;0.761
56.00	63.50	AMRO;0.983
67.00	68.00	AMRO;0.740
68.75	69.00	AMRO;0.694
71.50	74.50	AMRO;0.978
76.50	79.50	AMRO;0.947
82.75	86.00	AMRO;0.964
87.50	90.50	AMRO;0.987
93.50	96.00	AMRO;0.964
98.50	102.00	AMRO;0.979
103.50	106.50	AMRO;0.982
108.25	110.75	AMRO;0.873
113.50	116.50	AMRO;0.979
119.25	122.50	AMRO;0.985
122.75	123.00	AMRO;0.712
123.50	125.75	AMRO;0.899
129.00	132.25	AMRO;0.971
135.00	136.75	AMRO;0.880
138.50	141.00	AMRO;0.941
144.50	145.00	AMRO;0.736
149.50	151.75	AMRO;0.903
153.25	156.25	AMRO;0.945
159.50	164.25	AMRO;0.960
168.50	171.50	AMRO;0.973
176.50	179.00	AMRO;0.984
181.50	184.00	AMRO;0.949
186.00	187.75	AMRO;0.916
196.00	197.50	AMRO;0.772
200.00	203.00	AMRO;0.960
205.50	209.00	AMRO;0.969
211.00	213.25	AMRO;0.875
213.50	213.75	AMRO;0.701
217.00	219.00	AMRO;0.923
223.00	225.75	AMRO;0.981
233.75	237.25	AMRO;0.981
239.50	242.75	AMRO;0.989
244.75	248.25	AMRO;0.981
250.00	253.50	AMRO;0.967
255.50	257.50	AMRO;0.931
260.00	263.00	AMRO;0.939
266.00	268.50	AMRO;0.955
270.50	276.00	AMRO;0.881
279.00	282.50	AMRO;0.984
285.50	287.75	AMRO;0.955
295.50	297.50	AMRO;0.901
54.50	56.00	BRSP;0.742
81.00	82.25	BRSP;0.731
10.00	10.50	CHSP;0.542
14.75	17.00	CHSP;0.837
23.00	25.00	CHSP;0.797
31.75	33.25	CHSP;0.621
36.75	39.00	CHSP;0.853
41.50	44.00	CHSP;0.835
46.50	47.50	CHSP;0.559
59.00	61.00	CHSP;0.759
90.75	91.50	CHSP;0.631
91.75	92.00	CHSP;0.527
153.25	153.75	CHSP;0.512
11.75	14.00	FOSP;0.721
16.00	16.50	FOSP;0.528
26.75	28.50	FOSP;0.626
51.50	53.75	FOSP;0.829
64.00	66.50	FOSP;0.892
79.50	79.75	FOSP;0.524
96.50	97.50	FOSP;0.592
110.00	111.75	FOSP;0.821
127.50	128.75	FOSP;0.605
141.25	143.25	FOSP;0.776
157.25	157.50	FOSP;0.503
203.50	203.75	FOSP;0.512
204.25	204.50	FOSP;0.510
215.00	217.25	FOSP;0.915
228.75	231.25	FOSP;0.853
242.50	244.75	FOSP;0.818
262.00	264.50	FOSP;0.782
269.50	271.50	FOSP;0.864
276.50	279.00	FOSP;0.925
289.50	291.25	FOSP;0.783
293.75	295.50	FOSP;0.728
48.50	50.75	GCSP;0.853
88.50	90.50	GCSP;0.856
92.00	92.75	GCSP;0.569
101.00	103.75	GCSP;0.911
130.25	131.00	GCSP;0.521
209.00	210.50	GCSP;0.677
258.75	261.25	GCSP;0.917
274.25	276.00	GCSP;0.792
288.00	289.50	GCSP;0.789
145.75	146.00	GWTE;0.536
210.25	210.75	HASP;0.545
32.00	33.75	HETH;0.869
137.00	138.50	HETH;0.646
143.75	148.25	HETH;0.894
148.50	151.25	HETH;0.919
154.00	156.00	HETH;0.880
156.25	157.50	HETH;0.731
157.75	161.00	HETH;0.988
161.75	162.00	HETH;0.581
163.25	170.00	HETH;0.977
174.00	178.25	HETH;0.946
179.25	179.75	HETH;0.548
180.75	187.00	HETH;0.967
188.75	189.50	HETH;0.595
190.25	192.25	HETH;0.928
192.50	197.00	HETH;0.969
255.00	256.00	MOCH;0.679
283.50	283.75	NOCA;0.502
86.25	87.75	SWSP;0.620
0.75	1.00	WCSP;0.533
1.25	1.50	WCSP;0.534
20.75	22.50	WCSP;0.821
70.00	70.25	WCSP;0.507
82.50	83.50	WCSP;0.640
107.25	109.00	WCSP;0.794
113.25	115.00	WCSP;0.863
119.00	121.25	WCSP;0.746
126.50	127.25	WCSP;0.588
132.50	134.75	WCSP;0.822
140.75	141.25	WCSP;0.581
200.25	202.00	WCSP;0.755
205.00	207.25	WCSP;0.766
221.50	223.75	WCSP;0.806
231.75	234.00	WCSP;0.764
237.50	238.50	WCSP;0.727
251.25	252.50	WCSP;0.713
268.00	269.25	WCSP;0.708
279.25	281.50	WCSP;0.763
284.25	286.25	WCSP;0.870
297.00	299.75	WCSP;0.940
122.50	124.50	WIWA;0.709
179.75	181.00	WIWA;0.593
2.00	4.25	WTSP;0.831
98.25	98.75	WTSP;0.547
116.00	119.00	WTSP;0.809
135.50	137.00	WTSP;0.755
148.00	149.00	WTSP;0.558
253.00	255.00	WTSP;0.799
