97.75	98.00	BLJA;0.514
289.50	289.75	FOSP;0.557
290.00	290.75	FOSP;0.555
264.75	265.75	MOCH;0.702
1.50	4.50	WCSP;0.961
9.50	13.00	WCSP;0.942
18.50	22.00	WCSP;0.976
25.50	28.75	WCSP;0.967
32.50	36.00	WCSP;0.970
40.50	44.00	WCSP;0.969
47.50	51.25	WCSP;0.977
56.25	60.00	WCSP;0.929
64.50	67.25	WCSP;0.940
73.50	77.00	WCSP;0.964
81.25	84.75	WCSP;0.947
89.50	92.50	WCSP;0.968
98.75	102.50	WCSP;0.965
107.00	110.75	WCSP;0.969
114.50	118.00	WCSP;0.978
123.75	127.00	WCSP;0.963
134.75	137.75	WCSP;0.939
142.75	146.00	WCSP;0.971
155.25	157.00	WCSP;0.862
161.00	164.50	WCSP;0.952
169.50	173.00	WCSP;0.936
177.50	181.00	WCSP;0.974
187.25	190.50	WCSP;0.958
195.00	198.00	WCSP;0.942
202.00	205.50	WCSP;0.960
209.50	212.75	WCSP;0.970
216.00	219.75	WCSP;0.972
229.50	230.75	WCSP;0.766
235.00	238.50	WCSP;0.960
244.50	248.00	WCSP;0.981
254.00	257.25	WCSP;0.957
297.25	299.50	WCSP;0.902
