239.00	240.75	BCCH;0.713
234.50	235.75	CHSP;0.687
246.50	246.75	CHSP;0.525
253.25	255.25	CHSP;0.873
263.75	269.25	CHSP;0.944
271.00	272.00	CHSP;0.647
23.75	25.00	EAME;0.636
46.00	46.75	EAME;0.582
89.25	89.50	EAME;0.531
164.00	165.00	EAME;0.658
20.00	21.00	FISP;0.626
216.50	217.25	FISP;0.577
298.50	300.00	FISP;0.804
32.00	34.25	FOSP;0.827
46.75	48.75	FOSP;0.899
61.00	63.00	FOSP;0.772
83.25	85.00	FOSP;0.792
109.25	110.00	FOSP;0.561
115.00	115.75	FOSP;0.565
135.00	136.75	FOSP;0.836
179.00	180.00	FOSP;0.549
203.50	206.00	FOSP;0.754
217.25	219.50	FOSP;0.744
242.50	243.75	FOSP;0.758
297.00	298.75	GCSP;0.839
195.00	197.00	HASP;0.845
22.50	23.00	MOCH;0.556
201.75	202.25	MOCH;0.510
89.75	91.00	SAPH;0.888
91.00	91.25	SNBU;0.542
148.25	148.50	SNBU;0.516
148.75	150.00	SNBU;0.675
241.75	242.50	SNBU;0.711
288.00	289.75	SPSA;0.819
11.00	14.25	VATH;0.952
30.50	30.75	VATH;0.517
49.00	50.75	VATH;0.842
74.00	75.50	VATH;0.765
84.75	87.00	VATH;0.956
127.50	129.00	VATH;0.752
150.75	151.50	VATH;0.618
230.00	231.75	VATH;0.736
283.00	284.50	VATH;0.594
78.75	79.25	VESP;0.545
37.25	37.50	WATA;0.576
79.00	79.25	WATA;0.524
212.00	212.50	WATA;0.591
274.00	274.50	WATA;0.561
163.00	163.25	WCSP;0.510
207.00	207.50	WCSP;0.600
191.50	191.75	WEWP;0.535
2.00	6.25	WTSP;0.981
18.75	20.50	WTSP;0.918
34.25	37.25	WTSP;0.947
52.00	60.00	WTSP;0.964
68.25	71.25	WTSP;0.933
75.00	78.75	WTSP;0.982
81.00	83.00	WTSP;0.921
92.50	96.50	WTSP;0.983
105.00	109.00	WTSP;0.985
117.50	120.00	WTSP;0.911
122.75	126.00	WTSP;0.984
130.00	133.50	WTSP;0.964
137.75	141.50	WTSP;0.973
144.25	146.50	WTSP;0.905
152.75	156.75	WTSP;0.980
158.00	160.75	WTSP;0.964
168.50	172.50	WTSP;0.989
173.50	178.00	WTSP;0.985
185.00	188.00	WTSP;0.955
199.50	201.50	WTSP;0.834
208.25	212.00	WTSP;0.979
214.00	217.50	WTSP;0.916
225.50	230.00	WTSP;0.974
231.50	234.25	WTSP;0.976
244.25	251.50	WTSP;0.970
262.00	265.00	WTSP;0.988
270.50	274.25	WTSP;0.978
278.00	281.25	WTSP;0.957
291.00	295.00	WTSP;0.980
102.00	103.00	YRWA;0.588
111.00	112.50	YRWA;0.725
121.50	124.00	YRWA;0.880
132.75	134.00	YRWA;0.757
141.50	144.50	YRWA;0.933
175.75	177.50	YRWA;0.799
186.50	188.50	YRWA;0.792
197.50	200.00	YRWA;0.932
210.75	213.50	YRWA;0.939
220.50	223.50	YRWA;0.910
244.00	246.25	YRWA;0.952
256.00	258.50	YRWA;0.919
280.00	281.00	YRWA;0.613
290.00	292.50	YRWA;0.916
