4.00	9.25	AMRO;0.976
17.75	21.25	AMRO;0.986
30.75	33.00	AMRO;0.957
36.00	39.00	AMRO;0.969
42.25	47.00	AMRO;0.955
48.50	53.50	AMRO;0.972
56.00	59.50	AMRO;0.979
60.00	60.25	AMRO;0.699
60.50	60.75	AMRO;0.701
63.75	66.50	AMRO;0.943
69.75	73.50	AMRO;0.955
75.50	78.25	AMRO;0.956
83.00	92.50	AMRO;0.961
94.50	95.50	AMRO;0.750
96.50	98.00	AMRO;0.767
100.00	111.25	AMRO;0.962
114.00	118.25	AMRO;0.978
121.50	124.50	AMRO;0.973
128.00	130.50	AMRO;0.857
133.50	135.50	AMRO;0.803
141.50	144.00	AMRO;0.946
145.50	152.50	AMRO;0.962
157.25	162.25	AMRO;0.965
168.75	169.50	AMRO;0.697
177.50	179.00	AMRO;0.829
185.00	186.75	AMRO;0.861
188.00	189.75	AMRO;0.835
195.50	198.75	AMRO;0.985
207.00	207.25	AMRO;0.723
216.50	222.50	AMRO;0.967
225.25	227.50	AMRO;0.978
230.00	232.25	AMRO;0.878
246.25	248.50	AMRO;0.893
251.50	253.50	AMRO;0.840
262.50	264.75	AMRO;0.929
267.50	270.50	AMRO;0.951
271.50	274.50	AMRO;0.973
277.00	279.75	AMRO;0.969
282.00	284.75	AMRO;0.904
289.50	291.50	AMRO;0.840
292.75	297.00	AMRO;0.939
62.25	64.50	BRSP;0.835
84.50	85.50	BRSP;0.569
135.75	137.25	BRSP;0.711
101.00	102.00	DEJU;0.623
128.50	129.25	DEJU;0.586
22.00	23.50	FOSP;0.690
154.50	156.50	FOSP;0.758
256.75	258.50	FOSP;0.665
249.50	250.50	GRCA;0.618
2.75	3.50	LISP;0.599
13.25	15.50	LISP;0.732
24.50	27.00	LISP;0.879
35.75	38.00	LISP;0.878
58.75	61.50	LISP;0.924
81.00	83.50	LISP;0.843
93.50	96.00	LISP;0.808
105.00	107.00	LISP;0.702
116.50	117.75	LISP;0.652
127.75	128.50	LISP;0.596
139.25	141.75	LISP;0.914
151.75	152.50	LISP;0.623
164.50	166.00	LISP;0.729
175.00	176.75	LISP;0.811
212.00	213.00	LISP;0.566
248.25	249.75	LISP;0.672
201.00	201.75	OROR;0.588
231.75	236.00	PISI;0.950
67.50	69.00	REVI;0.773
103.25	104.25	REVI;0.578
13.00	13.50	ROWR;0.604
151.25	151.75	ROWR;0.524
211.75	212.50	ROWR;0.548
84.50	85.50	TOSO;0.561
46.50	48.75	WCSP;0.874
117.75	119.75	WCSP;0.933
125.25	126.50	WCSP;0.645
134.50	135.75	WCSP;0.753
152.75	154.75	WCSP;0.857
162.00	164.25	WCSP;0.829
172.00	174.75	WCSP;0.931
182.00	185.00	WCSP;0.799
192.00	195.25	WCSP;0.904
204.50	207.50	WCSP;0.900
213.50	215.50	WCSP;0.832
217.25	220.00	WCSP;0.913
228.50	231.00	WCSP;0.915
240.00	242.00	WCSP;0.669
252.00	255.00	WCSP;0.925
263.00	265.75	WCSP;0.928
274.00	276.50	WCSP;0.847
286.00	288.50	WCSP;0.912
296.50	299.50	WCSP;0.923
138.00	138.50	WTSP;0.534
