79.75	82.00	AMRO;0.635
163.00	164.50	CHSP;0.822
175.00	175.50	CHSP;0.535
178.00	180.50	CHSP;0.940
189.25	190.50	CHSP;0.764
193.00	195.50	CHSP;0.928
197.75	198.00	CHSP;0.523
201.00	201.75	CHSP;0.559
207.50	209.00	CHSP;0.815
224.75	226.50	CHSP;0.892
253.75	255.50	CHSP;0.783
194.00	194.75	EAME;0.595
8.00	10.00	FOSP;0.869
27.50	29.75	FOSP;0.806
43.00	44.00	FOSP;0.673
57.50	59.50	FOSP;0.893
63.50	65.00	FOSP;0.641
69.50	72.00	FOSP;0.874
73.00	74.75	FOSP;0.726
83.00	85.00	FOSP;0.818
98.25	100.25	FOSP;0.916
100.75	103.00	FOSP;0.863
110.25	112.50	FOSP;0.756
120.00	121.25	FOSP;0.750
127.00	129.00	FOSP;0.673
137.50	139.00	FOSP;0.784
141.00	143.25	FOSP;0.864
158.00	158.50	FOSP;0.549
165.50	168.00	FOSP;0.824
176.75	177.50	FOSP;0.621
182.50	184.50	FOSP;0.879
212.25	214.75	FOSP;0.893
219.25	221.25	FOSP;0.828
229.50	230.75	FOSP;0.714
239.50	242.00	FOSP;0.910
258.50	261.00	FOSP;0.917
275.00	277.50	FOSP;0.870
286.00	286.75	FOSP;0.582
293.00	294.75	FOSP;0.856
130.75	132.50	GCSP;0.708
185.75	186.25	GCSP;0.549
211.50	212.00	LASP;0.569
40.75	42.50	LISP;0.679
180.50	180.75	LISP;0.528
181.00	181.25	LISP;0.505
191.25	192.25	LISP;0.585
211.00	211.50	LISP;0.620
222.00	222.75	LISP;0.628
283.50	284.25	LISP;0.614
295.50	296.50	LISP;0.677
299.00	300.00	LISP;0.674
236.25	237.25	MOCH;0.542
238.50	239.50	MOCH;0.628
176.50	178.00	OROR;0.700
243.00	243.75	PUFI;0.536
160.00	163.50	SPGR;0.920
92.50	93.25	SWSP;0.551
117.50	119.50	SWSP;0.773
149.75	152.50	SWSP;0.876
164.50	165.50	SWSP;0.552
190.50	191.50	SWSP;0.608
273.00	274.00	SWSP;0.717
297.50	298.75	SWSP;0.628
102.50	103.25	VESP;0.595
167.50	168.75	VESP;0.709
3.00	7.50	WCSP;0.996
13.00	16.00	WCSP;0.976
22.75	26.25	WCSP;0.974
32.75	38.00	WCSP;0.979
44.00	47.50	WCSP;0.970
54.50	58.00	WCSP;0.942
65.00	69.00	WCSP;0.961
72.00	72.75	WCSP;0.773
75.50	79.25	WCSP;0.978
85.50	89.00	WCSP;0.967
95.00	99.00	WCSP;0.968
103.25	107.50	WCSP;0.956
112.00	116.50	WCSP;0.959
120.25	120.75	WCSP;0.731
123.25	127.25	WCSP;0.973
133.50	137.00	WCSP;0.949
139.25	139.50	WCSP;0.736
143.25	147.50	WCSP;0.963
154.25	158.00	WCSP;0.975
161.50	162.75	WCSP;0.750
169.00	172.00	WCSP;0.973
186.25	189.00	WCSP;0.961
202.50	205.25	WCSP;0.982
214.75	218.50	WCSP;0.975
227.00	230.25	WCSP;0.971
250.25	253.50	WCSP;0.974
262.25	265.75	WCSP;0.968
284.00	285.75	WCSP;0.904
290.25	293.75	WCSP;0.967
294.75	295.00	WCSP;0.703
13.00	13.25	WTSP;0.706
16.50	19.00	WTSP;0.951
30.00	31.50	WTSP;0.870
32.00	33.50	WTSP;0.791
48.00	51.00	WTSP;0.960
54.00	54.75	WTSP;0.720
61.00	64.00	WTSP;0.983
75.50	76.25	WTSP;0.733
86.25	87.00	WTSP;0.746
89.50	91.75	WTSP;0.969
122.00	123.25	WTSP;0.759
129.00	131.75	WTSP;0.918
147.50	150.50	WTSP;0.973
159.00	159.25	WTSP;0.711
160.00	162.00	WTSP;0.889
168.50	169.50	WTSP;0.760
172.25	173.50	WTSP;0.810
184.00	185.50	WTSP;0.868
186.00	186.25	WTSP;0.739
186.50	186.75	WTSP;0.693
195.00	197.50	WTSP;0.968
208.50	211.00	WTSP;0.967
220.75	223.00	WTSP;0.859
223.75	224.00	WTSP;0.697
232.50	238.75	WTSP;0.967
244.00	250.00	WTSP;0.981
255.50	258.00	WTSP;0.950
262.50	263.25	WTSP;0.745
267.50	271.50	WTSP;0.987
278.25	284.00	WTSP;0.995
287.50	291.50	WTSP;0.905
297.25	297.75	WTSP;0.754
