7.75	8.50	AMRO;0.533
16.00	17.25	AMRO;0.693
118.50	118.75	AMRO;0.529
149.50	151.00	AMRO;0.621
275.50	277.75	AMRO;0.777
287.00	289.25	AMRO;0.964
0.75	2.50	CHSP;0.823
9.00	13.00	CHSP;0.973
21.50	26.00	CHSP;0.951
34.75	38.50	CHSP;0.960
48.00	49.50	CHSP;0.798
55.00	57.50	CHSP;0.919
64.50	68.75	CHSP;0.961
74.50	78.25	CHSP;0.970
85.25	89.75	CHSP;0.970
96.25	100.75	CHSP;0.892
107.50	111.50	CHSP;0.974
119.00	123.25	CHSP;0.956
130.00	134.00	CHSP;0.966
141.00	145.00	CHSP;0.967
152.50	156.75	CHSP;0.970
162.75	167.25	CHSP;0.984
169.50	174.25	CHSP;0.978
180.50	184.00	CHSP;0.974
189.00	193.50	CHSP;0.979
198.50	202.75	CHSP;0.959
209.25	213.50	CHSP;0.977
220.00	224.00	CHSP;0.973
230.25	233.00	CHSP;0.952
238.50	242.25	CHSP;0.980
250.00	253.00	CHSP;0.955
260.00	263.50	CHSP;0.972
271.00	274.25	CHSP;0.960
292.00	293.75	CHSP;0.841
1.75	4.00	FOSP;0.701
22.25	24.00	FOSP;0.864
34.75	36.25	FOSP;0.772
45.75	47.00	FOSP;0.690
47.25	47.50	FOSP;0.519
56.00	58.00	FOSP;0.843
66.00	68.25	FOSP;0.814
76.75	78.75	FOSP;0.813
89.75	90.50	FOSP;0.576
97.75	100.25	FOSP;0.864
102.25	104.50	FOSP;0.861
115.50	117.00	FOSP;0.755
130.25	131.00	FOSP;0.549
141.00	142.75	FOSP;0.753
159.00	160.75	FOSP;0.826
173.00	174.50	FOSP;0.679
200.50	201.75	FOSP;0.743
218.00	218.75	FOSP;0.603
229.25	231.00	FOSP;0.656
243.25	243.50	FOSP;0.522
247.50	249.50	FOSP;0.731
278.50	280.50	FOSP;0.793
34.00	34.25	HETH;0.527
88.00	88.25	HETH;0.507
88.50	88.75	HETH;0.533
115.50	115.75	HETH;0.516
129.00	129.25	HETH;0.500
59.50	60.50	ROWR;0.562
2.00	2.25	RUGR;0.581
18.00	18.75	SNBU;0.658
168.00	170.00	SWSP;0.783
179.50	180.75	SWSP;0.625
194.00	194.25	SWSP;0.552
194.50	196.25	SWSP;0.780
236.50	237.50	SWSP;0.619
255.25	257.25	SWSP;0.800
274.00	276.00	SWSP;0.791
296.00	296.25	SWSP;0.578
63.75	65.50	VATH;0.797
113.00	115.25	VATH;0.862
286.00	287.75	VATH;0.875
13.50	15.50	WCSP;0.800
20.50	21.75	WCSP;0.682
79.00	80.75	WCSP;0.674
269.50	271.00	WCSP;0.828
282.00	283.25	WCSP;0.667
293.75	294.50	WCSP;0.543
154.00	156.00	WTSP;0.905
174.50	179.75	WTSP;0.987
184.50	188.75	WTSP;0.986
202.00	206.75	WTSP;0.989
218.00	221.00	WTSP;0.905
232.00	236.00	WTSP;0.985
252.50	255.75	WTSP;0.975
266.00	269.75	WTSP;0.992
288.75	292.00	WTSP;0.988
