482.75	484.00	BHVI;0.858
410.00	411.50	EATO;0.688
482.00	482.25	EATO;0.529
30.50	32.25	FISP;0.732
3.00	5.50	FOSP;0.821
6.25	11.00	FOSP;0.884
19.00	21.00	FOSP;0.697
22.50	24.50	FOSP;0.805
32.25	34.25	FOSP;0.866
43.50	45.25	FOSP;0.813
49.75	51.00	FOSP;0.623
55.75	57.50	FOSP;0.769
63.50	66.25	FOSP;0.879
74.25	76.50	FOSP;0.906
77.25	77.50	FOSP;0.552
77.75	79.50	FOSP;0.809
80.25	82.50	FOSP;0.784
87.00	89.50	FOSP;0.830
90.50	91.75	FOSP;0.648
97.50	100.00	FOSP;0.915
103.00	103.50	FOSP;0.547
106.25	107.75	FOSP;0.716
110.00	113.50	FOSP;0.917
113.75	114.50	FOSP;0.581
117.75	118.00	FOSP;0.527
124.25	128.50	FOSP;0.874
139.50	142.75	FOSP;0.846
149.25	151.50	FOSP;0.890
163.00	165.50	FOSP;0.708
167.75	168.25	FOSP;0.532
175.50	177.50	FOSP;0.808
183.75	185.50	FOSP;0.750
187.00	187.50	FOSP;0.581
197.50	198.25	FOSP;0.537
220.50	222.75	FOSP;0.723
236.00	237.00	FOSP;0.551
244.25	246.25	FOSP;0.820
256.00	258.00	FOSP;0.746
271.75	272.50	FOSP;0.574
280.50	282.50	FOSP;0.765
289.00	290.50	FOSP;0.760
294.00	296.00	FOSP;0.694
309.00	309.50	FOSP;0.519
319.75	322.50	FOSP;0.853
326.25	326.50	FOSP;0.543
333.50	336.00	FOSP;0.858
348.00	349.00	FOSP;0.580
351.50	353.50	FOSP;0.764
367.00	369.00	FOSP;0.715
382.25	383.50	FOSP;0.760
399.75	400.00	FOSP;0.522
410.00	410.50	FOSP;0.540
416.00	418.25	FOSP;0.816
423.75	426.50	FOSP;0.816
431.00	433.25	FOSP;0.888
439.25	444.00	FOSP;0.860
450.00	450.75	FOSP;0.573
452.75	458.50	FOSP;0.911
464.00	468.75	FOSP;0.777
476.25	478.50	FOSP;0.751
483.75	486.00	FOSP;0.790
486.25	488.00	FOSP;0.819
491.00	493.50	FOSP;0.753
499.50	503.00	FOSP;0.706
513.00	515.75	FOSP;0.894
523.25	525.75	FOSP;0.875
531.50	533.50	FOSP;0.821
535.25	537.50	FOSP;0.855
540.00	542.25	FOSP;0.891
548.75	549.75	FOSP;0.618
562.00	563.00	FOSP;0.649
565.25	566.25	FOSP;0.648
576.25	577.75	FOSP;0.789
588.00	591.00	FOSP;0.784
599.50	599.75	FOSP;0.518
14.00	16.00	GCSP;0.796
347.75	348.00	GCSP;0.517
385.75	386.50	GCSP;0.539
398.00	399.50	GCSP;0.748
143.50	144.25	HETH;0.575
475.25	476.00	HOLA;0.550
561.75	562.00	LASP;0.511
252.75	253.00	MOCH;0.507
306.50	307.75	MOCH;0.640
312.00	312.50	MOCH;0.560
460.75	461.00	MOCH;0.522
581.50	581.75	SAPH;0.517
55.00	56.00	SNBU;0.613
130.75	132.50	SNBU;0.831
303.50	305.00	SNBU;0.832
548.00	550.00	SNBU;0.736
38.50	40.50	VATH;0.893
96.00	97.25	VATH;0.559
167.00	167.50	VATH;0.606
403.00	404.25	VATH;0.693
570.00	572.25	VATH;0.878
595.00	595.25	VATH;0.511
577.50	579.00	VESP;0.762
17.00	18.25	WATA;0.699
54.25	55.00	WATA;0.564
344.00	345.25	WATA;0.613
401.50	402.50	WATA;0.711
422.00	423.75	WATA;0.873
26.00	27.00	WCSP;0.615
37.25	39.00	WCSP;0.690
68.00	70.00	WCSP;0.817
79.25	80.25	WCSP;0.600
91.75	93.00	WCSP;0.637
101.50	103.00	WCSP;0.591
114.00	114.25	WCSP;0.522
115.00	115.25	WCSP;0.508
399.50	401.50	WCSP;0.812
440.00	441.50	WCSP;0.763
509.00	510.50	WCSP;0.785
553.25	553.75	WIWA;0.601
0.75	3.00	WTSP;0.922
14.00	14.50	WTSP;0.746
15.25	17.50	WTSP;0.878
34.00	37.25	WTSP;0.980
45.25	47.75	WTSP;0.946
51.00	54.25	WTSP;0.987
59.50	62.50	WTSP;0.988
67.75	68.50	WTSP;0.716
82.50	87.00	WTSP;0.990
93.00	94.00	WTSP;0.774
100.50	102.00	WTSP;0.924
108.00	110.00	WTSP;0.977
115.00	121.50	WTSP;0.988
136.00	140.00	WTSP;0.986
143.75	148.50	WTSP;0.992
151.75	156.25	WTSP;0.990
158.75	163.50	WTSP;0.986
168.50	175.00	WTSP;0.998
177.00	183.50	WTSP;0.993
186.50	196.25	WTSP;0.994
199.00	204.25	WTSP;0.991
205.50	221.00	WTSP;0.996
224.00	228.00	WTSP;0.998
230.50	244.00	WTSP;0.994
245.50	253.00	WTSP;0.994
258.00	272.00	WTSP;0.996
273.50	280.50	WTSP;0.995
281.50	288.50	WTSP;0.997
290.00	294.00	WTSP;0.995
298.00	303.50	WTSP;0.997
308.75	312.00	WTSP;0.978
315.00	320.00	WTSP;0.996
322.50	333.25	WTSP;0.988
336.00	340.00	WTSP;0.991
342.25	347.75	WTSP;0.982
354.50	358.00	WTSP;0.986
360.00	363.50	WTSP;0.974
364.00	367.50	WTSP;0.990
370.00	377.00	WTSP;0.995
377.25	381.50	WTSP;0.985
383.50	391.00	WTSP;0.979
393.50	397.50	WTSP;0.988
400.50	402.00	WTSP;0.752
404.25	408.00	WTSP;0.988
411.75	416.50	WTSP;0.984
419.50	422.25	WTSP;0.944
426.50	430.00	WTSP;0.987
435.00	439.00	WTSP;0.984
446.00	450.00	WTSP;0.984
458.00	460.75	WTSP;0.979
469.00	472.50	WTSP;0.996
478.00	481.00	WTSP;0.986
487.50	490.75	WTSP;0.986
497.00	500.00	WTSP;0.976
506.00	509.00	WTSP;0.987
517.00	521.25	WTSP;0.988
526.75	530.50	WTSP;0.990
543.00	546.75	WTSP;0.986
557.75	560.00	WTSP;0.951
584.25	588.00	WTSP;0.984
590.25	598.75	WTSP;0.986
303.25	303.50	WWCR;0.503
