64.00	66.00	AMRO;0.621
279.75	281.00	BCCH;0.587
19.00	19.50	BLSW;0.536
281.50	282.75	CHSP;0.650
236.25	236.50	EAME;0.512
10.50	12.50	FOSP;0.832
24.50	27.00	FOSP;0.864
42.75	45.50	FOSP;0.911
54.50	56.75	FOSP;0.824
70.25	72.75	FOSP;0.908
133.25	134.25	FOSP;0.573
144.50	146.25	FOSP;0.805
152.25	152.50	FOSP;0.551
186.00	188.50	FOSP;0.876
200.00	202.00	FOSP;0.775
214.50	215.50	FOSP;0.666
84.50	84.75	GCSP;0.527
85.00	85.25	GCSP;0.520
163.50	165.00	GCSP;0.823
35.00	35.75	LISP;0.547
154.00	154.50	NOWA;0.561
111.00	112.00	PISI;0.637
138.00	138.50	PISI;0.523
159.25	161.50	PISI;0.857
118.00	119.50	SNBU;0.672
22.50	23.75	SWSP;0.745
148.50	149.25	SWSP;0.547
176.00	177.75	SWSP;0.807
274.75	275.50	SWSP;0.584
0.50	1.75	WCSP;0.619
37.75	40.50	WCSP;0.945
49.50	52.00	WCSP;0.784
77.50	79.75	WCSP;0.881
85.25	87.25	WCSP;0.874
127.75	129.50	WCSP;0.878
255.00	255.25	WEKI;0.540
1.75	4.50	WTSP;0.977
13.75	17.25	WTSP;0.977
28.75	31.00	WTSP;0.930
40.50	42.50	WTSP;0.894
57.00	57.25	WTSP;0.514
57.50	59.50	WTSP;0.901
99.00	101.25	WTSP;0.861
107.50	108.00	WTSP;0.585
125.75	127.25	WTSP;0.637
147.00	149.25	WTSP;0.834
178.50	181.50	WTSP;0.913
194.00	195.50	WTSP;0.704
