402.75	404.00	AMGP;0.677
554.50	556.00	AMGP;0.815
2.25	2.50	AMRO;0.526
2.75	3.00	AMRO;0.502
5.75	6.75	AMRO;0.604
24.00	33.50	AMRO;0.955
43.00	46.75	AMRO;0.855
50.75	53.00	AMRO;0.871
58.00	63.50	AMRO;0.959
70.50	72.50	AMRO;0.852
76.00	78.25	AMRO;0.692
84.00	87.75	AMRO;0.808
92.50	94.50	AMRO;0.735
102.75	107.50	AMRO;0.811
109.50	112.00	AMRO;0.726
115.00	117.00	AMRO;0.789
123.00	125.75	AMRO;0.762
128.00	132.50	AMRO;0.924
137.00	139.00	AMRO;0.707
143.50	146.25	AMRO;0.699
171.50	173.50	AMRO;0.739
182.00	183.50	AMRO;0.692
234.00	236.00	AMRO;0.816
250.00	251.50	AMRO;0.761
280.00	281.00	AMRO;0.625
312.50	315.00	AMRO;0.874
322.50	324.25	AMRO;0.691
346.00	346.25	AMRO;0.513
371.50	373.50	AMRO;0.790
503.75	505.50	AMRO;0.756
513.50	514.50	AMRO;0.598
519.00	519.25	AMRO;0.516
566.25	568.50	AMRO;0.814
579.25	581.25	AMRO;0.764
591.75	592.75	AMRO;0.601
328.50	329.50	BBPL;0.643
535.75	536.75	BBPL;0.691
13.00	13.25	CHSP;0.522
39.25	41.50	CHSP;0.857
47.50	49.50	CHSP;0.725
64.75	66.75	CHSP;0.803
73.50	74.75	CHSP;0.628
75.00	75.25	CHSP;0.525
81.00	82.25	CHSP;0.651
89.00	91.25	CHSP;0.815
98.50	100.00	CHSP;0.713
107.00	109.50	CHSP;0.826
115.50	117.00	CHSP;0.709
159.75	160.25	CHSP;0.555
168.00	169.50	CHSP;0.700
178.00	180.00	CHSP;0.727
185.50	187.50	CHSP;0.734
194.50	195.00	CHSP;0.508
201.25	202.00	CHSP;0.544
209.50	211.50	CHSP;0.741
241.50	243.00	CHSP;0.556
261.00	263.00	CHSP;0.838
268.00	269.50	CHSP;0.662
274.50	277.50	CHSP;0.857
283.00	284.50	CHSP;0.679
290.50	294.00	CHSP;0.947
307.00	308.75	CHSP;0.710
346.00	348.00	CHSP;0.811
353.25	355.50	CHSP;0.734
361.50	362.75	CHSP;0.561
363.00	363.25	CHSP;0.502
378.00	380.75	CHSP;0.840
385.50	389.00	CHSP;0.955
419.00	421.00	CHSP;0.827
451.50	452.75	CHSP;0.625
469.00	471.00	CHSP;0.755
476.50	478.25	CHSP;0.752
501.50	502.50	CHSP;0.621
530.25	531.50	CHSP;0.652
537.00	538.50	CHSP;0.717
544.75	547.00	CHSP;0.826
553.00	555.00	CHSP;0.721
577.75	578.25	CHSP;0.545
587.75	588.00	CHSP;0.500
594.50	595.75	CHSP;0.659
208.50	209.75	DEJU;0.647
255.00	255.25	DEJU;0.515
340.00	340.25	DEJU;0.514
370.00	372.75	DEJU;0.848
538.75	539.00	DEJU;0.540
539.25	539.50	DEJU;0.538
571.00	571.75	DEJU;0.564
421.25	422.25	EAME;0.602
498.75	499.75	EAME;0.627
20.50	22.50	FOSP;0.838
54.25	56.00	FOSP;0.805
68.25	70.00	FOSP;0.791
430.50	432.50	FOSP;0.760
443.25	444.00	FOSP;0.509
461.75	463.50	FOSP;0.678
472.00	473.50	FOSP;0.622
480.75	483.00	FOSP;0.866
510.50	512.75	FOSP;0.830
524.00	524.25	FOSP;0.503
524.50	526.50	FOSP;0.662
531.50	532.50	FOSP;0.612
550.00	551.25	FOSP;0.635
596.75	598.25	FOSP;0.717
423.75	424.25	GRCA;0.532
4.00	5.50	GWTE;0.787
104.75	105.25	GWTE;0.598
387.75	388.50	GWTE;0.544
15.00	16.50	HETH;0.704
231.50	233.00	HETH;0.712
547.25	548.00	HETH;0.693
584.00	585.75	HETH;0.696
594.00	595.00	HETH;0.651
4.00	4.50	OCWA;0.580
300.25	301.00	OCWA;0.617
362.00	362.25	OCWA;0.532
320.50	321.50	PISI;0.626
334.25	336.50	PISI;0.923
336.75	338.50	PISI;0.774
435.00	436.25	PIWA;0.652
213.50	214.00	REVI;0.516
229.25	229.50	REVI;0.516
78.50	79.50	SATH;0.578
411.00	411.25	SNBU;0.526
534.50	535.00	SNBU;0.624
22.25	23.50	VESP;0.638
162.25	163.00	WATA;0.611
304.00	305.25	WATA;0.707
463.00	464.00	WCSP;0.622
455.50	456.75	WEME;0.638
546.75	547.25	WEME;0.526
221.00	221.50	WWCR;0.535
