6.00	7.00	AMRO;0.603
15.50	18.00	AMRO;0.813
22.00	25.00	AMRO;0.844
34.00	35.50	AMRO;0.630
194.25	195.50	AMRO;0.579
226.75	227.25	AMRO;0.545
260.50	262.25	AMRO;0.685
269.25	271.75	AMRO;0.709
24.75	25.75	FISP;0.570
31.00	31.50	FISP;0.604
211.25	212.25	FISP;0.623
13.00	15.50	FOSP;0.867
25.75	27.50	FOSP;0.717
38.00	40.00	FOSP;0.797
49.00	51.50	FOSP;0.947
60.75	63.00	FOSP;0.868
72.75	75.25	FOSP;0.872
86.50	88.50	FOSP;0.804
98.25	101.00	FOSP;0.915
111.25	113.00	FOSP;0.771
120.25	120.50	FOSP;0.516
126.00	128.00	FOSP;0.841
138.50	141.25	FOSP;0.916
146.50	147.50	FOSP;0.680
151.50	154.00	FOSP;0.858
164.00	165.75	FOSP;0.681
178.50	181.00	FOSP;0.855
191.25	194.00	FOSP;0.884
199.25	199.75	FOSP;0.519
207.00	208.50	FOSP;0.654
220.00	222.00	FOSP;0.883
225.00	225.75	FOSP;0.564
232.50	234.75	FOSP;0.914
245.25	247.00	FOSP;0.923
250.75	252.00	FOSP;0.616
259.00	261.50	FOSP;0.818
272.50	274.50	FOSP;0.879
284.75	286.75	FOSP;0.785
36.75	38.00	GCSP;0.685
125.00	125.25	GCSP;0.532
157.00	157.50	HETH;0.588
48.00	48.25	MOCH;0.588
48.50	48.75	MOCH;0.512
157.25	157.50	MOCH;0.505
280.25	280.50	MOCH;0.510
4.50	6.00	RBGR;0.692
2.00	3.50	VATH;0.822
19.00	19.75	VATH;0.614
58.50	60.25	VATH;0.824
81.25	84.00	VATH;0.909
186.00	187.00	VATH;0.728
231.50	231.75	VATH;0.556
240.25	241.75	VATH;0.829
264.25	265.75	VATH;0.748
281.75	284.00	VATH;0.878
291.50	293.00	VATH;0.694
4.00	5.75	WCSP;0.738
11.00	12.00	WCSP;0.547
15.00	17.00	WCSP;0.760
27.00	29.50	WCSP;0.898
35.00	37.00	WCSP;0.855
43.75	47.50	WCSP;0.789
55.50	59.00	WCSP;0.862
64.75	66.50	WCSP;0.869
69.25	72.50	WCSP;0.908
77.75	81.25	WCSP;0.939
88.00	91.00	WCSP;0.939
96.25	98.50	WCSP;0.822
104.00	107.00	WCSP;0.904
112.50	115.25	WCSP;0.944
124.00	124.25	WCSP;0.549
124.50	124.75	WCSP;0.533
125.00	126.75	WCSP;0.753
142.50	145.25	WCSP;0.904
158.00	161.00	WCSP;0.925
166.00	168.50	WCSP;0.907
174.00	174.25	WCSP;0.506
174.50	177.50	WCSP;0.894
186.50	191.00	WCSP;0.845
197.50	200.00	WCSP;0.885
205.00	206.50	WCSP;0.812
208.25	210.50	WCSP;0.857
214.25	216.25	WCSP;0.748
218.00	220.50	WCSP;0.871
226.00	229.00	WCSP;0.924
236.00	240.00	WCSP;0.870
242.75	245.00	WCSP;0.876
246.75	249.25	WCSP;0.882
252.00	254.00	WCSP;0.812
256.00	258.50	WCSP;0.841
261.50	263.75	WCSP;0.791
265.75	268.00	WCSP;0.794
270.75	272.75	WCSP;0.799
275.00	278.00	WCSP;0.895
286.50	289.50	WCSP;0.864
290.00	292.25	WCSP;0.785
295.75	298.00	WCSP;0.856
279.50	280.00	WEME;0.546
47.50	47.75	WTSP;0.519
132.25	134.00	WTSP;0.715
149.00	150.25	WTSP;0.620
203.75	204.75	WTSP;0.658
213.75	214.00	WTSP;0.514
223.00	223.75	WTSP;0.597
295.00	295.50	WTSP;0.580
