495.25	496.00	AMAV;0.602
568.00	568.25	AMGP;0.500
1.00	4.00	AMRO;0.885
27.00	28.25	AMRO;0.690
28.75	31.50	AMRO;0.947
34.50	37.00	AMRO;0.880
44.75	48.75	AMRO;0.809
93.50	95.50	AMRO;0.839
104.25	106.00	AMRO;0.726
107.75	109.25	AMRO;0.691
119.50	120.00	AMRO;0.535
190.50	191.50	AMRO;0.651
191.75	192.00	AMRO;0.544
196.00	196.25	AMRO;0.511
250.75	251.50	AMRO;0.563
258.00	258.50	AMRO;0.546
278.00	281.00	AMRO;0.953
284.00	285.50	AMRO;0.720
286.25	288.00	AMRO;0.667
303.00	306.75	AMRO;0.934
307.00	308.75	AMRO;0.705
322.50	325.25	AMRO;0.792
348.50	351.00	AMRO;0.916
354.50	356.25	AMRO;0.786
361.00	363.50	AMRO;0.812
378.00	378.25	AMRO;0.547
383.00	384.50	AMRO;0.751
395.50	397.75	AMRO;0.742
420.50	422.25	AMRO;0.737
437.50	438.50	AMRO;0.640
438.75	439.00	AMRO;0.519
465.00	465.75	AMRO;0.551
516.50	519.25	AMRO;0.858
558.75	561.50	AMRO;0.683
576.00	576.75	AMRO;0.597
248.50	249.00	BAOR;0.550
77.75	79.50	BRSP;0.758
106.75	107.50	BRSP;0.604
114.25	116.25	BRSP;0.837
9.00	13.00	CHSP;0.960
22.25	26.25	CHSP;0.959
35.00	39.50	CHSP;0.963
49.50	53.50	CHSP;0.942
62.00	65.50	CHSP;0.977
68.75	75.50	CHSP;0.963
79.00	84.50	CHSP;0.967
85.00	89.50	CHSP;0.972
94.00	99.00	CHSP;0.977
103.00	107.25	CHSP;0.970
110.50	114.50	CHSP;0.963
121.00	124.00	CHSP;0.923
131.00	134.50	CHSP;0.957
142.50	145.75	CHSP;0.836
151.00	156.00	CHSP;0.975
161.25	169.50	CHSP;0.970
175.00	179.00	CHSP;0.964
184.50	189.75	CHSP;0.974
196.50	199.75	CHSP;0.963
206.25	209.50	CHSP;0.960
215.50	219.00	CHSP;0.962
223.50	228.00	CHSP;0.941
235.00	238.00	CHSP;0.948
245.50	248.75	CHSP;0.970
255.25	259.00	CHSP;0.953
265.50	269.50	CHSP;0.940
274.75	279.25	CHSP;0.966
282.25	283.50	CHSP;0.737
284.00	289.50	CHSP;0.971
295.50	300.25	CHSP;0.977
304.00	306.00	CHSP;0.838
307.50	311.25	CHSP;0.967
316.75	320.75	CHSP;0.962
325.50	331.50	CHSP;0.971
333.00	333.25	CHSP;0.705
333.50	335.00	CHSP;0.744
337.50	340.00	CHSP;0.871
346.50	350.75	CHSP;0.961
356.75	361.50	CHSP;0.978
366.00	369.75	CHSP;0.923
377.25	381.50	CHSP;0.936
389.00	392.25	CHSP;0.915
399.75	403.50	CHSP;0.964
412.00	415.50	CHSP;0.950
422.50	427.50	CHSP;0.933
433.50	437.75	CHSP;0.948
446.00	450.50	CHSP;0.958
457.50	461.00	CHSP;0.965
467.50	471.50	CHSP;0.958
477.50	481.50	CHSP;0.960
489.75	494.00	CHSP;0.979
502.25	506.00	CHSP;0.977
512.50	518.00	CHSP;0.957
521.25	526.00	CHSP;0.969
531.75	536.75	CHSP;0.964
543.00	547.25	CHSP;0.968
553.00	556.50	CHSP;0.943
563.50	568.00	CHSP;0.962
575.00	579.25	CHSP;0.970
587.00	589.50	CHSP;0.895
102.00	103.50	DEJU;0.663
582.25	584.50	EAKI;0.940
84.50	85.00	EATO;0.548
13.00	14.25	FOSP;0.690
39.00	41.00	FOSP;0.893
49.50	51.25	FOSP;0.687
54.75	56.00	FOSP;0.627
63.50	65.75	FOSP;0.850
76.00	77.50	FOSP;0.737
88.50	90.00	FOSP;0.619
90.25	93.50	FOSP;0.895
99.50	101.50	FOSP;0.819
110.75	113.00	FOSP;0.770
143.25	145.25	FOSP;0.912
157.25	159.50	FOSP;0.855
177.50	178.75	FOSP;0.571
197.75	199.75	FOSP;0.813
470.50	470.75	FOSP;0.516
586.25	586.50	FOSP;0.553
463.25	464.00	GRCA;0.617
46.00	46.75	GWTE;0.585
243.00	243.25	GWTE;0.503
41.50	43.75	LISP;0.891
57.25	58.00	LISP;0.557
133.50	135.00	LISP;0.782
149.50	150.25	LISP;0.561
165.00	165.50	LISP;0.512
193.50	195.75	LISP;0.869
228.00	229.00	LISP;0.581
244.25	245.00	LISP;0.600
259.75	262.50	LISP;0.868
291.00	293.75	LISP;0.845
306.50	307.75	LISP;0.731
321.50	323.00	LISP;0.751
323.25	323.50	LISP;0.527
337.00	338.00	LISP;0.678
352.25	355.00	LISP;0.933
369.25	370.50	LISP;0.685
384.00	386.00	LISP;0.818
399.75	400.50	LISP;0.596
430.50	432.00	LISP;0.785
461.00	462.50	LISP;0.625
478.00	478.25	LISP;0.539
493.25	494.50	LISP;0.735
510.00	510.75	LISP;0.663
525.50	526.50	LISP;0.663
529.00	529.75	LISP;0.593
540.75	543.00	LISP;0.909
556.00	558.25	LISP;0.855
574.25	574.50	LISP;0.504
589.00	590.00	LISP;0.684
60.00	62.50	PISI;0.987
123.50	130.75	PISI;0.988
135.50	142.50	PISI;0.975
145.50	147.50	PISI;0.905
178.75	183.75	PISI;0.980
196.00	197.25	PISI;0.870
199.50	207.25	PISI;0.989
208.00	216.75	PISI;0.983
217.50	219.75	PISI;0.899
220.75	223.75	PISI;0.940
230.00	235.50	PISI;0.963
237.25	244.50	PISI;0.983
248.00	256.00	PISI;0.974
259.00	260.25	PISI;0.879
268.50	274.00	PISI;0.973
315.75	317.50	PISI;0.968
317.75	318.00	PISI;0.746
382.25	382.50	PISI;0.710
382.75	384.00	PISI;0.787
385.75	389.25	PISI;0.978
393.25	395.50	PISI;0.946
396.75	399.75	PISI;0.931
405.00	407.50	PISI;0.844
590.50	596.00	PISI;0.980
596.50	599.50	PISI;0.974
264.25	265.75	REVI;0.703
324.75	326.00	REVI;0.730
563.50	563.75	REVI;0.514
477.00	479.75	RUGR;0.755
410.00	410.50	SURF;0.536
28.50	29.00	TOSO;0.551
229.50	231.50	TOSO;0.647
299.50	301.00	WCSP;0.768
281.50	283.50	WTSP;0.787
334.50	336.00	WTSP;0.750
373.00	375.00	YRWA;0.769
