4.75	5.00	AMRO;0.518
5.25	5.50	AMRO;0.520
7.00	8.00	AMRO;0.686
17.00	18.75	AMRO;0.778
29.25	30.50	AMRO;0.581
34.50	35.75	AMRO;0.683
54.50	55.00	AMRO;0.552
58.00	60.25	AMRO;0.897
83.50	86.50	AMRO;0.884
99.25	101.50	AMRO;0.889
114.75	116.50	AMRO;0.777
124.00	124.25	AMRO;0.548
146.75	147.50	AMRO;0.516
147.75	148.75	AMRO;0.634
151.50	152.50	AMRO;0.632
167.50	169.50	AMRO;0.761
175.50	177.75	AMRO;0.903
183.50	184.50	AMRO;0.641
16.75	17.00	BLOY;0.503
317.75	320.00	CHSP;0.908
324.25	324.50	CHSP;0.698
324.75	325.00	CHSP;0.694
342.25	344.50	CHSP;0.906
358.75	362.25	CHSP;0.970
369.00	371.50	CHSP;0.935
388.00	388.75	CHSP;0.725
423.50	425.50	CHSP;0.857
441.50	444.25	CHSP;0.963
479.00	482.00	CHSP;0.898
487.50	491.00	CHSP;0.979
513.00	515.50	CHSP;0.977
521.75	525.00	CHSP;0.977
531.00	534.50	CHSP;0.964
560.50	563.00	CHSP;0.920
587.50	590.50	CHSP;0.976
595.50	599.50	CHSP;0.965
397.25	398.00	CHSW;0.597
414.00	414.50	CHSW;0.522
23.50	24.50	FOSP;0.711
27.50	28.25	FOSP;0.602
38.00	40.50	FOSP;0.858
51.00	52.50	FOSP;0.705
61.25	62.25	FOSP;0.598
67.50	69.75	FOSP;0.896
77.75	80.50	FOSP;0.853
91.00	92.75	FOSP;0.751
94.25	96.00	FOSP;0.744
102.50	104.50	FOSP;0.861
116.50	118.25	FOSP;0.837
135.25	136.50	FOSP;0.710
140.25	142.00	FOSP;0.880
150.00	151.50	FOSP;0.743
153.00	155.00	FOSP;0.793
163.25	165.00	FOSP;0.702
177.75	179.00	FOSP;0.623
192.00	194.00	FOSP;0.783
204.25	206.50	FOSP;0.903
220.50	222.75	FOSP;0.860
232.25	232.75	FOSP;0.532
235.25	236.50	FOSP;0.710
251.75	255.50	FOSP;0.901
267.50	268.50	FOSP;0.660
271.50	273.00	FOSP;0.830
283.00	285.75	FOSP;0.879
292.75	294.50	FOSP;0.862
315.00	317.50	FOSP;0.896
333.25	334.75	FOSP;0.701
349.50	351.75	FOSP;0.878
366.75	368.75	FOSP;0.754
382.00	384.00	FOSP;0.742
398.50	399.75	FOSP;0.792
414.75	416.50	FOSP;0.636
449.75	452.00	FOSP;0.864
471.50	472.75	FOSP;0.553
498.75	500.00	FOSP;0.737
518.75	519.50	FOSP;0.651
533.50	534.00	FOSP;0.594
578.25	579.50	FOSP;0.733
586.00	587.25	FOSP;0.698
300.25	301.25	GCSP;0.678
183.50	183.75	OSFL;0.520
356.00	360.00	RUGR;0.930
396.00	398.25	RUGR;0.855
399.00	400.00	RUGR;0.575
445.75	446.25	RUGR;0.556
125.75	126.25	SNBU;0.538
548.25	549.50	SNBU;0.770
577.75	578.00	SNBU;0.516
429.75	430.25	SWSP;0.528
438.00	438.50	SWSP;0.574
468.00	468.25	SWSP;0.508
505.00	506.25	SWSP;0.658
487.00	488.50	VATH;0.728
44.75	46.00	VESP;0.593
31.50	32.25	WATA;0.686
566.00	567.00	WATA;0.602
574.50	576.00	WATA;0.663
5.00	8.25	WCSP;0.970
12.25	15.50	WCSP;0.975
19.50	22.50	WCSP;0.964
26.00	27.75	WCSP;0.842
32.25	35.75	WCSP;0.970
40.75	44.25	WCSP;0.965
48.50	51.25	WCSP;0.963
56.50	58.75	WCSP;0.827
62.50	64.50	WCSP;0.926
143.00	144.50	WCSP;0.825
159.00	161.00	WCSP;0.865
165.50	167.25	WCSP;0.893
172.50	175.50	WCSP;0.960
180.00	180.25	WCSP;0.701
180.50	182.75	WCSP;0.907
187.75	189.75	WCSP;0.869
242.50	243.50	WCSP;0.748
387.00	387.50	WCSP;0.717
419.00	422.00	WCSP;0.974
425.75	429.00	WCSP;0.978
432.75	436.00	WCSP;0.973
439.25	442.00	WCSP;0.942
445.75	449.00	WCSP;0.963
454.00	457.50	WCSP;0.979
461.00	465.00	WCSP;0.974
469.00	472.25	WCSP;0.958
476.00	479.50	WCSP;0.970
483.25	486.50	WCSP;0.970
493.25	496.75	WCSP;0.972
501.50	504.75	WCSP;0.975
518.75	519.00	WCSP;0.704
1.75	4.50	WIWA;0.924
10.50	13.00	WIWA;0.978
18.75	21.00	WIWA;0.923
28.00	31.25	WIWA;0.969
37.50	39.75	WIWA;0.887
46.00	49.50	WIWA;0.979
55.00	57.75	WIWA;0.938
63.50	66.25	WIWA;0.934
72.25	75.75	WIWA;0.976
83.00	86.25	WIWA;0.974
93.50	96.00	WIWA;0.922
102.25	104.75	WIWA;0.867
111.00	114.50	WIWA;0.983
120.50	121.75	WIWA;0.747
210.75	211.75	WIWA;0.778
240.75	242.25	WIWA;0.801
250.50	253.00	WIWA;0.890
261.50	264.00	WIWA;0.956
276.00	279.00	WIWA;0.955
286.75	290.50	WIWA;0.974
296.50	299.75	WIWA;0.976
307.75	310.50	WIWA;0.955
320.50	323.50	WIWA;0.897
336.00	339.50	WIWA;0.971
352.25	355.50	WIWA;0.980
363.50	367.00	WIWA;0.974
395.00	397.50	WIWA;0.941
404.00	407.50	WIWA;0.953
415.00	416.50	WIWA;0.881
427.75	429.75	WIWA;0.821
456.50	458.50	WIWA;0.841
458.75	459.00	WIWA;0.721
459.25	459.50	WIWA;0.701
467.00	469.00	WIWA;0.785
496.25	498.75	WIWA;0.805
506.25	509.25	WIWA;0.954
515.00	518.00	WIWA;0.944
526.25	529.00	WIWA;0.913
535.75	537.75	WIWA;0.855
556.25	559.00	WIWA;0.953
569.25	571.50	WIWA;0.883
580.75	583.50	WIWA;0.937
591.00	593.25	WIWA;0.842
0.75	4.00	WTSP;0.969
55.00	56.00	WTSP;0.756
70.50	72.50	WTSP;0.950
80.25	84.00	WTSP;0.992
86.50	90.50	WTSP;0.984
95.75	99.50	WTSP;0.989
104.50	107.75	WTSP;0.980
120.75	122.75	WTSP;0.791
127.75	131.75	WTSP;0.943
136.00	140.00	WTSP;0.987
145.00	150.00	WTSP;0.983
167.00	171.25	WTSP;0.984
180.50	180.75	WTSP;0.704
187.25	187.75	WTSP;0.700
215.50	220.00	WTSP;0.988
224.75	229.00	WTSP;0.987
236.25	240.25	WTSP;0.995
246.50	251.50	WTSP;0.990
255.00	259.50	WTSP;0.991
263.00	267.50	WTSP;0.981
273.00	276.00	WTSP;0.961
279.00	282.75	WTSP;0.984
299.50	304.00	WTSP;0.906
401.50	406.25	WTSP;0.986
409.00	414.00	WTSP;0.982
417.50	418.75	WTSP;0.921
436.75	439.50	WTSP;0.971
465.75	467.75	WTSP;0.864
479.00	481.00	WTSP;0.880
500.00	502.00	WTSP;0.979
508.50	513.75	WTSP;0.975
519.00	522.50	WTSP;0.984
523.75	528.00	WTSP;0.980
530.00	533.00	WTSP;0.933
534.50	537.75	WTSP;0.984
540.75	547.50	WTSP;0.994
553.50	556.50	WTSP;0.969
558.00	561.50	WTSP;0.983
563.00	566.00	WTSP;0.962
567.75	574.50	WTSP;0.985
580.00	584.00	WTSP;0.954
589.00	596.00	WTSP;0.988
