177.75	179.75	BAOR;0.818
485.75	486.25	BAOR;0.554
521.00	522.75	BAOR;0.789
553.25	554.25	BAOR;0.663
570.00	571.00	BAOR;0.612
422.25	422.50	BHCO;0.503
293.00	295.50	DEJU;0.883
16.50	18.50	FISP;0.840
214.50	216.25	FISP;0.927
388.00	389.00	FISP;0.658
425.00	426.00	FISP;0.638
587.00	587.25	FISP;0.567
268.75	271.00	FOSP;0.840
280.50	282.00	FOSP;0.711
316.50	318.00	GCSP;0.702
289.00	289.25	HOFI;0.561
135.75	136.00	MOCH;0.553
136.25	136.50	MOCH;0.510
151.50	151.75	MOCH;0.505
12.75	16.00	RCKI;0.864
41.00	44.50	RCKI;0.910
55.50	58.00	RCKI;0.909
72.00	74.50	RCKI;0.897
83.25	85.25	RCKI;0.784
93.50	95.75	RCKI;0.917
101.50	103.75	RCKI;0.772
110.00	112.50	RCKI;0.709
119.75	121.50	RCKI;0.788
142.75	147.50	RCKI;0.935
156.25	158.00	RCKI;0.748
163.50	168.00	RCKI;0.892
180.00	181.00	RCKI;0.565
190.25	191.50	RCKI;0.619
195.00	197.00	RCKI;0.860
206.75	211.50	RCKI;0.943
211.75	212.00	RCKI;0.505
233.75	237.25	RCKI;0.757
245.00	247.25	RCKI;0.787
257.00	261.25	RCKI;0.880
277.75	279.50	RCKI;0.784
289.25	290.00	RCKI;0.526
295.50	298.50	RCKI;0.824
312.50	313.00	RCKI;0.512
313.25	316.50	RCKI;0.903
326.50	331.00	RCKI;0.922
339.75	341.00	RCKI;0.663
375.00	377.00	RUGR;0.698
113.25	114.50	SWSP;0.589
123.00	124.50	SWSP;0.751
184.00	186.25	SWSP;0.852
500.50	500.75	SWSP;0.540
537.50	538.25	SWSP;0.552
580.00	581.75	SWSP;0.662
40.25	40.50	VATH;0.526
172.00	173.50	VATH;0.794
222.00	223.50	VATH;0.703
228.75	230.00	VATH;0.708
240.50	242.50	VATH;0.823
274.75	276.75	VATH;0.864
298.50	300.50	VATH;0.915
355.00	356.00	VATH;0.625
532.50	534.50	VATH;0.820
555.00	555.50	VATH;0.527
181.75	184.00	WATA;0.782
12.00	12.50	WCSP;0.575
27.25	29.50	WCSP;0.827
92.50	93.75	WCSP;0.719
197.00	199.00	WCSP;0.780
285.50	287.25	WCSP;0.753
362.25	365.50	WCSP;0.821
372.50	374.75	WCSP;0.905
378.50	382.50	WCSP;0.755
393.00	395.75	WCSP;0.838
410.25	413.50	WCSP;0.809
431.75	434.50	WCSP;0.800
446.25	448.50	WCSP;0.744
463.00	463.25	WCSP;0.532
474.50	477.25	WCSP;0.812
488.25	491.00	WCSP;0.917
501.50	504.25	WCSP;0.882
515.50	518.50	WCSP;0.874
529.50	532.50	WCSP;0.941
544.50	547.50	WCSP;0.934
558.00	561.25	WCSP;0.914
576.50	579.50	WCSP;0.876
596.00	599.00	WCSP;0.743
130.75	132.00	WHIM;0.597
319.25	321.00	WIWA;0.675
403.00	404.50	WIWA;0.735
471.75	472.50	WIWA;0.579
511.00	512.00	WIWA;0.606
571.50	574.25	WIWA;0.773
590.50	592.00	WIWA;0.697
1.50	5.25	WTSP;0.969
18.25	23.50	WTSP;0.979
27.00	27.25	WTSP;0.708
33.25	36.50	WTSP;0.983
48.50	51.00	WTSP;0.962
53.25	56.00	WTSP;0.969
65.50	69.25	WTSP;0.986
74.00	76.75	WTSP;0.975
80.00	83.00	WTSP;0.964
89.50	93.00	WTSP;0.968
94.75	98.50	WTSP;0.979
108.50	110.75	WTSP;0.932
117.75	119.50	WTSP;0.789
128.25	132.00	WTSP;0.981
132.50	135.50	WTSP;0.962
140.00	143.00	WTSP;0.927
147.25	150.50	WTSP;0.962
159.75	163.75	WTSP;0.985
174.00	178.00	WTSP;0.964
178.50	181.00	WTSP;0.938
181.50	182.75	WTSP;0.843
187.50	190.50	WTSP;0.939
200.50	204.00	WTSP;0.960
216.00	217.00	WTSP;0.752
230.00	233.50	WTSP;0.969
246.00	249.00	WTSP;0.864
261.00	264.00	WTSP;0.960
317.25	319.50	WTSP;0.849
332.00	334.75	WTSP;0.988
370.25	372.50	WTSP;0.928
378.25	380.75	WTSP;0.776
389.00	389.50	WTSP;0.708
423.00	425.75	WTSP;0.894
436.50	440.00	WTSP;0.977
444.25	446.50	WTSP;0.935
454.50	457.75	WTSP;0.957
462.00	462.25	WTSP;0.725
462.50	464.00	WTSP;0.742
469.50	472.00	WTSP;0.948
474.00	474.75	WTSP;0.762
481.25	484.25	WTSP;0.938
487.00	488.75	WTSP;0.869
493.00	496.50	WTSP;0.979
505.00	511.50	WTSP;0.958
521.75	529.25	WTSP;0.975
538.00	544.00	WTSP;0.987
567.75	570.50	WTSP;0.946
587.00	588.50	WTSP;0.787
591.50	596.50	WTSP;0.986
249.00	254.00	YRWA;0.829
263.50	266.00	YRWA;0.848
272.00	275.00	YRWA;0.898
307.50	309.75	YRWA;0.824
321.50	321.75	YRWA;0.552
335.00	337.50	YRWA;0.903
341.50	344.00	YRWA;0.927
351.50	354.75	YRWA;0.930
406.00	408.50	YRWA;0.936
426.25	427.00	YRWA;0.516
449.50	449.75	YRWA;0.502
450.00	451.50	YRWA;0.781
512.50	515.00	YRWA;0.915
582.00	583.75	YRWA;0.728
