11.00	11.25	AMDI;0.533
177.00	177.75	AMRO;0.574
167.00	168.00	BAOR;0.585
0.50	2.25	FOSP;0.674
3.50	6.00	FOSP;0.847
19.75	20.50	FOSP;0.560
30.00	32.00	FOSP;0.826
32.50	35.00	FOSP;0.926
43.00	45.25	FOSP;0.865
56.50	59.00	FOSP;0.902
64.50	65.50	FOSP;0.587
68.00	71.00	FOSP;0.924
74.25	75.50	FOSP;0.711
81.75	84.00	FOSP;0.853
93.50	95.50	FOSP;0.687
110.75	112.75	FOSP;0.761
138.75	140.50	FOSP;0.723
168.75	170.25	FOSP;0.550
205.75	206.00	FOSP;0.525
253.50	254.00	FOSP;0.529
101.75	103.25	LISP;0.637
177.50	178.50	LISP;0.621
117.25	118.00	MOCH;0.628
182.00	183.50	MOCH;0.651
230.75	231.00	MOCH;0.561
85.25	86.75	PISI;0.718
190.50	193.00	PISI;0.812
200.00	202.00	PISI;0.871
215.00	217.00	PISI;0.833
25.50	27.50	SOSP;0.719
6.00	9.00	TEWA;0.900
13.00	14.50	TEWA;0.854
20.25	24.00	TEWA;0.823
29.00	31.25	TEWA;0.723
36.00	39.00	TEWA;0.889
43.75	46.50	TEWA;0.747
50.50	53.50	TEWA;0.674
59.25	61.25	TEWA;0.762
65.50	68.25	TEWA;0.781
72.75	75.00	TEWA;0.752
80.00	82.50	TEWA;0.785
88.25	90.50	TEWA;0.718
95.50	99.00	TEWA;0.896
103.50	108.00	TEWA;0.906
112.50	115.50	TEWA;0.870
119.50	122.00	TEWA;0.818
127.50	130.00	TEWA;0.880
134.00	137.25	TEWA;0.824
141.50	144.75	TEWA;0.876
148.50	151.50	TEWA;0.832
157.00	159.00	TEWA;0.706
163.25	165.25	TEWA;0.782
170.75	174.50	TEWA;0.899
178.50	182.50	TEWA;0.838
187.00	189.25	TEWA;0.730
195.00	198.00	TEWA;0.705
202.25	205.00	TEWA;0.797
210.25	212.50	TEWA;0.832
217.00	220.00	TEWA;0.729
224.50	227.75	TEWA;0.848
232.50	235.50	TEWA;0.832
240.00	243.00	TEWA;0.735
248.00	249.75	TEWA;0.659
254.75	257.00	TEWA;0.683
262.00	265.50	TEWA;0.915
269.50	272.75	TEWA;0.854
277.75	280.50	TEWA;0.859
286.00	288.25	TEWA;0.720
292.00	295.50	TEWA;0.827
122.75	123.50	VESP;0.626
276.00	277.50	WATA;0.619
76.00	76.25	WAVI;0.537
16.00	17.50	WCSP;0.709
41.00	42.25	WCSP;0.605
63.00	64.25	WCSP;0.652
90.00	92.00	WCSP;0.806
123.00	126.50	WCSP;0.885
130.25	132.75	WCSP;0.901
136.00	136.25	WCSP;0.516
146.50	148.50	WCSP;0.810
159.25	162.00	WCSP;0.918
167.50	169.50	WCSP;0.764
185.50	187.50	WCSP;0.682
198.00	200.00	WCSP;0.723
219.50	222.50	WCSP;0.895
234.25	240.00	WCSP;0.917
243.50	246.50	WCSP;0.904
249.75	252.50	WCSP;0.936
257.00	258.75	WCSP;0.869
260.25	262.00	WCSP;0.842
266.50	269.00	WCSP;0.922
283.00	284.50	WCSP;0.638
26.25	27.00	WHIM;0.596
8.50	9.00	WTSP;0.522
9.25	9.50	WTSP;0.500
15.50	15.75	WTSP;0.538
27.50	29.50	WTSP;0.894
41.00	41.50	WTSP;0.558
55.00	55.25	WTSP;0.503
87.25	88.75	WTSP;0.732
99.75	100.50	WTSP;0.619
172.25	172.50	WTSP;0.526
180.00	182.25	WTSP;0.789
193.00	195.00	WTSP;0.748
197.75	199.25	WTSP;0.632
213.00	214.75	WTSP;0.728
219.50	220.50	WTSP;0.661
227.50	230.50	WTSP;0.857
239.75	241.50	WTSP;0.774
245.50	249.25	WTSP;0.964
254.50	257.00	WTSP;0.912
271.00	276.50	WTSP;0.937
283.50	288.50	WTSP;0.896
295.00	296.75	WTSP;0.743
48.75	51.00	YRWA;0.907
108.00	109.25	YRWA;0.681
289.25	290.50	YRWA;0.709
