38.50	39.25	AMGP;0.561
237.25	238.50	AMRO;0.698
50.00	51.00	BCCH;0.620
48.50	50.25	BLOY;0.836
279.75	281.00	BRSP;0.591
46.50	47.75	CHSP;0.748
54.25	58.50	CHSP;0.974
63.75	67.00	CHSP;0.975
71.75	76.00	CHSP;0.956
80.75	85.25	CHSP;0.981
88.50	92.50	CHSP;0.948
96.00	100.00	CHSP;0.969
104.00	108.25	CHSP;0.965
111.75	115.50	CHSP;0.973
118.75	123.00	CHSP;0.970
127.00	131.25	CHSP;0.970
134.75	138.50	CHSP;0.974
142.50	145.75	CHSP;0.885
148.00	152.00	CHSP;0.981
157.25	161.00	CHSP;0.978
165.00	168.75	CHSP;0.968
173.50	177.00	CHSP;0.972
179.00	183.00	CHSP;0.960
186.50	190.00	CHSP;0.970
193.75	197.00	CHSP;0.938
200.00	204.50	CHSP;0.970
208.50	212.50	CHSP;0.970
216.50	219.75	CHSP;0.918
224.75	228.00	CHSP;0.948
230.25	234.50	CHSP;0.969
238.00	241.00	CHSP;0.913
245.50	249.50	CHSP;0.955
253.25	256.50	CHSP;0.984
261.00	265.50	CHSP;0.973
270.00	274.50	CHSP;0.964
279.50	283.00	CHSP;0.899
298.50	300.00	CHSP;0.855
89.00	89.25	DEJU;0.530
14.00	14.25	GCSP;0.535
14.50	14.75	GCSP;0.500
29.50	31.50	LISP;0.712
46.50	48.00	LISP;0.735
62.50	64.00	LISP;0.691
94.00	95.50	LISP;0.687
109.00	111.00	LISP;0.812
140.00	141.00	LISP;0.677
155.50	157.00	LISP;0.760
172.00	174.00	LISP;0.798
206.00	207.75	LISP;0.766
239.50	240.50	LISP;0.642
255.50	257.50	LISP;0.865
27.75	28.00	MOCH;0.519
43.00	43.75	MOCH;0.574
44.00	44.25	MOCH;0.532
93.00	94.00	MOCH;0.630
153.75	155.00	MOCH;0.627
188.25	189.75	MOCH;0.751
241.50	242.00	MOCH;0.511
242.25	242.50	MOCH;0.564
242.75	243.00	MOCH;0.560
245.50	246.50	MOCH;0.652
282.00	282.25	MOCH;0.570
285.25	286.00	MOCH;0.573
184.75	186.00	PUFI;0.654
48.75	49.25	SAVS;0.543
258.00	258.25	SNBU;0.516
96.00	96.50	SWTH;0.587
100.00	102.00	WATA;0.791
212.75	213.75	WIWA;0.519
14.75	16.50	WTSP;0.766
44.00	45.50	WTSP;0.699
76.00	77.50	WTSP;0.699
111.25	112.75	WTSP;0.761
141.75	144.50	WTSP;0.719
146.50	148.00	WTSP;0.755
154.50	155.00	WTSP;0.566
160.25	163.25	WTSP;0.956
177.00	180.50	WTSP;0.937
192.25	195.50	WTSP;0.919
199.75	200.25	WTSP;0.518
207.50	210.00	WTSP;0.947
216.00	217.00	WTSP;0.625
223.00	224.50	WTSP;0.678
228.00	229.50	WTSP;0.662
234.25	237.75	WTSP;0.922
245.00	246.00	WTSP;0.639
249.50	251.50	WTSP;0.807
266.00	267.75	WTSP;0.829
283.00	285.00	WTSP;0.892
3.00	5.50	YRWA;0.853
23.50	24.75	YRWA;0.678
31.50	34.00	YRWA;0.901
42.50	44.00	YRWA;0.694
52.00	53.50	YRWA;0.687
62.50	63.00	YRWA;0.567
78.50	80.00	YRWA;0.751
102.50	104.50	YRWA;0.843
115.25	117.25	YRWA;0.853
125.50	127.50	YRWA;0.801
164.00	165.00	YRWA;0.620
