189.00	190.00	AMPI;0.556
190.50	193.50	AMPI;0.663
199.00	199.25	AMPI;0.544
118.75	119.00	BHCO;0.517
15.00	15.75	BRSP;0.575
34.00	35.00	BRSP;0.599
83.75	84.25	BRSP;0.519
95.50	96.50	BRSP;0.598
108.25	109.25	BRSP;0.751
115.00	117.50	BRSP;0.754
124.75	126.50	BRSP;0.703
134.75	135.00	BRSP;0.507
157.25	157.50	BRSP;0.527
269.75	271.00	BRSP;0.720
285.50	286.00	BRSP;0.517
292.75	294.50	BRSP;0.773
0.50	3.00	CCSP;0.624
8.50	11.00	CCSP;0.796
17.25	18.75	CCSP;0.609
24.00	27.00	CCSP;0.682
39.50	41.00	CCSP;0.623
47.25	49.50	CCSP;0.636
55.50	57.25	CCSP;0.736
61.00	64.00	CCSP;0.791
68.75	69.75	CCSP;0.583
70.75	73.50	CCSP;0.727
84.25	84.50	CCSP;0.570
84.75	85.50	CCSP;0.607
96.50	98.50	CCSP;0.751
98.75	99.00	CCSP;0.567
107.50	108.75	CCSP;0.627
124.50	124.75	CCSP;0.511
125.00	125.25	CCSP;0.547
147.50	148.00	CCSP;0.524
155.75	157.50	CCSP;0.738
166.50	168.75	CCSP;0.830
174.00	177.25	CCSP;0.664
185.00	188.00	CCSP;0.796
195.50	196.25	CCSP;0.593
206.00	208.00	CCSP;0.679
214.50	214.75	CCSP;0.513
215.00	215.25	CCSP;0.550
215.50	217.50	CCSP;0.713
224.25	227.50	CCSP;0.739
233.00	236.00	CCSP;0.699
243.00	246.50	CCSP;0.799
252.75	254.75	CCSP;0.765
258.75	261.50	CCSP;0.804
283.25	285.00	CCSP;0.722
291.50	291.75	CCSP;0.536
292.00	292.75	CCSP;0.568
298.50	299.50	CCSP;0.630
3.75	7.50	CHSP;0.871
11.00	13.50	CHSP;0.852
20.50	22.25	CHSP;0.681
27.00	30.00	CHSP;0.912
34.50	38.00	CHSP;0.983
43.50	45.25	CHSP;0.692
51.00	54.00	CHSP;0.880
58.00	60.00	CHSP;0.885
65.00	67.00	CHSP;0.865
74.50	77.75	CHSP;0.940
92.50	95.50	CHSP;0.876
101.75	103.25	CHSP;0.730
109.00	110.00	CHSP;0.566
116.75	117.00	CHSP;0.530
133.00	133.75	CHSP;0.587
141.50	142.75	CHSP;0.684
164.25	166.00	CHSP;0.705
203.00	205.25	CHSP;0.876
229.50	231.50	CHSP;0.725
240.25	241.75	CHSP;0.757
249.00	250.50	CHSP;0.798
295.00	296.75	CHSP;0.684
22.25	23.00	DEJU;0.553
51.00	51.25	DEJU;0.518
67.25	68.00	DEJU;0.538
142.00	143.25	DEJU;0.593
231.25	232.00	DEJU;0.520
238.50	240.50	DEJU;0.677
277.00	279.00	DEJU;0.701
29.50	30.50	GCSP;0.657
54.50	55.50	GCSP;0.661
110.25	112.50	GCSP;0.955
127.50	130.00	GCSP;0.954
143.25	146.00	GCSP;0.840
161.00	164.00	GCSP;0.936
211.00	213.50	GCSP;0.878
246.50	249.00	GCSP;0.837
271.00	272.75	GCSP;0.691
44.50	45.75	HETH;0.715
94.50	95.00	HETH;0.597
68.25	69.75	LISP;0.668
294.00	294.50	LISP;0.517
90.00	91.50	OVEN;0.774
103.25	103.50	OVEN;0.532
139.25	140.50	OVEN;0.578
171.50	172.00	OVEN;0.575
178.50	179.50	OVEN;0.625
237.25	238.50	OVEN;0.599
266.75	267.00	OVEN;0.530
207.75	209.25	SAND;0.766
80.50	81.50	SOSP;0.570
151.00	152.00	SOSP;0.610
167.50	167.75	SOSP;0.534
206.00	206.50	SOSP;0.520
64.00	64.75	WCSP;0.707
112.00	114.50	WCSP;0.891
119.25	121.00	WCSP;0.767
127.00	127.75	WTSP;0.639
181.00	181.25	WTSP;0.511
181.50	182.00	WTSP;0.560
218.00	219.25	WTSP;0.617
255.50	256.50	WTSP;0.595
267.00	267.25	WTSP;0.505
276.00	276.75	WTSP;0.524
