140.00	140.25	BAOR;0.516
140.50	140.75	BAOR;0.512
129.50	130.50	BLJA;0.590
2.00	2.50	BRSP;0.521
8.50	9.50	BRSP;0.606
34.75	35.50	BRSP;0.711
40.00	41.50	BRSP;0.600
83.50	83.75	BRSP;0.511
91.50	92.50	BRSP;0.548
114.25	115.50	BRSP;0.748
131.00	132.25	BRSP;0.671
138.75	139.25	BRSP;0.562
160.75	162.50	BRSP;0.768
179.00	180.00	BRSP;0.678
187.00	188.00	BRSP;0.590
210.50	211.00	BRSP;0.544
225.50	227.00	BRSP;0.793
245.00	245.25	BRSP;0.507
245.50	246.00	BRSP;0.567
296.00	296.25	BRSP;0.531
297.00	297.25	BRSP;0.523
309.00	309.75	BRSP;0.586
318.25	319.00	BRSP;0.527
359.75	360.00	BRSP;0.515
366.50	366.75	BRSP;0.507
373.50	374.75	BRSP;0.748
384.50	385.25	BRSP;0.539
406.50	407.50	BRSP;0.631
420.00	420.25	BRSP;0.543
505.50	506.00	BRSP;0.532
511.25	511.75	BRSP;0.515
526.00	526.50	BRSP;0.610
6.25	8.50	CCSP;0.828
12.50	15.50	CCSP;0.737
19.50	21.75	CCSP;0.651
27.25	28.00	CCSP;0.585
36.00	37.50	CCSP;0.708
40.50	41.25	CCSP;0.605
56.75	58.00	CCSP;0.616
63.00	66.00	CCSP;0.849
70.00	72.50	CCSP;0.744
77.00	80.00	CCSP;0.856
92.00	93.50	CCSP;0.698
101.25	104.00	CCSP;0.693
122.75	123.00	CCSP;0.537
129.50	131.00	CCSP;0.587
137.50	138.00	CCSP;0.552
145.00	147.00	CCSP;0.704
162.50	163.50	CCSP;0.636
171.25	173.00	CCSP;0.652
188.00	190.00	CCSP;0.753
205.75	206.50	CCSP;0.552
215.50	217.75	CCSP;0.688
238.00	240.00	CCSP;0.717
253.00	255.50	CCSP;0.658
273.25	273.50	CCSP;0.516
274.25	274.50	CCSP;0.546
316.50	318.25	CCSP;0.647
322.50	324.50	CCSP;0.709
331.00	332.50	CCSP;0.588
342.50	343.00	CCSP;0.534
364.50	366.50	CCSP;0.642
379.25	381.50	CCSP;0.664
401.00	401.25	CCSP;0.502
412.25	414.25	CCSP;0.668
421.00	422.25	CCSP;0.665
467.00	467.50	CCSP;0.549
474.25	475.25	CCSP;0.611
475.50	476.00	CCSP;0.558
482.75	484.00	CCSP;0.604
488.25	492.00	CCSP;0.852
517.50	519.75	CCSP;0.651
532.00	533.50	CCSP;0.718
540.00	541.00	CCSP;0.604
548.00	550.75	CCSP;0.830
570.75	572.50	CCSP;0.688
579.00	581.00	CCSP;0.759
596.50	598.00	CCSP;0.681
8.75	10.75	CHSP;0.891
16.50	19.50	CHSP;0.918
24.00	26.25	CHSP;0.894
33.00	34.50	CHSP;0.798
50.00	52.25	CHSP;0.935
58.50	62.00	CHSP;0.914
66.00	67.00	CHSP;0.790
75.50	77.50	CHSP;0.909
93.50	94.50	CHSP;0.748
98.50	100.50	CHSP;0.872
106.25	109.50	CHSP;0.944
115.25	117.00	CHSP;0.847
124.00	127.00	CHSP;0.972
131.75	134.25	CHSP;0.883
139.25	141.50	CHSP;0.914
147.25	148.75	CHSP;0.849
168.00	171.50	CHSP;0.982
176.25	179.00	CHSP;0.961
184.75	187.50	CHSP;0.965
194.00	196.50	CHSP;0.940
198.75	199.50	CHSP;0.711
202.75	205.00	CHSP;0.889
210.75	212.50	CHSP;0.854
219.50	222.25	CHSP;0.919
226.75	228.75	CHSP;0.742
250.25	252.50	CHSP;0.810
259.00	262.25	CHSP;0.946
267.50	270.50	CHSP;0.963
275.50	278.00	CHSP;0.813
278.25	278.50	CHSP;0.695
283.00	286.25	CHSP;0.945
292.50	295.50	CHSP;0.930
310.50	316.75	CHSP;0.980
325.75	328.00	CHSP;0.877
343.50	345.00	CHSP;0.769
352.00	355.50	CHSP;0.872
368.50	370.50	CHSP;0.851
375.00	375.50	CHSP;0.700
382.00	384.25	CHSP;0.896
390.25	393.00	CHSP;0.913
398.75	400.50	CHSP;0.817
406.25	409.25	CHSP;0.905
415.50	419.75	CHSP;0.948
422.25	425.50	CHSP;0.923
431.00	434.50	CHSP;0.959
438.00	441.00	CHSP;0.917
446.00	449.00	CHSP;0.899
453.25	455.25	CHSP;0.801
461.00	463.00	CHSP;0.832
468.50	470.75	CHSP;0.942
476.25	478.00	CHSP;0.881
484.00	487.00	CHSP;0.975
491.75	495.25	CHSP;0.963
503.25	505.50	CHSP;0.930
519.50	523.00	CHSP;0.960
526.50	528.25	CHSP;0.875
544.50	546.75	CHSP;0.855
550.50	553.00	CHSP;0.906
566.25	568.25	CHSP;0.857
581.50	584.00	CHSP;0.858
590.00	592.00	CHSP;0.853
598.25	599.50	CHSP;0.773
32.25	32.50	DEJU;0.535
149.00	149.25	DEJU;0.511
199.00	199.75	DEJU;0.530
228.00	229.50	DEJU;0.639
235.00	236.50	DEJU;0.583
244.75	245.00	DEJU;0.512
301.50	302.75	DEJU;0.531
335.50	337.00	DEJU;0.645
343.75	344.00	DEJU;0.509
344.25	344.50	DEJU;0.523
351.75	353.00	DEJU;0.605
512.50	514.50	DEJU;0.652
528.00	529.25	DEJU;0.616
534.50	536.50	DEJU;0.665
591.75	592.25	DEJU;0.507
72.75	74.50	FOSP;0.753
16.50	18.50	GCSP;0.760
32.75	34.50	GCSP;0.763
52.00	54.50	GCSP;0.869
68.50	70.50	GCSP;0.714
97.50	100.00	GCSP;0.934
116.00	118.25	GCSP;0.865
133.75	135.75	GCSP;0.833
150.50	152.50	GCSP;0.856
166.00	168.50	GCSP;0.853
180.50	183.50	GCSP;0.943
196.00	198.50	GCSP;0.904
211.25	213.50	GCSP;0.911
229.00	232.00	GCSP;0.903
232.50	233.50	GCSP;0.636
247.50	250.00	GCSP;0.835
263.00	263.25	GCSP;0.542
263.50	264.75	GCSP;0.675
278.50	280.50	GCSP;0.843
297.00	299.50	GCSP;0.842
309.50	311.25	GCSP;0.604
312.50	315.00	GCSP;0.808
319.25	320.50	GCSP;0.545
327.75	330.00	GCSP;0.866
344.25	347.00	GCSP;0.881
356.50	359.25	GCSP;0.869
370.50	373.00	GCSP;0.855
385.50	388.00	GCSP;0.819
401.25	403.50	GCSP;0.826
417.50	419.50	GCSP;0.733
434.75	436.00	GCSP;0.703
450.50	452.50	GCSP;0.841
486.50	487.25	GCSP;0.557
506.25	509.00	GCSP;0.920
544.00	546.00	GCSP;0.831
552.50	554.00	GCSP;0.572
560.25	562.00	GCSP;0.781
564.00	564.75	GCSP;0.590
576.25	579.00	GCSP;0.914
584.25	586.00	GCSP;0.759
594.00	596.50	GCSP;0.928
86.75	87.50	HETH;0.587
104.75	106.00	LISP;0.651
257.00	258.00	LISP;0.578
376.75	377.00	LISP;0.503
377.25	377.50	LISP;0.525
441.00	441.25	LISP;0.525
456.00	457.50	LISP;0.574
559.00	559.25	LISP;0.527
307.50	308.25	OCWA;0.635
460.25	461.50	PISI;0.796
462.50	466.00	PISI;0.958
470.00	472.50	PISI;0.904
473.00	473.25	PISI;0.550
475.25	482.50	PISI;0.963
91.00	91.50	RUTU;0.590
483.00	483.75	RUTU;0.548
68.00	68.75	WCSP;0.638
80.75	83.25	WCSP;0.901
88.00	90.75	WCSP;0.901
96.00	98.00	WCSP;0.771
111.00	113.25	WCSP;0.826
119.25	121.50	WCSP;0.827
126.50	128.75	WCSP;0.819
135.25	137.00	WCSP;0.871
158.50	160.75	WCSP;0.805
175.25	176.50	WCSP;0.774
192.25	194.00	WCSP;0.878
201.50	202.75	WCSP;0.596
221.75	224.00	WCSP;0.907
241.50	243.25	WCSP;0.753
270.00	272.00	WCSP;0.821
281.50	283.25	WCSP;0.671
291.50	292.25	WCSP;0.598
310.00	310.75	WCSP;0.556
338.00	340.75	WCSP;0.800
348.75	350.75	WCSP;0.819
467.50	469.25	WCSP;0.857
531.00	531.50	WCSP;0.544
564.00	565.50	WCSP;0.718
573.00	574.00	WCSP;0.544
593.00	594.00	WCSP;0.589
560.50	563.00	WIWA;0.917
568.00	571.00	WIWA;0.958
575.00	577.50	WIWA;0.937
587.50	590.00	WIWA;0.921
143.00	144.25	WTSP;0.671
