11.00	16.00	AMRO;0.922
21.00	22.00	AMRO;0.593
35.50	37.50	AMRO;0.815
37.75	38.00	AMRO;0.560
38.50	40.00	AMRO;0.721
77.50	77.75	AMRO;0.555
101.50	103.75	AMRO;0.712
113.50	113.75	AMRO;0.502
114.00	114.25	AMRO;0.532
114.50	115.25	AMRO;0.587
118.75	122.25	AMRO;0.801
126.00	128.75	AMRO;0.935
144.00	147.50	AMRO;0.788
150.50	152.00	AMRO;0.799
155.50	159.00	AMRO;0.908
167.25	168.50	AMRO;0.610
199.75	200.50	AMRO;0.555
206.50	208.75	AMRO;0.884
222.00	223.50	AMRO;0.708
243.25	245.25	AMRO;0.791
252.50	254.00	AMRO;0.633
256.00	257.00	AMRO;0.606
262.50	264.25	AMRO;0.634
265.50	272.00	AMRO;0.951
274.25	277.00	AMRO;0.679
280.00	281.75	AMRO;0.747
284.50	286.50	AMRO;0.833
291.50	294.25	AMRO;0.912
27.75	28.00	EAME;0.503
8.50	10.50	FOSP;0.828
28.00	29.50	FOSP;0.712
52.00	54.25	FOSP;0.946
72.50	74.50	FOSP;0.839
94.75	96.75	FOSP;0.829
117.00	117.75	FOSP;0.562
137.00	139.50	FOSP;0.917
260.00	262.00	FOSP;0.816
289.00	290.25	GCKI;0.686
85.00	85.75	GCSP;0.566
114.25	114.75	GRCA;0.506
7.75	8.25	LISP;0.619
13.00	15.75	LISP;0.886
18.00	20.00	LISP;0.840
30.25	32.75	LISP;0.918
42.50	43.25	LISP;0.608
54.75	55.75	LISP;0.579
56.00	56.75	LISP;0.602
124.00	125.00	LISP;0.605
133.25	134.50	LISP;0.658
147.50	149.25	LISP;0.704
162.00	164.75	LISP;0.789
197.50	199.75	LISP;0.786
210.50	214.25	LISP;0.816
224.75	225.00	LISP;0.502
236.50	238.00	LISP;0.770
243.25	244.00	LISP;0.560
248.75	251.25	LISP;0.806
282.00	282.25	LISP;0.538
282.50	284.50	LISP;0.770
297.50	300.00	LISP;0.949
21.00	21.50	OCWA;0.528
0.00	1.75	PISI;0.790
4.00	8.00	PISI;0.986
15.50	18.25	PISI;0.976
22.00	27.50	PISI;0.983
29.50	30.50	PISI;0.784
32.25	42.50	PISI;0.982
43.00	51.00	PISI;0.987
56.50	72.75	PISI;0.990
74.00	85.00	PISI;0.994
88.25	96.25	PISI;0.983
97.00	101.50	PISI;0.980
103.50	114.00	PISI;0.988
114.75	117.00	PISI;0.971
188.50	189.00	PUFI;0.536
148.75	150.50	ROPT;0.862
231.75	233.50	SWSP;0.653
252.25	253.50	SWSP;0.728
161.00	162.00	TOSO;0.585
242.00	243.00	TOSO;0.703
73.00	74.25	WCSP;0.765
84.75	88.50	WCSP;0.977
95.25	95.50	WCSP;0.699
107.00	107.25	WCSP;0.721
107.50	108.50	WCSP;0.787
117.25	122.00	WCSP;0.943
130.50	133.50	WCSP;0.925
144.00	147.00	WCSP;0.918
158.50	161.00	WCSP;0.934
173.00	175.50	WCSP;0.970
182.25	185.00	WCSP;0.979
186.50	187.75	WCSP;0.805
189.50	196.75	WCSP;0.982
233.50	235.25	WCSP;0.903
239.75	242.25	WCSP;0.942
247.00	248.50	WCSP;0.821
254.00	256.75	WCSP;0.983
269.75	272.75	WCSP;0.957
277.50	280.75	WCSP;0.942
287.00	289.50	WCSP;0.918
295.50	297.50	WCSP;0.962
177.25	178.50	WIWA;0.611
102.00	102.25	WTSP;0.520
102.50	103.50	WTSP;0.634
152.25	156.50	WTSP;0.963
227.75	228.50	WTSP;0.591
129.00	129.75	YRWA;0.563
151.50	152.50	YRWA;0.604
214.25	216.75	YRWA;0.901
225.00	227.50	YRWA;0.882
235.00	236.50	YRWA;0.871
244.25	247.00	YRWA;0.926
273.75	276.00	YRWA;0.899
284.50	286.00	YRWA;0.689
