102.00	102.25	AMGP;0.546
517.25	518.50	BOBO;0.612
279.75	280.50	BUSH;0.597
427.25	429.00	CCSP;0.757
44.75	46.50	CHSP;0.723
66.75	67.50	CHSP;0.585
70.25	70.50	CHSP;0.562
73.50	75.50	CHSP;0.878
79.25	79.50	CHSP;0.514
83.50	86.50	CHSP;0.873
93.75	95.50	CHSP;0.733
104.25	105.00	CHSP;0.564
134.50	135.75	CHSP;0.781
140.00	142.50	CHSP;0.881
158.75	162.50	CHSP;0.926
169.00	171.75	CHSP;0.770
179.00	180.25	CHSP;0.591
190.00	192.50	CHSP;0.844
198.75	201.50	CHSP;0.933
209.00	210.25	CHSP;0.623
226.50	226.75	CHSP;0.514
227.00	227.25	CHSP;0.527
244.75	245.50	CHSP;0.576
349.75	351.00	CHSP;0.634
357.25	360.00	CHSP;0.925
366.00	367.00	CHSP;0.672
376.00	378.00	CHSP;0.924
379.50	380.00	CHSP;0.521
383.50	386.00	CHSP;0.762
392.50	394.00	CHSP;0.628
398.75	399.00	CHSP;0.501
399.25	399.50	CHSP;0.503
401.50	404.50	CHSP;0.805
408.00	409.00	CHSP;0.634
439.50	441.50	CHSP;0.795
450.00	450.25	CHSP;0.544
492.75	493.75	CHSP;0.630
504.50	505.50	CHSP;0.612
553.00	553.50	CHSP;0.557
563.75	566.25	CHSP;0.858
586.50	589.00	CHSP;0.917
596.00	597.00	CHSP;0.600
598.25	600.00	CHSP;0.644
539.50	541.50	CHSW;0.775
201.75	202.00	DEJU;0.524
332.75	334.00	DEJU;0.696
367.00	369.50	DEJU;0.769
430.50	430.75	DEJU;0.519
441.50	442.50	DEJU;0.589
514.25	514.50	DEJU;0.529
596.50	597.50	DEJU;0.565
231.75	234.00	FOSP;0.811
254.25	256.50	FOSP;0.852
4.00	5.50	HETH;0.729
7.25	11.00	HETH;0.833
18.00	19.00	HETH;0.806
20.50	22.25	HETH;0.873
28.25	28.75	HETH;0.560
30.50	31.75	HETH;0.816
34.00	35.00	HETH;0.626
46.50	48.00	HETH;0.735
49.50	51.75	HETH;0.859
52.75	54.00	HETH;0.627
59.00	60.75	HETH;0.828
65.75	67.00	HETH;0.730
71.25	73.25	HETH;0.906
74.25	76.50	HETH;0.954
77.00	77.25	HETH;0.514
77.50	79.50	HETH;0.889
84.25	86.00	HETH;0.792
88.00	90.75	HETH;0.951
91.00	91.25	HETH;0.504
92.25	92.75	HETH;0.541
98.50	100.00	HETH;0.754
104.75	106.50	HETH;0.695
112.00	112.25	HETH;0.500
114.50	116.25	HETH;0.918
118.50	120.00	HETH;0.774
125.00	127.00	HETH;0.847
129.50	131.00	HETH;0.815
132.25	134.00	HETH;0.733
139.00	139.25	HETH;0.592
142.25	143.75	HETH;0.834
145.25	146.25	HETH;0.570
156.75	159.00	HETH;0.947
204.00	205.50	HETH;0.832
220.00	221.00	HETH;0.761
225.00	226.25	HETH;0.687
54.75	55.50	LISP;0.619
262.50	264.00	LISP;0.621
445.25	446.25	LISP;0.525
560.75	562.50	LISP;0.746
589.00	591.00	LISP;0.761
4.00	4.25	MOCH;0.592
9.50	9.75	MOCH;0.501
10.00	10.25	MOCH;0.585
112.00	113.50	MOCH;0.736
217.00	218.00	MOCH;0.625
585.00	585.25	MOCH;0.541
48.50	50.50	PAWR;0.802
61.00	61.25	PAWR;0.555
527.00	528.50	PAWR;0.746
374.00	374.25	PHVI;0.508
150.75	151.50	RUBL;0.629
213.00	214.00	RUBL;0.604
96.00	97.00	RUTU;0.634
571.25	573.25	SWSP;0.708
567.00	568.25	WCSP;0.641
575.25	576.50	WCSP;0.593
594.00	594.75	WCSP;0.526
432.50	433.00	WEWP;0.555
5.50	8.00	WIWA;0.958
14.75	17.75	WIWA;0.980
23.00	27.50	WIWA;0.992
32.50	35.50	WIWA;0.979
41.75	44.75	WIWA;0.982
51.75	54.50	WIWA;0.966
60.50	63.75	WIWA;0.987
70.50	73.50	WIWA;0.972
79.50	82.50	WIWA;0.965
90.50	93.50	WIWA;0.983
99.50	103.25	WIWA;0.984
109.00	112.25	WIWA;0.990
118.25	121.50	WIWA;0.989
126.75	130.25	WIWA;0.985
136.00	139.25	WIWA;0.977
145.25	148.50	WIWA;0.966
151.75	157.25	WIWA;0.981
162.75	166.25	WIWA;0.983
173.50	177.00	WIWA;0.979
184.00	187.50	WIWA;0.987
195.50	198.75	WIWA;0.979
205.50	208.50	WIWA;0.983
217.00	220.50	WIWA;0.983
228.00	230.50	WIWA;0.973
238.50	241.50	WIWA;0.978
248.25	251.50	WIWA;0.981
257.50	260.50	WIWA;0.973
267.25	271.00	WIWA;0.978
277.25	279.75	WIWA;0.912
286.75	290.00	WIWA;0.968
296.75	299.75	WIWA;0.984
306.00	309.25	WIWA;0.975
315.50	319.00	WIWA;0.980
325.00	328.25	WIWA;0.976
334.25	337.50	WIWA;0.980
344.50	347.75	WIWA;0.978
355.00	357.00	WIWA;0.896
378.00	379.25	WIWA;0.898
386.25	389.00	WIWA;0.948
395.50	398.00	WIWA;0.941
404.50	407.00	WIWA;0.976
413.25	416.00	WIWA;0.975
422.00	425.50	WIWA;0.976
500.25	501.75	WIWA;0.873
524.00	524.50	WIWA;0.753
524.75	525.00	WIWA;0.701
210.25	210.75	WIWR;0.548
11.50	14.75	WTSP;0.954
22.25	23.00	WTSP;0.710
480.50	481.50	WTSP;0.593
487.25	488.25	WTSP;0.713
542.00	543.00	WTSP;0.647
550.00	551.75	WTSP;0.744
559.00	560.50	WTSP;0.698
593.00	593.25	WTSP;0.504
593.75	594.00	WTSP;0.528
180.50	180.75	WWCR;0.731
460.75	480.00	WWCR;0.997
481.50	487.50	WWCR;0.990
488.00	492.50	WWCR;0.961
495.00	499.50	WWCR;0.931
501.00	504.25	WWCR;0.982
504.75	511.25	WWCR;0.985
515.00	516.75	WWCR;0.775
517.00	517.25	WWCR;0.730
517.50	517.75	WWCR;0.729
518.50	519.25	WWCR;0.724
522.00	526.50	WWCR;0.976
529.25	534.25	WWCR;0.910
536.50	539.00	WWCR;0.978
547.00	548.25	WWCR;0.790
