103.25	104.25	AMDI;0.750
34.75	35.25	ATSP;0.506
349.25	351.25	BCCH;0.630
35.75	38.25	CHSP;0.941
39.50	41.00	CHSP;0.770
42.00	42.50	CHSP;0.570
116.50	117.50	CHSP;0.613
572.75	573.00	CHSP;0.506
149.50	151.00	FISP;0.721
507.00	507.25	FISP;0.513
433.25	435.25	FOSP;0.759
447.50	448.25	FOSP;0.610
523.50	524.25	FOSP;0.560
524.75	525.25	FOSP;0.518
106.50	106.75	MOCH;0.528
107.00	107.75	MOCH;0.600
133.50	136.25	MOCH;0.851
148.50	149.50	MOCH;0.677
177.00	178.00	MOCH;0.590
184.50	185.25	MOCH;0.586
186.75	187.50	MOCH;0.538
217.50	217.75	MOCH;0.502
221.75	222.25	MOCH;0.612
251.50	253.75	MOCH;0.829
369.50	370.00	MOCH;0.538
372.50	373.50	MOCH;0.650
381.75	383.00	MOCH;0.657
414.00	416.00	MOCH;0.881
557.00	559.50	MOCH;0.883
588.50	591.00	MOCH;0.743
597.25	599.25	MOCH;0.849
41.00	41.50	PROW;0.566
112.75	114.00	SNBU;0.746
462.50	462.75	SNBU;0.582
479.25	479.75	SNBU;0.558
538.75	540.25	SNBU;0.579
14.50	17.00	SWTH;0.888
18.25	20.50	SWTH;0.899
24.25	26.25	SWTH;0.871
11.75	13.50	WCSP;0.739
21.25	23.50	WCSP;0.854
44.50	47.00	WCSP;0.817
68.75	70.50	WCSP;0.712
80.50	82.50	WCSP;0.856
82.75	83.00	WCSP;0.509
120.25	122.50	WCSP;0.859
130.75	132.50	WCSP;0.778
145.00	147.00	WCSP;0.794
166.00	166.50	WCSP;0.545
188.50	189.75	WCSP;0.733
199.50	202.25	WCSP;0.874
209.00	210.50	WCSP;0.687
211.25	213.50	WCSP;0.755
219.00	221.50	WCSP;0.846
222.50	224.50	WCSP;0.773
225.75	228.50	WCSP;0.934
233.75	238.00	WCSP;0.903
242.00	244.50	WCSP;0.864
248.75	251.00	WCSP;0.853
253.75	254.25	WCSP;0.511
256.50	259.25	WCSP;0.928
264.50	267.00	WCSP;0.925
272.00	274.00	WCSP;0.796
280.00	281.75	WCSP;0.760
287.25	290.25	WCSP;0.913
298.75	300.75	WCSP;0.842
305.00	307.50	WCSP;0.908
313.25	316.00	WCSP;0.884
321.00	324.00	WCSP;0.909
329.00	331.50	WCSP;0.840
338.50	340.50	WCSP;0.738
346.25	348.50	WCSP;0.831
354.00	355.50	WCSP;0.679
376.00	376.25	WCSP;0.510
388.00	389.75	WCSP;0.692
394.50	397.00	WCSP;0.874
409.75	411.50	WCSP;0.758
417.50	420.00	WCSP;0.836
424.50	425.25	WCSP;0.538
427.00	429.25	WCSP;0.792
435.75	438.50	WCSP;0.933
445.00	447.50	WCSP;0.840
454.00	456.50	WCSP;0.840
465.00	467.50	WCSP;0.876
482.00	483.00	WCSP;0.583
490.75	493.00	WCSP;0.851
499.75	501.50	WCSP;0.705
509.00	511.50	WCSP;0.928
517.00	519.50	WCSP;0.840
526.25	528.50	WCSP;0.893
537.25	537.50	WCSP;0.501
544.50	546.50	WCSP;0.758
553.00	555.00	WCSP;0.815
560.50	563.00	WCSP;0.892
567.25	568.00	WCSP;0.604
584.00	585.00	WCSP;0.587
173.25	173.75	WTSP;0.536
196.75	197.25	WTSP;0.521
318.00	319.50	WTSP;0.625
401.00	402.50	WTSP;0.774
412.00	412.25	WTSP;0.513
535.50	536.50	WTSP;0.584
