1.50	3.00	AMRO;0.694
14.50	16.50	AMRO;0.938
33.50	36.00	AMRO;0.949
65.00	66.00	AMRO;0.582
77.50	77.75	AMRO;0.525
206.00	208.50	AMRO;0.953
218.50	220.50	AMRO;0.932
327.75	330.00	AMRO;0.902
337.50	340.00	AMRO;0.961
347.50	349.50	AMRO;0.876
379.75	380.50	AMRO;0.541
403.00	404.00	AMRO;0.705
267.75	268.50	ATSP;0.567
276.50	276.75	ATSP;0.550
189.50	189.75	BAEA;0.509
46.25	47.00	BCCH;0.571
52.25	52.50	BCCH;0.501
62.00	63.50	BCCH;0.682
168.00	168.25	BCCH;0.530
234.50	235.00	BCCH;0.540
237.00	237.75	BCCH;0.633
262.50	263.25	BCCH;0.549
294.50	295.50	BCCH;0.608
310.50	311.25	BCCH;0.574
320.50	321.25	BCCH;0.595
333.00	333.50	BCCH;0.515
405.50	406.50	BCCH;0.650
412.50	413.50	BCCH;0.573
500.00	503.00	CCSP;0.936
0.00	1.50	CHSP;0.781
9.50	11.50	CHSP;0.904
15.75	18.00	CHSP;0.862
24.50	27.00	CHSP;0.946
31.50	35.00	CHSP;0.946
40.75	43.00	CHSP;0.894
47.75	51.25	CHSP;0.980
56.00	59.50	CHSP;0.972
64.25	67.25	CHSP;0.971
72.75	75.50	CHSP;0.951
79.75	83.00	CHSP;0.954
88.00	91.50	CHSP;0.960
96.25	99.50	CHSP;0.931
103.75	106.75	CHSP;0.978
112.00	114.75	CHSP;0.881
120.50	123.25	CHSP;0.955
129.50	132.75	CHSP;0.892
136.75	139.50	CHSP;0.926
145.00	147.75	CHSP;0.858
153.50	156.50	CHSP;0.970
160.75	163.50	CHSP;0.889
168.50	171.50	CHSP;0.978
177.00	179.75	CHSP;0.938
184.75	187.25	CHSP;0.939
192.25	195.25	CHSP;0.940
200.00	202.50	CHSP;0.886
207.50	210.75	CHSP;0.973
216.50	217.25	CHSP;0.757
223.75	226.75	CHSP;0.929
232.25	234.50	CHSP;0.911
241.00	243.50	CHSP;0.934
244.75	248.00	CHSP;0.980
249.50	251.00	CHSP;0.847
251.75	253.75	CHSP;0.797
258.50	262.25	CHSP;0.990
268.00	270.75	CHSP;0.893
274.25	276.25	CHSP;0.882
281.25	284.75	CHSP;0.977
289.00	292.00	CHSP;0.971
299.00	301.50	CHSP;0.848
306.00	310.50	CHSP;0.981
314.50	317.50	CHSP;0.968
322.00	324.50	CHSP;0.894
327.00	330.25	CHSP;0.977
335.75	339.00	CHSP;0.924
344.00	347.50	CHSP;0.960
352.75	356.00	CHSP;0.951
360.50	363.00	CHSP;0.825
368.50	372.25	CHSP;0.977
376.00	379.50	CHSP;0.978
384.00	387.25	CHSP;0.979
391.75	395.75	CHSP;0.981
400.00	403.50	CHSP;0.955
407.00	410.75	CHSP;0.968
416.00	419.50	CHSP;0.970
423.50	427.25	CHSP;0.979
431.25	435.75	CHSP;0.980
440.00	443.00	CHSP;0.913
447.25	451.25	CHSP;0.929
457.50	460.00	CHSP;0.869
463.50	467.50	CHSP;0.979
472.75	475.75	CHSP;0.940
479.00	482.00	CHSP;0.926
488.00	490.50	CHSP;0.905
503.00	505.75	CHSP;0.960
510.50	514.25	CHSP;0.967
519.00	521.75	CHSP;0.950
526.25	528.50	CHSP;0.861
533.25	537.25	CHSP;0.972
543.00	546.00	CHSP;0.946
552.50	555.00	CHSP;0.894
557.50	562.50	CHSP;0.945
567.50	570.50	CHSP;0.881
575.25	578.00	CHSP;0.875
583.50	587.00	CHSP;0.967
592.50	596.00	CHSP;0.979
72.50	73.00	DEJU;0.545
243.00	243.50	DEJU;0.588
360.50	361.75	DEJU;0.587
415.00	416.00	DEJU;0.634
481.00	482.75	DEJU;0.723
494.50	497.00	DEJU;0.919
521.25	522.00	DEJU;0.550
551.25	551.50	DEJU;0.523
551.75	552.75	DEJU;0.603
567.00	567.25	DEJU;0.509
446.25	447.00	EATO;0.585
458.00	458.50	EATO;0.566
12.50	14.75	GCSP;0.853
29.00	31.50	GCSP;0.983
99.50	100.75	GCSP;0.832
107.50	108.25	GCSP;0.744
114.75	115.00	GCSP;0.720
131.75	133.50	GCSP;0.935
148.50	149.50	GCSP;0.798
163.25	165.75	GCSP;0.986
183.50	185.50	GCSP;0.908
201.50	203.25	GCSP;0.871
217.00	219.00	GCSP;0.920
233.75	236.75	GCSP;0.969
251.25	254.00	GCSP;0.981
272.00	275.25	GCSP;0.950
286.75	290.25	GCSP;0.972
302.25	304.75	GCSP;0.989
317.75	319.50	GCSP;0.844
334.25	336.50	GCSP;0.972
351.25	353.75	GCSP;0.932
365.00	368.25	GCSP;0.992
382.00	385.25	GCSP;0.985
399.00	401.50	GCSP;0.985
418.00	420.50	GCSP;0.935
435.75	438.50	GCSP;0.930
453.50	456.25	GCSP;0.975
472.00	473.75	GCSP;0.810
488.00	488.75	GCSP;0.752
522.50	525.00	GCSP;0.926
542.00	544.50	GCSP;0.925
559.50	561.50	GCSP;0.876
577.75	580.00	GCSP;0.971
145.25	146.00	GWTE;0.628
330.25	330.50	GWTE;0.521
17.50	19.50	HETH;0.885
20.50	22.00	HETH;0.771
28.00	28.75	HETH;0.706
35.50	36.75	HETH;0.886
45.00	48.50	HETH;0.853
51.75	53.25	HETH;0.824
56.00	56.75	HETH;0.570
59.00	59.25	HETH;0.506
59.50	59.75	HETH;0.533
60.25	60.50	HETH;0.508
60.75	64.75	HETH;0.874
68.00	69.75	HETH;0.791
71.25	71.75	HETH;0.595
75.25	77.50	HETH;0.924
78.00	79.75	HETH;0.909
84.25	85.00	HETH;0.596
94.50	96.25	HETH;0.798
109.50	114.25	HETH;0.919
115.75	116.00	HETH;0.520
120.25	122.00	HETH;0.818
123.25	127.25	HETH;0.906
130.25	132.00	HETH;0.861
139.00	140.25	HETH;0.665
141.25	143.00	HETH;0.861
156.75	157.00	HETH;0.562
157.25	157.50	HETH;0.558
159.50	160.50	HETH;0.716
168.00	169.00	HETH;0.656
171.00	171.75	HETH;0.526
174.25	174.50	HETH;0.563
186.25	189.50	HETH;0.885
193.00	196.00	HETH;0.923
200.00	201.25	HETH;0.815
203.75	204.00	HETH;0.573
216.00	217.00	HETH;0.766
221.75	223.25	HETH;0.712
224.25	226.00	HETH;0.802
228.25	230.00	HETH;0.839
238.00	238.25	HETH;0.544
243.75	245.50	HETH;0.816
257.25	259.50	HETH;0.915
263.25	263.75	HETH;0.529
266.00	267.00	HETH;0.737
275.75	277.50	HETH;0.814
294.50	296.50	HETH;0.906
301.00	303.00	HETH;0.823
304.75	306.25	HETH;0.734
310.75	312.25	HETH;0.901
314.00	315.00	HETH;0.638
321.25	322.00	HETH;0.680
324.50	326.00	HETH;0.838
330.50	332.00	HETH;0.759
333.00	335.00	HETH;0.849
339.75	344.25	HETH;0.922
349.25	351.50	HETH;0.957
358.50	360.50	HETH;0.820
413.25	415.00	HETH;0.819
428.00	428.50	HETH;0.537
429.00	429.25	HETH;0.520
444.50	445.75	HETH;0.763
448.50	450.50	HETH;0.866
576.00	577.00	HETH;0.608
493.00	494.00	HOFI;0.601
148.00	149.00	LASP;0.604
533.50	534.50	LEYE;0.602
7.50	9.50	LISP;0.818
19.50	19.75	LISP;0.561
22.25	24.50	LISP;0.806
37.25	39.75	LISP;0.840
53.00	55.75	LISP;0.971
69.75	71.50	LISP;0.836
85.50	88.25	LISP;0.890
92.50	94.00	LISP;0.751
101.00	104.00	LISP;0.906
117.50	120.25	LISP;0.931
133.50	136.50	LISP;0.886
149.50	152.00	LISP;0.872
165.50	168.00	LISP;0.876
181.00	183.50	LISP;0.975
196.50	199.50	LISP;0.970
204.75	205.75	LISP;0.597
212.50	215.50	LISP;0.963
229.50	232.25	LISP;0.970
263.50	266.00	LISP;0.887
279.00	281.50	LISP;0.864
298.50	300.00	LISP;0.809
374.75	376.25	LISP;0.714
387.50	388.50	LISP;0.661
390.25	391.75	LISP;0.781
443.00	444.50	LISP;0.807
486.25	488.00	LISP;0.894
496.25	499.00	LISP;0.828
506.00	508.50	LISP;0.768
516.50	519.00	LISP;0.896
539.50	542.00	LISP;0.911
549.50	551.25	LISP;0.708
551.50	552.25	LISP;0.596
580.00	582.50	LISP;0.831
590.00	591.50	LISP;0.809
596.25	597.25	LISP;0.597
237.00	239.00	MAMU;0.711
462.75	463.25	MAMU;0.507
463.75	464.00	MAMU;0.503
141.00	141.25	MOCH;0.528
158.25	160.00	MOCH;0.769
342.50	343.00	MOCH;0.554
256.00	256.25	PIGR;0.534
546.75	547.25	PIGR;0.528
492.00	493.75	RCKI;0.678
514.00	515.75	RCKI;0.771
530.00	530.50	RCKI;0.512
535.50	536.00	RCKI;0.528
538.00	538.75	RCKI;0.616
547.25	549.00	RCKI;0.765
554.25	555.50	RCKI;0.667
569.75	572.00	RCKI;0.818
524.75	525.50	REVI;0.596
533.75	534.00	RUGR;0.532
482.75	484.00	SNBU;0.698
9.00	11.50	TOSO;0.785
176.00	176.75	VESP;0.589
389.00	389.25	WCSP;0.547
531.25	532.00	WEME;0.635
420.50	421.00	WTSP;0.644
