128.50	129.50	AMRO;0.577
213.50	213.75	AMRO;0.516
319.00	319.75	AMRO;0.588
510.75	512.25	AMRO;0.662
280.00	280.25	BEWR;0.541
72.75	73.00	BHVI;0.514
126.50	126.75	BHVI;0.526
561.25	562.00	DEJU;0.590
126.00	126.25	EATO;0.512
184.25	186.00	EATO;0.824
413.00	413.25	FISP;0.504
3.00	5.50	FOSP;0.829
15.50	18.00	FOSP;0.716
27.50	29.25	FOSP;0.814
30.50	32.50	FOSP;0.728
42.50	45.00	FOSP;0.905
52.50	52.75	FOSP;0.505
59.75	62.50	FOSP;0.819
62.75	63.00	FOSP;0.502
76.00	78.50	FOSP;0.722
86.75	87.50	FOSP;0.675
92.25	95.00	FOSP;0.883
102.50	104.00	FOSP;0.720
107.50	109.75	FOSP;0.829
110.00	110.25	FOSP;0.504
118.50	119.50	FOSP;0.684
134.25	137.00	FOSP;0.889
151.00	153.25	FOSP;0.863
159.75	161.75	FOSP;0.800
175.75	177.00	FOSP;0.775
192.00	194.50	FOSP;0.727
194.75	195.00	FOSP;0.504
206.00	206.75	FOSP;0.550
208.75	210.75	FOSP;0.828
220.50	223.50	FOSP;0.939
236.75	239.50	FOSP;0.826
247.25	249.25	FOSP;0.778
251.00	253.00	FOSP;0.819
261.00	263.00	FOSP;0.908
270.75	273.00	FOSP;0.865
273.25	273.50	FOSP;0.503
277.50	279.00	FOSP;0.735
323.00	324.75	FOSP;0.786
338.25	339.50	FOSP;0.609
339.75	340.00	FOSP;0.516
354.50	356.50	FOSP;0.789
370.00	370.50	FOSP;0.546
385.00	387.00	FOSP;0.809
398.75	401.00	FOSP;0.757
415.75	416.50	FOSP;0.650
433.25	434.50	FOSP;0.654
466.75	468.50	FOSP;0.696
485.75	487.00	FOSP;0.624
503.50	504.50	FOSP;0.613
505.00	507.00	FOSP;0.837
516.25	517.50	FOSP;0.595
522.50	524.75	FOSP;0.868
536.75	539.00	FOSP;0.880
594.00	595.00	FOSP;0.562
13.25	13.75	GCSP;0.541
234.00	235.00	GCSP;0.633
235.25	235.50	GCSP;0.500
257.00	257.75	HASP;0.585
10.75	11.00	HETH;0.510
133.25	134.75	HETH;0.687
307.50	308.25	HETH;0.614
354.00	354.25	HETH;0.514
54.50	56.00	LISP;0.729
88.50	89.50	LISP;0.631
105.25	106.75	LISP;0.707
120.50	122.25	LISP;0.790
137.75	138.50	LISP;0.571
155.00	156.50	LISP;0.754
189.25	190.50	LISP;0.642
224.00	225.50	LISP;0.841
259.25	261.00	LISP;0.833
275.00	276.25	LISP;0.647
334.25	334.50	LISP;0.504
348.75	349.75	LISP;0.558
362.00	362.75	LISP;0.587
364.50	366.25	LISP;0.792
389.75	390.75	LISP;0.583
402.75	404.50	LISP;0.679
518.25	519.00	LISP;0.622
546.00	546.75	LISP;0.526
502.00	502.75	MAMU;0.602
578.00	579.25	MOCH;0.713
156.50	157.50	REVI;0.564
38.00	38.25	SBIG;0.506
149.00	149.75	SOSA;0.663
200.00	201.50	SOSA;0.748
241.75	243.00	SOSA;0.753
267.75	268.50	SOSA;0.648
446.75	447.00	SOSA;0.547
489.50	490.50	SOSA;0.691
575.00	575.25	SOSA;0.509
166.50	167.75	SOSP;0.665
177.00	177.50	SWSP;0.513
361.25	361.50	SWSP;0.508
49.75	52.50	VATH;0.912
70.00	70.25	VATH;0.504
79.00	80.25	VATH;0.752
146.25	148.50	VATH;0.792
162.25	163.50	VATH;0.699
182.25	183.75	VATH;0.788
235.25	236.00	VATH;0.564
246.00	247.00	VATH;0.653
257.50	258.50	VATH;0.783
284.50	285.50	VATH;0.661
292.00	293.00	VATH;0.597
295.00	296.50	VATH;0.642
304.00	305.25	VATH;0.693
311.75	314.50	VATH;0.869
337.75	338.00	VATH;0.508
356.50	358.50	VATH;0.884
367.50	368.75	VATH;0.615
379.00	379.25	VATH;0.562
393.00	394.75	VATH;0.836
409.50	410.25	VATH;0.576
419.00	420.75	VATH;0.785
426.50	428.50	VATH;0.821
481.75	484.00	VATH;0.923
492.50	493.50	VATH;0.580
497.00	497.25	VATH;0.503
525.50	527.00	VATH;0.853
566.25	566.75	VATH;0.561
568.00	570.75	VATH;0.902
581.00	584.00	VATH;0.898
596.00	597.50	VATH;0.806
291.50	292.00	WCSP;0.543
0.75	3.50	WIWA;0.920
6.75	10.50	WIWA;0.978
15.00	18.00	WIWA;0.977
22.50	26.50	WIWA;0.981
30.00	33.00	WIWA;0.970
38.25	42.25	WIWA;0.980
47.25	50.75	WIWA;0.979
56.75	60.00	WIWA;0.981
63.75	67.50	WIWA;0.979
177.00	178.00	WIWA;0.766
343.50	346.50	WIWA;0.980
350.50	353.75	WIWA;0.981
359.00	361.25	WIWA;0.915
366.75	370.00	WIWA;0.976
374.25	377.25	WIWA;0.964
382.25	385.25	WIWA;0.956
390.50	393.50	WIWA;0.965
399.00	401.50	WIWA;0.946
407.00	410.25	WIWA;0.974
415.00	418.00	WIWA;0.969
423.50	426.50	WIWA;0.968
431.75	434.75	WIWA;0.976
439.75	443.25	WIWA;0.977
450.25	453.25	WIWA;0.945
459.25	462.50	WIWA;0.981
467.75	471.25	WIWA;0.976
476.50	480.00	WIWA;0.978
486.50	489.75	WIWA;0.970
496.75	500.50	WIWA;0.973
506.50	510.25	WIWA;0.979
519.00	522.50	WIWA;0.982
530.00	533.50	WIWA;0.973
540.50	544.00	WIWA;0.977
551.25	555.00	WIWA;0.975
567.00	570.50	WIWA;0.972
577.25	580.75	WIWA;0.973
590.25	593.50	WIWA;0.975
12.00	12.25	WTSP;0.722
20.50	23.50	WTSP;0.970
33.50	35.25	WTSP;0.889
45.50	47.50	WTSP;0.912
55.75	57.75	WTSP;0.955
67.00	70.75	WTSP;0.981
81.50	86.00	WTSP;0.975
90.00	91.75	WTSP;0.864
97.00	100.00	WTSP;0.972
101.50	102.50	WTSP;0.766
112.75	117.00	WTSP;0.971
130.25	132.75	WTSP;0.909
139.50	144.75	WTSP;0.996
163.25	166.75	WTSP;0.976
178.00	181.00	WTSP;0.987
187.75	189.25	WTSP;0.869
195.75	199.25	WTSP;0.982
214.00	217.50	WTSP;0.950
225.50	228.50	WTSP;0.969
235.00	235.25	WTSP;0.693
243.25	245.50	WTSP;0.811
254.00	256.25	WTSP;0.935
263.25	266.25	WTSP;0.976
273.25	275.00	WTSP;0.960
281.00	284.25	WTSP;0.981
289.25	291.50	WTSP;0.971
299.00	303.00	WTSP;0.984
314.50	318.50	WTSP;0.976
326.00	328.75	WTSP;0.984
335.50	338.00	WTSP;0.949
358.50	361.00	WTSP;0.900
370.00	372.75	WTSP;0.971
379.00	382.00	WTSP;0.953
395.50	398.50	WTSP;0.955
409.75	413.00	WTSP;0.982
421.50	424.25	WTSP;0.958
437.00	440.75	WTSP;0.985
576.75	578.75	WTSP;0.872
586.50	590.00	WTSP;0.991
596.75	599.50	WTSP;0.975
306.75	308.00	YRWA;0.653
308.25	308.50	YRWA;0.556
