2.50	4.00	AMRO;0.835
13.50	15.50	AMRO;0.875
21.50	23.00	AMRO;0.786
31.00	32.50	AMRO;0.768
53.00	60.25	AMRO;0.985
65.50	72.25	AMRO;0.968
73.50	74.25	AMRO;0.739
77.75	81.25	AMRO;0.970
81.50	84.75	AMRO;0.979
86.00	89.50	AMRO;0.963
102.75	109.75	AMRO;0.935
116.00	116.75	AMRO;0.720
120.75	123.25	AMRO;0.953
124.50	126.00	AMRO;0.836
127.25	131.75	AMRO;0.929
133.75	136.00	AMRO;0.771
136.25	145.50	AMRO;0.980
147.00	151.75	AMRO;0.889
154.25	156.75	AMRO;0.833
158.00	160.00	AMRO;0.870
173.00	177.00	AMRO;0.972
183.50	183.75	AMRO;0.710
186.00	187.75	AMRO;0.803
193.50	196.75	AMRO;0.912
204.00	205.50	AMRO;0.870
211.25	213.25	AMRO;0.882
215.50	216.25	AMRO;0.753
216.50	218.00	AMRO;0.822
230.00	230.75	AMRO;0.753
228.00	228.25	BRSP;0.501
80.00	80.25	FISP;0.501
17.00	18.75	FOSP;0.803
28.25	29.50	FOSP;0.743
163.00	163.25	FOSP;0.535
270.75	271.25	FOSP;0.516
93.50	94.50	GCSP;0.665
192.25	193.00	GCSP;0.637
247.00	247.50	GCSP;0.544
179.75	180.00	HETH;0.508
229.75	230.00	LISP;0.553
256.75	257.25	RBGU;0.552
146.50	147.25	TOSO;0.640
181.25	181.75	TOSO;0.528
0.25	4.50	WCSP;0.925
6.00	14.75	WCSP;0.975
18.50	21.75	WCSP;0.969
25.00	28.00	WCSP;0.921
29.50	32.75	WCSP;0.926
34.75	37.75	WCSP;0.913
40.25	43.25	WCSP;0.962
76.00	77.25	WCSP;0.821
94.25	97.25	WCSP;0.982
100.50	103.25	WCSP;0.961
109.00	111.50	WCSP;0.950
116.25	118.00	WCSP;0.902
136.75	137.50	WCSP;0.741
150.50	152.25	WCSP;0.891
155.75	158.50	WCSP;0.950
162.50	167.00	WCSP;0.857
170.50	171.50	WCSP;0.788
179.75	180.50	WCSP;0.724
184.75	187.25	WCSP;0.959
192.25	194.75	WCSP;0.944
197.25	200.25	WCSP;0.971
202.50	205.75	WCSP;0.971
208.00	211.00	WCSP;0.945
213.25	216.50	WCSP;0.968
219.00	222.75	WCSP;0.979
223.00	223.25	WCSP;0.700
224.00	228.00	WCSP;0.941
230.50	234.00	WCSP;0.974
236.25	239.75	WCSP;0.969
242.00	245.25	WCSP;0.974
247.50	250.50	WCSP;0.978
253.00	256.25	WCSP;0.977
259.00	262.50	WCSP;0.971
266.00	269.00	WCSP;0.973
271.75	275.25	WCSP;0.987
277.50	281.00	WCSP;0.970
283.50	288.25	WCSP;0.989
291.50	294.75	WCSP;0.956
297.00	300.00	WCSP;0.979
4.00	5.00	WTSP;0.793
11.00	12.75	WTSP;0.874
21.50	23.75	WTSP;0.965
33.25	35.50	WTSP;0.886
37.75	40.75	WTSP;0.990
47.00	52.00	WTSP;0.992
56.50	58.50	WTSP;0.907
59.50	65.50	WTSP;0.989
67.00	74.50	WTSP;0.986
76.50	79.75	WTSP;0.928
80.25	84.50	WTSP;0.956
86.25	94.50	WTSP;0.982
95.00	95.25	WTSP;0.704
97.00	101.00	WTSP;0.990
103.75	109.50	WTSP;0.985
111.00	116.00	WTSP;0.972
117.75	121.00	WTSP;0.957
123.25	126.50	WTSP;0.985
128.75	137.75	WTSP;0.993
140.25	144.25	WTSP;0.986
146.50	149.75	WTSP;0.905
152.25	156.50	WTSP;0.966
158.50	162.00	WTSP;0.989
164.50	166.00	WTSP;0.877
166.50	170.50	WTSP;0.991
173.00	177.75	WTSP;0.979
181.25	185.25	WTSP;0.988
186.75	192.50	WTSP;0.992
194.50	198.00	WTSP;0.986
199.75	203.50	WTSP;0.995
206.25	208.50	WTSP;0.937
210.00	212.75	WTSP;0.938
216.50	218.00	WTSP;0.848
228.00	228.50	WTSP;0.716
235.00	236.75	WTSP;0.928
239.75	242.75	WTSP;0.969
245.00	248.00	WTSP;0.955
250.00	253.50	WTSP;0.976
256.50	259.00	WTSP;0.951
262.00	267.00	WTSP;0.982
268.75	270.00	WTSP;0.800
275.50	276.50	WTSP;0.780
288.00	292.50	WTSP;0.997
295.50	297.75	WTSP;0.928
