8.50	11.25	CHSP;0.915
25.00	26.00	CHSP;0.661
29.50	32.75	CHSP;0.885
43.50	46.25	CHSP;0.756
50.00	54.25	CHSP;0.907
61.00	62.00	CHSP;0.661
68.00	71.50	CHSP;0.840
74.00	78.50	CHSP;0.861
84.00	87.50	CHSP;0.859
91.00	93.50	CHSP;0.753
98.25	101.25	CHSP;0.887
107.50	110.50	CHSP;0.930
114.75	117.75	CHSP;0.917
121.75	125.00	CHSP;0.934
129.75	133.00	CHSP;0.940
147.00	149.50	CHSP;0.908
161.50	164.00	CHSP;0.714
170.00	170.75	CHSP;0.558
184.75	187.50	CHSP;0.859
193.00	195.50	CHSP;0.872
201.00	203.00	CHSP;0.600
212.00	212.25	CHSP;0.535
218.00	220.50	CHSP;0.793
241.75	244.00	CHSP;0.837
249.50	251.50	CHSP;0.709
257.00	259.00	CHSP;0.707
280.25	282.75	CHSP;0.877
288.50	291.25	CHSP;0.902
245.00	246.00	EAME;0.582
15.00	17.00	FOSP;0.759
126.25	127.50	FOSP;0.656
139.75	140.00	FOSP;0.504
167.75	168.50	FOSP;0.566
195.75	197.75	FOSP;0.778
217.00	217.50	FOSP;0.618
229.50	230.00	FOSP;0.562
258.50	260.50	FOSP;0.720
254.50	255.50	HETH;0.641
63.00	63.75	LBDO;0.606
65.75	66.00	PISI;0.522
0.50	1.50	SNBU;0.599
151.00	151.50	SNBU;0.633
181.00	182.25	SNBU;0.699
216.00	217.00	SNBU;0.729
