4.50	5.50	AMRO;0.756
36.50	37.00	AMRO;0.734
39.25	40.75	AMRO;0.839
51.00	54.00	AMRO;0.955
55.75	59.50	AMRO;0.981
61.00	66.25	AMRO;0.953
74.50	78.25	AMRO;0.983
80.00	85.50	AMRO;0.920
86.75	87.00	AMRO;0.704
89.00	93.50	AMRO;0.909
94.50	97.50	AMRO;0.980
103.50	106.00	AMRO;0.940
108.25	111.75	AMRO;0.980
115.00	117.50	AMRO;0.987
121.00	123.75	AMRO;0.946
127.00	127.25	AMRO;0.729
132.50	135.50	AMRO;0.956
138.50	140.00	AMRO;0.840
143.75	147.25	AMRO;0.914
152.00	153.25	AMRO;0.791
154.00	155.50	AMRO;0.857
162.00	163.50	AMRO;0.835
170.00	173.75	AMRO;0.987
180.75	184.50	AMRO;0.985
192.25	195.00	AMRO;0.957
197.00	202.25	AMRO;0.983
211.50	215.50	AMRO;0.990
217.50	220.50	AMRO;0.909
231.00	233.50	AMRO;0.970
239.75	245.75	AMRO;0.971
254.00	258.75	AMRO;0.951
266.50	270.50	AMRO;0.995
276.75	281.25	AMRO;0.965
288.75	290.75	AMRO;0.891
295.25	299.25	AMRO;0.964
44.25	45.50	BANS;0.756
38.50	39.50	CHSP;0.650
19.75	21.25	FOSP;0.695
48.50	51.00	FOSP;0.771
69.75	71.50	FOSP;0.824
79.00	80.00	FOSP;0.667
97.75	99.50	FOSP;0.754
103.25	103.75	FOSP;0.560
112.75	115.00	FOSP;0.718
124.00	126.50	FOSP;0.840
131.25	132.75	FOSP;0.750
139.00	140.00	FOSP;0.632
152.00	152.75	FOSP;0.635
155.50	157.50	FOSP;0.700
157.75	158.00	FOSP;0.514
159.00	160.50	FOSP;0.697
173.00	175.25	FOSP;0.756
178.50	180.25	FOSP;0.730
186.50	188.75	FOSP;0.749
195.50	195.75	FOSP;0.525
209.50	211.00	FOSP;0.743
247.50	248.50	FOSP;0.627
252.50	253.25	FOSP;0.553
261.25	262.50	FOSP;0.624
263.00	263.75	FOSP;0.596
271.00	272.50	FOSP;0.605
272.75	275.50	FOSP;0.960
250.00	250.75	GRCA;0.553
1.75	2.50	HETH;0.557
157.50	158.25	HETH;0.601
270.50	270.75	HETH;0.520
9.50	10.50	LISP;0.639
23.75	24.25	LISP;0.511
29.25	30.00	LISP;0.583
41.00	42.75	LISP;0.715
54.50	54.75	LISP;0.513
66.50	67.75	LISP;0.694
128.75	130.25	LISP;0.732
136.75	138.00	LISP;0.678
143.00	144.75	LISP;0.707
150.00	151.00	LISP;0.588
176.50	177.50	LISP;0.615
249.75	250.25	LISP;0.513
101.50	102.75	NOFL;0.649
118.00	118.25	NSHR;0.505
44.00	48.00	PISI;0.976
52.00	53.75	PISI;0.884
55.00	55.75	PISI;0.818
60.50	61.25	PISI;0.754
130.25	131.25	PISI;0.849
135.00	136.00	PISI;0.788
160.75	165.50	PISI;0.986
167.25	169.25	PISI;0.977
191.25	193.75	PISI;0.897
215.00	216.25	PISI;0.800
219.25	222.50	PISI;0.974
224.25	236.75	PISI;0.993
237.00	240.25	PISI;0.985
258.50	259.25	PISI;0.801
272.00	273.75	PISI;0.934
275.50	280.50	PISI;0.970
285.50	288.00	PISI;0.982
289.75	291.00	PISI;0.809
293.75	295.00	PISI;0.879
297.00	300.00	PISI;0.909
240.50	241.25	RBGR;0.571
59.50	60.75	SBDO;0.734
261.00	261.75	SOSP;0.621
262.25	262.75	SOSP;0.508
26.50	27.50	SWSP;0.599
27.75	28.00	SWSP;0.501
148.50	150.00	SWSP;0.654
3.00	3.25	TEWA;0.532
17.00	17.75	TEWA;0.524
33.25	34.25	TEWA;0.596
105.50	105.75	TEWA;0.518
106.00	107.25	TEWA;0.561
118.50	120.75	TEWA;0.706
259.00	259.75	TEWA;0.566
83.50	85.00	TOSO;0.739
196.50	196.75	TOSO;0.509
215.25	217.00	TOSO;0.802
290.75	292.25	TOSO;0.769
141.00	141.75	VESP;0.591
36.50	37.50	WCSP;0.684
81.50	83.25	WCSP;0.738
158.25	159.75	WCSP;0.726
165.25	167.00	WCSP;0.832
196.00	198.00	WCSP;0.818
205.75	208.50	WCSP;0.956
216.50	217.50	WCSP;0.637
255.00	256.50	WCSP;0.676
264.00	265.75	WCSP;0.786
283.00	285.75	WCSP;0.966
291.50	294.00	WCSP;0.918
270.50	272.00	WTSP;0.694
