157.00	158.00	AMRO;0.630
205.50	207.50	AMRO;0.781
209.75	212.00	AMRO;0.932
217.25	218.50	AMRO;0.639
239.00	240.00	AMRO;0.691
244.25	244.50	AMRO;0.523
255.00	257.25	AMRO;0.858
264.25	264.75	AMRO;0.512
267.50	269.00	AMRO;0.711
290.00	293.00	AMRO;0.952
293.25	295.25	AMRO;0.806
298.50	300.00	AMRO;0.871
236.50	237.25	BFAL;0.559
63.00	63.50	CAGU;0.571
285.50	287.25	GWTE;0.739
237.50	238.25	MAMU;0.632
132.00	132.75	MOCH;0.650
6.75	7.50	NOFL;0.531
128.75	129.25	OROR;0.531
128.50	128.75	SNBU;0.500
145.00	145.25	SNBU;0.515
235.00	235.75	WATA;0.592
143.00	143.25	WCSP;0.515
147.50	150.50	WCSP;0.911
184.75	186.50	WCSP;0.675
194.50	195.00	WCSP;0.572
202.25	203.75	WCSP;0.630
208.25	211.00	WCSP;0.932
223.00	226.00	WCSP;0.886
230.75	232.50	WCSP;0.720
239.75	242.25	WCSP;0.931
256.25	256.50	WCSP;0.504
61.00	61.50	WTSP;0.549
68.00	69.00	WTSP;0.564
201.50	201.75	WTSP;0.503
226.00	228.00	WTSP;0.733
248.75	249.00	WTSP;0.509
