1.25	4.00	AMRO;0.850
11.75	15.50	AMRO;0.930
24.50	25.00	AMRO;0.548
36.25	40.00	AMRO;0.876
43.50	45.50	AMRO;0.798
59.50	63.25	AMRO;0.942
75.00	78.75	AMRO;0.890
103.00	106.00	AMRO;0.926
190.50	191.25	BRSP;0.536
253.50	254.25	BRSP;0.549
274.00	274.25	BRSP;0.506
1.00	4.25	CHSP;0.691
9.50	13.25	CHSP;0.856
18.50	23.00	CHSP;0.941
30.50	33.25	CHSP;0.911
38.50	41.50	CHSP;0.906
47.50	51.50	CHSP;0.923
56.50	60.00	CHSP;0.890
74.00	77.00	CHSP;0.811
84.50	87.75	CHSP;0.800
106.00	109.00	CHSP;0.793
116.00	119.00	CHSP;0.914
134.75	138.50	CHSP;0.844
148.00	150.00	CHSP;0.796
158.50	161.75	CHSP;0.738
167.50	169.50	CHSP;0.643
178.00	182.00	CHSP;0.799
198.50	202.75	CHSP;0.849
210.50	214.00	CHSP;0.843
220.50	225.00	CHSP;0.919
232.00	235.00	CHSP;0.912
242.00	246.00	CHSP;0.755
252.00	255.75	CHSP;0.771
262.00	265.75	CHSP;0.940
272.50	275.00	CHSP;0.804
284.00	287.50	CHSP;0.849
293.50	295.75	CHSP;0.800
113.00	114.75	DUNL;0.812
4.00	6.00	FOSP;0.790
15.00	16.50	FOSP;0.788
27.50	30.00	FOSP;0.842
41.00	43.00	FOSP;0.676
52.00	54.00	FOSP;0.861
64.00	66.00	FOSP;0.807
79.00	81.50	FOSP;0.841
93.75	96.25	FOSP;0.815
108.50	111.00	FOSP;0.809
127.75	130.00	FOSP;0.843
144.00	146.75	FOSP;0.865
147.00	147.75	FOSP;0.565
165.00	166.50	FOSP;0.708
168.00	170.25	FOSP;0.713
188.00	190.00	FOSP;0.798
207.50	209.50	FOSP;0.814
209.75	210.00	FOSP;0.502
228.50	231.00	FOSP;0.858
293.75	295.50	FOSP;0.763
43.25	43.50	LALO;0.545
136.75	138.00	OROR;0.671
91.75	93.75	PISI;0.919
100.00	102.00	PISI;0.822
115.00	116.00	PISI;0.792
118.25	126.50	PISI;0.988
139.00	140.00	PISI;0.862
146.75	148.00	PISI;0.796
149.25	157.50	PISI;0.978
260.25	262.00	PISI;0.779
266.50	273.00	PISI;0.977
275.50	283.75	PISI;0.977
287.50	294.00	PISI;0.976
295.50	300.00	PISI;0.981
25.25	25.50	PUFI;0.509
133.00	134.50	SNBU;0.804
34.00	35.50	SWSP;0.730
84.00	84.25	SWSP;0.516
96.25	96.50	VESP;0.577
170.00	170.75	VESP;0.590
