3.00	4.25	AMRO;0.581
45.50	45.75	BCCH;0.538
15.25	17.75	CHSP;0.865
24.75	27.50	CHSP;0.947
35.00	35.75	CHSP;0.712
42.50	45.00	CHSP;0.919
51.50	53.75	CHSP;0.928
72.25	74.00	CHSP;0.777
81.25	84.50	CHSP;0.973
101.00	104.00	CHSP;0.971
110.00	112.25	CHSP;0.872
128.75	132.00	CHSP;0.984
138.50	140.50	CHSP;0.887
147.75	150.50	CHSP;0.969
158.25	163.00	CHSP;0.973
180.00	183.00	CHSP;0.964
202.75	205.00	CHSP;0.901
212.50	215.50	CHSP;0.966
225.50	226.25	CHSP;0.729
229.75	231.75	CHSP;0.874
241.75	244.25	CHSP;0.877
252.50	255.00	CHSP;0.934
261.00	263.00	CHSP;0.898
279.25	281.75	CHSP;0.883
289.25	292.00	CHSP;0.961
299.50	302.00	CHSP;0.935
313.00	317.00	CHSP;0.968
324.00	327.50	CHSP;0.958
334.75	337.50	CHSP;0.961
343.50	346.75	CHSP;0.912
365.25	369.25	CHSP;0.972
395.25	397.00	CHSP;0.831
424.00	425.00	CHSP;0.735
463.00	469.00	CHSP;0.974
475.50	480.75	CHSP;0.971
487.50	491.50	CHSP;0.969
495.50	501.75	CHSP;0.979
506.75	511.00	CHSP;0.972
516.75	521.00	CHSP;0.970
527.25	532.00	CHSP;0.974
539.00	542.75	CHSP;0.972
548.50	553.00	CHSP;0.971
559.75	560.00	CHSP;0.701
560.25	560.50	CHSP;0.708
570.50	573.50	CHSP;0.962
580.50	584.00	CHSP;0.988
592.00	595.50	CHSP;0.973
584.25	584.50	EAME;0.550
387.00	387.25	EATO;0.553
11.75	17.00	FOSP;0.880
23.75	25.50	FOSP;0.790
28.00	30.25	FOSP;0.899
33.25	35.25	FOSP;0.761
38.75	40.50	FOSP;0.719
42.75	44.50	FOSP;0.754
47.75	50.00	FOSP;0.707
52.50	54.00	FOSP;0.721
56.00	58.50	FOSP;0.922
60.75	63.00	FOSP;0.837
66.50	69.00	FOSP;0.823
69.50	71.75	FOSP;0.857
76.00	80.50	FOSP;0.831
86.00	87.50	FOSP;0.585
88.00	89.50	FOSP;0.683
91.25	93.50	FOSP;0.928
96.50	99.00	FOSP;0.658
120.75	122.50	FOSP;0.747
131.25	133.50	FOSP;0.844
149.75	151.75	FOSP;0.807
168.50	171.00	FOSP;0.834
176.50	179.00	FOSP;0.916
185.00	189.00	FOSP;0.911
198.25	200.50	FOSP;0.905
208.25	211.00	FOSP;0.840
220.00	222.50	FOSP;0.816
231.75	233.25	FOSP;0.768
244.50	246.50	FOSP;0.837
257.00	259.00	FOSP;0.914
265.50	266.25	FOSP;0.586
269.75	271.50	FOSP;0.846
282.25	286.50	FOSP;0.903
296.00	298.00	FOSP;0.735
303.25	305.50	FOSP;0.923
307.00	309.50	FOSP;0.883
320.50	322.50	FOSP;0.670
332.00	334.50	FOSP;0.946
336.75	338.50	FOSP;0.711
347.75	349.75	FOSP;0.880
355.50	356.00	FOSP;0.533
360.50	363.00	FOSP;0.895
372.75	375.25	FOSP;0.869
387.75	392.00	FOSP;0.874
405.50	409.00	FOSP;0.896
418.75	421.00	FOSP;0.850
428.75	430.75	FOSP;0.795
431.00	434.00	FOSP;0.886
445.50	448.00	FOSP;0.834
457.50	459.75	FOSP;0.889
464.00	465.00	FOSP;0.607
469.00	471.50	FOSP;0.925
483.50	488.00	FOSP;0.963
499.25	499.50	FOSP;0.555
501.00	503.50	FOSP;0.934
509.50	511.00	FOSP;0.679
515.75	517.00	FOSP;0.653
532.25	535.00	FOSP;0.755
546.25	551.50	FOSP;0.899
559.50	561.75	FOSP;0.815
573.00	575.50	FOSP;0.937
597.75	600.00	FOSP;0.851
227.25	229.25	GCSP;0.871
4.25	5.75	HETH;0.732
402.00	403.25	RWBL;0.732
159.25	160.00	WATA;0.589
314.25	314.50	WATA;0.510
108.50	109.50	WCSP;0.723
193.00	194.50	WCSP;0.716
338.25	338.50	WCSP;0.548
329.50	330.75	WEME;0.601
200.75	202.50	WIWA;0.785
205.00	206.50	WIWA;0.668
215.50	217.50	WIWA;0.864
222.75	225.00	WIWA;0.885
238.75	240.50	WIWA;0.755
250.50	252.75	WIWA;0.843
259.00	261.50	WIWA;0.911
267.75	269.00	WIWA;0.578
292.25	293.00	WIWA;0.539
297.50	299.25	WIWA;0.743
309.00	311.75	WIWA;0.954
534.75	536.00	WIWA;0.658
545.00	547.50	WIWA;0.939
553.00	557.50	WIWA;0.900
568.50	571.00	WIWA;0.826
572.50	573.25	WIWA;0.604
590.25	592.50	WIWA;0.855
36.00	37.25	WTSP;0.681
54.50	56.00	WTSP;0.802
63.50	66.00	WTSP;0.833
73.50	75.25	WTSP;0.707
107.00	108.50	WTSP;0.704
109.00	110.50	WTSP;0.791
118.75	120.25	WTSP;0.770
135.50	138.50	WTSP;0.885
145.50	148.00	WTSP;0.842
155.75	159.00	WTSP;0.890
172.00	173.75	WTSP;0.666
183.75	184.50	WTSP;0.614
191.50	193.00	WTSP;0.789
201.75	204.00	WTSP;0.802
215.00	216.00	WTSP;0.581
241.75	243.50	WTSP;0.773
251.75	254.50	WTSP;0.880
268.50	269.00	WTSP;0.548
281.00	281.25	WTSP;0.536
288.50	291.50	WTSP;0.866
300.50	302.50	WTSP;0.842
311.00	314.00	WTSP;0.935
