467.75	468.00	AMDI;0.506
19.00	20.50	BRSP;0.706
80.75	81.00	BRSP;0.548
4.50	8.75	CHSP;0.979
14.00	19.25	CHSP;0.978
25.50	28.50	CHSP;0.981
36.75	40.75	CHSP;0.975
47.50	51.50	CHSP;0.967
58.75	63.00	CHSP;0.978
69.50	74.00	CHSP;0.976
81.00	84.50	CHSP;0.974
92.00	96.25	CHSP;0.979
103.75	106.50	CHSP;0.986
113.50	115.50	CHSP;0.974
117.25	126.50	CHSP;0.990
134.00	137.25	CHSP;0.985
144.50	148.75	CHSP;0.977
156.50	158.50	CHSP;0.949
166.25	169.50	CHSP;0.971
175.50	177.50	CHSP;0.880
178.75	180.50	CHSP;0.836
187.50	192.25	CHSP;0.984
198.25	202.75	CHSP;0.974
211.00	214.25	CHSP;0.978
220.50	224.50	CHSP;0.978
233.75	236.00	CHSP;0.917
243.50	245.75	CHSP;0.948
252.00	256.00	CHSP;0.983
263.75	266.50	CHSP;0.989
274.00	278.50	CHSP;0.975
285.00	288.75	CHSP;0.967
298.00	300.00	CHSP;0.755
306.25	309.25	CHSP;0.884
316.50	320.00	CHSP;0.979
325.75	330.00	CHSP;0.972
335.50	340.00	CHSP;0.981
346.25	348.00	CHSP;0.888
426.50	427.75	CHSP;0.773
490.25	492.25	CHSP;0.869
499.25	502.00	CHSP;0.980
507.50	512.25	CHSP;0.979
518.75	521.75	CHSP;0.951
527.50	530.50	CHSP;0.965
536.00	541.00	CHSP;0.982
549.25	551.00	CHSP;0.926
37.25	38.25	EATO;0.554
376.00	377.50	EATO;0.684
407.50	407.75	EATO;0.551
499.50	500.75	EATO;0.746
8.00	10.25	FOSP;0.905
24.00	26.00	FOSP;0.795
48.50	49.50	FOSP;0.631
56.50	58.75	FOSP;0.774
68.00	69.00	FOSP;0.594
73.00	74.25	FOSP;0.599
202.50	204.00	FOSP;0.713
209.25	211.50	FOSP;0.889
217.75	219.50	FOSP;0.853
232.00	233.00	FOSP;0.687
242.00	243.00	FOSP;0.686
254.00	255.25	FOSP;0.669
265.00	266.25	FOSP;0.756
268.75	270.50	FOSP;0.645
291.00	291.75	FOSP;0.569
293.75	295.75	FOSP;0.770
306.50	307.75	FOSP;0.671
315.00	317.00	FOSP;0.782
326.50	327.50	FOSP;0.706
351.25	353.50	FOSP;0.781
368.75	370.00	FOSP;0.606
373.25	375.00	FOSP;0.850
380.25	381.00	FOSP;0.582
392.50	392.75	FOSP;0.508
416.00	418.00	FOSP;0.804
440.25	440.50	FOSP;0.513
455.75	457.00	FOSP;0.730
476.50	478.25	FOSP;0.700
512.75	514.00	FOSP;0.700
557.50	559.25	FOSP;0.798
573.75	575.25	FOSP;0.606
595.00	595.75	FOSP;0.564
596.50	598.50	FOSP;0.806
594.00	594.50	GCSP;0.525
465.00	465.25	HETH;0.526
465.50	465.75	HETH;0.504
528.00	529.25	HETH;0.713
229.50	230.25	HOLA;0.649
142.00	142.50	LASP;0.531
324.50	325.50	LASP;0.617
575.50	576.00	LASP;0.542
21.00	22.00	LISP;0.637
96.50	97.50	LISP;0.715
111.75	113.25	LISP;0.647
390.00	391.00	LISP;0.630
516.25	516.50	LISP;0.502
530.50	531.50	LISP;0.643
174.00	174.75	MOCH;0.540
26.25	26.50	PUFI;0.541
163.25	163.75	RUGR;0.529
280.00	283.75	RUGR;0.896
143.25	144.75	SNBU;0.798
226.00	227.50	SNBU;0.771
44.50	46.50	VATH;0.856
82.50	84.75	VATH;0.860
115.50	118.50	VATH;0.937
161.50	162.00	VATH;0.523
192.25	194.75	VATH;0.918
228.50	230.00	VATH;0.885
261.00	261.25	VATH;0.532
261.50	261.75	VATH;0.524
284.00	284.50	VATH;0.551
335.00	336.50	VATH;0.800
471.00	471.75	VATH;0.635
412.25	412.50	WATA;0.511
564.50	566.00	WATA;0.698
2.00	5.00	WIWA;0.949
16.00	17.00	WIWA;0.763
28.00	30.25	WIWA;0.843
40.50	44.00	WIWA;0.983
52.00	55.75	WIWA;0.960
63.00	65.25	WIWA;0.873
74.00	77.25	WIWA;0.972
89.25	92.50	WIWA;0.962
101.50	104.00	WIWA;0.882
115.25	117.00	WIWA;0.866
126.00	128.50	WIWA;0.947
136.75	139.50	WIWA;0.956
148.00	151.25	WIWA;0.963
158.00	159.75	WIWA;0.852
176.75	179.00	WIWA;0.943
185.00	188.00	WIWA;0.959
195.25	198.25	WIWA;0.978
204.50	208.00	WIWA;0.972
213.75	216.75	WIWA;0.976
224.00	227.00	WIWA;0.978
262.75	263.75	WIWA;0.736
270.50	274.00	WIWA;0.979
279.50	282.75	WIWA;0.979
288.50	290.00	WIWA;0.811
296.00	297.75	WIWA;0.878
303.75	306.50	WIWA;0.957
313.00	316.00	WIWA;0.964
322.50	324.00	WIWA;0.844
330.50	333.50	WIWA;0.945
339.50	341.00	WIWA;0.811
347.50	350.75	WIWA;0.968
355.25	358.50	WIWA;0.978
364.00	367.50	WIWA;0.967
372.75	375.50	WIWA;0.938
382.50	385.75	WIWA;0.974
393.25	396.50	WIWA;0.974
403.25	406.25	WIWA;0.953
411.25	415.00	WIWA;0.976
420.50	423.75	WIWA;0.973
427.75	430.50	WIWA;0.981
436.75	440.00	WIWA;0.984
446.25	449.50	WIWA;0.968
455.25	458.50	WIWA;0.950
465.00	467.75	WIWA;0.974
474.00	477.50	WIWA;0.975
483.75	486.75	WIWA;0.981
492.50	496.00	WIWA;0.975
504.50	507.75	WIWA;0.972
513.00	516.00	WIWA;0.979
522.50	526.00	WIWA;0.973
532.00	535.50	WIWA;0.978
541.00	544.50	WIWA;0.982
550.75	553.50	WIWA;0.969
559.00	562.00	WIWA;0.976
569.25	572.50	WIWA;0.971
578.75	582.25	WIWA;0.976
588.75	592.00	WIWA;0.981
163.50	165.75	WTSP;0.819
173.50	173.75	WTSP;0.522
182.00	184.50	WTSP;0.768
205.75	206.50	WTSP;0.564
230.25	231.50	WTSP;0.706
238.50	240.75	WTSP;0.856
247.00	248.50	WTSP;0.745
256.00	257.50	WTSP;0.824
262.00	262.25	WTSP;0.500
262.50	264.25	WTSP;0.716
276.00	277.50	WTSP;0.671
286.75	288.75	WTSP;0.807
289.00	289.25	WTSP;0.527
289.50	291.50	WTSP;0.937
303.50	305.25	WTSP;0.858
312.25	314.00	WTSP;0.823
321.50	322.50	WTSP;0.598
329.50	333.00	WTSP;0.927
346.50	348.50	WTSP;0.856
354.50	356.50	WTSP;0.830
363.50	367.00	WTSP;0.924
384.50	387.00	WTSP;0.887
401.00	403.00	WTSP;0.869
408.00	411.75	WTSP;0.943
472.00	474.50	WTSP;0.909
490.50	491.50	WTSP;0.606
496.00	498.00	WTSP;0.835
504.00	504.75	WTSP;0.556
517.00	520.50	WTSP;0.912
526.00	527.75	WTSP;0.814
552.00	555.25	WTSP;0.890
562.50	564.50	WTSP;0.790
568.50	571.00	WTSP;0.862
576.25	578.50	WTSP;0.861
585.00	588.00	WTSP;0.857
