29.00	32.00	AMRO;0.943
54.50	55.75	AMRO;0.675
102.25	103.00	AMRO;0.559
127.00	128.50	AMRO;0.687
137.25	139.50	AMRO;0.853
152.75	154.50	AMRO;0.780
182.25	184.75	AMRO;0.848
225.00	225.25	AMRO;0.566
225.50	226.00	AMRO;0.528
57.50	57.75	BEWR;0.548
174.75	175.50	BLJA;0.555
11.00	12.25	FOSP;0.625
13.75	16.00	FOSP;0.828
32.50	34.50	FOSP;0.865
45.50	46.25	FOSP;0.608
50.50	51.75	FOSP;0.713
60.00	60.75	FOSP;0.567
70.00	71.50	FOSP;0.690
75.00	75.50	FOSP;0.604
80.75	81.75	FOSP;0.720
92.50	94.50	FOSP;0.856
97.00	99.50	FOSP;0.703
103.50	104.75	FOSP;0.687
121.25	123.50	FOSP;0.808
145.00	145.25	FOSP;0.552
149.00	150.50	FOSP;0.770
166.25	167.75	FOSP;0.778
189.00	190.75	FOSP;0.769
200.50	201.75	FOSP;0.662
238.25	240.00	FOSP;0.868
248.50	249.75	FOSP;0.694
41.00	42.00	HETH;0.582
109.25	111.25	HETH;0.754
222.75	224.25	HETH;0.703
134.50	135.25	LASP;0.537
244.00	244.25	LASP;0.507
258.75	259.25	LASP;0.503
88.25	88.50	LISP;0.535
88.75	89.00	LISP;0.515
163.50	163.75	LISP;0.501
210.50	212.25	LISP;0.735
213.25	213.50	MOCH;0.533
213.75	214.00	MOCH;0.551
149.00	149.50	OROR;0.543
291.00	292.00	PUFI;0.659
100.75	101.25	RBGU;0.582
107.50	107.75	REVI;0.501
136.75	137.50	REVI;0.507
246.00	247.50	REVI;0.742
20.25	20.50	SNBU;0.500
273.50	274.00	TBLO;0.562
119.00	119.25	WCSP;0.513
135.50	136.75	WCSP;0.636
139.25	144.25	WTSP;0.922
157.25	159.25	WTSP;0.895
