384.50	385.75	AMRO;0.617
390.50	393.00	AMRO;0.825
393.50	395.75	AMRO;0.873
47.00	50.00	CHSP;0.800
416.50	419.00	CHSP;0.868
182.50	183.75	EVGR;0.782
3.00	3.75	FOSP;0.622
22.75	24.75	FOSP;0.873
97.00	97.75	FOSP;0.656
119.00	120.50	FOSP;0.711
15.00	17.50	LISP;0.799
29.50	31.50	LISP;0.882
43.00	45.00	LISP;0.770
56.25	58.50	LISP;0.902
151.25	153.00	LISP;0.700
236.00	236.75	LISP;0.602
249.75	250.50	LISP;0.532
275.75	276.50	LISP;0.566
289.75	291.50	LISP;0.786
303.75	306.00	LISP;0.916
318.00	320.00	LISP;0.807
329.50	332.00	LISP;0.885
343.50	345.75	LISP;0.835
356.50	358.50	LISP;0.813
369.25	371.50	LISP;0.844
382.25	384.25	LISP;0.809
395.25	397.00	LISP;0.810
407.50	410.00	LISP;0.848
421.25	422.00	LISP;0.541
433.00	435.00	LISP;0.696
446.25	447.00	LISP;0.610
472.50	473.00	LISP;0.550
501.00	502.00	LISP;0.685
543.00	543.25	LISP;0.502
598.75	599.00	LISP;0.536
71.50	71.75	PUFI;0.502
71.50	72.75	SNBU;0.680
84.75	85.25	SNBU;0.527
210.50	211.50	SNBU;0.656
265.00	265.50	SNBU;0.554
490.75	491.25	SNBU;0.560
76.00	77.00	VATH;0.592
107.50	109.00	VATH;0.823
129.00	129.75	VATH;0.622
139.50	141.50	VATH;0.944
411.50	414.50	VATH;0.934
430.25	431.75	VATH;0.822
509.50	511.50	VATH;0.748
521.00	522.25	VATH;0.663
545.50	548.00	VATH;0.930
556.25	557.00	VATH;0.615
575.50	575.75	VATH;0.509
331.50	332.00	WATA;0.534
223.50	224.25	WCSP;0.607
10.50	12.00	WIWA;0.684
196.75	197.50	WIWR;0.593
81.00	82.75	WTSP;0.643
102.50	103.75	WTSP;0.637
158.25	160.50	WTSP;0.842
205.00	207.25	WTSP;0.851
218.00	218.25	WTSP;0.513
