495.75	503.50	AMRO;0.986
507.75	517.50	AMRO;0.972
519.50	522.75	AMRO;0.929
523.00	528.25	AMRO;0.977
529.50	534.50	AMRO;0.981
536.50	541.50	AMRO;0.980
543.50	547.00	AMRO;0.984
553.50	561.50	AMRO;0.973
564.50	567.50	AMRO;0.964
571.25	574.50	AMRO;0.979
581.25	585.00	AMRO;0.971
586.25	590.25	AMRO;0.866
591.00	600.00	AMRO;0.977
482.75	485.00	BRSP;0.750
6.25	7.50	CHSP;0.780
14.00	18.00	CHSP;0.968
24.25	28.50	CHSP;0.973
40.50	44.50	CHSP;0.959
49.50	54.00	CHSP;0.974
59.00	63.00	CHSP;0.962
69.25	73.00	CHSP;0.966
80.00	83.75	CHSP;0.957
89.00	93.00	CHSP;0.975
98.75	103.00	CHSP;0.908
108.50	112.00	CHSP;0.954
130.25	133.75	CHSP;0.973
142.50	145.25	CHSP;0.903
170.00	173.00	CHSP;0.940
185.00	188.00	CHSP;0.965
214.25	217.25	CHSP;0.961
224.75	228.00	CHSP;0.936
242.75	244.50	CHSP;0.814
257.25	260.50	CHSP;0.911
293.00	297.00	CHSP;0.969
308.75	313.00	CHSP;0.979
320.00	324.50	CHSP;0.973
337.25	341.00	CHSP;0.969
348.00	352.25	CHSP;0.974
360.00	362.25	CHSP;0.884
371.00	373.75	CHSP;0.833
381.25	384.75	CHSP;0.983
441.50	443.00	CHSP;0.830
448.50	451.25	CHSP;0.939
7.00	9.50	FOSP;0.891
18.00	20.00	FOSP;0.855
29.00	31.25	FOSP;0.877
45.25	47.00	FOSP;0.807
58.50	60.50	FOSP;0.816
72.00	74.00	FOSP;0.925
87.00	88.50	FOSP;0.773
99.50	101.50	FOSP;0.812
116.00	116.50	FOSP;0.559
160.75	162.75	FOSP;0.846
173.50	176.00	FOSP;0.753
352.50	355.00	FOSP;0.904
363.75	364.25	FOSP;0.573
374.75	377.25	FOSP;0.816
387.50	390.25	FOSP;0.907
401.00	403.50	FOSP;0.798
416.00	418.50	FOSP;0.812
445.50	448.50	FOSP;0.865
467.00	469.75	FOSP;0.724
533.50	535.75	FOSP;0.743
547.25	548.75	FOSP;0.656
561.25	562.25	FOSP;0.657
575.00	577.50	FOSP;0.893
550.75	552.00	GWTE;0.579
23.50	24.50	MOCH;0.595
143.00	144.25	MOCH;0.671
380.75	381.75	MOCH;0.668
54.75	55.25	PHVI;0.503
0.75	1.50	REVI;0.568
68.00	68.25	REVI;0.520
81.00	81.75	REVI;0.585
587.25	587.75	REVI;0.503
473.00	475.00	RUTU;0.711
522.50	523.50	SAND;0.558
401.75	402.00	SNBU;0.586
315.50	316.00	VATH;0.541
219.50	220.25	WCSP;0.549
232.50	233.50	WCSP;0.605
313.50	314.25	WCSP;0.601
344.50	347.00	WCSP;0.780
368.00	370.50	WCSP;0.836
377.50	380.00	WCSP;0.883
390.25	392.50	WCSP;0.846
489.00	491.50	WCSP;0.868
47.25	50.50	WTSP;0.875
55.50	57.50	WTSP;0.852
65.00	66.00	WTSP;0.618
76.75	80.50	WTSP;0.964
140.00	143.25	WTSP;0.898
390.75	392.00	WTSP;0.617
482.00	484.00	WTSP;0.803
493.50	495.75	WTSP;0.769
507.25	510.25	WTSP;0.634
518.25	519.25	WTSP;0.577
527.50	529.50	WTSP;0.805
570.50	572.00	WTSP;0.763
