147.50	148.75	BCCH;0.682
3.25	6.50	CHSP;0.969
16.00	19.50	CHSP;0.969
21.75	25.25	CHSP;0.979
28.50	35.50	CHSP;0.965
39.50	43.00	CHSP;0.959
49.25	53.00	CHSP;0.977
65.50	70.00	CHSP;0.977
73.25	77.25	CHSP;0.970
82.50	86.00	CHSP;0.975
89.00	92.25	CHSP;0.961
107.00	109.75	CHSP;0.971
115.25	116.50	CHSP;0.779
135.25	139.00	CHSP;0.978
148.50	152.25	CHSP;0.978
207.00	207.75	CHSP;0.721
223.75	224.75	CHSP;0.768
226.00	226.75	CHSP;0.764
238.00	238.25	CHSP;0.694
238.50	239.25	CHSP;0.721
246.25	249.00	CHSP;0.950
259.00	261.25	CHSP;0.904
369.50	373.50	CHSP;0.971
375.50	380.00	CHSP;0.974
383.00	387.25	CHSP;0.979
392.00	396.50	CHSP;0.979
422.00	423.50	CHSP;0.823
446.00	449.00	CHSP;0.970
463.25	466.25	CHSP;0.982
473.00	474.00	CHSP;0.788
488.00	492.50	CHSP;0.963
497.00	500.00	CHSP;0.933
511.25	515.25	CHSP;0.978
525.25	528.00	CHSP;0.933
534.75	537.75	CHSP;0.904
562.00	565.25	CHSP;0.965
570.50	574.50	CHSP;0.968
581.75	584.75	CHSP;0.964
591.25	594.75	CHSP;0.977
200.75	201.00	EAME;0.505
0.50	3.00	FOSP;0.754
9.50	12.00	FOSP;0.814
99.00	102.75	FOSP;0.810
125.75	128.00	FOSP;0.599
133.00	135.00	FOSP;0.874
144.00	147.00	FOSP;0.910
151.75	153.50	FOSP;0.758
155.00	155.25	FOSP;0.520
158.25	160.00	FOSP;0.817
163.50	165.25	FOSP;0.730
168.50	168.75	FOSP;0.510
169.00	169.25	FOSP;0.544
179.00	181.50	FOSP;0.837
187.75	189.25	FOSP;0.579
201.00	203.50	FOSP;0.864
215.50	218.25	FOSP;0.892
226.50	228.00	FOSP;0.694
229.50	233.00	FOSP;0.933
243.75	245.75	FOSP;0.750
271.75	273.50	FOSP;0.636
298.25	299.25	FOSP;0.609
302.75	304.50	FOSP;0.644
381.50	384.00	FOSP;0.733
397.75	399.50	FOSP;0.707
421.75	423.75	FOSP;0.780
433.75	435.50	FOSP;0.591
438.50	441.50	FOSP;0.893
452.25	454.50	FOSP;0.856
468.75	470.50	FOSP;0.775
477.25	477.75	FOSP;0.556
567.25	568.25	FOSP;0.596
568.50	568.75	FOSP;0.506
589.00	590.50	FOSP;0.680
37.75	38.75	GCSP;0.568
139.50	140.75	GCSP;0.693
239.00	240.50	GCSP;0.566
256.75	257.00	GCSP;0.502
493.00	496.00	GCSP;0.943
503.50	505.00	GCSP;0.624
523.25	525.00	GCSP;0.668
533.00	535.75	GCSP;0.840
311.75	312.25	HASP;0.512
43.50	45.00	LISP;0.844
57.00	58.50	LISP;0.855
234.50	236.00	LISP;0.768
249.25	251.25	LISP;0.792
291.50	293.50	LISP;0.815
347.00	347.25	LISP;0.527
359.00	360.00	LISP;0.602
17.25	18.00	MOCH;0.589
296.75	297.00	MOCH;0.531
244.00	244.25	NOCA;0.538
400.25	401.50	OCWA;0.740
345.00	346.75	PISI;0.911
349.00	355.00	PISI;0.968
405.50	409.25	PISI;0.793
465.50	466.25	PISI;0.531
490.50	490.75	SAPH;0.511
56.00	56.25	SNBU;0.531
158.00	158.50	SNBU;0.565
165.50	166.50	SNBU;0.603
177.00	177.50	SNBU;0.545
197.75	198.50	SNBU;0.580
286.75	287.50	SNBU;0.644
318.75	319.75	SNBU;0.584
435.00	436.50	SNBU;0.673
548.00	549.75	SNBU;0.685
542.00	543.50	VATH;0.794
170.25	172.00	WCSP;0.951
175.25	176.50	WCSP;0.675
190.00	190.50	WCSP;0.547
6.00	8.25	WTSP;0.958
25.25	29.00	WTSP;0.962
48.00	51.00	WTSP;0.967
59.50	61.50	WTSP;0.881
70.50	73.25	WTSP;0.878
81.50	82.25	WTSP;0.754
92.00	93.50	WTSP;0.849
103.00	104.75	WTSP;0.824
120.50	123.50	WTSP;0.954
130.50	132.00	WTSP;0.850
140.50	143.50	WTSP;0.982
169.00	170.25	WTSP;0.779
182.50	186.50	WTSP;0.982
203.25	206.50	WTSP;0.988
221.00	224.25	WTSP;0.972
239.00	242.00	WTSP;0.967
256.25	257.50	WTSP;0.807
262.50	266.25	WTSP;0.980
268.00	271.25	WTSP;0.905
276.50	279.50	WTSP;0.884
280.00	284.00	WTSP;0.988
296.00	297.50	WTSP;0.844
299.25	302.50	WTSP;0.994
322.00	324.50	WTSP;0.952
329.00	332.75	WTSP;0.976
341.00	343.25	WTSP;0.949
347.25	349.50	WTSP;0.974
362.00	365.00	WTSP;0.957
366.00	370.00	WTSP;0.973
386.50	391.00	WTSP;0.983
424.25	428.50	WTSP;0.980
555.50	560.50	WTSP;0.985
577.75	582.50	WTSP;0.982
448.25	450.50	YRWA;0.825
