295.50	297.50	AMRO;0.810
401.75	402.00	AMRO;0.521
418.00	418.25	AMRO;0.573
429.75	431.00	AMRO;0.619
436.00	438.25	AMRO;0.795
444.75	446.50	AMRO;0.607
481.50	484.00	AMRO;0.868
495.00	497.50	AMRO;0.904
512.00	513.50	AMRO;0.767
519.75	522.25	AMRO;0.901
526.75	528.00	AMRO;0.635
540.75	544.75	AMRO;0.801
553.00	553.50	AMRO;0.537
560.50	562.00	AMRO;0.607
567.25	568.50	AMRO;0.760
568.75	569.00	AMRO;0.501
573.00	575.50	AMRO;0.961
580.00	582.00	AMRO;0.784
591.50	593.50	AMRO;0.792
96.00	96.25	ATSP;0.500
116.75	117.25	ATSP;0.524
176.75	177.75	ATSP;0.698
452.25	455.00	ATSP;0.762
178.75	179.00	BCCH;0.514
268.00	276.50	BCCH;0.944
282.00	283.50	BCCH;0.752
314.50	314.75	BCCH;0.572
316.50	317.00	BCCH;0.562
457.25	458.50	BCCH;0.596
471.50	472.25	BCCH;0.579
433.00	436.50	CHSP;0.951
140.50	141.75	FOSP;0.675
346.75	348.00	FOSP;0.656
420.00	421.75	FOSP;0.692
450.00	452.50	FOSP;0.886
468.00	470.75	FOSP;0.901
523.25	525.25	FOSP;0.708
548.00	549.00	FOSP;0.642
564.75	566.75	FOSP;0.768
596.50	598.50	FOSP;0.771
519.25	519.75	GWTE;0.546
321.75	322.50	HAFL;0.659
138.00	139.00	HOLA;0.646
142.75	143.25	HOLA;0.557
13.00	14.00	LISP;0.614
23.00	24.75	LISP;0.747
33.50	35.50	LISP;0.852
44.00	45.25	LISP;0.749
54.50	55.00	LISP;0.528
74.00	75.75	LISP;0.804
110.50	111.25	LISP;0.564
206.00	207.00	LISP;0.652
312.75	313.00	LISP;0.530
341.25	343.00	LISP;0.761
358.50	360.00	LISP;0.774
383.75	384.75	LISP;0.583
399.25	402.00	LISP;0.928
447.50	448.00	LISP;0.533
461.75	463.50	LISP;0.810
477.50	479.00	LISP;0.791
493.50	495.00	LISP;0.828
513.00	513.25	LISP;0.501
513.50	514.00	LISP;0.592
531.00	533.00	LISP;0.793
315.50	316.00	MOCH;0.505
353.50	355.25	NOCA;0.835
505.50	506.50	NOCA;0.705
535.00	536.00	NOCA;0.696
280.00	280.25	PIGU;0.537
0.50	12.00	PISI;0.980
16.25	16.50	PISI;0.726
16.75	17.75	PISI;0.754
19.75	22.00	PISI;0.888
49.00	51.25	PISI;0.945
60.00	62.00	PISI;0.841
70.50	72.00	PISI;0.856
110.50	112.75	PISI;0.946
237.25	237.50	PISI;0.699
381.00	399.50	PISI;0.984
405.00	421.00	PISI;0.983
537.50	544.25	PISI;0.967
595.50	596.00	PISI;0.724
148.50	150.00	ROWR;0.698
583.75	584.50	ROWR;0.582
131.00	131.25	RUTU;0.557
151.50	151.75	SOSA;0.556
278.00	278.25	SOSA;0.528
447.25	447.50	SOSP;0.560
455.50	456.75	SOSP;0.703
72.25	72.75	SURF;0.556
560.25	560.50	TUTI;0.501
136.25	138.00	WCSP;0.741
139.50	140.00	WCSP;0.532
143.50	144.75	WCSP;0.665
153.50	154.25	WCSP;0.553
158.50	160.00	WCSP;0.595
165.50	167.50	WCSP;0.827
183.00	184.50	WCSP;0.770
377.00	378.75	WCSP;0.722
473.00	474.00	WCSP;0.654
428.25	428.50	WTSP;0.555
428.75	429.00	WTSP;0.512
422.75	424.75	YRWA;0.789
