41.75	43.00	AMDI;0.678
276.00	276.50	AMDI;0.579
0.00	3.00	AMRO;0.790
12.00	13.50	AMRO;0.626
83.50	84.75	AMRO;0.741
306.00	307.75	AMRO;0.803
289.00	289.50	BLOY;0.578
142.25	143.00	BRSP;0.592
344.00	346.00	BRSP;0.764
445.25	446.50	BRSP;0.617
293.00	293.50	FISP;0.578
572.50	573.25	FISP;0.579
596.50	597.50	FISP;0.667
158.25	159.75	FOSP;0.640
58.25	60.50	LISP;0.913
123.00	124.50	LISP;0.713
177.00	178.50	LISP;0.552
179.00	179.75	LISP;0.551
193.25	195.00	LISP;0.659
201.00	202.75	LISP;0.720
242.75	244.50	LISP;0.783
326.75	327.75	LISP;0.631
529.75	531.75	LISP;0.682
547.00	548.50	LISP;0.720
563.00	564.25	LISP;0.597
579.25	581.00	LISP;0.706
66.00	66.50	MOCH;0.526
196.75	197.25	MOCH;0.503
290.75	291.25	MOCH;0.563
404.25	404.75	MOCH;0.578
440.50	441.50	MOCH;0.621
565.00	565.50	MOCH;0.528
95.50	96.25	REVI;0.596
76.00	76.75	RUTU;0.661
110.50	110.75	RUTU;0.514
176.00	177.00	RUTU;0.692
193.00	193.25	RUTU;0.530
244.25	244.75	RUTU;0.543
260.25	261.00	RUTU;0.573
361.00	361.50	RUTU;0.561
377.75	378.75	RUTU;0.631
409.50	411.25	RUTU;0.757
427.50	428.25	RUTU;0.647
481.00	482.25	RUTU;0.687
514.25	515.75	RUTU;0.776
286.75	287.75	SAPH;0.679
169.75	170.50	SNBU;0.674
170.75	171.00	SNBU;0.559
267.50	268.50	SNBU;0.733
189.00	189.25	SOSA;0.509
67.50	68.00	SWSP;0.513
141.25	141.50	SWSP;0.533
150.00	152.50	SWSP;0.884
387.00	388.00	SWSP;0.566
33.00	34.50	VATH;0.754
272.75	275.25	VATH;0.898
457.75	459.25	VATH;0.713
485.50	486.25	VATH;0.653
540.00	542.00	VATH;0.822
570.50	572.50	VATH;0.781
4.25	7.00	WCSP;0.878
9.00	11.50	WCSP;0.831
24.00	26.50	WCSP;0.846
26.75	27.50	WCSP;0.622
39.50	42.00	WCSP;0.873
54.75	57.50	WCSP;0.879
68.00	71.00	WCSP;0.954
84.00	86.00	WCSP;0.807
100.75	103.00	WCSP;0.915
114.50	117.00	WCSP;0.883
129.75	132.00	WCSP;0.865
203.25	205.50	WCSP;0.781
236.25	238.00	WCSP;0.731
320.00	321.00	WCSP;0.543
415.25	417.00	WCSP;0.819
27.50	29.75	WIWA;0.875
346.00	348.00	WIWA;0.863
427.50	430.50	WIWA;0.979
440.50	442.50	WIWA;0.808
451.50	455.00	WIWA;0.977
477.50	480.75	WIWA;0.977
490.50	493.50	WIWA;0.978
500.75	504.00	WIWA;0.957
512.75	515.50	WIWA;0.948
522.25	525.50	WIWA;0.965
532.75	536.25	WIWA;0.977
544.00	547.50	WIWA;0.977
555.25	558.50	WIWA;0.971
567.00	570.50	WIWA;0.974
577.50	580.50	WIWA;0.979
11.75	15.00	WTSP;0.950
17.00	19.00	WTSP;0.916
31.00	33.00	WTSP;0.899
47.50	48.50	WTSP;0.752
51.25	54.00	WTSP;0.880
66.00	68.00	WTSP;0.857
87.00	87.50	WTSP;0.720
89.50	92.75	WTSP;0.939
111.00	114.00	WTSP;0.966
117.50	120.50	WTSP;0.971
126.25	130.50	WTSP;0.989
132.00	133.25	WTSP;0.831
144.00	149.00	WTSP;0.984
170.50	174.50	WTSP;0.975
182.75	186.50	WTSP;0.969
197.00	199.50	WTSP;0.921
210.75	213.50	WTSP;0.936
222.00	225.25	WTSP;0.956
249.00	252.25	WTSP;0.940
263.75	266.00	WTSP;0.882
291.25	293.50	WTSP;0.889
303.25	305.75	WTSP;0.867
316.00	319.00	WTSP;0.978
330.00	333.25	WTSP;0.980
343.25	343.75	WTSP;0.732
357.50	361.00	WTSP;0.976
364.75	366.00	WTSP;0.813
381.00	384.25	WTSP;0.936
393.50	397.50	WTSP;0.992
424.25	427.25	WTSP;0.922
440.50	441.75	WTSP;0.733
453.50	456.25	WTSP;0.907
468.00	473.00	WTSP;0.978
481.00	484.00	WTSP;0.931
496.50	498.50	WTSP;0.882
509.50	513.25	WTSP;0.962
524.75	526.50	WTSP;0.827
537.00	540.50	WTSP;0.957
549.50	553.75	WTSP;0.977
557.25	560.50	WTSP;0.956
565.50	568.00	WTSP;0.881
576.25	578.50	WTSP;0.918
581.00	584.50	WTSP;0.981
586.50	591.50	WTSP;0.978
594.00	597.00	WTSP;0.966
493.00	495.00	YRWA;0.856
