54.50	55.50	AMRO;0.585
69.50	69.75	AMRO;0.507
19.00	21.50	CHSP;0.771
27.00	28.25	CHSP;0.650
127.00	130.00	CHSP;0.877
135.00	138.50	CHSP;0.884
173.00	175.75	CHSP;0.830
181.75	185.00	CHSP;0.906
192.00	193.50	CHSP;0.625
221.25	222.00	CHSP;0.566
233.00	235.50	CHSP;0.746
247.00	249.50	CHSP;0.785
280.50	283.00	CHSP;0.924
34.75	35.00	DEJU;0.505
52.75	54.50	FOSP;0.734
72.50	74.25	FOSP;0.674
27.75	29.75	LISP;0.782
42.75	45.00	LISP;0.785
57.00	60.00	LISP;0.854
88.00	89.25	LISP;0.568
131.50	133.25	LISP;0.734
147.50	148.50	LISP;0.573
161.75	164.00	LISP;0.821
169.00	170.50	LISP;0.703
176.50	179.25	LISP;0.902
208.75	210.25	LISP;0.668
224.25	226.00	LISP;0.815
257.25	257.50	LISP;0.504
272.00	274.00	LISP;0.903
288.50	290.50	LISP;0.782
3.25	3.50	MOCH;0.524
16.50	17.25	MOCH;0.577
75.00	76.75	MOCH;0.822
242.00	242.75	RUTU;0.642
257.75	258.00	RUTU;0.508
141.75	142.00	SAPH;0.514
21.00	21.50	VATH;0.579
155.25	157.00	WCSP;0.834
165.00	167.25	WCSP;0.845
202.25	203.25	WCSP;0.604
211.50	212.50	WCSP;0.677
284.75	285.75	WCSP;0.652
293.50	295.25	WCSP;0.688
40.75	41.75	WEME;0.572
153.75	155.00	WIWA;0.623
1.50	9.25	WTSP;0.978
16.00	19.50	WTSP;0.905
29.75	34.25	WTSP;0.889
45.00	47.25	WTSP;0.897
60.00	62.00	WTSP;0.836
63.25	65.75	WTSP;0.903
82.00	87.75	WTSP;0.977
90.50	95.50	WTSP;0.991
99.25	102.00	WTSP;0.936
102.50	105.00	WTSP;0.955
108.00	114.00	WTSP;0.985
118.00	120.25	WTSP;0.882
123.50	127.25	WTSP;0.975
129.50	132.00	WTSP;0.964
144.50	147.00	WTSP;0.931
159.50	160.50	WTSP;0.814
170.50	174.50	WTSP;0.953
195.50	202.25	WTSP;0.969
206.50	209.50	WTSP;0.953
210.25	211.75	WTSP;0.806
213.50	220.75	WTSP;0.984
223.00	224.50	WTSP;0.854
226.00	229.50	WTSP;0.989
230.25	231.25	WTSP;0.737
236.00	240.75	WTSP;0.979
242.25	245.75	WTSP;0.964
249.50	251.50	WTSP;0.795
253.75	257.00	WTSP;0.947
261.75	265.00	WTSP;0.974
268.00	271.75	WTSP;0.975
274.00	280.00	WTSP;0.987
283.25	285.00	WTSP;0.826
291.25	294.00	WTSP;0.918
296.00	297.50	WTSP;0.794
