47.00	47.25	BBPL;0.524
47.50	48.00	BBPL;0.573
8.25	10.00	BCCH;0.607
104.00	104.25	BCCH;0.556
120.25	120.75	BCCH;0.520
131.00	131.75	BCCH;0.541
178.00	178.25	BCCH;0.542
178.50	178.75	BCCH;0.544
136.00	137.00	EAME;0.621
3.25	5.00	FOSP;0.666
38.25	39.00	FOSP;0.620
43.75	45.00	FOSP;0.709
51.75	54.25	FOSP;0.875
64.75	67.50	FOSP;0.920
79.25	81.00	FOSP;0.822
83.00	84.00	FOSP;0.572
84.25	84.50	FOSP;0.510
93.00	93.25	FOSP;0.504
93.50	95.50	FOSP;0.729
102.50	103.25	FOSP;0.585
109.00	109.25	FOSP;0.508
123.25	126.00	FOSP;0.892
137.00	138.50	FOSP;0.808
147.75	148.00	FOSP;0.537
162.00	163.50	FOSP;0.737
166.50	168.50	FOSP;0.846
188.25	188.50	FOSP;0.518
205.50	208.00	FOSP;0.838
213.50	215.25	FOSP;0.802
235.00	236.50	FOSP;0.781
276.50	277.50	FOSP;0.644
10.25	12.75	HETH;0.961
18.25	19.25	HETH;0.782
104.00	106.75	HETH;0.966
108.00	109.75	HETH;0.913
110.50	116.00	HETH;0.994
117.00	123.25	HETH;0.993
128.00	130.50	HETH;0.991
131.75	134.00	HETH;0.891
136.75	137.25	HETH;0.696
139.00	147.25	HETH;0.994
150.50	152.00	HETH;0.914
153.75	159.50	HETH;0.984
160.00	162.50	HETH;0.948
163.50	166.50	HETH;0.989
168.75	170.75	HETH;0.906
176.25	182.50	HETH;0.990
184.75	187.00	HETH;0.934
237.75	240.00	HETH;0.964
242.25	244.25	HETH;0.864
245.50	248.50	HETH;0.975
249.75	255.00	HETH;0.963
258.50	261.50	HETH;0.976
263.00	264.25	HETH;0.781
267.25	273.00	HETH;0.987
274.50	277.00	HETH;0.991
279.75	282.50	HETH;0.966
110.75	111.25	MOCH;0.543
163.50	164.50	MOCH;0.626
245.25	245.50	MOCH;0.535
246.00	246.25	MOCH;0.521
267.00	267.75	MOCH;0.571
270.25	271.75	MOCH;0.716
56.75	57.00	SNBU;0.538
76.50	78.50	TOSO;0.880
148.00	148.50	TOWA;0.545
19.75	21.50	WCSP;0.629
84.25	85.75	WCSP;0.659
113.00	114.25	WCSP;0.693
115.50	117.00	WCSP;0.620
122.25	123.75	WCSP;0.794
147.00	147.25	WCSP;0.580
153.50	154.00	WCSP;0.612
159.00	160.50	WCSP;0.796
165.50	167.00	WCSP;0.659
170.75	173.00	WCSP;0.732
174.00	177.00	WCSP;0.919
182.50	185.50	WCSP;0.941
189.00	191.50	WCSP;0.913
195.00	198.00	WCSP;0.876
201.25	204.50	WCSP;0.919
209.00	211.75	WCSP;0.908
216.00	219.50	WCSP;0.899
224.25	227.50	WCSP;0.887
232.00	235.00	WCSP;0.914
236.25	236.75	WCSP;0.536
237.00	237.25	WCSP;0.531
239.75	242.50	WCSP;0.857
248.25	250.75	WCSP;0.879
254.50	259.00	WCSP;0.927
264.00	267.00	WCSP;0.904
272.25	275.00	WCSP;0.943
280.75	282.50	WCSP;0.654
286.50	289.50	WCSP;0.883
296.50	299.75	WCSP;0.862
