145.75	146.50	BRSP;0.545
147.00	147.50	BRSP;0.565
9.75	10.75	CCSP;0.596
17.00	17.25	CCSP;0.573
67.00	69.00	CCSP;0.689
185.50	187.50	CCSP;0.875
236.25	239.75	CCSP;0.936
257.00	258.75	CCSP;0.885
266.00	267.25	CCSP;0.712
285.00	286.00	CCSP;0.607
292.75	295.50	CCSP;0.928
298.75	300.00	CCSP;0.813
3.00	7.50	CHSP;0.975
12.00	16.50	CHSP;0.975
20.75	25.25	CHSP;0.976
27.75	34.75	CHSP;0.969
40.00	46.25	CHSP;0.977
49.25	54.00	CHSP;0.975
59.00	63.00	CHSP;0.975
70.00	74.75	CHSP;0.969
78.25	84.50	CHSP;0.991
85.50	88.00	CHSP;0.968
88.50	95.75	CHSP;0.977
99.50	105.25	CHSP;0.976
109.50	114.75	CHSP;0.976
120.00	124.50	CHSP;0.975
126.25	129.50	CHSP;0.981
133.25	133.50	CHSP;0.704
134.25	138.50	CHSP;0.978
145.75	147.00	CHSP;0.775
156.75	160.50	CHSP;0.982
177.50	181.50	CHSP;0.970
200.00	201.50	CHSP;0.847
203.75	211.00	CHSP;0.974
213.25	220.00	CHSP;0.977
221.50	226.00	CHSP;0.969
227.50	228.25	CHSP;0.769
229.75	230.75	CHSP;0.753
234.00	236.25	CHSP;0.943
243.75	244.25	CHSP;0.703
251.25	252.00	CHSP;0.715
260.00	263.50	CHSP;0.967
267.00	270.75	CHSP;0.977
276.00	278.50	CHSP;0.933
282.50	285.25	CHSP;0.956
288.75	293.00	CHSP;0.940
295.50	296.50	CHSP;0.766
54.25	56.50	FOSP;0.838
71.00	72.75	FOSP;0.811
140.00	142.50	FOSP;0.834
150.50	152.50	FOSP;0.786
162.50	164.50	FOSP;0.816
172.50	174.50	FOSP;0.869
183.25	185.00	FOSP;0.766
192.50	195.00	FOSP;0.851
202.25	204.50	FOSP;0.823
32.00	33.50	MOCH;0.672
51.75	52.50	MOCH;0.567
220.00	221.50	SWSP;0.625
296.50	298.00	SWSP;0.768
216.75	218.00	VATH;0.636
25.00	26.50	WCSP;0.723
63.00	64.00	WCSP;0.703
76.00	78.50	WCSP;0.951
96.00	99.00	WCSP;0.892
108.50	109.50	WCSP;0.626
116.75	119.50	WCSP;0.884
153.00	157.00	WCSP;0.928
165.00	165.25	WCSP;0.533
165.50	171.00	WCSP;0.980
175.25	177.75	WCSP;0.989
182.50	185.75	WCSP;0.813
67.25	68.50	WTSP;0.877
74.00	77.50	WTSP;0.974
86.75	90.00	WTSP;0.914
104.50	108.50	WTSP;0.985
123.75	125.00	WTSP;0.818
129.25	132.50	WTSP;0.983
138.50	139.75	WTSP;0.745
159.50	161.50	WTSP;0.935
169.75	172.25	WTSP;0.943
177.75	178.00	WTSP;0.695
180.25	182.25	WTSP;0.805
188.00	191.50	WTSP;0.989
197.50	200.75	WTSP;0.984
207.75	208.50	WTSP;0.766
228.50	231.25	WTSP;0.925
244.50	248.00	WTSP;0.973
255.00	260.50	WTSP;0.964
273.50	276.25	WTSP;0.965
278.25	279.00	WTSP;0.745
286.00	288.00	WTSP;0.889
