145.75	147.00	AMRO;0.601
206.50	208.50	AMRO;0.762
221.50	224.50	AMRO;0.949
228.50	228.75	AMRO;0.520
236.00	238.25	AMRO;0.896
43.00	43.50	CHSW;0.527
56.25	57.50	CHSW;0.602
7.50	7.75	FOSP;0.512
32.50	34.00	FOSP;0.769
48.25	51.00	FOSP;0.761
64.50	66.75	FOSP;0.885
78.75	79.00	FOSP;0.514
166.25	167.00	FOSP;0.532
199.00	200.00	FOSP;0.669
218.50	219.25	FOSP;0.601
253.00	254.50	FOSP;0.751
263.25	265.25	FOSP;0.861
277.00	278.25	FOSP;0.595
31.25	32.25	GCSP;0.612
110.25	110.50	GCSP;0.514
296.75	297.50	GCSP;0.528
45.00	45.50	MOCH;0.547
239.50	240.25	SATH;0.557
199.75	200.25	SWSP;0.514
256.50	257.50	SWSP;0.671
271.50	272.25	SWSP;0.608
2.25	5.50	WCSP;0.972
10.75	13.50	WCSP;0.967
18.50	21.50	WCSP;0.972
26.25	29.50	WCSP;0.974
33.50	36.50	WCSP;0.973
40.00	42.50	WCSP;0.975
45.75	48.75	WCSP;0.967
50.00	55.75	WCSP;0.949
59.25	62.50	WCSP;0.981
66.75	70.00	WCSP;0.982
72.50	78.25	WCSP;0.986
81.25	87.00	WCSP;0.994
90.50	96.00	WCSP;0.968
97.50	100.00	WCSP;0.967
103.50	106.75	WCSP;0.968
110.00	114.25	WCSP;0.984
115.50	119.00	WCSP;0.974
122.50	125.50	WCSP;0.975
129.25	132.75	WCSP;0.968
136.00	139.50	WCSP;0.971
143.50	146.75	WCSP;0.964
151.00	154.00	WCSP;0.946
159.00	162.25	WCSP;0.970
168.50	171.50	WCSP;0.975
175.00	178.50	WCSP;0.982
183.00	186.50	WCSP;0.956
192.00	195.50	WCSP;0.971
201.50	204.50	WCSP;0.963
213.75	217.00	WCSP;0.960
224.25	227.50	WCSP;0.967
230.25	233.75	WCSP;0.939
241.75	245.25	WCSP;0.942
249.00	251.75	WCSP;0.963
258.25	261.25	WCSP;0.969
266.00	270.00	WCSP;0.966
274.75	277.50	WCSP;0.926
281.50	284.50	WCSP;0.959
289.00	292.50	WCSP;0.977
296.75	299.50	WCSP;0.934
5.00	6.00	WIWA;0.608
13.25	15.50	WIWA;0.829
24.00	24.75	WIWA;0.558
25.00	26.50	WIWA;0.612
57.25	59.00	WIWA;0.841
69.50	71.50	WIWA;0.791
77.50	80.00	WIWA;0.860
88.50	90.75	WIWA;0.815
113.25	115.00	WIWA;0.716
119.50	122.00	WIWA;0.852
142.25	144.00	WIWA;0.779
153.25	153.50	WIWA;0.514
157.50	159.75	WIWA;0.838
163.75	164.50	WIWA;0.615
167.00	168.50	WIWA;0.730
170.75	172.00	WIWA;0.625
177.50	179.50	WIWA;0.775
188.75	191.50	WIWA;0.943
200.50	202.00	WIWA;0.794
205.00	207.50	WIWA;0.907
219.00	220.00	WIWA;0.577
234.50	237.00	WIWA;0.791
246.50	249.50	WIWA;0.946
278.25	280.00	WIWA;0.657
292.25	294.75	WIWA;0.877
0.00	3.00	WTSP;0.901
7.75	11.00	WTSP;0.991
15.75	19.25	WTSP;0.987
22.50	26.50	WTSP;0.993
29.25	32.00	WTSP;0.980
36.00	40.00	WTSP;0.992
44.00	45.75	WTSP;0.905
52.00	53.50	WTSP;0.878
58.50	59.50	WTSP;0.783
66.50	66.75	WTSP;0.710
67.00	67.25	WTSP;0.744
72.00	73.25	WTSP;0.808
79.75	82.00	WTSP;0.928
87.00	91.00	WTSP;0.983
95.50	98.00	WTSP;0.935
101.00	104.25	WTSP;0.984
108.50	110.00	WTSP;0.906
111.00	111.75	WTSP;0.765
118.00	120.25	WTSP;0.918
124.50	127.75	WTSP;0.968
132.50	136.25	WTSP;0.988
140.00	144.00	WTSP;0.994
147.50	151.50	WTSP;0.992
155.00	159.25	WTSP;0.983
162.00	166.00	WTSP;0.988
171.50	174.50	WTSP;0.982
178.75	183.00	WTSP;0.979
186.00	189.50	WTSP;0.977
195.00	198.50	WTSP;0.987
203.50	206.50	WTSP;0.944
210.25	214.25	WTSP;0.938
219.50	221.75	WTSP;0.933
233.50	236.00	WTSP;0.971
240.00	242.50	WTSP;0.926
242.75	243.00	WTSP;0.709
248.50	249.25	WTSP;0.758
250.75	251.50	WTSP;0.772
260.50	263.50	WTSP;0.983
267.75	268.25	WTSP;0.697
273.00	276.50	WTSP;0.969
283.50	286.00	WTSP;0.927
295.00	297.00	WTSP;0.972
