174.50	176.00	AGOL;0.838
88.00	90.00	AMRO;0.756
104.25	105.25	AMRO;0.714
280.00	281.25	AMRO;0.782
334.00	337.00	AMRO;0.976
340.25	345.25	AMRO;0.980
345.50	348.50	AMRO;0.906
350.00	351.50	AMRO;0.767
355.50	359.50	AMRO;0.949
362.50	365.50	AMRO;0.944
385.00	386.50	AMRO;0.831
390.50	393.50	AMRO;0.960
400.00	404.50	AMRO;0.985
411.50	414.50	AMRO;0.965
420.50	420.75	AMRO;0.694
421.00	421.25	AMRO;0.717
434.50	437.50	AMRO;0.967
456.00	458.50	AMRO;0.953
460.00	463.25	AMRO;0.955
467.75	469.25	AMRO;0.841
469.75	474.00	AMRO;0.959
480.00	483.00	AMRO;0.939
486.00	489.25	AMRO;0.941
492.00	495.50	AMRO;0.984
504.50	508.00	AMRO;0.899
513.50	515.50	AMRO;0.901
522.50	526.25	AMRO;0.966
532.25	534.50	AMRO;0.848
537.00	541.00	AMRO;0.976
544.50	546.75	AMRO;0.888
553.25	554.75	AMRO;0.889
555.25	557.75	AMRO;0.810
568.75	574.50	AMRO;0.951
583.00	586.25	AMRO;0.935
599.25	599.50	AMRO;0.702
47.50	47.75	BRSP;0.509
84.00	86.50	BRSP;0.674
190.50	191.50	BRSP;0.608
263.00	263.50	BRSP;0.590
301.50	303.00	BRSP;0.673
502.00	503.50	BRSP;0.651
522.50	523.50	BRSP;0.579
26.00	26.50	CHSP;0.542
26.75	27.00	CHSP;0.505
27.25	27.75	CHSP;0.529
56.50	59.50	CHSP;0.749
68.25	69.25	CHSP;0.573
105.00	108.50	CHSP;0.906
118.50	121.50	CHSP;0.695
127.00	130.50	CHSP;0.773
148.75	150.25	CHSP;0.578
150.75	151.50	CHSP;0.546
215.75	217.00	CHSP;0.587
229.25	230.75	CHSP;0.621
263.25	263.50	CHSP;0.518
263.75	264.00	CHSP;0.500
301.00	302.00	CHSP;0.582
302.75	303.75	CHSP;0.552
359.25	369.75	CHSP;0.979
372.25	377.75	CHSP;0.951
379.25	380.00	CHSP;0.526
381.75	386.00	CHSP;0.879
393.25	395.25	CHSP;0.800
400.50	403.00	CHSP;0.778
431.00	432.00	CHSP;0.552
438.00	441.00	CHSP;0.756
479.25	482.00	CHSP;0.712
501.75	502.50	CHSP;0.543
520.50	522.75	CHSP;0.750
523.25	524.25	CHSP;0.589
541.50	543.75	CHSP;0.676
596.75	598.50	CHSP;0.692
252.00	252.25	DEJU;0.503
283.50	284.00	DEJU;0.574
96.50	97.25	FOSP;0.559
183.50	184.50	FOSP;0.600
223.25	225.75	FOSP;0.888
255.50	258.00	FOSP;0.886
274.50	276.75	FOSP;0.804
290.00	292.25	FOSP;0.770
307.50	309.75	FOSP;0.814
330.50	333.00	FOSP;0.777
351.50	353.75	FOSP;0.788
387.00	388.50	FOSP;0.650
405.50	407.50	FOSP;0.815
425.25	426.00	FOSP;0.603
441.75	443.50	FOSP;0.749
475.00	478.00	FOSP;0.898
496.50	499.00	FOSP;0.925
516.00	518.00	FOSP;0.752
529.50	532.00	FOSP;0.902
547.00	549.00	FOSP;0.765
549.25	549.50	FOSP;0.505
550.50	552.00	FOSP;0.628
562.50	564.50	FOSP;0.670
582.00	583.25	FOSP;0.564
376.75	377.50	GRCA;0.549
217.25	219.50	LISP;0.931
265.75	266.75	LISP;0.645
294.50	296.25	LISP;0.827
338.00	338.50	LISP;0.533
409.25	410.50	LISP;0.709
265.00	265.25	OCWA;0.512
73.50	75.25	PISI;0.804
162.75	164.00	PISI;0.768
165.50	175.00	PISI;0.986
175.50	181.00	PISI;0.981
271.75	274.00	PISI;0.979
277.00	284.25	PISI;0.984
296.25	300.00	PISI;0.975
549.50	550.00	PISI;0.745
553.75	562.25	PISI;0.983
564.75	582.00	PISI;0.979
583.75	596.50	PISI;0.988
60.50	62.25	RUGR;0.815
598.00	598.25	SATH;0.503
220.00	220.75	SNBU;0.671
288.50	289.50	SNBU;0.635
536.00	537.75	SWSP;0.645
395.25	396.25	TOSO;0.601
552.50	553.25	TOSO;0.584
565.00	565.50	TOSO;0.551
433.50	434.00	WAVI;0.534
