31.00	31.75	BCCH;0.578
81.25	82.25	BCCH;0.614
133.00	133.25	BCCH;0.511
0.00	1.00	HETH;0.777
4.00	6.50	HETH;0.928
8.25	11.25	HETH;0.941
12.25	15.50	HETH;0.971
17.50	20.50	HETH;0.979
23.00	25.50	HETH;0.962
26.75	29.50	HETH;0.971
31.50	33.75	HETH;0.938
35.75	39.50	HETH;0.991
41.50	44.50	HETH;0.936
46.00	48.50	HETH;0.938
50.50	53.50	HETH;0.973
54.75	57.75	HETH;0.933
58.75	61.75	HETH;0.971
63.50	66.50	HETH;0.977
68.25	71.00	HETH;0.986
73.00	74.75	HETH;0.965
76.50	79.25	HETH;0.984
82.00	84.00	HETH;0.937
85.75	89.25	HETH;0.985
90.50	93.50	HETH;0.963
94.75	97.25	HETH;0.926
99.00	102.50	HETH;0.972
104.00	107.00	HETH;0.955
108.00	111.25	HETH;0.977
113.00	116.50	HETH;0.994
118.25	120.50	HETH;0.928
122.75	125.25	HETH;0.930
126.50	129.50	HETH;0.977
133.00	135.75	HETH;0.938
137.50	140.00	HETH;0.943
141.75	144.50	HETH;0.952
145.50	148.25	HETH;0.979
150.00	156.00	HETH;0.980
157.50	160.00	HETH;0.978
162.25	165.00	HETH;0.959
167.00	170.00	HETH;0.956
171.25	172.75	HETH;0.843
176.50	183.50	HETH;0.989
185.00	187.75	HETH;0.972
189.00	192.50	HETH;0.987
195.00	196.50	HETH;0.784
200.00	203.00	HETH;0.976
204.50	207.50	HETH;0.984
209.00	211.25	HETH;0.935
213.50	216.75	HETH;0.984
218.75	221.75	HETH;0.978
223.00	225.50	HETH;0.960
226.75	229.75	HETH;0.989
231.25	234.50	HETH;0.964
236.50	239.00	HETH;0.958
241.25	244.00	HETH;0.973
250.00	252.00	HETH;0.839
255.50	257.50	HETH;0.932
259.50	262.00	HETH;0.942
265.00	267.00	HETH;0.950
270.00	273.00	HETH;0.977
275.50	277.50	HETH;0.939
281.25	283.00	HETH;0.932
288.00	290.25	HETH;0.906
291.00	294.50	HETH;0.951
295.25	296.75	HETH;0.838
171.00	171.25	MOCH;0.563
194.75	195.75	MOCH;0.602
222.00	223.00	MOCH;0.618
275.00	275.25	MOCH;0.509
245.75	246.75	RUTU;0.669
11.00	12.00	SWSP;0.648
131.50	132.50	WCSP;0.580
247.75	250.00	WCSP;0.885
257.25	260.00	WCSP;0.909
267.00	269.75	WCSP;0.914
278.00	280.50	WCSP;0.811
286.25	288.50	WCSP;0.915
296.25	298.75	WCSP;0.937
292.50	295.50	WIWA;0.922
116.00	117.50	WTSP;0.703
253.25	256.00	WTSP;0.964
282.75	286.25	WTSP;0.952
