199.50	200.25	BCCH;0.622
179.50	180.50	BRSP;0.599
228.50	229.25	BRSP;0.552
229.75	230.00	BRSP;0.509
292.75	293.50	BRSP;0.587
41.00	42.25	CHSP;0.541
58.00	58.75	CHSP;0.570
67.00	70.50	CHSP;0.945
75.75	78.75	CHSP;0.965
83.25	86.00	CHSP;0.920
91.00	93.50	CHSP;0.898
97.75	100.50	CHSP;0.741
110.50	113.25	CHSP;0.748
119.00	122.00	CHSP;0.867
126.50	129.50	CHSP;0.832
135.25	137.50	CHSP;0.851
144.50	147.50	CHSP;0.943
151.50	151.75	CHSP;0.532
166.50	169.50	CHSP;0.868
188.00	189.50	CHSP;0.667
194.25	197.50	CHSP;0.927
203.00	205.25	CHSP;0.901
210.50	214.00	CHSP;0.902
220.00	222.50	CHSP;0.834
222.75	223.00	CHSP;0.512
238.00	241.00	CHSP;0.865
246.50	248.75	CHSP;0.848
255.50	258.50	CHSP;0.843
48.00	49.50	DEJU;0.626
75.25	76.25	DEJU;0.600
93.50	94.50	DEJU;0.561
56.00	56.50	FISP;0.540
36.50	37.00	GCSP;0.524
60.75	62.50	HASP;0.665
6.75	8.00	LISP;0.682
74.50	75.75	LISP;0.658
217.25	219.50	LISP;0.949
248.50	249.50	LISP;0.588
280.50	281.50	LISP;0.607
295.75	297.50	LISP;0.732
79.75	81.00	MOCH;0.631
81.25	81.50	MOCH;0.506
128.00	128.50	MOCH;0.513
233.75	234.00	MOCH;0.561
234.25	234.50	MOCH;0.557
12.00	13.25	SOSP;0.609
176.00	176.50	VESP;0.589
9.50	9.75	WCSP;0.507
21.25	22.25	WCSP;0.739
23.00	25.25	WCSP;0.783
26.25	30.00	WCSP;0.931
152.50	153.75	WCSP;0.644
162.50	163.75	WCSP;0.699
204.75	207.50	WCSP;0.903
284.25	284.50	WCSP;0.541
0.00	7.00	WTSP;0.993
8.00	12.25	WTSP;0.974
13.50	20.00	WTSP;0.982
27.00	28.75	WTSP;0.796
30.50	34.50	WTSP;0.987
37.00	40.50	WTSP;0.981
45.50	49.00	WTSP;0.942
56.50	59.50	WTSP;0.979
64.00	66.25	WTSP;0.952
70.50	73.50	WTSP;0.951
78.25	88.50	WTSP;0.977
94.25	97.50	WTSP;0.986
100.00	103.50	WTSP;0.977
104.75	108.00	WTSP;0.978
111.75	115.75	WTSP;0.988
121.50	125.50	WTSP;0.990
127.50	127.75	WTSP;0.694
130.25	135.50	WTSP;0.992
138.75	140.50	WTSP;0.830
148.00	149.50	WTSP;0.774
154.50	157.50	WTSP;0.976
159.50	166.50	WTSP;0.987
172.25	179.75	WTSP;0.993
181.00	189.50	WTSP;0.988
191.00	195.00	WTSP;0.978
196.00	198.75	WTSP;0.953
200.25	204.00	WTSP;0.987
207.00	211.25	WTSP;0.985
213.50	217.00	WTSP;0.988
219.75	223.00	WTSP;0.981
224.50	234.50	WTSP;0.989
239.75	241.25	WTSP;0.840
250.75	253.50	WTSP;0.960
263.50	265.25	WTSP;0.841
273.00	274.00	WTSP;0.706
293.25	295.00	WTSP;0.781
70.75	72.50	YRWA;0.832
102.00	104.50	YRWA;0.929
129.00	130.50	YRWA;0.775
142.00	145.00	YRWA;0.958
153.50	154.25	YRWA;0.572
171.75	172.50	YRWA;0.626
235.50	237.00	YRWA;0.645
252.50	254.50	YRWA;0.807
266.50	269.00	YRWA;0.931
290.75	292.00	YRWA;0.686
