0.50	5.00	AMRO;0.848
5.50	6.25	AMRO;0.538
8.00	13.50	AMRO;0.883
15.75	19.00	AMRO;0.860
20.50	27.50	AMRO;0.889
28.50	29.50	AMRO;0.576
31.50	36.50	AMRO;0.816
40.00	40.25	AMRO;0.539
43.00	43.25	AMRO;0.536
43.75	46.25	AMRO;0.708
48.75	58.25	AMRO;0.953
62.00	65.25	AMRO;0.725
67.50	69.50	AMRO;0.702
76.25	79.00	AMRO;0.838
85.75	86.50	AMRO;0.601
87.25	87.50	AMRO;0.503
89.00	90.00	AMRO;0.673
96.00	98.00	AMRO;0.715
99.50	100.50	AMRO;0.616
101.25	106.00	AMRO;0.766
108.75	112.00	AMRO;0.736
112.50	118.75	AMRO;0.944
121.00	122.25	AMRO;0.702
125.50	128.50	AMRO;0.933
138.25	139.75	AMRO;0.633
144.00	146.50	AMRO;0.926
149.75	154.50	AMRO;0.915
159.00	160.00	AMRO;0.592
164.25	167.00	AMRO;0.835
170.00	170.75	AMRO;0.581
172.50	173.00	AMRO;0.610
178.50	181.25	AMRO;0.804
185.00	187.50	AMRO;0.684
79.50	81.50	BAOR;0.887
28.25	32.00	CHSP;0.938
56.75	57.75	CHSP;0.716
118.50	120.00	CHSP;0.697
123.50	125.50	CHSP;0.883
139.25	141.00	CHSP;0.669
155.25	157.00	CHSP;0.687
183.00	185.25	CHSP;0.750
223.50	226.25	CHSP;0.926
228.50	230.50	CHSP;0.802
241.00	243.00	CHSP;0.712
246.75	250.25	CHSP;0.946
256.25	259.00	CHSP;0.941
275.00	278.00	CHSP;0.935
282.50	284.75	CHSP;0.872
291.00	293.50	CHSP;0.900
298.00	300.00	CHSP;0.799
98.25	98.75	EATO;0.522
14.75	15.50	GWTE;0.593
33.00	33.50	GWTE;0.532
89.25	90.50	GWTE;0.694
173.50	173.75	GWTE;0.524
206.25	206.50	LISP;0.530
219.25	220.00	LISP;0.564
243.50	244.50	LISP;0.568
268.25	270.00	LISP;0.790
281.00	282.50	LISP;0.853
294.00	295.25	LISP;0.680
295.25	297.00	OCWA;0.694
136.25	136.50	SATH;0.521
107.50	107.75	SWSP;0.526
250.50	252.50	SWSP;0.715
86.00	87.25	TOSO;0.749
216.50	217.00	WCSP;0.570
153.50	155.00	WTSP;0.847
160.00	164.50	WTSP;0.984
177.75	181.00	WTSP;0.956
187.50	190.25	WTSP;0.978
195.25	198.75	WTSP;0.973
203.00	206.00	WTSP;0.975
211.25	214.50	WTSP;0.972
220.50	223.25	WTSP;0.974
229.75	233.25	WTSP;0.978
237.50	241.25	WTSP;0.984
253.00	254.25	WTSP;0.705
262.00	266.00	WTSP;0.982
272.50	275.50	WTSP;0.966
285.25	287.00	WTSP;0.777
289.25	290.50	WTSP;0.742
