14.00	16.00	AMRO;0.787
463.00	465.00	AMRO;0.860
94.00	95.00	BCCH;0.541
323.00	323.50	CCSP;0.538
367.75	369.00	CCSP;0.605
51.25	51.50	CHSP;0.697
112.00	116.50	CHSP;0.972
216.75	219.00	CHSP;0.862
243.00	245.75	CHSP;0.957
261.00	263.00	CHSP;0.881
275.00	277.00	CHSP;0.864
281.50	285.00	CHSP;0.979
295.00	298.00	CHSP;0.970
358.00	362.00	CHSP;0.934
372.75	377.00	CHSP;0.957
471.25	476.00	CHSP;0.972
487.00	490.75	CHSP;0.962
500.50	504.00	CHSP;0.971
506.00	510.00	CHSP;0.973
516.00	520.00	CHSP;0.970
526.75	529.50	CHSP;0.966
538.00	541.50	CHSP;0.932
550.25	554.00	CHSP;0.967
561.00	564.50	CHSP;0.962
571.50	574.50	CHSP;0.943
584.00	587.00	CHSP;0.945
592.00	596.00	CHSP;0.965
298.00	298.50	EATO;0.563
5.50	8.50	FOSP;0.915
18.00	21.00	FOSP;0.886
246.00	249.00	FOSP;0.859
258.25	261.00	FOSP;0.836
272.25	275.00	FOSP;0.876
285.00	287.50	FOSP;0.867
228.00	229.00	HASP;0.620
504.50	504.75	HASP;0.514
505.00	506.00	HASP;0.587
506.25	506.75	HASP;0.573
10.00	12.00	LISP;0.710
110.50	111.25	LISP;0.582
254.00	255.50	LISP;0.673
301.75	304.00	LISP;0.803
309.50	311.25	LISP;0.743
316.75	317.75	LISP;0.631
384.00	385.50	LISP;0.810
455.50	457.25	LISP;0.789
469.50	470.50	LISP;0.660
483.00	484.00	LISP;0.621
495.75	497.50	LISP;0.808
509.25	510.75	LISP;0.782
521.75	523.25	LISP;0.739
535.25	537.00	LISP;0.763
581.75	582.25	LISP;0.534
596.50	598.25	LISP;0.836
67.00	68.50	MOCH;0.730
151.00	152.25	MOCH;0.669
164.50	165.50	MOCH;0.657
252.25	253.50	MOCH;0.694
277.00	279.50	MOCH;0.882
419.50	421.50	MOCH;0.640
425.00	426.50	MOCH;0.672
542.50	543.75	MOCH;0.696
588.00	590.00	PISI;0.759
562.00	563.75	REDP;0.807
198.75	199.50	SAND;0.600
457.75	458.50	SNBU;0.601
311.00	311.50	TOSO;0.583
60.00	60.25	VATH;0.508
85.75	86.25	VATH;0.597
215.50	218.00	VATH;0.961
241.50	242.50	VATH;0.636
251.25	251.75	VATH;0.568
263.25	265.00	VATH;0.866
269.50	271.75	VATH;0.926
300.50	301.25	VATH;0.595
312.75	313.25	VATH;0.526
320.50	321.25	VATH;0.614
354.00	354.75	VATH;0.597
367.50	368.50	VATH;0.651
374.50	377.00	VATH;0.946
381.75	382.75	VATH;0.660
394.50	397.50	VATH;0.901
436.00	438.00	VATH;0.843
490.50	491.75	VATH;0.689
504.75	507.25	VATH;0.754
523.75	525.50	VATH;0.763
532.25	532.50	VATH;0.509
538.00	539.00	VATH;0.599
553.00	555.50	VATH;0.841
568.00	569.00	VATH;0.574
583.25	584.50	VATH;0.732
590.75	593.00	VATH;0.785
221.50	224.25	WTSP;0.925
304.00	304.75	WTSP;0.613
325.50	326.00	WTSP;0.522
559.00	561.00	WTSP;0.854
