160.00	160.75	CHSP;0.602
244.25	245.00	CHSP;0.578
214.00	216.50	CHSW;0.804
241.75	244.00	CHSW;0.798
250.50	252.00	CHSW;0.658
259.50	261.00	CHSW;0.627
276.50	277.00	CHSW;0.552
247.50	247.75	DUNL;0.510
202.75	203.00	FISP;0.532
141.50	144.00	MOCH;0.927
201.00	201.25	MOCH;0.502
222.00	223.00	MOCH;0.619
268.00	268.75	MOCH;0.664
279.50	282.00	MOCH;0.843
231.50	233.25	RUTU;0.788
11.75	12.00	SNBU;0.556
249.25	249.75	VATH;0.552
3.50	3.75	WCSP;0.502
4.00	4.75	WCSP;0.591
222.50	225.00	WIWA;0.884
268.00	268.25	WIWA;0.501
14.00	16.00	WTSP;0.772
126.00	127.50	WTSP;0.618
147.50	151.00	WTSP;0.866
222.00	223.50	WTSP;0.678
234.00	234.75	WTSP;0.546
256.50	258.00	WTSP;0.660
268.75	271.00	WTSP;0.785
