6.25	8.50	AMRO;0.810
16.00	18.00	AMRO;0.683
69.75	71.75	AMRO;0.833
75.50	77.00	AMRO;0.649
92.25	92.50	AMRO;0.512
135.00	137.50	AMRO;0.916
244.00	244.75	AMRO;0.572
288.50	289.50	AMRO;0.573
205.00	205.25	BRSP;0.597
223.25	223.50	BRSP;0.521
13.50	15.50	CHSP;0.943
17.50	18.25	CHSP;0.735
29.50	33.00	CHSP;0.914
42.25	46.50	CHSP;0.939
49.75	54.00	CHSP;0.971
57.75	61.00	CHSP;0.950
85.00	89.25	CHSP;0.966
102.50	107.00	CHSP;0.918
115.75	120.00	CHSP;0.980
132.75	137.00	CHSP;0.966
149.50	152.50	CHSP;0.926
164.75	168.75	CHSP;0.978
178.75	183.25	CHSP;0.977
193.50	198.00	CHSP;0.978
201.25	203.00	CHSP;0.862
203.75	207.25	CHSP;0.959
212.00	217.25	CHSP;0.964
221.50	225.25	CHSP;0.868
232.75	237.50	CHSP;0.973
245.25	249.25	CHSP;0.953
255.50	258.75	CHSP;0.914
264.50	268.75	CHSP;0.958
276.25	280.50	CHSP;0.962
285.75	289.75	CHSP;0.976
298.25	300.00	CHSP;0.816
87.25	89.00	EAME;0.743
3.00	5.50	FOSP;0.900
11.00	12.75	FOSP;0.757
29.75	30.25	FOSP;0.549
31.00	31.25	FOSP;0.505
33.25	36.00	FOSP;0.895
58.25	60.00	FOSP;0.780
65.75	68.50	FOSP;0.890
80.75	83.75	FOSP;0.899
97.00	99.50	FOSP;0.916
112.50	115.25	FOSP;0.864
125.25	128.00	FOSP;0.952
139.75	140.75	FOSP;0.567
141.00	144.50	FOSP;0.903
156.75	159.75	FOSP;0.946
162.00	163.75	FOSP;0.847
174.00	177.00	FOSP;0.934
178.00	178.25	FOSP;0.513
178.50	178.75	FOSP;0.505
179.00	179.25	FOSP;0.546
188.75	191.50	FOSP;0.952
193.75	194.00	FOSP;0.500
206.25	209.50	FOSP;0.973
218.00	220.50	FOSP;0.925
224.25	227.25	FOSP;0.944
232.50	233.50	FOSP;0.609
240.50	243.25	FOSP;0.837
246.00	247.50	FOSP;0.729
259.00	261.50	FOSP;0.855
273.50	278.00	FOSP;0.854
290.25	291.50	FOSP;0.650
294.00	296.50	FOSP;0.924
24.50	26.50	LISP;0.793
39.00	41.50	LISP;0.935
53.50	56.50	LISP;0.876
69.00	70.00	LISP;0.617
95.25	97.00	LISP;0.894
109.00	110.75	LISP;0.768
121.50	124.00	LISP;0.908
150.50	151.25	LISP;0.549
164.25	165.00	LISP;0.521
228.50	231.50	LISP;0.920
269.75	272.50	LISP;0.935
283.75	286.00	LISP;0.910
238.00	239.00	MOCH;0.661
19.25	25.25	PISI;0.971
26.75	30.00	PISI;0.988
131.50	132.75	PISI;0.771
141.00	141.25	PISI;0.712
145.00	146.75	PISI;0.823
248.25	256.00	PISI;0.983
296.75	298.75	PISI;0.963
177.75	178.25	PUFI;0.524
178.50	179.00	PUFI;0.570
232.00	232.75	PUFI;0.611
120.50	121.50	REVI;0.613
108.75	109.50	ROWR;0.661
2.00	2.50	RUGR;0.532
192.75	193.25	SNBU;0.545
118.50	120.50	TOSO;0.847
49.75	50.50	WEME;0.536
160.25	161.00	WTSP;0.562
171.25	173.25	WTSP;0.777
238.00	239.00	WTSP;0.574
42.25	43.25	YRWA;0.645
128.00	130.25	YRWA;0.789
151.50	152.50	YRWA;0.592
172.00	174.50	YRWA;0.959
