192.50	195.50	AMRO;0.761
213.75	214.50	AMRO;0.624
216.00	218.00	AMRO;0.770
218.75	220.50	AMRO;0.764
230.50	232.00	AMRO;0.630
25.00	26.00	ATSP;0.641
267.25	267.75	ATSP;0.578
76.50	78.00	BCCH;0.794
218.00	218.25	BFAL;0.510
109.25	109.75	BRSP;0.555
158.75	159.00	BRSP;0.500
6.75	8.25	CHSP;0.777
27.50	35.00	CHSP;0.981
35.50	42.75	CHSP;0.980
44.75	62.25	CHSP;0.991
65.00	65.25	CHSP;0.695
81.00	82.00	CHSP;0.797
82.75	85.50	CHSP;0.828
89.00	93.50	CHSP;0.898
97.00	97.75	CHSP;0.751
98.00	100.50	CHSP;0.800
102.25	108.00	CHSP;0.862
110.00	120.00	CHSP;0.962
121.00	123.50	CHSP;0.746
124.50	139.50	CHSP;0.977
141.50	145.25	CHSP;0.950
146.25	152.00	CHSP;0.978
153.50	157.00	CHSP;0.969
159.00	162.25	CHSP;0.944
164.25	190.25	CHSP;0.983
192.00	194.50	CHSP;0.833
197.00	200.00	CHSP;0.842
203.00	204.00	CHSP;0.723
208.50	210.50	CHSP;0.825
213.25	216.50	CHSP;0.804
218.25	220.75	CHSP;0.849
227.00	231.25	CHSP;0.973
240.00	243.25	CHSP;0.956
245.50	249.25	CHSP;0.863
249.50	252.00	CHSP;0.843
258.00	259.00	CHSP;0.741
264.00	266.00	CHSP;0.812
268.00	273.50	CHSP;0.987
93.25	93.50	DEJU;0.518
95.50	96.00	DEJU;0.555
131.00	133.50	FOSP;0.763
232.50	234.00	FOSP;0.706
243.50	246.00	FOSP;0.768
254.75	257.00	FOSP;0.850
276.50	279.25	FOSP;0.910
290.00	292.50	FOSP;0.897
187.00	187.75	GWTE;0.589
204.50	204.75	GWTE;0.511
220.25	221.00	GWTE;0.587
287.50	288.75	HASP;0.762
297.50	299.00	HASP;0.803
35.75	36.25	PROW;0.546
160.50	161.25	PROW;0.523
5.75	7.50	SNBU;0.851
232.50	232.75	SNBU;0.535
199.25	200.50	TOSO;0.718
205.00	205.75	TOSO;0.682
140.00	140.75	WCSP;0.577
157.00	157.75	WCSP;0.554
282.50	284.00	WCSP;0.706
296.00	297.25	WCSP;0.619
79.25	80.00	WEWA;0.599
98.00	98.50	WEWA;0.572
107.00	107.25	WEWA;0.516
121.00	121.50	WEWA;0.528
122.00	122.50	WEWA;0.571
122.75	123.00	WEWA;0.530
145.75	146.50	WEWA;0.648
202.25	203.50	WEWA;0.638
203.75	204.00	WEWA;0.544
224.75	225.00	WEWA;0.533
235.00	236.25	WEWA;0.638
259.00	259.50	WEWA;0.609
263.50	264.25	WEWA;0.567
0.00	2.50	WTSP;0.815
3.50	5.75	WTSP;0.876
8.00	12.25	WTSP;0.985
21.25	26.00	WTSP;0.990
26.50	28.50	WTSP;0.833
98.00	99.50	WTSP;0.817
210.00	213.00	WTSP;0.968
221.00	224.00	WTSP;0.967
235.50	240.00	WTSP;0.983
252.75	253.75	WTSP;0.789
264.75	267.25	WTSP;0.923
279.00	283.00	WTSP;0.989
288.50	289.75	WTSP;0.872
293.00	296.00	WTSP;0.982
