74.00	77.00	AMRO;0.984
2.25	4.00	FOSP;0.821
18.50	19.75	FOSP;0.675
33.25	34.25	FOSP;0.555
46.50	49.00	FOSP;0.883
68.00	69.50	FOSP;0.645
79.00	81.25	FOSP;0.855
81.50	81.75	FOSP;0.520
89.25	89.50	FOSP;0.502
89.75	90.00	FOSP;0.517
92.25	94.50	FOSP;0.895
108.50	110.25	FOSP;0.741
125.75	126.00	FOSP;0.527
133.25	135.50	FOSP;0.872
141.75	144.00	FOSP;0.698
157.50	159.00	FOSP;0.707
171.50	173.00	FOSP;0.713
183.25	185.75	FOSP;0.862
189.50	191.50	FOSP;0.616
198.25	200.50	FOSP;0.900
211.50	213.00	FOSP;0.800
219.50	221.00	FOSP;0.616
224.75	227.00	FOSP;0.878
240.50	242.00	FOSP;0.693
254.50	256.50	FOSP;0.755
282.25	284.50	FOSP;0.910
294.00	296.00	FOSP;0.867
211.00	211.75	HETH;0.609
242.75	243.00	REVI;0.530
67.50	68.50	SNBU;0.662
88.00	89.00	SNBU;0.642
165.50	167.00	SNBU;0.800
247.75	249.25	SNBU;0.675
147.75	149.00	SOSA;0.708
193.00	194.50	SOSA;0.748
16.75	17.50	VATH;0.626
61.00	62.50	VATH;0.597
102.50	103.50	VATH;0.615
115.25	116.00	VATH;0.589
161.50	163.50	VATH;0.937
175.00	176.50	VATH;0.783
191.50	193.50	VATH;0.909
196.00	197.50	VATH;0.774
205.75	209.00	VATH;0.887
209.25	210.00	VATH;0.649
237.00	239.50	VATH;0.854
265.25	267.25	VATH;0.807
271.50	273.50	VATH;0.827
62.50	64.00	WCSP;0.747
81.25	81.50	WCSP;0.519
233.25	234.50	WCSP;0.661
244.00	246.25	WCSP;0.654
217.50	218.00	WTSP;0.551
