147.25	148.00	AMRO;0.574
154.00	155.50	AMRO;0.802
251.25	251.75	BAOR;0.523
36.25	36.75	BRSP;0.521
86.50	87.50	BRSP;0.562
180.50	180.75	FISP;0.521
309.50	310.00	FISP;0.538
486.50	487.25	FISP;0.616
529.00	531.00	FISP;0.899
240.00	240.50	FOSP;0.554
240.75	241.00	FOSP;0.518
573.50	573.75	FOSP;0.528
585.00	588.00	FOSP;0.937
190.00	190.25	GCSP;0.549
527.50	528.75	HETH;0.743
344.00	344.25	HOWR;0.509
302.25	302.50	LASP;0.525
26.25	27.25	LISP;0.616
49.50	50.25	LISP;0.536
64.00	65.25	LISP;0.643
88.75	91.00	LISP;0.869
101.25	102.25	LISP;0.621
123.25	125.25	LISP;0.918
133.50	133.75	LISP;0.507
150.50	151.50	LISP;0.573
162.00	163.75	LISP;0.742
173.50	175.00	LISP;0.825
184.00	186.00	LISP;0.859
197.25	197.50	LISP;0.506
197.75	198.00	LISP;0.540
231.50	232.00	LISP;0.559
232.25	232.50	LISP;0.521
243.00	243.75	LISP;0.706
253.50	255.50	LISP;0.858
289.00	290.75	LISP;0.762
314.25	316.00	LISP;0.750
329.50	329.75	MOCH;0.525
330.00	330.25	MOCH;0.576
336.50	337.25	MOCH;0.550
357.75	359.00	MOCH;0.667
371.50	372.25	MOCH;0.632
403.00	403.25	MOCH;0.504
457.50	457.75	MOCH;0.508
458.00	458.25	MOCH;0.584
466.00	466.75	MOCH;0.544
515.00	516.00	MOCH;0.600
482.75	483.00	OSFL;0.555
472.00	473.25	PISI;0.754
581.00	582.50	SNBU;0.879
12.50	13.50	SWSP;0.640
113.25	114.25	SWSP;0.620
210.00	211.50	SWSP;0.657
281.75	282.50	TOSO;0.584
2.50	5.50	WCSP;0.986
8.50	11.75	WCSP;0.976
13.25	14.50	WCSP;0.795
16.00	19.50	WCSP;0.965
22.75	26.00	WCSP;0.973
27.50	30.25	WCSP;0.947
31.25	37.25	WCSP;0.980
39.50	46.00	WCSP;0.962
54.25	57.75	WCSP;0.921
61.50	64.00	WCSP;0.966
65.50	71.25	WCSP;0.972
73.50	82.50	WCSP;0.977
90.75	92.50	WCSP;0.917
103.50	106.00	WCSP;0.942
114.50	116.75	WCSP;0.867
128.50	131.00	WCSP;0.936
147.50	150.50	WCSP;0.952
165.50	167.75	WCSP;0.923
177.00	179.50	WCSP;0.863
190.25	194.00	WCSP;0.954
200.75	210.25	WCSP;0.983
212.00	215.75	WCSP;0.964
216.50	222.00	WCSP;0.979
225.00	231.50	WCSP;0.974
234.00	237.00	WCSP;0.918
239.25	242.00	WCSP;0.907
242.25	243.25	WCSP;0.729
243.75	250.25	WCSP;0.959
251.50	253.50	WCSP;0.853
256.00	270.50	WCSP;0.975
279.25	282.00	WCSP;0.918
283.00	285.75	WCSP;0.970
291.25	294.50	WCSP;0.979
338.00	340.00	WCSP;0.887
345.00	347.25	WCSP;0.930
351.00	354.00	WCSP;0.956
360.00	363.50	WCSP;0.969
365.50	368.25	WCSP;0.851
386.75	387.75	WCSP;0.722
389.50	393.00	WCSP;0.971
435.00	438.50	WCSP;0.960
442.75	445.50	WCSP;0.963
451.50	454.50	WCSP;0.969
460.00	461.75	WCSP;0.924
467.25	470.50	WCSP;0.923
476.00	478.50	WCSP;0.940
502.25	505.00	WCSP;0.936
511.00	514.25	WCSP;0.972
520.00	523.25	WCSP;0.973
533.50	536.75	WCSP;0.970
544.75	547.50	WCSP;0.951
556.75	559.75	WCSP;0.972
572.00	574.50	WCSP;0.896
29.75	31.50	WIWA;0.779
57.50	59.25	WIWA;0.733
134.50	136.00	WIWA;0.727
144.50	146.00	WIWA;0.658
167.00	170.00	WIWA;0.921
198.75	201.00	WIWA;0.843
311.25	312.00	WIWA;0.518
330.00	332.00	WIWA;0.748
340.50	342.00	WIWA;0.681
0.00	2.50	WTSP;0.885
12.00	13.50	WTSP;0.820
22.50	23.00	WTSP;0.735
38.00	40.25	WTSP;0.890
46.50	48.25	WTSP;0.870
52.00	56.50	WTSP;0.959
59.50	62.50	WTSP;0.934
71.00	74.00	WTSP;0.943
82.50	85.50	WTSP;0.974
97.75	101.00	WTSP;0.980
103.25	104.00	WTSP;0.711
108.00	109.25	WTSP;0.791
115.50	116.75	WTSP;0.818
120.50	123.25	WTSP;0.973
126.00	129.00	WTSP;0.950
139.00	142.50	WTSP;0.978
154.75	159.75	WTSP;0.986
169.00	173.00	WTSP;0.983
187.50	190.50	WTSP;0.957
193.00	196.25	WTSP;0.956
221.25	223.25	WTSP;0.919
258.50	260.25	WTSP;0.753
274.00	279.25	WTSP;0.994
285.50	288.50	WTSP;0.971
297.00	301.50	WTSP;0.988
303.25	306.50	WTSP;0.908
308.00	309.75	WTSP;0.840
317.25	318.00	WTSP;0.732
320.50	324.75	WTSP;0.986
330.00	332.00	WTSP;0.870
332.50	337.00	WTSP;0.989
347.25	351.50	WTSP;0.982
358.25	360.50	WTSP;0.939
368.75	372.00	WTSP;0.985
378.00	385.75	WTSP;0.979
403.00	409.50	WTSP;0.988
418.00	420.50	WTSP;0.976
423.00	427.50	WTSP;0.988
431.00	433.00	WTSP;0.792
439.50	443.00	WTSP;0.990
458.00	460.50	WTSP;0.929
460.75	464.25	WTSP;0.986
469.50	471.00	WTSP;0.793
474.00	476.50	WTSP;0.968
486.50	487.75	WTSP;0.786
499.00	502.75	WTSP;0.991
516.50	517.50	WTSP;0.759
523.00	524.25	WTSP;0.782
530.75	531.50	WTSP;0.749
543.00	545.00	WTSP;0.876
551.50	555.25	WTSP;0.983
567.00	571.25	WTSP;0.980
588.50	592.25	WTSP;0.986
