0.50	2.00	AMRO;0.773
5.00	7.25	AMRO;0.931
14.50	15.50	AMRO;0.799
23.00	26.75	AMRO;0.972
31.00	34.75	AMRO;0.986
38.00	44.25	AMRO;0.976
49.50	53.00	AMRO;0.953
57.50	61.00	AMRO;0.983
66.75	70.00	AMRO;0.935
74.50	78.00	AMRO;0.976
82.50	85.50	AMRO;0.963
89.75	94.25	AMRO;0.983
101.75	106.75	AMRO;0.972
109.50	115.75	AMRO;0.982
120.00	120.25	AMRO;0.704
120.50	123.75	AMRO;0.980
127.75	133.50	AMRO;0.968
137.50	140.75	AMRO;0.979
144.50	147.00	AMRO;0.954
149.00	152.00	AMRO;0.938
155.75	159.75	AMRO;0.984
160.50	163.00	AMRO;0.959
167.75	171.50	AMRO;0.889
174.25	181.75	AMRO;0.985
186.75	191.50	AMRO;0.984
199.50	206.00	AMRO;0.969
214.00	218.75	AMRO;0.974
224.50	227.75	AMRO;0.990
233.50	240.25	AMRO;0.975
246.25	251.50	AMRO;0.980
261.50	267.00	AMRO;0.951
281.75	286.50	AMRO;0.904
289.75	294.75	AMRO;0.950
299.50	303.25	AMRO;0.967
307.00	311.00	AMRO;0.991
314.50	317.00	AMRO;0.839
321.50	324.00	AMRO;0.935
325.50	328.25	AMRO;0.963
333.25	334.25	AMRO;0.793
347.75	353.00	AMRO;0.963
358.00	362.50	AMRO;0.977
365.00	368.25	AMRO;0.963
372.50	375.25	AMRO;0.983
379.50	385.50	AMRO;0.965
391.50	393.00	AMRO;0.838
402.50	406.00	AMRO;0.948
414.50	418.25	AMRO;0.986
422.50	427.00	AMRO;0.971
429.50	432.75	AMRO;0.980
504.50	509.00	AMRO;0.961
517.00	525.75	AMRO;0.988
530.50	535.50	AMRO;0.989
539.00	542.50	AMRO;0.985
551.50	555.50	AMRO;0.968
560.25	564.00	AMRO;0.986
571.25	575.75	AMRO;0.983
584.00	591.50	AMRO;0.990
70.50	71.25	BAOR;0.584
453.00	453.25	BCCH;0.515
46.25	46.75	BHVI;0.519
172.00	173.00	BHVI;0.534
244.00	244.50	BHVI;0.559
48.25	49.50	BLJA;0.670
580.00	581.75	BRSP;0.709
390.25	391.25	CHSP;0.603
391.50	392.00	CHSP;0.551
4.00	5.75	CHSW;0.694
101.75	103.25	CHSW;0.688
252.00	253.25	CHSW;0.748
259.25	259.50	CHSW;0.506
277.50	278.25	CHSW;0.546
293.25	294.50	CHSW;0.642
427.50	428.25	CHSW;0.597
501.50	502.00	CHSW;0.555
67.50	67.75	EATO;0.503
36.25	37.75	FOSP;0.749
167.00	167.75	FOSP;0.587
168.25	168.75	FOSP;0.546
190.00	191.25	FOSP;0.650
224.00	224.25	FOSP;0.516
267.50	269.50	FOSP;0.659
279.50	281.50	FOSP;0.783
318.00	320.00	FOSP;0.860
376.25	377.75	FOSP;0.641
8.00	9.00	GCSP;0.637
286.75	287.00	GRCA;0.520
292.50	292.75	GWTE;0.536
293.00	293.25	GWTE;0.536
564.00	564.25	GWTE;0.534
2.50	4.00	HADU;0.573
99.50	100.00	HADU;0.542
126.00	126.50	HETH;0.519
210.75	215.00	HETH;0.940
462.50	464.50	HETH;0.786
474.75	477.50	HETH;0.909
483.50	483.75	HETH;0.567
484.00	485.75	HETH;0.895
489.50	491.00	HETH;0.774
491.25	491.50	HETH;0.564
493.50	494.25	HETH;0.546
502.25	504.75	HETH;0.977
507.00	507.75	HETH;0.714
511.00	513.50	HETH;0.937
514.50	517.00	HETH;0.980
524.50	527.25	HETH;0.920
528.50	530.75	HETH;0.908
538.00	539.50	HETH;0.813
549.50	552.25	HETH;0.892
553.50	556.00	HETH;0.873
558.00	560.00	HETH;0.742
566.50	571.50	HETH;0.962
575.50	578.00	HETH;0.925
370.75	371.25	LASP;0.547
298.00	298.50	LISP;0.521
359.25	360.00	LISP;0.604
483.75	485.00	MOCH;0.708
557.75	558.50	MOCH;0.599
575.00	575.25	MOCH;0.524
575.50	575.75	MOCH;0.517
412.00	413.50	OCWA;0.666
437.50	438.25	OCWA;0.545
133.00	133.50	PISI;0.717
135.50	136.50	PISI;0.796
140.50	152.75	PISI;0.983
154.75	157.00	PISI;0.961
334.00	342.00	PISI;0.989
379.00	381.50	PISI;0.951
384.75	388.00	PISI;0.981
394.00	400.50	PISI;0.986
462.50	470.75	PISI;0.993
392.25	394.00	PIWA;0.626
367.50	368.50	REVI;0.594
405.75	406.25	REVI;0.517
556.25	557.00	REVI;0.583
0.00	2.00	RUGR;0.871
8.75	9.25	RUGR;0.506
284.00	285.00	RUGR;0.740
596.00	597.00	RUGR;0.747
117.75	120.25	SOSP;0.838
123.75	126.00	SOSP;0.889
127.00	132.50	SOSP;0.939
133.00	135.50	SOSP;0.874
162.25	164.50	SOSP;0.817
166.25	167.25	SOSP;0.575
169.00	171.00	SOSP;0.815
182.00	184.00	SOSP;0.766
201.50	203.75	SOSP;0.878
207.00	209.25	SOSP;0.930
217.25	220.50	SOSP;0.961
223.00	224.50	SOSP;0.673
224.75	225.00	SOSP;0.538
229.00	233.50	SOSP;0.835
235.75	238.25	SOSP;0.908
242.00	242.25	SOSP;0.555
242.50	242.75	SOSP;0.547
30.50	31.00	SWSP;0.521
91.25	91.75	SWSP;0.561
203.75	204.50	SWSP;0.634
209.00	210.50	SWSP;0.679
221.25	222.00	SWSP;0.587
241.75	243.50	SWSP;0.801
294.75	295.50	SWSP;0.559
419.00	419.25	SWSP;0.519
419.50	420.75	SWSP;0.665
436.50	437.00	SWSP;0.577
461.00	461.75	SWSP;0.536
597.50	599.00	SWSP;0.669
107.50	107.75	TEWA;0.531
270.50	272.25	TEWA;0.592
282.00	284.25	TEWA;0.839
300.25	302.75	TEWA;0.897
305.50	307.00	TEWA;0.623
312.50	314.25	TEWA;0.674
349.00	352.25	TEWA;0.903
355.75	358.00	TEWA;0.830
363.00	365.50	TEWA;0.936
369.00	371.50	TEWA;0.906
408.00	411.25	TEWA;0.933
428.50	430.00	TEWA;0.827
433.75	436.25	TEWA;0.872
446.00	449.25	TEWA;0.887
452.25	455.25	TEWA;0.918
473.00	476.00	TEWA;0.914
479.25	482.75	TEWA;0.927
494.50	495.75	TEWA;0.702
546.00	546.25	TEWA;0.531
572.00	572.75	TEWA;0.603
577.50	579.00	TEWA;0.833
94.00	95.25	TOSO;0.743
333.50	335.00	TOSO;0.766
0.50	2.25	WCSP;0.662
25.00	27.00	WCSP;0.727
35.00	36.50	WCSP;0.814
53.50	54.00	WCSP;0.535
64.75	66.75	WCSP;0.890
77.75	80.00	WCSP;0.848
125.75	127.25	WCSP;0.697
197.00	198.00	WIWR;0.626
165.00	166.00	WTSP;0.565
185.75	188.00	WTSP;0.647
238.50	241.00	WTSP;0.840
285.75	288.00	WTSP;0.774
