258.50	259.50	AMRO;0.629
283.00	284.25	AMRO;0.602
290.25	292.50	AMRO;0.694
295.50	296.25	AMRO;0.563
300.25	301.25	AMRO;0.637
303.50	306.00	AMRO;0.866
314.00	317.50	AMRO;0.863
320.50	322.25	AMRO;0.746
326.50	328.75	AMRO;0.896
332.00	333.00	AMRO;0.644
347.00	348.75	AMRO;0.794
372.00	372.25	AMRO;0.545
379.00	379.25	AMRO;0.525
388.25	389.50	AMRO;0.618
398.00	400.00	AMRO;0.627
407.75	409.00	AMRO;0.811
421.00	421.50	AMRO;0.542
428.00	430.50	AMRO;0.826
437.75	441.00	AMRO;0.807
453.50	455.75	AMRO;0.860
460.00	460.25	AMRO;0.512
460.75	461.00	AMRO;0.564
437.00	437.25	BRSP;0.585
450.00	451.00	BRSP;0.675
494.00	494.75	BRSP;0.558
535.25	535.50	BRSP;0.537
535.75	536.50	BRSP;0.583
595.25	596.50	BRSP;0.743
7.75	10.50	CHSP;0.838
16.25	20.00	CHSP;0.917
25.00	28.50	CHSP;0.876
32.50	36.25	CHSP;0.889
39.00	39.75	CHSP;0.603
41.25	44.00	CHSP;0.649
48.50	53.75	CHSP;0.864
61.00	62.25	CHSP;0.568
75.75	78.50	CHSP;0.746
85.25	88.25	CHSP;0.919
95.00	96.75	CHSP;0.584
103.25	105.50	CHSP;0.857
121.75	125.00	CHSP;0.874
130.50	134.50	CHSP;0.877
140.00	143.25	CHSP;0.825
149.50	152.50	CHSP;0.848
159.75	162.00	CHSP;0.796
176.25	179.25	CHSP;0.905
187.00	189.00	CHSP;0.739
194.25	198.25	CHSP;0.919
204.00	207.25	CHSP;0.901
213.75	217.50	CHSP;0.912
224.00	227.00	CHSP;0.887
233.00	235.75	CHSP;0.864
259.00	261.25	CHSP;0.814
268.25	271.25	CHSP;0.876
278.50	280.50	CHSP;0.699
294.00	296.50	CHSP;0.870
338.75	339.50	CHSP;0.532
389.00	390.25	CHSP;0.653
413.00	413.50	CHSP;0.506
422.00	424.00	CHSP;0.782
430.50	433.00	CHSP;0.928
443.25	446.00	CHSP;0.823
471.75	474.50	CHSP;0.892
478.75	479.00	CHSP;0.518
487.75	489.00	CHSP;0.690
519.00	520.50	CHSP;0.738
524.50	525.75	CHSP;0.698
540.75	543.75	CHSP;0.948
544.50	547.00	CHSP;0.751
570.50	572.50	CHSP;0.763
585.50	588.00	CHSP;0.898
462.75	463.50	DEJU;0.551
83.50	84.25	FISP;0.582
256.50	257.00	FISP;0.520
426.50	428.00	FISP;0.861
0.25	1.75	FOSP;0.604
9.50	11.25	FOSP;0.818
20.00	22.00	FOSP;0.866
67.00	68.25	FOSP;0.722
68.50	69.00	FOSP;0.519
69.25	70.25	FOSP;0.608
76.75	78.75	FOSP;0.754
89.00	91.75	FOSP;0.900
98.50	101.25	FOSP;0.859
108.50	110.00	FOSP;0.800
118.00	119.25	FOSP;0.745
126.50	129.50	FOSP;0.918
136.50	139.50	FOSP;0.851
142.25	143.25	FOSP;0.593
146.75	149.00	FOSP;0.839
157.25	159.50	FOSP;0.840
164.75	165.50	FOSP;0.564
168.25	171.00	FOSP;0.916
174.25	175.75	FOSP;0.710
178.75	181.00	FOSP;0.827
185.00	187.50	FOSP;0.861
191.00	193.50	FOSP;0.840
199.50	202.00	FOSP;0.858
202.50	203.50	FOSP;0.604
209.25	211.00	FOSP;0.851
217.75	221.25	FOSP;0.880
229.25	231.25	FOSP;0.820
240.50	242.50	FOSP;0.764
251.50	252.75	FOSP;0.631
262.00	263.00	FOSP;0.667
273.25	274.00	FOSP;0.567
285.75	286.50	FOSP;0.546
297.25	298.25	FOSP;0.638
306.50	308.75	FOSP;0.835
317.00	318.75	FOSP;0.768
329.75	330.75	FOSP;0.736
341.75	342.50	FOSP;0.590
363.25	363.75	FOSP;0.565
385.00	386.00	FOSP;0.631
395.00	396.75	FOSP;0.842
405.50	406.25	FOSP;0.553
432.50	436.50	FOSP;0.765
446.25	448.00	FOSP;0.750
517.00	518.00	FOSP;0.592
525.00	526.00	FOSP;0.620
546.50	548.50	FOSP;0.671
583.00	585.00	FOSP;0.728
592.75	594.25	FOSP;0.765
412.00	413.00	GCSP;0.643
275.75	276.00	GRCA;0.528
93.50	93.75	HASP;0.519
418.25	418.75	LALO;0.507
64.75	65.50	LISP;0.625
350.50	353.25	LISP;0.932
373.25	375.25	LISP;0.902
397.50	399.50	LISP;0.853
409.75	411.75	LISP;0.826
440.75	442.50	LISP;0.759
465.25	467.00	LISP;0.644
499.50	502.25	LISP;0.935
286.25	286.75	OROR;0.556
96.00	96.25	PUFI;0.550
323.75	325.50	RBGR;0.822
449.00	449.50	RBGR;0.532
154.50	155.50	SNBU;0.765
184.00	184.75	SNBU;0.629
283.25	283.50	SUTA;0.503
37.00	37.25	SWSP;0.509
37.50	38.00	SWSP;0.533
523.00	524.50	SWSP;0.698
23.00	24.50	VATH;0.817
71.25	72.25	VATH;0.757
144.00	146.00	VATH;0.828
160.50	163.50	VATH;0.892
168.00	168.25	VATH;0.561
335.75	336.00	WATA;0.501
523.75	524.00	WATA;0.534
44.75	45.50	WCSP;0.698
59.00	60.50	WCSP;0.806
257.25	258.25	WCSP;0.645
304.25	306.00	WCSP;0.816
319.00	321.00	WCSP;0.816
344.50	346.50	WCSP;0.817
361.00	362.75	WCSP;0.823
365.50	368.00	WCSP;0.835
372.00	372.25	WCSP;0.533
376.25	379.00	WCSP;0.814
392.00	394.25	WCSP;0.818
399.75	401.75	WCSP;0.858
408.25	410.00	WCSP;0.809
428.25	430.25	WCSP;0.876
448.00	450.25	WCSP;0.844
453.75	454.25	WCSP;0.528
467.50	469.00	WCSP;0.688
474.50	477.00	WCSP;0.958
480.25	481.00	WCSP;0.576
484.25	487.50	WCSP;0.948
504.50	509.50	WCSP;0.919
513.75	515.00	WCSP;0.722
547.75	548.00	WCSP;0.510
551.00	553.00	WCSP;0.806
557.50	560.50	WCSP;0.925
566.00	568.50	WCSP;0.817
574.00	576.50	WCSP;0.885
581.50	583.50	WCSP;0.805
590.50	592.50	WCSP;0.819
598.25	600.00	WCSP;0.905
37.25	37.50	WIWA;0.520
92.00	94.50	WIWA;0.839
105.00	108.00	WIWA;0.945
112.50	116.00	WIWA;0.958
27.75	28.75	WTSP;0.767
72.75	74.50	WTSP;0.894
80.25	83.50	WTSP;0.951
231.00	239.00	WTSP;0.989
242.75	246.50	WTSP;0.963
247.00	247.25	WTSP;0.718
247.50	251.25	WTSP;0.929
253.25	257.00	WTSP;0.991
264.00	268.00	WTSP;0.978
271.00	273.00	WTSP;0.942
275.50	279.25	WTSP;0.973
280.50	283.00	WTSP;0.948
287.25	291.00	WTSP;0.959
292.50	294.50	WTSP;0.891
298.75	303.75	WTSP;0.976
310.00	315.50	WTSP;0.985
321.00	323.50	WTSP;0.923
332.75	339.75	WTSP;0.969
343.50	345.50	WTSP;0.923
346.75	350.00	WTSP;0.890
356.25	360.25	WTSP;0.988
365.00	366.25	WTSP;0.814
368.25	371.50	WTSP;0.970
378.75	383.50	WTSP;0.987
390.25	392.75	WTSP;0.952
401.50	405.00	WTSP;0.994
407.00	408.50	WTSP;0.809
412.25	416.50	WTSP;0.993
420.25	427.25	WTSP;0.963
438.00	440.50	WTSP;0.936
451.50	454.25	WTSP;0.942
455.00	456.25	WTSP;0.763
457.00	458.50	WTSP;0.799
464.00	465.00	WTSP;0.763
467.00	468.50	WTSP;0.844
468.75	472.25	WTSP;0.988
476.50	485.00	WTSP;0.983
487.00	493.50	WTSP;0.987
501.25	504.75	WTSP;0.968
510.50	516.25	WTSP;0.986
520.50	523.75	WTSP;0.960
527.00	530.00	WTSP;0.979
531.50	535.00	WTSP;0.982
536.75	541.25	WTSP;0.987
542.00	546.00	WTSP;0.968
548.00	552.25	WTSP;0.986
554.75	558.00	WTSP;0.976
562.00	570.00	WTSP;0.993
576.00	582.00	WTSP;0.994
587.00	592.00	WTSP;0.993
596.25	598.50	WTSP;0.953
