20.25	21.75	AMPI;0.635
99.75	100.50	BCCH;0.566
105.00	106.50	BRSP;0.839
108.50	110.25	BRSP;0.888
170.25	172.00	CHSP;0.731
291.00	293.00	CHSP;0.791
173.50	174.50	EAME;0.654
14.75	15.00	EAWP;0.516
34.25	35.25	EAWP;0.625
39.00	39.50	EAWP;0.582
40.00	41.75	EAWP;0.620
46.25	47.25	EAWP;0.670
67.25	68.25	EAWP;0.630
83.50	85.50	EAWP;0.815
93.50	93.75	EAWP;0.502
94.75	96.50	EAWP;0.684
96.75	97.50	EAWP;0.618
109.50	111.00	EAWP;0.652
0.25	1.00	FOSP;0.529
16.00	18.25	FOSP;0.932
30.50	33.00	FOSP;0.816
42.50	45.50	FOSP;0.895
57.75	60.50	FOSP;0.859
77.00	79.50	FOSP;0.825
103.00	103.25	FOSP;0.544
118.50	120.00	FOSP;0.604
122.00	124.75	FOSP;0.837
132.00	133.75	FOSP;0.776
138.75	140.50	FOSP;0.655
151.00	154.25	FOSP;0.897
162.00	164.00	FOSP;0.755
167.00	168.00	FOSP;0.661
182.25	183.75	FOSP;0.734
193.25	195.00	FOSP;0.853
11.00	12.50	LARB;0.722
90.75	91.00	LESA;0.512
225.50	227.00	MOCH;0.730
281.25	281.50	MOCH;0.503
3.50	5.00	PISI;0.615
216.50	217.50	RUBL;0.644
114.50	114.75	SNBU;0.590
117.50	117.75	SNBU;0.513
118.00	118.25	SNBU;0.523
154.00	154.75	SNBU;0.560
167.00	168.50	SNBU;0.719
204.00	205.50	SNBU;0.756
191.00	192.50	SWSP;0.718
199.50	202.00	SWSP;0.907
230.75	232.50	SWSP;0.786
164.25	164.50	VESP;0.536
144.50	145.50	WCSP;0.699
135.00	137.75	WTSP;0.906
155.25	158.50	WTSP;0.953
184.50	184.75	WTSP;0.524
185.00	187.00	WTSP;0.755
250.50	252.50	WTSP;0.800
260.25	262.00	WTSP;0.771
262.25	262.50	WTSP;0.519
281.00	281.75	WTSP;0.521
294.50	297.00	WTSP;0.857
54.75	57.00	YRWA;0.885
93.50	95.00	YRWA;0.742
172.00	174.50	YRWA;0.933
197.00	198.50	YRWA;0.708
211.00	214.00	YRWA;0.917
