46.75	47.50	AMRO;0.609
70.75	71.50	AMRO;0.588
202.50	202.75	AMRO;0.514
229.50	233.50	AMRO;0.894
238.50	241.00	AMRO;0.921
254.50	257.00	AMRO;0.938
270.50	271.50	AMWO;0.537
246.00	246.50	BHCO;0.541
233.75	235.75	FISP;0.825
279.50	280.50	FISP;0.602
280.75	281.00	FISP;0.508
133.75	134.50	HETH;0.547
192.00	192.50	HETH;0.521
44.50	45.25	MOCH;0.593
71.00	72.50	MOCH;0.569
82.00	83.50	MOCH;0.657
116.50	116.75	MOCH;0.504
151.00	152.00	MOCH;0.583
170.50	172.25	MOCH;0.661
214.00	214.50	MOCH;0.546
263.00	265.25	MOCH;0.963
72.25	74.00	SBDO;0.775
100.50	102.75	SBDO;0.862
108.00	109.75	SBDO;0.635
168.00	170.00	SBDO;0.773
230.00	230.75	SBDO;0.622
66.25	67.50	SNBU;0.608
84.50	86.50	SNBU;0.857
236.00	236.75	SNBU;0.580
45.75	47.00	WCSP;0.574
73.00	74.00	WCSP;0.559
83.50	84.75	WCSP;0.697
198.50	200.25	WCSP;0.840
249.50	250.50	WCSP;0.640
