101.00	101.50	ATSP;0.573
200.00	200.25	BLJA;0.527
200.50	200.75	BLJA;0.544
116.75	118.50	CCSP;0.569
119.25	119.50	CCSP;0.502
241.75	242.25	CCSP;0.510
198.50	199.25	FISP;0.531
153.50	153.75	HAFL;0.531
154.00	155.75	HAFL;0.762
164.75	167.00	HETH;0.884
185.50	188.25	HETH;0.887
190.25	192.75	HETH;0.915
194.00	195.75	HETH;0.769
200.75	201.00	HETH;0.508
203.75	206.00	HETH;0.867
209.75	210.75	HETH;0.679
184.50	185.00	PFSH;0.523
1.00	1.75	PROW;0.569
82.75	83.50	SPTO;0.546
50.00	52.00	VATH;0.636
59.00	62.25	VATH;0.917
83.00	83.25	VATH;0.527
86.50	89.50	VATH;0.945
128.00	131.00	VATH;0.936
215.25	219.00	VATH;0.942
240.00	241.25	VATH;0.625
259.00	262.00	VATH;0.933
14.75	16.50	WCSP;0.806
19.00	23.00	WCSP;0.854
24.50	28.50	WCSP;0.935
30.50	32.50	WCSP;0.798
37.50	45.50	WCSP;0.929
62.50	63.50	WCSP;0.671
66.00	67.50	WCSP;0.696
70.25	71.25	WCSP;0.600
76.00	78.00	WCSP;0.880
80.50	81.00	WCSP;0.540
85.25	86.75	WCSP;0.820
93.00	93.50	WCSP;0.532
93.75	96.50	WCSP;0.798
98.25	100.50	WCSP;0.825
101.50	102.25	WCSP;0.597
111.50	114.50	WCSP;0.835
167.75	168.75	WCSP;0.645
188.25	190.00	WCSP;0.794
