6.00	9.75	AMRO;0.889
10.00	10.50	AMRO;0.526
17.25	19.50	AMRO;0.824
34.75	39.00	AMRO;0.901
63.00	64.50	AMRO;0.785
72.00	75.75	AMRO;0.777
124.50	125.75	AMRO;0.706
134.50	136.25	AMRO;0.681
145.00	146.25	AMRO;0.704
154.75	155.00	AMRO;0.513
164.50	166.50	AMRO;0.778
171.00	173.75	AMRO;0.740
192.25	193.50	AMRO;0.651
221.00	222.75	AMRO;0.765
248.00	251.75	AMRO;0.822
271.50	272.00	AMRO;0.541
282.50	285.00	AMRO;0.792
102.50	103.00	BAOR;0.541
235.00	235.75	BAOR;0.545
142.50	143.25	FISP;0.573
14.50	16.25	FOSP;0.643
24.50	25.00	FOSP;0.577
25.50	26.25	FOSP;0.580
28.50	29.75	FOSP;0.743
42.50	43.50	FOSP;0.575
54.00	56.00	FOSP;0.815
70.00	72.00	FOSP;0.785
81.00	82.75	FOSP;0.778
97.00	97.50	FOSP;0.603
108.00	109.25	FOSP;0.605
137.00	138.25	FOSP;0.569
150.75	153.00	FOSP;0.790
159.25	160.25	FOSP;0.566
161.00	161.25	FOSP;0.555
166.75	168.75	FOSP;0.877
169.00	171.00	FOSP;0.725
178.75	179.50	FOSP;0.621
181.00	182.50	FOSP;0.706
195.00	197.25	FOSP;0.646
204.00	205.50	FOSP;0.583
209.75	210.25	FOSP;0.555
213.75	214.75	FOSP;0.607
224.25	227.50	FOSP;0.787
227.75	228.00	FOSP;0.537
243.00	243.25	FOSP;0.515
253.00	253.50	FOSP;0.519
256.00	257.25	FOSP;0.712
274.50	275.50	FOSP;0.602
44.00	45.50	GCSP;0.732
79.25	79.50	GCSP;0.527
92.00	93.50	GCSP;0.791
106.00	107.50	GCSP;0.749
118.50	120.00	GCSP;0.797
147.25	147.75	GCSP;0.516
299.00	299.25	HETH;0.521
61.00	61.25	LALO;0.501
8.50	9.00	LISP;0.512
28.00	28.25	MOCH;0.524
208.00	209.75	RBGR;0.807
153.75	154.25	REVI;0.545
188.00	189.25	TOSO;0.760
287.00	287.50	VESP;0.524
23.00	25.50	WCSP;0.820
32.75	33.75	WCSP;0.620
40.50	41.75	WCSP;0.666
50.50	52.00	WCSP;0.668
58.75	60.50	WCSP;0.784
77.50	79.50	WCSP;0.828
89.75	90.50	WCSP;0.584
103.50	106.00	WCSP;0.855
112.75	113.50	WCSP;0.588
121.00	122.50	WCSP;0.820
133.25	133.50	WCSP;0.550
139.00	139.50	WCSP;0.540
139.75	140.00	WCSP;0.513
148.00	150.50	WCSP;0.891
153.00	153.50	WCSP;0.595
155.50	158.25	WCSP;0.915
164.50	166.00	WCSP;0.672
173.50	176.00	WCSP;0.930
179.00	180.00	WCSP;0.635
183.50	188.00	WCSP;0.866
193.75	195.00	WCSP;0.717
201.00	204.25	WCSP;0.914
211.50	212.75	WCSP;0.701
219.50	222.00	WCSP;0.847
229.50	229.75	WCSP;0.507
230.00	231.00	WCSP;0.601
239.00	239.25	WCSP;0.501
249.25	250.50	WCSP;0.753
253.50	253.75	WCSP;0.502
258.50	260.50	WCSP;0.807
275.00	276.50	WCSP;0.750
281.25	283.50	WCSP;0.945
288.25	290.25	WCSP;0.824
295.00	297.50	WCSP;0.935
3.00	7.50	WTSP;0.986
10.00	14.50	WTSP;0.989
19.00	24.00	WTSP;0.994
26.50	28.00	WTSP;0.866
29.75	33.25	WTSP;0.986
35.00	40.00	WTSP;0.991
46.00	50.50	WTSP;0.990
55.50	60.00	WTSP;0.991
64.25	68.50	WTSP;0.986
73.75	78.00	WTSP;0.980
79.75	80.50	WTSP;0.717
83.00	89.00	WTSP;0.995
91.00	92.50	WTSP;0.835
97.50	103.50	WTSP;0.990
109.75	117.25	WTSP;0.988
119.50	121.50	WTSP;0.929
124.50	132.75	WTSP;0.982
139.00	143.00	WTSP;0.988
154.75	155.75	WTSP;0.759
163.00	164.75	WTSP;0.871
176.25	178.25	WTSP;0.930
188.50	191.50	WTSP;0.968
192.00	193.75	WTSP;0.918
198.75	200.00	WTSP;0.740
206.50	208.25	WTSP;0.927
218.00	218.25	WTSP;0.705
218.50	219.75	WTSP;0.795
221.25	223.75	WTSP;0.893
228.75	231.00	WTSP;0.842
235.50	239.50	WTSP;0.941
242.50	245.50	WTSP;0.842
246.25	249.50	WTSP;0.968
250.50	252.50	WTSP;0.919
253.75	256.00	WTSP;0.980
258.50	258.75	WTSP;0.695
260.50	263.00	WTSP;0.877
263.50	267.50	WTSP;0.972
267.75	273.00	WTSP;0.993
276.50	281.50	WTSP;0.988
288.00	288.25	WTSP;0.707
288.50	288.75	WTSP;0.701
290.00	294.75	WTSP;0.982
297.25	299.25	WTSP;0.980
