242.00	242.25	AMAV;0.553
2.00	2.75	AMRO;0.544
7.75	8.00	AMRO;0.503
13.50	15.00	AMRO;0.634
30.75	32.00	AMRO;0.694
85.00	87.50	AMRO;0.857
143.50	145.50	AMRO;0.797
145.75	146.00	AMRO;0.512
161.00	161.50	AMRO;0.559
174.50	175.50	AMRO;0.647
181.25	181.50	AMRO;0.500
181.75	182.50	AMRO;0.525
188.25	190.50	AMRO;0.921
194.00	194.25	AMRO;0.520
194.50	197.50	AMRO;0.919
225.00	226.50	AMRO;0.779
232.00	233.00	AMRO;0.598
235.50	236.25	AMRO;0.621
244.75	246.00	AMRO;0.565
265.50	266.50	AMRO;0.638
273.50	277.25	AMRO;0.948
285.50	288.50	AMRO;0.934
299.25	300.00	AMRO;0.576
10.00	12.50	CHSP;0.706
40.25	40.50	CHSP;0.524
48.00	48.25	CHSP;0.516
86.50	87.75	CHSP;0.636
97.00	97.50	CHSP;0.515
97.75	98.00	CHSP;0.505
103.25	105.50	CHSP;0.833
113.25	116.00	CHSP;0.835
132.75	133.00	CHSP;0.507
151.50	153.75	CHSP;0.800
162.00	162.75	CHSP;0.522
180.00	182.00	CHSP;0.696
192.00	192.25	CHSP;0.528
202.75	204.25	CHSP;0.699
214.00	215.25	CHSP;0.619
234.75	237.50	CHSP;0.883
243.00	246.50	CHSP;0.937
252.00	252.25	CHSP;0.515
262.00	263.75	CHSP;0.660
270.75	274.50	CHSP;0.853
287.50	292.25	CHSP;0.939
258.25	258.50	CLSW;0.500
223.50	224.25	DEJU;0.547
298.50	300.00	DEJU;0.694
0.75	1.00	FOSP;0.501
34.00	36.75	FOSP;0.871
53.50	55.00	FOSP;0.760
73.00	75.75	FOSP;0.903
89.00	91.75	FOSP;0.934
105.00	105.25	FOSP;0.552
106.00	108.50	FOSP;0.955
122.75	125.00	FOSP;0.763
139.00	141.75	FOSP;0.945
154.00	156.75	FOSP;0.914
165.50	165.75	FOSP;0.504
167.75	169.75	FOSP;0.825
171.00	173.50	FOSP;0.945
185.00	187.25	FOSP;0.647
200.25	202.50	FOSP;0.902
210.25	212.75	FOSP;0.922
228.75	231.75	FOSP;0.831
247.50	250.00	FOSP;0.891
259.50	261.50	FOSP;0.729
20.75	21.25	GRCA;0.553
197.25	197.50	GWTE;0.526
118.25	118.50	HETH;0.542
218.00	218.50	KILL;0.555
219.00	219.25	KILL;0.524
187.00	188.00	LASP;0.626
3.50	6.50	LISP;0.921
16.00	19.00	LISP;0.951
29.25	31.50	LISP;0.910
42.50	44.50	LISP;0.879
78.50	81.50	LISP;0.911
94.50	96.00	LISP;0.816
109.00	110.50	LISP;0.789
143.00	144.50	LISP;0.858
158.00	160.50	LISP;0.889
198.50	200.00	LISP;0.675
226.00	228.00	LISP;0.905
239.50	241.50	LISP;0.786
253.50	255.00	LISP;0.789
267.50	269.25	LISP;0.795
295.00	298.00	LISP;0.963
193.00	193.25	OCWA;0.509
23.25	26.25	PISI;0.974
26.50	29.75	PISI;0.958
31.50	33.25	PISI;0.933
36.75	39.75	PISI;0.982
41.75	43.00	PISI;0.875
44.75	53.75	PISI;0.990
55.50	66.00	PISI;0.990
67.25	69.50	PISI;0.969
77.00	77.25	PISI;0.703
109.25	112.50	PISI;0.972
115.25	122.00	PISI;0.974
125.50	126.50	PISI;0.841
128.75	138.50	PISI;0.974
144.50	146.50	PISI;0.874
147.25	147.75	PISI;0.717
149.50	152.00	PISI;0.984
182.25	183.25	PISI;0.711
188.25	189.75	PISI;0.805
194.50	195.00	PISI;0.728
197.75	198.50	PISI;0.766
204.00	206.75	PISI;0.949
220.00	222.25	PISI;0.923
232.00	234.50	PISI;0.980
175.00	175.50	REVI;0.554
152.00	152.25	RUGR;0.501
96.50	97.00	TOSO;0.591
13.00	15.25	WCSP;0.861
44.00	45.00	WCSP;0.611
66.25	67.75	WCSP;0.837
126.50	128.50	WCSP;0.935
183.50	184.25	YRWA;0.589
222.25	223.25	YRWA;0.614
