136.00	137.50	AMDI;0.704
149.00	149.75	AMDI;0.599
13.00	13.50	BRSP;0.524
113.50	114.00	BRSP;0.566
123.75	124.00	BRSP;0.506
209.00	210.00	BRSP;0.620
241.50	242.75	BRSP;0.682
252.50	253.25	BRSP;0.516
258.00	259.25	BRSP;0.578
269.00	269.50	BRSP;0.537
281.25	283.00	BRSP;0.820
298.00	300.00	BRSP;0.772
14.00	14.75	CCSP;0.607
24.50	26.00	CCSP;0.614
31.50	33.00	CCSP;0.569
63.50	63.75	CCSP;0.510
64.00	64.25	CCSP;0.526
98.00	98.25	CCSP;0.534
105.25	107.50	CCSP;0.703
119.50	121.75	CCSP;0.748
167.00	167.50	CCSP;0.520
168.75	169.00	CCSP;0.521
190.50	191.25	CCSP;0.593
198.00	200.50	CCSP;0.635
208.75	209.50	CCSP;0.591
214.00	214.75	CCSP;0.540
229.50	231.50	CCSP;0.659
237.50	237.75	CCSP;0.501
238.00	238.50	CCSP;0.544
245.00	247.75	CCSP;0.703
259.25	262.00	CCSP;0.706
276.00	277.25	CCSP;0.610
284.00	284.50	CCSP;0.563
297.50	298.00	CCSP;0.521
42.50	44.50	CHSP;0.853
92.50	95.50	CHSP;0.883
101.50	102.25	CHSP;0.590
108.50	111.00	CHSP;0.908
139.00	140.00	CHSP;0.576
217.25	217.50	CHSP;0.516
224.00	225.75	CHSP;0.759
125.00	126.50	DEJU;0.679
256.00	256.25	DEJU;0.519
274.00	274.25	DEJU;0.513
52.25	53.50	FOSP;0.632
83.75	85.50	FOSP;0.769
114.75	116.75	FOSP;0.804
133.00	134.50	FOSP;0.668
153.25	154.75	FOSP;0.657
170.00	171.50	FOSP;0.653
194.75	196.50	FOSP;0.785
7.75	10.00	GCSP;0.918
23.00	24.50	GCSP;0.663
45.00	47.00	GCSP;0.867
58.25	60.50	GCSP;0.965
65.75	67.25	GCSP;0.664
76.50	78.75	GCSP;0.940
89.25	91.50	GCSP;0.883
102.00	103.75	GCSP;0.765
117.00	118.75	GCSP;0.787
134.00	135.75	GCSP;0.708
146.00	148.25	GCSP;0.885
159.75	161.50	GCSP;0.723
175.50	178.50	GCSP;0.949
206.00	208.00	GCSP;0.828
220.50	222.75	GCSP;0.907
234.50	236.50	GCSP;0.952
249.00	251.50	GCSP;0.861
263.00	266.00	GCSP;0.925
277.75	280.25	GCSP;0.933
291.75	293.75	GCSP;0.847
54.50	55.25	LISP;0.561
85.25	86.00	LISP;0.581
100.50	101.50	LISP;0.677
137.25	138.00	LISP;0.605
170.75	171.00	SNBU;0.515
289.75	290.50	SNBU;0.608
228.50	229.00	WATA;0.566
0.50	1.75	WCSP;0.615
12.50	13.00	WCSP;0.542
19.50	22.00	WCSP;0.912
28.50	30.50	WCSP;0.881
38.50	39.75	WCSP;0.698
47.50	48.50	WCSP;0.595
79.00	80.00	WCSP;0.662
86.50	87.50	WCSP;0.685
103.75	105.00	WCSP;0.667
108.50	108.75	WCSP;0.505
113.00	113.25	WCSP;0.549
115.00	115.25	WCSP;0.520
122.00	123.75	WCSP;0.817
140.25	142.50	WCSP;0.866
150.00	152.00	WCSP;0.775
173.25	175.25	WCSP;0.801
181.00	182.50	WCSP;0.602
184.00	185.00	WCSP;0.554
201.00	204.00	WCSP;0.779
211.50	213.50	WCSP;0.868
215.50	216.50	WCSP;0.684
240.00	240.50	WCSP;0.540
270.25	271.75	WCSP;0.701
288.25	288.75	WCSP;0.576
10.25	12.00	WTSP;0.775
37.50	38.25	WTSP;0.550
56.25	58.25	WTSP;0.762
