68.75	69.00	BCCH;0.518
17.00	18.50	FISP;0.663
25.25	25.50	FISP;0.542
25.75	26.00	FISP;0.529
284.50	286.25	FISP;0.756
116.00	117.75	FOSP;0.880
157.50	158.00	FOSP;0.584
197.00	198.75	FOSP;0.845
194.50	195.50	HASP;0.612
124.00	124.50	MOCH;0.522
74.00	75.25	PISI;0.683
182.75	184.50	SNBU;0.737
238.50	240.00	SWSP;0.754
273.75	275.25	WATA;0.621
159.00	163.75	WTSP;0.983
178.50	182.75	WTSP;0.976
199.50	203.50	WTSP;0.977
212.50	216.50	WTSP;0.977
229.00	232.50	WTSP;0.982
244.00	248.00	WTSP;0.980
63.50	65.00	YRWA;0.623
295.50	297.25	YRWA;0.685
