460.00	461.00	AGOL;0.703
338.50	340.50	AMAV;0.855
336.00	338.00	AMGP;0.679
34.25	35.75	AMRO;0.645
37.75	38.75	AMRO;0.581
77.50	78.75	AMRO;0.553
102.50	104.00	AMRO;0.719
114.50	115.50	AMRO;0.634
118.00	118.25	AMRO;0.508
118.50	122.00	AMRO;0.831
125.50	127.75	AMRO;0.855
144.75	146.50	AMRO;0.710
176.00	177.50	AMRO;0.759
394.25	395.75	AMRO;0.739
46.50	47.00	BRSP;0.526
280.25	281.75	BRSP;0.666
382.75	383.50	BRSP;0.608
427.00	427.50	BRSP;0.504
448.00	449.00	BRSP;0.582
471.75	475.00	BRSP;0.903
489.00	490.75	BRSP;0.727
0.00	0.75	CCSP;0.732
4.00	7.00	CCSP;0.965
11.50	13.50	CCSP;0.919
17.00	20.00	CCSP;0.970
22.50	26.25	CCSP;0.978
30.00	33.50	CCSP;0.971
36.75	39.00	CCSP;0.903
43.00	44.75	CCSP;0.768
49.00	51.75	CCSP;0.962
55.00	57.75	CCSP;0.977
67.00	70.00	CCSP;0.985
74.25	74.75	CCSP;0.725
80.50	83.50	CCSP;0.952
84.25	87.00	CCSP;0.905
88.25	90.50	CCSP;0.936
94.50	97.00	CCSP;0.962
100.00	103.50	CCSP;0.974
107.50	109.25	CCSP;0.925
112.00	114.75	CCSP;0.915
117.75	121.25	CCSP;0.978
123.75	127.00	CCSP;0.983
130.00	133.00	CCSP;0.934
136.25	139.25	CCSP;0.985
142.00	144.50	CCSP;0.947
148.25	151.50	CCSP;0.980
155.25	158.50	CCSP;0.971
162.50	165.00	CCSP;0.949
169.50	171.50	CCSP;0.946
175.00	177.50	CCSP;0.973
183.25	184.50	CCSP;0.817
189.25	191.75	CCSP;0.954
197.25	199.25	CCSP;0.969
203.50	206.50	CCSP;0.975
210.50	213.50	CCSP;0.974
218.00	221.50	CCSP;0.971
226.50	230.50	CCSP;0.981
235.50	238.50	CCSP;0.973
243.50	246.50	CCSP;0.982
253.25	255.75	CCSP;0.958
261.00	263.75	CCSP;0.978
269.25	272.00	CCSP;0.977
277.50	280.50	CCSP;0.982
285.00	288.75	CCSP;0.978
322.50	323.50	CCSP;0.877
333.25	335.50	CCSP;0.970
341.50	343.50	CCSP;0.939
350.50	353.00	CCSP;0.943
365.00	367.00	CCSP;0.880
372.75	376.25	CCSP;0.974
379.75	383.00	CCSP;0.975
390.75	391.50	CCSP;0.741
395.75	398.50	CCSP;0.969
401.75	403.25	CCSP;0.903
406.75	409.00	CCSP;0.947
414.00	417.75	CCSP;0.978
421.00	424.50	CCSP;0.970
432.50	435.50	CCSP;0.982
438.25	441.50	CCSP;0.972
449.25	452.25	CCSP;0.972
455.00	458.00	CCSP;0.976
462.25	465.75	CCSP;0.978
466.50	470.50	CCSP;0.975
475.25	477.75	CCSP;0.963
479.50	483.00	CCSP;0.977
484.50	488.50	CCSP;0.976
491.50	495.50	CCSP;0.974
496.50	500.00	CCSP;0.983
501.50	522.50	CCSP;0.987
525.50	534.25	CCSP;0.978
536.50	545.75	CCSP;0.980
548.25	551.75	CCSP;0.978
553.25	557.00	CCSP;0.978
560.00	562.00	CCSP;0.957
564.50	568.00	CCSP;0.972
570.00	574.00	CCSP;0.986
575.25	579.25	CCSP;0.968
581.00	585.00	CCSP;0.978
586.25	590.00	CCSP;0.968
593.00	596.25	CCSP;0.979
597.50	600.00	CCSP;0.979
6.25	7.75	CHSP;0.849
9.50	11.75	CHSP;0.823
26.00	28.25	CHSP;0.854
35.00	37.75	CHSP;0.885
38.75	39.25	CHSP;0.722
39.50	43.25	CHSP;0.968
47.00	49.50	CHSP;0.934
51.25	55.50	CHSP;0.970
57.25	67.00	CHSP;0.976
70.00	81.00	CHSP;0.979
86.00	88.75	CHSP;0.850
90.00	95.00	CHSP;0.974
95.50	95.75	CHSP;0.703
96.25	100.50	CHSP;0.968
104.00	108.00	CHSP;0.972
108.75	111.50	CHSP;0.941
115.50	118.25	CHSP;0.941
120.50	123.00	CHSP;0.950
127.00	131.50	CHSP;0.951
132.75	136.50	CHSP;0.903
138.50	142.75	CHSP;0.833
143.50	148.50	CHSP;0.981
151.00	155.25	CHSP;0.982
157.50	163.00	CHSP;0.877
163.75	169.00	CHSP;0.982
171.00	175.25	CHSP;0.923
178.25	182.25	CHSP;0.951
185.75	189.75	CHSP;0.976
191.75	198.00	CHSP;0.981
199.00	202.50	CHSP;0.963
205.75	209.75	CHSP;0.967
213.00	219.00	CHSP;0.985
220.75	226.25	CHSP;0.984
233.00	236.25	CHSP;0.974
240.00	243.00	CHSP;0.867
246.00	248.50	CHSP;0.907
250.50	253.50	CHSP;0.949
255.00	258.00	CHSP;0.974
263.50	268.75	CHSP;0.986
272.00	272.75	CHSP;0.770
276.00	278.00	CHSP;0.835
282.00	282.25	CHSP;0.698
287.75	291.25	CHSP;0.930
298.50	301.25	CHSP;0.898
306.00	311.75	CHSP;0.929
314.50	325.75	CHSP;0.975
327.50	333.50	CHSP;0.977
335.00	337.00	CHSP;0.877
337.75	342.00	CHSP;0.967
343.75	347.25	CHSP;0.897
349.00	351.25	CHSP;0.918
352.50	359.00	CHSP;0.931
361.75	364.50	CHSP;0.951
366.00	373.00	CHSP;0.988
377.00	379.75	CHSP;0.928
383.75	394.00	CHSP;0.970
397.25	401.50	CHSP;0.970
402.50	407.75	CHSP;0.938
408.00	411.50	CHSP;0.967
412.50	414.50	CHSP;0.773
418.00	422.00	CHSP;0.974
424.00	430.50	CHSP;0.967
436.00	438.50	CHSP;0.941
443.50	448.25	CHSP;0.929
448.50	448.75	CHSP;0.694
451.75	452.50	CHSP;0.739
459.75	462.75	CHSP;0.956
470.75	473.00	CHSP;0.909
477.50	480.00	CHSP;0.869
482.25	485.00	CHSP;0.920
495.00	495.25	CHSP;0.695
495.50	496.75	CHSP;0.850
509.25	511.00	CHSP;0.866
521.50	524.50	CHSP;0.953
533.25	537.25	CHSP;0.975
545.25	548.75	CHSP;0.974
557.25	561.00	CHSP;0.965
562.00	564.00	CHSP;0.869
574.50	575.00	CHSP;0.733
578.75	581.50	CHSP;0.952
589.00	593.00	CHSP;0.953
524.50	525.25	DEJU;0.588
524.75	525.50	EAME;0.576
525.50	526.50	FOSP;0.576
13.00	15.00	LISP;0.852
28.50	30.25	LISP;0.811
58.50	59.00	LISP;0.527
74.50	75.50	LISP;0.711
158.75	160.00	LISP;0.706
168.75	170.50	LISP;0.824
188.75	190.00	LISP;0.600
201.50	203.75	LISP;0.828
214.50	214.75	LISP;0.504
230.00	232.00	LISP;0.809
262.25	264.00	LISP;0.690
297.25	298.00	LISP;0.569
313.50	315.25	LISP;0.727
347.25	349.00	LISP;0.872
395.00	395.50	LISP;0.619
430.75	432.25	LISP;0.701
8.00	8.75	MOCH;0.678
577.75	579.00	MOCH;0.728
376.75	377.00	NOPA;0.501
361.50	361.75	PHVI;0.524
362.00	362.50	PHVI;0.520
177.00	178.75	PISI;0.880
180.50	187.25	PISI;0.970
457.25	459.50	PISI;0.888
540.00	540.75	PISI;0.565
546.50	548.75	PISI;0.728
551.75	554.00	PISI;0.944
3.00	4.25	WIWA;0.739
283.25	284.00	WIWA;0.579
410.50	412.50	WTSP;0.899
499.50	501.50	WTSP;0.767
