68.50	70.50	AMRO;0.903
82.00	84.25	AMRO;0.874
92.00	94.00	AMRO;0.880
110.00	111.25	AMRO;0.639
181.00	182.00	AMRO;0.555
190.25	192.75	AMRO;0.898
193.00	194.00	AMRO;0.590
195.50	199.00	AMRO;0.832
207.25	208.50	AMRO;0.737
220.25	224.00	AMRO;0.962
232.50	235.00	AMRO;0.859
242.00	244.50	AMRO;0.939
250.00	250.25	AMRO;0.550
250.50	251.75	AMRO;0.668
252.75	256.50	AMRO;0.888
276.00	277.50	AMRO;0.695
84.50	85.00	BLOY;0.576
24.75	25.25	FOSP;0.542
39.00	39.50	FOSP;0.526
52.00	52.75	FOSP;0.579
64.50	67.00	FOSP;0.835
76.00	77.75	FOSP;0.719
86.00	86.75	FOSP;0.569
98.75	99.50	FOSP;0.607
111.50	112.75	FOSP;0.625
137.25	139.50	FOSP;0.865
149.25	151.25	FOSP;0.758
163.25	163.50	FOSP;0.505
174.50	174.75	FOSP;0.521
200.50	202.75	FOSP;0.735
212.50	215.00	FOSP;0.872
224.75	226.50	FOSP;0.782
236.00	238.25	FOSP;0.822
246.00	248.50	FOSP;0.761
257.75	260.25	FOSP;0.873
269.00	272.00	FOSP;0.935
281.00	282.25	FOSP;0.740
291.50	294.00	FOSP;0.850
5.00	7.75	LISP;0.929
13.50	16.00	LISP;0.895
21.50	24.25	LISP;0.871
28.75	31.75	LISP;0.951
36.25	39.00	LISP;0.932
44.00	47.00	LISP;0.905
50.25	51.00	LISP;0.570
53.75	56.00	LISP;0.869
60.50	64.00	LISP;0.950
70.00	75.00	LISP;0.937
79.25	80.00	LISP;0.536
88.25	90.50	LISP;0.834
97.00	99.00	LISP;0.791
106.00	108.25	LISP;0.905
122.50	124.75	LISP;0.853
131.00	133.75	LISP;0.953
141.50	144.00	LISP;0.893
151.50	153.50	LISP;0.874
160.50	162.75	LISP;0.854
171.50	174.00	LISP;0.889
183.00	184.50	LISP;0.774
263.75	264.25	MOCH;0.507
115.50	116.25	OCWA;0.658
287.00	287.75	OSFL;0.634
256.75	257.00	PUFI;0.540
185.75	186.00	SWSP;0.533
289.00	289.75	TOSO;0.610
225.50	227.00	VESP;0.610
0.25	2.75	WCSP;0.729
7.25	9.00	WCSP;0.898
3.00	3.75	WIWA;0.582
34.00	36.50	WIWA;0.947
48.50	48.75	WIWA;0.524
49.00	49.50	WIWA;0.569
57.50	60.50	WIWA;0.770
100.25	103.75	WIWA;0.867
108.50	110.50	WIWA;0.853
118.75	121.00	WIWA;0.885
127.25	128.25	WIWA;0.596
135.75	137.25	WIWA;0.716
140.25	141.75	WIWA;0.723
146.50	149.25	WIWA;0.803
158.75	161.00	WIWA;0.850
163.50	165.25	WIWA;0.640
168.00	170.75	WIWA;0.668
191.50	194.75	WIWA;0.916
199.75	201.00	WIWA;0.577
204.75	208.00	WIWA;0.924
214.50	216.50	WIWA;0.792
222.00	224.75	WIWA;0.922
238.25	238.50	WIWA;0.503
238.75	239.00	WIWA;0.523
245.50	247.75	WIWA;0.763
266.00	266.25	WIWA;0.540
266.50	266.75	WIWA;0.509
268.25	269.00	WIWA;0.580
278.00	280.50	WIWA;0.958
295.75	298.00	WIWA;0.847
17.00	20.50	WTSP;0.977
47.75	49.00	WTSP;0.875
56.00	58.75	WTSP;0.985
77.50	81.00	WTSP;0.951
86.50	88.00	WTSP;0.887
94.25	97.25	WTSP;0.978
103.50	106.75	WTSP;0.984
116.50	118.00	WTSP;0.873
125.00	128.00	WTSP;0.987
134.00	136.50	WTSP;0.979
143.50	145.50	WTSP;0.970
154.50	159.50	WTSP;0.991
165.00	168.00	WTSP;0.933
175.75	179.25	WTSP;0.988
186.00	187.75	WTSP;0.818
196.75	200.50	WTSP;0.983
216.00	220.00	WTSP;0.980
227.50	231.75	WTSP;0.989
239.50	243.00	WTSP;0.977
248.75	253.00	WTSP;0.980
260.50	264.00	WTSP;0.980
281.00	285.75	WTSP;0.990
