40.25	41.50	AMRO;0.765
75.25	77.75	AMRO;0.953
88.00	90.25	AMRO;0.848
121.25	124.00	AMRO;0.873
133.00	134.25	AMRO;0.639
143.00	145.50	AMRO;0.937
153.00	155.50	AMRO;0.935
159.50	161.00	AMRO;0.799
165.50	168.00	AMRO;0.922
171.00	174.75	AMRO;0.902
190.00	192.50	AMRO;0.888
196.50	198.00	AMRO;0.671
199.75	201.50	AMRO;0.836
205.75	208.50	AMRO;0.902
213.00	213.75	AMRO;0.552
217.00	219.50	AMRO;0.855
222.50	227.50	AMRO;0.904
237.75	240.00	AMRO;0.902
245.75	246.00	AMRO;0.580
246.25	246.50	AMRO;0.543
162.50	163.25	DEJU;0.572
35.00	37.00	FOSP;0.754
50.00	50.50	FOSP;0.585
99.00	99.25	FOSP;0.501
99.50	101.00	FOSP;0.621
178.50	178.75	FOSP;0.541
195.25	195.50	FOSP;0.537
215.00	216.25	FOSP;0.615
235.00	236.50	FOSP;0.628
252.50	254.75	FOSP;0.818
268.75	271.25	FOSP;0.834
280.50	282.00	FOSP;0.684
294.00	295.25	FOSP;0.662
296.75	297.25	FOSP;0.621
124.75	125.00	GWTE;0.512
299.00	300.00	HETH;0.588
168.75	169.50	LALO;0.571
232.25	233.25	LALO;0.614
6.50	9.25	LISP;0.846
19.00	20.50	LISP;0.756
28.50	30.25	LISP;0.831
38.25	40.25	LISP;0.884
58.25	60.50	LISP;0.836
80.50	82.75	LISP;0.807
90.00	92.25	LISP;0.869
111.00	112.50	LISP;0.722
120.00	122.75	LISP;0.908
129.00	130.50	LISP;0.682
139.00	140.50	LISP;0.794
148.25	149.50	LISP;0.743
157.25	159.00	LISP;0.809
175.50	177.25	LISP;0.861
183.75	185.50	LISP;0.811
192.50	194.00	LISP;0.781
201.00	203.25	LISP;0.698
209.25	212.00	LISP;0.938
219.25	222.25	LISP;0.932
230.00	232.25	LISP;0.919
240.00	242.25	LISP;0.907
249.50	250.50	LISP;0.615
266.75	267.00	LISP;0.500
49.00	50.00	OROR;0.564
126.50	126.75	OROR;0.529
215.00	215.25	OROR;0.540
101.75	106.50	PISI;0.950
109.50	111.00	ROWR;0.678
138.00	139.75	ROWR;0.705
134.75	136.00	RUGR;0.719
4.25	5.25	SNBU;0.557
55.25	57.00	SNBU;0.765
287.75	289.25	SNBU;0.623
295.50	296.50	SNBU;0.688
212.50	212.75	TOSO;0.552
251.00	252.00	TOSO;0.674
