0.50	4.00	CHSP;0.917
12.25	12.50	CHSP;0.509
268.25	270.25	CHSP;0.818
283.50	285.50	CHSP;0.809
29.00	30.25	FISP;0.642
228.00	228.25	FISP;0.534
22.75	23.25	FOSP;0.535
286.25	286.50	FOSP;0.529
116.25	118.00	HETH;0.934
6.00	6.50	MOCH;0.614
28.25	28.75	MOCH;0.532
52.00	53.75	MOCH;0.751
104.00	104.25	MOCH;0.569
104.50	105.50	MOCH;0.603
134.75	136.00	MOCH;0.712
149.50	149.75	MOCH;0.503
150.00	151.00	MOCH;0.631
155.75	156.00	MOCH;0.506
165.75	166.50	MOCH;0.563
249.25	249.75	MOCH;0.551
277.75	278.00	MOCH;0.530
278.25	278.50	MOCH;0.554
278.75	279.50	MOCH;0.558
39.25	39.75	VATH;0.518
80.00	81.00	VATH;0.571
127.00	129.50	VATH;0.936
186.00	188.50	VATH;0.939
78.00	80.25	WCSP;0.781
92.00	93.50	WCSP;0.750
122.00	123.50	WCSP;0.666
181.25	183.00	WCSP;0.714
190.50	192.75	WCSP;0.773
194.75	196.25	WCSP;0.702
201.00	203.00	WCSP;0.717
216.25	217.00	WCSP;0.614
238.00	239.00	WCSP;0.622
260.00	262.00	WCSP;0.798
264.50	266.00	WCSP;0.699
