219.50	220.75	AMRO;0.769
258.50	260.75	CHSP;0.736
92.25	93.50	EATO;0.619
141.00	141.25	EATO;0.523
192.00	192.75	FISP;0.652
210.25	210.50	FISP;0.508
3.75	6.75	FOSP;0.812
14.00	15.50	FOSP;0.572
24.25	26.75	FOSP;0.888
45.50	48.00	FOSP;0.841
56.00	56.75	FOSP;0.559
72.00	73.25	FOSP;0.582
83.75	85.50	FOSP;0.805
102.25	103.25	FOSP;0.547
111.50	113.00	FOSP;0.755
114.75	116.00	FOSP;0.637
122.50	123.75	FOSP;0.635
126.00	127.50	FOSP;0.685
133.50	133.75	FOSP;0.573
134.00	134.25	FOSP;0.582
145.50	146.50	FOSP;0.713
158.00	159.00	FOSP;0.684
162.00	163.75	FOSP;0.618
166.75	168.50	FOSP;0.687
174.25	177.00	FOSP;0.837
180.00	180.75	FOSP;0.579
184.00	186.50	FOSP;0.895
192.75	195.00	FOSP;0.836
217.00	217.50	FOSP;0.546
217.75	218.00	FOSP;0.518
221.75	222.50	FOSP;0.582
226.25	227.75	FOSP;0.741
231.75	232.00	FOSP;0.512
235.50	238.25	FOSP;0.957
241.25	243.50	FOSP;0.683
246.25	248.25	FOSP;0.811
254.25	256.50	FOSP;0.867
264.75	265.25	FOSP;0.564
268.00	269.75	FOSP;0.757
280.75	282.75	FOSP;0.826
286.50	288.00	FOSP;0.744
298.00	300.00	FOSP;0.696
98.75	99.00	GCSP;0.528
145.00	145.25	HETH;0.501
160.25	161.00	HETH;0.619
20.25	20.75	MOCH;0.522
147.25	147.50	REVI;0.571
123.50	124.75	SNBU;0.728
248.25	248.50	SNBU;0.546
113.00	114.25	VESP;0.728
223.25	224.00	VESP;0.563
6.00	6.25	WCSP;0.513
35.50	36.50	WCSP;0.595
115.50	115.75	WCSP;0.506
116.00	116.25	WCSP;0.507
133.25	134.75	WCSP;0.684
142.25	142.50	WCSP;0.503
151.75	153.50	WCSP;0.796
167.75	169.25	WCSP;0.614
202.00	204.00	WCSP;0.793
212.25	214.50	WCSP;0.891
232.25	233.25	WCSP;0.714
271.50	274.00	WIWA;0.932
0.00	3.00	WTSP;0.907
17.00	20.00	WTSP;0.992
26.25	28.50	WTSP;0.922
33.75	35.25	WTSP;0.858
42.00	45.25	WTSP;0.989
49.50	53.25	WTSP;0.993
60.25	64.00	WTSP;0.987
68.00	72.00	WTSP;0.982
80.00	83.50	WTSP;0.988
87.50	91.50	WTSP;0.990
96.50	99.25	WTSP;0.972
105.75	109.00	WTSP;0.977
116.25	118.00	WTSP;0.862
126.25	129.25	WTSP;0.983
136.50	140.50	WTSP;0.991
150.50	151.50	WTSP;0.797
161.50	162.75	WTSP;0.781
171.00	174.00	WTSP;0.987
182.00	184.50	WTSP;0.990
188.00	192.50	WTSP;0.992
196.75	202.00	WTSP;0.991
203.75	205.00	WTSP;0.885
206.50	211.00	WTSP;0.930
215.50	219.00	WTSP;0.909
226.50	230.00	WTSP;0.935
233.25	234.75	WTSP;0.910
238.00	242.50	WTSP;0.990
249.75	252.50	WTSP;0.988
260.75	264.25	WTSP;0.989
265.00	272.25	WTSP;0.990
273.50	277.50	WTSP;0.990
279.00	281.75	WTSP;0.984
283.75	290.00	WTSP;0.991
291.00	298.00	WTSP;0.992
