115.75	116.50	AMRO;0.555
116.75	117.00	AMRO;0.547
126.25	128.00	AMRO;0.677
139.75	144.00	AMRO;0.762
144.50	148.50	AMRO;0.935
159.50	162.00	AMRO;0.930
175.50	176.75	AMRO;0.612
345.00	346.75	AMRO;0.687
358.00	360.00	AMRO;0.725
451.25	453.00	AMRO;0.779
361.75	363.25	BCCH;0.730
386.50	387.75	BCCH;0.643
464.25	465.00	BCCH;0.621
514.50	516.75	BCCH;0.749
516.75	517.75	BRSP;0.669
211.50	214.50	CCSP;0.933
565.50	566.25	CCSP;0.530
0.50	3.00	CHSP;0.826
8.00	10.50	CHSP;0.930
15.00	18.50	CHSP;0.962
24.25	27.50	CHSP;0.959
30.50	34.50	CHSP;0.966
40.75	44.50	CHSP;0.969
49.50	53.00	CHSP;0.981
57.50	61.50	CHSP;0.987
66.75	69.75	CHSP;0.935
75.00	79.00	CHSP;0.981
85.50	88.75	CHSP;0.969
94.25	98.50	CHSP;0.992
103.00	106.50	CHSP;0.948
111.75	114.50	CHSP;0.917
127.50	130.50	CHSP;0.940
133.50	137.75	CHSP;0.916
142.00	143.75	CHSP;0.871
148.00	152.00	CHSP;0.965
156.00	159.50	CHSP;0.949
161.50	164.75	CHSP;0.966
169.75	173.50	CHSP;0.964
177.00	181.00	CHSP;0.975
185.00	188.00	CHSP;0.973
192.50	195.50	CHSP;0.942
200.50	202.25	CHSP;0.947
207.25	210.00	CHSP;0.924
216.00	218.00	CHSP;0.903
221.75	223.50	CHSP;0.861
229.50	232.75	CHSP;0.975
236.00	239.75	CHSP;0.974
243.50	247.00	CHSP;0.948
252.00	254.50	CHSP;0.926
258.50	260.00	CHSP;0.820
265.25	268.50	CHSP;0.936
272.50	275.25	CHSP;0.960
279.50	282.50	CHSP;0.908
286.50	290.00	CHSP;0.946
293.75	297.00	CHSP;0.972
302.00	306.00	CHSP;0.953
309.25	312.50	CHSP;0.956
317.75	321.75	CHSP;0.977
326.00	329.75	CHSP;0.973
334.00	336.50	CHSP;0.948
341.00	344.00	CHSP;0.937
349.50	353.00	CHSP;0.978
358.50	360.75	CHSP;0.869
365.50	368.50	CHSP;0.954
372.25	376.50	CHSP;0.939
380.00	384.00	CHSP;0.960
388.50	390.75	CHSP;0.900
395.50	396.75	CHSP;0.792
403.00	405.50	CHSP;0.942
409.00	413.00	CHSP;0.975
415.75	420.75	CHSP;0.978
424.50	429.00	CHSP;0.962
433.75	437.00	CHSP;0.965
442.00	445.50	CHSP;0.938
449.50	453.50	CHSP;0.955
457.50	460.50	CHSP;0.947
464.50	468.25	CHSP;0.976
472.00	475.50	CHSP;0.977
481.00	485.00	CHSP;0.950
488.75	491.75	CHSP;0.960
496.25	499.00	CHSP;0.946
503.50	505.50	CHSP;0.883
509.75	513.50	CHSP;0.979
517.75	521.00	CHSP;0.935
525.25	529.00	CHSP;0.972
532.50	535.00	CHSP;0.836
540.25	543.00	CHSP;0.855
548.50	551.50	CHSP;0.947
554.00	558.00	CHSP;0.977
560.25	563.25	CHSP;0.967
567.00	569.00	CHSP;0.828
574.25	577.50	CHSP;0.960
581.50	581.75	CHSP;0.707
588.50	591.75	CHSP;0.911
595.50	599.00	CHSP;0.965
99.50	100.00	CHSW;0.558
7.25	7.50	DEJU;0.500
44.25	44.50	DEJU;0.500
111.50	111.75	DEJU;0.504
121.75	122.00	DEJU;0.504
141.00	142.00	DEJU;0.591
152.00	152.25	DEJU;0.503
357.50	358.50	DEJU;0.592
405.50	406.00	DEJU;0.596
468.25	468.50	DEJU;0.513
475.50	476.00	DEJU;0.527
534.75	536.75	DEJU;0.807
568.75	570.00	DEJU;0.594
11.00	12.75	FOSP;0.711
22.00	23.75	FOSP;0.891
38.50	39.50	FOSP;0.653
46.50	48.75	FOSP;0.843
70.00	73.25	FOSP;0.762
150.75	151.25	FOSP;0.578
195.75	196.00	FOSP;0.517
235.00	235.75	FOSP;0.620
238.50	239.50	FOSP;0.637
260.50	261.25	FOSP;0.576
270.50	271.25	FOSP;0.605
290.50	292.25	FOSP;0.736
311.50	312.25	FOSP;0.540
321.50	322.00	FOSP;0.556
343.00	344.50	FOSP;0.672
352.00	352.50	FOSP;0.538
368.50	369.75	FOSP;0.737
379.25	381.50	FOSP;0.745
393.00	394.50	FOSP;0.728
419.50	421.50	FOSP;0.834
459.25	459.50	FOSP;0.502
477.00	478.50	FOSP;0.716
492.00	493.00	FOSP;0.590
530.00	531.00	FOSP;0.639
542.75	543.50	FOSP;0.628
552.50	554.00	FOSP;0.746
562.00	563.50	FOSP;0.713
572.75	574.25	FOSP;0.722
586.25	587.25	FOSP;0.548
33.75	35.50	GCSP;0.834
63.50	65.50	GCSP;0.829
7.25	8.50	HETH;0.826
19.00	20.00	HETH;0.672
76.00	76.25	HETH;0.501
257.50	258.50	HETH;0.702
426.75	427.75	HETH;0.655
439.50	441.00	HETH;0.808
443.25	444.00	HETH;0.645
480.25	483.00	HETH;0.783
525.50	525.75	HETH;0.532
526.00	526.25	HETH;0.509
532.00	533.50	HETH;0.663
560.75	561.00	HETH;0.518
55.25	56.00	LARB;0.509
308.00	309.25	LASP;0.722
14.00	15.00	LISP;0.604
29.00	30.50	LISP;0.760
283.00	284.00	LISP;0.572
306.75	307.75	LISP;0.733
322.75	324.00	LISP;0.691
365.00	365.25	LISP;0.525
401.50	403.00	LISP;0.826
406.50	407.75	MOBL;0.652
316.50	318.00	MOCH;0.655
499.25	500.50	MOCH;0.558
2.25	2.75	OROR;0.521
229.25	229.75	OROR;0.523
261.00	262.00	OROR;0.642
301.00	301.50	OROR;0.553
395.00	395.50	OROR;0.542
112.00	112.75	RBGR;0.558
354.25	354.75	REVI;0.561
412.00	412.50	RUGR;0.535
150.00	150.25	SNBU;0.527
280.75	281.00	SNBU;0.561
543.00	543.25	SNBU;0.517
572.25	573.25	SNBU;0.662
255.50	255.75	SWSP;0.517
256.00	257.50	SWSP;0.602
339.50	340.50	SWSP;0.611
201.00	201.50	TOSO;0.546
93.25	94.50	WIWA;0.654
107.00	108.00	WIWA;0.647
137.75	139.50	WIWA;0.653
143.75	146.00	WIWA;0.902
152.50	155.00	WIWA;0.915
164.50	166.75	WIWA;0.908
174.00	176.75	WIWA;0.947
183.00	185.75	WIWA;0.915
190.00	193.00	WIWA;0.931
198.50	200.50	WIWA;0.778
214.75	216.00	WIWA;0.639
247.25	250.25	WIWA;0.952
255.25	256.00	WIWA;0.525
262.50	265.00	WIWA;0.931
277.75	279.00	WIWA;0.611
300.25	301.00	WIWA;0.569
301.25	301.50	WIWA;0.514
495.00	496.00	WIWA;0.585
558.00	559.25	WIWA;0.644
593.00	595.50	WIWA;0.855
206.00	206.75	WOTH;0.585
