301.00	304.00	CHSP;0.888
412.00	412.25	CHSP;0.529
412.50	412.75	CHSP;0.546
413.00	416.00	CHSP;0.764
422.25	424.50	CHSP;0.718
20.75	22.75	FOSP;0.856
40.75	43.00	FOSP;0.818
60.25	63.00	FOSP;0.951
77.75	80.00	FOSP;0.824
97.00	99.00	FOSP;0.705
113.00	115.50	FOSP;0.905
130.00	130.50	FOSP;0.529
164.75	166.25	FOSP;0.763
181.00	183.00	FOSP;0.730
198.50	201.00	FOSP;0.875
220.25	222.25	FOSP;0.768
240.00	241.50	FOSP;0.553
258.25	260.50	FOSP;0.805
279.00	281.50	FOSP;0.816
301.25	302.50	FOSP;0.699
322.50	324.75	FOSP;0.930
343.25	345.50	FOSP;0.878
365.75	368.50	FOSP;0.846
388.25	391.00	FOSP;0.918
441.00	443.25	FOSP;0.841
471.50	473.25	FOSP;0.622
571.25	573.25	FOSP;0.929
30.50	31.00	HETH;0.549
253.50	256.00	PISI;0.892
146.75	147.50	SNBU;0.592
146.00	146.25	SPSA;0.506
436.00	438.00	WEWA;0.758
