4.00	4.50	AMGP;0.587
0.00	2.50	AMRO;0.879
7.75	9.75	AMRO;0.844
14.00	14.25	AMRO;0.722
14.50	18.75	AMRO;0.975
26.25	28.75	AMRO;0.958
32.25	34.50	AMRO;0.900
43.75	46.50	AMRO;0.983
49.75	53.00	AMRO;0.975
55.00	55.25	AMRO;0.710
57.00	57.25	AMRO;0.705
57.50	60.50	AMRO;0.904
62.00	64.50	AMRO;0.888
66.50	69.50	AMRO;0.973
72.00	74.50	AMRO;0.834
76.50	79.75	AMRO;0.958
83.00	86.00	AMRO;0.975
89.25	92.00	AMRO;0.968
96.00	99.25	AMRO;0.922
108.25	111.75	AMRO;0.899
116.50	118.50	AMRO;0.911
130.00	130.25	AMRO;0.698
130.50	130.75	AMRO;0.711
136.25	136.50	AMRO;0.704
139.50	142.75	AMRO;0.981
154.25	157.75	AMRO;0.951
158.50	162.00	AMRO;0.981
163.00	165.50	AMRO;0.878
191.75	200.50	AMRO;0.978
207.50	213.00	AMRO;0.920
223.00	224.25	AMRO;0.750
230.50	232.00	AMRO;0.780
238.50	240.00	AMRO;0.826
242.50	245.25	AMRO;0.941
248.50	251.00	AMRO;0.980
256.00	258.00	AMRO;0.901
310.00	313.50	AMRO;0.989
320.00	322.00	AMRO;0.911
325.00	329.50	AMRO;0.843
336.50	338.75	AMRO;0.807
339.00	342.00	AMRO;0.905
346.00	349.75	AMRO;0.986
354.00	354.25	AMRO;0.721
356.00	362.50	AMRO;0.986
365.50	371.25	AMRO;0.969
374.50	376.00	AMRO;0.773
376.50	379.25	AMRO;0.943
384.25	390.75	AMRO;0.969
393.50	393.75	AMRO;0.724
400.50	404.25	AMRO;0.973
408.50	413.00	AMRO;0.924
414.75	417.25	AMRO;0.967
421.25	423.00	AMRO;0.841
427.50	428.25	AMRO;0.734
433.50	436.50	AMRO;0.971
437.50	440.50	AMRO;0.925
446.00	449.00	AMRO;0.895
449.25	449.50	AMRO;0.708
452.00	455.25	AMRO;0.980
457.75	462.00	AMRO;0.936
465.00	469.00	AMRO;0.977
472.00	473.25	AMRO;0.742
476.75	477.00	AMRO;0.701
477.25	482.50	AMRO;0.982
492.75	496.00	AMRO;0.984
499.00	502.50	AMRO;0.992
505.50	507.25	AMRO;0.759
507.50	507.75	AMRO;0.707
508.00	511.00	AMRO;0.940
522.00	524.00	AMRO;0.766
526.00	529.00	AMRO;0.980
532.50	535.75	AMRO;0.970
538.50	542.25	AMRO;0.982
544.25	547.25	AMRO;0.882
550.00	553.00	AMRO;0.970
557.00	559.50	AMRO;0.946
562.50	566.75	AMRO;0.977
568.50	574.00	AMRO;0.946
576.00	580.50	AMRO;0.983
584.50	587.25	AMRO;0.913
588.75	592.75	AMRO;0.986
595.00	598.75	AMRO;0.982
398.00	398.25	BAOR;0.524
75.50	76.25	BRSP;0.566
440.75	441.00	BRSP;0.534
498.25	499.50	BRSP;0.593
557.50	559.00	BRSP;0.674
587.50	589.50	BRSP;0.727
209.50	211.25	CBCH;0.779
8.50	11.75	CHSP;0.896
18.50	21.50	CHSP;0.915
37.00	41.50	CHSP;0.943
48.50	50.50	CHSP;0.752
50.75	51.00	CHSP;0.506
57.75	59.25	CHSP;0.633
75.50	77.50	CHSP;0.863
87.00	89.75	CHSP;0.739
97.50	99.25	CHSP;0.664
106.25	109.00	CHSP;0.913
129.75	132.25	CHSP;0.679
143.75	146.00	CHSP;0.798
157.00	158.50	CHSP;0.730
165.00	168.00	CHSP;0.850
176.00	179.50	CHSP;0.902
208.00	208.25	CHSP;0.503
220.25	224.00	CHSP;0.840
235.00	237.50	CHSP;0.915
243.50	247.00	CHSP;0.940
255.50	257.50	CHSP;0.753
268.75	270.00	CHSP;0.612
327.00	329.75	CHSP;0.831
352.50	353.25	CHSP;0.591
360.75	364.75	CHSP;0.915
375.50	377.50	CHSP;0.789
399.25	399.50	CHSP;0.513
421.25	422.00	CHSP;0.574
426.00	426.50	CHSP;0.611
428.25	432.00	CHSP;0.830
438.50	440.75	CHSP;0.704
448.50	452.50	CHSP;0.930
459.50	462.25	CHSP;0.772
470.50	473.50	CHSP;0.773
486.50	490.50	CHSP;0.867
495.50	498.50	CHSP;0.785
507.50	509.50	CHSP;0.637
518.50	519.50	CHSP;0.528
528.75	531.00	CHSP;0.787
548.25	550.50	CHSP;0.723
556.25	557.00	CHSP;0.530
578.00	579.50	CHSP;0.617
598.00	599.50	CHSP;0.640
383.75	384.50	EAME;0.628
5.00	7.75	FOSP;0.909
29.50	31.00	FOSP;0.646
47.25	47.50	FOSP;0.504
60.00	62.25	FOSP;0.786
69.75	70.50	FOSP;0.588
101.00	103.00	FOSP;0.777
112.00	114.50	FOSP;0.891
137.50	139.00	FOSP;0.686
168.50	168.75	FOSP;0.505
169.00	171.75	FOSP;0.943
173.00	175.00	FOSP;0.867
181.75	183.75	FOSP;0.754
187.25	189.50	FOSP;0.769
205.50	206.75	FOSP;0.607
213.00	215.75	FOSP;0.801
226.50	230.25	FOSP;0.937
240.00	242.75	FOSP;0.926
253.00	255.50	FOSP;0.877
269.00	269.25	FOSP;0.512
276.00	278.75	FOSP;0.854
282.50	285.00	FOSP;0.811
292.25	294.50	FOSP;0.740
297.00	298.50	FOSP;0.756
306.50	309.00	FOSP;0.834
314.75	318.00	FOSP;0.670
393.50	394.75	FOSP;0.762
407.00	408.50	FOSP;0.620
418.00	420.00	FOSP;0.869
432.50	433.75	FOSP;0.717
445.50	447.50	FOSP;0.893
462.75	463.75	FOSP;0.645
490.25	493.50	FOSP;0.920
503.50	506.00	FOSP;0.924
520.50	521.50	FOSP;0.712
536.50	538.50	FOSP;0.800
552.50	554.50	FOSP;0.883
566.50	568.00	FOSP;0.839
572.00	572.50	FOSP;0.549
583.00	584.00	FOSP;0.676
592.00	594.00	FOSP;0.778
11.75	14.75	LISP;0.937
42.50	43.50	LISP;0.673
73.00	74.50	LISP;0.588
104.00	105.50	LISP;0.738
119.75	120.50	LISP;0.623
190.50	192.00	LISP;0.781
238.00	238.50	LISP;0.573
318.75	321.25	LISP;0.848
335.25	337.50	LISP;0.800
380.50	382.75	LISP;0.901
410.75	413.50	LISP;0.749
441.00	442.75	LISP;0.787
456.00	457.50	LISP;0.772
484.50	486.00	LISP;0.695
513.00	514.50	LISP;0.752
543.00	544.25	LISP;0.657
574.00	575.75	LISP;0.797
259.00	259.50	PAWR;0.609
23.75	27.50	PISI;0.977
31.25	34.25	PISI;0.968
41.00	41.25	PISI;0.703
52.75	56.00	PISI;0.962
64.00	68.50	PISI;0.942
91.50	93.50	PISI;0.961
115.00	117.25	PISI;0.886
118.00	129.75	PISI;0.985
141.25	143.00	PISI;0.932
146.00	152.25	PISI;0.989
152.50	156.50	PISI;0.978
164.00	164.25	PISI;0.696
179.50	181.50	PISI;0.920
223.50	226.00	PISI;0.953
257.50	268.25	PISI;0.985
279.00	282.00	PISI;0.935
285.50	293.50	PISI;0.988
295.50	296.00	PISI;0.748
298.00	307.00	PISI;0.989
368.50	375.75	PISI;0.991
556.50	556.75	RBGR;0.542
157.75	158.25	REVI;0.539
12.00	12.50	ROWR;0.541
232.00	232.50	RUGR;0.676
244.00	248.00	RUGR;0.952
517.00	517.25	SATH;0.505
101.00	101.75	SNBU;0.685
407.00	407.50	SNBU;0.644
2.50	3.00	TOSO;0.557
22.25	23.75	TOSO;0.671
52.00	53.00	TOSO;0.663
55.50	57.50	TOSO;0.705
82.50	82.75	TOSO;0.525
132.25	132.50	TOSO;0.501
395.75	397.25	TOSO;0.849
486.00	487.00	TOSO;0.621
515.00	515.50	TOSO;0.593
139.00	139.25	VESP;0.514
274.00	275.00	VGSW;0.676
78.25	80.75	WCSP;0.864
397.50	398.00	WCSP;0.543
524.50	525.00	WILL;0.541
