72.50	73.25	AMDI;0.564
30.50	31.50	ATSP;0.628
84.00	85.00	BCCH;0.623
97.50	99.50	BCCH;0.850
112.50	113.75	BRCR;0.636
114.00	114.50	BRCR;0.533
142.50	144.25	BRCR;0.799
22.50	24.25	LISP;0.739
39.00	40.50	LISP;0.703
55.00	57.00	LISP;0.763
72.00	72.25	LISP;0.508
105.50	106.75	LISP;0.675
137.50	139.50	LISP;0.677
172.25	173.25	LISP;0.612
189.00	190.25	LISP;0.609
205.75	207.50	LISP;0.765
242.75	243.00	LISP;0.503
293.00	294.00	LISP;0.602
152.50	153.75	MOCH;0.617
161.00	161.75	MOCH;0.601
183.00	184.50	MOCH;0.697
191.25	192.00	MOCH;0.546
231.00	233.00	MOCH;0.825
233.25	233.50	MOCH;0.543
287.50	288.75	MOCH;0.680
298.00	298.50	MOCH;0.608
207.75	208.50	RUTU;0.524
259.00	259.25	RUTU;0.511
275.75	276.50	RUTU;0.691
292.00	292.25	RUTU;0.512
0.50	0.75	RWBL;0.509
3.00	3.25	SNBU;0.532
177.00	178.50	WCSP;0.768
9.00	12.00	WTSP;0.949
17.00	20.50	WTSP;0.974
94.50	97.00	WTSP;0.939
100.00	100.25	WTSP;0.706
114.75	120.00	WTSP;0.989
131.00	135.50	WTSP;0.989
148.50	152.50	WTSP;0.965
166.75	170.50	WTSP;0.962
191.00	193.00	WTSP;0.875
238.00	240.25	WTSP;0.926
289.25	291.50	WTSP;0.874
24.50	26.50	YRWA;0.848
263.50	266.25	YRWA;0.924
277.25	280.00	YRWA;0.946
280.25	280.50	YRWA;0.511
