32.25	32.50	AMRO;0.503
140.25	141.50	BCCH;0.582
141.75	142.00	BCCH;0.520
18.75	19.75	BLOY;0.648
104.50	106.00	CHSW;0.630
117.00	119.00	EAKI;0.872
128.00	128.25	FISP;0.510
291.75	292.25	FOSP;0.551
65.50	65.75	OCWA;0.513
276.50	277.50	SNBU;0.575
133.00	135.00	SWSP;0.605
198.50	198.75	SWSP;0.532
5.00	7.25	WCSP;0.875
156.00	158.50	WCSP;0.981
33.50	33.75	WIWA;0.519
46.50	47.75	WIWA;0.665
55.00	57.25	WIWA;0.815
83.50	85.50	WIWA;0.688
124.00	126.00	WIWA;0.644
151.75	153.50	WIWA;0.756
180.50	181.00	WIWA;0.537
189.00	191.50	WIWA;0.904
3.75	4.25	WTSP;0.546
24.50	27.75	WTSP;0.844
42.25	44.50	WTSP;0.898
80.25	83.50	WTSP;0.944
113.50	116.00	WTSP;0.746
159.75	161.75	WTSP;0.722
176.50	178.50	WTSP;0.806
199.50	200.50	WTSP;0.623
204.00	207.75	WTSP;0.957
216.00	218.50	WTSP;0.831
226.50	230.00	WTSP;0.955
238.50	240.50	WTSP;0.721
250.25	253.00	WTSP;0.943
1.50	4.00	YRWA;0.802
22.00	24.25	YRWA;0.903
34.00	37.00	YRWA;0.949
50.00	52.75	YRWA;0.919
64.00	66.00	YRWA;0.794
74.50	77.50	YRWA;0.924
85.00	88.00	YRWA;0.938
98.00	99.50	YRWA;0.679
107.50	110.25	YRWA;0.915
119.50	121.00	YRWA;0.651
129.50	132.00	YRWA;0.904
142.75	145.00	YRWA;0.880
155.25	155.50	YRWA;0.560
168.25	170.25	YRWA;0.761
232.00	233.25	YRWA;0.610
264.50	266.50	YRWA;0.716
