9.50	11.25	AMRO;0.680
21.75	22.00	AMRO;0.540
37.00	38.75	AMRO;0.558
44.25	44.50	AMRO;0.542
47.75	49.00	AMRO;0.766
67.50	68.50	AMRO;0.601
88.00	90.00	AMRO;0.677
117.50	120.00	AMRO;0.866
124.50	124.75	AMRO;0.526
125.00	127.25	AMRO;0.718
238.75	242.00	AMRO;0.925
251.00	253.25	AMRO;0.814
255.00	258.50	AMRO;0.815
266.50	270.50	AMRO;0.949
274.00	275.25	AMRO;0.646
279.00	282.75	AMRO;0.957
289.50	291.00	AMRO;0.627
293.75	297.50	AMRO;0.811
90.25	91.50	AMWI;0.655
233.00	233.25	CAFI;0.527
298.50	300.00	CAFI;0.808
57.50	61.50	CHSP;0.955
130.75	132.50	CHSP;0.753
143.50	146.25	CHSP;0.879
13.00	13.25	FISP;0.557
114.00	116.00	FOSP;0.823
155.25	157.00	FOSP;0.689
169.50	171.50	FOSP;0.844
185.50	187.50	FOSP;0.821
204.50	207.00	FOSP;0.854
225.00	227.50	FOSP;0.844
241.50	244.00	FOSP;0.863
262.50	264.75	FOSP;0.836
283.00	285.25	FOSP;0.869
94.00	94.25	GCSP;0.502
213.00	213.75	GWTE;0.622
252.75	254.75	GWTE;0.734
175.00	177.00	HETH;0.912
236.50	238.00	HETH;0.871
238.25	238.50	HETH;0.548
6.75	10.00	LISP;0.975
17.50	21.25	LISP;0.978
28.00	31.50	LISP;0.978
39.75	42.75	LISP;0.961
50.25	54.00	LISP;0.971
62.00	65.50	LISP;0.976
73.50	76.75	LISP;0.973
85.00	88.50	LISP;0.985
97.00	100.75	LISP;0.979
109.00	112.50	LISP;0.989
122.50	126.00	LISP;0.967
135.25	137.50	LISP;0.878
139.50	143.00	LISP;0.967
147.50	148.50	LISP;0.761
151.25	154.50	LISP;0.983
167.50	170.50	LISP;0.942
182.50	185.50	LISP;0.938
195.50	198.75	LISP;0.970
208.00	211.50	LISP;0.940
221.25	224.00	LISP;0.962
233.75	236.50	LISP;0.942
245.75	249.00	LISP;0.952
259.50	262.00	LISP;0.886
271.75	274.75	LISP;0.964
286.00	289.00	LISP;0.940
174.50	175.50	MOCH;0.702
102.00	104.50	RCKI;0.972
120.50	122.50	RCKI;0.907
132.00	134.50	RCKI;0.939
22.50	23.75	REVI;0.611
15.00	17.50	SWSP;0.757
25.75	26.50	SWSP;0.583
36.00	36.25	SWSP;0.520
56.50	57.25	SWSP;0.630
118.50	120.25	SWSP;0.709
139.00	139.25	SWSP;0.502
160.50	163.00	SWSP;0.773
172.00	172.50	SWSP;0.569
181.50	182.50	SWSP;0.587
191.00	193.50	SWSP;0.884
213.75	215.00	SWSP;0.585
33.25	34.50	WCSP;0.753
69.50	71.00	WCSP;0.706
4.50	6.75	WIWA;0.701
24.50	25.75	WIWA;0.618
35.00	36.50	WIWA;0.595
45.00	47.00	WIWA;0.768
76.75	78.50	WIWA;0.770
107.50	109.50	WIWA;0.781
128.00	128.25	WIWA;0.604
128.50	129.50	WIWA;0.661
150.00	151.25	WIWA;0.610
200.50	203.00	WIWA;0.785
212.25	213.75	WIWA;0.601
1.25	3.25	WTSP;0.779
11.50	14.75	WTSP;0.812
94.25	95.25	WTSP;0.673
112.50	113.25	WTSP;0.581
267.25	267.75	YRWA;0.516
