185.75	186.00	ATSP;0.525
276.00	277.25	BLJA;0.704
282.00	282.50	HETH;0.604
288.25	290.00	HETH;0.738
293.50	295.75	HETH;0.781
296.50	298.50	HETH;0.801
28.00	29.50	HOLA;0.731
46.00	46.50	HOLA;0.521
64.00	66.25	HOLA;0.777
72.50	73.00	HOLA;0.568
112.50	113.25	HOLA;0.536
131.75	132.25	HOLA;0.583
141.00	141.25	HOLA;0.514
156.50	156.75	HOLA;0.528
166.75	168.25	HOLA;0.572
288.25	288.75	MOCH;0.564
219.25	220.00	PAWA;0.577
5.50	11.00	PISI;0.952
12.50	26.00	PISI;0.990
26.50	27.50	PISI;0.735
33.00	33.25	PISI;0.717
34.00	36.50	PISI;0.970
42.50	43.25	PISI;0.762
49.50	51.50	PISI;0.924
59.25	61.00	PISI;0.908
66.50	70.50	PISI;0.981
75.50	78.00	PISI;0.976
79.75	85.00	PISI;0.986
97.50	100.00	PISI;0.975
103.00	112.00	PISI;0.983
118.75	121.25	PISI;0.835
125.50	128.50	PISI;0.949
133.00	141.00	PISI;0.981
141.50	142.75	PISI;0.794
146.00	160.50	PISI;0.994
161.25	167.00	PISI;0.954
172.00	173.50	PISI;0.803
180.00	183.00	PISI;0.909
186.50	189.00	PISI;0.904
190.50	195.25	PISI;0.970
198.50	203.25	PISI;0.967
234.00	246.75	PISI;0.981
268.00	271.50	PISI;0.940
281.50	284.00	PISI;0.983
298.00	300.00	PISI;0.979
4.75	5.75	SWSP;0.681
41.50	42.50	SWSP;0.655
48.75	49.50	SWSP;0.633
78.50	80.25	SWSP;0.829
86.50	87.75	SWSP;0.667
145.50	146.50	SWSP;0.658
182.75	183.75	SWSP;0.657
204.50	206.00	SWSP;0.699
212.00	213.50	SWSP;0.813
226.50	228.00	SWSP;0.721
250.25	251.50	SWSP;0.664
258.25	259.50	SWSP;0.575
265.75	266.50	SWSP;0.614
273.00	273.75	SWSP;0.583
280.00	281.50	SWSP;0.747
174.00	174.25	TEWA;0.509
233.00	233.50	TEWA;0.551
12.25	12.50	VGSW;0.503
109.00	109.25	VGSW;0.501
109.50	109.75	VGSW;0.501
123.00	125.50	VGSW;0.695
130.75	131.50	VGSW;0.522
144.00	144.25	VGSW;0.502
198.00	198.50	VGSW;0.587
243.25	243.50	VGSW;0.531
196.00	196.75	WRSA;0.639
