16.50	19.50	CHSP;0.943
25.00	26.00	CHSP;0.751
35.50	36.00	CHSP;0.715
44.25	45.00	CHSP;0.729
70.50	73.25	CHSP;0.836
87.25	88.25	CHSP;0.757
103.00	105.25	CHSP;0.909
110.25	112.00	CHSP;0.818
117.50	120.25	CHSP;0.884
124.75	128.50	CHSP;0.976
139.00	142.00	CHSP;0.962
145.75	148.50	CHSP;0.920
154.50	156.75	CHSP;0.824
160.25	160.50	CHSP;0.705
161.00	161.50	CHSP;0.729
167.75	171.75	CHSP;0.964
175.50	178.00	CHSP;0.945
183.25	186.25	CHSP;0.960
190.00	192.50	CHSP;0.925
199.00	201.50	CHSP;0.916
205.25	208.00	CHSP;0.946
213.75	216.25	CHSP;0.940
219.50	224.00	CHSP;0.970
230.00	232.75	CHSP;0.972
244.50	247.75	CHSP;0.952
251.75	254.75	CHSP;0.963
258.50	261.50	CHSP;0.943
266.50	269.50	CHSP;0.953
272.25	275.75	CHSP;0.971
281.50	284.50	CHSP;0.956
287.00	290.25	CHSP;0.968
294.50	300.00	CHSP;0.966
15.00	15.25	DEJU;0.546
15.50	17.00	DEJU;0.726
198.50	199.50	DEJU;0.615
236.00	237.25	DEJU;0.683
0.50	1.00	FOSP;0.518
53.50	55.50	FOSP;0.834
92.00	94.50	FOSP;0.883
122.75	124.50	FOSP;0.818
138.50	139.75	FOSP;0.655
153.75	156.00	FOSP;0.723
172.00	175.00	FOSP;0.896
8.75	10.75	GCSP;0.912
21.25	23.50	GCSP;0.946
36.00	38.75	GCSP;0.928
50.00	52.25	GCSP;0.869
62.50	65.00	GCSP;0.896
75.75	78.25	GCSP;0.961
89.00	92.00	GCSP;0.973
101.25	104.50	GCSP;0.965
129.75	132.00	GCSP;0.802
158.75	160.50	GCSP;0.761
178.00	178.25	GCSP;0.563
193.75	195.50	GCSP;0.882
211.50	214.50	GCSP;0.961
227.00	229.25	GCSP;0.787
241.00	244.25	GCSP;0.872
255.25	258.00	GCSP;0.891
284.25	287.00	GCSP;0.902
6.50	7.75	LISP;0.615
119.75	120.25	LISP;0.529
148.00	150.00	LISP;0.782
161.00	161.25	LISP;0.524
250.50	252.50	LISP;0.832
265.50	267.00	LISP;0.745
280.25	282.00	LISP;0.727
164.75	166.00	PISI;0.607
83.25	86.00	RCKI;0.768
98.75	101.00	RCKI;0.893
115.50	117.50	RCKI;0.798
151.75	153.00	RCKI;0.652
157.50	158.00	RCKI;0.534
203.25	204.50	RECR;0.764
142.50	143.25	RUGR;0.554
230.00	230.50	VESP;0.642
0.75	3.50	WCSP;0.836
33.00	35.00	WCSP;0.747
41.75	43.50	WCSP;0.905
48.25	50.25	WCSP;0.787
64.75	67.00	WCSP;0.854
79.25	82.00	WCSP;0.881
88.50	89.50	WCSP;0.634
95.50	98.00	WCSP;0.908
105.25	107.75	WCSP;0.857
112.50	114.75	WCSP;0.946
120.25	123.00	WCSP;0.928
128.25	130.50	WCSP;0.946
136.50	139.00	WCSP;0.922
162.25	164.75	WCSP;0.936
178.25	181.00	WCSP;0.952
186.50	187.00	WCSP;0.580
232.75	235.00	WCSP;0.786
201.00	203.50	WIWA;0.827
209.50	210.50	WIWA;0.641
216.00	218.50	WIWA;0.921
223.75	225.00	WIWA;0.638
