22.00	22.50	AMDI;0.528
319.25	320.00	AMDI;0.569
26.25	27.00	AMPI;0.574
33.00	33.25	AMPI;0.514
71.50	71.75	EAME;0.508
28.00	29.25	FOSP;0.671
57.50	61.50	FOSP;0.741
71.25	71.50	FOSP;0.508
130.50	131.50	FOSP;0.635
212.50	213.00	FOSP;0.538
266.25	268.50	FOSP;0.710
280.75	281.50	FOSP;0.622
303.50	303.75	FOSP;0.502
412.75	413.75	FOSP;0.710
461.50	463.25	FOSP;0.739
466.50	467.25	FOSP;0.572
474.25	476.50	FOSP;0.905
477.75	479.50	FOSP;0.722
483.50	486.75	FOSP;0.783
489.00	489.50	FOSP;0.620
494.50	496.50	FOSP;0.903
498.00	501.75	FOSP;0.827
504.50	507.25	FOSP;0.867
518.00	519.50	FOSP;0.619
527.25	528.75	FOSP;0.658
540.00	540.75	FOSP;0.564
554.25	555.00	FOSP;0.590
567.50	569.00	FOSP;0.779
591.75	593.50	FOSP;0.752
91.75	92.25	GCSP;0.508
167.75	168.25	GCSP;0.554
190.50	190.75	GCSP;0.533
235.50	236.50	GCSP;0.578
261.50	261.75	GCSP;0.515
262.00	262.50	GCSP;0.554
270.00	270.25	GCSP;0.555
327.00	327.25	GCSP;0.522
472.75	473.50	GCSP;0.567
595.25	595.50	GCSP;0.525
385.00	385.25	HETH;0.554
195.25	195.50	HOFI;0.513
301.75	302.25	HOFI;0.558
111.00	111.25	HOLA;0.520
118.00	118.25	LESA;0.554
310.25	311.50	LISP;0.673
356.75	359.50	LISP;0.925
363.00	364.00	LISP;0.609
372.75	375.00	LISP;0.912
382.00	384.50	LISP;0.852
396.50	398.50	LISP;0.826
404.00	405.00	LISP;0.641
439.00	440.50	LISP;0.688
448.50	450.50	LISP;0.769
453.25	454.25	LISP;0.613
460.00	461.25	LISP;0.673
481.00	482.75	LISP;0.815
508.75	510.00	LISP;0.749
533.00	534.50	LISP;0.646
168.50	169.50	MOCH;0.705
271.00	271.75	MOCH;0.577
406.00	406.25	MOCH;0.543
8.00	10.50	PISI;0.916
12.00	12.50	PISI;0.578
19.25	21.25	PISI;0.939
46.00	48.50	PISI;0.932
61.75	63.25	PISI;0.737
161.25	163.75	PISI;0.889
170.25	170.50	PISI;0.502
171.00	171.50	PISI;0.569
272.75	273.50	PISI;0.629
277.75	278.50	PISI;0.663
338.75	341.00	PISI;0.883
457.50	460.50	PISI;0.936
82.50	83.00	REVI;0.512
520.00	520.25	REVI;0.512
555.50	556.50	REVI;0.563
23.75	24.25	SAND;0.527
153.75	155.00	SAPH;0.850
96.25	96.75	SNBU;0.543
302.25	302.75	SNBU;0.508
525.50	526.00	SNBU;0.528
540.00	540.25	SNBU;0.525
591.00	591.75	SNBU;0.522
30.25	31.00	SOSP;0.557
35.25	38.50	SWSP;0.793
41.50	43.00	SWSP;0.603
158.75	159.00	SWSP;0.513
189.25	189.75	SWSP;0.523
223.50	224.50	SWSP;0.602
350.50	352.75	SWSP;0.878
380.75	382.00	SWSP;0.760
573.75	574.00	SWSP;0.539
595.75	597.00	SWSP;0.670
6.50	7.75	TEWA;0.566
13.50	15.50	TEWA;0.734
22.00	22.50	TEWA;0.535
44.00	45.00	TEWA;0.554
49.25	50.50	TEWA;0.600
56.50	57.75	TEWA;0.714
62.75	65.00	TEWA;0.768
69.25	72.25	TEWA;0.811
76.50	78.75	TEWA;0.724
83.25	86.00	TEWA;0.722
90.50	93.25	TEWA;0.773
134.50	135.00	TEWA;0.541
135.50	136.00	TEWA;0.555
149.00	151.50	TEWA;0.876
157.00	158.00	TEWA;0.622
164.00	165.50	TEWA;0.668
171.75	173.50	TEWA;0.633
180.00	181.50	TEWA;0.685
198.00	198.75	TEWA;0.545
205.50	207.25	TEWA;0.697
230.50	231.75	TEWA;0.693
237.25	239.75	TEWA;0.795
245.75	247.00	TEWA;0.710
252.00	254.75	TEWA;0.862
275.00	276.75	TEWA;0.610
284.00	285.25	TEWA;0.585
291.00	291.50	TEWA;0.565
298.75	300.75	TEWA;0.749
313.00	316.50	TEWA;0.852
321.50	323.00	TEWA;0.656
328.50	331.50	TEWA;0.820
336.25	339.50	TEWA;0.877
345.00	347.25	TEWA;0.811
353.25	355.00	TEWA;0.764
360.25	362.50	TEWA;0.750
368.25	370.75	TEWA;0.764
377.00	379.00	TEWA;0.659
384.50	387.50	TEWA;0.816
391.50	395.00	TEWA;0.884
400.75	403.50	TEWA;0.842
407.75	411.50	TEWA;0.883
416.00	419.00	TEWA;0.837
423.50	427.25	TEWA;0.920
431.75	434.75	TEWA;0.867
439.50	442.50	TEWA;0.853
446.75	449.50	TEWA;0.806
454.00	457.00	TEWA;0.754
462.00	465.00	TEWA;0.854
469.25	472.50	TEWA;0.814
484.25	485.50	TEWA;0.628
491.50	493.50	TEWA;0.814
499.25	501.75	TEWA;0.780
507.00	509.00	TEWA;0.722
512.75	516.50	TEWA;0.892
520.50	523.00	TEWA;0.818
527.75	531.00	TEWA;0.826
535.00	536.25	TEWA;0.701
542.50	545.50	TEWA;0.805
550.75	553.00	TEWA;0.724
557.50	559.50	TEWA;0.830
564.00	566.00	TEWA;0.718
571.25	573.00	TEWA;0.781
580.00	581.50	TEWA;0.790
587.00	589.25	TEWA;0.793
2.50	4.50	WCSP;0.843
13.25	13.50	WCSP;0.523
15.75	18.50	WCSP;0.905
51.00	52.00	WCSP;0.711
54.00	55.25	WCSP;0.659
65.00	67.00	WCSP;0.835
78.75	80.75	WCSP;0.780
86.50	89.00	WCSP;0.947
93.50	94.50	WCSP;0.561
97.50	99.50	WCSP;0.781
106.00	108.50	WCSP;0.903
114.25	117.25	WCSP;0.837
123.25	125.00	WCSP;0.763
137.25	138.25	WCSP;0.599
145.00	146.50	WCSP;0.581
152.50	154.00	WCSP;0.638
160.00	161.00	WCSP;0.628
174.25	175.25	WCSP;0.758
178.00	179.75	WCSP;0.773
183.50	185.50	WCSP;0.829
190.50	194.50	WCSP;0.910
201.00	201.25	WCSP;0.516
209.75	212.50	WCSP;0.883
218.75	221.00	WCSP;0.931
226.75	229.00	WCSP;0.894
233.25	236.00	WCSP;0.947
241.00	243.25	WCSP;0.808
250.75	252.75	WCSP;0.816
262.00	262.25	WCSP;0.578
264.50	266.75	WCSP;0.779
267.75	268.25	WCSP;0.539
274.25	274.50	WCSP;0.525
281.50	283.75	WCSP;0.870
296.00	296.25	WCSP;0.515
568.75	569.00	WCSP;0.512
545.50	546.00	WEME;0.551
1.50	2.00	WTSP;0.631
2.25	2.50	WTSP;0.551
45.00	46.25	WTSP;0.714
53.50	53.75	WTSP;0.510
134.50	134.75	WTSP;0.531
143.50	144.50	WTSP;0.585
209.25	210.25	WTSP;0.654
247.75	249.50	WTSP;0.739
273.00	274.25	WTSP;0.639
443.50	444.00	WTSP;0.556
446.50	447.00	WTSP;0.559
