31.50	31.75	AMRO;0.699
32.00	32.25	AMRO;0.718
32.50	32.75	AMRO;0.694
33.00	33.25	AMRO;0.696
33.75	36.25	AMRO;0.884
38.50	42.00	AMRO;0.875
52.25	53.75	AMRO;0.870
54.25	55.00	AMRO;0.717
67.25	71.25	AMRO;0.982
77.75	80.25	AMRO;0.939
93.50	95.50	AMRO;0.873
101.50	104.75	AMRO;0.945
119.25	120.00	AMRO;0.736
121.50	122.50	AMRO;0.759
130.50	133.00	AMRO;0.980
136.75	137.00	AMRO;0.721
138.75	141.50	AMRO;0.869
143.50	144.50	AMRO;0.764
150.00	151.50	AMRO;0.786
156.00	159.50	AMRO;0.922
168.00	176.25	AMRO;0.984
183.25	184.00	AMRO;0.733
192.25	195.00	AMRO;0.986
197.50	201.00	AMRO;0.979
202.25	203.25	AMRO;0.759
205.75	209.50	AMRO;0.981
214.00	219.75	AMRO;0.950
221.00	222.50	AMRO;0.801
224.75	227.00	AMRO;0.880
227.75	232.00	AMRO;0.945
237.00	237.25	AMRO;0.721
242.00	242.50	AMRO;0.696
245.00	247.25	AMRO;0.878
249.25	251.00	AMRO;0.880
254.50	255.25	AMRO;0.747
259.00	261.00	AMRO;0.832
263.50	265.00	AMRO;0.788
265.25	265.50	AMRO;0.733
271.00	273.25	AMRO;0.904
47.25	47.50	FISP;0.526
80.00	81.00	FISP;0.593
295.50	296.25	FISP;0.684
3.25	4.00	FOSP;0.593
19.00	22.75	FOSP;0.736
35.75	36.25	FOSP;0.517
41.50	44.00	FOSP;0.851
61.25	62.50	FOSP;0.711
82.00	82.50	FOSP;0.555
147.50	149.25	FOSP;0.789
180.50	182.50	FOSP;0.802
202.00	203.25	FOSP;0.650
241.25	242.50	FOSP;0.740
274.25	276.00	FOSP;0.871
62.00	63.00	GCSP;0.669
97.75	99.00	GCSP;0.701
81.50	82.50	GRCA;0.618
294.00	295.00	GRCA;0.628
10.00	11.00	HETH;0.673
284.50	287.00	HETH;0.813
132.00	134.50	LISP;0.882
142.00	143.00	LISP;0.621
174.50	176.75	LISP;0.914
208.50	210.25	LISP;0.746
232.00	232.75	LISP;0.603
244.25	244.50	LISP;0.544
289.75	291.50	LISP;0.762
2.25	3.00	MOCH;0.557
25.00	25.50	MOCH;0.600
117.00	118.25	OCWA;0.655
34.75	35.00	RBGR;0.526
66.75	67.50	RBGR;0.612
100.50	101.50	RBGR;0.612
118.00	119.50	RBGR;0.729
135.00	136.50	RBGR;0.729
153.75	154.25	RBGR;0.558
186.25	187.75	RBGR;0.704
205.00	206.00	RBGR;0.567
254.75	255.50	RBGR;0.581
264.25	265.00	RBGR;0.548
226.50	227.00	SNBU;0.625
126.50	127.00	TOSO;0.522
142.00	142.25	TOSO;0.517
142.50	142.75	TOSO;0.599
250.75	251.50	TOSO;0.548
277.50	278.50	TOSO;0.612
218.75	219.50	VESP;0.586
244.00	244.25	WCSP;0.526
255.25	257.25	WCSP;0.858
292.00	294.25	WCSP;0.829
48.00	50.50	WIWA;0.903
4.25	7.00	WTSP;0.973
8.50	10.75	WTSP;0.944
12.50	18.00	WTSP;0.988
27.25	33.00	WTSP;0.988
37.50	38.50	WTSP;0.792
45.00	47.00	WTSP;0.840
52.25	57.25	WTSP;0.977
58.25	67.00	WTSP;0.969
71.25	77.25	WTSP;0.990
79.00	80.50	WTSP;0.823
82.50	86.50	WTSP;0.981
88.25	95.50	WTSP;0.988
96.75	98.50	WTSP;0.884
101.00	108.00	WTSP;0.990
110.00	116.00	WTSP;0.967
119.25	123.75	WTSP;0.980
125.00	130.50	WTSP;0.971
134.50	140.50	WTSP;0.984
143.75	147.50	WTSP;0.984
149.75	152.00	WTSP;0.937
153.75	156.75	WTSP;0.974
158.00	165.00	WTSP;0.995
166.25	168.25	WTSP;0.856
168.75	173.75	WTSP;0.969
177.00	180.75	WTSP;0.938
183.00	189.50	WTSP;0.993
190.50	193.00	WTSP;0.922
194.00	200.50	WTSP;0.927
203.75	208.00	WTSP;0.982
213.25	216.00	WTSP;0.964
228.25	231.50	WTSP;0.959
237.50	240.00	WTSP;0.983
245.00	249.50	WTSP;0.910
251.50	254.75	WTSP;0.948
259.00	261.50	WTSP;0.957
267.25	271.50	WTSP;0.980
277.50	281.00	WTSP;0.979
285.00	286.50	WTSP;0.800
288.50	289.25	WTSP;0.793
294.00	296.00	WTSP;0.879
