10.00	10.50	AMGP;0.529
147.00	147.50	AMGP;0.547
0.50	2.50	AMRO;0.813
6.50	8.00	AMRO;0.797
15.25	16.25	AMRO;0.759
18.50	19.50	AMRO;0.760
19.75	20.00	AMRO;0.705
22.00	24.25	AMRO;0.928
26.50	29.50	AMRO;0.975
33.50	36.25	AMRO;0.953
46.00	50.50	AMRO;0.988
54.75	57.50	AMRO;0.966
61.00	64.50	AMRO;0.981
68.75	70.50	AMRO;0.917
76.75	79.00	AMRO;0.949
82.00	82.25	AMRO;0.708
83.75	84.50	AMRO;0.712
87.75	90.25	AMRO;0.901
102.00	105.25	AMRO;0.944
109.00	111.25	AMRO;0.848
114.00	117.25	AMRO;0.975
120.00	122.50	AMRO;0.978
127.00	128.25	AMRO;0.741
131.50	134.00	AMRO;0.955
138.00	140.25	AMRO;0.887
145.25	147.00	AMRO;0.872
159.50	161.75	AMRO;0.925
168.50	171.50	AMRO;0.974
185.50	189.00	AMRO;0.974
189.25	189.75	AMRO;0.720
190.00	191.00	AMRO;0.740
194.00	196.00	AMRO;0.922
201.75	205.50	AMRO;0.975
210.75	211.75	AMRO;0.750
223.00	226.00	AMRO;0.954
230.00	231.25	AMRO;0.757
237.00	238.50	AMRO;0.832
243.50	246.00	AMRO;0.896
251.50	254.50	AMRO;0.959
259.00	261.00	AMRO;0.881
266.50	271.00	AMRO;0.969
275.00	279.50	AMRO;0.967
282.25	284.50	AMRO;0.958
296.00	298.75	AMRO;0.960
190.00	190.50	BAOR;0.554
13.00	15.50	CHSP;0.779
22.00	25.00	CHSP;0.850
30.25	33.25	CHSP;0.944
39.00	41.00	CHSP;0.723
47.50	50.00	CHSP;0.701
57.00	59.00	CHSP;0.870
73.00	74.75	CHSP;0.767
79.00	81.00	CHSP;0.788
88.25	91.25	CHSP;0.890
107.25	110.25	CHSP;0.898
124.00	126.75	CHSP;0.925
133.50	136.00	CHSP;0.867
141.25	144.00	CHSP;0.880
150.00	153.00	CHSP;0.917
159.00	161.50	CHSP;0.747
167.00	169.50	CHSP;0.862
175.25	176.50	CHSP;0.620
186.50	188.50	CHSP;0.860
217.50	219.00	CHSP;0.817
226.00	226.75	CHSP;0.585
236.00	238.00	CHSP;0.832
257.00	258.00	CHSP;0.557
265.50	267.00	CHSP;0.678
284.00	286.50	CHSP;0.918
70.25	72.00	GWTE;0.809
238.00	239.00	GWTE;0.606
12.50	12.75	LISP;0.502
46.00	46.50	LISP;0.524
86.75	87.00	LISP;0.524
240.75	241.50	LISP;0.599
227.25	227.50	PAWA;0.502
228.25	228.50	PAWA;0.552
246.50	248.00	PAWA;0.810
271.50	272.50	PIGR;0.578
12.00	13.00	ROWR;0.695
36.00	37.50	RWBL;0.821
260.75	261.50	SATH;0.601
52.25	54.50	SPSA;0.924
95.50	98.00	SPSA;0.953
135.00	138.00	SPSA;0.966
178.75	180.00	SPSA;0.532
244.25	247.00	SPSA;0.918
4.50	6.50	WIWA;0.778
16.50	18.25	WIWA;0.775
27.50	30.25	WIWA;0.841
40.75	43.50	WIWA;0.871
53.50	55.75	WIWA;0.698
64.50	66.50	WIWA;0.871
81.00	83.50	WIWA;0.953
98.25	100.75	WIWA;0.875
115.25	117.50	WIWA;0.841
130.25	133.00	WIWA;0.893
147.00	149.75	WIWA;0.903
162.00	164.50	WIWA;0.876
177.75	180.50	WIWA;0.865
192.00	192.25	WIWA;0.520
192.50	194.50	WIWA;0.889
207.50	210.00	WIWA;0.920
221.50	223.50	WIWA;0.847
240.50	243.00	WIWA;0.846
258.00	260.50	WIWA;0.736
275.25	277.50	WIWA;0.850
291.75	293.50	WIWA;0.768
