195.25	196.50	AMRO;0.581
230.50	231.25	ATSP;0.572
36.50	37.25	BCCH;0.563
103.50	105.50	BCCH;0.833
94.00	95.00	CHSW;0.554
210.50	210.75	FISP;0.507
204.00	204.25	FOSP;0.523
206.75	208.25	FOSP;0.722
212.75	214.50	FOSP;0.812
217.50	219.75	FOSP;0.862
227.00	228.50	FOSP;0.625
233.75	234.25	FOSP;0.522
239.50	240.50	FOSP;0.608
266.00	268.50	FOSP;0.860
269.00	271.00	FOSP;0.804
273.50	275.25	FOSP;0.769
279.25	279.50	FOSP;0.506
284.50	285.75	FOSP;0.772
287.00	289.00	FOSP;0.795
291.25	293.50	FOSP;0.923
296.00	296.25	FOSP;0.522
22.75	24.00	HETH;0.679
144.00	144.75	LISP;0.590
193.75	195.50	LISP;0.776
234.00	236.00	LISP;0.818
246.00	247.50	LISP;0.803
258.50	260.50	LISP;0.831
270.50	272.50	LISP;0.897
283.00	284.50	LISP;0.753
294.50	295.75	LISP;0.790
210.50	211.50	OCWA;0.594
47.00	53.75	PISI;0.987
56.25	61.00	PISI;0.985
63.50	70.00	PISI;0.991
71.50	83.00	PISI;0.990
83.25	83.50	PISI;0.710
122.00	135.00	PISI;0.995
172.50	174.75	PISI;0.863
176.50	178.75	PISI;0.922
195.75	196.75	PISI;0.774
198.25	198.50	PISI;0.708
198.75	201.75	PISI;0.933
215.00	217.50	PISI;0.913
224.00	225.50	PISI;0.872
243.75	245.50	PISI;0.856
248.50	250.25	PISI;0.823
272.75	274.25	PISI;0.779
275.00	278.00	PISI;0.993
281.00	281.50	PISI;0.736
285.50	288.00	PISI;0.986
30.25	30.50	RWBL;0.526
255.50	255.75	SBDO;0.504
256.00	256.25	SBDO;0.523
203.00	204.75	SOSP;0.716
223.00	225.00	SOSP;0.822
232.75	234.50	SOSP;0.699
239.50	241.00	SOSP;0.630
280.00	281.75	SOSP;0.694
285.75	286.00	SOSP;0.510
298.25	300.00	SOSP;0.653
9.75	11.75	SWSP;0.755
25.75	26.00	SWSP;0.523
33.50	34.75	SWSP;0.601
41.00	42.25	SWSP;0.632
101.25	102.50	SWSP;0.637
114.50	116.50	SWSP;0.795
135.00	136.50	SWSP;0.730
141.00	142.50	SWSP;0.666
142.75	143.00	SWSP;0.540
148.50	150.25	SWSP;0.709
155.25	157.00	SWSP;0.749
162.50	164.00	SWSP;0.712
183.00	184.50	SWSP;0.694
196.50	198.00	SWSP;0.711
261.75	263.50	SWSP;0.716
62.00	62.50	TEWA;0.539
106.25	106.75	TEWA;0.504
152.50	154.75	WCSP;0.859
164.00	166.50	WCSP;0.929
180.00	182.25	WCSP;0.834
191.75	194.00	WCSP;0.902
207.50	210.25	WCSP;0.945
221.00	223.50	WCSP;0.957
242.25	244.00	WCSP;0.759
140.75	141.00	WTSP;0.538
