27.50	29.00	CHSP;0.768
15.25	15.50	CHSW;0.500
15.75	16.00	CHSW;0.501
65.50	66.25	CHSW;0.579
115.25	117.00	CHSW;0.696
226.00	228.00	CHSW;0.825
278.00	279.00	CHSW;0.598
292.00	293.50	EAME;0.687
0.50	3.25	FOSP;0.812
16.50	18.50	FOSP;0.670
29.00	31.50	FOSP;0.877
58.00	60.00	FOSP;0.817
69.00	72.00	FOSP;0.934
87.50	90.50	FOSP;0.899
106.25	108.50	FOSP;0.863
124.50	127.50	FOSP;0.899
145.00	147.50	FOSP;0.946
161.00	162.25	FOSP;0.586
172.25	174.25	FOSP;0.810
191.50	192.25	FOSP;0.591
208.75	211.00	FOSP;0.874
229.25	231.50	FOSP;0.846
245.75	248.50	FOSP;0.885
261.50	263.50	FOSP;0.859
263.75	264.00	FOSP;0.539
24.50	25.25	MOCH;0.588
37.00	38.50	MOCH;0.698
58.00	58.25	SNBU;0.508
272.00	272.25	WEKI;0.557
272.50	273.00	WEKI;0.569
13.50	15.50	WIWA;0.704
23.50	24.75	WIWA;0.626
33.00	33.25	WIWA;0.504
33.50	35.00	WIWA;0.697
44.00	45.75	WIWA;0.697
55.00	55.75	WIWA;0.558
74.00	77.00	WIWA;0.870
84.50	85.75	WIWA;0.638
94.50	97.50	WIWA;0.951
202.75	203.75	WIWA;0.606
212.50	214.75	WIWA;0.750
11.50	13.00	WTSP;0.859
35.00	35.25	WTSP;0.504
35.50	37.00	WTSP;0.831
55.50	57.00	WTSP;0.793
66.00	66.50	WTSP;0.562
78.50	79.25	WTSP;0.595
105.00	105.50	WTSP;0.553
