4.75	5.50	AMRO;0.575
221.25	222.50	AMRO;0.585
188.00	189.25	BAOR;0.624
90.50	91.00	BHVI;0.525
89.25	90.00	BLJA;0.576
0.50	1.25	FISP;0.583
258.50	258.75	FISP;0.524
199.00	199.75	FOSP;0.587
259.75	261.00	FOSP;0.600
268.00	268.50	GCSP;0.546
85.00	87.00	HETH;0.869
216.00	217.00	HETH;0.706
241.00	241.50	HETH;0.532
36.00	36.25	MOCH;0.502
48.00	49.50	MOCH;0.797
58.75	59.50	MOCH;0.582
130.50	131.25	MOCH;0.685
223.50	223.75	SNBU;0.550
234.50	235.50	SNBU;0.619
271.00	272.25	SNBU;0.742
117.00	117.25	WCSP;0.531
132.75	133.00	WCSP;0.508
163.00	164.00	WCSP;0.620
177.50	180.00	WCSP;0.899
297.25	297.50	WCSP;0.514
297.75	298.00	WCSP;0.553
36.75	37.50	WTSP;0.602
59.50	60.50	WTSP;0.678
75.00	75.25	WTSP;0.534
81.00	83.50	WTSP;0.884
193.00	194.25	WTSP;0.622
208.50	209.00	WTSP;0.554
209.25	209.50	WTSP;0.526
227.00	227.50	WTSP;0.550
241.75	242.75	WTSP;0.664
249.75	250.00	WTSP;0.529
265.50	268.25	WTSP;0.918
273.00	276.25	WTSP;0.957
278.50	283.00	WTSP;0.969
287.25	290.00	WTSP;0.933
295.25	297.00	WTSP;0.839
79.50	80.25	WWCR;0.587
