8.25	9.00	AMRO;0.541
14.00	15.00	AMRO;0.599
23.50	24.50	AMRO;0.597
28.25	32.00	AMRO;0.804
35.75	37.00	AMRO;0.694
37.50	42.00	AMRO;0.894
43.00	43.75	AMRO;0.583
51.50	53.25	AMRO;0.747
55.75	57.00	AMRO;0.708
64.00	65.00	AMRO;0.727
68.25	68.50	AMRO;0.502
75.75	79.75	AMRO;0.865
85.00	89.25	AMRO;0.798
91.50	93.25	AMRO;0.805
94.00	94.25	AMRO;0.527
94.50	95.25	AMRO;0.697
97.75	99.50	AMRO;0.773
99.75	100.00	AMRO;0.509
105.50	106.50	AMRO;0.564
116.75	117.50	AMRO;0.599
123.75	125.25	AMRO;0.795
131.75	134.00	AMRO;0.798
139.00	140.50	AMRO;0.815
146.00	147.00	AMRO;0.560
149.50	152.25	AMRO;0.834
160.50	164.00	AMRO;0.959
216.25	218.50	AMRO;0.914
223.75	224.50	AMRO;0.594
273.75	274.00	AMRO;0.504
277.00	277.75	AMRO;0.516
352.00	354.00	AMRO;0.658
357.50	359.25	AMRO;0.792
368.25	370.50	AMRO;0.886
375.25	376.00	AMRO;0.658
404.00	404.25	AMRO;0.527
406.50	407.50	AMRO;0.669
493.00	495.50	AMRO;0.805
495.75	496.00	AMRO;0.502
514.75	515.75	AMRO;0.616
524.25	524.50	AMRO;0.506
542.00	543.75	AMRO;0.734
555.50	557.00	AMRO;0.789
560.25	563.50	AMRO;0.842
564.50	567.00	AMRO;0.878
574.00	575.00	AMRO;0.669
577.50	580.75	AMRO;0.923
584.50	585.00	AMRO;0.508
591.00	592.75	AMRO;0.685
594.50	595.50	AMRO;0.664
531.50	531.75	BBPL;0.505
532.00	533.00	BBPL;0.666
214.50	215.50	BCCH;0.674
118.75	119.50	BFAL;0.623
27.00	28.75	CHSP;0.843
179.50	181.25	CHSP;0.934
264.50	269.25	CHSP;0.988
292.00	296.25	CHSP;0.969
301.50	305.75	CHSP;0.977
309.50	314.50	CHSP;0.975
318.50	323.00	CHSP;0.982
328.00	332.00	CHSP;0.982
333.00	336.50	CHSP;0.976
346.50	348.50	CHSP;0.938
353.00	356.00	CHSP;0.982
362.25	365.75	CHSP;0.975
371.50	374.50	CHSP;0.979
381.25	384.00	CHSP;0.967
388.00	388.75	CHSP;0.763
397.00	400.75	CHSP;0.981
420.25	421.50	CHSP;0.783
426.00	428.75	CHSP;0.975
435.50	440.50	CHSP;0.977
447.25	450.00	CHSP;0.968
460.25	461.50	CHSP;0.851
469.00	472.75	CHSP;0.982
479.50	482.50	CHSP;0.977
491.50	493.50	CHSP;0.961
503.50	505.50	CHSP;0.894
516.00	519.25	CHSP;0.981
527.25	529.50	CHSP;0.980
536.00	539.00	CHSP;0.973
541.25	542.25	CHSP;0.754
546.00	548.75	CHSP;0.963
556.00	559.75	CHSP;0.979
569.00	570.50	CHSP;0.916
573.50	576.50	CHSP;0.971
477.00	477.50	EAME;0.568
1.75	7.50	FOSP;0.887
21.50	23.50	FOSP;0.711
25.25	26.25	FOSP;0.583
45.50	47.50	FOSP;0.870
49.00	50.50	FOSP;0.728
79.75	80.50	FOSP;0.607
110.25	111.75	FOSP;0.687
126.25	128.00	FOSP;0.790
141.25	143.25	FOSP;0.824
190.00	192.00	FOSP;0.812
198.25	199.50	FOSP;0.725
206.25	208.00	FOSP;0.702
218.75	221.50	FOSP;0.806
225.00	228.00	FOSP;0.870
239.75	241.00	FOSP;0.677
241.25	241.50	FOSP;0.510
253.00	254.25	FOSP;0.621
261.50	263.50	FOSP;0.717
265.50	265.75	FOSP;0.523
270.00	272.00	FOSP;0.838
280.00	282.75	FOSP;0.807
285.25	287.50	FOSP;0.852
299.50	302.00	FOSP;0.798
315.00	316.75	FOSP;0.734
323.00	323.75	FOSP;0.599
330.25	331.50	FOSP;0.728
346.00	347.50	FOSP;0.698
362.50	364.00	FOSP;0.742
384.50	386.00	FOSP;0.584
394.00	396.00	FOSP;0.755
405.00	407.00	FOSP;0.791
412.25	414.50	FOSP;0.760
422.75	425.00	FOSP;0.798
430.25	431.25	FOSP;0.659
441.50	442.75	FOSP;0.712
447.00	448.50	FOSP;0.794
459.50	461.25	FOSP;0.768
464.50	466.00	FOSP;0.775
499.25	501.00	FOSP;0.832
536.75	537.75	FOSP;0.801
389.75	390.75	GCSP;0.596
381.50	382.75	GRCA;0.669
173.25	175.00	HETH;0.819
205.50	205.75	HETH;0.590
229.00	230.75	HETH;0.816
481.00	481.25	HETH;0.505
182.00	182.50	MGWA;0.571
248.75	249.25	MOCH;0.564
20.00	20.50	PUFI;0.509
348.25	348.50	RBGR;0.508
235.50	236.00	RBGU;0.520
476.00	478.00	RUGR;0.896
146.25	146.50	SBDO;0.504
453.50	454.25	SBDO;0.540
563.00	564.50	SBDO;0.596
365.50	366.75	SWSP;0.686
11.00	11.25	TOSO;0.547
13.50	15.00	VATH;0.575
58.75	61.00	VATH;0.881
78.25	79.25	VATH;0.613
119.75	122.50	VATH;0.805
132.00	132.75	VATH;0.603
152.25	155.25	VATH;0.926
338.25	340.00	VATH;0.934
397.00	397.75	VATH;0.598
450.75	453.00	VATH;0.900
492.00	492.50	VATH;0.536
545.75	547.50	VATH;0.813
328.25	328.50	WCSP;0.533
331.50	333.00	WCSP;0.761
340.50	342.50	WCSP;0.815
351.25	352.75	WCSP;0.716
361.50	362.25	WCSP;0.567
377.00	379.00	WCSP;0.868
417.75	418.00	WCSP;0.544
444.25	446.50	WCSP;0.836
461.25	464.00	WCSP;0.921
472.25	475.00	WCSP;0.905
481.50	482.50	WCSP;0.592
489.25	492.00	WCSP;0.928
520.00	522.25	WCSP;0.861
538.50	539.50	WCSP;0.692
550.50	552.25	WCSP;0.724
567.75	569.25	WCSP;0.626
587.00	589.50	WCSP;0.839
596.00	598.00	WCSP;0.802
0.00	2.00	WIWA;0.799
7.50	10.50	WIWA;0.970
16.00	19.00	WIWA;0.974
24.50	27.00	WIWA;0.964
33.50	36.75	WIWA;0.975
42.25	45.50	WIWA;0.977
50.75	54.00	WIWA;0.949
61.00	63.75	WIWA;0.918
70.75	74.50	WIWA;0.972
81.50	84.75	WIWA;0.974
93.00	96.50	WIWA;0.981
103.25	106.75	WIWA;0.979
112.50	115.75	WIWA;0.964
124.25	127.50	WIWA;0.983
136.00	139.50	WIWA;0.976
154.50	158.00	WIWA;0.982
164.75	168.50	WIWA;0.986
176.00	179.50	WIWA;0.988
185.00	188.00	WIWA;0.992
211.00	212.00	WIWA;0.750
278.50	279.00	WIWA;0.724
287.25	289.25	WIWA;0.864
296.50	296.75	WIWA;0.717
297.25	298.00	WIWA;0.795
305.25	308.00	WIWA;0.950
316.00	318.50	WIWA;0.908
325.50	328.50	WIWA;0.949
336.50	337.00	WIWA;0.728
337.25	337.50	WIWA;0.704
344.00	346.50	WIWA;0.867
356.00	357.50	WIWA;0.783
358.75	362.00	WIWA;0.977
370.25	371.75	WIWA;0.863
378.25	381.75	WIWA;0.975
384.00	387.25	WIWA;0.973
388.75	394.75	WIWA;0.979
400.50	404.75	WIWA;0.979
407.50	412.75	WIWA;0.984
415.00	420.50	WIWA;0.982
422.50	426.00	WIWA;0.950
428.25	435.00	WIWA;0.982
440.00	444.50	WIWA;0.953
449.50	452.25	WIWA;0.964
455.50	460.75	WIWA;0.985
465.50	469.50	WIWA;0.974
474.50	480.25	WIWA;0.981
483.25	487.00	WIWA;0.971
493.00	499.50	WIWA;0.984
501.25	504.00	WIWA;0.952
506.25	510.00	WIWA;0.976
519.00	521.00	WIWA;0.938
525.00	527.75	WIWA;0.966
529.00	531.75	WIWA;0.966
538.75	541.75	WIWA;0.978
548.00	551.50	WIWA;0.965
559.50	560.25	WIWA;0.750
570.00	572.50	WIWA;0.947
576.25	579.25	WIWA;0.969
579.75	583.75	WIWA;0.977
589.50	595.00	WIWA;0.981
9.75	13.00	WTSP;0.923
19.75	20.75	WTSP;0.862
29.00	32.75	WTSP;0.971
39.00	42.75	WTSP;0.960
53.00	57.50	WTSP;0.977
65.50	71.25	WTSP;0.981
80.50	82.50	WTSP;0.911
96.00	99.00	WTSP;0.953
106.25	110.25	WTSP;0.962
112.00	113.25	WTSP;0.811
131.25	131.50	WTSP;0.721
134.50	137.50	WTSP;0.949
149.50	150.25	WTSP;0.734
175.75	176.00	WTSP;0.697
193.00	197.00	WTSP;0.993
200.00	202.50	WTSP;0.958
230.00	234.00	WTSP;0.989
237.00	239.50	WTSP;0.971
245.50	248.25	WTSP;0.953
251.50	253.50	WTSP;0.937
257.00	259.25	WTSP;0.953
268.25	269.75	WTSP;0.869
278.75	279.75	WTSP;0.797
324.75	325.50	WTSP;0.781
340.00	340.25	WTSP;0.701
356.50	359.00	WTSP;0.968
367.50	370.50	WTSP;0.951
443.25	445.25	WTSP;0.905
513.50	517.50	WTSP;0.977
523.50	526.50	WTSP;0.934
533.25	536.50	WTSP;0.989
541.50	544.00	WTSP;0.918
552.00	553.50	WTSP;0.868
567.00	567.25	WTSP;0.720
571.75	574.00	WTSP;0.902
583.50	587.00	WTSP;0.978
595.00	596.50	WTSP;0.799
597.50	600.00	WTSP;0.940
487.00	488.50	YRWA;0.614
