444.00	444.75	BRSP;0.570
202.25	203.50	CAFI;0.663
314.00	314.50	CAFI;0.538
381.50	384.75	CHSP;0.834
416.50	421.00	CHSP;0.948
442.00	443.50	CHSP;0.566
443.75	444.00	CHSP;0.509
500.25	504.25	CHSP;0.854
530.00	534.00	CHSP;0.941
553.50	556.75	CHSP;0.928
566.50	571.00	CHSP;0.939
581.50	585.25	CHSP;0.918
8.75	10.00	EATO;0.632
407.25	407.50	EATO;0.503
157.00	159.00	FISP;0.633
182.00	183.50	FISP;0.651
489.50	490.25	FISP;0.555
46.00	48.00	LISP;0.787
57.25	58.50	LISP;0.655
68.00	70.50	LISP;0.929
80.00	82.00	LISP;0.821
92.00	94.25	LISP;0.873
103.75	105.50	LISP;0.765
115.00	117.00	LISP;0.857
126.50	129.00	LISP;0.919
138.50	140.75	LISP;0.716
152.75	153.00	LISP;0.519
163.50	165.00	LISP;0.684
177.00	179.25	LISP;0.907
190.25	192.75	LISP;0.923
267.50	267.75	LISP;0.517
283.00	283.25	LISP;0.520
357.00	358.00	LISP;0.599
369.75	370.50	LISP;0.579
394.75	396.00	LISP;0.677
406.00	406.75	LISP;0.539
455.75	458.00	LISP;0.859
468.75	470.50	LISP;0.818
520.25	522.00	LISP;0.696
533.50	535.00	LISP;0.722
548.25	549.75	LISP;0.755
580.25	581.75	LISP;0.768
495.00	496.00	MAWR;0.618
252.00	252.75	MOCH;0.575
441.50	441.75	MOCH;0.516
442.25	442.50	MOCH;0.525
442.75	443.00	MOCH;0.535
239.00	239.50	SOSP;0.566
374.75	375.75	SOSP;0.551
426.50	427.75	SOSP;0.642
434.75	436.50	SOSP;0.693
438.00	440.00	SOSP;0.680
449.50	451.25	SOSP;0.722
459.00	459.25	SOSP;0.506
459.50	461.25	SOSP;0.862
588.00	588.75	SOSP;0.534
410.00	411.25	WCSP;0.608
229.50	231.50	WTSP;0.871
246.50	248.00	WTSP;0.688
257.25	259.75	WTSP;0.824
262.25	262.50	WTSP;0.526
262.75	263.00	WTSP;0.518
284.50	286.00	WTSP;0.633
293.25	293.50	WTSP;0.515
433.25	435.25	WTSP;0.751
470.75	472.00	WTSP;0.645
486.50	489.50	WTSP;0.869
