2.00	2.75	AMRO;0.745
3.00	3.75	AMRO;0.726
4.00	16.50	AMRO;0.978
21.00	21.25	AMRO;0.731
21.50	23.00	AMRO;0.852
24.50	26.50	AMRO;0.786
27.00	31.00	AMRO;0.972
56.50	57.75	AMRO;0.774
91.75	93.00	AMRO;0.791
109.25	111.25	AMRO;0.917
135.50	137.25	AMRO;0.922
144.00	146.50	AMRO;0.870
149.00	149.25	AMRO;0.709
154.50	154.75	AMRO;0.699
167.00	170.00	AMRO;0.863
172.75	174.25	AMRO;0.857
180.50	181.75	AMRO;0.778
202.50	204.00	AMRO;0.944
210.50	213.75	AMRO;0.942
217.00	221.50	AMRO;0.942
225.00	235.50	AMRO;0.985
236.00	238.50	AMRO;0.935
240.00	252.75	AMRO;0.975
255.00	261.00	AMRO;0.984
261.25	261.50	AMRO;0.711
264.25	266.50	AMRO;0.905
267.50	270.00	AMRO;0.934
271.75	276.00	AMRO;0.986
280.00	283.00	AMRO;0.965
283.25	285.00	AMRO;0.850
285.25	285.50	AMRO;0.696
293.00	293.50	AMRO;0.719
97.00	101.25	CHSP;0.965
110.75	114.75	CHSP;0.891
136.50	138.50	CHSP;0.770
144.50	145.50	CHSP;0.607
153.50	155.00	CHSP;0.636
207.25	208.50	FISP;0.706
94.50	96.00	FOSP;0.823
118.00	119.25	FOSP;0.573
133.50	135.50	FOSP;0.758
150.75	153.00	FOSP;0.720
162.50	164.50	FOSP;0.870
186.50	188.00	FOSP;0.691
201.00	202.25	FOSP;0.640
238.50	239.50	FOSP;0.730
253.75	255.50	FOSP;0.691
276.50	278.50	FOSP;0.679
178.50	179.50	GCSP;0.599
215.25	215.75	HETH;0.515
294.75	295.50	HOLA;0.597
5.75	7.00	LISP;0.742
31.75	32.50	LISP;0.641
44.00	46.50	LISP;0.902
58.25	61.00	LISP;0.909
75.50	75.75	LISP;0.510
103.25	104.50	LISP;0.654
248.00	249.50	LISP;0.726
294.25	294.50	LISP;0.525
294.75	295.00	LISP;0.534
81.00	81.50	MOCH;0.540
3.50	5.00	RBGR;0.750
139.00	139.25	RBGR;0.506
68.50	69.75	REVI;0.647
23.25	24.50	SATH;0.735
34.00	34.75	SATH;0.592
235.50	235.75	SATH;0.500
155.25	156.00	TOSO;0.573
119.00	119.50	VESP;0.576
36.50	38.00	WCSP;0.765
40.75	42.25	WCSP;0.793
84.00	86.00	WCSP;0.820
182.50	183.25	WCSP;0.551
188.75	190.75	WCSP;0.760
241.75	243.50	WCSP;0.743
286.25	288.25	WCSP;0.880
292.00	294.25	WCSP;0.816
298.50	300.00	WCSP;0.852
3.00	3.25	WTSP;0.696
11.50	13.50	WTSP;0.883
17.00	31.50	WTSP;0.984
32.25	44.50	WTSP;0.988
47.50	58.75	WTSP;0.992
63.00	69.25	WTSP;0.990
71.50	74.50	WTSP;0.987
76.50	81.75	WTSP;0.974
85.75	91.00	WTSP;0.995
98.00	109.00	WTSP;0.987
114.50	117.75	WTSP;0.986
120.50	126.75	WTSP;0.989
129.50	133.75	WTSP;0.989
138.50	143.50	WTSP;0.990
146.00	146.25	WTSP;0.726
146.50	151.50	WTSP;0.984
155.25	162.50	WTSP;0.982
164.00	168.25	WTSP;0.974
169.00	171.75	WTSP;0.959
173.25	176.25	WTSP;0.951
179.50	186.50	WTSP;0.971
189.00	194.50	WTSP;0.991
197.50	200.75	WTSP;0.980
203.50	207.50	WTSP;0.992
209.00	223.25	WTSP;0.992
226.00	227.75	WTSP;0.776
251.50	253.75	WTSP;0.874
262.50	269.00	WTSP;0.977
270.50	272.00	WTSP;0.854
274.75	275.50	WTSP;0.732
282.00	285.00	WTSP;0.957
289.75	291.00	WTSP;0.783
296.00	299.00	WTSP;0.994
