5.25	8.00	AMRO;0.948
37.50	39.50	AMRO;0.808
54.50	56.50	AMRO;0.838
61.50	62.00	AMRO;0.551
69.00	72.00	AMRO;0.951
76.00	76.25	AMRO;0.530
82.00	84.50	AMRO;0.952
92.25	95.00	AMRO;0.913
99.25	101.25	AMRO;0.830
111.50	112.25	AMRO;0.523
117.75	125.50	AMRO;0.960
127.00	129.00	AMRO;0.808
129.50	131.00	AMRO;0.665
133.25	134.50	AMRO;0.658
141.25	142.75	AMRO;0.621
145.75	147.00	AMRO;0.709
149.00	151.00	AMRO;0.725
154.25	156.00	AMRO;0.792
159.50	160.50	AMRO;0.561
219.75	222.00	AMRO;0.931
271.50	273.25	AMRO;0.822
294.50	297.00	AMRO;0.890
280.50	281.50	BCCH;0.652
12.00	14.50	FOSP;0.892
24.00	25.75	FOSP;0.744
34.25	36.25	FOSP;0.723
56.50	58.00	FOSP;0.721
108.75	109.75	FOSP;0.603
156.50	158.50	FOSP;0.869
166.00	167.50	FOSP;0.642
168.75	171.50	FOSP;0.861
178.00	180.50	FOSP;0.925
187.25	189.50	FOSP;0.840
192.50	194.25	FOSP;0.739
202.50	204.75	FOSP;0.874
213.00	214.75	FOSP;0.843
230.25	231.00	FOSP;0.615
236.00	237.50	FOSP;0.654
242.25	244.00	FOSP;0.818
251.50	256.50	FOSP;0.922
262.50	264.75	FOSP;0.882
265.75	268.00	FOSP;0.901
273.50	275.25	FOSP;0.796
278.75	279.75	FOSP;0.629
282.00	284.00	FOSP;0.798
290.50	293.25	FOSP;0.893
298.50	300.00	FOSP;0.801
126.00	128.00	GCSP;0.835
124.00	125.00	LISP;0.648
167.75	169.00	LISP;0.576
227.75	229.25	LISP;0.779
136.50	139.25	PISI;0.913
153.00	153.25	SNBU;0.517
135.25	136.00	TOSO;0.545
218.25	219.00	VESP;0.633
1.00	4.25	WCSP;0.936
8.50	9.25	WCSP;0.779
14.25	18.00	WCSP;0.936
21.00	24.50	WCSP;0.951
27.00	30.00	WCSP;0.922
39.00	41.50	WCSP;0.991
45.00	48.00	WCSP;0.921
51.00	54.50	WCSP;0.945
58.75	61.00	WCSP;0.927
65.00	69.25	WCSP;0.956
72.50	76.25	WCSP;0.979
79.50	83.00	WCSP;0.940
86.25	90.50	WCSP;0.973
95.00	99.00	WCSP;0.976
103.75	107.25	WCSP;0.980
111.00	116.25	WCSP;0.969
131.00	133.75	WCSP;0.959
139.00	142.25	WCSP;0.972
144.75	150.25	WCSP;0.961
161.50	165.25	WCSP;0.931
171.00	171.25	WCSP;0.701
173.25	177.00	WCSP;0.947
180.50	184.25	WCSP;0.941
185.25	188.00	WCSP;0.964
189.50	193.00	WCSP;0.960
196.50	201.50	WCSP;0.963
206.00	209.75	WCSP;0.956
214.75	218.50	WCSP;0.971
220.50	227.00	WCSP;0.959
231.00	234.50	WCSP;0.919
235.75	242.75	WCSP;0.974
247.00	252.25	WCSP;0.965
256.75	260.50	WCSP;0.951
271.50	271.75	WCSP;0.755
275.25	279.00	WCSP;0.971
286.25	290.00	WCSP;0.979
296.00	299.50	WCSP;0.929
40.75	42.00	WTSP;0.684
197.00	198.00	WTSP;0.583
