8.00	10.50	AMRO;0.910
20.00	23.50	AMRO;0.858
26.00	28.25	AMRO;0.829
31.25	32.50	AMRO;0.616
32.75	33.00	AMRO;0.533
34.75	36.00	AMRO;0.585
50.00	50.25	AMRO;0.506
51.00	54.25	AMRO;0.911
63.00	65.50	AMRO;0.950
74.25	76.50	AMRO;0.730
80.00	84.00	AMRO;0.800
85.50	87.50	AMRO;0.818
92.50	95.25	AMRO;0.790
118.50	120.50	AMRO;0.796
122.50	123.50	AMRO;0.605
128.00	129.00	AMRO;0.610
142.75	144.00	AMRO;0.653
147.00	147.25	AMRO;0.509
147.50	149.75	AMRO;0.786
151.50	151.75	AMRO;0.522
153.50	153.75	AMRO;0.518
159.50	161.50	AMRO;0.705
168.00	168.25	AMRO;0.507
168.50	168.75	AMRO;0.530
169.00	170.50	AMRO;0.583
172.00	174.25	AMRO;0.845
175.00	176.50	AMRO;0.707
178.75	184.50	AMRO;0.957
188.00	190.00	AMRO;0.772
200.25	202.75	AMRO;0.769
206.75	209.00	AMRO;0.778
211.25	213.00	AMRO;0.658
218.50	220.00	AMRO;0.707
230.25	232.25	AMRO;0.730
265.00	265.75	AMRO;0.591
266.00	266.75	AMRO;0.563
267.00	268.50	AMRO;0.728
272.50	274.50	AMRO;0.741
274.75	275.50	AMRO;0.562
285.25	289.75	AMRO;0.916
291.25	291.75	BAOR;0.520
182.50	182.75	BEWR;0.515
203.50	204.50	BFAL;0.664
3.25	7.25	BRSP;0.883
34.25	39.00	BRSP;0.916
47.50	48.75	BRSP;0.617
58.00	60.00	BRSP;0.737
71.75	73.75	BRSP;0.743
74.50	75.25	BRSP;0.546
80.50	83.00	BRSP;0.645
85.50	88.75	BRSP;0.820
94.50	98.00	BRSP;0.826
103.50	106.50	BRSP;0.915
110.50	110.75	BRSP;0.527
111.00	112.75	BRSP;0.706
118.75	119.50	BRSP;0.603
127.75	129.50	BRSP;0.708
152.00	152.50	BRSP;0.566
153.25	154.75	BRSP;0.609
165.25	165.50	BRSP;0.515
178.00	179.00	BRSP;0.597
191.00	192.75	BRSP;0.707
205.25	205.50	BRSP;0.527
230.50	231.50	BRSP;0.602
232.00	234.00	BRSP;0.690
243.75	244.00	BRSP;0.519
253.00	254.25	BRSP;0.664
262.50	263.25	BRSP;0.520
264.00	266.75	BRSP;0.594
267.00	269.50	BRSP;0.645
288.00	289.75	BRSP;0.669
290.25	290.50	BRSP;0.525
0.00	4.25	CHSP;0.916
5.50	12.75	CHSP;0.954
14.50	15.50	CHSP;0.806
32.25	33.00	CHSP;0.730
102.00	104.00	CHSP;0.874
106.25	107.25	CHSP;0.756
125.00	135.50	CHSP;0.978
136.50	143.50	CHSP;0.980
156.00	165.50	CHSP;0.983
170.50	175.25	CHSP;0.978
179.00	182.25	CHSP;0.961
187.75	229.00	CHSP;0.986
233.00	235.50	CHSP;0.907
236.50	240.50	CHSP;0.965
243.75	247.50	CHSP;0.962
251.75	252.75	CHSP;0.794
256.25	260.00	CHSP;0.966
262.00	264.50	CHSP;0.880
268.75	271.75	CHSP;0.939
274.00	278.50	CHSP;0.961
284.25	287.50	CHSP;0.974
291.00	295.00	CHSP;0.968
298.50	300.00	CHSP;0.871
40.00	40.50	DEJU;0.578
65.00	66.25	FOSP;0.645
89.75	90.50	FOSP;0.612
114.00	115.50	FOSP;0.753
31.50	32.25	GCKI;0.557
50.50	51.25	GWTE;0.604
260.25	260.75	HETH;0.548
17.50	18.50	LISP;0.610
28.50	30.75	LISP;0.911
41.25	43.00	LISP;0.783
83.75	85.00	LISP;0.720
107.75	109.00	LISP;0.674
116.50	118.00	LISP;0.718
224.50	225.00	LISP;0.533
254.25	256.50	LISP;0.898
280.25	282.00	LISP;0.827
101.00	101.25	OCWA;0.520
76.75	77.75	OROR;0.640
121.75	122.25	RUGR;0.622
43.75	45.25	SWSP;0.811
147.00	148.00	SWSP;0.592
186.00	187.75	SWSP;0.686
235.25	236.50	SWSP;0.714
248.00	249.00	SWSP;0.682
272.25	273.00	SWSP;0.610
282.50	284.25	SWSP;0.852
296.00	297.00	SWSP;0.625
67.25	68.00	TOSO;0.633
240.00	240.75	TOSO;0.636
279.75	280.75	TOSO;0.558
240.75	242.00	WCSP;0.708
143.50	145.50	WIWA;0.872
226.50	228.50	WTSP;0.800
249.00	251.25	WTSP;0.736
