335.50	336.00	AMAV;0.604
331.50	332.25	AMGP;0.565
259.75	262.50	AMRO;0.832
492.00	493.00	BCCH;0.639
254.75	255.00	BLJA;0.520
56.50	61.50	BRSP;0.971
112.00	112.25	FOSP;0.503
112.50	112.75	FOSP;0.552
113.00	113.50	FOSP;0.516
296.25	296.50	FOSP;0.500
324.00	325.00	FOSP;0.571
363.50	365.50	FOSP;0.670
382.50	384.75	FOSP;0.733
401.00	403.50	FOSP;0.679
423.00	425.50	FOSP;0.851
448.00	450.50	FOSP;0.829
477.00	479.25	FOSP;0.797
535.00	537.75	FOSP;0.848
568.00	570.50	FOSP;0.818
595.25	598.00	FOSP;0.810
25.00	25.25	LISP;0.506
43.25	44.00	LISP;0.580
77.25	78.00	LISP;0.588
472.50	473.00	MOCH;0.592
306.75	307.50	SAND;0.602
40.75	42.25	SNBU;0.641
112.25	113.75	SNBU;0.716
137.00	137.50	SNBU;0.568
192.00	193.25	SNBU;0.737
217.75	219.50	SNBU;0.769
297.00	297.50	SNBU;0.598
363.25	364.25	SNBU;0.703
180.75	182.25	WCSP;0.706
205.50	207.50	WCSP;0.775
327.50	329.50	WCSP;0.729
344.00	346.00	WCSP;0.815
538.25	540.25	WCSP;0.785
488.25	488.50	WTSP;0.505
502.25	503.00	WTSP;0.637
