5.50	6.00	AMRO;0.674
31.50	32.00	AMRO;0.806
33.00	33.50	AMRO;0.739
34.25	35.75	AMRO;0.857
38.25	39.50	AMRO;0.800
40.25	41.75	AMRO;0.918
50.50	50.75	AMRO;0.667
52.00	53.50	AMRO;0.802
54.50	55.25	AMRO;0.793
57.75	58.50	AMRO;0.818
64.25	64.75	AMRO;0.778
66.75	70.75	AMRO;0.967
77.50	79.75	AMRO;0.949
94.00	95.75	AMRO;0.834
100.50	102.00	AMRO;0.949
102.75	104.00	AMRO;0.945
115.50	116.00	AMRO;0.720
118.50	120.25	AMRO;0.921
129.25	129.50	AMRO;0.683
131.00	132.50	AMRO;0.960
134.50	137.00	AMRO;0.916
137.50	138.25	AMRO;0.728
139.75	141.25	AMRO;0.884
143.00	144.25	AMRO;0.759
150.75	151.50	AMRO;0.707
155.25	158.50	AMRO;0.923
161.50	162.00	AMRO;0.735
166.00	166.75	AMRO;0.680
168.75	172.75	AMRO;0.996
173.75	175.25	AMRO;0.967
183.00	183.50	AMRO;0.783
187.00	187.75	AMRO;0.743
192.50	194.25	AMRO;0.936
198.00	200.75	AMRO;0.988
205.25	208.75	AMRO;0.958
210.25	210.75	AMRO;0.701
214.00	216.25	AMRO;0.959
217.00	219.25	AMRO;0.984
219.50	220.00	AMRO;0.679
220.25	222.75	AMRO;0.918
223.50	226.50	AMRO;0.935
228.25	229.00	AMRO;0.863
229.75	231.50	AMRO;0.942
232.50	233.00	AMRO;0.758
236.50	237.75	AMRO;0.864
244.75	246.75	AMRO;0.927
249.00	250.50	AMRO;0.876
254.75	255.50	AMRO;0.728
259.25	260.00	AMRO;0.798
264.00	265.00	AMRO;0.921
271.75	272.50	AMRO;0.792
192.50	192.75	BAOR;0.554
271.75	272.00	BAOR;0.503
53.25	53.50	BRTH;0.503
71.50	71.75	CATE;0.723
24.25	24.75	DEJU;0.612
97.00	97.25	DEJU;0.502
47.25	47.75	FISP;0.743
67.25	67.50	FISP;0.517
80.50	80.75	FISP;0.542
168.00	168.50	FISP;0.565
3.00	4.75	FOSP;0.924
7.25	8.00	FOSP;0.839
11.00	11.75	FOSP;0.783
18.00	20.25	FOSP;0.959
20.50	23.00	FOSP;0.982
35.75	36.75	FOSP;0.931
41.50	43.75	FOSP;0.991
44.25	44.75	FOSP;0.703
45.50	46.00	FOSP;0.698
50.25	50.50	FOSP;0.714
61.75	63.25	FOSP;0.873
64.75	65.25	FOSP;0.750
81.50	82.75	FOSP;0.912
88.25	89.00	FOSP;0.865
99.00	100.25	FOSP;0.769
110.25	110.75	FOSP;0.753
113.00	114.00	FOSP;0.924
147.50	149.25	FOSP;0.966
180.50	182.50	FOSP;0.992
201.50	201.75	FOSP;0.670
202.25	204.00	FOSP;0.914
212.50	212.75	FOSP;0.665
220.25	220.75	FOSP;0.731
223.00	223.50	FOSP;0.797
227.00	228.00	FOSP;0.887
234.50	235.50	FOSP;0.840
241.00	243.00	FOSP;0.980
254.25	254.75	FOSP;0.756
262.00	263.00	FOSP;0.860
265.00	266.00	FOSP;0.926
272.75	274.25	FOSP;0.870
274.50	276.25	FOSP;0.993
281.25	282.00	FOSP;0.762
299.25	300.00	FOSP;0.920
2.50	4.00	GCSP;0.748
38.00	38.75	GCSP;0.769
61.50	62.75	GCSP;0.828
97.50	98.50	GCSP;0.789
110.00	110.75	GCSP;0.721
191.25	192.25	GCSP;0.682
253.00	254.00	GCSP;0.911
263.50	264.00	GRCA;0.574
10.25	10.50	HETH;0.610
23.00	23.25	HETH;0.506
285.00	286.00	HETH;0.819
286.25	286.75	HETH;0.537
291.50	291.75	LASP;0.527
132.50	134.00	LISP;0.988
142.25	142.75	LISP;0.736
175.00	176.00	LISP;0.988
208.50	209.75	LISP;0.891
231.50	232.50	LISP;0.821
290.00	291.00	LISP;0.943
296.50	297.50	LISP;0.635
25.25	25.75	MOCH;0.595
87.75	88.00	MOCH;0.521
108.00	108.25	OCWA;0.589
117.25	117.50	OCWA;0.502
82.00	82.25	OROR;0.510
57.25	57.75	PIGR;0.613
86.00	86.50	PIGR;0.618
194.00	194.75	PIGR;0.806
201.00	201.50	PIGR;0.525
291.50	291.75	PUFI;0.560
34.50	35.25	RBGR;0.626
101.00	101.25	RBGR;0.508
118.50	119.75	RBGR;0.802
121.25	121.50	RBGR;0.509
135.50	136.00	RBGR;0.613
214.00	214.50	RBGR;0.621
221.50	222.00	RBGR;0.624
228.25	228.75	RBGR;0.557
249.50	250.00	RBGR;0.630
254.50	255.25	RBGR;0.697
264.25	264.50	RBGR;0.562
202.00	202.25	SATH;0.536
267.25	267.50	SATH;0.504
276.50	277.25	SATH;0.565
226.50	226.75	SNBU;0.859
217.00	217.25	SOSA;0.544
25.00	25.25	SWSP;0.526
57.50	57.75	SWTH;0.557
250.50	251.25	TOSO;0.633
277.00	278.25	TOSO;0.682
272.00	272.25	TUTI;0.526
268.75	269.00	UPSA;0.668
242.50	242.75	VESP;0.545
243.75	244.25	VESP;0.558
11.00	11.50	WCSP;0.717
151.75	152.25	WCSP;0.559
164.50	164.75	WCSP;0.584
244.00	244.50	WCSP;0.620
248.50	249.00	WCSP;0.718
255.25	257.00	WCSP;0.986
258.75	259.00	WCSP;0.512
267.50	268.00	WCSP;0.598
286.25	287.00	WCSP;0.856
292.50	294.00	WCSP;0.993
75.25	75.50	WEME;0.564
281.25	281.75	WEME;0.649
40.00	40.50	WIWA;0.637
49.00	50.00	WIWA;0.933
76.75	77.25	WIWA;0.677
87.50	88.00	WIWA;0.802
117.00	117.25	WIWA;0.577
259.50	259.75	WOTH;0.554
2.25	3.25	WTSP;0.788
4.75	7.25	WTSP;0.978
8.75	10.50	WTSP;0.964
13.25	18.25	WTSP;0.997
25.25	26.00	WTSP;0.912
28.25	33.00	WTSP;0.994
38.00	39.00	WTSP;0.816
45.25	47.25	WTSP;0.877
52.25	56.50	WTSP;0.982
58.75	62.00	WTSP;0.986
62.25	63.00	WTSP;0.774
63.25	64.50	WTSP;0.959
65.25	66.00	WTSP;0.866
66.25	67.75	WTSP;0.756
71.75	77.00	WTSP;0.996
79.25	81.00	WTSP;0.942
82.25	82.75	WTSP;0.819
83.00	85.25	WTSP;0.994
86.50	87.25	WTSP;0.736
88.00	88.50	WTSP;0.727
89.00	95.75	WTSP;0.996
96.75	99.00	WTSP;0.912
99.25	99.50	WTSP;0.662
101.50	107.50	WTSP;0.997
109.75	110.50	WTSP;0.816
110.75	115.50	WTSP;0.986
120.00	123.50	WTSP;0.996
125.00	127.75	WTSP;0.988
128.00	130.50	WTSP;0.979
134.25	140.00	WTSP;0.992
141.50	141.75	WTSP;0.692
144.00	147.50	WTSP;0.993
149.50	151.75	WTSP;0.983
154.00	156.50	WTSP;0.984
158.25	164.75	WTSP;0.997
166.75	168.75	WTSP;0.918
169.75	173.25	WTSP;0.989
173.50	174.00	WTSP;0.752
176.25	176.75	WTSP;0.759
177.75	180.75	WTSP;0.991
183.50	188.75	WTSP;0.997
190.75	192.75	WTSP;0.892
195.00	198.25	WTSP;0.986
199.50	200.75	WTSP;0.901
204.00	208.00	WTSP;0.994
213.75	215.75	WTSP;0.895
222.25	222.75	WTSP;0.740
225.00	225.50	WTSP;0.779
228.75	229.75	WTSP;0.876
230.25	231.25	WTSP;0.846
237.50	240.00	WTSP;0.984
245.50	249.00	WTSP;0.936
252.00	253.50	WTSP;0.939
259.50	261.75	WTSP;0.973
267.50	271.00	WTSP;0.981
274.00	274.75	WTSP;0.810
278.00	281.00	WTSP;0.992
285.75	287.00	WTSP;0.815
288.00	289.75	WTSP;0.884
294.00	296.00	WTSP;0.951
