195.50	195.75	BCCH;0.567
23.50	23.75	CATE;0.573
234.25	234.50	CHSW;0.539
172.00	172.50	DUNL;0.727
23.50	23.75	HERG;0.510
0.00	0.75	HETH;0.986
4.50	5.50	HETH;0.990
9.00	10.00	HETH;0.997
13.00	14.50	HETH;0.997
18.25	19.75	HETH;0.997
23.50	24.75	HETH;0.997
27.50	28.75	HETH;0.955
32.00	33.25	HETH;0.998
34.50	35.00	HETH;0.786
36.50	38.50	HETH;0.998
42.00	43.50	HETH;0.997
46.50	47.75	HETH;0.990
51.50	52.75	HETH;0.995
55.25	56.75	HETH;0.990
59.50	60.75	HETH;0.998
64.00	65.50	HETH;0.995
68.75	70.00	HETH;0.995
73.25	74.25	HETH;0.969
77.50	78.50	HETH;0.988
82.25	83.25	HETH;0.997
86.50	88.25	HETH;0.998
91.00	92.25	HETH;0.997
95.00	96.50	HETH;0.989
100.00	101.25	HETH;0.999
102.50	103.00	HETH;0.771
104.50	106.00	HETH;0.997
108.75	110.00	HETH;0.998
113.75	115.75	HETH;0.993
118.50	120.00	HETH;0.981
123.50	124.75	HETH;0.972
127.50	128.75	HETH;0.970
133.50	134.75	HETH;0.987
138.25	139.50	HETH;0.978
142.25	143.25	HETH;0.987
146.00	147.50	HETH;0.994
150.50	152.00	HETH;0.998
154.00	155.25	HETH;0.999
158.00	159.50	HETH;0.998
162.75	164.25	HETH;0.998
167.50	168.75	HETH;0.973
171.50	172.25	HETH;0.947
175.00	175.25	HETH;0.705
177.25	178.50	HETH;0.994
181.00	182.50	HETH;0.999
185.50	186.75	HETH;0.995
190.00	191.75	HETH;0.998
195.25	196.50	HETH;0.928
201.00	202.25	HETH;0.992
205.25	206.50	HETH;0.997
209.50	210.75	HETH;0.962
214.25	215.75	HETH;0.995
219.25	220.50	HETH;0.989
223.25	224.75	HETH;0.990
227.25	229.00	HETH;0.997
232.25	233.75	HETH;0.996
237.00	238.00	HETH;0.996
241.50	243.00	HETH;0.998
250.00	251.00	HETH;0.935
256.00	257.00	HETH;0.995
259.75	261.00	HETH;0.997
265.25	266.75	HETH;0.993
270.25	272.00	HETH;0.997
275.75	277.00	HETH;0.952
281.50	282.75	HETH;0.979
288.00	289.25	HETH;0.978
292.00	293.25	HETH;0.997
296.00	297.00	HETH;0.962
4.50	4.75	MOCH;0.563
118.50	119.00	MOCH;0.570
195.25	195.75	MOCH;0.622
203.50	204.00	MOCH;0.716
222.75	223.00	MOCH;0.508
276.00	276.25	MOCH;0.545
11.00	12.00	SWSP;0.886
85.50	86.00	SWSP;0.623
97.25	97.50	SWSP;0.508
142.75	143.50	VEER;0.879
185.50	185.75	VESP;0.503
229.00	229.50	VESP;0.832
264.25	264.75	VESP;0.652
131.50	132.75	WCSP;0.730
248.25	249.75	WCSP;0.981
257.75	259.50	WCSP;0.988
263.50	264.00	WCSP;0.620
267.25	269.00	WCSP;0.984
275.75	276.00	WCSP;0.539
278.25	280.00	WCSP;0.936
286.25	288.00	WCSP;0.985
296.50	298.00	WCSP;0.986
293.25	294.75	WIWA;0.986
71.75	73.00	WTSP;0.808
116.00	117.00	WTSP;0.934
118.25	118.50	WTSP;0.523
141.00	141.50	WTSP;0.577
235.25	235.75	WTSP;0.592
253.50	256.00	WTSP;0.985
262.50	262.75	WTSP;0.527
283.00	286.00	WTSP;0.969
286.25	286.50	WTSP;0.502
63.25	63.50	YRWA;0.545
