17.00	18.50	AMRO;0.819
61.25	61.50	BAOR;0.543
205.50	205.75	EAME;0.610
265.50	265.75	EVGR;0.662
2.75	3.75	FOSP;0.873
19.50	20.00	FOSP;0.634
37.25	38.75	FOSP;0.900
58.25	59.25	FOSP;0.903
83.50	84.75	FOSP;0.964
114.25	115.00	FOSP;0.772
149.75	150.50	FOSP;0.595
205.25	206.00	FOSP;0.651
229.50	230.75	FOSP;0.980
46.75	47.00	LEYE;0.592
293.50	293.75	MOCH;0.519
40.00	40.50	RUTU;0.620
19.50	19.75	SNBU;0.524
57.75	58.00	SNBU;0.577
83.25	83.50	SNBU;0.675
113.50	114.75	SNBU;0.848
149.00	150.00	SNBU;0.777
173.50	173.75	SNBU;0.520
174.25	174.50	SNBU;0.714
205.75	206.00	SNBU;0.542
286.50	286.75	SNBU;0.580
24.25	24.50	SOSA;0.729
96.25	96.75	SOSA;0.862
116.00	116.25	SOSA;0.585
145.50	145.75	SOSA;0.823
155.50	155.75	SOSA;0.824
173.50	174.00	VESP;0.663
71.25	71.75	WCSP;0.587
72.00	72.50	WCSP;0.567
234.25	234.75	WCSP;0.715
238.00	238.25	WCSP;0.517
234.25	234.50	WTSP;0.559
293.50	293.75	WTSP;0.534
