573.75	574.00	AMGP;0.525
40.00	40.50	AMPI;0.939
45.00	45.50	AMPI;0.866
478.50	478.75	AMRO;0.543
587.25	587.50	AMRO;0.540
510.50	510.75	BBPL;0.619
105.25	105.50	BHCO;0.566
32.25	33.50	CHSP;0.704
198.50	200.75	CHSP;0.949
51.25	51.50	DEJU;0.516
407.25	407.75	FISP;0.610
123.50	124.75	FOSP;0.783
147.75	148.50	FOSP;0.844
229.25	230.00	FOSP;0.778
284.00	285.75	FOSP;0.969
309.75	311.50	FOSP;0.976
347.00	348.50	FOSP;0.867
363.25	365.50	FOSP;0.899
379.50	380.75	FOSP;0.798
432.50	434.25	FOSP;0.991
467.75	469.00	FOSP;0.937
158.50	158.75	GCSP;0.599
454.25	455.50	GCSP;0.895
397.50	397.75	GCTH;0.603
527.50	527.75	HOLA;0.715
563.50	564.00	HOLA;0.592
13.25	13.75	LISP;0.662
298.75	299.50	LISP;0.762
364.75	365.75	LISP;0.800
534.75	535.00	LISP;0.528
586.50	587.00	LISP;0.723
0.50	0.75	MOCH;0.552
173.50	173.75	MOCH;0.519
275.25	275.50	MOCH;0.516
420.00	420.75	MOCH;0.787
473.25	473.75	MOCH;0.559
490.00	490.25	MOCH;0.597
237.00	237.25	OCWA;0.504
339.75	340.00	OCWA;0.540
439.75	440.00	OCWA;0.635
478.00	478.50	OCWA;0.663
578.50	579.00	OCWA;0.660
205.50	205.75	PIGR;0.585
535.25	535.50	PUFI;0.655
546.50	546.75	PUFI;0.590
587.25	587.75	PUFI;0.615
385.75	386.00	PYNU;0.520
97.50	99.00	RUGR;0.706
510.25	510.75	SAPH;0.956
534.25	534.50	SATH;0.679
216.50	218.25	SEOW;0.819
327.50	328.00	SNBU;0.813
249.50	250.25	SWSP;0.568
276.00	277.00	SWSP;0.930
326.00	326.50	SWSP;0.720
352.75	353.25	SWSP;0.594
390.25	390.50	SWSP;0.572
402.75	403.50	SWSP;0.653
427.50	428.00	SWSP;0.587
452.25	452.75	SWSP;0.562
529.75	530.25	SWSP;0.533
4.50	5.00	VATH;0.927
12.00	13.25	VATH;0.988
31.25	32.00	VATH;0.995
39.50	40.00	VATH;0.891
54.50	55.25	VATH;0.812
79.75	80.50	VATH;0.939
83.25	84.00	VATH;0.857
96.25	97.25	VATH;0.991
113.50	114.25	VATH;0.714
128.00	128.50	VATH;0.984
143.50	144.25	VATH;0.960
155.50	155.75	VATH;0.687
159.50	160.00	VATH;0.800
167.75	168.50	VATH;0.897
173.75	174.50	VATH;0.948
180.25	180.50	VATH;0.535
196.50	197.00	VATH;0.614
200.75	201.00	VATH;0.606
216.50	217.00	VATH;0.576
261.00	261.75	VATH;0.888
282.25	283.00	VATH;0.979
298.00	298.25	VATH;0.524
312.00	313.00	VATH;0.925
320.25	320.50	VATH;0.519
331.00	331.50	VATH;0.856
342.00	343.00	VATH;0.975
367.50	368.50	VATH;0.953
376.25	377.75	VATH;0.994
388.50	389.75	VATH;0.987
436.25	437.25	VATH;0.995
442.75	445.00	VATH;0.953
451.50	452.00	VATH;0.571
459.25	460.50	VATH;0.986
462.50	463.00	VATH;0.558
470.25	471.00	VATH;0.985
485.25	486.00	VATH;0.880
494.25	495.00	VATH;0.990
505.00	506.25	VATH;0.983
513.00	514.00	VATH;0.999
522.00	523.00	VATH;0.841
526.75	527.50	VATH;0.973
531.25	531.75	VATH;0.769
540.00	541.50	VATH;0.963
560.75	561.50	VATH;0.961
571.25	572.00	VATH;0.928
574.75	575.25	VATH;0.688
590.00	591.50	VATH;0.987
149.00	149.75	WATA;0.724
290.25	290.50	WATA;0.652
479.25	479.50	WATA;0.533
517.00	517.25	WATA;0.609
477.25	478.00	WCSP;0.813
545.50	545.75	WCSP;0.556
567.25	568.25	WCSP;0.814
6.25	7.00	WIWA;0.914
94.50	96.00	WIWA;0.989
237.00	237.25	WIWA;0.607
249.50	250.25	WIWA;0.817
326.25	326.50	WIWA;0.527
339.75	340.25	WIWA;0.574
353.00	353.25	WIWA;0.580
402.75	403.25	WIWA;0.620
415.25	416.00	WIWA;0.893
427.50	428.00	WIWA;0.559
542.25	542.75	WIWA;0.806
578.50	579.00	WIWA;0.873
0.00	1.00	WTSP;0.980
19.75	22.25	WTSP;0.991
40.25	41.25	WTSP;0.923
41.75	44.75	WTSP;0.990
63.75	66.75	WTSP;0.990
69.00	70.75	WTSP;0.937
87.00	90.00	WTSP;0.993
105.25	106.00	WTSP;0.790
106.25	108.00	WTSP;0.986
110.75	113.00	WTSP;0.967
113.25	113.75	WTSP;0.715
134.75	137.25	WTSP;0.980
138.00	139.00	WTSP;0.928
143.50	147.75	WTSP;0.996
157.25	159.50	WTSP;0.960
162.75	165.25	WTSP;0.991
180.00	186.75	WTSP;0.993
190.00	193.00	WTSP;0.994
200.50	203.00	WTSP;0.954
212.50	215.75	WTSP;0.988
218.50	220.75	WTSP;0.993
222.75	225.25	WTSP;0.997
232.50	235.50	WTSP;0.992
237.50	239.75	WTSP;0.991
245.50	248.75	WTSP;0.994
256.25	259.00	WTSP;0.992
261.25	265.75	WTSP;0.995
268.50	269.00	WTSP;0.693
274.25	276.00	WTSP;0.967
276.75	277.50	WTSP;0.883
278.00	281.00	WTSP;0.993
287.75	290.50	WTSP;0.992
295.50	297.00	WTSP;0.976
300.50	303.75	WTSP;0.998
314.50	317.50	WTSP;0.992
319.00	322.00	WTSP;0.993
337.00	339.50	WTSP;0.990
356.00	359.50	WTSP;0.996
380.75	382.75	WTSP;0.990
392.25	396.75	WTSP;0.945
404.25	407.25	WTSP;0.988
408.00	411.50	WTSP;0.995
418.75	420.75	WTSP;0.994
423.25	426.25	WTSP;0.984
428.00	431.00	WTSP;0.993
443.00	443.50	WTSP;0.724
444.25	446.00	WTSP;0.995
454.00	454.75	WTSP;0.866
455.25	457.50	WTSP;0.989
464.50	467.50	WTSP;0.994
473.00	475.00	WTSP;0.853
477.00	477.75	WTSP;0.751
479.00	479.75	WTSP;0.902
483.25	486.00	WTSP;0.993
488.50	490.50	WTSP;0.943
501.50	504.75	WTSP;0.986
513.75	515.75	WTSP;0.992
522.25	522.50	WTSP;0.662
530.25	533.25	WTSP;0.995
543.50	545.75	WTSP;0.981
550.00	550.50	WTSP;0.702
555.75	558.75	WTSP;0.993
567.00	571.00	WTSP;0.993
574.25	575.00	WTSP;0.849
580.50	584.25	WTSP;0.996
594.75	598.25	WTSP;0.996
306.25	307.50	YRWA;0.958
421.50	422.50	YRWA;0.717
463.50	464.00	YRWA;0.572
563.75	564.00	YRWA;0.579
