221.75	222.00	AMDI;0.552
330.00	330.25	AMRO;0.529
251.75	252.00	AMWO;0.543
475.00	475.50	BOWA;0.723
136.50	136.75	BRSP;0.568
255.50	256.00	CCSP;0.578
399.75	400.75	CCSP;0.730
406.00	407.50	CCSP;0.980
418.50	419.25	CCSP;0.767
427.00	427.50	CCSP;0.869
437.25	437.75	CCSP;0.931
0.00	2.75	CHSP;0.975
5.50	6.25	CHSP;0.948
9.25	13.25	CHSP;0.994
17.00	18.00	CHSP;0.839
19.25	21.75	CHSP;0.988
24.25	25.00	CHSP;0.879
29.25	30.00	CHSP;0.904
31.25	33.50	CHSP;0.988
40.50	42.25	CHSP;0.985
54.25	54.75	CHSP;0.709
62.00	67.00	CHSP;0.995
72.00	75.50	CHSP;0.993
81.00	85.00	CHSP;0.993
91.50	92.75	CHSP;0.864
93.50	96.00	CHSP;0.989
103.00	105.75	CHSP;0.989
111.75	114.25	CHSP;0.992
120.25	122.00	CHSP;0.983
123.00	124.75	CHSP;0.973
149.50	151.75	CHSP;0.991
194.00	196.50	CHSP;0.994
205.50	208.00	CHSP;0.987
209.25	210.00	CHSP;0.856
217.25	218.00	CHSP;0.849
218.25	220.00	CHSP;0.992
229.50	231.25	CHSP;0.943
240.75	243.00	CHSP;0.971
244.00	245.75	CHSP;0.993
258.00	260.00	CHSP;0.980
271.25	276.00	CHSP;0.993
282.00	286.00	CHSP;0.994
290.25	295.50	CHSP;0.994
302.25	306.00	CHSP;0.993
313.25	315.50	CHSP;0.985
315.75	320.00	CHSP;0.993
323.25	325.50	CHSP;0.994
327.00	329.75	CHSP;0.994
337.50	341.25	CHSP;0.996
343.25	345.25	CHSP;0.964
347.50	347.75	CHSP;0.683
349.50	352.00	CHSP;0.994
360.25	362.75	CHSP;0.994
370.50	373.50	CHSP;0.993
381.50	384.00	CHSP;0.995
392.75	395.50	CHSP;0.994
403.00	405.75	CHSP;0.994
413.00	415.25	CHSP;0.995
429.00	431.50	CHSP;0.993
459.00	461.75	CHSP;0.992
499.50	502.25	CHSP;0.994
511.00	512.00	CHSP;0.931
513.00	513.25	CHSP;0.662
523.00	525.50	CHSP;0.992
533.50	536.25	CHSP;0.995
542.00	544.25	CHSP;0.994
552.50	555.00	CHSP;0.992
563.00	565.25	CHSP;0.995
569.75	571.00	CHSP;0.870
574.00	576.25	CHSP;0.995
583.50	586.00	CHSP;0.969
588.50	589.00	CHSP;0.747
594.25	596.50	CHSP;0.983
451.75	452.50	CHSW;0.897
94.75	95.00	DEJU;0.500
108.50	109.00	DEJU;0.583
271.50	271.75	DEJU;0.600
315.00	315.50	DEJU;0.618
309.00	309.25	DOWO;0.540
355.50	355.75	DUFL;0.860
410.75	411.00	EAME;0.601
583.00	584.75	FOSP;0.944
594.50	595.00	FOSP;0.655
595.50	596.00	FOSP;0.631
71.00	71.50	HETH;0.595
556.75	557.00	HETH;0.510
248.25	248.75	HOLA;0.563
108.50	109.00	LISP;0.588
464.25	464.75	LISP;0.624
581.00	581.50	MOCH;0.565
325.50	326.00	NOFL;0.582
330.00	330.50	NOFL;0.577
88.75	89.00	SBDO;0.578
231.50	232.00	SOSP;0.937
295.50	295.75	SWSP;0.540
390.75	391.75	SWSP;0.733
402.50	403.00	SWSP;0.586
434.25	434.50	SWSP;0.548
341.75	342.25	WBNU;0.636
375.75	376.50	WBNU;0.960
211.75	212.75	WCSP;0.995
549.25	550.50	WCSP;0.982
565.00	566.25	WCSP;0.993
573.50	574.00	WCSP;0.834
313.00	313.25	WHIM;0.571
347.75	348.75	WIWA;0.991
356.50	357.75	WIWA;0.959
366.50	367.25	WIWA;0.931
390.75	391.75	WIWA;0.657
423.50	425.00	WIWA;0.983
434.00	434.75	WIWA;0.789
442.00	443.50	WIWA;0.979
