3.25	3.75	AMRO;0.550
9.25	9.75	AMRO;0.512
10.50	11.50	AMRO;0.742
53.00	54.00	AMRO;0.644
69.25	69.75	AMRO;0.567
86.00	87.00	AMRO;0.795
92.50	92.75	AMRO;0.516
96.25	97.50	AMRO;0.706
104.50	105.00	AMRO;0.551
113.25	113.75	AMRO;0.734
124.25	124.75	AMRO;0.602
127.75	129.00	AMRO;0.942
136.75	139.00	AMRO;0.833
139.50	140.75	AMRO;0.656
155.00	155.75	AMRO;0.718
168.50	169.00	AMRO;0.613
114.75	115.00	BHVI;0.588
165.75	166.00	BHVI;0.651
67.25	67.50	EABL;0.623
107.00	107.25	EABL;0.657
212.25	212.50	EABL;0.626
113.75	114.00	EATO;0.561
114.50	115.00	EATO;0.679
263.25	263.50	EATO;0.566
4.75	5.00	FISP;0.546
0.00	2.00	FOSP;0.998
12.25	14.25	FOSP;0.973
19.75	21.00	FOSP;0.989
49.75	52.50	FOSP;0.978
59.50	61.75	FOSP;0.986
74.25	75.00	FOSP;0.918
76.00	77.50	FOSP;0.964
91.25	92.00	FOSP;0.820
94.25	95.00	FOSP;0.731
98.75	102.75	FOSP;0.977
107.00	107.75	FOSP;0.744
117.00	117.50	FOSP;0.809
119.00	121.50	FOSP;0.985
124.75	125.00	FOSP;0.667
131.25	133.25	FOSP;0.994
134.50	135.75	FOSP;0.913
144.00	145.25	FOSP;0.985
146.25	147.00	FOSP;0.768
149.75	152.00	FOSP;0.998
160.25	161.75	FOSP;0.895
165.75	168.00	FOSP;0.991
174.25	174.50	FOSP;0.692
180.00	182.00	FOSP;0.981
186.50	188.75	FOSP;0.943
192.50	194.50	FOSP;0.992
198.25	199.25	FOSP;0.916
204.00	205.50	FOSP;0.985
211.00	212.00	FOSP;0.865
215.00	217.00	FOSP;0.995
227.50	229.25	FOSP;0.986
238.00	239.00	FOSP;0.932
240.00	242.00	FOSP;0.996
248.00	249.00	FOSP;0.835
253.25	255.50	FOSP;0.982
262.25	263.25	FOSP;0.860
266.50	267.25	FOSP;0.842
281.25	281.75	FOSP;0.816
287.25	288.00	FOSP;0.841
298.50	298.75	FOSP;0.717
185.25	185.75	GCSP;0.607
222.25	222.75	GCSP;0.603
266.00	266.50	GCSP;0.536
267.50	267.75	GCSP;0.538
294.00	294.75	GCSP;0.878
37.50	37.75	HASP;0.529
282.25	282.50	HETH;0.602
70.25	70.75	LISP;0.708
110.25	111.75	LISP;0.909
117.50	118.75	LISP;0.827
263.25	263.75	LISP;0.560
274.00	274.75	LISP;0.688
290.00	290.75	LISP;0.767
159.50	159.75	OROR;0.556
160.25	160.75	OROR;0.590
20.50	21.00	RBGR;0.759
53.00	54.00	RBGR;0.805
66.75	67.50	RBGR;0.664
155.25	155.50	RBGR;0.555
160.00	160.50	RBGR;0.580
28.00	28.25	REVI;0.585
136.00	137.00	RUGR;0.753
138.75	140.00	RUGR;0.604
9.50	10.00	SATH;0.524
58.00	59.00	TOSO;0.836
97.50	98.00	TOSO;0.597
133.25	134.25	TOSO;0.752
43.75	44.00	VATH;0.613
109.00	109.50	VATH;0.691
148.00	148.75	VATH;0.788
169.50	170.00	VATH;0.664
61.00	61.50	VESP;0.610
102.50	102.75	VESP;0.571
181.50	181.75	VESP;0.503
194.00	194.25	VESP;0.531
1.25	1.50	WCSP;0.709
16.50	18.00	WCSP;0.979
25.25	28.00	WCSP;0.996
35.00	36.00	WCSP;0.998
37.50	39.00	WCSP;0.995
44.00	45.50	WCSP;0.991
74.25	74.50	WCSP;0.709
76.25	77.25	WCSP;0.879
91.50	92.75	WCSP;0.976
95.50	97.00	WCSP;0.991
102.00	102.75	WCSP;0.819
103.50	105.00	WCSP;0.995
106.75	108.00	WCSP;0.987
115.00	116.25	WCSP;0.992
122.75	125.75	WCSP;0.997
130.00	131.50	WCSP;0.980
135.50	136.50	WCSP;0.910
137.75	139.50	WCSP;0.986
145.00	147.00	WCSP;0.992
151.25	151.75	WCSP;0.686
154.25	157.00	WCSP;0.984
161.00	161.50	WCSP;0.776
163.25	165.00	WCSP;0.969
172.25	174.50	WCSP;0.994
180.50	183.00	WCSP;0.995
190.50	192.25	WCSP;0.995
193.75	196.25	WCSP;0.995
198.25	204.00	WCSP;0.997
208.50	211.75	WCSP;0.998
217.00	219.50	WCSP;0.996
220.50	222.25	WCSP;0.994
224.25	227.25	WCSP;0.996
230.25	232.25	WCSP;0.997
233.50	235.75	WCSP;0.995
238.00	239.25	WCSP;0.973
239.75	240.50	WCSP;0.768
241.25	242.00	WCSP;0.693
243.00	245.75	WCSP;0.996
248.75	253.75	WCSP;0.997
256.75	262.00	WCSP;0.996
266.25	270.25	WCSP;0.997
276.25	279.25	WCSP;0.996
283.25	286.75	WCSP;0.996
289.25	289.75	WCSP;0.742
291.50	293.75	WCSP;0.996
4.75	9.50	WTSP;0.999
13.50	17.50	WTSP;0.995
18.00	19.25	WTSP;0.960
22.25	25.50	WTSP;0.994
28.00	34.25	WTSP;0.997
39.00	42.50	WTSP;0.990
46.75	49.75	WTSP;0.994
54.50	58.00	WTSP;0.993
62.50	66.75	WTSP;0.997
70.75	74.50	WTSP;0.997
79.25	83.00	WTSP;0.997
87.25	91.25	WTSP;0.997
95.25	96.00	WTSP;0.824
117.25	117.50	WTSP;0.697
122.50	123.00	WTSP;0.701
130.25	130.50	WTSP;0.711
137.50	138.00	WTSP;0.729
155.00	155.25	WTSP;0.726
156.75	158.25	WTSP;0.843
170.25	172.75	WTSP;0.971
176.75	180.00	WTSP;0.993
183.75	186.50	WTSP;0.995
189.50	191.00	WTSP;0.949
196.25	198.50	WTSP;0.997
199.25	199.75	WTSP;0.700
204.75	209.25	WTSP;0.973
220.50	221.00	WTSP;0.837
222.25	224.00	WTSP;0.883
229.50	231.00	WTSP;0.793
235.75	237.00	WTSP;0.964
237.50	238.00	WTSP;0.717
248.50	248.75	WTSP;0.663
250.50	250.75	WTSP;0.703
256.50	257.50	WTSP;0.785
259.50	260.00	WTSP;0.668
265.00	266.50	WTSP;0.911
267.25	268.00	WTSP;0.809
269.50	271.75	WTSP;0.915
274.75	277.75	WTSP;0.966
289.00	289.75	WTSP;0.735
294.75	296.50	WTSP;0.943
141.25	142.00	WWCR;0.754
237.25	237.50	WWCR;0.532
246.50	246.75	WWCR;0.533
