160.75	161.00	BLJA;0.615
298.25	298.75	BRSP;0.586
79.50	79.75	BTNW;0.529
18.00	18.25	CCSP;0.555
1.00	3.50	CHSP;0.953
12.75	13.00	CHSP;0.528
269.00	269.75	CHSP;0.832
283.75	284.00	CHSP;0.575
284.25	285.00	CHSP;0.683
269.25	269.75	DEJU;0.668
270.50	271.00	FISP;0.612
22.25	23.50	FOSP;0.917
285.75	286.50	FOSP;0.637
26.25	26.50	HETH;0.552
45.00	45.25	HETH;0.532
117.25	118.00	HETH;0.950
7.50	8.00	HOLA;0.794
31.00	31.25	HOLA;0.650
43.25	43.50	HOLA;0.519
299.00	299.25	HOLA;0.686
41.75	42.00	MOCH;0.515
117.50	117.75	MOCH;0.539
129.75	130.00	MOCH;0.606
135.00	135.50	MOCH;0.746
150.50	151.00	MOCH;0.629
278.75	279.00	MOCH;0.597
126.50	127.00	TOSO;0.846
39.25	40.00	VATH;0.914
80.00	80.75	VATH;0.966
127.75	128.75	VATH;0.990
186.75	188.00	VATH;0.991
255.50	256.00	VATH;0.638
22.00	22.75	VESP;0.834
6.25	7.25	WCSP;0.819
16.75	18.25	WCSP;0.924
23.00	23.75	WCSP;0.845
29.50	30.75	WCSP;0.917
41.75	42.00	WCSP;0.658
53.25	54.75	WCSP;0.908
65.00	66.00	WCSP;0.858
78.25	79.75	WCSP;0.953
91.75	93.50	WCSP;0.993
105.25	106.25	WCSP;0.871
121.50	123.00	WCSP;0.990
135.25	135.50	WCSP;0.702
146.25	147.25	WCSP;0.844
150.75	152.00	WCSP;0.970
155.50	156.25	WCSP;0.853
163.75	164.50	WCSP;0.884
166.25	167.00	WCSP;0.875
172.25	173.25	WCSP;0.988
181.00	182.75	WCSP;0.949
190.50	192.25	WCSP;0.995
194.50	196.00	WCSP;0.993
201.00	202.75	WCSP;0.983
215.75	217.00	WCSP;0.990
228.00	228.50	WCSP;0.752
237.50	238.75	WCSP;0.919
250.75	251.75	WCSP;0.961
260.25	261.75	WCSP;0.964
264.75	266.00	WCSP;0.992
278.75	280.25	WCSP;0.881
286.00	286.75	WCSP;0.800
288.75	289.75	WCSP;0.893
297.50	298.50	WCSP;0.877
6.25	6.75	WTSP;0.623
41.50	42.50	WTSP;0.758
64.25	65.25	WTSP;0.946
105.00	105.75	WTSP;0.698
129.75	130.00	WTSP;0.525
146.25	146.50	WTSP;0.535
166.25	166.75	WTSP;0.621
228.00	228.50	WTSP;0.777
237.50	237.75	WTSP;0.508
250.25	251.00	WTSP;0.667
289.00	289.75	WTSP;0.644
