105.25	105.50	AMDI;0.507
11.00	11.50	AMRO;0.717
43.00	43.50	AMRO;0.655
17.00	17.50	BCCH;0.677
85.00	85.75	BCCH;0.731
117.00	117.50	BCCH;0.675
212.00	212.50	BCCH;0.626
418.00	418.50	BCCH;0.617
434.50	434.75	BLGU;0.509
35.50	35.75	BRSP;0.533
41.00	41.75	BRSP;0.693
114.50	115.25	BRSP;0.725
131.00	132.00	BRSP;0.813
139.00	139.50	BRSP;0.664
146.50	147.25	BRSP;0.647
161.75	163.00	BRSP;0.666
187.50	187.75	BRSP;0.548
210.25	211.00	BRSP;0.635
226.00	226.75	BRSP;0.888
318.25	318.75	BRSP;0.583
366.00	366.25	BRSP;0.519
374.00	374.50	BRSP;0.640
0.75	2.00	CCSP;0.764
7.00	9.00	CCSP;0.984
13.25	14.75	CCSP;0.971
19.50	21.50	CCSP;0.955
27.00	28.00	CCSP;0.883
35.50	37.00	CCSP;0.954
48.75	49.25	CCSP;0.737
57.50	58.50	CCSP;0.848
63.50	65.50	CCSP;0.981
70.25	72.25	CCSP;0.972
77.25	79.00	CCSP;0.979
101.75	103.25	CCSP;0.971
114.25	115.00	CCSP;0.836
122.50	124.25	CCSP;0.923
129.75	131.75	CCSP;0.893
138.00	139.50	CCSP;0.818
145.50	147.00	CCSP;0.983
161.50	163.50	CCSP;0.929
171.00	172.25	CCSP;0.994
179.25	179.75	CCSP;0.692
187.50	189.25	CCSP;0.988
205.00	206.50	CCSP;0.989
210.00	211.00	CCSP;0.885
215.50	217.75	CCSP;0.986
224.75	226.25	CCSP;0.873
231.50	232.00	CCSP;0.710
237.75	239.75	CCSP;0.992
246.50	247.50	CCSP;0.922
253.25	255.25	CCSP;0.985
262.50	262.75	CCSP;0.771
273.25	274.25	CCSP;0.936
280.25	281.00	CCSP;0.862
295.75	297.50	CCSP;0.963
304.50	304.75	CCSP;0.676
316.75	318.00	CCSP;0.975
323.00	325.00	CCSP;0.960
331.50	333.25	CCSP;0.988
341.25	342.75	CCSP;0.921
347.00	348.00	CCSP;0.931
354.00	355.25	CCSP;0.919
365.00	366.25	CCSP;0.929
372.50	374.25	CCSP;0.957
379.75	381.50	CCSP;0.964
385.25	386.25	CCSP;0.985
394.50	395.25	CCSP;0.887
400.50	401.50	CCSP;0.871
405.75	406.00	CCSP;0.799
411.50	413.50	CCSP;0.994
420.25	422.00	CCSP;0.986
427.25	429.00	CCSP;0.938
434.50	434.75	CCSP;0.670
435.25	435.75	CCSP;0.697
442.75	443.75	CCSP;0.913
450.25	450.50	CCSP;0.693
458.00	459.00	CCSP;0.837
466.75	468.00	CCSP;0.909
474.25	476.00	CCSP;0.960
489.00	491.25	CCSP;0.994
496.50	497.75	CCSP;0.875
505.75	507.00	CCSP;0.984
518.00	520.00	CCSP;0.984
526.25	526.75	CCSP;0.724
531.75	533.25	CCSP;0.995
538.75	541.00	CCSP;0.993
548.25	550.00	CCSP;0.980
556.75	557.75	CCSP;0.968
563.25	564.50	CCSP;0.918
571.00	572.75	CCSP;0.976
578.50	580.25	CCSP;0.989
587.75	589.00	CCSP;0.940
596.25	598.00	CCSP;0.970
1.25	3.25	CHSP;0.984
8.75	10.75	CHSP;0.966
17.50	19.00	CHSP;0.968
24.25	26.50	CHSP;0.973
33.50	35.00	CHSP;0.922
41.25	41.50	CHSP;0.688
50.00	52.00	CHSP;0.988
58.75	60.75	CHSP;0.931
66.25	68.75	CHSP;0.931
75.00	77.00	CHSP;0.964
83.00	85.00	CHSP;0.988
91.75	94.25	CHSP;0.895
99.00	100.50	CHSP;0.895
106.75	109.25	CHSP;0.985
115.00	117.00	CHSP;0.990
124.25	126.50	CHSP;0.992
132.00	134.00	CHSP;0.938
139.50	141.50	CHSP;0.970
147.25	149.00	CHSP;0.971
154.00	156.25	CHSP;0.975
161.25	161.75	CHSP;0.736
162.50	163.00	CHSP;0.760
168.25	171.00	CHSP;0.991
176.25	178.75	CHSP;0.984
185.00	187.25	CHSP;0.979
194.50	196.00	CHSP;0.992
198.50	200.00	CHSP;0.848
202.75	205.00	CHSP;0.962
210.75	212.50	CHSP;0.942
220.00	222.00	CHSP;0.991
228.25	228.75	CHSP;0.700
234.25	236.25	CHSP;0.865
244.00	244.50	CHSP;0.692
250.00	252.75	CHSP;0.941
259.25	262.00	CHSP;0.967
268.00	270.25	CHSP;0.982
276.00	278.50	CHSP;0.965
283.25	285.75	CHSP;0.987
292.50	295.00	CHSP;0.994
300.00	302.25	CHSP;0.918
308.00	310.25	CHSP;0.924
311.50	313.50	CHSP;0.990
313.75	315.75	CHSP;0.975
318.75	319.75	CHSP;0.834
326.00	328.00	CHSP;0.988
336.25	336.50	CHSP;0.737
337.00	338.00	CHSP;0.908
343.50	345.00	CHSP;0.828
351.25	352.75	CHSP;0.778
353.25	353.75	CHSP;0.955
355.25	356.00	CHSP;0.984
359.00	360.00	CHSP;0.784
366.00	367.25	CHSP;0.760
369.00	369.50	CHSP;0.862
374.25	375.75	CHSP;0.910
382.00	383.75	CHSP;0.881
390.50	392.25	CHSP;0.986
398.75	401.25	CHSP;0.977
406.00	409.00	CHSP;0.984
416.00	418.00	CHSP;0.975
423.00	425.25	CHSP;0.982
431.25	433.75	CHSP;0.992
438.75	440.75	CHSP;0.984
446.25	448.75	CHSP;0.985
453.50	455.75	CHSP;0.929
461.25	463.25	CHSP;0.954
468.25	470.25	CHSP;0.834
476.50	478.25	CHSP;0.960
484.25	486.50	CHSP;0.992
492.50	495.00	CHSP;0.992
503.25	505.50	CHSP;0.985
512.00	513.25	CHSP;0.921
513.75	514.75	CHSP;0.848
520.00	522.25	CHSP;0.984
526.75	528.25	CHSP;0.949
535.00	537.00	CHSP;0.900
545.25	546.75	CHSP;0.837
550.50	553.00	CHSP;0.971
558.25	558.75	CHSP;0.693
566.50	568.25	CHSP;0.909
575.00	575.75	CHSP;0.726
581.75	583.75	CHSP;0.964
589.50	589.75	CHSP;0.672
590.00	592.00	CHSP;0.887
597.75	599.75	CHSP;0.986
10.25	10.75	DEJU;0.630
25.75	26.50	DEJU;0.578
40.75	41.50	DEJU;0.547
58.75	59.00	DEJU;0.529
59.50	59.75	DEJU;0.556
60.00	60.50	DEJU;0.553
66.50	67.00	DEJU;0.550
68.00	68.50	DEJU;0.582
93.25	94.00	DEJU;0.626
133.25	133.75	DEJU;0.568
141.00	141.25	DEJU;0.537
154.00	154.75	DEJU;0.626
161.25	161.50	DEJU;0.592
176.50	176.75	DEJU;0.561
187.00	187.25	DEJU;0.518
199.50	199.75	DEJU;0.548
211.25	211.50	DEJU;0.604
226.75	229.00	DEJU;0.950
234.25	236.50	DEJU;0.738
243.75	245.25	DEJU;0.702
250.25	250.75	DEJU;0.604
251.50	251.75	DEJU;0.522
278.00	278.25	DEJU;0.542
301.50	301.75	DEJU;0.509
308.00	308.75	DEJU;0.623
309.25	309.75	DEJU;0.582
319.00	320.50	DEJU;0.694
326.25	326.50	DEJU;0.549
336.50	337.75	DEJU;0.837
343.50	345.00	DEJU;0.832
351.50	352.75	DEJU;0.742
359.25	359.50	DEJU;0.523
383.00	384.00	DEJU;0.840
448.25	448.50	DEJU;0.530
455.00	455.75	DEJU;0.620
469.75	470.50	DEJU;0.750
476.50	477.00	DEJU;0.512
512.50	512.75	DEJU;0.512
513.00	514.75	DEJU;0.756
527.50	527.75	DEJU;0.505
528.25	529.00	DEJU;0.772
535.00	535.75	DEJU;0.717
536.25	536.75	DEJU;0.631
552.50	552.75	DEJU;0.505
558.50	558.75	DEJU;0.616
566.25	567.00	DEJU;0.694
567.25	567.75	DEJU;0.558
575.25	575.75	DEJU;0.613
583.25	583.50	DEJU;0.513
589.50	590.75	DEJU;0.622
591.00	591.75	DEJU;0.686
599.00	599.50	DEJU;0.546
289.75	290.00	EABL;0.585
336.50	336.75	EVGR;0.525
72.75	74.50	FOSP;0.982
244.50	246.00	FOSP;0.935
335.75	336.00	FOSP;0.634
339.50	340.50	FOSP;0.715
355.50	357.25	FOSP;0.975
366.50	368.25	FOSP;0.970
555.75	556.50	FOSP;0.644
17.00	18.00	GCSP;0.878
33.00	33.75	GCSP;0.962
52.25	54.00	GCSP;0.988
68.75	70.00	GCSP;0.979
72.25	72.50	GCSP;0.668
85.00	85.75	GCSP;0.873
98.00	99.75	GCSP;0.992
116.75	118.25	GCSP;0.968
134.00	135.25	GCSP;0.991
150.50	152.00	GCSP;0.924
166.50	168.00	GCSP;0.968
181.00	182.75	GCSP;0.995
196.25	198.00	GCSP;0.995
211.75	213.00	GCSP;0.901
229.50	231.25	GCSP;0.992
248.00	249.75	GCSP;0.990
263.00	264.75	GCSP;0.955
278.75	280.25	GCSP;0.986
297.50	299.00	GCSP;0.974
313.25	314.50	GCSP;0.943
328.00	329.75	GCSP;0.986
344.75	346.25	GCSP;0.982
353.50	353.75	GCSP;0.761
355.50	355.75	GCSP;0.884
357.00	358.75	GCSP;0.994
371.00	372.50	GCSP;0.982
386.00	387.50	GCSP;0.971
401.25	403.25	GCSP;0.967
417.75	419.25	GCSP;0.969
434.50	435.00	GCSP;0.724
450.50	452.00	GCSP;0.914
468.25	468.75	GCSP;0.774
486.50	487.00	GCSP;0.782
506.75	508.25	GCSP;0.993
528.00	528.50	GCSP;0.750
544.25	545.75	GCSP;0.988
553.25	553.75	GCSP;0.745
560.25	561.50	GCSP;0.923
564.25	565.00	GCSP;0.727
576.75	578.25	GCSP;0.995
594.00	596.00	GCSP;0.992
151.50	152.25	HASP;0.607
86.00	86.50	HETH;0.639
233.25	233.50	HETH;0.514
180.00	181.00	LASP;0.800
42.25	42.75	LISP;0.625
105.25	106.00	LISP;0.803
149.50	150.50	LISP;0.770
164.50	165.50	LISP;0.880
227.00	227.75	LISP;0.705
256.75	257.75	LISP;0.734
271.75	272.75	LISP;0.831
286.75	287.75	LISP;0.727
333.50	333.75	LISP;0.575
362.50	363.50	LISP;0.688
376.25	377.75	LISP;0.942
409.25	410.50	LISP;0.676
456.00	456.75	LISP;0.933
498.00	499.00	LISP;0.846
559.00	559.75	LISP;0.931
233.25	233.75	MAMU;0.691
165.25	165.50	NHWR;0.517
320.00	320.50	OCWA;0.528
575.50	576.00	OCWA;0.530
445.00	445.50	PISI;0.576
459.25	460.00	PISI;0.885
460.25	461.00	PISI;0.986
463.25	467.00	PISI;0.990
467.75	468.00	PISI;0.538
470.50	471.25	PISI;0.976
472.25	472.50	PISI;0.535
473.75	474.50	PISI;0.882
476.00	476.75	PISI;0.975
478.00	482.00	PISI;0.993
455.75	456.00	PUFI;0.519
590.00	590.25	REVI;0.520
33.25	33.50	RWBL;0.516
313.25	313.50	RWBL;0.534
438.25	438.50	SNBU;0.578
472.25	472.50	TRES;0.583
54.00	54.25	VATH;0.641
168.00	168.25	VATH;0.541
280.50	281.00	VATH;0.537
487.00	487.50	VATH;0.596
242.75	243.00	VESP;0.516
573.25	574.00	VESP;0.720
42.25	42.50	WCSP;0.689
49.25	50.00	WCSP;0.793
81.50	83.00	WCSP;0.996
88.50	90.00	WCSP;0.996
96.25	97.50	WCSP;0.887
111.50	112.75	WCSP;0.991
119.50	121.00	WCSP;0.977
126.75	128.25	WCSP;0.995
143.00	144.25	WCSP;0.906
158.75	160.50	WCSP;0.993
175.50	176.25	WCSP;0.854
184.00	185.00	WCSP;0.901
192.50	194.00	WCSP;0.973
201.75	203.00	WCSP;0.922
222.00	223.25	WCSP;0.990
231.50	231.75	WCSP;0.661
241.75	243.00	WCSP;0.946
245.50	246.50	WCSP;0.800
259.75	260.25	WCSP;0.694
264.00	264.75	WCSP;0.810
270.25	271.50	WCSP;0.959
280.25	280.50	WCSP;0.708
282.25	283.25	WCSP;0.897
291.50	292.50	WCSP;0.889
319.75	320.00	WCSP;0.731
338.25	339.50	WCSP;0.902
340.50	341.00	WCSP;0.834
346.25	347.75	WCSP;0.935
349.50	349.75	WCSP;0.669
353.25	353.75	WCSP;0.893
358.00	359.00	WCSP;0.841
361.00	361.50	WCSP;0.695
372.25	373.00	WCSP;0.828
386.75	387.50	WCSP;0.766
435.00	435.75	WCSP;0.806
451.50	452.50	WCSP;0.858
467.00	467.75	WCSP;0.715
468.00	469.00	WCSP;0.727
474.50	474.75	WCSP;0.663
531.50	532.00	WCSP;0.807
537.25	537.50	WCSP;0.663
553.25	553.75	WCSP;0.746
556.25	556.75	WCSP;0.661
564.00	565.50	WCSP;0.945
585.00	585.75	WCSP;0.816
593.50	594.00	WCSP;0.731
543.25	543.75	WIWA;0.794
569.25	570.00	WIWA;0.992
49.75	50.50	WTSP;0.736
96.50	96.75	WTSP;0.518
119.50	119.75	WTSP;0.512
143.25	143.50	WTSP;0.540
175.50	176.00	WTSP;0.699
184.00	184.50	WTSP;0.606
291.75	292.25	WTSP;0.684
300.50	301.25	WTSP;0.735
310.25	310.75	WTSP;0.789
338.00	338.50	WTSP;0.584
349.00	349.75	WTSP;0.939
553.25	553.75	WTSP;0.682
585.00	585.50	WTSP;0.597
593.00	594.00	WTSP;0.817
559.50	560.00	WWCR;0.623
