219.50	220.00	AMRO;0.526
242.00	242.25	BAOR;0.558
92.50	92.75	BRBL;0.541
259.25	261.00	CHSP;0.919
73.00	73.25	CONI;0.670
21.75	22.25	DEJU;0.540
161.50	161.75	DEJU;0.611
166.25	166.50	DEJU;0.501
131.50	131.75	EAME;0.506
24.75	25.00	EATO;0.620
92.50	92.75	EATO;0.508
161.00	161.25	EATO;0.505
9.00	9.50	FISP;0.569
4.00	7.25	FOSP;0.966
8.50	8.75	FOSP;0.708
14.50	16.25	FOSP;0.957
24.75	26.50	FOSP;0.991
27.00	27.50	FOSP;0.735
30.75	31.50	FOSP;0.816
35.25	36.75	FOSP;0.834
45.50	48.00	FOSP;0.995
56.00	57.00	FOSP;0.986
59.75	60.50	FOSP;0.838
71.50	72.75	FOSP;0.845
83.75	85.00	FOSP;0.963
98.50	98.75	FOSP;0.707
102.00	103.00	FOSP;0.977
111.75	113.25	FOSP;0.986
115.25	116.00	FOSP;0.857
120.75	121.25	FOSP;0.780
122.50	124.50	FOSP;0.939
126.00	127.25	FOSP;0.996
131.50	132.25	FOSP;0.805
133.00	135.00	FOSP;0.948
137.25	137.50	FOSP;0.686
141.25	143.00	FOSP;0.982
145.50	146.50	FOSP;0.930
151.50	153.00	FOSP;0.877
157.50	159.25	FOSP;0.994
162.25	164.00	FOSP;0.994
167.25	169.25	FOSP;0.982
174.50	176.75	FOSP;0.994
180.00	182.00	FOSP;0.980
184.25	186.25	FOSP;0.992
187.50	189.00	FOSP;0.922
192.75	195.00	FOSP;0.990
202.00	203.50	FOSP;0.970
208.50	209.50	FOSP;0.883
212.25	214.00	FOSP;0.977
217.00	218.75	FOSP;0.976
221.50	223.50	FOSP;0.928
226.25	228.25	FOSP;0.974
231.75	233.25	FOSP;0.984
236.00	238.25	FOSP;0.998
241.25	243.25	FOSP;0.971
246.50	248.75	FOSP;0.996
250.75	251.25	FOSP;0.682
254.00	256.50	FOSP;0.997
264.75	265.50	FOSP;0.858
268.25	270.00	FOSP;0.984
277.25	277.75	FOSP;0.796
281.00	283.00	FOSP;0.974
286.50	288.00	FOSP;0.976
298.00	300.00	FOSP;0.993
0.75	1.25	GCSP;0.539
27.00	27.75	GCSP;0.860
98.25	99.00	GCSP;0.963
116.50	117.00	GCSP;0.590
208.00	208.75	GCSP;0.854
216.00	217.50	GCSP;0.873
222.25	223.00	GCSP;0.802
241.75	242.50	GCSP;0.726
141.25	141.50	HETH;0.604
145.25	145.75	HETH;0.710
160.75	161.00	HETH;0.752
167.25	167.50	HETH;0.635
180.00	180.25	HETH;0.534
231.75	232.00	HETH;0.708
264.50	264.75	HETH;0.602
231.25	231.50	HOFI;0.618
28.00	28.50	MOCH;0.687
146.50	147.00	REVI;0.636
92.50	92.75	RWBL;0.505
110.00	110.50	SNBU;0.710
124.25	124.50	SNBU;0.531
188.50	188.75	SNBU;0.546
284.25	284.50	SWSP;0.523
113.00	113.75	VESP;0.860
223.00	223.75	VESP;0.671
256.25	256.50	VESP;0.566
6.00	6.75	WCSP;0.736
15.25	15.50	WCSP;0.618
35.25	36.50	WCSP;0.784
47.00	47.50	WCSP;0.569
60.25	60.50	WCSP;0.588
83.50	83.75	WCSP;0.543
102.50	103.00	WCSP;0.669
115.50	116.50	WCSP;0.825
133.50	134.75	WCSP;0.737
142.00	142.50	WCSP;0.566
146.00	146.50	WCSP;0.749
152.00	153.00	WCSP;0.916
168.00	168.50	WCSP;0.681
181.00	181.50	WCSP;0.729
202.25	203.50	WCSP;0.920
212.75	214.00	WCSP;0.968
232.50	233.00	WCSP;0.580
256.25	256.50	WCSP;0.523
272.25	273.75	WIWA;0.980
0.00	2.50	WTSP;0.979
9.00	9.75	WTSP;0.828
17.50	20.00	WTSP;0.993
23.50	24.50	WTSP;0.822
26.50	28.50	WTSP;0.918
34.25	35.25	WTSP;0.921
42.25	45.25	WTSP;0.995
50.00	53.00	WTSP;0.992
60.75	63.50	WTSP;0.995
69.00	71.50	WTSP;0.993
80.50	83.25	WTSP;0.996
88.25	91.00	WTSP;0.991
97.00	98.75	WTSP;0.989
99.00	99.50	WTSP;0.764
106.25	108.50	WTSP;0.996
115.25	115.75	WTSP;0.755
116.25	117.75	WTSP;0.911
126.75	129.00	WTSP;0.994
137.25	140.00	WTSP;0.995
151.00	151.75	WTSP;0.880
161.75	162.25	WTSP;0.724
171.25	173.75	WTSP;0.993
182.50	184.25	WTSP;0.994
189.00	192.75	WTSP;0.996
197.00	201.75	WTSP;0.998
203.75	205.00	WTSP;0.983
207.00	209.00	WTSP;0.950
209.50	211.00	WTSP;0.992
216.00	217.25	WTSP;0.817
218.00	218.25	WTSP;0.693
219.00	219.25	WTSP;0.800
222.50	223.00	WTSP;0.712
226.25	226.75	WTSP;0.750
227.25	227.75	WTSP;0.778
228.25	229.75	WTSP;0.987
233.25	234.50	WTSP;0.965
239.00	241.50	WTSP;0.996
250.00	252.50	WTSP;0.988
261.00	263.75	WTSP;0.992
265.25	268.50	WTSP;0.996
269.75	271.75	WTSP;0.991
274.00	277.00	WTSP;0.995
279.25	281.50	WTSP;0.995
283.50	284.00	WTSP;0.709
284.25	286.75	WTSP;0.991
287.25	289.50	WTSP;0.994
292.00	298.00	WTSP;0.997
291.00	291.25	WWCR;0.514
