6.00	6.25	AMRO;0.518
8.25	8.50	AMRO;0.557
18.75	19.00	AMRO;0.538
22.75	24.00	AMRO;0.810
25.25	26.50	AMRO;0.788
29.50	30.00	AMRO;0.550
31.25	32.00	AMRO;0.754
36.75	37.00	AMRO;0.519
38.25	39.25	AMRO;0.846
43.75	44.75	AMRO;0.747
46.25	46.75	AMRO;0.654
52.25	53.75	AMRO;0.844
57.50	58.00	AMRO;0.548
59.00	59.75	AMRO;0.744
62.50	62.75	AMRO;0.505
64.00	64.75	AMRO;0.705
70.25	70.50	AMRO;0.551
77.00	77.75	AMRO;0.749
82.75	83.25	AMRO;0.549
85.00	85.75	AMRO;0.861
87.50	89.00	AMRO;0.984
90.25	90.50	AMRO;0.505
94.25	94.75	AMRO;0.616
97.75	99.00	AMRO;0.844
101.00	101.50	AMRO;0.628
104.50	104.75	AMRO;0.561
107.00	108.50	AMRO;0.779
112.25	112.50	AMRO;0.504
127.00	127.25	AMRO;0.548
130.25	130.75	AMRO;0.686
133.25	134.25	AMRO;0.909
150.00	150.50	AMRO;0.543
155.00	155.25	AMRO;0.562
167.00	167.50	AMRO;0.644
173.00	173.75	AMRO;0.853
179.25	179.50	AMRO;0.547
189.25	189.75	AMRO;0.565
195.25	196.00	AMRO;0.732
204.00	204.75	AMRO;0.812
213.00	214.00	AMRO;0.716
233.25	233.75	AMRO;0.578
237.00	237.75	AMRO;0.806
240.75	242.00	AMRO;0.902
244.75	245.00	AMRO;0.526
261.75	262.25	AMRO;0.591
269.25	270.00	AMRO;0.727
277.00	277.75	AMRO;0.798
279.75	280.75	AMRO;0.917
290.25	290.50	AMRO;0.574
294.25	294.75	AMRO;0.571
298.00	298.50	AMRO;0.558
299.00	299.75	AMRO;0.723
53.75	54.00	BTNW;0.579
4.25	4.50	DEJU;0.501
162.00	162.25	DEJU;0.525
141.00	141.25	DUNL;0.500
298.50	299.00	DUNL;0.644
19.50	20.00	FISP;0.644
66.25	66.75	FISP;0.591
149.25	149.50	FISP;0.523
172.50	173.00	FISP;0.629
1.50	2.75	FOSP;0.786
12.50	13.00	FOSP;0.524
20.50	20.75	FOSP;0.534
21.00	21.25	FOSP;0.503
48.25	49.50	FOSP;0.951
50.25	50.75	FOSP;0.635
86.50	87.50	FOSP;0.707
94.50	94.75	FOSP;0.532
109.50	110.75	FOSP;0.922
116.25	118.75	FOSP;0.984
128.00	129.00	FOSP;0.955
131.75	133.25	FOSP;0.957
138.25	140.25	FOSP;0.776
147.25	148.75	FOSP;0.893
153.00	153.50	FOSP;0.647
156.00	157.75	FOSP;0.991
165.25	166.75	FOSP;0.983
174.50	176.00	FOSP;0.887
184.25	185.25	FOSP;0.726
199.25	200.00	FOSP;0.634
208.75	209.75	FOSP;0.806
220.75	221.25	FOSP;0.642
238.50	239.75	FOSP;0.700
1.00	1.50	GCSP;0.704
44.75	45.00	GCSP;0.519
108.75	109.75	GCSP;0.785
13.00	13.50	LASP;0.582
26.50	27.00	LISP;0.678
2.25	2.50	OROR;0.507
230.50	231.25	OSFL;0.606
71.25	72.00	RBGR;0.696
60.25	60.75	RBNU;0.632
182.75	183.00	RUTU;0.656
68.75	69.00	SAPH;0.571
161.50	162.00	SAPH;0.588
250.50	250.75	SATH;0.509
131.75	132.00	SNBU;0.646
147.00	147.25	SNBU;0.625
55.50	56.00	SWSP;0.759
62.75	63.50	SWSP;0.700
76.75	77.00	SWSP;0.557
83.25	84.25	SWSP;0.603
119.25	119.75	SWSP;0.590
219.50	220.25	SWSP;0.642
226.50	227.50	SWSP;0.581
233.25	234.50	SWSP;0.855
281.00	282.00	SWSP;0.686
120.50	120.75	TOSO;0.570
123.50	123.75	TOSO;0.539
153.50	154.50	TOSO;0.757
204.25	205.00	TOSO;0.691
175.50	175.75	VESP;0.530
221.50	221.75	VESP;0.542
6.75	7.75	WCSP;0.901
10.25	12.00	WCSP;0.921
12.50	12.75	WCSP;0.664
21.00	21.50	WCSP;0.806
27.50	29.00	WCSP;0.997
33.25	34.25	WCSP;0.922
45.25	46.25	WCSP;0.971
49.50	50.00	WCSP;0.778
56.25	59.00	WCSP;0.974
88.00	88.25	WCSP;0.743
96.50	97.50	WCSP;0.931
107.50	108.00	WCSP;0.686
110.25	110.75	WCSP;0.708
114.00	115.50	WCSP;0.997
118.00	118.25	WCSP;0.727
140.00	140.75	WCSP;0.833
143.50	144.25	WCSP;0.871
157.25	159.75	WCSP;0.876
164.50	165.75	WCSP;0.814
172.50	173.00	WCSP;0.775
175.25	175.75	WCSP;0.772
177.50	179.00	WCSP;0.989
180.75	181.00	WCSP;0.734
187.25	188.75	WCSP;0.944
200.25	202.00	WCSP;0.983
209.00	209.75	WCSP;0.802
215.00	217.00	WCSP;0.979
221.25	224.00	WCSP;0.983
227.75	230.00	WCSP;0.996
234.50	236.75	WCSP;0.986
239.50	239.75	WCSP;0.697
240.25	240.50	WCSP;0.701
242.00	243.75	WCSP;0.994
249.00	249.25	WCSP;0.666
252.25	254.00	WCSP;0.993
255.25	257.25	WCSP;0.995
263.00	265.25	WCSP;0.991
267.00	268.75	WCSP;0.987
270.50	272.50	WCSP;0.990
274.50	276.00	WCSP;0.994
276.50	277.00	WCSP;0.807
277.25	279.00	WCSP;0.992
282.75	284.25	WCSP;0.995
285.75	287.75	WCSP;0.995
289.50	290.00	WCSP;0.853
294.00	296.75	WCSP;0.989
40.00	40.75	WIWA;0.890
47.50	48.00	WIWA;0.865
61.00	61.50	WIWA;0.724
70.25	71.00	WIWA;0.983
72.00	73.00	WIWA;0.989
76.75	77.75	WIWA;0.768
79.75	81.25	WIWA;0.992
90.50	91.00	WIWA;0.812
92.00	92.50	WIWA;0.924
100.75	101.50	WIWA;0.968
103.00	104.25	WIWA;0.879
111.50	111.75	WIWA;0.753
112.75	114.00	WIWA;0.989
118.75	119.75	WIWA;0.756
123.50	124.75	WIWA;0.994
126.50	127.75	WIWA;0.844
134.50	135.50	WIWA;0.983
151.00	152.75	WIWA;0.974
160.25	161.00	WIWA;0.991
167.50	168.75	WIWA;0.965
176.00	177.50	WIWA;0.994
183.25	184.25	WIWA;0.973
213.50	214.50	WIWA;0.807
219.75	220.25	WIWA;0.805
226.25	227.50	WIWA;0.866
237.25	238.50	WIWA;0.994
241.25	242.00	WIWA;0.905
248.25	249.75	WIWA;0.915
257.75	258.75	WIWA;0.848
259.25	260.50	WIWA;0.992
269.00	270.50	WIWA;0.985
273.75	274.50	WIWA;0.793
279.00	280.00	WIWA;0.955
280.75	282.00	WIWA;0.776
288.00	288.75	WIWA;0.993
290.25	291.25	WIWA;0.965
0.50	1.00	WTSP;0.707
3.75	7.00	WTSP;0.987
10.00	11.00	WTSP;0.938
16.00	19.75	WTSP;0.995
41.00	41.25	WTSP;0.709
44.50	44.75	WTSP;0.720
53.50	55.75	WTSP;0.971
64.00	67.75	WTSP;0.995
72.75	76.50	WTSP;0.996
81.25	85.25	WTSP;0.995
88.75	90.00	WTSP;0.858
91.00	93.75	WTSP;0.993
99.00	101.00	WTSP;0.959
101.50	102.25	WTSP;0.859
107.50	110.00	WTSP;0.954
111.00	111.25	WTSP;0.768
115.50	116.00	WTSP;0.693
137.50	138.00	WTSP;0.725
177.50	177.75	WTSP;0.734
198.50	198.75	WTSP;0.720
200.25	200.75	WTSP;0.758
240.25	240.75	WTSP;0.758
267.00	267.50	WTSP;0.839
274.50	274.75	WTSP;0.658
289.50	290.00	WTSP;0.813
297.25	297.50	WTSP;0.690
