2.00	3.00	AMRO;0.655
4.50	8.00	AMRO;0.957
16.75	17.75	AMRO;0.785
22.00	22.50	AMRO;0.533
29.75	30.50	AMRO;0.628
35.25	35.75	AMRO;0.577
87.25	88.25	AMRO;0.884
161.25	162.50	AMRO;0.882
166.25	166.75	AMRO;0.555
168.25	168.50	AMRO;0.514
172.75	173.25	AMRO;0.608
253.50	254.00	AMRO;0.904
263.25	263.75	AMRO;0.645
103.00	103.25	ATSP;0.671
106.50	106.75	ATSP;0.718
109.00	109.25	BRCR;0.552
93.25	96.75	CHSP;0.976
100.75	101.00	CHSP;0.852
133.00	134.25	CHSP;0.788
140.75	142.25	CHSP;0.864
149.00	149.75	CHSP;0.843
157.25	160.50	CHSP;0.992
164.75	168.00	CHSP;0.995
173.00	176.00	CHSP;0.989
181.25	184.00	CHSP;0.977
188.25	191.00	CHSP;0.972
195.50	198.00	CHSP;0.943
199.25	202.50	CHSP;0.989
205.00	207.75	CHSP;0.981
212.50	215.25	CHSP;0.988
220.00	222.50	CHSP;0.955
227.50	230.00	CHSP;0.983
235.50	238.25	CHSP;0.989
249.25	251.75	CHSP;0.986
257.50	258.00	CHSP;0.671
265.00	267.25	CHSP;0.973
286.75	287.50	CHSP;0.705
288.50	288.75	CHSP;0.703
294.75	296.75	CHSP;0.964
299.00	299.25	CMWA;0.767
4.75	5.00	COMU;0.741
133.25	133.75	DEJU;0.544
195.50	196.00	DEJU;0.634
29.25	29.75	EABL;0.925
173.00	173.25	EABL;0.573
292.00	292.25	EAME;0.552
99.25	99.75	FISP;0.782
100.25	100.50	FISP;0.697
102.25	102.50	FISP;0.554
242.75	243.75	FOSP;0.754
256.75	258.25	FOSP;0.931
153.50	153.75	GCKI;0.629
299.00	299.25	GCKI;0.574
103.25	104.00	GRSP;0.960
121.50	121.75	HOLA;0.532
127.25	127.75	KILL;0.850
68.75	69.00	NOFL;0.557
91.75	92.25	PISI;0.891
106.75	107.50	PISI;0.981
110.00	110.50	PISI;0.738
113.50	114.00	PISI;0.899
122.25	123.00	PISI;0.975
126.25	126.75	PISI;0.694
129.50	130.00	PISI;0.632
140.25	140.75	PISI;0.755
142.25	143.25	PISI;0.989
143.75	144.50	PISI;0.969
4.00	4.75	RUGR;0.625
6.00	8.00	RUGR;0.903
28.50	28.75	RUGR;0.559
60.00	60.75	RUGR;0.612
62.75	63.00	RUGR;0.518
128.00	129.00	RUGR;0.888
129.75	132.00	RUGR;0.917
136.00	137.00	RUGR;0.583
139.00	140.00	RUGR;0.740
36.75	37.00	RUTU;0.621
161.25	161.75	SATH;0.567
99.25	99.75	SAVS;0.617
100.00	100.75	SAVS;0.839
101.25	101.75	SAVS;0.790
102.25	102.50	SAVS;0.742
27.75	28.00	SBDO;0.776
36.75	37.00	SBDO;0.714
243.50	244.75	VESP;0.956
258.00	258.50	VESP;0.704
65.00	65.25	WCSP;0.606
240.75	241.00	YRWA;0.561
