214.25	214.75	AMRO;0.631
298.50	299.25	AMRO;0.607
308.25	309.50	AMRO;0.852
102.75	103.00	BBWA;0.549
120.50	120.75	BBWA;0.784
133.75	134.25	BBWA;0.575
146.75	147.00	BBWA;0.824
241.25	241.75	BCCH;0.684
279.00	279.75	BCCH;0.918
297.50	298.00	BCCH;0.789
305.50	306.00	BCCH;0.587
317.25	317.50	BCCH;0.670
405.00	405.50	BCCH;0.514
432.00	432.50	BCCH;0.716
447.25	447.75	BCCH;0.558
451.25	451.50	BCCH;0.629
470.25	470.75	BCCH;0.560
500.00	500.50	BCCH;0.787
516.75	517.00	BCCH;0.503
534.50	535.00	BCCH;0.579
572.25	572.50	BCCH;0.532
368.25	368.50	BHCO;0.757
443.50	443.75	BHCO;0.695
93.75	94.00	CHSP;0.974
99.00	99.25	CHSP;0.670
102.75	103.00	CHSP;0.834
112.00	112.25	CHSP;0.929
125.75	126.00	CHSP;0.668
150.75	151.00	CHSP;0.766
160.75	161.00	CHSP;0.888
243.75	244.00	CHSP;0.909
301.25	301.50	CHSP;0.762
305.00	305.25	CHSP;0.896
436.00	436.25	EAME;0.661
426.00	427.00	FOSP;0.961
441.75	443.00	FOSP;0.876
70.00	70.25	HETH;0.690
203.50	204.25	HETH;0.802
210.75	211.75	HETH;0.972
222.00	222.50	HETH;0.789
229.25	229.75	HETH;0.739
237.50	238.75	HETH;0.992
241.25	241.50	HETH;0.661
248.50	249.25	HETH;0.942
255.75	256.00	HETH;0.716
259.75	260.75	HETH;0.960
267.75	268.50	HETH;0.808
275.75	276.75	HETH;0.909
279.00	279.75	HETH;0.803
282.75	283.50	HETH;0.901
286.25	287.25	HETH;0.944
294.00	294.75	HETH;0.869
297.50	298.25	HETH;0.781
305.50	306.50	HETH;0.902
313.25	314.25	HETH;0.819
317.25	317.75	HETH;0.678
324.25	325.25	HETH;0.916
332.25	332.50	HETH;0.669
339.50	340.25	HETH;0.915
343.00	344.25	HETH;0.982
356.75	357.50	HETH;0.859
360.25	361.25	HETH;0.995
365.00	366.25	HETH;0.994
371.75	372.75	HETH;0.945
376.25	377.25	HETH;0.921
384.25	385.50	HETH;0.994
393.75	394.75	HETH;0.961
397.50	398.50	HETH;0.937
401.00	402.00	HETH;0.994
405.00	405.75	HETH;0.990
411.75	413.00	HETH;0.945
415.75	416.00	HETH;0.733
419.50	420.50	HETH;0.967
432.00	433.00	HETH;0.953
435.50	436.50	HETH;0.912
439.00	440.00	HETH;0.990
447.50	448.50	HETH;0.928
451.25	452.25	HETH;0.993
454.25	455.50	HETH;0.998
458.50	459.50	HETH;0.907
462.50	463.25	HETH;0.885
466.25	467.50	HETH;0.993
470.25	471.25	HETH;0.955
474.00	475.00	HETH;0.995
478.00	479.50	HETH;0.994
482.00	482.50	HETH;0.882
486.75	487.25	HETH;0.747
490.75	491.75	HETH;0.977
495.50	496.50	HETH;0.986
500.25	501.00	HETH;0.762
507.25	508.50	HETH;0.992
510.75	511.50	HETH;0.831
516.75	517.50	HETH;0.907
526.75	527.50	HETH;0.890
531.00	531.25	HETH;0.661
534.50	535.50	HETH;0.911
541.25	542.25	HETH;0.948
545.50	546.50	HETH;0.938
549.75	550.75	HETH;0.993
554.00	555.50	HETH;0.993
562.75	564.00	HETH;0.954
567.75	568.75	HETH;0.968
572.00	573.25	HETH;0.973
575.75	576.00	HETH;0.693
580.75	581.25	HETH;0.806
588.00	589.00	HETH;0.987
593.00	593.25	HETH;0.720
349.00	349.25	HOLA;0.660
70.00	70.25	KILL;0.542
229.25	229.75	MAMU;0.848
249.00	249.50	MAMU;0.646
286.50	287.00	MAMU;0.673
343.50	343.75	MAMU;0.537
357.00	357.50	MAMU;0.579
405.50	405.75	MAMU;0.518
517.25	517.50	MAMU;0.516
241.25	241.75	MOCH;0.604
255.75	256.00	MOCH;0.563
275.50	276.00	MOCH;0.712
313.25	313.75	MOCH;0.736
415.75	416.00	MOCH;0.552
447.25	447.75	MOCH;0.778
526.75	527.00	MOCH;0.718
218.00	218.50	PIGR;0.873
580.50	581.00	PIGR;0.912
271.75	272.00	RUBL;0.646
282.50	283.00	RUBL;0.531
426.00	426.25	SNBU;0.605
524.00	524.50	SPSA;0.586
535.25	535.50	VEER;0.602
81.25	81.50	WCSP;0.649
88.75	89.00	WCSP;0.965
102.75	103.00	WCSP;0.711
120.50	120.75	WCSP;0.564
130.00	130.50	WCSP;0.976
138.00	138.25	WCSP;0.869
140.50	140.75	WCSP;0.933
146.75	147.00	WCSP;0.626
158.75	159.00	WCSP;0.824
160.75	161.00	WCSP;0.709
229.75	230.00	WCSP;0.769
239.00	239.25	WCSP;0.817
305.00	305.25	WCSP;0.501
93.75	94.00	WEFL;0.540
99.00	99.25	WEFL;0.598
243.75	244.00	WEFL;0.534
233.00	233.50	WHIM;0.690
257.00	257.50	WHIM;0.766
376.75	377.00	WOTH;0.674
225.50	225.75	YBFL;0.550
