58.50	59.00	AMDI;0.526
104.50	104.75	AMDI;0.531
156.25	156.75	AMDI;0.662
297.00	297.50	AMRO;0.574
14.25	14.75	DEJU;0.653
75.25	76.00	DEJU;0.663
186.50	187.25	DEJU;0.542
201.25	201.50	DEJU;0.525
229.50	229.75	DEJU;0.538
243.00	243.75	DEJU;0.714
256.25	257.00	DEJU;0.751
284.50	284.75	DEJU;0.544
265.50	265.75	EAME;0.533
92.50	94.25	FOSP;0.976
225.75	226.00	FOSP;0.505
247.50	248.00	FOSP;0.566
274.50	274.75	FOSP;0.531
292.25	292.75	FOSP;0.602
0.50	0.75	GWTE;0.551
140.50	141.00	HOLA;0.833
157.75	158.00	HOLA;0.551
172.75	173.25	HOLA;0.597
299.00	299.50	HOLA;0.805
298.25	298.75	LARB;0.598
6.75	8.25	LISP;0.828
25.00	26.25	LISP;0.922
42.00	43.50	LISP;0.963
104.00	104.25	LISP;0.588
171.00	171.75	LISP;0.710
186.25	187.00	LISP;0.720
200.75	201.75	LISP;0.712
213.75	215.00	LISP;0.909
229.25	229.75	LISP;0.599
270.25	271.25	LISP;0.872
14.25	14.50	OCWA;0.599
185.75	186.00	OSFL;0.504
255.50	256.00	OSFL;0.537
247.00	247.25	SAPH;0.598
297.25	297.75	SATH;0.644
248.25	248.50	SBDO;0.567
273.25	273.75	SNBU;0.835
291.50	291.75	SNBU;0.628
104.50	104.75	SOSA;0.716
124.75	125.25	SOSA;0.631
139.25	139.75	SOSA;0.809
156.25	156.75	SOSA;0.771
171.50	172.00	SOSA;0.529
297.75	298.50	SOSA;0.978
44.25	44.75	SWSP;0.589
244.00	244.25	SWSP;0.502
2.25	3.25	VATH;0.979
11.50	12.50	VATH;0.830
15.25	15.75	VATH;0.742
18.25	19.25	VATH;0.915
21.00	22.00	VATH;0.980
23.75	24.75	VATH;0.969
28.00	28.50	VATH;0.900
48.50	49.75	VATH;0.990
51.75	52.50	VATH;0.764
64.00	65.00	VATH;0.975
71.00	71.50	VATH;0.535
78.75	79.25	VATH;0.532
82.50	83.25	VATH;0.923
84.50	85.50	VATH;0.895
96.00	96.50	VATH;0.605
99.25	100.00	VATH;0.951
111.50	112.75	VATH;0.985
120.25	121.50	VATH;0.985
136.50	137.25	VATH;0.904
151.50	152.50	VATH;0.982
165.50	165.75	VATH;0.523
166.50	168.00	VATH;0.978
176.50	177.50	VATH;0.962
180.25	181.75	VATH;0.982
183.50	184.25	VATH;0.988
193.00	194.25	VATH;0.982
202.25	203.50	VATH;0.889
224.75	225.50	VATH;0.961
227.50	228.00	VATH;0.617
251.00	251.50	VATH;0.876
263.25	264.50	VATH;0.991
280.25	281.00	VATH;0.988
290.75	291.00	VATH;0.595
30.50	30.75	WEFL;0.540
44.00	45.00	WIWA;0.896
53.00	54.00	WIWA;0.998
60.00	61.50	WIWA;0.995
69.00	70.50	WIWA;0.996
79.00	80.50	WIWA;0.995
89.00	90.50	WIWA;0.992
97.50	99.00	WIWA;0.998
106.50	108.00	WIWA;0.997
116.50	118.25	WIWA;0.996
126.00	127.75	WIWA;0.996
134.75	136.25	WIWA;0.997
153.50	155.00	WIWA;0.996
173.50	174.75	WIWA;0.995
189.50	190.75	WIWA;0.992
205.25	206.50	WIWA;0.994
216.25	216.50	WIWA;0.678
226.25	227.75	WIWA;0.997
237.00	238.50	WIWA;0.995
251.50	252.75	WIWA;0.995
266.00	267.50	WIWA;0.997
275.25	276.75	WIWA;0.997
285.75	287.00	WIWA;0.996
295.50	296.75	WIWA;0.993
