52.75	53.50	BCCH;0.714
15.25	15.50	BLJA;0.616
39.50	39.75	BLJA;0.603
116.00	116.50	BLJA;0.717
216.25	216.75	BLJA;0.630
244.75	245.00	BLJA;0.598
267.25	267.50	BLJA;0.553
38.00	38.50	BLSW;0.631
239.50	239.75	FISP;0.533
184.25	184.50	GCSP;0.540
187.75	188.00	GCSP;0.504
53.25	53.50	HETH;0.517
216.25	217.00	HETH;0.809
45.25	45.50	MOCH;0.607
130.00	130.50	MOCH;0.743
141.25	141.75	MOCH;0.831
183.75	184.00	MOCH;0.506
214.00	214.75	MOCH;0.819
223.50	224.25	MOCH;0.574
253.75	254.50	MOCH;0.713
51.00	51.25	NSHR;0.532
38.00	38.50	PYNU;0.553
0.25	0.50	ROWR;0.533
54.25	54.50	SOSA;0.536
88.25	88.50	SOSA;0.542
0.00	0.50	WCSP;0.720
10.50	11.25	WCSP;0.846
11.50	12.50	WCSP;0.868
22.25	24.25	WCSP;0.990
35.75	37.50	WCSP;0.948
46.25	46.50	WCSP;0.682
49.25	51.00	WCSP;0.871
61.25	63.75	WCSP;0.997
80.25	81.75	WCSP;0.997
90.50	93.25	WCSP;0.998
100.25	100.75	WCSP;0.796
110.50	111.50	WCSP;0.859
118.75	121.00	WCSP;0.998
121.50	124.25	WCSP;0.997
127.00	127.75	WCSP;0.998
131.50	132.25	WCSP;0.977
132.75	134.00	WCSP;0.996
134.75	137.25	WCSP;0.998
137.75	138.75	WCSP;0.997
140.00	140.75	WCSP;0.995
142.75	143.75	WCSP;0.997
144.00	146.00	WCSP;0.975
147.00	148.25	WCSP;0.990
149.25	154.25	WCSP;0.996
155.25	159.00	WCSP;0.995
159.50	160.50	WCSP;0.958
161.00	165.25	WCSP;0.998
166.75	167.00	WCSP;0.890
170.00	173.25	WCSP;0.993
174.00	175.75	WCSP;0.982
176.25	183.75	WCSP;0.994
185.25	186.00	WCSP;0.998
187.50	188.25	WCSP;0.878
189.75	190.75	WCSP;0.997
192.75	193.00	WCSP;0.680
193.25	195.50	WCSP;0.997
201.00	203.00	WCSP;0.982
210.00	212.25	WCSP;0.993
219.25	221.75	WCSP;0.997
230.50	231.25	WCSP;0.783
233.75	236.00	WCSP;0.996
250.25	252.00	WCSP;0.995
264.25	264.75	WCSP;0.777
269.00	270.75	WCSP;0.995
276.75	280.50	WCSP;0.996
282.25	282.75	WCSP;0.818
283.00	283.50	WCSP;0.798
288.25	289.50	WCSP;0.789
10.50	11.25	WTSP;0.716
22.25	22.50	WTSP;0.508
46.00	46.50	WTSP;0.851
49.25	50.00	WTSP;0.736
54.25	54.75	WTSP;0.948
56.75	57.00	WTSP;0.652
62.00	62.75	WTSP;0.782
81.00	81.75	WTSP;0.767
90.50	91.00	WTSP;0.519
100.00	100.75	WTSP;0.828
110.50	111.25	WTSP;0.661
130.25	130.75	WTSP;0.565
141.50	141.75	WTSP;0.563
159.00	160.00	WTSP;0.930
160.25	161.00	WTSP;0.806
173.25	176.25	WTSP;0.894
187.75	188.50	WTSP;0.776
192.50	193.00	WTSP;0.543
221.75	224.25	WTSP;0.911
230.50	231.25	WTSP;0.695
239.00	239.75	WTSP;0.833
245.50	247.00	WTSP;0.859
253.75	254.50	WTSP;0.712
264.00	264.25	WTSP;0.501
271.25	272.00	WTSP;0.861
274.00	275.00	WTSP;0.779
291.00	293.75	WTSP;0.987
260.75	262.50	YRWA;0.991
272.00	274.00	YRWA;0.992
285.25	287.00	YRWA;0.995
297.00	298.75	YRWA;0.986
