100.50	101.00	AMRO;0.561
80.50	80.75	BAOR;0.563
178.75	179.00	CCLO;0.500
31.25	31.50	DEJU;0.550
49.50	49.75	DEJU;0.532
76.50	76.75	DUNL;0.552
186.75	187.00	EVGR;0.521
202.25	202.50	EVGR;0.531
274.50	275.00	EVGR;0.833
290.75	291.00	EVGR;0.532
253.50	254.00	FISP;0.645
85.00	87.00	FOSP;0.959
111.00	113.25	FOSP;0.991
131.00	133.00	FOSP;0.968
161.25	163.50	FOSP;0.986
174.75	176.50	FOSP;0.977
186.00	187.00	FOSP;0.713
225.00	226.00	FOSP;0.970
236.75	237.50	FOSP;0.754
248.00	248.50	FOSP;0.673
291.25	291.50	FOSP;0.619
72.25	72.50	GWTE;0.805
117.50	117.75	LARB;0.528
1.75	2.50	LISP;0.729
11.25	12.00	LISP;0.895
31.00	31.25	LISP;0.523
39.50	40.75	LISP;0.873
49.00	49.75	LISP;0.691
58.50	59.75	LISP;0.879
68.00	69.25	LISP;0.976
77.75	78.75	LISP;0.957
96.75	98.25	LISP;0.988
126.25	127.50	LISP;0.826
136.25	137.50	LISP;0.894
145.75	147.00	LISP;0.920
156.00	157.25	LISP;0.867
166.75	167.75	LISP;0.862
230.50	231.00	LISP;0.608
277.50	278.00	LISP;0.632
289.50	290.00	LISP;0.880
20.50	20.75	MAMU;0.518
23.50	24.00	MOCH;0.554
121.25	121.50	MOCH;0.520
150.25	150.50	MOCH;0.526
215.25	215.50	MOCH;0.568
261.25	261.50	PIGR;0.520
100.25	101.00	RBGR;0.793
265.50	265.75	ROWR;0.534
15.75	16.25	RUBL;0.652
72.25	72.50	SATH;0.634
186.75	187.00	SNBU;0.616
202.25	202.50	SNBU;0.818
236.00	236.25	SNBU;0.507
236.50	236.75	SNBU;0.506
247.00	248.25	SNBU;0.968
261.00	262.50	SNBU;0.869
274.75	275.00	SNBU;0.819
12.75	13.00	SOSA;0.514
109.50	110.00	TOSO;0.568
147.25	147.50	TOSO;0.593
35.50	36.00	VATH;0.720
123.75	124.50	VATH;0.952
138.75	139.25	VATH;0.632
148.50	149.25	VATH;0.850
182.50	183.00	VATH;0.712
195.00	195.50	VATH;0.639
243.25	243.50	VATH;0.698
24.25	24.75	WCSP;0.831
44.50	45.25	WCSP;0.699
53.75	54.75	WCSP;0.808
55.00	56.00	WCSP;0.993
64.50	65.50	WCSP;0.772
83.75	84.50	WCSP;0.656
103.25	103.75	WCSP;0.791
121.50	122.50	WCSP;0.752
142.00	142.75	WCSP;0.942
152.25	153.00	WCSP;0.894
164.00	164.50	WCSP;0.771
227.75	228.00	WCSP;0.519
253.50	254.00	WCSP;0.534
258.00	258.75	WCSP;0.902
291.25	291.50	WCSP;0.569
238.50	238.75	WEWP;0.517
44.25	44.50	WTSP;0.646
93.50	94.25	WTSP;0.587
101.25	102.00	WTSP;0.667
150.00	150.75	WTSP;0.642
151.00	152.25	WTSP;0.905
172.25	173.00	WTSP;0.622
183.00	183.50	WTSP;0.543
195.00	196.75	WTSP;0.836
215.25	216.00	WTSP;0.786
232.50	233.50	WTSP;0.708
30.50	31.00	YRWA;0.643
