11.00	11.50	ATSP;0.961
16.00	16.25	ATSP;0.767
94.50	95.00	ATSP;0.920
16.00	16.25	BBWA;0.514
242.50	242.75	BCCH;0.507
139.50	139.75	BLSW;0.534
113.50	113.75	CAFI;0.594
17.00	17.50	CHSP;0.921
18.25	18.50	CHSP;0.625
121.00	121.25	CHSP;0.962
47.25	47.75	CHSW;0.672
45.00	45.25	DUNL;0.742
58.00	58.25	EVGR;0.523
4.75	5.00	FISP;0.521
21.75	22.75	FOSP;0.908
30.25	31.75	FOSP;0.944
40.25	40.75	FOSP;0.576
57.50	58.25	FOSP;0.791
121.00	121.25	GCSP;0.523
173.00	173.50	HASP;0.562
142.25	142.50	HETH;0.530
239.00	239.75	HETH;0.961
242.50	242.75	HETH;0.750
249.50	250.00	HETH;0.672
252.75	253.00	HETH;0.587
191.00	191.25	HOSP;0.704
144.25	144.75	LASP;0.584
2.50	2.75	LISP;0.600
19.75	20.00	LISP;0.502
34.75	35.50	LISP;0.670
49.00	50.00	LISP;0.886
64.00	65.00	LISP;0.893
80.00	80.25	LISP;0.593
127.25	128.50	LISP;0.779
143.00	144.25	LISP;0.919
158.50	159.50	LISP;0.679
174.00	174.50	LISP;0.566
189.75	190.00	LISP;0.627
206.00	206.75	LISP;0.720
221.50	222.25	LISP;0.724
268.50	269.50	LISP;0.799
284.50	285.75	LISP;0.728
56.00	56.75	MOCH;0.815
292.50	292.75	NSHR;0.520
3.75	4.00	PISI;0.672
50.25	50.50	PISI;0.791
66.00	66.50	PISI;0.814
80.25	82.00	PISI;0.929
93.00	94.00	PISI;0.994
133.75	135.00	PISI;0.999
140.00	140.75	PISI;0.861
194.00	195.00	PISI;0.992
199.50	200.25	PISI;0.985
203.00	206.00	PISI;0.995
206.75	207.75	PISI;0.961
208.25	209.50	PISI;0.996
210.00	210.75	PISI;0.978
211.25	216.50	PISI;0.996
19.75	20.25	ROWR;0.522
34.75	35.00	ROWR;0.580
79.25	80.00	ROWR;0.866
127.50	127.75	ROWR;0.547
158.25	158.75	ROWR;0.644
0.50	0.75	SAVS;0.630
3.25	3.50	SAVS;0.905
4.75	5.25	SAVS;0.819
6.50	6.75	SAVS;0.825
8.00	8.50	SAVS;0.915
9.50	10.00	SAVS;0.926
12.25	12.75	SAVS;0.781
13.25	13.75	SAVS;0.898
14.25	15.00	SAVS;0.882
41.25	41.50	SWSP;0.524
61.00	61.50	SWSP;0.748
82.25	82.75	SWSP;0.548
110.25	111.25	SWSP;0.953
117.25	117.50	SWSP;0.541
169.25	169.75	SWSP;0.657
177.00	177.75	SWSP;0.886
207.50	208.00	SWSP;0.604
243.25	244.00	SWSP;0.869
258.00	258.75	SWSP;0.888
266.00	266.50	SWSP;0.539
281.00	282.00	SWSP;0.960
288.00	289.25	SWSP;0.940
295.25	296.50	SWSP;0.758
138.75	139.00	TEWA;0.514
287.25	287.50	TEWA;0.629
294.50	295.00	TEWA;0.585
20.50	21.00	WCSP;0.729
22.25	23.00	WCSP;0.815
121.00	122.00	WCSP;0.791
162.50	164.25	WCSP;0.977
173.00	173.75	WCSP;0.877
184.00	185.75	WCSP;0.995
195.25	197.25	WCSP;0.996
209.50	210.25	WCSP;0.960
220.50	221.50	WCSP;0.853
232.50	234.25	WCSP;0.955
244.50	246.25	WCSP;0.993
255.50	257.25	WCSP;0.986
266.75	268.25	WCSP;0.982
277.75	279.75	WCSP;0.993
290.75	292.50	WCSP;0.992
169.25	169.75	WIWA;0.551
56.25	56.75	WTSP;0.684
233.00	233.25	WTSP;0.612
206.25	206.50	YRWA;0.566
251.50	251.75	YRWA;0.587
