220.25	220.50	ATSP;0.782
276.00	276.25	BHCO;0.541
293.25	293.75	BHCO;0.697
50.00	50.75	BLTU;0.941
140.00	140.50	BRCR;0.722
79.50	79.75	BRSP;0.522
80.00	80.75	BRSP;0.719
74.25	74.50	CHSP;0.616
78.00	78.50	CHSP;0.571
174.50	174.75	CHSP;0.618
152.25	153.50	CHSW;0.822
73.00	73.25	DEJU;0.524
230.50	231.00	DEJU;0.939
231.75	232.50	DEJU;0.844
277.50	278.50	DEJU;0.749
285.50	285.75	DEJU;0.646
73.00	73.25	FISP;0.602
79.75	80.00	FISP;0.534
17.25	17.75	FOSP;0.593
120.25	121.00	FOSP;0.731
147.75	148.75	FOSP;0.969
13.50	14.00	GCKI;0.531
140.25	140.50	GCKI;0.618
16.25	16.50	HETH;0.556
111.50	112.00	NHWR;0.653
233.50	233.75	OCWA;0.771
249.25	249.50	PISI;0.660
256.50	258.00	PISI;0.985
82.50	82.75	RUGR;0.531
202.25	202.75	RUGR;0.612
203.50	203.75	RUGR;0.511
205.50	206.50	RUGR;0.598
24.50	24.75	SAVS;0.604
27.50	27.75	SAVS;0.717
262.25	262.75	SAVS;0.709
24.50	24.75	SOSP;0.539
122.00	122.25	SWSP;0.666
141.75	142.75	SWSP;0.814
291.25	291.50	SWSP;0.569
280.25	280.75	VASW;0.665
10.25	12.00	WCSP;0.987
21.75	23.50	WCSP;0.997
44.25	44.50	WCSP;0.696
47.00	48.25	WCSP;0.963
56.50	56.75	WCSP;0.709
58.50	60.00	WCSP;0.996
68.25	70.00	WCSP;0.995
78.75	79.50	WCSP;0.809
89.75	90.50	WCSP;0.751
101.25	103.25	WCSP;0.993
114.00	115.75	WCSP;0.994
120.25	120.75	WCSP;0.753
126.50	128.25	WCSP;0.997
132.75	134.25	WCSP;0.994
135.50	137.75	WCSP;0.994
144.25	145.25	WCSP;0.854
146.00	147.75	WCSP;0.945
156.25	158.00	WCSP;0.945
166.25	167.50	WCSP;0.991
168.25	170.00	WCSP;0.975
195.75	196.00	WCSP;0.683
235.00	236.50	WCSP;0.997
260.25	261.75	WCSP;0.948
286.00	287.00	WCSP;0.986
296.00	297.75	WCSP;0.982
99.50	100.50	WIWA;0.895
110.75	111.50	WIWA;0.876
122.00	122.25	WIWA;0.525
131.50	132.00	WIWA;0.820
141.50	142.25	WIWA;0.700
21.75	22.00	WTSP;0.546
44.25	44.50	WTSP;0.562
56.00	56.75	WTSP;0.711
144.50	145.00	WTSP;0.675
146.25	146.50	WTSP;0.503
156.00	156.75	WTSP;0.640
168.25	168.75	WTSP;0.647
