4.75	5.75	AMRO;0.848
35.25	37.25	AMRO;0.983
41.25	41.75	AMRO;0.572
48.25	48.75	AMRO;0.608
57.50	58.00	AMRO;0.546
77.25	78.25	AMRO;0.921
85.50	86.00	AMRO;0.665
91.00	92.25	AMRO;0.947
109.00	109.50	AMRO;0.564
112.25	113.00	AMRO;0.777
122.50	123.00	AMRO;0.665
126.00	127.00	AMRO;0.903
134.25	134.75	AMRO;0.653
136.25	138.00	AMRO;0.923
148.25	148.75	AMRO;0.558
150.50	150.75	AMRO;0.506
155.00	156.50	AMRO;0.918
168.50	169.75	AMRO;0.899
173.25	173.75	AMRO;0.733
177.00	177.75	AMRO;0.856
182.00	183.00	AMRO;0.806
193.00	194.00	AMRO;0.930
202.00	202.25	AMRO;0.538
216.50	217.75	AMRO;0.746
229.25	230.50	AMRO;0.830
243.75	245.00	AMRO;0.892
253.00	253.50	AMRO;0.549
256.50	257.25	AMRO;0.668
262.25	263.25	AMRO;0.797
274.25	276.00	AMRO;0.842
278.25	278.75	AMRO;0.723
22.00	22.50	BAOR;0.597
109.25	109.75	BAOR;0.635
217.50	218.00	BAOR;0.662
225.50	225.75	BAOR;0.511
281.00	281.25	BAOR;0.578
277.50	277.75	BCCH;0.613
284.50	284.75	BCCH;0.581
45.75	47.00	CHSP;0.925
75.50	75.75	CHSP;0.566
89.00	89.25	CHSP;0.515
214.75	215.00	COMU;0.519
10.75	11.00	EABL;0.524
148.25	148.50	EABL;0.542
210.25	211.00	FISP;0.671
0.25	1.50	FOSP;0.988
2.00	4.50	FOSP;0.990
9.75	12.25	FOSP;0.969
14.00	16.50	FOSP;0.995
20.00	21.25	FOSP;0.846
23.25	25.75	FOSP;0.987
28.50	30.50	FOSP;0.988
32.75	35.25	FOSP;0.997
39.25	41.25	FOSP;0.984
42.25	44.75	FOSP;0.986
50.00	52.00	FOSP;0.993
53.00	55.00	FOSP;0.992
61.25	63.00	FOSP;0.988
64.00	66.25	FOSP;0.990
73.25	75.75	FOSP;0.979
83.75	85.75	FOSP;0.963
94.00	96.00	FOSP;0.991
97.75	100.00	FOSP;0.924
104.25	106.50	FOSP;0.993
109.50	110.00	FOSP;0.724
116.00	118.00	FOSP;0.994
127.00	128.75	FOSP;0.986
138.50	140.50	FOSP;0.985
146.50	147.25	FOSP;0.840
151.00	152.75	FOSP;0.989
163.00	163.75	FOSP;0.842
164.00	164.50	FOSP;0.745
184.25	185.00	FOSP;0.745
185.50	186.00	FOSP;0.758
194.25	195.00	FOSP;0.767
219.75	221.50	FOSP;0.896
236.50	237.50	FOSP;0.786
248.00	249.75	FOSP;0.980
259.50	261.50	FOSP;0.983
271.50	273.00	FOSP;0.890
287.00	288.75	FOSP;0.946
298.75	300.00	FOSP;0.916
17.75	18.00	GRYE;0.516
135.50	135.75	GWTE;0.525
141.50	142.00	GWTE;0.724
143.25	143.75	HASP;0.680
180.25	180.75	HASP;0.579
115.50	116.00	HOFI;0.708
208.25	208.50	LALO;0.601
27.00	27.50	MAMU;0.673
284.50	284.75	MOCH;0.639
291.50	292.25	MOCH;0.728
110.00	110.50	OSFL;0.609
32.50	32.75	PIGR;0.546
146.25	147.00	PIGR;0.704
148.00	148.50	RBGR;0.649
252.50	252.75	SAND;0.551
246.25	247.25	SATH;0.712
33.50	33.75	SNBU;0.514
174.00	174.25	SNBU;0.530
237.00	237.25	SNBU;0.559
237.50	238.50	TOSO;0.731
160.25	160.50	VEER;0.519
4.00	4.25	VESP;0.516
60.50	60.75	VESP;0.680
106.00	106.50	VESP;0.588
1.00	1.50	WCSP;0.789
4.00	4.25	WCSP;0.669
19.00	19.75	WCSP;0.761
58.75	59.00	WCSP;0.882
60.50	60.75	WCSP;0.896
65.00	65.75	WCSP;0.950
66.25	66.50	WCSP;0.730
67.00	70.50	WCSP;0.995
71.50	72.25	WCSP;0.702
75.50	75.75	WCSP;0.687
76.25	76.50	WCSP;0.664
77.00	77.25	WCSP;0.698
78.50	80.75	WCSP;0.988
81.75	82.50	WCSP;0.848
85.00	85.50	WCSP;0.806
86.25	86.50	WCSP;0.659
92.25	94.25	WCSP;0.989
100.50	102.75	WCSP;0.994
121.00	123.00	WCSP;0.993
128.50	130.75	WCSP;0.995
131.50	132.75	WCSP;0.983
139.50	140.50	WCSP;0.942
143.50	144.25	WCSP;0.885
149.00	150.75	WCSP;0.995
158.50	160.50	WCSP;0.995
163.75	165.00	WCSP;0.954
170.00	172.00	WCSP;0.995
180.25	182.00	WCSP;0.995
190.00	192.00	WCSP;0.994
202.75	204.50	WCSP;0.995
212.25	214.50	WCSP;0.993
220.50	223.50	WCSP;0.994
230.50	232.50	WCSP;0.994
241.50	243.50	WCSP;0.995
255.50	257.00	WCSP;0.984
265.00	267.25	WCSP;0.992
279.75	281.25	WCSP;0.997
293.50	295.00	WCSP;0.998
13.25	13.75	WTSP;0.654
19.25	19.75	WTSP;0.629
55.25	57.50	WTSP;0.858
71.25	72.00	WTSP;0.680
78.25	78.75	WTSP;0.573
88.25	88.50	WTSP;0.573
91.75	92.00	WTSP;0.587
100.50	101.00	WTSP;0.510
124.50	126.00	WTSP;0.963
175.25	175.50	WTSP;0.515
177.50	178.00	WTSP;0.683
186.75	189.00	WTSP;0.853
201.00	202.00	WTSP;0.929
211.00	212.00	WTSP;0.919
215.25	215.75	WTSP;0.645
277.00	277.50	WTSP;0.615
291.50	292.25	WTSP;0.718
