125.00	125.25	BCCH;0.510
48.50	49.25	BRSP;0.681
161.25	161.75	BRSP;0.618
179.00	180.25	BRSP;0.811
229.50	229.75	BRSP;0.520
13.50	14.50	CHSP;0.813
21.75	22.75	CHSP;0.809
40.50	41.75	CHSP;0.835
42.00	42.25	CHSP;0.709
48.25	49.25	CHSP;0.873
58.50	60.25	CHSP;0.851
67.25	70.50	CHSP;0.992
75.50	78.00	CHSP;0.987
84.00	86.00	CHSP;0.986
91.25	93.75	CHSP;0.966
98.25	100.50	CHSP;0.952
105.00	105.75	CHSP;0.895
111.25	112.75	CHSP;0.940
119.50	122.00	CHSP;0.959
127.50	129.50	CHSP;0.978
135.50	137.25	CHSP;0.917
144.75	147.00	CHSP;0.979
152.00	152.75	CHSP;0.864
159.50	160.00	CHSP;0.790
167.00	169.25	CHSP;0.981
174.50	175.00	CHSP;0.689
180.00	181.75	CHSP;0.880
187.50	188.25	CHSP;0.875
188.50	189.75	CHSP;0.941
194.75	197.25	CHSP;0.977
203.25	205.25	CHSP;0.985
211.00	213.75	CHSP;0.977
220.50	222.75	CHSP;0.925
229.50	230.50	CHSP;0.777
238.75	241.00	CHSP;0.976
246.75	248.75	CHSP;0.921
255.75	258.00	CHSP;0.931
265.50	266.25	CHSP;0.767
273.75	274.00	CHSP;0.674
292.75	293.00	CHSP;0.667
67.50	67.75	DEJU;0.517
75.25	76.00	DEJU;0.681
93.00	93.75	DEJU;0.746
100.00	100.25	DEJU;0.620
129.00	129.50	DEJU;0.507
154.25	154.50	DEJU;0.512
159.50	160.00	DEJU;0.722
189.25	189.50	DEJU;0.543
213.00	213.25	DEJU;0.517
222.25	222.50	DEJU;0.511
240.25	240.50	DEJU;0.536
140.00	140.25	DUNL;0.514
189.75	190.00	FISP;0.677
36.50	37.25	GCSP;0.692
49.50	49.75	GRSP;0.626
7.00	8.00	LISP;0.889
24.25	24.75	LISP;0.578
75.00	75.50	LISP;0.533
91.00	91.25	LISP;0.526
217.50	219.00	LISP;0.980
248.50	249.75	LISP;0.756
280.75	281.75	LISP;0.781
295.75	297.00	LISP;0.908
27.75	28.00	MOCH;0.567
80.75	81.00	MOCH;0.584
233.50	234.00	MOCH;0.647
129.25	129.50	OCWA;0.566
121.75	122.00	RTHA;0.597
275.50	275.75	RUGR;0.530
40.50	41.00	SEOW;0.536
12.25	12.75	SOSP;0.751
259.50	260.00	SWSP;0.766
21.50	22.00	VESP;0.702
176.00	176.25	VESP;0.783
9.25	10.00	WCSP;0.969
21.50	22.00	WCSP;0.910
23.50	24.50	WCSP;0.849
25.50	27.00	WCSP;0.980
28.25	29.00	WCSP;0.987
78.50	78.75	WCSP;0.503
86.75	87.00	WCSP;0.626
148.00	148.75	WCSP;0.733
152.75	153.75	WCSP;0.854
162.75	163.75	WCSP;0.866
176.00	176.50	WCSP;0.944
205.00	206.75	WCSP;0.992
217.25	217.50	WCSP;0.679
224.50	225.00	WCSP;0.720
229.25	229.75	WCSP;0.588
258.75	259.00	WCSP;0.534
264.50	264.75	WCSP;0.544
284.00	285.00	WCSP;0.987
294.25	295.25	WCSP;0.843
42.00	42.25	WEWA;0.557
0.00	3.00	WTSP;0.995
4.00	6.75	WTSP;0.994
8.00	12.00	WTSP;0.994
12.25	12.75	WTSP;0.803
14.25	20.50	WTSP;0.996
27.75	28.25	WTSP;0.767
31.00	34.00	WTSP;0.996
36.25	40.25	WTSP;0.966
46.25	48.75	WTSP;0.976
55.75	59.00	WTSP;0.987
61.25	62.00	WTSP;0.863
64.25	66.00	WTSP;0.988
70.50	71.25	WTSP;0.898
71.50	73.00	WTSP;0.996
78.25	84.50	WTSP;0.994
85.50	88.00	WTSP;0.997
94.50	97.00	WTSP;0.995
100.50	103.00	WTSP;0.987
105.50	107.50	WTSP;0.975
108.50	110.50	WTSP;0.922
112.25	115.25	WTSP;0.989
121.75	125.00	WTSP;0.995
127.00	127.75	WTSP;0.922
130.50	135.25	WTSP;0.993
139.00	140.00	WTSP;0.893
148.00	148.75	WTSP;0.817
154.50	157.75	WTSP;0.992
160.00	161.50	WTSP;0.972
162.50	166.75	WTSP;0.995
172.50	176.00	WTSP;0.988
176.25	179.50	WTSP;0.991
181.50	183.75	WTSP;0.996
185.25	189.00	WTSP;0.979
189.50	190.50	WTSP;0.928
192.00	194.00	WTSP;0.992
195.75	199.00	WTSP;0.990
201.00	203.25	WTSP;0.998
205.25	205.50	WTSP;0.700
207.50	211.25	WTSP;0.992
214.25	216.50	WTSP;0.995
220.00	222.75	WTSP;0.967
224.25	227.75	WTSP;0.990
228.50	234.00	WTSP;0.989
240.00	241.00	WTSP;0.865
250.75	253.50	WTSP;0.989
258.75	259.50	WTSP;0.792
264.25	265.25	WTSP;0.910
273.00	273.75	WTSP;0.815
294.00	294.75	WTSP;0.880
71.00	71.75	YRWA;0.934
103.00	104.00	YRWA;0.984
129.50	130.50	YRWA;0.976
142.75	144.25	YRWA;0.991
153.50	154.00	YRWA;0.749
171.75	172.50	YRWA;0.835
235.50	236.50	YRWA;0.931
253.50	254.00	YRWA;0.933
267.25	268.25	YRWA;0.985
291.25	292.00	YRWA;0.965
