88.75	89.00	AMGP;0.512
85.25	86.00	AMRO;0.807
89.00	91.00	AMRO;0.949
93.25	95.00	AMRO;0.759
158.00	158.25	AMRO;0.594
162.00	162.25	AMRO;0.591
171.75	173.00	AMRO;0.823
176.00	177.00	AMRO;0.934
180.25	181.75	AMRO;0.959
185.75	186.25	AMRO;0.631
235.25	235.75	AMRO;0.583
243.50	243.75	AMRO;0.563
247.25	247.50	AMRO;0.521
253.25	253.75	AMRO;0.698
256.00	256.50	AMRO;0.701
264.25	265.50	AMRO;0.806
270.75	271.50	AMRO;0.685
276.25	277.25	AMRO;0.709
280.25	281.00	AMRO;0.661
283.50	284.00	AMRO;0.602
287.50	287.75	AMRO;0.506
288.00	289.25	AMRO;0.970
293.50	293.75	AMRO;0.537
298.00	299.50	AMRO;0.857
172.00	172.50	BAOR;0.587
185.00	185.75	BAOR;0.943
256.25	256.50	BAOR;0.544
253.25	253.75	BHGR;0.532
259.00	259.75	BHGR;0.685
267.25	268.75	BHGR;0.894
200.25	200.50	BRSP;0.611
287.50	288.25	COMU;0.664
247.00	247.50	EABL;0.545
223.00	223.25	EAME;0.519
113.00	113.25	FISP;0.523
121.50	121.75	FISP;0.600
237.75	238.00	FISP;0.527
33.25	34.75	FOSP;0.876
44.25	45.25	FOSP;0.823
111.75	113.00	FOSP;0.927
123.00	124.50	FOSP;0.860
136.75	138.75	FOSP;0.981
153.50	155.75	FOSP;0.980
168.00	170.00	FOSP;0.851
203.00	204.50	FOSP;0.920
207.50	208.00	FOSP;0.569
208.25	209.00	FOSP;0.825
213.50	214.75	FOSP;0.946
229.50	230.75	FOSP;0.780
237.25	238.00	FOSP;0.666
249.00	249.75	FOSP;0.787
261.50	261.75	FOSP;0.566
272.50	272.75	FOSP;0.522
282.00	283.00	FOSP;0.777
56.25	56.50	HETH;0.554
77.25	77.75	HETH;0.533
248.00	248.25	LISP;0.521
260.25	260.50	LISP;0.570
271.25	271.75	LISP;0.530
183.50	184.00	MOCH;0.644
299.25	299.50	RBGR;0.552
24.00	24.75	SNBU;0.856
43.25	44.75	SNBU;0.876
191.50	191.75	SNBU;0.644
206.25	206.50	SNBU;0.540
200.00	200.50	SOSP;0.816
36.25	36.50	SWSP;0.541
72.25	72.50	SWSP;0.541
94.25	94.75	SWSP;0.640
108.25	108.50	SWSP;0.533
264.00	264.50	SWSP;0.640
294.25	294.75	SWSP;0.708
234.75	235.25	TOSO;0.529
162.75	163.50	VATH;0.875
34.25	34.75	VESP;0.579
204.00	204.50	VESP;0.602
21.50	22.00	WCSP;0.824
27.50	28.50	WCSP;0.953
40.75	41.75	WCSP;0.882
55.50	56.50	WCSP;0.912
77.00	78.00	WCSP;0.911
86.00	87.50	WCSP;0.933
95.75	97.25	WCSP;0.995
105.50	107.25	WCSP;0.991
112.75	113.25	WCSP;0.725
117.75	119.00	WCSP;0.987
124.00	124.25	WCSP;0.687
133.00	134.25	WCSP;0.993
148.75	150.25	WCSP;0.973
165.50	166.25	WCSP;0.777
209.00	209.50	WCSP;0.836
210.75	211.50	WCSP;0.903
212.00	212.75	WCSP;0.967
213.00	213.75	WCSP;0.873
214.25	216.25	WCSP;0.954
216.75	218.75	WCSP;0.991
219.00	220.50	WCSP;0.987
222.50	223.00	WCSP;0.909
224.25	225.00	WCSP;0.994
226.25	227.00	WCSP;0.966
227.50	228.00	WCSP;0.933
231.00	231.75	WCSP;0.942
234.25	235.00	WCSP;0.968
238.25	238.75	WCSP;0.911
239.75	240.50	WCSP;0.987
242.00	242.75	WCSP;0.979
244.25	245.00	WCSP;0.988
246.25	247.00	WCSP;0.976
7.00	7.75	WIWA;0.830
35.50	36.25	WIWA;0.718
46.75	47.75	WIWA;0.910
58.75	59.00	WIWA;0.655
82.75	83.25	WIWA;0.717
94.25	94.50	WIWA;0.501
108.25	108.50	WIWA;0.508
131.25	131.75	WIWA;0.564
143.25	144.00	WIWA;0.967
163.50	164.25	WIWA;0.861
174.00	174.75	WIWA;0.919
196.50	197.00	WIWA;0.883
225.50	226.25	WIWA;0.858
251.00	251.50	WIWA;0.668
263.75	264.00	WIWA;0.546
284.50	285.50	WIWA;0.852
28.00	28.25	WTSP;0.547
41.00	41.25	WTSP;0.527
55.50	56.00	WTSP;0.607
56.75	57.50	WTSP;0.687
95.25	96.00	WTSP;0.675
97.00	97.75	WTSP;0.749
101.25	102.50	WTSP;0.860
107.00	107.50	WTSP;0.681
118.00	118.50	WTSP;0.573
119.00	119.75	WTSP;0.755
120.00	121.75	WTSP;0.928
129.50	130.25	WTSP;0.729
165.25	166.00	WTSP;0.756
173.50	173.75	WTSP;0.569
183.50	184.75	WTSP;0.919
197.25	198.00	WTSP;0.930
198.25	198.50	WTSP;0.533
209.50	210.00	WTSP;0.581
221.50	222.00	WTSP;0.674
231.75	233.00	WTSP;0.931
245.00	245.75	WTSP;0.885
256.75	258.25	WTSP;0.922
