579.25	579.75	AMAV;0.722
224.00	224.50	AMGP;0.581
32.50	32.75	AMRO;0.681
34.75	35.25	AMRO;0.696
79.00	79.25	AMRO;0.660
104.00	104.75	AMRO;0.850
116.00	117.00	AMRO;0.860
118.25	120.00	AMRO;0.896
124.75	125.00	AMRO;0.690
130.25	131.75	AMRO;0.892
140.00	141.25	AMRO;0.756
145.00	146.00	AMRO;0.909
152.00	152.25	AMRO;0.660
162.00	163.75	AMRO;0.848
171.75	172.75	AMRO;0.773
173.00	173.75	AMRO;0.858
178.50	179.75	AMRO;0.890
183.50	183.75	AMRO;0.673
189.25	192.00	AMRO;0.907
195.25	197.75	AMRO;0.947
203.00	204.50	AMRO;0.890
206.50	208.75	AMRO;0.931
213.50	217.00	AMRO;0.987
218.00	221.00	AMRO;0.920
224.50	225.00	AMRO;0.694
228.25	229.50	AMRO;0.804
231.75	233.25	AMRO;0.946
236.00	237.50	AMRO;0.983
239.00	244.00	AMRO;0.949
245.25	247.00	AMRO;0.933
250.00	252.25	AMRO;0.896
256.25	257.00	AMRO;0.706
259.25	263.00	AMRO;0.985
268.00	270.75	AMRO;0.900
272.25	274.25	AMRO;0.984
276.25	276.75	AMRO;0.776
281.75	282.00	AMRO;0.671
290.25	291.50	AMRO;0.752
291.75	295.50	AMRO;0.963
297.75	300.00	AMRO;0.924
300.50	301.50	AMRO;0.822
302.25	304.50	AMRO;0.961
306.25	309.50	AMRO;0.992
310.00	312.25	AMRO;0.947
314.25	315.75	AMRO;0.980
318.50	320.50	AMRO;0.954
322.75	324.00	AMRO;0.924
328.25	329.00	AMRO;0.761
330.75	334.50	AMRO;0.990
335.00	337.75	AMRO;0.984
340.75	342.75	AMRO;0.961
345.25	348.00	AMRO;0.968
350.50	352.75	AMRO;0.939
353.25	357.75	AMRO;0.975
362.75	365.00	AMRO;0.892
367.50	368.50	AMRO;0.874
370.50	373.00	AMRO;0.938
376.75	379.00	AMRO;0.926
382.00	383.25	AMRO;0.911
391.25	393.75	AMRO;0.916
414.25	415.75	AMRO;0.872
419.00	421.50	AMRO;0.967
436.25	438.75	AMRO;0.975
442.00	443.00	AMRO;0.756
451.75	454.00	AMRO;0.893
456.25	456.50	AMRO;0.661
467.50	468.00	AMRO;0.671
474.75	476.50	AMRO;0.958
484.00	484.75	AMRO;0.838
485.25	488.00	AMRO;0.926
492.50	493.25	AMRO;0.722
495.50	496.00	AMRO;0.803
512.50	514.00	AMRO;0.863
518.50	520.25	AMRO;0.962
524.50	525.75	AMRO;0.792
526.50	527.00	AMRO;0.706
538.25	540.75	AMRO;0.968
544.50	547.50	AMRO;0.910
551.00	553.00	AMRO;0.957
558.25	558.75	AMRO;0.694
559.75	561.00	AMRO;0.939
562.25	562.50	AMRO;0.714
570.25	571.50	AMRO;0.783
576.75	577.25	AMRO;0.685
585.00	585.50	AMRO;0.752
586.25	587.75	AMRO;0.958
594.00	595.75	AMRO;0.916
379.25	379.50	BBWA;0.733
62.50	62.75	BFAL;0.534
49.25	49.50	BLPW;0.660
88.50	88.75	BRSP;0.548
1.25	1.50	CATE;0.521
219.25	219.50	CCSP;0.586
101.25	101.75	CHSP;0.694
178.75	181.50	CHSP;0.994
194.75	197.00	CHSP;0.989
249.00	250.75	CHSP;0.845
277.00	277.75	CHSP;0.843
300.25	300.50	CHSP;0.703
304.50	306.25	CHSP;0.888
312.00	314.75	CHSP;0.991
323.00	325.75	CHSP;0.990
377.25	378.75	CHSP;0.959
401.25	401.50	CHSP;0.680
436.50	437.75	CHSP;0.926
450.00	451.00	CHSP;0.951
461.00	463.50	CHSP;0.993
473.00	476.00	CHSP;0.994
486.25	488.75	CHSP;0.994
497.00	498.50	CHSP;0.990
550.75	555.00	CHSP;0.995
574.00	576.25	CHSP;0.994
368.75	369.00	CHSW;0.523
522.50	522.75	DEJU;0.513
554.00	554.25	DEJU;0.516
593.50	593.75	FISP;0.590
11.00	12.50	FOSP;0.937
25.00	26.00	FOSP;0.979
83.00	83.75	FOSP;0.791
98.25	99.25	FOSP;0.782
114.75	115.75	FOSP;0.839
129.25	130.00	FOSP;0.743
156.75	157.75	FOSP;0.890
165.50	166.75	FOSP;0.959
182.00	182.75	FOSP;0.726
221.25	222.50	FOSP;0.874
230.00	230.50	FOSP;0.562
287.25	287.75	FOSP;0.502
374.50	375.75	FOSP;0.961
572.50	573.00	FOSP;0.686
588.00	589.75	FOSP;0.943
142.50	142.75	GCSP;0.571
53.25	53.50	HASP;0.575
156.50	157.00	HETH;0.703
49.25	49.50	HOWA;0.537
14.25	14.75	LISP;0.720
117.00	118.25	LISP;0.957
132.50	133.00	LISP;0.719
154.25	155.00	LISP;0.819
163.50	165.00	LISP;0.993
174.25	175.75	LISP;0.981
201.25	202.00	LISP;0.920
212.25	213.75	LISP;0.936
232.75	233.75	LISP;0.960
278.00	279.25	LISP;0.987
296.50	297.25	LISP;0.829
375.75	376.00	LISP;0.669
387.75	389.00	LISP;0.952
421.75	423.00	LISP;0.994
434.00	435.00	LISP;0.879
507.25	509.00	LISP;0.983
509.50	510.25	LISP;0.844
522.50	523.25	LISP;0.728
523.50	524.25	LISP;0.796
539.00	539.75	LISP;0.939
549.00	550.25	LISP;0.997
560.25	562.00	LISP;0.986
482.00	482.50	MAMU;0.712
379.50	379.75	MOBL;0.521
161.25	161.75	MOCH;0.672
90.00	90.75	OCWA;0.656
47.25	47.75	PAWR;0.695
51.75	52.00	PAWR;0.662
15.25	15.50	PISI;0.643
327.25	328.50	RBGR;0.870
345.50	346.00	RBGR;0.563
363.50	363.75	RBGR;0.500
364.00	364.25	RBGR;0.530
442.00	442.75	RBGR;0.726
255.25	255.50	RCKI;0.534
254.50	254.75	ROWR;0.519
223.25	223.75	SATH;0.614
282.25	283.00	SATH;0.834
333.25	334.00	SATH;0.794
492.25	493.00	SATH;0.540
493.25	493.75	SATH;0.533
229.75	230.00	SNBU;0.575
504.75	505.25	SOSA;0.863
6.50	7.25	SWSP;0.573
82.00	82.25	SWSP;0.534
284.25	285.75	SWSP;0.982
535.50	535.75	SWSP;0.550
543.25	543.75	SWSP;0.685
558.25	559.00	SWSP;0.683
568.00	568.50	SWSP;0.738
85.00	85.50	VATH;0.881
139.00	139.25	VATH;0.505
200.25	201.00	VATH;0.877
252.25	253.00	VATH;0.872
263.00	263.75	VATH;0.777
289.25	289.75	VATH;0.663
302.75	303.00	VATH;0.805
344.50	345.50	VATH;0.921
447.50	448.00	VATH;0.695
541.50	542.50	VATH;0.971
102.00	102.50	VESP;0.647
198.75	199.00	VESP;0.547
380.00	380.75	VESP;0.737
7.50	9.50	WCSP;0.996
11.25	12.00	WCSP;0.783
16.00	17.75	WCSP;0.996
22.00	23.75	WCSP;0.991
28.25	29.75	WCSP;0.962
35.25	35.75	WCSP;0.815
37.00	38.75	WCSP;0.980
44.75	47.00	WCSP;0.995
53.00	55.50	WCSP;0.994
64.75	66.50	WCSP;0.996
72.25	73.75	WCSP;0.991
79.50	80.75	WCSP;0.834
82.75	83.75	WCSP;0.868
89.00	90.25	WCSP;0.935
97.25	99.00	WCSP;0.981
104.50	106.00	WCSP;0.981
113.00	115.50	WCSP;0.997
120.00	122.00	WCSP;0.992
127.00	129.00	WCSP;0.974
129.50	130.00	WCSP;0.718
132.00	132.50	WCSP;0.749
134.75	136.50	WCSP;0.982
142.50	144.25	WCSP;0.997
152.25	154.50	WCSP;0.995
159.25	161.25	WCSP;0.995
167.50	169.50	WCSP;0.996
176.75	178.75	WCSP;0.996
185.00	187.25	WCSP;0.984
192.75	194.75	WCSP;0.997
204.50	206.25	WCSP;0.999
218.50	219.50	WCSP;0.900
222.00	222.25	WCSP;0.689
226.50	226.75	WCSP;0.665
227.00	228.75	WCSP;0.974
230.25	230.75	WCSP;0.782
243.25	244.50	WCSP;0.995
255.75	256.75	WCSP;0.934
257.25	260.00	WCSP;0.994
266.50	268.25	WCSP;0.997
274.50	276.25	WCSP;0.978
287.75	288.00	WCSP;0.772
317.00	318.25	WCSP;0.938
329.25	329.75	WCSP;0.694
367.25	367.50	WCSP;0.669
375.50	375.75	WCSP;0.722
386.00	386.50	WCSP;0.936
400.50	403.00	WCSP;0.996
421.75	422.00	WCSP;0.663
457.75	458.00	WCSP;0.689
458.25	458.75	WCSP;0.782
0.00	1.00	WIWA;0.964
5.25	7.50	WIWA;0.978
17.50	18.25	WIWA;0.921
30.25	30.75	WIWA;0.759
42.25	43.50	WIWA;0.995
66.50	67.25	WIWA;0.976
74.50	75.25	WIWA;0.835
76.00	77.50	WIWA;0.996
89.75	90.50	WIWA;0.776
100.00	101.00	WIWA;0.973
110.00	111.25	WIWA;0.997
112.00	113.00	WIWA;0.990
128.75	129.50	WIWA;0.909
133.00	134.25	WIWA;0.996
137.50	138.50	WIWA;0.977
140.50	142.25	WIWA;0.996
144.25	145.25	WIWA;0.991
148.75	150.25	WIWA;0.992
155.00	156.25	WIWA;0.996
157.50	158.75	WIWA;0.992
162.00	163.00	WIWA;0.992
166.75	167.75	WIWA;0.976
169.50	170.25	WIWA;0.958
190.25	191.50	WIWA;0.991
197.00	198.25	WIWA;0.995
214.00	215.25	WIWA;0.988
239.00	240.75	WIWA;0.994
250.75	252.00	WIWA;0.996
291.25	292.25	WIWA;0.998
301.25	302.50	WIWA;0.992
308.75	312.00	WIWA;0.996
315.25	316.25	WIWA;0.995
320.75	322.25	WIWA;0.997
335.25	336.50	WIWA;0.995
339.25	342.00	WIWA;0.992
349.00	352.50	WIWA;0.995
357.50	359.00	WIWA;0.986
361.50	362.75	WIWA;0.996
371.00	374.25	WIWA;0.979
382.25	385.00	WIWA;0.971
391.00	392.50	WIWA;0.996
396.50	400.00	WIWA;0.996
406.75	408.75	WIWA;0.996
413.50	414.75	WIWA;0.988
415.25	417.00	WIWA;0.996
423.50	427.00	WIWA;0.997
435.25	436.75	WIWA;0.992
438.50	439.25	WIWA;0.874
445.00	447.75	WIWA;0.988
453.50	456.25	WIWA;0.989
463.25	464.50	WIWA;0.997
476.00	477.00	WIWA;0.994
480.25	481.50	WIWA;0.974
484.25	485.75	WIWA;0.997
494.00	495.75	WIWA;0.995
501.75	503.00	WIWA;0.991
510.25	513.75	WIWA;0.993
519.75	521.25	WIWA;0.997
542.50	543.50	WIWA;0.917
544.25	545.75	WIWA;0.987
556.50	559.00	WIWA;0.997
564.75	566.25	WIWA;0.997
567.50	568.50	WIWA;0.853
573.00	574.00	WIWA;0.994
582.50	584.00	WIWA;0.997
585.25	586.50	WIWA;0.993
595.00	596.50	WIWA;0.997
1.75	5.25	WTSP;0.996
7.50	7.75	WTSP;0.664
10.00	10.75	WTSP;0.844
18.25	22.50	WTSP;0.996
24.25	24.50	WTSP;0.710
28.00	34.50	WTSP;0.994
37.00	37.75	WTSP;0.807
38.50	42.25	WTSP;0.997
43.00	45.50	WTSP;0.994
51.00	51.75	WTSP;0.804
53.00	53.25	WTSP;0.724
62.00	65.25	WTSP;0.991
67.75	72.75	WTSP;0.994
73.25	75.75	WTSP;0.947
79.50	83.00	WTSP;0.996
86.00	88.25	WTSP;0.990
89.00	89.75	WTSP;0.809
93.50	97.75	WTSP;0.996
105.75	109.75	WTSP;0.997
113.00	113.25	WTSP;0.660
121.75	124.75	WTSP;0.992
126.00	127.75	WTSP;0.907
134.50	139.50	WTSP;0.995
146.00	149.50	WTSP;0.994
152.25	152.75	WTSP;0.677
159.00	159.75	WTSP;0.750
161.50	162.00	WTSP;0.741
167.50	168.00	WTSP;0.731
170.25	173.00	WTSP;0.973
184.00	185.50	WTSP;0.951
192.75	193.25	WTSP;0.751
198.00	198.75	WTSP;0.865
204.50	205.00	WTSP;0.708
209.00	211.25	WTSP;0.995
219.50	220.75	WTSP;0.898
225.75	227.50	WTSP;0.981
235.25	236.25	WTSP;0.956
246.25	250.00	WTSP;0.988
258.00	258.50	WTSP;0.763
266.50	267.00	WTSP;0.744
271.00	273.00	WTSP;0.985
274.50	274.75	WTSP;0.675
329.25	329.50	WTSP;0.662
393.75	396.75	WTSP;0.995
403.50	406.00	WTSP;0.992
411.00	413.75	WTSP;0.994
420.00	422.00	WTSP;0.987
427.25	431.00	WTSP;0.998
437.50	438.75	WTSP;0.938
439.00	441.00	WTSP;0.995
447.75	451.75	WTSP;0.993
457.75	461.00	WTSP;0.996
468.25	472.00	WTSP;0.996
478.50	480.75	WTSP;0.993
488.25	491.00	WTSP;0.991
499.25	502.25	WTSP;0.993
514.00	517.75	WTSP;0.994
533.25	536.75	WTSP;0.994
547.00	549.00	WTSP;0.988
576.00	579.25	WTSP;0.998
591.00	594.00	WTSP;0.993
132.50	133.00	YRWA;0.616
201.25	201.75	YRWA;0.716
524.00	524.25	YRWA;0.660
