0.00	0.50	AMRO;0.916
4.25	6.50	AMRO;0.985
6.75	9.00	AMRO;0.994
13.75	14.50	AMRO;0.844
18.00	19.00	AMRO;0.961
19.50	20.75	AMRO;0.838
24.75	26.50	AMRO;0.996
29.25	30.50	AMRO;0.988
33.75	36.00	AMRO;0.983
38.75	41.00	AMRO;0.996
44.25	46.25	AMRO;0.988
47.75	49.25	AMRO;0.991
56.75	58.75	AMRO;0.982
61.00	62.75	AMRO;0.996
66.75	68.00	AMRO;0.874
71.75	73.50	AMRO;0.994
77.00	79.00	AMRO;0.946
83.50	85.25	AMRO;0.995
88.25	90.25	AMRO;0.965
93.75	95.50	AMRO;0.982
99.00	101.25	AMRO;0.993
103.50	105.75	AMRO;0.983
108.50	110.00	AMRO;0.940
113.75	115.50	AMRO;0.955
120.00	122.00	AMRO;0.991
124.00	125.25	AMRO;0.986
125.50	125.75	AMRO;0.665
129.50	131.75	AMRO;0.982
135.25	136.25	AMRO;0.827
139.25	140.75	AMRO;0.942
144.25	146.75	AMRO;0.909
150.00	151.25	AMRO;0.988
154.00	155.75	AMRO;0.991
159.75	162.50	AMRO;0.978
162.75	163.75	AMRO;0.854
169.00	171.00	AMRO;0.977
176.50	178.50	AMRO;0.991
181.25	181.75	AMRO;0.850
182.00	183.25	AMRO;0.992
186.25	188.00	AMRO;0.855
190.25	190.75	AMRO;0.778
194.75	195.00	AMRO;0.658
196.25	197.25	AMRO;0.810
200.50	202.50	AMRO;0.962
206.25	208.00	AMRO;0.996
211.25	212.50	AMRO;0.938
213.00	214.00	AMRO;0.867
217.75	219.25	AMRO;0.982
223.50	225.50	AMRO;0.990
234.25	236.50	AMRO;0.995
240.25	242.00	AMRO;0.989
245.50	247.75	AMRO;0.993
250.50	252.50	AMRO;0.965
255.50	257.25	AMRO;0.978
261.00	262.50	AMRO;0.918
266.00	267.75	AMRO;0.987
271.00	273.25	AMRO;0.977
274.75	275.75	AMRO;0.820
279.75	281.50	AMRO;0.993
285.75	287.50	AMRO;0.985
295.75	297.00	AMRO;0.976
236.25	236.75	BCCH;0.518
106.00	106.25	BLJA;0.561
54.25	55.25	BRSP;0.671
9.75	10.75	CHSP;0.777
15.00	15.75	CHSP;0.875
16.25	16.75	CHSP;0.558
23.00	24.50	CHSP;0.854
32.00	32.50	CHSP;0.798
37.50	37.75	CHSP;0.561
38.25	38.75	CHSP;0.567
42.00	43.00	CHSP;0.935
46.50	47.75	CHSP;0.878
56.00	56.25	CHSP;0.502
59.50	61.00	CHSP;0.809
81.25	81.75	CHSP;0.547
90.75	92.00	CHSP;0.780
153.00	153.75	CHSP;0.788
188.50	189.00	EAWP;0.832
11.75	13.75	FOSP;0.993
15.75	16.50	FOSP;0.867
26.75	28.75	FOSP;0.976
51.75	54.00	FOSP;0.998
64.25	66.50	FOSP;0.996
78.25	80.00	FOSP;0.929
95.50	97.25	FOSP;0.967
110.00	112.00	FOSP;0.995
127.00	128.75	FOSP;0.936
141.25	143.25	FOSP;0.993
157.00	158.50	FOSP;0.960
172.00	172.75	FOSP;0.815
173.00	174.00	FOSP;0.954
189.00	189.75	FOSP;0.718
202.75	204.75	FOSP;0.989
215.25	217.50	FOSP;0.996
229.00	231.00	FOSP;0.993
242.50	244.75	FOSP;0.993
262.25	264.25	FOSP;0.984
269.75	271.25	FOSP;0.998
276.50	279.00	FOSP;0.994
283.25	284.75	FOSP;0.940
289.50	291.50	FOSP;0.979
294.25	296.00	FOSP;0.994
49.25	50.50	GCSP;0.976
89.00	89.75	GCSP;0.793
92.25	92.50	GCSP;0.506
102.00	103.50	GCSP;0.979
176.25	176.75	GCSP;0.613
209.25	209.75	GCSP;0.555
231.50	232.00	GCSP;0.580
259.50	261.00	GCSP;0.962
274.25	275.00	GCSP;0.794
288.50	289.75	GCSP;0.976
20.50	20.75	GWTE;0.523
49.00	49.25	GWTE;0.715
94.00	94.50	GWTE;0.543
130.00	130.25	GWTE;0.509
181.25	181.50	GWTE;0.524
195.25	195.50	GWTE;0.506
234.75	235.00	GWTE;0.573
257.00	257.25	GWTE;0.684
291.50	292.00	GWTE;0.665
10.50	10.75	HASP;0.551
43.00	43.50	HASP;0.621
50.00	51.00	HASP;0.729
63.00	63.50	HASP;0.550
98.25	99.00	HASP;0.855
115.75	116.00	HASP;0.524
147.75	148.25	HASP;0.538
210.00	210.75	HASP;0.911
221.50	222.00	HASP;0.716
226.50	226.75	HASP;0.571
17.50	18.25	HETH;0.886
32.50	33.50	HETH;0.958
74.50	74.75	HETH;0.666
137.00	137.75	HETH;0.972
142.00	142.50	HETH;0.787
144.00	145.00	HETH;0.989
146.75	147.50	HETH;0.967
149.25	150.25	HETH;0.991
151.75	152.50	HETH;0.952
154.50	155.00	HETH;0.937
156.50	157.25	HETH;0.979
159.00	159.75	HETH;0.998
161.50	162.25	HETH;0.945
163.50	164.50	HETH;0.978
165.75	166.75	HETH;0.997
168.25	169.25	HETH;0.998
172.50	173.00	HETH;0.867
174.75	175.75	HETH;0.997
176.75	177.50	HETH;0.995
179.25	180.00	HETH;0.962
181.50	182.50	HETH;0.997
183.75	184.75	HETH;0.998
186.25	187.00	HETH;0.943
188.50	189.00	HETH;0.824
190.75	191.50	HETH;0.995
193.00	194.00	HETH;0.991
195.50	196.25	HETH;0.994
200.50	200.75	HETH;0.661
236.25	236.50	HETH;0.683
252.00	252.25	HETH;0.683
255.25	255.50	HETH;0.699
266.00	266.50	HETH;0.744
74.50	74.75	MOCH;0.504
255.00	255.50	MOCH;0.634
283.50	283.75	NOCA;0.586
255.50	255.75	OSFL;0.585
247.75	248.00	PIGR;0.669
109.25	109.75	RBGR;0.585
209.25	209.50	RWBL;0.572
68.00	68.75	SATH;0.658
125.00	125.50	SATH;0.634
135.25	135.75	SATH;0.668
164.25	164.75	SATH;0.660
195.00	195.50	SATH;0.741
219.00	219.50	SATH;0.595
164.25	164.50	SUTA;0.504
86.00	87.00	SWSP;0.813
123.25	124.00	SWSP;0.691
199.50	200.00	SWSP;0.698
227.50	228.00	SWSP;0.636
245.25	245.50	SWSP;0.700
66.00	66.25	VESP;0.500
142.75	143.00	VESP;0.525
244.25	244.50	VESP;0.572
0.25	1.25	WCSP;0.986
20.75	22.50	WCSP;0.990
29.25	29.50	WCSP;0.677
30.00	30.75	WCSP;0.876
37.00	37.25	WCSP;0.673
70.00	71.25	WCSP;0.919
82.25	83.75	WCSP;0.983
92.50	93.00	WCSP;0.721
107.50	108.75	WCSP;0.995
113.50	115.00	WCSP;0.991
119.25	120.75	WCSP;0.984
126.25	127.75	WCSP;0.942
132.75	134.50	WCSP;0.995
140.25	141.50	WCSP;0.870
158.50	159.00	WCSP;0.719
173.00	173.25	WCSP;0.659
192.25	193.00	WCSP;0.905
200.25	202.00	WCSP;0.983
205.50	207.00	WCSP;0.995
221.75	223.25	WCSP;0.996
232.00	233.75	WCSP;0.986
237.25	238.75	WCSP;0.973
251.50	252.75	WCSP;0.922
256.75	257.50	WCSP;0.797
268.00	269.25	WCSP;0.958
275.25	275.75	WCSP;0.774
279.50	280.75	WCSP;0.988
284.25	286.00	WCSP;0.993
297.25	299.00	WCSP;0.996
162.25	162.75	WETA;0.658
123.25	123.75	WIWA;0.642
180.25	181.00	WIWA;0.822
208.50	209.00	WIWA;0.865
2.00	4.25	WTSP;0.921
58.75	59.25	WTSP;0.582
63.25	63.50	WTSP;0.521
92.25	92.75	WTSP;0.562
98.25	98.75	WTSP;0.575
115.75	116.50	WTSP;0.619
117.00	119.00	WTSP;0.863
132.25	133.00	WTSP;0.586
134.75	135.00	WTSP;0.559
136.00	137.00	WTSP;0.956
140.25	140.50	WTSP;0.590
148.25	149.00	WTSP;0.572
155.75	156.25	WTSP;0.582
178.25	179.25	WTSP;0.723
187.00	187.75	WTSP;0.698
212.25	213.00	WTSP;0.774
221.25	221.75	WTSP;0.584
232.00	232.50	WTSP;0.562
237.25	237.75	WTSP;0.566
252.50	254.75	WTSP;0.849
262.00	262.25	WTSP;0.578
299.25	299.75	WTSP;0.775
