423.00	423.25	AMRO;0.709
427.75	428.50	AMRO;0.723
434.00	434.25	BAOR;0.509
348.50	348.75	BCCH;0.544
303.50	303.75	BLJA;0.611
168.50	169.00	DUNL;0.692
387.50	388.00	DUNL;0.605
124.75	125.00	FISP;0.531
57.50	57.75	FOSP;0.873
224.25	225.75	FOSP;0.957
233.25	235.00	FOSP;0.961
63.25	63.50	GCKI;0.505
423.50	424.00	MOBL;0.961
34.00	34.50	MOCH;0.562
100.00	100.50	MOCH;0.657
323.50	324.00	MOCH;0.748
503.25	503.50	MOCH;0.511
509.25	509.50	MOCH;0.510
44.75	45.00	NESP;0.845
29.50	29.75	PAWA;0.757
30.00	30.50	PAWA;0.712
179.00	179.25	ROPT;0.616
115.25	115.75	RUGR;0.583
170.25	170.75	RUGR;0.608
187.25	187.75	RUGR;0.552
271.00	273.00	RUGR;0.859
296.50	296.75	RUGR;0.538
340.25	341.00	RUGR;0.628
488.00	489.00	RUGR;0.787
497.50	497.75	RUGR;0.512
498.00	498.50	RUGR;0.522
577.75	578.75	RUGR;0.570
91.50	91.75	SAVS;0.630
44.75	45.00	SOSP;0.637
50.25	50.75	SOSP;0.965
51.75	52.25	SOSP;0.752
57.50	58.00	SOSP;0.812
79.00	79.25	SOSP;0.719
434.00	434.25	TUTI;0.575
502.75	503.00	VATH;0.590
537.50	539.00	VATH;0.987
548.50	549.25	VATH;0.870
586.25	587.00	VATH;0.986
202.25	202.75	VESP;0.631
124.75	125.00	WCSP;0.531
131.50	131.75	WCSP;0.505
151.25	152.25	WCSP;0.789
200.00	200.25	WCSP;0.558
317.00	317.75	WCSP;0.951
357.00	358.25	WCSP;0.981
363.75	365.25	WCSP;0.985
370.75	372.00	WCSP;0.990
402.50	403.25	WCSP;0.675
411.75	412.00	WCSP;0.588
419.25	420.25	WCSP;0.962
437.00	438.25	WCSP;0.989
509.50	510.25	WCSP;0.656
582.25	583.75	WCSP;0.987
591.50	592.75	WCSP;0.970
34.25	35.75	WTSP;0.894
46.75	49.50	WTSP;0.942
58.25	59.00	WTSP;0.929
64.75	65.00	WTSP;0.539
69.50	71.00	WTSP;0.976
82.25	82.50	WTSP;0.515
141.00	142.00	WTSP;0.940
143.50	145.00	WTSP;0.647
281.00	283.00	WTSP;0.969
304.00	304.25	WTSP;0.551
323.50	326.25	WTSP;0.944
370.25	371.00	WTSP;0.696
380.75	381.50	WTSP;0.853
387.25	387.75	WTSP;0.562
402.50	402.75	WTSP;0.546
411.50	411.75	WTSP;0.645
473.50	473.75	WTSP;0.512
503.25	503.50	WTSP;0.522
509.25	509.75	WTSP;0.539
193.25	193.50	YRWA;0.550
