225.50	225.75	AGOL;0.520
23.75	24.00	AMPI;0.562
31.50	32.00	AMPI;0.733
32.25	33.75	AMPI;0.694
34.00	34.75	AMPI;0.737
279.50	280.00	BBPL;0.735
429.25	429.75	BEWR;0.714
324.50	324.75	BHCO;0.548
168.75	169.00	BOCH;0.534
264.75	265.00	BRSP;0.697
0.00	0.50	CHSP;0.573
29.50	29.75	CHSP;0.546
85.00	85.50	CHSP;0.591
137.25	137.50	CHSP;0.531
143.00	143.25	CHSP;0.684
261.25	261.75	CHSP;0.820
276.25	276.50	CHSP;0.521
307.25	308.00	CHSP;0.743
584.50	585.00	CHSP;0.749
477.50	477.75	CSWA;0.525
538.50	539.00	DEJU;0.686
581.50	582.00	DEJU;0.600
256.00	256.25	EAME;0.746
578.50	578.75	EAME;0.507
429.25	429.50	EATO;0.602
556.50	557.00	FISP;0.610
6.50	7.50	FOSP;0.828
28.00	29.00	FOSP;0.869
29.50	29.75	FOSP;0.742
42.25	43.25	FOSP;0.955
50.25	50.75	FOSP;0.717
58.00	61.50	FOSP;0.977
66.25	67.00	FOSP;0.895
71.00	72.25	FOSP;0.913
81.25	82.25	FOSP;0.891
95.50	96.00	FOSP;0.680
96.50	96.75	FOSP;0.683
131.00	131.50	FOSP;0.723
139.50	140.25	FOSP;0.828
145.25	146.00	FOSP;0.755
155.00	155.75	FOSP;0.722
201.50	202.00	FOSP;0.835
203.00	203.25	FOSP;0.713
211.75	212.75	FOSP;0.798
222.25	222.50	FOSP;0.705
232.50	233.75	FOSP;0.832
244.00	245.25	FOSP;0.774
255.75	256.25	FOSP;0.744
266.00	269.00	FOSP;0.992
280.25	281.50	FOSP;0.940
292.00	293.00	FOSP;0.858
303.00	304.00	FOSP;0.990
413.00	413.50	FOSP;0.806
461.50	463.00	FOSP;0.982
466.25	468.00	FOSP;0.994
474.00	476.50	FOSP;0.997
478.00	479.75	FOSP;0.966
483.00	485.25	FOSP;0.991
485.75	487.00	FOSP;0.972
488.25	490.50	FOSP;0.985
494.25	496.50	FOSP;0.996
498.25	501.75	FOSP;0.980
504.25	507.00	FOSP;0.996
518.00	519.50	FOSP;0.961
525.50	528.50	FOSP;0.958
536.00	536.50	FOSP;0.743
539.75	541.00	FOSP;0.991
545.50	546.50	FOSP;0.798
554.00	555.25	FOSP;0.976
560.50	562.00	FOSP;0.981
567.00	569.00	FOSP;0.992
573.50	574.25	FOSP;0.774
578.50	579.50	FOSP;0.857
584.50	584.75	FOSP;0.682
591.75	593.75	FOSP;0.990
598.25	599.00	FOSP;0.803
413.00	413.25	GCKI;0.543
50.25	50.75	GCSP;0.625
72.00	72.50	GCSP;0.862
167.50	167.75	GCSP;0.586
190.50	191.00	GCSP;0.658
235.25	236.00	GCSP;0.755
248.25	248.75	GCSP;0.552
270.25	270.50	GCSP;0.532
326.50	327.00	GCSP;0.666
24.75	25.00	HETH;0.500
384.75	385.00	HETH;0.506
264.00	264.25	HEWA;0.579
195.00	195.75	HOFI;0.723
232.50	232.75	HOFI;0.532
301.75	302.00	HOFI;0.613
498.00	498.25	HOFI;0.544
111.00	111.25	HOLA;0.570
363.25	363.75	LASP;0.599
320.25	320.50	LISP;0.532
357.00	358.75	LISP;0.971
363.25	363.50	LISP;0.550
373.25	374.50	LISP;0.970
382.25	384.25	LISP;0.984
396.75	398.00	LISP;0.974
404.00	405.00	LISP;0.889
439.25	439.75	LISP;0.546
449.00	450.25	LISP;0.954
453.25	454.25	LISP;0.903
460.25	461.50	LISP;0.932
469.00	469.75	LISP;0.797
481.50	482.75	LISP;0.910
509.00	509.75	LISP;0.720
12.25	12.50	MOCH;0.539
168.50	169.00	MOCH;0.778
271.50	271.75	MOCH;0.627
347.50	347.75	MOCH;0.526
263.25	263.50	NAWA;0.678
264.00	264.25	NAWA;0.542
538.50	539.00	OCWA;0.692
255.50	256.00	PIGR;0.605
8.25	9.75	PISI;0.953
12.00	12.50	PISI;0.702
13.00	13.50	PISI;0.720
19.75	20.75	PISI;0.988
23.00	23.25	PISI;0.584
46.75	47.50	PISI;0.993
62.00	62.75	PISI;0.980
125.25	126.00	PISI;0.948
129.50	130.00	PISI;0.630
136.50	137.00	PISI;0.815
151.75	152.25	PISI;0.767
156.25	156.50	PISI;0.603
161.50	164.00	PISI;0.978
171.00	171.75	PISI;0.949
196.25	196.75	PISI;0.592
199.50	199.75	PISI;0.522
225.50	225.75	PISI;0.607
257.50	257.75	PISI;0.554
258.00	258.75	PISI;0.794
274.50	275.00	PISI;0.599
277.75	278.50	PISI;0.657
325.25	325.75	PISI;0.621
326.00	326.25	PISI;0.534
328.25	328.75	PISI;0.636
336.25	337.00	PISI;0.820
339.25	340.00	PISI;0.983
458.00	460.00	PISI;0.982
465.25	466.00	PISI;0.903
42.50	42.75	PUFI;0.550
204.25	204.50	PUSA;0.512
196.50	197.00	PYNU;0.630
82.25	82.50	REVI;0.615
555.25	555.50	REVI;0.549
331.50	331.75	RUTU;0.636
6.00	6.25	SAPH;0.866
59.75	60.00	SAPH;0.654
91.25	91.50	SAPH;0.519
94.50	94.75	SAPH;0.515
121.75	122.00	SAPH;0.751
154.00	154.50	SAPH;0.983
179.50	180.00	SAPH;0.640
213.25	213.50	SAPH;0.583
221.50	222.00	SAPH;0.643
279.50	280.00	SAPH;0.858
302.25	302.75	SAPH;0.681
485.00	485.25	SAPH;0.512
539.00	539.50	SAPH;0.683
560.00	560.25	SAPH;0.842
590.25	590.50	SAPH;0.670
61.25	61.50	SBDO;0.542
95.75	96.75	SNBU;0.737
237.25	237.50	SNBU;0.581
256.00	256.25	SNBU;0.532
598.00	599.00	SNBU;0.788
29.50	29.75	SOSP;0.612
31.00	31.25	SOSP;0.547
0.25	1.25	SWSP;0.601
15.00	15.50	SWSP;0.686
30.00	30.50	SWSP;0.600
36.00	36.75	SWSP;0.808
39.50	40.50	SWSP;0.634
105.25	106.00	SWSP;0.613
113.00	113.25	SWSP;0.564
120.00	120.25	SWSP;0.561
126.50	127.00	SWSP;0.538
158.25	159.00	SWSP;0.775
165.50	166.00	SWSP;0.583
189.25	189.75	SWSP;0.708
198.50	199.00	SWSP;0.551
207.00	207.50	SWSP;0.610
215.00	215.50	SWSP;0.803
223.25	224.25	SWSP;0.821
277.00	277.25	SWSP;0.545
306.50	306.75	SWSP;0.531
350.75	352.25	SWSP;0.960
353.00	353.75	SWSP;0.616
378.25	378.75	SWSP;0.561
380.75	381.75	SWSP;0.938
493.25	493.50	SWSP;0.589
522.75	523.50	SWSP;0.833
566.00	566.50	SWSP;0.559
573.00	573.50	SWSP;0.634
588.25	588.50	SWSP;0.557
595.50	596.75	SWSP;0.813
18.50	18.75	SWTH;0.541
0.00	1.25	TEWA;0.778
6.25	8.00	TEWA;0.823
13.75	15.25	TEWA;0.892
21.75	22.75	TEWA;0.859
43.50	45.00	TEWA;0.946
49.50	50.50	TEWA;0.880
56.50	58.00	TEWA;0.874
63.00	65.25	TEWA;0.954
69.50	71.75	TEWA;0.963
76.75	78.75	TEWA;0.916
83.25	85.75	TEWA;0.924
90.50	92.75	TEWA;0.937
99.00	99.75	TEWA;0.932
119.50	119.75	TEWA;0.686
120.00	120.25	TEWA;0.664
126.75	127.75	TEWA;0.945
134.50	136.25	TEWA;0.905
142.25	142.75	TEWA;0.794
143.25	143.75	TEWA;0.863
149.50	151.25	TEWA;0.971
157.25	158.50	TEWA;0.922
164.00	165.50	TEWA;0.885
171.75	173.25	TEWA;0.849
180.00	182.00	TEWA;0.970
188.00	188.75	TEWA;0.777
189.75	190.00	TEWA;0.658
197.50	198.75	TEWA;0.965
205.25	207.50	TEWA;0.971
214.25	215.00	TEWA;0.874
222.75	223.25	TEWA;0.709
230.25	232.00	TEWA;0.948
237.50	239.75	TEWA;0.975
245.50	247.00	TEWA;0.939
252.25	254.50	TEWA;0.968
260.75	261.25	TEWA;0.794
269.00	269.50	TEWA;0.854
275.25	277.25	TEWA;0.920
283.25	283.75	TEWA;0.789
284.25	285.00	TEWA;0.922
290.50	291.75	TEWA;0.792
299.00	300.50	TEWA;0.960
307.00	308.00	TEWA;0.820
313.25	316.00	TEWA;0.981
321.25	323.00	TEWA;0.965
323.25	323.75	TEWA;0.814
328.75	331.25	TEWA;0.960
336.75	339.25	TEWA;0.981
344.50	347.00	TEWA;0.971
353.25	354.75	TEWA;0.974
360.25	362.50	TEWA;0.935
368.25	369.00	TEWA;0.870
369.25	370.75	TEWA;0.948
377.00	379.25	TEWA;0.964
385.00	387.25	TEWA;0.953
392.00	394.75	TEWA;0.992
401.00	403.00	TEWA;0.962
408.25	411.00	TEWA;0.984
416.50	419.00	TEWA;0.981
424.00	426.75	TEWA;0.990
432.00	434.50	TEWA;0.985
439.75	442.25	TEWA;0.983
447.00	449.25	TEWA;0.921
454.50	456.50	TEWA;0.958
463.25	464.50	TEWA;0.967
469.75	472.00	TEWA;0.979
485.00	485.75	TEWA;0.843
491.50	493.25	TEWA;0.983
500.50	500.75	TEWA;0.683
507.25	508.75	TEWA;0.948
513.25	516.00	TEWA;0.979
520.50	523.00	TEWA;0.962
528.50	530.50	TEWA;0.963
535.25	536.00	TEWA;0.966
537.00	537.75	TEWA;0.906
542.50	545.25	TEWA;0.962
550.75	552.25	TEWA;0.866
557.75	559.25	TEWA;0.981
564.00	566.25	TEWA;0.970
571.25	573.50	TEWA;0.948
579.75	581.25	TEWA;0.987
586.50	589.00	TEWA;0.954
595.50	595.75	TEWA;0.679
263.25	263.50	VESP;0.831
479.00	479.75	VESP;0.818
501.25	501.50	VESP;0.560
550.00	551.00	VESP;0.860
556.75	557.25	VESP;0.543
594.75	595.00	VESP;0.574
2.25	4.00	WCSP;0.994
16.00	18.00	WCSP;0.991
28.00	28.25	WCSP;0.672
36.75	37.75	WCSP;0.917
50.50	52.25	WCSP;0.974
53.25	55.25	WCSP;0.990
65.25	66.75	WCSP;0.984
72.25	73.00	WCSP;0.766
78.75	80.75	WCSP;0.995
81.50	82.00	WCSP;0.777
86.50	88.50	WCSP;0.998
93.00	94.25	WCSP;0.926
97.50	99.00	WCSP;0.942
101.25	101.75	WCSP;0.775
106.00	108.00	WCSP;0.994
114.50	116.75	WCSP;0.995
123.50	124.75	WCSP;0.993
134.00	134.75	WCSP;0.883
137.25	137.50	WCSP;0.896
144.50	146.00	WCSP;0.944
147.00	147.75	WCSP;0.825
152.25	153.75	WCSP;0.940
160.00	161.00	WCSP;0.948
167.25	168.00	WCSP;0.903
173.50	175.00	WCSP;0.993
178.25	179.75	WCSP;0.969
183.50	185.50	WCSP;0.996
190.75	194.25	WCSP;0.993
200.50	201.75	WCSP;0.941
209.75	212.75	WCSP;0.985
219.00	220.50	WCSP;0.995
226.75	228.25	WCSP;0.996
233.00	235.25	WCSP;0.995
235.50	236.75	WCSP;0.799
241.00	243.00	WCSP;0.961
248.00	248.75	WCSP;0.698
251.00	252.50	WCSP;0.997
261.50	262.50	WCSP;0.762
263.25	263.50	WCSP;0.701
264.50	268.75	WCSP;0.991
269.50	270.75	WCSP;0.902
273.50	274.75	WCSP;0.851
281.00	283.25	WCSP;0.995
292.25	293.00	WCSP;0.817
296.00	296.75	WCSP;0.883
300.50	301.00	WCSP;0.820
332.25	332.50	WCSP;0.661
384.75	385.00	WCSP;0.757
406.25	407.00	WCSP;0.908
427.00	428.00	WCSP;0.981
446.50	446.75	WCSP;0.661
472.50	473.50	WCSP;0.841
511.75	512.25	WCSP;0.762
524.25	525.00	WCSP;0.907
538.00	538.50	WCSP;0.807
568.50	569.25	WCSP;0.952
582.75	584.25	WCSP;0.917
584.50	584.75	WCSP;0.704
594.50	595.00	WCSP;0.760
545.25	545.75	WEME;0.693
2.25	2.75	WTSP;0.633
16.00	16.25	WTSP;0.546
26.25	26.75	WTSP;0.641
36.50	37.25	WTSP;0.646
45.25	46.50	WTSP;0.898
53.25	53.50	WTSP;0.535
92.00	93.50	WTSP;0.820
103.25	104.00	WTSP;0.760
106.00	106.50	WTSP;0.562
134.25	134.75	WTSP;0.696
144.00	144.75	WTSP;0.713
173.25	173.75	WTSP;0.684
209.50	209.75	WTSP;0.510
248.00	249.25	WTSP;0.782
262.00	262.50	WTSP;0.613
273.25	274.25	WTSP;0.803
327.25	327.50	WTSP;0.558
347.50	348.00	WTSP;0.564
427.00	427.25	WTSP;0.508
443.00	443.75	WTSP;0.885
446.25	446.75	WTSP;0.809
512.00	512.50	WTSP;0.646
570.00	570.50	WTSP;0.718
510.00	510.75	YRWA;0.829
