202.50	203.00	AGOL;0.570
0.00	0.25	ALFL;0.525
66.00	67.00	AMRO;0.849
134.00	134.50	AMRO;0.589
142.25	143.00	AMRO;0.713
147.25	148.00	AMRO;0.658
161.00	161.75	AMRO;0.704
63.00	63.25	CHSW;0.557
77.50	78.00	DOWO;0.841
193.50	193.75	DUNL;0.537
113.50	113.75	FISP;0.562
0.25	0.50	FOSP;0.705
15.75	17.75	FOSP;0.903
21.00	22.00	FOSP;0.963
31.00	32.00	FOSP;0.808
43.75	45.25	FOSP;0.981
49.25	50.75	FOSP;0.919
54.50	55.75	FOSP;0.940
57.25	58.75	FOSP;0.952
68.00	69.50	FOSP;0.996
83.25	84.50	FOSP;0.776
95.50	96.00	FOSP;0.763
98.25	100.00	FOSP;0.955
103.50	103.75	FOSP;0.674
113.75	116.25	FOSP;0.973
121.75	123.00	FOSP;0.921
126.25	127.00	FOSP;0.911
139.25	141.00	FOSP;0.851
143.25	144.00	FOSP;0.812
158.50	160.00	FOSP;0.959
162.25	163.00	FOSP;0.807
173.25	174.75	FOSP;0.919
187.25	189.00	FOSP;0.895
202.25	203.25	FOSP;0.749
205.75	208.00	FOSP;0.981
218.75	220.75	FOSP;0.947
234.25	235.75	FOSP;0.921
250.25	251.00	FOSP;0.714
258.00	260.00	FOSP;0.968
265.25	265.50	FOSP;0.725
269.00	269.25	FOSP;0.661
274.75	275.75	FOSP;0.880
280.25	282.00	FOSP;0.982
289.50	289.75	FOSP;0.719
292.75	294.00	FOSP;0.948
210.00	210.25	GCSP;0.592
226.75	227.00	GCSP;0.592
267.25	267.75	GCSP;0.666
4.50	5.00	HETH;0.750
107.75	108.50	HETH;0.604
156.50	156.75	HETH;0.541
197.00	197.75	HETH;0.918
209.75	210.00	HETH;0.501
212.25	213.00	HETH;0.940
109.25	109.50	LISP;0.515
76.25	77.50	MOCH;0.867
122.25	122.75	OROR;0.616
83.50	83.75	OSFL;0.615
162.50	162.75	PIGR;0.508
138.50	138.75	PUFI;0.537
146.00	147.75	RBGR;0.802
161.25	161.75	RBGR;0.582
122.50	123.50	RUGR;0.756
214.25	214.50	RWBL;0.583
240.00	240.25	RWBL;0.769
253.00	253.25	RWBL;0.753
265.00	265.25	RWBL;0.613
287.50	288.00	RWBL;0.715
153.00	153.25	SAPH;0.767
119.25	119.75	SBDO;0.787
134.25	134.50	SBDO;0.728
143.25	143.75	SNBU;0.669
258.25	258.50	SNBU;0.516
288.75	289.00	SNBU;0.781
9.75	10.00	SWSP;0.616
27.50	28.00	SWSP;0.905
182.50	182.75	SWSP;0.546
22.50	23.00	VATH;0.663
72.00	72.25	VATH;0.614
89.75	90.25	VATH;0.802
97.00	97.50	VATH;0.555
224.25	225.25	VATH;0.979
33.50	33.75	VESP;0.514
58.25	58.75	VESP;0.637
113.50	113.75	VESP;0.562
6.75	8.00	WCSP;0.759
20.25	21.00	WCSP;0.781
33.75	34.50	WCSP;0.869
84.50	85.00	WCSP;0.731
115.25	115.50	WCSP;0.679
159.50	159.75	WCSP;0.719
185.25	185.75	WCSP;0.746
189.00	190.25	WCSP;0.996
194.25	195.75	WCSP;0.994
198.75	200.50	WCSP;0.997
204.25	206.25	WCSP;0.993
210.00	211.75	WCSP;0.985
215.50	217.00	WCSP;0.997
220.00	222.75	WCSP;0.943
226.75	228.75	WCSP;0.993
232.25	234.00	WCSP;0.991
237.25	239.25	WCSP;0.996
243.00	245.00	WCSP;0.994
248.25	251.00	WCSP;0.997
254.75	256.50	WCSP;0.993
260.50	262.75	WCSP;0.993
267.50	269.25	WCSP;0.991
272.75	274.75	WCSP;0.993
275.50	276.25	WCSP;0.753
278.25	280.00	WCSP;0.996
284.50	286.75	WCSP;0.992
291.25	293.75	WCSP;0.996
296.25	298.25	WCSP;0.995
5.25	6.50	WIWA;0.991
11.00	12.50	WIWA;0.990
18.25	19.50	WIWA;0.994
23.50	25.00	WIWA;0.989
29.75	31.00	WIWA;0.989
40.25	40.75	WIWA;0.885
69.75	70.00	WIWA;0.705
81.50	83.00	WIWA;0.993
87.00	88.25	WIWA;0.996
93.75	95.25	WIWA;0.996
100.25	102.00	WIWA;0.996
110.25	111.50	WIWA;0.996
117.75	119.00	WIWA;0.997
123.75	125.25	WIWA;0.995
130.25	131.75	WIWA;0.996
136.50	137.75	WIWA;0.995
143.75	145.00	WIWA;0.973
150.25	151.75	WIWA;0.991
157.00	158.25	WIWA;0.996
164.00	165.50	WIWA;0.996
170.25	171.75	WIWA;0.992
176.50	178.00	WIWA;0.996
183.00	184.50	WIWA;0.993
190.00	191.00	WIWA;0.983
208.25	209.00	WIWA;0.932
214.75	216.00	WIWA;0.974
221.75	222.75	WIWA;0.811
229.00	230.25	WIWA;0.996
235.75	237.00	WIWA;0.986
22.75	23.50	WTSP;0.697
41.00	42.75	WTSP;0.983
47.50	49.25	WTSP;0.915
85.75	86.75	WTSP;0.753
105.25	106.50	WTSP;0.761
117.25	117.75	WTSP;0.703
127.00	128.25	WTSP;0.758
135.00	136.25	WTSP;0.894
184.75	185.75	WTSP;0.736
221.25	221.50	WTSP;0.512
35.25	35.75	WWCR;0.749
73.00	73.75	YRWA;0.603
