131.25	131.50	AMAV;0.567
189.25	189.50	AMDI;0.564
501.50	501.75	AMDI;0.509
321.50	321.75	AMGP;0.807
383.25	383.75	AMRO;0.791
529.00	529.50	AMRO;0.651
554.50	555.00	AMRO;0.594
568.50	569.00	AMRO;0.674
184.00	184.25	BLGU;0.553
542.25	542.50	DEJU;0.500
120.00	120.25	EAME;0.566
448.25	448.50	EAME;0.565
469.50	470.00	EAME;0.622
195.75	196.00	EATO;0.554
294.75	295.50	EATO;0.684
491.50	492.25	FISP;0.700
509.50	510.00	FISP;0.696
565.00	565.50	FISP;0.587
21.25	21.75	FOSP;0.704
42.75	45.00	FOSP;0.990
55.00	56.00	FOSP;0.868
70.75	72.75	FOSP;0.977
96.25	97.75	FOSP;0.972
144.50	146.50	FOSP;0.966
176.50	177.50	FOSP;0.844
187.00	188.25	FOSP;0.799
195.50	197.75	FOSP;0.988
207.25	209.00	FOSP;0.939
225.25	227.25	FOSP;0.981
242.25	244.50	FOSP;0.981
295.50	296.75	FOSP;0.967
392.25	392.75	FOSP;0.787
448.25	448.50	FOSP;0.662
478.00	479.00	FOSP;0.942
482.50	484.25	FOSP;0.802
490.25	491.00	FOSP;0.779
493.50	495.00	FOSP;0.975
502.50	503.50	FOSP;0.899
511.25	512.75	FOSP;0.993
515.00	517.25	FOSP;0.948
521.00	522.75	FOSP;0.971
535.75	538.25	FOSP;0.992
558.25	558.50	FOSP;0.687
583.00	584.25	FOSP;0.961
16.75	17.00	GCSP;0.534
241.50	242.25	GCSP;0.674
389.00	389.75	GCSP;0.914
453.00	453.25	GCSP;0.586
27.00	27.50	LARB;0.676
33.00	33.50	LEYE;0.584
3.50	5.25	LISP;0.993
14.75	16.25	LISP;0.994
19.75	20.00	LISP;0.704
27.25	28.50	LISP;0.812
40.25	41.75	LISP;0.977
53.75	55.00	LISP;0.847
65.25	67.00	LISP;0.993
77.50	79.00	LISP;0.976
91.00	92.75	LISP;0.996
103.50	105.25	LISP;0.996
115.25	117.25	LISP;0.995
129.25	131.00	LISP;0.986
141.25	143.25	LISP;0.993
154.00	156.00	LISP;0.996
165.75	167.00	LISP;0.991
177.75	179.00	LISP;0.996
189.50	191.00	LISP;0.992
199.25	201.00	LISP;0.988
210.75	212.25	LISP;0.996
223.00	224.75	LISP;0.996
235.25	236.75	LISP;0.968
247.25	249.00	LISP;0.988
259.00	260.50	LISP;0.995
271.00	272.00	LISP;0.891
282.75	284.00	LISP;0.961
294.50	295.25	LISP;0.840
306.25	308.00	LISP;0.993
319.50	321.00	LISP;0.939
330.75	332.25	LISP;0.992
342.75	344.00	LISP;0.983
357.00	358.50	LISP;0.968
370.00	371.75	LISP;0.994
382.50	383.50	LISP;0.933
409.75	410.75	LISP;0.953
421.75	422.75	LISP;0.918
434.75	435.25	LISP;0.689
451.25	452.25	LISP;0.944
463.00	464.00	LISP;0.900
475.25	475.50	LISP;0.661
501.50	502.25	LISP;0.815
514.75	515.25	LISP;0.738
541.75	542.50	LISP;0.834
554.00	554.50	LISP;0.695
567.75	568.50	LISP;0.819
580.50	581.50	LISP;0.954
593.00	594.00	LISP;0.954
0.25	0.50	MOCH;0.680
147.25	147.75	MOCH;0.554
172.00	172.75	MOCH;0.724
203.00	203.75	MOCH;0.831
241.50	242.00	MOCH;0.538
383.50	383.75	PUFI;0.625
410.50	411.00	PUFI;0.630
422.75	423.00	PUFI;0.708
423.75	424.00	PUFI;0.566
435.50	435.75	PUFI;0.853
463.75	464.25	PUFI;0.536
476.00	476.25	PUFI;0.592
491.25	491.75	PUFI;0.700
542.50	543.00	PUFI;0.676
581.50	582.00	PUFI;0.729
26.25	26.50	RUGR;0.537
373.50	374.00	SAPH;0.956
384.25	384.50	SAPH;0.552
407.25	407.50	SAPH;0.536
558.50	558.75	SAPH;0.606
574.75	575.00	SAPH;0.762
67.00	67.25	SATH;0.558
79.00	79.25	SATH;0.571
344.00	344.50	SATH;0.528
176.50	176.75	SNBU;0.816
177.25	177.50	SNBU;0.548
385.00	385.25	SNBU;0.792
483.50	484.00	SNBU;0.810
396.75	397.00	SOSA;0.533
487.00	487.25	SPPI;0.531
29.00	29.25	SWSP;0.532
59.25	59.75	SWSP;0.710
268.50	269.00	SWSP;0.568
291.25	292.00	SWSP;0.901
317.50	318.00	SWSP;0.648
445.50	446.25	SWSP;0.764
458.25	458.75	SWSP;0.677
472.75	473.00	SWSP;0.531
485.50	486.00	SWSP;0.582
498.25	499.00	SWSP;0.721
520.00	520.50	SWSP;0.613
591.50	592.50	SWSP;0.703
24.50	25.25	VATH;0.957
57.75	58.00	VATH;0.597
167.25	167.75	VATH;0.746
229.50	230.00	VATH;0.819
238.75	239.25	VATH;0.633
251.00	251.75	VATH;0.931
273.00	273.25	VATH;0.575
284.25	284.50	VATH;0.535
333.75	334.75	VATH;0.965
338.00	338.50	VATH;0.869
361.00	361.75	VATH;0.647
441.75	442.25	VATH;0.709
448.75	449.75	VATH;0.978
504.00	505.00	VATH;0.966
519.25	520.00	VATH;0.879
576.50	577.75	VATH;0.959
595.75	596.50	VATH;0.977
146.00	146.50	VESP;0.575
197.25	197.50	VESP;0.573
372.25	372.50	WATA;0.601
417.00	417.50	WATA;0.608
6.75	7.50	WCSP;0.680
49.00	49.75	WCSP;0.794
50.00	50.75	WCSP;0.976
392.25	392.75	WCSP;0.704
490.75	491.00	WCSP;0.549
503.00	503.50	WCSP;0.685
522.25	522.75	WCSP;0.605
67.00	67.25	WEME;0.508
79.00	79.25	WEME;0.514
92.50	92.75	WEME;0.524
130.75	131.00	WEME;0.542
179.00	179.25	WEME;0.539
1.25	2.00	WIWA;0.894
59.50	59.75	WIWA;0.512
73.00	74.00	WIWA;0.989
85.00	86.00	WIWA;0.968
98.00	98.75	WIWA;0.849
108.75	109.75	WIWA;0.984
126.50	127.00	WIWA;0.873
137.75	138.75	WIWA;0.967
458.25	458.75	WIWA;0.573
520.00	520.25	WIWA;0.551
0.00	0.75	WTSP;0.869
6.25	7.00	WTSP;0.857
9.25	12.00	WTSP;0.994
16.50	18.50	WTSP;0.979
28.50	28.75	WTSP;0.664
29.25	30.75	WTSP;0.954
45.00	47.50	WTSP;0.961
49.00	49.50	WTSP;0.734
58.75	62.00	WTSP;0.990
79.00	81.00	WTSP;0.993
106.00	108.75	WTSP;0.986
123.75	126.50	WTSP;0.993
135.50	136.75	WTSP;0.935
147.25	147.75	WTSP;0.779
163.00	165.50	WTSP;0.988
171.75	172.75	WTSP;0.808
184.00	186.25	WTSP;0.975
203.00	203.75	WTSP;0.757
253.50	255.50	WTSP;0.968
273.25	277.00	WTSP;0.996
316.25	318.50	WTSP;0.925
340.75	342.00	WTSP;0.908
366.00	367.50	WTSP;0.980
389.50	389.75	WTSP;0.702
407.50	409.25	WTSP;0.976
432.25	434.50	WTSP;0.970
453.00	455.00	WTSP;0.985
471.00	473.00	WTSP;0.967
491.75	492.75	WTSP;0.955
507.75	510.00	WTSP;0.967
527.50	530.50	WTSP;0.990
545.00	546.75	WTSP;0.988
563.00	566.00	WTSP;0.972
585.00	587.00	WTSP;0.983
589.25	589.75	WTSP;0.691
303.00	304.00	YRWA;0.852
313.50	313.75	YRWA;0.570
342.50	343.00	YRWA;0.511
353.25	354.50	YRWA;0.812
365.25	365.75	YRWA;0.759
376.25	377.25	YRWA;0.986
396.75	397.00	YRWA;0.552
399.00	399.75	YRWA;0.667
434.50	435.00	YRWA;0.564
475.00	475.50	YRWA;0.665
532.00	533.00	YRWA;0.981
553.00	554.25	YRWA;0.923
