80.50	80.75	AMRO;0.555
283.25	283.75	AMRO;0.652
299.00	299.50	AMRO;0.568
199.00	199.25	BHVI;0.593
291.75	292.00	BRSP;0.561
1.25	2.25	CHSP;0.857
163.25	164.25	CHSP;0.895
165.50	166.50	CHSP;0.648
174.00	175.50	CHSP;0.920
178.25	180.00	CHSP;0.984
189.25	190.25	CHSP;0.764
193.25	195.00	CHSP;0.984
197.25	198.00	CHSP;0.849
201.50	202.50	CHSP;0.713
207.75	208.50	CHSP;0.754
225.00	226.25	CHSP;0.910
253.75	254.75	CHSP;0.959
261.00	261.50	CHSP;0.640
201.50	202.00	DEJU;0.514
63.50	63.75	EAME;0.525
152.50	153.50	FISP;0.609
7.50	10.00	FOSP;0.991
19.50	20.75	FOSP;0.983
27.50	29.75	FOSP;0.996
42.75	44.50	FOSP;0.978
51.50	52.75	FOSP;0.769
57.25	59.25	FOSP;0.988
63.50	65.00	FOSP;0.942
69.50	72.00	FOSP;0.996
73.25	75.00	FOSP;0.973
82.75	85.00	FOSP;0.995
94.00	95.25	FOSP;0.878
98.00	100.25	FOSP;0.996
101.25	103.00	FOSP;0.992
109.25	112.75	FOSP;0.995
119.25	121.25	FOSP;0.942
126.25	127.75	FOSP;0.903
137.25	138.50	FOSP;0.874
140.50	143.50	FOSP;0.995
157.25	158.50	FOSP;0.918
159.25	159.75	FOSP;0.699
166.00	168.00	FOSP;0.928
176.00	178.00	FOSP;0.996
182.25	184.75	FOSP;0.998
185.25	186.25	FOSP;0.873
198.25	199.50	FOSP;0.991
206.00	207.25	FOSP;0.972
212.50	214.75	FOSP;0.992
219.00	221.25	FOSP;0.998
229.25	231.25	FOSP;0.990
239.25	241.75	FOSP;0.998
242.25	244.00	FOSP;0.737
253.25	253.75	FOSP;0.850
258.25	260.75	FOSP;0.996
274.75	277.50	FOSP;0.996
285.75	287.75	FOSP;0.882
292.50	295.00	FOSP;0.983
119.25	119.75	GCSP;0.650
128.25	128.75	GCSP;0.583
186.00	186.25	GCSP;0.504
202.50	203.00	GCSP;0.551
215.25	215.75	GCSP;0.653
274.50	275.00	GCSP;0.581
292.50	293.00	GCSP;0.669
243.75	244.25	LASP;0.551
41.00	41.75	LISP;0.850
107.50	108.25	LISP;0.546
211.00	211.75	LISP;0.767
232.50	233.00	LISP;0.641
32.25	32.75	MAMU;0.772
111.25	111.50	OROR;0.515
253.25	253.75	OROR;0.672
289.50	290.00	RBGR;0.597
271.50	272.00	RTHA;0.571
207.00	207.25	SNBU;0.534
160.00	161.50	SPGR;0.896
0.25	1.50	SWSP;0.865
92.25	93.50	SWSP;0.766
117.75	119.00	SWSP;0.941
132.25	132.50	SWSP;0.511
150.00	152.00	SWSP;0.919
164.50	165.50	SWSP;0.657
190.25	191.50	SWSP;0.965
199.75	200.50	SWSP;0.719
224.25	224.75	SWSP;0.628
272.50	274.25	SWSP;0.709
295.50	296.50	SWSP;0.809
297.25	297.50	SWSP;0.513
81.75	82.25	VESP;0.608
102.25	103.00	VESP;0.697
129.25	129.75	VESP;0.609
167.25	167.75	VESP;0.597
231.50	232.25	VESP;0.745
287.25	287.50	VESP;0.552
3.25	7.00	WCSP;0.999
13.00	15.75	WCSP;0.995
23.00	25.75	WCSP;0.992
31.50	31.75	WCSP;0.717
33.25	37.75	WCSP;0.999
44.25	47.00	WCSP;0.994
49.25	50.25	WCSP;0.795
55.00	57.25	WCSP;0.987
65.00	68.50	WCSP;0.995
72.00	73.00	WCSP;0.850
76.00	78.75	WCSP;0.992
86.00	88.50	WCSP;0.993
95.50	98.00	WCSP;0.993
103.00	103.50	WCSP;0.760
104.00	107.00	WCSP;0.995
112.00	112.75	WCSP;0.826
113.00	115.75	WCSP;0.994
120.50	121.25	WCSP;0.889
123.75	127.00	WCSP;0.997
133.75	136.25	WCSP;0.947
138.25	138.50	WCSP;0.661
144.00	147.00	WCSP;0.993
154.75	158.50	WCSP;0.998
159.25	160.00	WCSP;0.750
161.75	162.25	WCSP;0.756
169.25	171.25	WCSP;0.993
186.25	188.50	WCSP;0.990
202.75	204.75	WCSP;0.998
215.25	217.75	WCSP;0.995
227.25	229.25	WCSP;0.993
250.25	253.00	WCSP;0.994
260.00	260.25	WCSP;0.686
262.75	265.00	WCSP;0.995
284.25	284.50	WCSP;0.684
286.50	287.50	WCSP;0.833
290.25	292.75	WCSP;0.995
293.25	293.75	WCSP;0.679
294.00	294.50	WCSP;0.822
4.50	5.00	WTSP;0.700
13.00	13.75	WTSP;0.779
16.00	19.50	WTSP;0.994
23.25	23.50	WTSP;0.666
26.50	27.25	WTSP;0.713
30.00	31.50	WTSP;0.886
31.75	33.50	WTSP;0.834
34.75	35.00	WTSP;0.673
38.00	38.75	WTSP;0.905
47.25	50.00	WTSP;0.801
55.00	55.50	WTSP;0.751
61.25	63.50	WTSP;0.994
66.25	66.50	WTSP;0.676
75.00	76.75	WTSP;0.869
79.00	81.75	WTSP;0.964
86.00	86.75	WTSP;0.821
88.50	92.25	WTSP;0.984
100.25	101.00	WTSP;0.729
113.50	113.75	WTSP;0.683
117.00	117.50	WTSP;0.732
119.00	119.25	WTSP;0.672
121.75	122.50	WTSP;0.826
127.75	129.50	WTSP;0.812
130.00	132.00	WTSP;0.981
134.00	134.75	WTSP;0.780
139.00	140.00	WTSP;0.867
144.25	144.75	WTSP;0.696
147.00	150.00	WTSP;0.996
152.25	152.50	WTSP;0.695
158.25	163.00	WTSP;0.921
168.00	169.75	WTSP;0.929
171.50	173.75	WTSP;0.932
184.75	185.50	WTSP;0.793
186.00	186.75	WTSP;0.905
188.50	188.75	WTSP;0.663
189.00	189.50	WTSP;0.698
195.25	197.50	WTSP;0.991
207.50	208.00	WTSP;0.734
208.25	211.00	WTSP;0.997
217.50	219.00	WTSP;0.897
221.00	222.25	WTSP;0.968
223.50	224.50	WTSP;0.797
227.00	227.75	WTSP;0.805
233.25	239.25	WTSP;0.996
243.50	243.75	WTSP;0.667
244.25	250.00	WTSP;0.989
250.25	250.75	WTSP;0.717
255.50	258.00	WTSP;0.957
262.50	263.00	WTSP;0.707
266.00	271.00	WTSP;0.998
277.25	283.50	WTSP;0.992
287.75	289.50	WTSP;0.976
290.50	290.75	WTSP;0.728
296.75	298.75	WTSP;0.983
222.75	223.50	WWCR;0.689
