297.25	297.50	AGOL;0.599
156.50	158.75	CHSP;0.990
184.00	186.00	CHSP;0.977
244.75	246.00	CHSP;0.862
267.25	269.50	CHSP;0.984
274.75	275.00	CHSP;0.694
18.25	18.50	DEJU;0.503
43.50	44.00	DEJU;0.648
245.25	246.00	DEJU;0.670
190.25	190.50	EAME;0.603
198.75	199.00	EAME;0.502
4.50	6.25	FOSP;0.993
14.75	15.25	FOSP;0.716
16.75	18.25	FOSP;0.917
21.00	22.50	FOSP;0.985
26.00	28.25	FOSP;0.993
34.25	36.00	FOSP;0.978
37.50	40.00	FOSP;0.983
48.25	50.50	FOSP;0.988
55.00	56.00	FOSP;0.831
56.25	57.75	FOSP;0.967
66.25	68.00	FOSP;0.950
68.75	70.75	FOSP;0.962
76.25	78.50	FOSP;0.986
81.25	84.00	FOSP;0.988
90.50	90.75	FOSP;0.699
94.75	96.50	FOSP;0.989
98.75	100.50	FOSP;0.989
108.00	109.50	FOSP;0.989
113.75	115.25	FOSP;0.864
120.25	122.00	FOSP;0.985
125.25	126.75	FOSP;0.959
129.25	130.00	FOSP;0.869
131.00	131.50	FOSP;0.731
134.00	135.75	FOSP;0.985
144.75	145.00	FOSP;0.658
148.00	149.50	FOSP;0.992
152.00	154.00	FOSP;0.953
161.00	163.00	FOSP;0.988
167.00	168.50	FOSP;0.994
176.25	176.75	FOSP;0.725
178.25	179.75	FOSP;0.979
182.00	183.75	FOSP;0.961
194.25	196.25	FOSP;0.971
199.25	201.25	FOSP;0.970
207.25	208.75	FOSP;0.930
238.25	239.25	FOSP;0.879
241.25	242.50	FOSP;0.893
247.50	249.50	FOSP;0.868
252.75	254.25	FOSP;0.962
263.75	265.75	FOSP;0.987
270.00	270.75	FOSP;0.903
275.50	278.50	FOSP;0.944
284.00	284.75	FOSP;0.819
20.75	21.00	HETH;0.560
48.00	48.25	HETH;0.707
66.00	66.50	HETH;0.763
94.75	95.00	HETH;0.509
107.75	108.00	HETH;0.640
133.75	134.00	HETH;0.712
147.75	148.00	HETH;0.614
3.50	4.00	MOCH;0.626
222.75	223.00	OSFL;0.859
6.00	6.25	PUFI;0.620
49.25	49.75	PUFI;0.722
26.50	26.75	SAPH;0.519
56.00	56.25	SAPH;0.704
130.25	130.50	SAPH;0.719
145.25	145.50	SBDO;0.550
26.50	26.75	SNBU;0.536
42.50	43.00	SNBU;0.782
69.25	69.75	SNBU;0.651
98.75	99.00	SNBU;0.505
166.75	167.00	SNBU;0.550
283.50	283.75	SNBU;0.579
290.25	290.50	SNBU;0.552
291.00	291.25	SNBU;0.617
91.00	91.75	SOSA;0.980
193.00	193.75	SOSA;0.984
204.50	205.00	SOSA;0.921
218.00	218.50	SOSA;0.974
247.25	247.50	SOSA;0.766
262.25	263.00	SOSA;0.989
287.50	287.75	SOSA;0.631
25.75	26.00	SPSA;0.574
43.25	44.00	SWSP;0.628
224.00	224.75	SWSP;0.615
12.00	12.75	VATH;0.962
73.25	74.50	VATH;0.963
259.00	259.25	VATH;0.758
115.00	115.25	VESP;0.568
190.25	190.75	VESP;0.651
208.25	208.75	VESP;0.650
278.00	278.50	VESP;0.538
82.25	82.50	WCSP;0.576
6.25	7.25	WIWA;0.994
8.00	9.25	WIWA;0.992
18.50	18.75	WIWA;0.662
19.00	20.50	WIWA;0.994
30.00	32.00	WIWA;0.988
41.50	42.00	WIWA;0.752
43.00	44.00	WIWA;0.847
51.25	52.50	WIWA;0.995
72.00	73.25	WIWA;0.989
84.25	85.00	WIWA;0.976
88.00	89.00	WIWA;0.988
93.25	94.50	WIWA;0.985
103.50	105.00	WIWA;0.997
130.75	131.75	WIWA;0.936
140.25	141.50	WIWA;0.986
149.75	150.75	WIWA;0.949
158.75	160.00	WIWA;0.980
170.25	171.25	WIWA;0.986
180.75	182.00	WIWA;0.997
190.75	192.00	WIWA;0.984
202.00	203.25	WIWA;0.994
212.00	213.50	WIWA;0.997
223.50	224.75	WIWA;0.963
233.75	235.25	WIWA;0.995
271.50	272.25	WIWA;0.960
292.25	293.50	WIWA;0.993
3.50	3.75	WTSP;0.510
171.25	171.75	WTSP;0.790
247.25	247.50	YRWA;0.535
