0.25	2.00	AMRO;0.973
3.25	4.50	AMRO;0.789
6.75	8.00	AMRO;0.981
9.25	11.25	AMRO;0.974
13.00	14.75	AMRO;0.982
17.00	17.75	AMRO;0.827
20.50	22.00	AMRO;0.895
24.00	25.25	AMRO;0.863
27.50	31.75	AMRO;0.967
32.50	35.25	AMRO;0.968
37.75	39.75	AMRO;0.991
40.50	42.00	AMRO;0.975
42.75	44.25	AMRO;0.959
45.25	45.50	AMRO;0.681
48.25	50.00	AMRO;0.905
51.75	53.25	AMRO;0.770
55.00	56.00	AMRO;0.790
57.75	59.00	AMRO;0.980
60.25	62.00	AMRO;0.924
63.25	64.75	AMRO;0.902
65.75	67.00	AMRO;0.937
69.25	70.00	AMRO;0.801
71.25	73.00	AMRO;0.922
73.25	76.75	AMRO;0.965
78.75	79.00	AMRO;0.702
81.25	81.75	AMRO;0.753
83.00	84.75	AMRO;0.992
86.50	87.00	AMRO;0.677
89.25	91.00	AMRO;0.886
92.75	95.50	AMRO;0.887
97.50	99.00	AMRO;0.964
101.25	103.50	AMRO;0.989
105.00	106.25	AMRO;0.835
107.50	108.75	AMRO;0.912
110.25	111.00	AMRO;0.856
112.75	113.50	AMRO;0.804
114.00	115.00	AMRO;0.862
116.00	117.25	AMRO;0.968
119.00	120.50	AMRO;0.842
122.75	127.75	AMRO;0.968
130.00	131.25	AMRO;0.923
132.50	137.00	AMRO;0.997
137.50	139.75	AMRO;0.925
143.00	144.75	AMRO;0.933
153.00	154.50	AMRO;0.979
164.00	166.00	AMRO;0.916
168.00	169.00	AMRO;0.874
171.75	173.00	AMRO;0.873
174.25	175.75	AMRO;0.844
179.25	182.00	AMRO;0.975
183.25	184.25	AMRO;0.856
186.00	186.75	AMRO;0.822
189.25	190.50	AMRO;0.971
191.00	191.75	AMRO;0.769
192.00	192.25	AMRO;0.680
195.00	196.00	AMRO;0.882
197.50	198.00	AMRO;0.747
200.25	202.25	AMRO;0.930
203.00	205.25	AMRO;0.951
210.50	212.25	AMRO;0.963
213.25	214.50	AMRO;0.832
216.25	217.00	AMRO;0.866
218.25	219.75	AMRO;0.918
221.00	222.00	AMRO;0.919
224.75	226.00	AMRO;0.915
227.50	228.50	AMRO;0.876
229.25	229.75	AMRO;0.769
231.25	232.25	AMRO;0.830
234.50	236.25	AMRO;0.990
238.00	239.50	AMRO;0.992
242.25	243.75	AMRO;0.946
249.25	251.00	AMRO;0.979
254.00	255.75	AMRO;0.956
256.00	258.50	AMRO;0.975
263.50	265.00	AMRO;0.847
286.00	286.25	AMRO;0.685
288.25	288.75	AMRO;0.757
297.50	297.75	AMRO;0.672
31.25	31.50	BASA;0.542
24.00	24.75	BHGR;0.664
27.50	28.00	BHGR;0.620
52.00	52.75	BHGR;0.622
55.25	55.75	BHGR;0.526
63.25	63.75	BHGR;0.644
68.25	69.25	BHGR;0.856
86.50	88.00	BHGR;0.725
94.00	95.25	BHGR;0.780
109.75	110.00	BHGR;0.527
113.25	114.00	BHGR;0.888
119.25	119.75	BHGR;0.683
125.50	126.00	BHGR;0.521
164.00	165.00	BHGR;0.793
191.50	192.25	BHGR;0.658
197.50	198.00	BHGR;0.552
204.50	204.75	BHGR;0.530
264.25	264.75	BHGR;0.841
270.25	270.75	BLGU;0.672
73.00	73.50	CCSP;0.664
202.75	203.00	EABL;0.501
156.50	157.75	FOSP;0.785
287.00	287.75	FOSP;0.738
247.50	248.00	GCSP;0.707
122.00	122.25	MOCH;0.517
286.75	287.00	PIGR;0.554
168.50	168.75	RBGR;0.523
171.50	172.00	RBGR;0.543
195.25	195.75	RBGR;0.557
231.75	232.00	RBGR;0.554
23.00	23.25	REVI;0.599
189.25	189.50	RSHA;0.637
148.25	148.75	RTHA;0.785
95.75	96.00	SAPH;0.591
3.50	3.75	SATH;0.508
103.25	104.00	SATH;0.704
105.50	105.75	SATH;0.522
110.25	110.50	SATH;0.566
143.00	143.50	SATH;0.630
206.50	206.75	SBDO;0.759
61.00	61.25	SCTA;0.501
61.00	61.50	SUTA;0.562
90.75	91.00	SUTA;0.503
116.50	117.00	SUTA;0.586
53.25	54.25	TOSO;0.846
55.00	55.75	TOSO;0.758
97.50	97.75	TOSO;0.550
217.50	217.75	VESP;0.524
2.25	4.00	WCSP;0.960
5.75	8.00	WCSP;0.994
11.75	13.25	WCSP;0.987
15.00	17.00	WCSP;0.990
21.75	22.75	WCSP;0.986
25.25	27.50	WCSP;0.995
34.25	36.25	WCSP;0.986
41.50	43.75	WCSP;0.994
47.25	48.75	WCSP;0.986
56.75	57.25	WCSP;0.738
61.25	62.00	WCSP;0.780
64.75	65.50	WCSP;0.864
72.25	73.50	WCSP;0.943
75.25	76.25	WCSP;0.990
81.75	83.00	WCSP;0.993
91.50	93.00	WCSP;0.979
105.75	107.00	WCSP;0.995
118.00	119.50	WCSP;0.982
130.25	132.00	WCSP;0.993
146.50	148.00	WCSP;0.994
161.25	162.00	WCSP;0.796
176.50	178.00	WCSP;0.996
187.50	189.00	WCSP;0.992
201.00	202.00	WCSP;0.897
214.25	215.75	WCSP;0.989
228.50	229.50	WCSP;0.895
244.50	246.00	WCSP;0.997
260.25	261.25	WCSP;0.963
274.75	276.25	WCSP;0.986
294.00	295.75	WCSP;0.991
2.25	2.75	WTSP;0.714
9.00	11.00	WTSP;0.977
15.00	15.25	WTSP;0.689
18.75	19.75	WTSP;0.932
25.25	25.75	WTSP;0.775
34.25	34.75	WTSP;0.701
38.25	41.75	WTSP;0.993
50.00	53.25	WTSP;0.989
59.00	60.25	WTSP;0.851
62.25	63.50	WTSP;0.874
64.00	64.75	WTSP;0.801
67.50	68.00	WTSP;0.771
76.75	79.75	WTSP;0.992
84.25	85.25	WTSP;0.957
89.00	92.00	WTSP;0.992
100.25	103.00	WTSP;0.996
112.00	114.50	WTSP;0.995
121.00	122.75	WTSP;0.921
123.50	126.50	WTSP;0.994
128.25	129.00	WTSP;0.870
133.75	134.75	WTSP;0.852
137.00	139.50	WTSP;0.924
145.50	146.75	WTSP;0.800
148.25	150.75	WTSP;0.994
158.75	162.00	WTSP;0.998
170.25	173.75	WTSP;0.990
182.00	182.50	WTSP;0.768
183.75	186.50	WTSP;0.989
187.50	188.00	WTSP;0.718
192.50	193.25	WTSP;0.773
196.25	198.00	WTSP;0.990
207.25	210.75	WTSP;0.997
218.00	219.25	WTSP;0.939
223.00	225.75	WTSP;0.991
228.25	228.75	WTSP;0.735
229.75	232.00	WTSP;0.977
234.25	235.00	WTSP;0.809
235.50	235.75	WTSP;0.679
239.50	242.25	WTSP;0.994
244.25	245.00	WTSP;0.755
246.25	247.75	WTSP;0.895
254.50	256.00	WTSP;0.969
259.00	260.50	WTSP;0.969
264.50	267.25	WTSP;0.993
269.25	270.75	WTSP;0.842
276.00	280.00	WTSP;0.994
288.50	291.00	WTSP;0.991
294.00	294.50	WTSP;0.767
299.00	300.00	WTSP;0.977
220.50	220.75	YERA;0.559
