2.75	4.50	AMRO;0.925
8.25	10.75	AMRO;0.994
14.25	17.00	AMRO;0.992
20.50	23.50	AMRO;0.993
30.25	31.75	AMRO;0.751
38.25	40.00	AMRO;0.964
50.50	53.50	AMRO;0.993
54.00	55.00	AMRO;0.818
56.25	58.25	AMRO;0.939
68.00	70.75	AMRO;0.986
100.00	104.00	AMRO;0.976
106.25	106.75	AMRO;0.735
107.25	109.00	AMRO;0.791
113.25	115.75	AMRO;0.991
119.00	120.00	AMRO;0.845
125.25	127.25	AMRO;0.913
131.25	137.50	AMRO;0.995
148.00	149.75	AMRO;0.977
153.50	156.00	AMRO;0.991
162.50	165.00	AMRO;0.996
165.25	167.75	AMRO;0.988
188.00	188.75	AMRO;0.796
189.50	192.50	AMRO;0.993
199.00	202.00	AMRO;0.984
211.25	214.00	AMRO;0.991
223.50	224.75	AMRO;0.791
228.25	230.50	AMRO;0.993
238.50	240.50	AMRO;0.969
241.75	242.00	AMRO;0.673
260.50	261.75	AMRO;0.866
264.25	264.75	AMRO;0.739
266.75	272.50	AMRO;0.989
283.75	286.25	AMRO;0.988
294.50	296.75	AMRO;0.994
185.00	185.25	BRSP;0.515
193.50	193.75	BRSP;0.589
219.25	220.00	BRSP;0.715
258.00	258.25	BRSP;0.502
230.25	230.50	CAFI;0.559
68.00	69.00	CHSP;0.782
69.25	69.75	CHSP;0.651
77.00	77.75	CHSP;0.658
87.25	89.75	CHSP;0.896
99.25	100.00	CHSP;0.707
100.50	100.75	CHSP;0.568
111.00	112.00	CHSP;0.703
132.75	134.50	CHSP;0.817
144.00	145.50	CHSP;0.919
155.25	157.00	CHSP;0.948
184.00	185.50	CHSP;0.791
192.25	194.00	CHSP;0.771
205.50	208.00	CHSP;0.920
219.50	220.25	CHSP;0.721
225.75	227.25	CHSP;0.768
244.25	246.00	CHSP;0.954
255.50	258.50	CHSP;0.927
270.75	271.50	CHSP;0.649
281.75	283.50	CHSP;0.902
293.00	294.00	CHSP;0.870
35.00	36.75	FOSP;0.977
45.50	47.50	FOSP;0.983
78.00	79.75	FOSP;0.994
94.75	97.00	FOSP;0.996
116.25	118.25	FOSP;0.946
127.25	129.25	FOSP;0.965
139.75	141.50	FOSP;0.994
157.00	158.75	FOSP;0.993
174.75	177.00	FOSP;0.986
203.50	204.00	FOSP;0.726
218.00	219.25	FOSP;0.847
233.00	234.50	FOSP;0.975
273.00	275.00	FOSP;0.994
280.25	282.00	FOSP;0.994
290.00	292.50	FOSP;0.994
43.75	44.00	GRCA;0.544
189.00	189.50	GWTE;0.555
199.25	199.75	GWTE;0.580
234.25	234.75	LASP;0.533
12.25	13.00	LISP;0.681
41.75	43.00	LISP;0.964
74.00	75.25	LISP;0.924
89.75	90.25	LISP;0.665
105.25	106.50	LISP;0.954
120.25	121.00	LISP;0.863
149.75	151.50	LISP;0.977
173.25	174.25	LISP;0.826
202.75	204.50	LISP;0.804
217.00	217.75	LISP;0.679
248.00	249.75	LISP;0.979
263.25	264.25	LISP;0.979
294.50	294.75	LISP;0.534
45.00	45.50	LOSH;0.563
90.50	90.75	OCWA;0.665
40.00	40.50	PISI;0.716
49.25	49.75	PISI;0.921
137.00	139.50	PISI;0.987
221.25	221.75	PISI;0.610
222.75	223.50	PISI;0.978
252.50	253.25	PISI;0.827
261.50	262.00	PISI;0.518
262.25	263.00	PISI;0.608
267.00	267.75	PISI;0.953
268.25	268.50	PISI;0.595
269.25	269.50	PISI;0.526
275.25	276.00	PISI;0.943
276.25	277.25	PISI;0.940
299.25	300.00	PISI;0.952
12.50	12.75	ROWR;0.620
27.25	27.50	ROWR;0.526
232.25	233.00	ROWR;0.790
85.00	85.25	RUGR;0.713
92.00	94.50	RUGR;0.871
94.75	96.00	RUGR;0.780
148.00	152.00	RUGR;0.985
156.00	156.25	RUGR;0.669
157.00	158.00	RUGR;0.720
182.00	182.25	RUGR;0.677
212.00	213.00	RUGR;0.700
236.00	236.75	RUGR;0.845
237.50	240.00	RUGR;0.961
256.00	260.00	RUGR;0.982
287.25	288.00	RUGR;0.746
292.00	296.00	RUGR;0.971
72.25	72.50	SAPH;0.665
4.25	4.50	SATH;0.553
31.25	32.25	SATH;0.853
45.00	45.25	SATH;0.514
55.00	55.50	SATH;0.761
224.00	224.75	SATH;0.634
241.25	241.50	SATH;0.504
214.25	214.50	SEPL;0.649
225.00	225.25	SEPL;0.656
72.25	72.50	SNBU;0.570
3.00	3.75	SWSP;0.604
152.00	152.50	SWSP;0.580
252.00	252.25	SWSP;0.541
261.00	261.50	SWSP;0.754
0.00	1.75	TEWA;0.983
5.00	8.00	TEWA;0.994
11.25	11.50	TEWA;0.713
16.50	19.00	TEWA;0.990
23.00	25.50	TEWA;0.957
30.25	31.25	TEWA;0.852
32.00	32.25	TEWA;0.679
36.75	38.50	TEWA;0.978
47.25	49.00	TEWA;0.987
52.00	54.25	TEWA;0.992
65.00	67.00	TEWA;0.978
70.00	71.50	TEWA;0.913
80.00	80.25	TEWA;0.708
84.00	84.25	TEWA;0.665
84.50	86.75	TEWA;0.974
91.75	93.25	TEWA;0.985
107.00	108.75	TEWA;0.981
112.25	113.75	TEWA;0.976
117.75	119.25	TEWA;0.943
121.75	124.75	TEWA;0.994
129.25	131.00	TEWA;0.973
134.50	136.25	TEWA;0.909
141.50	142.25	TEWA;0.905
145.25	147.75	TEWA;0.995
152.50	154.50	TEWA;0.988
158.50	159.50	TEWA;0.902
164.50	166.00	TEWA;0.935
166.50	166.75	TEWA;0.707
170.25	173.00	TEWA;0.985
178.75	181.00	TEWA;0.980
185.75	187.75	TEWA;0.961
194.00	196.00	TEWA;0.991
200.00	202.75	TEWA;0.986
207.00	209.00	TEWA;0.951
214.25	216.50	TEWA;0.988
223.50	223.75	TEWA;0.766
227.25	229.50	TEWA;0.975
234.25	235.00	TEWA;0.803
239.00	241.75	TEWA;0.961
246.00	247.75	TEWA;0.984
253.00	255.50	TEWA;0.996
258.25	260.75	TEWA;0.991
264.50	267.00	TEWA;0.973
271.75	273.00	TEWA;0.923
277.00	279.50	TEWA;0.993
284.00	286.00	TEWA;0.928
290.50	292.00	TEWA;0.920
296.75	299.00	TEWA;0.984
44.25	44.75	TOSO;0.650
187.75	189.00	TOSO;0.727
189.25	190.00	TOSO;0.708
242.00	242.75	TOSO;0.687
36.25	36.75	VESP;0.702
47.00	47.25	VESP;0.547
79.25	79.50	VESP;0.525
176.25	176.75	VESP;0.535
219.00	219.25	VESP;0.522
2.75	3.75	WIWA;0.804
24.00	24.50	WIWA;0.539
71.00	71.25	WIWA;0.579
80.00	80.50	WIWA;0.673
159.00	159.25	WIWA;0.557
161.25	162.25	WIWA;0.974
202.25	202.50	WIWA;0.561
222.00	222.75	WIWA;0.902
231.50	232.00	WIWA;0.831
251.75	252.25	WIWA;0.593
279.00	279.50	WIWA;0.634
285.50	285.75	WIWA;0.515
