24.00	24.25	ATSP;0.606
41.25	42.00	ATSP;0.935
42.50	42.75	ATSP;0.752
43.00	43.75	ATSP;0.988
24.00	24.50	CHSP;0.930
26.00	26.50	CHSP;0.977
41.50	41.75	CHSP;0.670
42.25	42.75	CHSP;0.908
47.25	47.75	CHSP;0.842
231.50	232.00	DUFL;0.574
19.50	19.75	FLOW;0.611
2.50	4.75	FOSP;0.986
50.00	51.25	FOSP;0.949
60.75	61.00	FOSP;0.637
61.50	61.75	FOSP;0.570
62.50	63.50	FOSP;0.589
81.75	82.25	FOSP;0.622
90.75	92.00	FOSP;0.979
100.75	101.25	FOSP;0.670
30.75	31.00	GRSP;0.506
35.25	35.75	GRSP;0.840
36.75	37.00	GRSP;0.780
39.50	39.75	GRSP;0.562
44.75	46.25	GRSP;0.934
30.75	31.00	GWWA;0.607
39.50	39.75	GWWA;0.644
367.50	368.00	HASP;0.834
56.00	56.25	HETH;0.507
353.25	353.50	HETH;0.678
323.75	324.00	HOLA;0.524
397.50	398.00	HOLA;0.668
514.25	514.75	HOLA;0.919
381.25	381.75	MOCH;0.702
51.25	51.50	PIGR;0.535
67.25	67.75	PISI;0.805
75.50	78.00	PISI;0.992
78.75	79.50	PISI;0.987
83.25	83.50	PISI;0.695
105.00	105.75	PISI;0.986
107.75	110.50	PISI;0.982
111.00	111.25	PISI;0.771
114.00	114.50	PISI;0.817
115.25	115.75	PISI;0.751
142.00	142.50	PISI;0.744
143.50	149.50	PISI;0.992
154.25	155.00	PISI;0.990
164.50	165.75	PISI;0.942
168.75	169.50	PISI;0.906
172.00	174.75	PISI;0.995
177.50	179.00	PISI;0.994
181.75	184.75	PISI;0.994
185.50	185.75	PISI;0.672
186.00	187.25	PISI;0.845
188.00	189.00	PISI;0.993
189.50	191.25	PISI;0.997
225.50	227.00	PISI;0.946
230.50	242.50	PISI;0.998
244.75	245.00	PISI;0.692
310.00	310.25	PISI;0.661
311.00	314.50	PISI;0.991
315.00	316.50	PISI;0.993
317.00	320.75	PISI;0.994
322.50	322.75	PISI;0.670
324.75	334.25	PISI;0.999
335.00	335.75	PISI;0.984
336.50	337.25	PISI;0.917
338.50	339.00	PISI;0.812
340.00	340.50	PISI;0.742
340.75	344.00	PISI;0.982
345.00	345.25	PISI;0.677
383.00	383.50	PISI;0.753
397.50	398.25	PISI;0.857
398.50	400.25	PISI;0.996
401.00	404.00	PISI;0.999
406.00	407.00	PISI;0.992
409.50	410.75	PISI;0.998
412.25	412.75	PISI;0.927
419.25	420.00	PISI;0.983
421.75	422.75	PISI;0.965
423.25	424.00	PISI;0.890
426.75	427.50	PISI;0.942
428.75	429.50	PISI;0.972
440.00	440.75	PISI;0.996
454.25	454.75	PISI;0.828
456.00	457.00	PISI;0.996
457.25	457.50	PISI;0.685
457.75	460.75	PISI;0.996
461.75	462.75	PISI;0.997
464.25	465.25	PISI;0.997
466.25	468.25	PISI;0.991
469.75	471.25	PISI;0.994
471.75	472.75	PISI;0.989
486.25	487.25	PISI;0.994
490.25	491.00	PISI;0.998
493.00	494.50	PISI;0.998
496.50	497.00	PISI;0.766
499.00	505.50	PISI;0.998
506.00	508.75	PISI;0.997
509.75	510.50	PISI;0.954
511.75	512.00	PISI;0.711
516.75	517.75	PISI;0.982
520.25	524.75	PISI;0.992
529.50	530.75	PISI;0.936
531.00	532.00	PISI;0.998
538.75	539.25	PISI;0.810
541.00	543.75	PISI;0.996
546.25	547.00	PISI;0.992
573.25	574.00	PISI;0.983
579.75	580.25	PISI;0.863
582.75	583.50	PISI;0.931
585.00	585.75	PISI;0.998
586.75	591.50	PISI;0.995
592.50	593.25	PISI;0.994
594.00	595.25	PISI;0.995
596.75	599.00	PISI;0.997
449.25	449.50	PYNU;0.625
30.75	31.00	SAVS;0.714
35.25	35.75	SAVS;0.529
36.75	37.00	SAVS;0.593
39.50	39.75	SAVS;0.678
83.75	84.25	SOSA;0.749
96.25	96.50	SOSA;0.553
123.00	123.50	SOSA;0.816
206.25	206.75	SOSA;0.761
220.75	221.25	SOSA;0.854
248.25	248.50	SOSA;0.783
264.00	264.50	SOSA;0.947
277.75	278.50	SOSA;0.967
291.50	292.00	SOSA;0.956
305.50	306.00	SOSA;0.808
320.75	321.25	SOSA;0.583
348.25	348.75	SOSA;0.869
420.25	420.50	SOSA;0.617
443.50	443.75	SOSA;0.530
476.50	476.75	SOSA;0.519
28.25	29.75	SWSP;0.927
169.75	170.00	SWSP;0.630
207.75	209.00	SWSP;0.862
216.25	217.00	SWSP;0.812
245.25	246.00	SWSP;0.784
252.25	253.00	SWSP;0.651
266.75	267.25	SWSP;0.584
334.25	334.75	SWSP;0.647
347.25	347.75	SWSP;0.648
376.50	377.50	SWSP;0.881
382.50	382.75	SWSP;0.525
396.25	397.00	SWSP;0.818
425.25	426.50	SWSP;0.836
432.00	432.75	SWSP;0.793
439.50	440.00	SWSP;0.711
461.25	461.50	SWSP;0.583
468.00	468.75	SWSP;0.840
474.25	475.75	SWSP;0.905
482.00	483.25	SWSP;0.892
497.50	498.00	SWSP;0.545
519.00	519.75	SWSP;0.844
526.25	527.25	SWSP;0.617
533.25	533.75	SWSP;0.560
548.00	549.50	SWSP;0.912
556.25	557.50	SWSP;0.806
563.25	564.75	SWSP;0.878
571.00	572.00	SWSP;0.932
578.25	579.75	SWSP;0.899
585.75	586.75	SWSP;0.933
593.25	593.75	SWSP;0.798
215.50	215.75	TEWA;0.544
360.50	361.25	TEWA;0.805
375.00	375.75	TEWA;0.784
417.25	417.50	TEWA;0.598
431.50	431.75	TEWA;0.561
481.00	481.50	TEWA;0.619
562.25	563.00	TEWA;0.792
599.25	599.50	TEWA;0.557
7.50	8.00	WCSP;0.627
53.00	53.50	WCSP;0.800
56.25	57.25	WCSP;0.792
61.50	61.75	WCSP;0.635
62.50	62.75	WCSP;0.516
70.50	70.75	WCSP;0.515
73.25	75.00	WCSP;0.787
338.25	338.50	WCSP;0.676
367.50	368.50	WCSP;0.763
476.50	476.75	WEFL;0.555
54.50	55.00	WTSP;0.718
63.75	64.00	WTSP;0.519
381.50	382.00	WTSP;0.563
137.00	137.50	YRWA;0.769
158.00	158.50	YRWA;0.581
