36.75	38.00	AMRO;0.701
255.25	256.25	AMRO;0.889
270.50	271.00	BCCH;0.664
469.75	470.00	BCCH;0.601
490.75	491.00	BCCH;0.501
576.50	576.75	BCCH;0.532
18.00	18.25	BLJA;0.543
204.50	205.00	BLJA;0.817
575.50	575.75	BLJA;0.647
99.25	99.50	BRSP;0.554
249.75	250.00	BRSP;0.730
251.25	251.75	BRSP;0.687
252.00	252.25	BRSP;0.594
253.00	253.25	BRSP;0.561
255.00	255.25	BRSP;0.874
581.25	581.50	BRSP;0.616
36.00	36.50	CHSP;0.591
63.25	63.75	CHSP;0.614
116.50	117.50	CHSP;0.890
583.50	584.00	CHSP;0.887
586.00	586.25	CHSP;0.528
122.00	122.25	CHSW;0.608
175.75	176.00	CHSW;0.515
196.25	197.25	CHSW;0.594
301.75	302.00	DEJU;0.569
437.50	437.75	DUNL;0.641
137.00	137.50	EABL;0.656
478.00	478.25	EAME;0.528
367.50	367.75	FOSP;0.860
378.00	380.00	FOSP;0.996
406.50	407.50	FOSP;0.825
420.25	422.25	FOSP;0.956
424.50	426.25	FOSP;0.996
433.50	434.00	FOSP;0.767
434.25	435.75	FOSP;0.949
447.50	450.00	FOSP;0.995
462.00	464.25	FOSP;0.997
481.50	483.75	FOSP;0.930
498.00	499.75	FOSP;0.962
515.25	517.25	FOSP;0.997
536.50	538.50	FOSP;0.987
557.00	559.00	FOSP;0.997
578.00	579.75	FOSP;0.909
105.25	105.50	GRYE;0.521
72.75	73.00	GWTE;0.508
109.00	110.25	GWTE;0.905
125.50	125.75	GWTE;0.525
255.25	255.50	GWTE;0.520
359.25	360.75	GWTE;0.816
382.50	383.50	GWTE;0.659
70.25	70.75	HASP;0.637
30.75	31.25	HETH;0.519
100.00	100.75	HETH;0.866
190.75	191.25	HETH;0.543
334.75	335.00	HETH;0.533
400.25	400.75	HETH;0.713
469.75	470.00	HETH;0.701
502.50	503.00	HETH;0.672
271.25	271.50	HEWA;0.650
14.25	14.75	LISP;0.748
64.50	65.50	LISP;0.964
268.50	269.00	LISP;0.718
301.50	302.00	LISP;0.664
427.25	428.00	LISP;0.718
442.00	442.50	LISP;0.667
458.25	458.75	LISP;0.609
475.25	476.00	LISP;0.774
544.00	545.00	LISP;0.780
554.00	554.25	LISP;0.501
502.50	503.00	MOCH;0.690
367.50	367.75	NOWA;0.719
599.25	599.50	PROW;0.555
478.00	478.25	RWBL;0.523
253.00	253.25	SAVS;0.709
579.50	579.75	SAVS;0.510
497.00	497.50	SNBU;0.690
318.75	319.00	SOSA;0.510
373.00	373.25	SOSA;0.561
253.00	253.25	SOSP;0.575
255.00	255.25	SOSP;0.564
459.75	460.00	SPPI;0.519
16.50	17.25	SWSP;0.687
108.25	109.25	SWSP;0.780
122.00	122.25	SWSP;0.506
133.25	133.75	SWSP;0.608
144.50	145.00	SWSP;0.514
155.00	156.00	SWSP;0.868
166.25	166.75	SWSP;0.744
176.00	177.00	SWSP;0.733
186.00	187.00	SWSP;0.771
196.25	196.50	SWSP;0.566
206.50	206.75	SWSP;0.533
233.25	233.50	SWSP;0.526
58.50	59.25	VATH;0.952
70.00	70.75	VATH;0.793
92.25	92.75	VATH;0.822
570.75	571.25	VATH;0.670
591.25	592.00	VATH;0.838
99.50	99.75	VESP;0.524
406.75	407.25	VESP;0.559
421.50	421.75	VESP;0.512
7.75	9.50	WCSP;0.995
28.50	30.25	WCSP;0.996
44.50	46.50	WCSP;0.994
74.25	76.00	WCSP;0.981
120.25	121.50	WCSP;0.908
140.25	142.00	WCSP;0.993
164.25	166.25	WCSP;0.994
192.50	194.50	WCSP;0.994
208.00	209.75	WCSP;0.993
234.00	235.75	WCSP;0.997
251.50	251.75	WCSP;0.664
255.00	255.25	WCSP;0.826
271.25	273.25	WCSP;0.990
285.25	286.75	WCSP;0.842
288.75	289.25	WCSP;0.917
291.00	291.50	WCSP;0.880
292.25	294.00	WCSP;0.976
298.00	298.25	WCSP;0.762
299.25	299.50	WCSP;0.691
303.00	303.25	WCSP;0.826
304.00	307.00	WCSP;0.921
307.25	308.00	WCSP;0.951
309.25	309.50	WCSP;0.846
322.00	323.00	WCSP;0.853
324.50	325.00	WCSP;0.837
369.00	369.75	WCSP;0.991
371.25	371.50	WCSP;0.732
386.75	387.50	WCSP;0.947
388.00	388.50	WCSP;0.764
422.00	422.25	WCSP;0.691
435.25	435.50	WCSP;0.668
464.00	464.25	WCSP;0.684
578.25	578.50	WCSP;0.702
579.00	579.75	WCSP;0.817
581.00	581.50	WCSP;0.865
582.75	583.00	WCSP;0.731
584.50	584.75	WCSP;0.692
585.75	586.25	WCSP;0.864
598.50	599.50	WCSP;0.956
42.25	42.75	WEME;0.646
2.00	3.00	WIWA;0.997
16.25	17.25	WIWA;0.854
39.00	40.00	WIWA;0.970
50.25	51.50	WIWA;0.935
61.50	62.75	WIWA;0.986
73.25	74.50	WIWA;0.978
85.50	86.50	WIWA;0.980
97.00	98.00	WIWA;0.851
121.75	122.00	WIWA;0.709
133.00	133.75	WIWA;0.954
144.00	145.00	WIWA;0.948
176.50	176.75	WIWA;0.685
206.25	207.00	WIWA;0.845
221.50	223.00	WIWA;0.987
233.25	233.75	WIWA;0.828
247.50	248.50	WIWA;0.987
263.50	265.00	WIWA;0.967
273.75	275.00	WIWA;0.993
283.50	284.75	WIWA;0.992
294.00	295.25	WIWA;0.993
311.25	312.75	WIWA;0.996
320.00	321.50	WIWA;0.996
330.00	331.50	WIWA;0.996
339.25	340.75	WIWA;0.995
354.25	355.75	WIWA;0.996
363.50	365.00	WIWA;0.995
373.50	375.00	WIWA;0.996
385.00	386.25	WIWA;0.991
394.50	396.00	WIWA;0.991
405.25	406.25	WIWA;0.995
414.00	415.25	WIWA;0.996
423.50	424.75	WIWA;0.981
433.75	434.50	WIWA;0.954
442.50	444.00	WIWA;0.997
454.25	455.50	WIWA;0.994
464.25	465.25	WIWA;0.996
473.00	474.50	WIWA;0.996
482.25	483.25	WIWA;0.987
491.50	493.00	WIWA;0.997
500.75	502.25	WIWA;0.996
512.00	513.50	WIWA;0.995
522.00	523.50	WIWA;0.996
531.50	533.00	WIWA;0.997
541.00	542.00	WIWA;0.997
551.25	552.75	WIWA;0.995
561.50	562.75	WIWA;0.996
573.00	574.25	WIWA;0.995
582.50	583.75	WIWA;0.982
592.00	593.25	WIWA;0.996
28.50	29.00	WTSP;0.720
50.50	54.00	WTSP;0.995
74.25	75.00	WTSP;0.879
120.00	121.00	WTSP;0.809
298.00	298.25	WTSP;0.704
299.00	299.75	WTSP;0.897
309.25	309.50	WTSP;0.785
451.25	454.25	WTSP;0.994
488.00	489.75	WTSP;0.990
507.75	510.25	WTSP;0.991
525.25	527.75	WTSP;0.996
546.25	549.00	WTSP;0.991
565.50	567.00	WTSP;0.995
585.25	588.00	WTSP;0.997
318.75	319.00	YRWA;0.524
