137.50	137.75	AMDI;0.601
39.00	39.25	AMPI;0.500
238.50	238.75	AMRO;0.516
191.50	191.75	CHSW;0.504
291.50	292.00	HETH;0.566
6.00	6.25	HOLA;0.732
55.50	55.75	HOLA;0.689
136.25	136.75	LARB;0.577
152.00	152.75	LARB;0.675
4.25	6.00	LISP;0.986
20.25	22.00	LISP;0.974
37.00	39.00	LISP;0.998
53.75	55.50	LISP;0.989
70.25	71.50	LISP;0.983
86.25	88.00	LISP;0.987
105.00	106.00	LISP;0.894
121.25	121.50	LISP;0.707
153.00	154.00	LISP;0.942
167.75	168.25	LISP;0.750
169.00	170.00	LISP;0.933
185.75	186.75	LISP;0.891
202.75	204.00	LISP;0.961
218.50	219.75	LISP;0.958
233.25	234.00	LISP;0.837
249.00	249.75	LISP;0.776
250.00	251.25	LISP;0.931
267.25	268.25	LISP;0.936
284.25	285.25	LISP;0.878
299.50	300.00	LISP;0.762
94.50	94.75	MOCH;0.591
175.50	176.00	MOCH;0.682
180.75	181.00	MOCH;0.503
181.25	181.50	MOCH;0.508
188.75	189.75	MOCH;0.648
200.75	201.25	MOCH;0.651
245.25	245.75	MOCH;0.516
258.00	258.75	MOCH;0.734
170.25	170.50	PISI;0.593
299.50	299.75	RCKI;0.537
206.25	206.75	SATH;0.684
39.00	39.25	SPPI;0.571
83.25	83.50	SWSP;0.531
222.75	223.00	WCSP;0.634
2.00	4.25	WTSP;0.987
24.25	27.00	WTSP;0.993
47.75	51.00	WTSP;0.994
71.25	74.50	WTSP;0.994
81.50	83.00	WTSP;0.983
88.25	90.00	WTSP;0.994
94.25	94.75	WTSP;0.813
102.25	104.75	WTSP;0.987
107.50	110.00	WTSP;0.994
114.75	116.75	WTSP;0.926
122.50	125.00	WTSP;0.995
127.00	129.25	WTSP;0.985
133.25	136.00	WTSP;0.991
139.50	146.75	WTSP;0.991
154.00	156.25	WTSP;0.952
162.50	164.50	WTSP;0.983
170.75	173.75	WTSP;0.991
175.50	177.25	WTSP;0.947
180.25	182.75	WTSP;0.987
188.25	190.00	WTSP;0.874
196.00	196.50	WTSP;0.778
221.50	221.75	WTSP;0.672
235.00	237.75	WTSP;0.968
244.25	246.00	WTSP;0.880
258.25	259.00	WTSP;0.914
277.75	279.75	WTSP;0.971
281.75	283.75	WTSP;0.991
292.00	293.75	WTSP;0.940
