193.50	193.75	AMRO;0.566
160.25	160.75	BRSP;0.585
161.00	161.75	BRSP;0.557
229.75	230.75	BRSP;0.742
296.00	296.25	CAFI;0.508
160.25	161.00	CCSP;0.913
203.00	204.75	CCSP;0.920
1.25	2.75	CHSP;0.821
7.00	12.50	CHSP;0.986
16.25	17.25	CHSP;0.790
19.00	20.25	CHSP;0.947
26.50	27.25	CHSP;0.863
31.75	34.25	CHSP;0.979
37.25	39.25	CHSP;0.961
43.50	43.75	CHSP;0.658
44.50	46.25	CHSP;0.958
49.50	51.50	CHSP;0.971
55.50	57.50	CHSP;0.952
62.00	64.00	CHSP;0.960
68.00	69.75	CHSP;0.972
71.00	71.50	CHSP;0.702
75.25	77.00	CHSP;0.970
81.50	84.00	CHSP;0.990
105.50	107.00	CHSP;0.943
161.75	162.75	CHSP;0.873
229.25	229.50	CHSP;0.738
97.25	98.00	DEJU;0.712
197.00	197.50	DEJU;0.557
5.25	5.50	EAME;0.565
6.00	6.25	FISP;0.598
25.50	25.75	FISP;0.555
5.25	5.50	FOSP;0.558
296.00	296.25	HOSP;0.566
246.25	246.50	LASP;0.507
168.75	169.00	LESA;0.500
66.25	66.75	LISP;0.641
89.50	90.50	LISP;0.813
101.50	103.00	LISP;0.883
113.50	114.75	LISP;0.809
127.25	128.00	LISP;0.802
139.25	140.75	LISP;0.954
152.75	153.75	LISP;0.991
166.50	168.50	LISP;0.956
179.50	180.25	LISP;0.713
192.00	193.50	LISP;0.961
204.75	206.50	LISP;0.989
231.00	232.50	LISP;0.711
269.00	270.00	LISP;0.782
270.50	271.00	LISP;0.645
282.00	283.00	LISP;0.776
292.75	293.50	LISP;0.669
148.75	149.25	PISI;0.800
159.50	159.75	RECR;0.611
29.75	30.25	ROWR;0.550
53.25	54.00	ROWR;0.948
65.75	66.50	ROWR;0.849
77.75	78.50	ROWR;0.906
113.50	114.25	ROWR;0.679
127.25	127.75	ROWR;0.584
269.00	269.50	ROWR;0.536
61.00	61.50	SOSA;0.888
108.75	109.00	SOSA;0.559
14.50	17.25	TEWA;0.973
42.00	43.00	TEWA;0.926
43.25	43.75	TEWA;0.780
69.75	71.50	TEWA;0.982
80.00	82.00	TEWA;0.983
91.00	93.25	TEWA;0.985
115.50	118.25	TEWA;0.993
128.00	131.25	TEWA;0.987
143.00	145.50	TEWA;0.996
154.00	157.00	TEWA;0.995
162.50	165.50	TEWA;0.995
171.25	174.50	TEWA;0.994
180.25	182.75	TEWA;0.967
188.00	191.25	TEWA;0.991
198.25	201.50	TEWA;0.994
207.00	210.00	TEWA;0.991
216.75	220.00	TEWA;0.995
224.25	227.75	TEWA;0.995
234.75	238.00	TEWA;0.994
242.25	245.50	TEWA;0.991
252.75	255.75	TEWA;0.990
263.75	266.50	TEWA;0.996
278.00	280.00	TEWA;0.978
285.25	287.00	TEWA;0.990
293.25	295.25	TEWA;0.975
177.25	178.00	VESP;0.734
43.00	43.25	WATA;0.526
165.25	165.75	WCSP;0.920
176.50	177.50	WCSP;0.887
185.50	186.25	WCSP;0.789
195.00	196.00	WCSP;0.742
26.50	27.00	WEWA;0.586
62.25	62.75	WEWA;0.606
85.75	86.00	WEWP;0.846
201.00	201.50	WIWA;0.614
258.25	258.75	WTSP;0.571
118.50	119.00	WWCR;0.712
221.00	221.50	WWCR;0.703
267.75	268.75	WWCR;0.832
284.50	284.75	WWCR;0.552
