8.50	9.00	AMRO;0.689
14.75	16.00	AMRO;0.847
22.50	23.50	AMRO;0.689
25.00	26.00	AMRO;0.986
31.00	32.25	AMRO;0.810
33.25	34.50	AMRO;0.821
41.25	42.25	AMRO;0.878
47.50	49.00	AMRO;0.671
49.50	49.75	AMRO;0.546
54.00	54.75	AMRO;0.729
66.25	66.75	AMRO;0.556
73.25	73.75	AMRO;0.615
86.00	86.75	AMRO;0.717
96.25	97.25	AMRO;0.732
164.75	165.25	AMRO;0.573
178.50	179.50	AMRO;0.750
195.25	195.75	AMRO;0.638
235.00	235.50	AMRO;0.517
245.25	246.25	AMRO;0.765
248.50	248.75	AMRO;0.502
275.00	275.50	AMRO;0.604
280.50	281.25	AMRO;0.530
283.75	284.75	AMRO;0.758
4.25	4.75	BAOR;0.666
297.25	297.50	BBWA;0.512
199.25	199.50	BCCH;0.508
33.00	33.25	BRSP;0.564
58.50	59.50	BRSP;0.784
186.25	186.50	CBCH;0.590
233.00	233.75	CBCH;0.772
26.00	27.00	CCSP;0.960
32.25	33.00	CCSP;0.919
46.25	47.00	CCSP;0.968
57.50	58.75	CCSP;0.917
4.50	8.75	CHSP;0.995
20.00	22.25	CHSP;0.994
29.25	31.50	CHSP;0.992
37.00	38.25	CHSP;0.972
51.25	53.75	CHSP;0.975
59.00	59.25	CHSP;0.667
60.25	62.00	CHSP;0.989
64.25	66.00	CHSP;0.974
99.25	100.00	CHSP;0.869
106.00	106.50	CHSP;0.735
116.50	116.75	CHSP;0.683
118.00	119.50	CHSP;0.976
138.50	140.25	CHSP;0.972
147.00	148.00	CHSP;0.932
151.75	152.00	CHSP;0.726
159.25	159.75	CHSP;0.870
167.25	167.75	CHSP;0.753
176.00	179.00	CHSP;0.991
187.00	188.25	CHSP;0.983
191.00	191.75	CHSP;0.936
200.00	202.25	CHSP;0.963
209.50	211.75	CHSP;0.987
219.75	222.00	CHSP;0.995
229.25	232.50	CHSP;0.996
236.25	238.75	CHSP;0.994
246.00	249.25	CHSP;0.992
256.25	259.00	CHSP;0.996
262.25	263.00	CHSP;0.799
266.75	268.75	CHSP;0.992
275.50	278.00	CHSP;0.997
284.50	288.00	CHSP;0.997
295.00	297.00	CHSP;0.996
119.00	119.50	DEJU;0.626
226.50	227.25	DEJU;0.863
228.50	229.00	DEJU;0.608
172.00	172.25	EABL;0.520
178.50	178.75	EABL;0.506
223.00	223.25	EABL;0.604
294.75	295.00	EABL;0.734
50.25	50.50	FISP;0.572
45.00	45.75	FOSP;0.922
62.25	64.00	FOSP;0.992
79.75	81.25	FOSP;0.990
103.50	105.00	FOSP;0.909
107.00	107.50	GWTE;0.660
274.25	274.50	HOSP;0.589
1.50	1.75	LISP;0.520
136.50	138.25	LISP;0.989
149.75	151.00	LISP;0.923
160.75	161.75	LISP;0.645
163.25	163.75	LISP;0.612
181.50	181.75	LISP;0.604
186.25	186.50	LISP;0.525
199.25	199.50	LISP;0.906
0.00	0.75	MOCH;0.946
111.00	111.25	PISI;0.520
130.00	130.25	PISI;0.500
15.75	16.25	RBGR;0.620
47.25	47.75	RBGR;0.727
50.75	51.00	RBGR;0.578
172.00	172.25	RBGR;0.554
268.50	269.00	RBGR;0.718
297.50	298.00	RBGR;0.618
176.00	176.25	REVI;0.617
54.75	55.00	RTHA;0.503
182.00	182.50	RUTU;0.797
182.75	183.50	RUTU;0.766
271.25	271.75	SAVS;0.605
298.25	298.75	SAVS;0.758
8.50	8.75	SBDO;0.564
12.25	13.00	SWSP;0.894
53.50	54.00	SWSP;0.685
79.00	79.50	SWSP;0.677
128.00	128.50	SWSP;0.577
232.00	232.50	SWSP;0.696
253.00	253.75	SWSP;0.847
269.00	269.25	SWSP;0.560
36.75	37.00	TOSO;0.530
129.50	130.00	TOSO;0.622
140.25	141.00	TOSO;0.940
191.00	191.25	TOSO;0.585
197.50	197.75	TOSO;0.548
11.50	12.25	VATH;0.962
19.00	20.00	VATH;0.985
39.25	39.75	VATH;0.692
89.50	91.00	VATH;0.915
101.00	102.00	VATH;0.878
117.00	118.00	VATH;0.980
132.00	133.00	VATH;0.958
142.00	142.75	VATH;0.937
145.50	146.25	VATH;0.821
157.75	159.25	VATH;0.992
162.00	162.50	VATH;0.882
170.25	170.75	VATH;0.871
174.00	175.25	VATH;0.925
188.25	189.25	VATH;0.983
207.75	209.25	VATH;0.990
216.50	217.50	VATH;0.958
269.50	269.75	VATH;0.743
281.50	282.50	VATH;0.971
286.75	287.00	VATH;0.584
291.50	292.75	VATH;0.987
0.75	1.75	WCSP;0.803
38.50	39.00	WCSP;0.714
43.75	46.00	WCSP;0.933
52.25	52.50	WCSP;0.665
59.75	60.00	WCSP;0.646
67.00	68.25	WCSP;0.960
74.75	76.25	WCSP;0.933
84.50	85.25	WCSP;0.653
92.00	93.50	WCSP;0.989
53.75	54.25	WIWA;0.779
68.25	68.50	WIWA;0.750
79.00	79.75	WIWA;0.857
89.50	89.75	WIWA;0.680
100.00	101.25	WIWA;0.988
113.50	115.00	WIWA;0.993
133.50	135.00	WIWA;0.995
143.50	144.75	WIWA;0.993
154.00	155.25	WIWA;0.977
169.00	170.25	WIWA;0.997
179.00	180.00	WIWA;0.993
189.75	191.00	WIWA;0.994
211.25	212.50	WIWA;0.992
221.75	222.75	WIWA;0.988
232.25	232.50	WIWA;0.715
235.00	236.50	WIWA;0.995
242.50	243.50	WIWA;0.983
249.75	251.00	WIWA;0.995
259.50	261.00	WIWA;0.996
269.00	270.25	WIWA;0.817
278.25	278.50	WIWA;0.737
294.25	295.00	WIWA;0.885
0.00	0.75	WTSP;0.766
6.00	7.00	WTSP;0.784
12.75	15.00	WTSP;0.911
26.50	29.50	WTSP;0.995
38.00	39.50	WTSP;0.869
39.75	41.00	WTSP;0.979
50.25	50.50	WTSP;0.685
52.00	52.75	WTSP;0.904
55.00	57.25	WTSP;0.986
59.50	60.25	WTSP;0.813
67.25	67.50	WTSP;0.667
70.00	72.50	WTSP;0.988
75.00	75.25	WTSP;0.703
84.25	86.75	WTSP;0.966
89.00	89.50	WTSP;0.775
108.25	110.75	WTSP;0.996
120.00	121.00	WTSP;0.950
124.00	127.00	WTSP;0.997
148.00	150.00	WTSP;0.995
191.50	194.75	WTSP;0.994
213.75	216.00	WTSP;0.984
264.50	267.00	WTSP;0.996
277.75	281.00	WTSP;0.986
