2.75	5.50	AMRO;0.978
11.50	13.25	AMRO;0.992
27.75	28.50	AMRO;0.821
30.00	31.50	AMRO;0.927
38.50	41.25	AMRO;0.984
51.00	52.50	AMRO;0.883
57.50	59.25	AMRO;0.980
65.00	68.25	AMRO;0.992
74.75	78.75	AMRO;0.991
89.50	92.75	AMRO;0.992
96.50	97.50	AMRO;0.873
99.25	101.50	AMRO;0.832
106.00	108.75	AMRO;0.929
118.50	120.50	AMRO;0.975
129.50	132.25	AMRO;0.990
158.50	161.25	AMRO;0.993
170.25	178.00	AMRO;0.993
184.25	190.00	AMRO;0.990
195.25	199.00	AMRO;0.993
208.25	211.50	AMRO;0.994
217.25	219.00	AMRO;0.979
231.25	232.50	AMRO;0.740
233.00	238.50	AMRO;0.996
242.75	244.75	AMRO;0.894
252.00	254.50	AMRO;0.977
258.25	260.25	AMRO;0.994
264.25	267.50	AMRO;0.996
271.00	274.50	AMRO;0.997
278.00	280.00	AMRO;0.980
286.25	286.50	AMRO;0.672
287.25	288.50	AMRO;0.859
293.50	295.25	AMRO;0.965
301.00	303.25	AMRO;0.923
304.00	304.50	AMRO;0.716
307.75	309.75	AMRO;0.957
310.25	311.25	AMRO;0.822
311.75	312.25	AMRO;0.741
316.00	320.00	AMRO;0.955
323.25	326.25	AMRO;0.980
332.25	332.75	AMRO;0.768
337.50	340.00	AMRO;0.994
345.00	347.00	AMRO;0.840
353.00	353.50	AMRO;0.735
354.00	355.75	AMRO;0.832
366.00	366.50	AMRO;0.734
373.25	375.00	AMRO;0.846
377.25	379.00	AMRO;0.806
389.25	390.75	AMRO;0.831
392.00	393.75	AMRO;0.788
403.50	405.75	AMRO;0.984
410.00	416.50	AMRO;0.996
421.00	426.75	AMRO;0.993
433.00	433.25	AMRO;0.664
440.25	444.00	AMRO;0.978
538.25	541.25	AMRO;0.981
548.25	550.25	AMRO;0.983
572.00	573.50	AMRO;0.936
574.00	576.25	AMRO;0.947
586.25	589.00	AMRO;0.962
85.25	85.50	BAOR;0.574
267.25	267.75	BAOR;0.610
319.00	319.25	BAOR;0.660
508.75	509.00	BHVI;0.652
483.00	483.75	BRSP;0.712
110.00	110.25	CATE;0.642
496.75	497.00	CATE;0.641
45.75	46.00	CHSP;0.860
483.25	483.75	CHSP;0.577
516.25	518.00	CHSP;0.774
530.00	530.75	CHSP;0.647
531.25	532.00	CHSP;0.759
544.50	548.25	CHSP;0.905
571.75	572.00	CHSP;0.555
532.00	532.25	DEJU;0.508
203.50	203.75	EABL;0.545
1.50	3.00	FOSP;0.879
6.25	8.00	FOSP;0.930
13.75	15.25	FOSP;0.984
22.00	23.75	FOSP;0.990
33.00	34.75	FOSP;0.988
38.50	38.75	FOSP;0.943
45.75	46.00	FOSP;0.807
47.00	49.25	FOSP;0.974
61.00	63.25	FOSP;0.982
72.00	73.00	FOSP;0.851
80.75	82.75	FOSP;0.990
93.25	94.50	FOSP;0.921
97.50	99.50	FOSP;0.995
110.50	112.00	FOSP;0.801
115.75	118.00	FOSP;0.994
134.50	137.25	FOSP;0.993
142.25	143.75	FOSP;0.943
152.25	154.50	FOSP;0.837
178.50	180.25	FOSP;0.982
203.00	204.25	FOSP;0.733
228.25	229.25	FOSP;0.940
244.00	246.00	FOSP;0.939
259.75	261.75	FOSP;0.955
275.25	276.75	FOSP;0.963
305.25	307.00	FOSP;0.918
327.25	328.75	FOSP;0.961
342.00	343.50	FOSP;0.951
364.25	365.75	FOSP;0.855
396.50	397.00	FOSP;0.686
431.25	433.00	FOSP;0.957
508.75	509.50	FOSP;0.903
563.00	564.75	FOSP;0.912
431.00	431.75	GCSP;0.724
132.00	132.25	GWTE;0.702
311.25	311.75	GWTE;0.606
375.75	376.00	GWTE;0.540
263.00	263.50	HOLA;0.515
304.75	305.00	HOLA;0.512
434.50	435.00	HOLA;0.875
564.25	564.75	LASP;0.746
114.00	115.00	LISP;0.887
392.25	392.50	LOSH;0.554
461.25	461.50	LOSH;0.671
179.00	179.50	OROR;0.624
275.50	276.00	OROR;0.633
327.50	328.00	OROR;0.562
364.25	365.00	OROR;0.748
509.25	509.50	OROR;0.555
61.25	61.75	OSFL;0.589
204.25	204.75	PIGR;0.796
228.50	229.25	PIGR;0.581
496.75	497.00	PIGR;0.806
509.00	509.50	PIGR;0.525
3.25	4.00	PISI;0.982
5.50	6.25	PISI;0.975
9.25	10.25	PISI;0.985
11.00	12.00	PISI;0.991
15.00	15.75	PISI;0.911
16.00	19.50	PISI;0.996
19.75	21.75	PISI;0.992
24.50	33.00	PISI;0.998
33.50	34.00	PISI;0.889
34.75	37.75	PISI;0.993
43.25	43.50	PISI;0.688
49.75	51.00	PISI;0.970
241.75	242.00	PISI;0.847
247.75	250.00	PISI;0.987
255.50	258.50	PISI;0.969
266.75	267.25	PISI;0.729
267.50	272.00	PISI;0.996
272.75	273.50	PISI;0.893
273.75	275.50	PISI;0.996
277.75	301.00	PISI;0.997
303.00	304.25	PISI;0.882
304.50	305.00	PISI;0.755
313.25	315.00	PISI;0.995
317.75	318.00	PISI;0.692
318.50	319.00	PISI;0.782
319.75	323.75	PISI;0.995
324.50	325.50	PISI;0.935
329.25	330.25	PISI;0.993
331.00	331.25	PISI;0.770
332.50	334.25	PISI;0.999
335.00	337.50	PISI;0.995
337.75	338.25	PISI;0.747
339.75	341.75	PISI;0.988
344.25	344.75	PISI;0.765
345.25	345.75	PISI;0.735
346.75	351.25	PISI;0.995
351.50	353.00	PISI;0.988
353.25	359.50	PISI;0.993
360.00	364.25	PISI;0.989
366.50	367.25	PISI;0.824
368.75	374.25	PISI;0.994
378.00	378.50	PISI;0.756
378.75	380.75	PISI;0.996
381.25	396.25	PISI;0.996
397.50	403.25	PISI;0.987
405.75	406.25	PISI;0.769
428.00	428.75	PISI;0.846
430.00	430.75	PISI;0.952
435.50	436.25	PISI;0.945
439.50	440.00	PISI;0.761
445.50	446.50	PISI;0.982
447.50	448.25	PISI;0.972
449.00	451.25	PISI;0.996
452.75	453.50	PISI;0.918
555.25	562.25	PISI;0.992
562.50	563.25	PISI;0.922
565.00	570.75	PISI;0.990
571.25	571.50	PISI;0.666
572.25	584.00	PISI;0.992
584.50	586.75	PISI;0.997
587.00	600.00	PISI;0.993
7.50	7.75	PUFI;0.513
351.25	351.50	RUBL;0.580
76.00	76.25	RUGR;0.527
212.00	214.00	RUGR;0.612
282.50	283.25	RUGR;0.711
284.00	285.75	RUGR;0.774
286.75	287.25	RUGR;0.515
334.75	335.75	RUGR;0.681
413.00	414.25	RUGR;0.756
415.25	419.00	RUGR;0.813
419.25	420.00	RUGR;0.552
467.50	467.75	RUGR;0.559
475.00	475.50	RUGR;0.647
520.00	522.00	RUGR;0.864
523.25	523.75	RUGR;0.565
508.00	508.25	RWBL;0.505
5.25	5.75	SATH;0.616
59.00	59.25	SATH;0.551
67.25	67.50	SATH;0.511
97.00	97.75	SATH;0.698
106.25	106.50	SATH;0.593
171.50	172.00	SATH;0.707
173.00	173.50	SATH;0.666
189.00	189.25	SATH;0.544
232.25	233.00	SATH;0.765
234.00	234.75	SATH;0.611
238.25	238.75	SATH;0.607
258.50	258.75	SATH;0.514
308.75	309.00	SATH;0.516
310.00	310.75	SATH;0.833
344.25	345.00	SATH;0.714
345.75	346.00	SATH;0.560
376.00	377.25	SATH;0.949
426.25	426.75	SATH;0.541
548.25	548.75	SATH;0.694
331.25	332.75	TOSO;0.724
346.00	347.00	TOSO;0.863
8.25	9.00	VESP;0.744
364.00	364.25	WAVI;0.530
223.00	224.75	WCSP;0.985
231.75	233.50	WCSP;0.976
243.00	243.50	WCSP;0.599
250.00	251.75	WCSP;0.947
335.50	336.00	WCSP;0.607
343.00	343.25	WCSP;0.518
375.00	375.75	WCSP;0.966
403.25	403.75	WCSP;0.785
410.25	411.50	WCSP;0.827
440.75	441.25	WCSP;0.779
448.25	449.00	WCSP;0.738
471.00	471.75	WCSP;0.750
481.50	482.50	WCSP;0.945
503.50	504.50	WCSP;0.873
519.25	520.50	WCSP;0.940
542.50	543.25	WCSP;0.801
552.00	553.00	WCSP;0.964
