9.50	9.75	AGOL;0.511
11.50	11.75	AGOL;0.594
19.00	19.25	AGOL;0.558
24.25	24.50	AGOL;0.535
305.00	305.25	AMWO;0.698
329.25	329.50	AMWO;0.757
319.75	320.00	ANHU;0.562
311.00	312.00	ANMU;0.816
397.25	397.50	ANMU;0.805
402.50	402.75	ANMU;0.691
152.50	152.75	ATSP;0.610
249.50	249.75	BASA;0.564
109.25	109.50	BCCH;0.580
42.25	44.50	CHSP;0.979
106.50	108.00	CHSP;0.953
44.00	44.50	DEJU;0.571
45.25	45.75	DUNL;0.868
69.75	70.00	DUNL;0.576
101.50	101.75	HETH;0.565
463.75	464.00	HETH;0.503
496.50	496.75	HETH;0.567
561.00	561.25	HETH;0.509
140.25	140.50	HOLA;0.527
300.00	300.25	HOLA;0.506
395.25	395.50	HOLA;0.546
402.50	402.75	HOLA;0.659
513.50	513.75	HOLA;0.657
585.75	586.25	HOLA;0.562
590.00	590.25	HOLA;0.509
12.25	12.75	MOCH;0.684
526.25	526.50	MOCH;0.592
19.00	19.25	PISI;0.828
21.50	21.75	PISI;0.861
24.00	24.50	PISI;0.879
88.75	89.75	PISI;0.995
93.00	94.00	PISI;0.996
103.50	104.00	PISI;0.899
112.50	113.00	PISI;0.812
282.25	283.00	PISI;0.878
290.75	291.25	PISI;0.789
297.00	297.50	PISI;0.807
297.75	299.25	PISI;0.991
301.25	303.25	PISI;0.985
304.00	304.50	PISI;0.860
306.25	306.50	PISI;0.773
308.25	309.00	PISI;0.945
311.25	311.50	PISI;0.660
313.00	313.50	PISI;0.810
315.25	316.00	PISI;0.861
317.50	317.75	PISI;0.665
318.25	319.25	PISI;0.979
324.75	325.25	PISI;0.787
341.50	342.00	PISI;0.902
398.75	399.25	PISI;0.733
469.50	470.00	PISI;0.789
492.00	498.75	PISI;0.996
499.25	500.25	PISI;0.966
511.00	511.75	PISI;0.934
513.25	514.00	PISI;0.906
557.25	557.50	PISI;0.684
558.25	559.75	PISI;0.991
586.00	586.50	PISI;0.822
587.00	588.00	PISI;0.962
589.75	590.25	PISI;0.831
1.50	1.75	RUGR;0.529
3.00	3.75	RUGR;0.612
244.25	244.75	RUGR;0.595
370.25	371.00	RUGR;0.689
371.25	371.75	RUGR;0.517
147.00	147.25	SAPH;0.693
516.00	516.75	SAVS;0.941
517.75	518.50	SAVS;0.995
520.75	521.25	SAVS;0.789
83.00	83.25	SEOW;0.537
542.00	542.50	SESA;0.684
166.75	167.00	SNBU;0.503
279.75	280.00	SPPI;0.525
12.50	13.00	WCSP;0.677
16.75	18.25	WCSP;0.993
22.75	24.00	WCSP;0.951
27.00	28.75	WCSP;0.992
37.25	39.00	WCSP;0.992
50.25	52.00	WCSP;0.990
57.50	58.75	WCSP;0.906
64.25	65.50	WCSP;0.983
80.50	82.00	WCSP;0.995
87.75	88.00	WCSP;0.831
95.25	96.25	WCSP;0.970
111.25	112.75	WCSP;0.914
120.00	120.25	WCSP;0.775
124.25	126.00	WCSP;0.878
137.00	138.50	WCSP;0.993
146.50	146.75	WCSP;0.689
148.75	150.50	WCSP;0.996
152.50	152.75	WCSP;0.894
153.50	154.00	WCSP;0.674
155.75	157.75	WCSP;0.959
161.25	163.25	WCSP;0.991
164.25	166.00	WCSP;0.996
173.00	175.00	WCSP;0.986
184.00	185.75	WCSP;0.995
187.50	189.00	WCSP;0.992
193.25	195.25	WCSP;0.993
199.50	200.50	WCSP;0.910
205.25	207.25	WCSP;0.991
212.50	214.00	WCSP;0.971
222.75	224.00	WCSP;0.972
230.25	230.75	WCSP;0.876
233.25	235.25	WCSP;0.996
263.00	265.00	WCSP;0.990
269.50	270.00	WCSP;0.827
277.50	279.00	WCSP;0.987
288.75	290.50	WCSP;0.985
292.75	293.75	WCSP;0.878
316.00	316.75	WCSP;0.950
367.00	368.50	WCSP;0.987
377.50	378.00	WCSP;0.921
393.25	394.50	WCSP;0.951
405.00	406.00	WCSP;0.879
415.00	416.25	WCSP;0.997
437.25	438.25	WCSP;0.861
450.50	451.50	WCSP;0.995
463.50	464.25	WCSP;0.786
476.25	477.00	WCSP;0.817
486.25	488.00	WCSP;0.984
490.00	491.75	WCSP;0.986
506.75	508.25	WCSP;0.964
517.00	518.00	WCSP;0.932
548.25	548.50	WCSP;0.689
561.00	561.75	WCSP;0.746
572.75	573.75	WCSP;0.887
582.75	584.75	WCSP;0.982
595.25	596.75	WCSP;0.992
9.50	9.75	WODU;0.558
21.50	21.75	WODU;0.599
124.25	124.50	WTSP;0.553
381.25	382.00	WTSP;0.734
437.25	437.50	WTSP;0.504
