143.25	143.50	AMAV;0.525
141.25	141.75	AMRO;0.540
197.50	198.00	AMRO;0.603
200.00	201.00	AMRO;0.807
212.25	216.00	AMRO;0.917
216.25	216.75	AMRO;0.550
227.25	227.75	AMRO;0.613
230.25	231.50	AMRO;0.764
240.25	241.50	AMRO;0.785
29.25	29.50	AMWO;0.527
184.00	184.25	BAOR;0.570
89.50	89.75	BHCO;0.505
140.25	140.75	BHCO;0.555
221.50	221.75	BHCO;0.563
247.75	248.00	BHCO;0.556
290.50	290.75	BHCO;0.511
297.25	298.50	BHCO;0.678
3.25	3.75	BRSP;0.611
12.75	13.50	BRSP;0.745
72.00	73.25	BRSP;0.813
98.25	98.75	BRSP;0.529
114.50	114.75	BRSP;0.520
130.25	131.50	BRSP;0.776
148.75	149.75	BRSP;0.767
158.50	159.25	BRSP;0.579
236.25	236.75	BRSP;0.561
237.00	237.50	BRSP;0.673
61.50	61.75	DEJU;0.504
171.50	171.75	EVGR;0.627
0.25	0.75	FISP;0.556
54.00	55.00	FISP;0.883
69.25	69.75	FISP;0.572
137.00	137.75	FISP;0.836
162.50	163.75	FISP;0.808
205.50	206.00	FISP;0.559
6.00	7.75	FOSP;0.967
37.25	38.50	FOSP;0.962
55.00	56.00	FOSP;0.913
63.00	63.75	FOSP;0.816
69.75	70.50	FOSP;0.866
87.75	88.50	FOSP;0.754
103.75	105.50	FOSP;0.880
137.75	138.00	FOSP;0.668
138.25	139.00	FOSP;0.839
155.00	156.75	FOSP;0.909
188.75	190.75	FOSP;0.981
202.50	205.00	FOSP;0.995
218.00	220.25	FOSP;0.995
232.75	235.00	FOSP;0.995
250.75	253.00	FOSP;0.990
256.50	257.25	FOSP;0.896
270.00	271.75	FOSP;0.835
287.75	289.75	FOSP;0.911
279.50	279.75	GADW;0.515
68.75	69.50	GCSP;0.755
188.50	188.75	GCSP;0.503
30.00	30.50	HETH;0.638
62.00	62.25	HETH;0.517
80.75	81.00	HETH;0.500
26.75	27.00	HOLA;0.542
40.25	41.00	MOCH;0.677
57.75	58.00	MOCH;0.506
153.75	154.50	MOCH;0.740
144.50	145.00	RUTU;0.949
230.00	230.25	RUTU;0.512
183.25	183.50	SBDO;0.846
87.25	87.50	SNBU;0.684
281.75	282.00	TOSO;0.612
119.75	120.25	VATH;0.799
172.00	172.50	VATH;0.669
209.25	210.00	VATH;0.845
21.50	22.00	VESP;0.678
36.75	37.00	VESP;0.543
87.25	87.75	VESP;0.611
121.25	122.00	VESP;0.850
157.25	157.50	VESP;0.525
288.50	288.75	VESP;0.521
0.50	2.75	WCSP;0.902
9.75	11.00	WCSP;0.995
13.25	15.00	WCSP;0.994
16.75	18.50	WCSP;0.989
23.50	24.00	WCSP;0.750
30.00	30.50	WCSP;0.754
33.75	34.75	WCSP;0.929
45.75	47.25	WCSP;0.997
48.50	50.00	WCSP;0.902
54.50	55.00	WCSP;0.699
63.25	63.75	WCSP;0.723
69.25	69.75	WCSP;0.747
72.25	73.50	WCSP;0.749
80.75	81.50	WCSP;0.690
84.00	85.00	WCSP;0.995
91.50	93.25	WCSP;0.996
96.25	98.00	WCSP;0.911
99.50	100.75	WCSP;0.893
108.75	110.75	WCSP;0.982
112.50	113.25	WCSP;0.865
118.25	119.00	WCSP;0.808
122.00	123.75	WCSP;0.975
129.75	130.50	WCSP;0.772
131.25	132.25	WCSP;0.872
133.25	134.50	WCSP;0.978
137.00	137.50	WCSP;0.737
142.00	143.00	WCSP;0.992
145.25	147.00	WCSP;0.991
149.50	151.00	WCSP;0.957
154.50	155.00	WCSP;0.758
159.25	160.50	WCSP;0.992
162.50	163.00	WCSP;0.821
165.75	167.75	WCSP;0.988
173.00	174.75	WCSP;0.992
178.75	180.25	WCSP;0.996
182.50	183.25	WCSP;0.804
188.25	189.75	WCSP;0.879
190.00	190.25	WCSP;0.749
193.50	195.00	WCSP;0.996
198.25	199.75	WCSP;0.943
207.75	209.00	WCSP;0.970
211.50	212.00	WCSP;0.757
215.75	217.25	WCSP;0.984
224.00	224.50	WCSP;0.775
228.00	229.75	WCSP;0.994
237.75	238.25	WCSP;0.713
242.50	244.25	WCSP;0.979
254.00	255.75	WCSP;0.979
256.75	257.00	WCSP;0.687
259.50	261.50	WCSP;0.997
270.00	271.75	WCSP;0.980
274.25	275.75	WCSP;0.976
279.50	279.75	WCSP;0.685
283.25	284.00	WCSP;0.795
288.50	289.75	WCSP;0.927
294.25	295.50	WCSP;0.914
23.25	26.00	WTSP;0.937
40.00	41.00	WTSP;0.729
99.25	100.00	WTSP;0.700
118.00	119.75	WTSP;0.740
149.50	149.75	WTSP;0.537
167.75	168.50	WTSP;0.724
182.00	182.75	WTSP;0.798
193.50	194.00	WTSP;0.539
211.25	211.75	WTSP;0.621
223.75	224.50	WTSP;0.641
237.50	238.50	WTSP;0.691
283.00	283.75	WTSP;0.704
222.50	223.25	WWCR;0.617
