266.50	266.75	ATSP;0.504
269.75	270.75	ATSP;0.710
143.00	143.50	BBWA;0.665
144.00	144.25	BBWA;0.600
146.50	146.75	BBWA;0.579
268.75	269.00	BBWA;0.736
272.50	272.75	BBWA;0.747
276.25	276.50	BBWA;0.562
141.25	141.75	CHSP;0.867
267.75	268.00	CHSP;0.524
276.25	276.50	CHSP;0.635
108.50	110.00	FOSP;0.979
241.50	242.25	MOCH;0.605
297.75	298.00	MOCH;0.516
61.25	61.50	PIGR;0.876
178.25	178.75	RUGR;0.590
179.00	179.75	RUGR;0.572
184.75	186.00	RUGR;0.774
188.75	189.75	RUGR;0.709
190.75	191.50	RUGR;0.639
196.75	197.75	RUGR;0.767
277.00	277.25	SNBU;0.610
126.75	127.00	WCSP;0.615
249.50	249.75	WCSP;0.511
257.00	257.75	WCSP;0.957
262.25	262.50	WCSP;0.639
264.50	265.75	WCSP;0.989
274.00	275.75	WCSP;0.966
282.25	283.00	WCSP;0.581
289.75	291.25	WCSP;0.981
298.00	299.00	WCSP;0.978
141.25	141.75	WEFL;0.605
201.25	201.75	WTSP;0.574
248.50	249.50	WTSP;0.769
282.25	282.50	WTSP;0.567
