51.50	51.75	BTNW;0.534
3.75	4.25	EAME;0.828
26.50	27.00	EAME;0.698
279.25	279.50	EAME;0.508
15.75	16.25	EVGR;0.844
74.50	74.75	FISP;0.535
92.25	92.50	FISP;0.553
172.00	173.00	FISP;0.697
265.50	265.75	FISP;0.512
282.50	283.50	FISP;0.673
293.50	293.75	FISP;0.512
3.75	4.25	FOSP;0.692
44.50	46.25	FOSP;0.908
54.25	56.25	FOSP;0.994
65.00	67.00	FOSP;0.993
74.50	76.00	FOSP;0.993
83.75	85.50	FOSP;0.954
93.75	95.75	FOSP;0.968
101.50	102.75	FOSP;0.920
103.75	106.25	FOSP;0.974
113.75	116.75	FOSP;0.979
125.00	126.75	FOSP;0.975
130.50	131.25	FOSP;0.978
135.00	137.00	FOSP;0.997
144.50	144.75	FOSP;0.699
147.00	149.00	FOSP;0.994
158.00	160.00	FOSP;0.936
182.50	184.75	FOSP;0.971
187.50	188.75	FOSP;0.960
195.25	197.25	FOSP;0.987
202.75	203.75	FOSP;0.963
208.75	210.50	FOSP;0.990
217.00	218.00	FOSP;0.895
220.75	223.00	FOSP;0.995
232.00	233.75	FOSP;0.898
235.75	238.00	FOSP;0.994
247.00	247.50	FOSP;0.727
248.75	250.75	FOSP;0.973
262.00	265.50	FOSP;0.997
275.00	276.75	FOSP;0.991
289.25	291.00	FOSP;0.979
78.50	78.75	GCSP;0.533
266.25	266.75	GCSP;0.556
257.00	257.25	HETH;0.511
259.00	259.75	HETH;0.816
60.75	61.00	MOCH;0.568
198.00	198.25	MOCH;0.505
247.25	247.50	PIGR;0.581
248.00	248.25	PIGR;0.585
39.25	39.75	SNBU;0.848
115.00	115.50	SNBU;0.738
188.00	188.25	SNBU;0.546
195.50	195.75	SNBU;0.530
216.75	217.00	SNBU;0.551
221.25	221.50	SNBU;0.518
74.25	74.75	VESP;0.551
187.25	187.75	VESP;0.683
6.75	8.75	WCSP;0.994
11.25	13.00	WCSP;0.989
21.25	24.00	WCSP;0.930
25.75	26.00	WCSP;0.698
37.50	38.00	WCSP;0.825
39.75	41.00	WCSP;0.987
48.00	48.50	WCSP;0.702
50.25	51.75	WCSP;0.943
58.50	59.00	WCSP;0.837
60.75	62.25	WCSP;0.997
63.75	65.00	WCSP;0.995
73.50	74.50	WCSP;0.902
85.00	86.75	WCSP;0.978
95.50	96.75	WCSP;0.909
102.25	103.00	WCSP;0.837
107.00	108.75	WCSP;0.983
116.25	116.50	WCSP;0.680
119.50	121.00	WCSP;0.952
126.25	126.50	WCSP;0.694
129.00	129.25	WCSP;0.678
131.00	131.50	WCSP;0.762
133.25	134.75	WCSP;0.968
144.50	145.00	WCSP;0.710
147.75	148.00	WCSP;0.731
152.75	154.00	WCSP;0.963
160.25	161.75	WCSP;0.975
170.75	173.00	WCSP;0.990
175.50	176.25	WCSP;0.846
192.50	193.75	WCSP;0.975
196.75	197.00	WCSP;0.683
203.00	203.75	WCSP;0.763
206.00	207.00	WCSP;0.895
217.50	220.00	WCSP;0.987
228.50	230.50	WCSP;0.989
233.25	234.50	WCSP;0.814
242.00	244.00	WCSP;0.980
252.50	253.25	WCSP;0.914
254.00	255.50	WCSP;0.996
266.25	266.75	WCSP;0.798
268.00	269.50	WCSP;0.992
274.50	274.75	WCSP;0.703
283.00	283.75	WCSP;0.870
294.25	295.75	WCSP;0.975
21.25	21.75	WTSP;0.718
36.00	37.00	WTSP;0.849
164.25	164.50	WTSP;0.518
206.00	206.25	WTSP;0.542
243.50	243.75	WTSP;0.506
253.25	254.25	WTSP;0.609
293.25	294.00	WTSP;0.700
