24.25	24.75	AMDI;0.596
183.50	183.75	AMGP;0.804
253.00	253.25	AMRO;0.597
245.75	246.25	ATSP;0.689
421.00	421.25	ATSP;0.653
457.25	458.00	ATSP;0.975
464.75	465.25	ATSP;0.838
470.25	470.50	ATSP;0.672
488.25	489.00	ATSP;0.909
301.50	301.75	BANS;0.685
589.00	589.25	BBWA;0.524
542.25	542.50	BEWR;0.562
333.75	334.00	BRSP;0.608
352.50	352.75	BRSP;0.563
451.00	451.50	BRSP;0.609
452.00	452.75	BRSP;0.611
588.25	588.50	BRSP;0.527
109.50	110.00	BWHA;0.757
439.25	439.50	CAFI;0.626
552.75	553.00	CCSP;0.545
558.25	558.50	CCSP;0.602
560.00	560.25	CCSP;0.638
561.50	561.75	CCSP;0.651
565.00	565.25	CCSP;0.688
3.50	6.75	CHSP;0.995
14.25	16.75	CHSP;0.994
19.75	20.25	CHSP;0.762
36.25	37.25	CHSP;0.878
46.00	47.50	CHSP;0.991
59.25	60.00	CHSP;0.829
63.50	64.00	CHSP;0.802
71.25	71.75	CHSP;0.745
78.25	79.00	CHSP;0.914
79.75	80.50	CHSP;0.907
84.00	85.00	CHSP;0.931
90.00	91.00	CHSP;0.940
101.25	102.00	CHSP;0.772
116.75	119.75	CHSP;0.996
183.75	184.75	CHSP;0.920
220.50	221.50	CHSP;0.855
288.25	290.25	CHSP;0.996
349.50	349.75	CHSP;0.808
445.75	446.25	CHSP;0.871
452.50	453.00	CHSP;0.816
465.00	465.25	CHSP;0.681
470.25	470.75	CHSP;0.980
472.50	475.50	CHSP;0.996
488.50	488.75	CHSP;0.739
496.50	496.75	CHSP;0.782
509.75	510.00	CHSP;0.713
567.00	570.00	CHSP;0.890
598.25	600.00	CHSP;0.996
279.25	279.75	DEJU;0.612
579.50	580.75	DEJU;0.686
581.00	581.50	DEJU;0.572
584.50	585.00	DEJU;0.583
586.00	586.25	DEJU;0.548
588.00	588.50	DEJU;0.624
592.00	592.25	DEJU;0.543
593.50	594.00	DEJU;0.592
596.25	597.00	DEJU;0.808
331.00	331.50	EAME;0.703
257.25	257.75	FISP;0.529
306.00	306.50	FISP;0.599
7.75	10.00	FOSP;0.993
17.00	19.50	FOSP;0.995
29.50	32.00	FOSP;0.989
39.00	41.00	FOSP;0.996
56.50	58.75	FOSP;0.994
95.00	95.50	FOSP;0.743
130.75	132.75	FOSP;0.993
142.25	144.75	FOSP;0.987
217.75	219.75	FOSP;0.993
228.50	231.00	FOSP;0.996
243.75	245.25	FOSP;0.982
269.00	269.75	FOSP;0.758
275.75	276.75	FOSP;0.900
283.50	284.00	FOSP;0.762
341.25	343.25	FOSP;0.963
349.25	352.00	FOSP;0.992
354.25	354.50	FOSP;0.738
372.25	372.50	FOSP;0.700
376.50	377.50	FOSP;0.969
379.50	382.00	FOSP;0.994
388.75	391.75	FOSP;0.995
400.75	403.25	FOSP;0.997
414.25	416.50	FOSP;0.996
424.25	427.25	FOSP;0.993
557.25	557.75	FOSP;0.863
572.50	573.25	FOSP;0.919
575.00	575.25	FOSP;0.805
577.00	577.75	FOSP;0.970
579.00	579.25	FOSP;0.807
582.50	582.75	FOSP;0.731
68.50	69.00	GCSP;0.552
104.25	104.50	GCSP;0.572
234.00	234.50	GCSP;0.573
243.25	243.75	GCSP;0.670
256.50	257.00	GCSP;0.816
497.75	498.25	GRSP;0.913
552.75	553.00	GRSP;0.508
555.25	555.75	GRSP;0.878
558.00	558.50	GRSP;0.913
560.00	560.25	GRSP;0.506
561.50	561.75	GRSP;0.849
563.00	563.25	GRSP;0.775
565.00	565.50	GRSP;0.919
567.00	567.50	GRSP;0.705
568.25	568.50	GRSP;0.538
561.50	561.75	GWWA;0.566
563.00	563.25	GWWA;0.611
199.00	199.50	HETH;0.776
540.75	541.00	HETH;0.656
349.50	349.75	HOFI;0.528
130.00	130.50	KILL;0.509
333.50	334.00	LARB;0.528
49.00	50.00	LISP;0.889
82.50	84.00	LISP;0.962
88.75	89.75	LISP;0.990
106.75	107.25	LISP;0.751
108.50	109.00	LISP;0.739
137.00	137.25	LISP;0.735
153.00	155.25	LISP;0.998
165.00	165.50	LISP;0.776
176.00	178.00	LISP;0.973
236.75	238.75	LISP;0.994
248.50	249.00	LISP;0.715
254.00	254.75	LISP;0.839
267.75	268.50	LISP;0.841
279.75	280.25	LISP;0.787
282.50	283.50	LISP;0.899
365.75	366.25	LISP;0.740
377.50	378.50	LISP;0.798
437.50	439.75	LISP;0.931
465.50	466.00	LISP;0.672
487.25	488.25	LISP;0.956
503.50	505.00	LISP;0.995
511.50	514.75	LISP;0.979
524.25	526.00	LISP;0.990
528.50	529.25	LISP;0.874
542.25	542.50	LISP;0.676
566.25	567.00	LISP;0.924
581.50	582.00	LISP;0.787
594.75	596.50	LISP;0.996
448.25	448.75	MAMU;0.631
495.25	495.50	MAMU;0.510
26.25	26.75	MOCH;0.791
52.25	52.75	MOCH;0.610
147.00	147.50	MOCH;0.625
171.00	171.50	MOCH;0.553
193.00	193.75	MOCH;0.638
540.50	540.75	MOCH;0.563
579.50	580.00	OCWA;0.597
580.25	580.75	OCWA;0.740
581.25	581.50	OCWA;0.556
63.00	63.25	PIGR;0.660
43.00	43.75	PISI;0.972
64.75	65.00	PISI;0.721
82.00	82.25	PISI;0.666
115.25	115.50	PISI;0.660
162.50	164.00	PISI;0.967
165.25	166.25	PISI;0.981
167.25	168.00	PISI;0.977
169.00	169.75	PISI;0.970
204.50	204.75	PISI;0.769
224.75	226.25	PISI;0.998
228.00	228.25	PISI;0.682
233.00	234.00	PISI;0.925
240.25	240.75	PISI;0.712
242.00	242.75	PISI;0.961
245.00	245.50	PISI;0.779
246.75	247.50	PISI;0.890
251.75	252.50	PISI;0.915
299.75	300.75	PISI;0.943
301.25	302.00	PISI;0.850
304.50	305.00	PISI;0.874
307.00	308.00	PISI;0.866
308.50	309.75	PISI;0.966
310.00	311.50	PISI;0.985
312.50	317.00	PISI;0.995
321.25	322.25	PISI;0.981
337.75	338.00	PISI;0.753
354.75	355.25	PISI;0.736
355.75	356.25	PISI;0.702
366.25	367.75	PISI;0.993
368.00	368.25	PISI;0.663
370.25	371.50	PISI;0.997
391.50	392.50	PISI;0.993
395.00	396.00	PISI;0.949
408.25	408.75	PISI;0.812
491.75	492.50	PISI;0.974
497.00	497.75	PISI;0.854
499.25	499.75	PISI;0.741
501.00	502.00	PISI;0.994
503.00	503.75	PISI;0.910
505.00	506.25	PISI;0.987
584.25	584.50	PROW;0.642
253.00	253.25	PUFI;0.502
329.25	329.50	PUFI;0.587
465.25	465.50	PUFI;0.507
141.25	141.50	RCKI;0.554
105.50	106.00	REVI;0.567
208.50	208.75	RUTU;0.538
333.75	334.00	SAVS;0.546
335.00	335.25	SAVS;0.671
552.75	553.00	SAVS;0.670
555.25	555.50	SAVS;0.725
182.50	182.75	SOSA;0.755
372.25	372.50	SOSP;0.578
404.00	404.50	SPPI;0.640
92.50	93.25	VATH;0.896
114.50	115.25	VATH;0.830
232.25	232.75	VATH;0.774
284.25	285.00	VATH;0.882
294.75	296.00	VATH;0.904
302.50	303.00	VATH;0.739
328.25	328.75	VATH;0.708
516.25	517.25	VATH;0.986
545.00	546.00	VATH;0.951
552.50	552.75	VATH;0.575
574.00	574.75	VATH;0.877
583.00	583.50	VATH;0.867
8.25	8.50	VESP;0.527
342.75	343.25	VESP;0.529
424.25	424.50	VESP;0.541
6.75	8.00	WCSP;0.901
21.50	23.50	WCSP;0.992
34.50	36.25	WCSP;0.995
40.75	41.00	WCSP;0.670
47.25	49.25	WCSP;0.993
60.00	62.00	WCSP;0.978
74.25	76.00	WCSP;0.954
77.75	78.25	WCSP;0.716
99.25	101.00	WCSP;0.979
104.50	105.50	WCSP;0.892
113.25	114.75	WCSP;0.835
116.25	116.50	WCSP;0.665
125.25	127.00	WCSP;0.978
139.00	140.50	WCSP;0.984
144.00	144.25	WCSP;0.661
150.25	152.25	WCSP;0.977
163.00	164.50	WCSP;0.979
175.25	176.00	WCSP;0.748
186.50	188.50	WCSP;0.993
198.75	199.75	WCSP;0.855
209.00	209.50	WCSP;0.707
210.25	212.25	WCSP;0.995
222.00	224.00	WCSP;0.992
230.50	231.00	WCSP;0.745
234.25	236.00	WCSP;0.994
247.75	250.00	WCSP;0.992
257.75	258.75	WCSP;0.931
259.25	261.50	WCSP;0.994
266.50	267.50	WCSP;0.757
269.00	270.25	WCSP;0.964
270.50	271.50	WCSP;0.807
272.00	273.50	WCSP;0.965
274.25	274.75	WCSP;0.752
285.00	286.00	WCSP;0.974
297.50	299.50	WCSP;0.996
308.25	308.50	WCSP;0.669
312.25	312.50	WCSP;0.735
316.00	316.50	WCSP;0.793
323.25	325.50	WCSP;0.995
326.50	326.75	WCSP;0.716
334.50	336.50	WCSP;0.981
338.00	338.50	WCSP;0.694
342.25	342.50	WCSP;0.670
347.75	349.75	WCSP;0.993
351.25	352.00	WCSP;0.829
352.25	352.75	WCSP;0.837
354.00	354.25	WCSP;0.666
359.75	361.75	WCSP;0.989
363.25	363.75	WCSP;0.724
373.25	374.75	WCSP;0.952
375.25	376.00	WCSP;0.797
381.50	381.75	WCSP;0.666
386.50	388.75	WCSP;0.991
391.00	391.50	WCSP;0.717
398.50	400.50	WCSP;0.992
412.25	413.50	WCSP;0.957
427.75	429.75	WCSP;0.990
433.75	434.75	WCSP;0.817
441.25	443.25	WCSP;0.973
446.50	448.00	WCSP;0.988
455.25	457.25	WCSP;0.994
466.75	467.00	WCSP;0.666
468.50	470.25	WCSP;0.991
481.50	483.50	WCSP;0.956
485.25	486.25	WCSP;0.896
492.75	494.75	WCSP;0.972
496.25	497.00	WCSP;0.970
507.50	511.50	WCSP;0.988
518.25	520.00	WCSP;0.978
521.50	523.50	WCSP;0.941
534.75	536.50	WCSP;0.941
541.25	542.00	WCSP;0.830
547.25	549.25	WCSP;0.988
553.25	553.50	WCSP;0.703
559.75	561.00	WCSP;0.975
571.25	573.00	WCSP;0.985
573.25	573.50	WCSP;0.675
582.50	582.75	WCSP;0.679
586.00	588.00	WCSP;0.985
588.75	589.50	WCSP;0.755
597.25	597.50	WCSP;0.682
421.00	421.25	WEFL;0.528
286.00	286.25	WEWP;0.615
374.50	375.25	WEWP;0.890
0.00	1.00	WTSP;0.894
6.75	7.25	WTSP;0.769
11.50	12.00	WTSP;0.780
13.00	14.25	WTSP;0.977
21.50	22.00	WTSP;0.816
25.75	27.00	WTSP;0.885
32.25	34.00	WTSP;0.982
34.25	35.00	WTSP;0.781
47.50	47.75	WTSP;0.735
50.00	53.00	WTSP;0.981
55.00	55.50	WTSP;0.742
60.00	61.00	WTSP;0.824
67.50	70.00	WTSP;0.985
74.25	74.75	WTSP;0.756
77.50	78.25	WTSP;0.813
85.00	88.25	WTSP;0.984
99.00	99.50	WTSP;0.738
102.25	104.25	WTSP;0.986
106.00	106.50	WTSP;0.730
109.50	110.00	WTSP;0.688
112.75	114.00	WTSP;0.971
116.25	116.75	WTSP;0.809
121.50	124.00	WTSP;0.993
124.25	125.50	WTSP;0.897
133.50	136.50	WTSP;0.995
137.50	139.50	WTSP;0.965
145.25	147.50	WTSP;0.983
150.50	151.00	WTSP;0.766
152.00	153.00	WTSP;0.981
156.75	160.50	WTSP;0.969
169.75	171.50	WTSP;0.898
173.00	175.50	WTSP;0.946
178.50	181.00	WTSP;0.993
186.25	187.00	WTSP;0.776
191.50	193.75	WTSP;0.912
208.50	209.25	WTSP;0.749
210.25	211.00	WTSP;0.727
222.00	223.00	WTSP;0.872
234.25	234.75	WTSP;0.738
250.00	250.75	WTSP;0.850
255.00	257.75	WTSP;0.976
263.50	267.25	WTSP;0.993
270.25	271.00	WTSP;0.827
272.00	272.50	WTSP;0.763
273.50	274.50	WTSP;0.782
274.75	275.75	WTSP;0.885
281.25	282.75	WTSP;0.957
291.25	296.00	WTSP;0.992
297.00	298.25	WTSP;0.934
302.25	303.00	WTSP;0.784
305.25	305.75	WTSP;0.778
308.00	308.75	WTSP;0.893
311.25	312.00	WTSP;0.949
316.00	316.25	WTSP;0.732
317.00	320.00	WTSP;0.992
322.00	324.00	WTSP;0.990
326.50	327.00	WTSP;0.759
328.25	331.00	WTSP;0.994
334.25	335.25	WTSP;0.891
336.50	338.00	WTSP;0.949
339.50	341.00	WTSP;0.907
343.25	344.75	WTSP;0.972
352.00	353.50	WTSP;0.877
360.00	360.50	WTSP;0.708
363.00	363.50	WTSP;0.775
367.50	370.25	WTSP;0.990
372.25	374.00	WTSP;0.942
382.25	386.00	WTSP;0.998
386.25	387.25	WTSP;0.930
392.50	395.25	WTSP;0.991
398.50	399.25	WTSP;0.770
405.50	408.00	WTSP;0.994
411.25	413.00	WTSP;0.926
418.00	419.50	WTSP;0.960
427.25	428.25	WTSP;0.818
433.75	434.50	WTSP;0.810
441.00	442.00	WTSP;0.865
455.00	456.00	WTSP;0.891
467.25	469.50	WTSP;0.951
472.00	472.50	WTSP;0.689
479.00	482.00	WTSP;0.983
485.50	487.00	WTSP;0.854
492.50	493.50	WTSP;0.839
499.00	500.00	WTSP;0.814
507.50	508.25	WTSP;0.736
518.50	519.00	WTSP;0.732
521.50	522.25	WTSP;0.803
527.00	528.50	WTSP;0.825
530.00	530.50	WTSP;0.679
531.25	535.50	WTSP;0.993
540.25	541.75	WTSP;0.753
547.00	548.00	WTSP;0.942
549.25	553.00	WTSP;0.934
554.25	554.75	WTSP;0.821
559.50	560.50	WTSP;0.765
577.75	579.75	WTSP;0.952
589.00	591.25	WTSP;0.994
38.50	39.00	WWCR;0.633
185.00	185.75	YRWA;0.791
199.50	200.25	YRWA;0.667
207.50	207.75	YRWA;0.519
214.50	215.75	YRWA;0.924
239.50	240.00	YRWA;0.602
253.50	254.00	YRWA;0.730
262.25	263.00	YRWA;0.871
271.25	271.75	YRWA;0.606
278.00	278.75	YRWA;0.916
287.25	288.00	YRWA;0.885
296.25	296.75	YRWA;0.710
325.75	326.25	YRWA;0.773
364.00	364.50	YRWA;0.606
365.75	366.00	YRWA;0.538
404.00	404.25	YRWA;0.575
431.75	432.50	YRWA;0.794
444.00	445.00	YRWA;0.959
453.50	454.00	YRWA;0.738
502.00	503.00	YRWA;0.786
563.50	564.00	YRWA;0.799
585.50	586.00	YRWA;0.824
