75.00	75.25	AMBI;0.506
4.50	6.75	AMRO;0.966
7.25	8.75	AMRO;0.875
18.25	20.75	AMRO;0.988
31.00	32.25	AMRO;0.954
36.25	38.25	AMRO;0.993
43.00	44.00	AMRO;0.912
45.75	46.75	AMRO;0.833
49.00	49.75	AMRO;0.931
51.25	52.75	AMRO;0.980
56.25	58.75	AMRO;0.992
60.25	61.25	AMRO;0.820
64.25	66.25	AMRO;0.980
70.00	73.00	AMRO;0.931
76.50	78.00	AMRO;0.943
83.25	84.75	AMRO;0.902
85.75	87.25	AMRO;0.934
88.75	90.00	AMRO;0.910
91.00	92.25	AMRO;0.914
94.50	95.25	AMRO;0.763
97.25	98.00	AMRO;0.829
100.50	102.75	AMRO;0.962
104.25	105.50	AMRO;0.865
106.00	108.75	AMRO;0.946
109.75	110.75	AMRO;0.923
114.50	116.50	AMRO;0.993
117.25	118.25	AMRO;0.882
122.00	123.75	AMRO;0.971
128.25	129.75	AMRO;0.923
134.00	134.75	AMRO;0.910
136.50	137.25	AMRO;0.735
141.50	143.00	AMRO;0.980
145.00	145.75	AMRO;0.853
146.00	147.25	AMRO;0.915
148.50	151.00	AMRO;0.985
152.50	153.00	AMRO;0.768
157.25	158.75	AMRO;0.887
160.25	161.50	AMRO;0.957
165.75	166.25	AMRO;0.689
178.00	179.00	AMRO;0.871
185.25	186.75	AMRO;0.914
188.25	189.25	AMRO;0.851
196.00	197.00	AMRO;0.991
198.25	199.00	AMRO;0.884
207.25	208.00	AMRO;0.748
216.75	218.00	AMRO;0.899
219.75	221.50	AMRO;0.970
225.50	226.75	AMRO;0.980
230.50	232.25	AMRO;0.918
246.75	248.00	AMRO;0.954
252.00	252.75	AMRO;0.797
262.75	264.25	AMRO;0.921
267.50	269.50	AMRO;0.949
272.25	274.25	AMRO;0.943
277.50	279.25	AMRO;0.981
282.50	284.50	AMRO;0.949
289.50	291.00	AMRO;0.818
292.75	294.00	AMRO;0.874
295.00	296.75	AMRO;0.964
299.00	299.50	AMRO;0.775
42.25	42.50	AMWO;0.517
197.00	197.50	AMWO;0.540
9.00	9.50	BAOR;0.687
7.50	7.75	BHGR;0.505
299.25	299.50	BHGR;0.545
63.25	64.00	BRSP;0.688
111.50	111.75	BRSP;0.540
121.50	121.75	BRSP;0.552
135.75	136.25	BRSP;0.583
144.25	144.50	BRSP;0.553
55.50	55.75	CHSP;0.537
76.25	77.75	CHSP;0.748
92.50	92.75	CHSP;0.516
121.25	122.00	CHSP;0.654
55.25	56.00	DEJU;0.684
70.25	71.00	DEJU;0.714
85.25	85.75	DEJU;0.568
92.50	93.00	DEJU;0.569
99.75	100.50	DEJU;0.594
101.25	101.50	DEJU;0.543
121.50	121.75	DEJU;0.536
128.50	129.25	DEJU;0.691
190.00	190.50	DEJU;0.665
21.50	23.75	FOSP;0.950
126.00	126.50	FOSP;0.638
154.75	156.50	FOSP;0.952
201.00	202.00	FOSP;0.862
237.00	238.50	FOSP;0.934
257.00	259.00	FOSP;0.979
284.50	286.00	FOSP;0.844
126.00	126.50	GCSP;0.635
249.50	249.75	GRCA;0.540
114.50	114.75	GWTE;0.649
129.50	129.75	GWTE;0.588
2.25	2.75	LISP;0.704
13.25	14.75	LISP;0.830
24.75	26.50	LISP;0.953
36.25	37.25	LISP;0.966
59.25	61.00	LISP;0.970
71.25	71.75	LISP;0.702
72.00	72.25	LISP;0.534
82.00	83.00	LISP;0.979
93.50	95.00	LISP;0.919
105.00	106.25	LISP;0.968
116.50	117.50	LISP;0.849
127.50	128.00	LISP;0.557
139.25	141.25	LISP;0.942
151.75	152.75	LISP;0.796
164.25	166.00	LISP;0.933
175.75	176.75	LISP;0.919
187.50	188.00	LISP;0.553
211.75	212.75	LISP;0.843
248.50	249.50	LISP;0.744
265.50	266.00	LISP;0.817
166.00	166.25	LOSH;0.523
260.50	261.00	MAMU;0.517
201.00	201.75	OROR;0.758
232.50	233.25	PISI;0.981
234.25	235.00	PISI;0.987
90.25	90.50	PUSA;0.504
13.00	13.50	ROWR;0.527
151.75	152.00	ROWR;0.564
187.25	187.75	ROWR;0.702
211.50	212.50	ROWR;0.800
224.25	224.50	ROWR;0.562
236.25	236.75	ROWR;0.764
248.50	248.75	ROWR;0.533
132.00	136.00	RUGR;0.828
31.00	31.25	SATH;0.550
42.50	43.00	SATH;0.645
45.50	46.00	SATH;0.603
64.50	64.75	SATH;0.508
65.75	66.00	SATH;0.504
89.00	89.25	SATH;0.514
92.00	92.25	SATH;0.537
120.25	120.75	SATH;0.756
169.00	169.25	SATH;0.502
178.50	179.25	SATH;0.799
195.75	196.00	SATH;0.506
207.50	207.75	SATH;0.598
221.00	221.50	SATH;0.647
103.25	103.50	SBDO;0.520
84.50	85.00	TOSO;0.656
292.50	292.75	TOSO;0.518
181.50	181.75	WATA;0.520
245.25	245.50	WATA;0.583
46.75	48.75	WCSP;0.987
118.00	119.25	WCSP;0.994
125.25	127.25	WCSP;0.841
134.50	136.00	WCSP;0.939
143.00	144.25	WCSP;0.967
153.00	154.75	WCSP;0.991
162.25	163.75	WCSP;0.980
172.25	174.25	WCSP;0.991
182.50	184.50	WCSP;0.986
192.50	194.75	WCSP;0.994
205.25	207.00	WCSP;0.990
213.75	215.25	WCSP;0.994
217.50	219.25	WCSP;0.994
228.75	230.75	WCSP;0.994
235.50	236.00	WCSP;0.771
240.50	242.00	WCSP;0.945
252.25	254.25	WCSP;0.994
263.25	265.50	WCSP;0.996
274.25	276.00	WCSP;0.990
286.25	288.00	WCSP;0.989
297.00	299.00	WCSP;0.986
137.50	138.75	WTSP;0.928
100.00	100.75	WWCR;0.632
