124.25	124.50	AMDI;0.503
533.25	533.75	AMDI;0.820
549.50	550.00	AMDI;0.549
258.00	258.50	ATSP;0.650
258.00	258.50	BBWA;0.569
136.50	136.75	BLSW;0.541
486.50	486.75	BTNW;0.500
291.25	291.75	CHSW;0.564
355.50	355.75	CHSW;0.573
384.00	384.75	CHSW;0.953
511.50	512.00	CHSW;0.775
186.00	186.50	EAME;0.531
202.25	202.75	EAME;0.566
210.00	210.50	EAME;0.710
311.00	311.75	EAME;0.908
205.25	205.50	EVGR;0.778
40.25	41.25	FISP;0.753
480.25	480.75	FISP;0.584
527.25	527.75	FISP;0.538
5.50	6.75	FOSP;0.971
22.50	23.25	FOSP;0.868
35.50	37.50	FOSP;0.995
51.25	53.25	FOSP;0.994
67.25	68.75	FOSP;0.996
109.50	111.50	FOSP;0.995
120.00	122.25	FOSP;0.996
130.00	132.00	FOSP;0.980
139.00	141.00	FOSP;0.995
150.25	152.00	FOSP;0.995
159.75	161.75	FOSP;0.994
170.25	172.25	FOSP;0.990
180.50	181.25	FOSP;0.791
190.50	192.25	FOSP;0.995
193.25	194.75	FOSP;0.966
202.00	203.75	FOSP;0.990
210.25	210.50	FOSP;0.700
219.25	221.25	FOSP;0.965
232.25	234.50	FOSP;0.995
244.00	245.50	FOSP;0.981
252.00	254.25	FOSP;0.996
311.25	311.50	FOSP;0.706
109.25	109.50	KILL;0.527
503.00	503.50	LARB;0.546
95.00	95.50	LISP;0.705
114.50	115.25	LISP;0.719
521.25	521.75	LISP;0.686
534.75	535.25	LISP;0.612
550.75	551.25	LISP;0.708
18.50	19.00	MOCH;0.735
98.75	99.00	MOCH;0.636
250.50	251.00	MOCH;0.712
325.25	326.00	MOCH;0.942
433.25	433.75	MOCH;0.544
466.50	467.00	MOCH;0.605
278.75	279.00	PIGR;0.708
187.25	187.50	PUSA;0.502
525.75	526.25	RUGR;0.585
104.50	105.00	RUTU;0.645
21.75	22.00	SAPH;0.641
193.25	193.50	SAPH;0.667
227.25	227.50	SAPH;0.779
21.75	22.00	SNBU;0.500
35.75	36.00	SNBU;0.566
67.00	68.00	SNBU;0.657
150.50	150.75	SNBU;0.672
180.50	181.00	SNBU;0.801
205.25	205.50	SNBU;0.513
562.50	563.00	SOSA;0.565
192.25	192.50	SWSP;0.521
263.75	264.25	SWSP;0.554
309.25	309.75	SWSP;0.696
319.00	319.25	SWSP;0.521
365.25	365.50	SWSP;0.603
423.25	423.50	SWSP;0.572
432.50	432.75	SWSP;0.590
443.00	443.25	SWSP;0.543
462.25	462.50	SWSP;0.538
557.25	557.75	SWSP;0.824
6.50	7.00	VESP;0.633
220.50	220.75	VESP;0.575
254.00	254.50	VESP;0.676
220.50	220.75	WCSP;0.591
229.75	230.00	WCSP;0.585
11.50	12.50	WIWA;0.945
22.00	22.50	WIWA;0.912
32.75	33.75	WIWA;0.961
43.50	44.50	WIWA;0.977
54.00	55.00	WIWA;0.941
65.00	66.00	WIWA;0.935
76.50	77.25	WIWA;0.897
88.50	89.50	WIWA;0.938
98.00	98.75	WIWA;0.895
107.00	108.00	WIWA;0.951
116.50	117.50	WIWA;0.873
126.75	127.75	WIWA;0.953
136.75	137.50	WIWA;0.928
147.00	148.25	WIWA;0.992
157.50	158.75	WIWA;0.983
172.75	174.00	WIWA;0.996
182.75	183.75	WIWA;0.985
201.25	202.00	WIWA;0.913
210.50	211.00	WIWA;0.906
219.25	219.50	WIWA;0.658
227.50	228.75	WIWA;0.990
236.25	237.25	WIWA;0.982
245.50	246.25	WIWA;0.961
263.25	264.25	WIWA;0.926
272.50	273.50	WIWA;0.971
282.00	283.00	WIWA;0.985
299.50	300.75	WIWA;0.985
318.25	319.00	WIWA;0.897
327.25	328.25	WIWA;0.916
336.25	337.50	WIWA;0.986
346.00	347.00	WIWA;0.969
365.25	365.50	WIWA;0.708
394.25	395.25	WIWA;0.993
403.50	404.75	WIWA;0.953
413.50	414.25	WIWA;0.973
422.75	423.50	WIWA;0.876
432.25	432.75	WIWA;0.825
442.50	443.25	WIWA;0.861
452.00	452.75	WIWA;0.967
461.75	462.50	WIWA;0.856
471.50	472.25	WIWA;0.946
498.25	499.25	WIWA;0.993
524.25	525.25	WIWA;0.982
542.75	543.75	WIWA;0.974
557.25	557.75	WIWA;0.814
568.75	569.75	WIWA;0.994
589.00	589.75	WIWA;0.864
598.50	598.75	WIWA;0.741
18.50	19.00	WTSP;0.712
223.25	223.75	WTSP;0.639
251.25	251.50	WTSP;0.503
281.25	281.75	WTSP;0.751
417.50	419.00	WTSP;0.899
433.25	434.75	WTSP;0.962
465.25	466.75	WTSP;0.886
480.00	481.25	WTSP;0.757
486.25	486.75	WTSP;0.579
510.25	511.00	WTSP;0.835
526.00	527.75	WTSP;0.822
558.25	559.00	WTSP;0.757
590.00	591.00	WTSP;0.888
