45.00	46.25	AMRO;0.967
58.00	58.50	AMRO;0.709
61.00	61.25	AMRO;0.715
70.75	71.50	AMRO;0.804
87.50	89.00	AMRO;0.972
92.75	93.25	AMRO;0.710
118.00	119.25	AMRO;0.925
135.50	136.25	AMRO;0.806
140.00	140.75	AMRO;0.726
171.75	172.75	AMRO;0.836
176.25	177.00	AMRO;0.834
182.75	184.25	AMRO;0.995
187.25	188.00	AMRO;0.759
194.00	196.00	AMRO;0.908
197.75	198.50	AMRO;0.758
203.25	205.00	AMRO;0.984
208.25	212.75	AMRO;0.983
216.00	216.75	AMRO;0.798
222.00	223.00	AMRO;0.844
226.50	227.50	AMRO;0.776
232.00	233.00	AMRO;0.818
233.25	233.75	AMRO;0.675
237.50	239.00	AMRO;0.976
242.50	242.75	AMRO;0.708
243.00	243.25	AMRO;0.713
247.50	249.25	AMRO;0.887
253.50	255.25	AMRO;0.926
258.25	260.00	AMRO;0.949
264.00	264.75	AMRO;0.719
265.75	267.50	AMRO;0.971
274.50	275.00	AMRO;0.750
279.00	280.00	AMRO;0.895
282.00	282.50	AMRO;0.686
287.00	288.00	AMRO;0.893
292.00	293.75	AMRO;0.942
299.50	301.00	AMRO;0.880
305.75	307.00	AMRO;0.948
309.50	311.25	AMRO;0.956
315.50	315.75	AMRO;0.661
319.75	321.25	AMRO;0.927
324.75	326.25	AMRO;0.993
332.75	334.25	AMRO;0.979
337.50	339.25	AMRO;0.799
342.50	344.00	AMRO;0.872
346.50	348.00	AMRO;0.987
351.00	352.50	AMRO;0.928
356.00	357.75	AMRO;0.985
377.75	378.25	AMRO;0.799
403.00	404.50	AMRO;0.921
408.25	410.00	AMRO;0.985
412.25	413.00	AMRO;0.814
414.75	416.25	AMRO;0.905
420.50	421.75	AMRO;0.857
424.50	427.25	AMRO;0.996
430.50	431.25	AMRO;0.821
434.75	438.50	AMRO;0.981
441.75	442.75	AMRO;0.853
447.00	449.75	AMRO;0.905
454.25	455.50	AMRO;0.934
172.50	173.00	BAOR;0.745
232.75	233.00	BAOR;0.565
328.50	329.00	BAOR;0.715
343.50	343.75	BAOR;0.611
370.25	370.50	BASA;0.543
475.50	476.00	BCCH;0.833
499.25	500.00	BCCH;0.794
543.00	543.50	BCCH;0.752
487.50	488.00	BEWR;0.639
14.75	15.25	DUNL;0.726
60.50	61.00	EABL;0.699
223.00	223.75	FISP;0.615
419.25	420.25	FISP;0.786
470.00	470.50	FISP;0.543
393.00	393.75	GWTE;0.643
532.25	532.50	HASP;0.628
57.75	58.50	HETH;0.752
396.25	396.50	HETH;0.789
460.50	461.25	HETH;0.982
463.50	464.00	HETH;0.977
467.00	468.25	HETH;0.994
475.50	476.00	HETH;0.909
479.75	480.00	HETH;0.714
483.50	484.75	HETH;0.984
487.25	488.00	HETH;0.901
491.50	492.50	HETH;0.987
499.25	500.25	HETH;0.965
503.25	504.00	HETH;0.890
506.00	508.00	HETH;0.998
510.00	511.50	HETH;0.991
513.25	514.75	HETH;0.994
523.50	524.50	HETH;0.978
526.50	528.00	HETH;0.984
532.25	533.50	HETH;0.935
535.50	537.00	HETH;0.978
539.50	540.00	HETH;0.932
543.00	544.25	HETH;0.971
552.00	553.00	HETH;0.997
558.00	559.75	HETH;0.969
563.50	564.00	HETH;0.765
80.50	80.75	LASP;0.507
95.00	95.75	LISP;0.697
126.50	127.00	LISP;0.630
158.50	159.00	LISP;0.547
190.25	190.75	LISP;0.726
206.50	207.00	LISP;0.689
239.25	239.75	LISP;0.628
255.75	256.00	LISP;0.512
288.25	288.75	LISP;0.650
304.25	304.75	LISP;0.594
515.25	515.75	LISP;0.651
531.50	532.00	LISP;0.735
547.25	547.50	LISP;0.644
392.50	392.75	MOBL;0.683
5.25	5.50	MOCH;0.553
116.00	116.75	MOCH;0.751
407.75	408.25	MOCH;0.669
506.00	506.25	MOCH;0.578
510.25	510.75	MOCH;0.562
532.50	532.75	MOCH;0.567
535.75	536.00	MOCH;0.626
558.00	558.50	MOCH;0.672
583.75	584.00	MOCH;0.548
597.50	598.00	MOCH;0.719
334.00	334.50	OSFL;0.768
403.00	403.50	RBGR;0.532
381.25	381.75	RECR;0.623
240.00	240.25	ROWR;0.535
563.50	563.75	RUBL;0.506
64.25	64.50	RUTU;0.557
486.75	487.00	RUTU;0.532
378.00	378.50	SAND;0.747
384.75	385.00	SAND;0.702
97.50	97.75	SATH;0.572
392.00	392.75	SATH;0.574
64.50	64.75	SESA;0.518
388.25	388.75	SESA;0.706
471.50	471.75	SESA;0.511
489.75	490.25	SOSA;0.674
232.50	233.00	SUTA;0.667
282.00	282.75	SUTA;0.712
328.50	329.00	SUTA;0.659
187.50	187.75	TOSO;0.583
216.25	216.75	TOSO;0.598
226.50	227.00	TOSO;0.627
271.25	272.00	TOSO;0.876
279.50	280.00	TOSO;0.569
315.25	315.75	TOSO;0.558
328.25	328.50	TOSO;0.587
487.50	487.75	TOWA;0.586
145.25	145.75	WCSP;0.948
147.50	147.75	WCSP;0.854
148.75	149.25	WCSP;0.678
150.25	150.75	WCSP;0.854
155.25	156.75	WCSP;0.978
162.75	163.25	WCSP;0.682
163.50	165.25	WCSP;0.989
181.50	183.00	WCSP;0.981
197.00	198.00	WCSP;0.972
301.25	301.50	WEBL;0.502
5.25	5.50	WEWP;0.531
5.25	5.50	WTSP;0.659
8.75	13.00	WTSP;0.995
28.25	30.75	WTSP;0.991
33.25	35.00	WTSP;0.947
49.50	50.00	WTSP;0.723
52.00	55.00	WTSP;0.994
57.75	59.25	WTSP;0.897
68.00	70.50	WTSP;0.945
81.50	86.50	WTSP;0.994
99.75	102.25	WTSP;0.991
105.50	107.00	WTSP;0.878
116.00	117.50	WTSP;0.897
142.75	145.00	WTSP;0.993
153.00	155.00	WTSP;0.987
165.50	167.50	WTSP;0.969
196.00	197.00	WTSP;0.917
221.50	223.50	WTSP;0.929
263.25	265.00	WTSP;0.923
280.25	281.75	WTSP;0.931
353.25	354.50	WTSP;0.854
364.25	364.75	WTSP;0.747
385.50	387.50	WTSP;0.982
397.00	397.50	WTSP;0.719
407.25	408.25	WTSP;0.809
418.75	420.50	WTSP;0.908
430.00	431.75	WTSP;0.945
443.00	444.00	WTSP;0.817
468.50	470.25	WTSP;0.916
479.50	481.25	WTSP;0.977
492.25	494.00	WTSP;0.963
504.25	506.00	WTSP;0.978
518.00	520.00	WTSP;0.988
532.25	532.75	WTSP;0.720
545.00	546.75	WTSP;0.938
559.25	559.75	WTSP;0.706
570.00	571.50	WTSP;0.897
583.25	584.75	WTSP;0.964
597.50	599.50	WTSP;0.989
246.00	246.25	WWCR;0.545
142.25	142.50	YRWA;0.650
