9.75	10.25	AMDI;0.581
252.75	253.00	AMGP;0.641
25.50	26.00	AMWI;0.702
2.00	2.25	BAOR;0.515
126.00	126.50	BEWR;0.676
247.50	248.00	DEJU;0.758
43.25	43.75	FISP;0.539
174.25	174.50	FISP;0.531
229.25	229.75	FISP;0.619
267.25	267.75	FISP;0.618
283.75	284.00	FISP;0.563
1.25	2.00	FOSP;0.917
7.75	9.50	FOSP;0.973
12.75	14.75	FOSP;0.991
26.25	27.50	FOSP;0.774
40.50	42.75	FOSP;0.953
47.75	48.75	FOSP;0.883
68.50	70.25	FOSP;0.979
74.00	75.00	FOSP;0.953
88.00	88.75	FOSP;0.897
92.25	94.00	FOSP;0.993
95.50	96.75	FOSP;0.932
97.75	98.75	FOSP;0.885
100.50	102.50	FOSP;0.965
113.00	113.75	FOSP;0.799
115.75	119.00	FOSP;0.978
124.00	124.25	FOSP;0.669
129.00	130.00	FOSP;0.958
140.50	141.75	FOSP;0.936
143.50	145.50	FOSP;0.986
150.50	152.75	FOSP;0.997
165.75	166.75	FOSP;0.826
168.00	170.50	FOSP;0.995
186.50	188.75	FOSP;0.995
191.00	192.75	FOSP;0.975
203.50	206.00	FOSP;0.994
222.25	224.25	FOSP;0.993
240.25	244.75	FOSP;0.992
259.00	260.00	FOSP;0.907
261.75	263.50	FOSP;0.975
270.75	271.00	FOSP;0.722
278.00	280.00	FOSP;0.993
282.75	283.00	FOSP;0.693
293.25	295.00	FOSP;0.966
7.75	8.00	GCSP;0.538
78.50	78.75	GCSP;0.524
92.25	92.50	GCSP;0.513
105.50	106.25	GCSP;0.615
177.25	177.50	GCSP;0.527
183.50	183.75	GCSP;0.500
186.50	187.00	GCSP;0.594
202.50	203.50	GCSP;0.853
213.50	214.25	GCSP;0.688
11.25	11.75	HOLA;0.603
61.25	61.75	HOLA;0.693
289.50	290.00	LARB;0.578
162.25	162.75	LASP;0.553
59.75	61.00	LISP;0.744
180.00	180.50	LISP;0.648
227.25	227.75	LISP;0.854
256.00	257.00	LISP;0.911
274.75	275.50	LISP;0.708
47.00	47.50	MAMU;0.687
120.50	120.75	MOCH;0.589
239.25	240.00	MOCH;0.738
284.50	285.00	MOCH;0.593
232.00	233.75	RUGR;0.917
234.25	235.50	RUGR;0.783
224.25	224.50	SCTA;0.537
33.00	33.25	SNBU;0.793
68.50	68.75	SNBU;0.572
101.50	101.75	SNBU;0.561
118.25	118.50	SNBU;0.508
271.50	271.75	SNBU;0.768
282.50	283.00	SNBU;0.741
5.75	6.50	VATH;0.760
17.50	18.75	VATH;0.929
20.50	21.00	VATH;0.662
34.50	35.50	VATH;0.905
50.50	51.25	VATH;0.762
55.00	56.00	VATH;0.918
58.25	58.50	VATH;0.536
70.50	71.25	VATH;0.916
81.00	81.75	VATH;0.855
90.00	90.75	VATH;0.916
96.75	97.25	VATH;0.642
104.50	105.25	VATH;0.930
109.25	110.75	VATH;0.910
137.75	139.00	VATH;0.985
164.25	165.50	VATH;0.981
189.75	190.75	VATH;0.931
196.25	196.75	VATH;0.634
221.00	222.00	VATH;0.893
234.50	236.00	VATH;0.944
248.00	249.00	VATH;0.910
264.75	265.50	VATH;0.740
295.50	296.00	VATH;0.538
42.00	42.75	VESP;0.763
73.50	74.00	VESP;0.574
150.75	151.00	VESP;0.516
162.25	162.75	VESP;0.522
244.00	244.75	VESP;0.677
46.00	46.75	WCSP;0.734
74.25	75.00	WCSP;0.694
106.00	107.00	WCSP;0.894
129.75	130.00	WCSP;0.550
142.50	143.00	WCSP;0.632
2.00	3.75	WTSP;0.813
20.25	22.50	WTSP;0.971
27.50	30.00	WTSP;0.994
35.50	39.00	WTSP;0.993
43.25	43.50	WTSP;0.689
50.25	50.75	WTSP;0.666
53.25	55.25	WTSP;0.980
55.75	59.00	WTSP;0.995
64.50	68.00	WTSP;0.993
77.75	78.75	WTSP;0.839
90.50	92.25	WTSP;0.969
105.25	106.00	WTSP;0.842
120.00	122.00	WTSP;0.957
132.00	133.00	WTSP;0.925
134.75	137.00	WTSP;0.986
145.75	149.00	WTSP;0.994
156.25	158.75	WTSP;0.943
159.50	162.25	WTSP;0.990
172.50	175.50	WTSP;0.966
180.75	183.75	WTSP;0.997
185.00	186.50	WTSP;0.898
192.75	195.75	WTSP;0.984
198.00	200.50	WTSP;0.984
202.25	203.00	WTSP;0.848
209.75	213.25	WTSP;0.990
214.00	217.00	WTSP;0.997
224.00	226.75	WTSP;0.958
231.75	234.75	WTSP;0.995
239.50	239.75	WTSP;0.658
245.25	245.75	WTSP;0.810
252.25	255.75	WTSP;0.992
263.75	264.75	WTSP;0.875
265.75	268.00	WTSP;0.956
272.00	274.25	WTSP;0.978
280.25	281.25	WTSP;0.913
284.50	284.75	WTSP;0.692
291.25	293.25	WTSP;0.972
296.00	297.00	WTSP;0.821
1.00	1.25	WWCR;0.547
