30.25	30.75	AMRO;0.613
47.00	47.25	AMRO;0.534
79.50	80.00	AMRO;0.657
85.75	86.75	AMRO;0.837
123.00	123.25	AMRO;0.540
140.00	140.50	AMRO;0.633
141.00	141.75	AMRO;0.726
151.25	152.00	AMRO;0.911
242.50	242.75	AMRO;0.505
67.00	67.75	BAOR;0.738
8.25	8.50	CHSP;0.501
134.50	134.75	CHSW;0.530
262.25	262.50	DUNL;0.536
72.25	72.75	FISP;0.586
136.75	137.00	FISP;0.606
245.00	245.25	FISP;0.560
257.00	257.50	FISP;0.658
188.75	190.00	FOSP;0.982
4.75	7.00	GCSP;0.995
21.75	23.50	GCSP;0.996
35.75	37.50	GCSP;0.997
51.25	53.00	GCSP;0.982
67.75	69.00	GCSP;0.996
80.75	81.75	GCSP;0.965
97.25	99.00	GCSP;0.994
110.25	111.25	GCSP;0.991
126.50	127.00	GCSP;0.828
143.50	145.00	GCSP;0.965
158.25	159.25	GCSP;0.962
159.50	160.00	GCSP;0.730
172.50	174.00	GCSP;0.991
202.00	203.75	GCSP;0.994
211.25	211.75	GCSP;0.689
215.25	217.00	GCSP;0.985
228.25	229.50	GCSP;0.994
242.75	243.75	GCSP;0.991
260.25	262.00	GCSP;0.990
274.25	275.75	GCSP;0.996
289.75	291.25	GCSP;0.940
27.25	27.75	GRYE;0.548
67.50	68.00	GRYE;0.580
185.50	185.75	GRYE;0.555
161.25	161.75	LASP;0.581
185.25	185.75	LEYE;0.550
235.25	235.50	LEYE;0.547
11.00	11.75	LISP;0.985
19.75	20.25	LISP;0.574
48.00	48.50	LISP;0.767
57.00	58.00	LISP;0.927
76.25	77.00	LISP;0.642
92.50	92.75	LISP;0.514
105.50	106.25	LISP;0.717
106.75	107.75	LISP;0.727
122.00	123.00	LISP;0.956
148.25	148.50	LISP;0.510
191.75	193.00	LISP;0.916
209.00	210.50	LISP;0.951
224.75	226.25	LISP;0.983
241.00	242.50	LISP;0.979
258.00	259.00	LISP;0.962
273.50	274.00	LISP;0.539
288.75	289.75	LISP;0.641
293.75	294.50	LISP;0.669
230.50	231.00	PISI;0.744
234.00	234.75	PISI;0.981
239.25	239.75	PISI;0.699
9.50	10.50	PUFI;0.706
41.00	41.75	PUFI;0.657
89.50	90.00	PUFI;0.537
191.00	191.75	PUFI;0.702
262.75	263.25	PUFI;0.664
55.75	56.00	PYNU;0.562
0.00	1.75	RCKI;0.994
9.75	11.00	RCKI;0.982
13.00	18.00	RCKI;0.992
20.25	22.00	RCKI;0.995
24.75	29.75	RCKI;0.999
32.25	33.75	RCKI;0.939
38.00	42.75	RCKI;0.998
44.75	46.25	RCKI;0.994
48.75	50.75	RCKI;0.992
53.00	54.75	RCKI;0.975
55.25	57.00	RCKI;0.985
61.00	62.75	RCKI;0.908
65.00	67.75	RCKI;0.996
69.00	70.50	RCKI;0.917
73.50	75.00	RCKI;0.869
77.00	79.25	RCKI;0.982
81.50	85.75	RCKI;0.994
88.25	89.75	RCKI;0.931
92.75	97.50	RCKI;0.997
100.00	101.50	RCKI;0.927
103.25	105.00	RCKI;0.962
107.50	110.50	RCKI;0.996
111.00	112.25	RCKI;0.987
114.00	115.75	RCKI;0.989
118.00	119.75	RCKI;0.981
122.75	126.75	RCKI;0.997
131.25	132.75	RCKI;0.973
137.50	139.25	RCKI;0.990
141.50	144.00	RCKI;0.996
145.00	146.50	RCKI;0.957
149.50	151.25	RCKI;0.995
155.00	157.75	RCKI;0.988
167.25	168.75	RCKI;0.862
175.50	178.00	RCKI;0.994
180.25	181.25	RCKI;0.937
183.75	188.00	RCKI;0.994
191.25	191.75	RCKI;0.681
193.50	198.75	RCKI;0.995
208.00	209.00	RCKI;0.766
217.25	218.00	RCKI;0.840
231.25	231.75	RCKI;0.770
248.50	248.75	RCKI;0.683
249.00	249.25	RCKI;0.668
257.25	257.75	RCKI;0.683
270.75	274.00	RCKI;0.993
276.75	278.25	RCKI;0.870
278.75	279.75	RCKI;0.772
283.25	285.00	RCKI;0.977
296.50	298.00	RCKI;0.920
289.00	289.25	ROWR;0.554
172.00	172.25	SAPH;0.597
31.75	32.00	SPSA;0.586
43.25	43.75	SWSP;0.657
116.25	116.50	SWSP;0.513
163.50	163.75	TOSO;0.597
37.25	37.75	VATH;0.576
4.50	4.75	WAVI;0.573
10.50	11.00	WAVI;0.544
62.25	62.75	WAVI;0.732
69.25	69.75	WAVI;0.541
73.75	75.00	WAVI;0.914
85.25	85.75	WAVI;0.666
88.25	88.50	WAVI;0.567
100.00	101.25	WAVI;0.733
127.00	127.25	WAVI;0.591
145.25	145.75	WAVI;0.549
217.00	217.75	WAVI;0.645
279.25	280.00	WAVI;0.753
283.25	284.00	WAVI;0.670
3.00	4.00	WCSP;0.922
50.75	51.00	WCSP;0.779
52.50	53.00	WCSP;0.769
54.75	55.00	WCSP;0.832
58.00	61.00	WCSP;0.952
61.50	61.75	WCSP;0.742
136.75	137.00	WCSP;0.550
165.00	165.75	WCSP;0.782
179.25	180.25	WCSP;0.879
204.75	205.75	WCSP;0.943
211.25	212.00	WCSP;0.744
219.50	221.00	WCSP;0.988
248.00	248.25	WCSP;0.593
290.25	290.75	WCSP;0.526
293.25	293.50	WCSP;0.629
297.25	297.50	WCSP;0.513
298.25	298.50	WCSP;0.686
299.75	300.00	WCSP;0.625
129.25	130.50	WIWA;0.997
140.00	141.00	WIWA;0.997
146.25	147.75	WIWA;0.997
153.25	154.25	WIWA;0.992
159.00	159.75	WIWA;0.971
166.00	167.50	WIWA;0.997
173.75	174.50	WIWA;0.885
181.25	182.25	WIWA;0.987
190.00	191.00	WIWA;0.981
197.25	198.50	WIWA;0.972
205.75	206.75	WIWA;0.959
212.75	214.25	WIWA;0.992
221.00	222.00	WIWA;0.994
229.25	230.25	WIWA;0.990
237.25	238.75	WIWA;0.994
243.50	244.75	WIWA;0.988
251.75	253.00	WIWA;0.959
259.25	260.00	WIWA;0.977
267.25	268.50	WIWA;0.986
275.50	276.75	WIWA;0.983
285.75	286.00	WIWA;0.706
137.00	137.25	WTSP;0.557
287.50	287.75	WTSP;0.667
90.00	90.25	YRWA;0.583
280.00	280.25	YRWA;0.509
