170.75	171.00	AMDI;0.511
63.50	64.75	AMRO;0.747
75.25	76.00	AMRO;0.698
129.00	130.00	AMRO;0.850
204.25	205.00	AMRO;0.836
94.75	95.00	BAOR;0.575
48.00	48.50	BCCH;0.549
104.25	105.00	BCCH;0.861
198.25	199.00	BCCH;0.707
105.50	105.75	BLJA;0.571
113.25	113.75	BRSP;0.862
124.75	125.00	BRSP;0.585
201.50	201.75	BRSP;0.575
235.50	236.00	CARW;0.534
72.00	72.75	CCSP;0.761
179.00	180.00	CCSP;0.921
201.50	202.00	CCSP;0.651
241.75	242.00	CCSP;0.529
5.00	6.00	CHSP;0.958
12.50	14.00	CHSP;0.985
17.75	20.00	CHSP;0.987
26.00	27.25	CHSP;0.865
32.00	34.50	CHSP;0.988
40.00	42.00	CHSP;0.959
47.00	48.00	CHSP;0.866
48.25	48.75	CHSP;0.749
54.75	56.25	CHSP;0.911
61.50	63.50	CHSP;0.972
68.00	68.75	CHSP;0.916
69.50	70.00	CHSP;0.778
73.75	76.25	CHSP;0.981
81.00	83.50	CHSP;0.985
88.75	89.00	CHSP;0.734
95.75	97.75	CHSP;0.950
103.50	104.00	CHSP;0.808
104.75	105.25	CHSP;0.813
110.00	112.25	CHSP;0.985
117.50	119.50	CHSP;0.947
125.00	126.00	CHSP;0.918
131.50	133.75	CHSP;0.986
139.00	141.00	CHSP;0.962
146.00	148.00	CHSP;0.991
153.50	154.25	CHSP;0.856
159.50	161.75	CHSP;0.951
167.00	168.75	CHSP;0.851
175.75	178.00	CHSP;0.985
185.50	187.25	CHSP;0.864
194.00	196.00	CHSP;0.969
203.00	204.75	CHSP;0.976
213.00	213.75	CHSP;0.805
221.00	223.00	CHSP;0.894
230.50	232.50	CHSP;0.852
246.50	248.50	CHSP;0.886
255.25	257.00	CHSP;0.842
265.25	266.75	CHSP;0.887
290.25	291.75	CHSP;0.907
27.00	27.50	DEJU;0.575
41.00	42.00	DEJU;0.724
47.25	47.75	DEJU;0.635
55.50	56.50	DEJU;0.759
61.50	62.00	DEJU;0.702
63.00	63.25	DEJU;0.552
83.00	83.25	DEJU;0.537
161.00	161.75	DEJU;0.617
167.25	168.00	DEJU;0.613
168.25	168.75	DEJU;0.568
177.25	178.00	DEJU;0.664
186.25	187.50	DEJU;0.812
195.25	196.00	DEJU;0.628
204.25	204.75	DEJU;0.660
213.25	213.50	DEJU;0.559
220.75	221.00	DEJU;0.519
221.25	221.75	DEJU;0.547
222.50	222.75	DEJU;0.544
231.25	232.50	DEJU;0.792
240.00	240.75	DEJU;0.761
248.25	248.50	DEJU;0.546
255.25	256.00	DEJU;0.660
256.25	257.00	DEJU;0.627
264.75	266.75	DEJU;0.706
274.25	274.75	DEJU;0.738
282.50	283.00	DEJU;0.594
139.75	140.00	EAME;0.565
206.50	206.75	FISP;0.644
66.75	67.75	FOSP;0.792
6.00	7.50	GCSP;0.985
20.00	21.75	GCSP;0.992
34.50	36.00	GCSP;0.984
47.75	49.00	GCSP;0.870
64.75	66.25	GCSP;0.991
78.00	80.00	GCSP;0.988
92.50	94.25	GCSP;0.986
104.00	105.00	GCSP;0.930
119.25	121.00	GCSP;0.986
134.00	135.50	GCSP;0.994
152.00	153.50	GCSP;0.991
172.00	173.75	GCSP;0.975
181.50	183.25	GCSP;0.994
198.00	199.50	GCSP;0.954
215.00	216.25	GCSP;0.925
228.00	229.75	GCSP;0.993
244.50	244.75	GCSP;0.722
249.00	250.50	GCSP;0.990
272.50	274.00	GCSP;0.983
295.75	297.25	GCSP;0.991
91.00	91.25	GRYE;0.505
94.75	95.25	GRYE;0.802
99.75	100.50	GRYE;0.935
68.50	69.25	HETH;0.914
109.25	109.50	HETH;0.681
50.25	50.75	KILL;0.596
22.75	23.00	LASP;0.527
8.75	9.75	LISP;0.751
85.25	86.50	LISP;0.978
115.25	116.00	LISP;0.758
130.00	131.00	LISP;0.873
143.00	144.50	LISP;0.842
156.25	157.50	LISP;0.949
169.00	170.75	LISP;0.991
183.50	184.75	LISP;0.885
197.25	197.75	LISP;0.664
211.25	212.25	LISP;0.961
224.50	225.25	LISP;0.747
238.25	239.25	LISP;0.923
252.75	253.50	LISP;0.781
267.25	268.00	LISP;0.862
105.50	106.00	MAMU;0.573
299.00	299.25	NOCA;0.539
270.25	270.50	OSFL;0.569
188.50	188.75	PISI;0.500
190.75	191.25	PISI;0.854
235.25	236.00	RCKI;0.713
6.00	6.25	RWBL;0.522
162.00	162.25	SAPH;0.612
165.25	165.75	SATH;0.605
171.50	172.00	SATH;0.665
121.00	121.50	VATH;0.656
274.00	274.25	VATH;0.557
87.25	87.50	VESP;0.568
224.00	224.75	VESP;0.672
0.25	2.50	WCSP;0.995
15.75	17.00	WCSP;0.995
24.25	25.75	WCSP;0.995
36.25	37.00	WCSP;0.901
39.25	40.00	WCSP;0.871
59.00	60.00	WCSP;0.962
68.50	69.50	WCSP;0.888
79.75	80.75	WCSP;0.907
89.25	90.75	WCSP;0.994
98.00	99.75	WCSP;0.961
113.25	113.75	WCSP;0.689
123.50	124.00	WCSP;0.821
124.75	125.00	WCSP;0.709
244.50	245.00	WCSP;0.716
250.00	251.25	WCSP;0.803
268.75	269.75	WCSP;0.897
292.00	293.75	WCSP;0.995
38.50	39.25	WTSP;0.610
59.00	59.25	WTSP;0.518
80.00	80.25	WTSP;0.525
