516.75	517.00	BAOR;0.650
108.25	108.75	BCCH;0.679
38.50	38.75	BLJA;0.579
553.75	554.00	BLOY;0.564
176.00	176.25	EATO;0.535
354.50	354.75	EATO;0.525
84.00	84.25	FISP;0.517
147.00	147.75	FISP;0.823
3.00	5.50	FOSP;0.992
9.50	10.50	FOSP;0.916
19.25	21.75	FOSP;0.992
34.00	36.00	FOSP;0.976
49.00	51.00	FOSP;0.998
62.50	63.00	FOSP;0.736
69.50	72.00	FOSP;0.997
86.25	88.50	FOSP;0.993
92.25	92.50	FOSP;0.687
103.50	106.00	FOSP;0.997
121.75	122.50	FOSP;0.822
123.00	123.75	FOSP;0.790
161.25	162.00	FOSP;0.937
166.00	168.50	FOSP;0.995
176.00	176.75	FOSP;0.912
185.50	187.75	FOSP;0.994
190.50	191.75	FOSP;0.895
205.25	207.50	FOSP;0.994
220.75	223.25	FOSP;0.994
242.75	245.00	FOSP;0.993
252.00	252.50	FOSP;0.721
259.75	262.25	FOSP;0.996
267.25	267.50	FOSP;0.678
274.75	277.00	FOSP;0.997
282.00	283.00	FOSP;0.853
296.00	298.75	FOSP;0.995
315.50	318.00	FOSP;0.998
327.00	328.25	FOSP;0.992
330.50	332.50	FOSP;0.994
340.50	341.50	FOSP;0.756
346.00	348.50	FOSP;0.994
354.50	355.25	FOSP;0.893
361.75	364.00	FOSP;0.995
379.25	381.75	FOSP;0.993
397.00	399.75	FOSP;0.992
454.25	456.25	FOSP;0.993
468.75	470.50	FOSP;0.947
547.25	548.75	FOSP;0.991
560.50	562.50	FOSP;0.975
577.75	578.50	FOSP;0.771
33.75	34.50	GCSP;0.654
57.25	57.50	GCSP;0.538
242.00	242.50	HETH;0.572
284.75	285.25	HETH;0.626
431.25	431.50	HETH;0.541
33.25	33.50	KILL;0.534
59.00	59.50	KILL;0.535
108.25	108.75	MOCH;0.684
153.75	154.00	MOCH;0.506
294.50	295.00	MOCH;0.614
405.00	405.50	MOCH;0.629
501.75	502.25	MOCH;0.658
49.00	49.50	OSFL;0.758
237.00	237.25	SAPH;0.614
160.75	161.00	SNBU;0.635
577.00	577.25	SNBU;0.532
231.25	231.50	SOSA;0.533
121.50	121.75	SPSA;0.523
5.50	6.00	SWSP;0.662
42.25	43.00	VATH;0.860
60.00	60.25	VATH;0.613
182.75	184.00	VATH;0.975
235.00	236.00	VATH;0.967
251.25	251.75	VATH;0.637
279.00	280.00	VATH;0.975
314.25	315.00	VATH;0.980
365.25	366.50	VATH;0.980
408.25	409.25	VATH;0.979
422.75	423.75	VATH;0.987
471.75	472.75	VATH;0.973
542.00	543.00	VATH;0.939
592.50	593.25	VATH;0.967
48.25	48.75	VESP;0.792
91.50	91.75	VESP;0.503
104.25	104.50	VESP;0.563
146.00	146.50	VESP;0.616
185.25	186.25	VESP;0.588
221.50	221.75	VESP;0.520
312.50	312.75	VESP;0.616
340.00	340.75	VESP;0.759
0.25	2.00	WCSP;0.897
4.75	5.25	WCSP;0.688
11.75	12.25	WCSP;0.712
13.25	15.00	WCSP;0.996
16.50	18.50	WCSP;0.993
21.00	21.25	WCSP;0.666
23.00	23.50	WCSP;0.785
24.50	26.00	WCSP;0.986
28.25	30.00	WCSP;0.990
31.25	31.75	WCSP;0.760
34.50	34.75	WCSP;0.670
35.00	35.75	WCSP;0.794
44.25	46.00	WCSP;0.995
52.25	53.25	WCSP;0.885
53.75	55.50	WCSP;0.994
56.50	57.75	WCSP;0.842
61.75	63.50	WCSP;0.786
64.50	66.25	WCSP;0.972
74.25	74.75	WCSP;0.898
76.25	78.00	WCSP;0.989
79.25	79.75	WCSP;0.771
80.50	81.00	WCSP;0.820
83.50	84.25	WCSP;0.850
88.25	90.00	WCSP;0.977
90.50	90.75	WCSP;0.677
92.00	92.75	WCSP;0.798
94.50	95.25	WCSP;0.881
99.50	101.75	WCSP;0.901
107.25	107.50	WCSP;0.666
111.50	113.50	WCSP;0.995
115.50	116.00	WCSP;0.920
116.75	119.75	WCSP;0.996
122.25	124.00	WCSP;0.982
128.00	128.75	WCSP;0.773
132.00	133.75	WCSP;0.995
143.00	144.75	WCSP;0.993
146.50	147.00	WCSP;0.801
153.75	155.50	WCSP;0.993
157.75	158.50	WCSP;0.883
166.00	166.50	WCSP;0.717
168.00	168.25	WCSP;0.679
174.00	175.50	WCSP;0.993
185.25	185.75	WCSP;0.770
191.25	191.75	WCSP;0.769
196.75	198.50	WCSP;0.996
209.25	211.00	WCSP;0.975
221.75	222.00	WCSP;0.725
223.00	223.50	WCSP;0.659
233.50	235.00	WCSP;0.997
245.25	247.00	WCSP;0.996
250.75	253.00	WCSP;0.940
255.50	257.00	WCSP;0.996
265.50	267.75	WCSP;0.995
271.50	272.00	WCSP;0.761
278.00	279.25	WCSP;0.994
285.25	285.75	WCSP;0.703
288.50	289.75	WCSP;0.952
294.75	295.00	WCSP;0.706
298.00	298.75	WCSP;0.862
301.00	302.50	WCSP;0.986
312.50	313.50	WCSP;0.840
323.25	324.75	WCSP;0.895
332.00	332.50	WCSP;0.703
336.00	337.75	WCSP;0.993
348.00	348.50	WCSP;0.695
350.25	351.75	WCSP;0.939
354.75	356.25	WCSP;0.878
375.25	376.50	WCSP;0.972
378.50	379.25	WCSP;0.913
394.50	395.75	WCSP;0.866
399.00	399.50	WCSP;0.684
430.25	431.75	WCSP;0.887
438.75	439.00	WCSP;0.660
440.25	440.75	WCSP;0.801
449.00	449.75	WCSP;0.903
452.50	452.75	WCSP;0.684
458.25	459.50	WCSP;0.910
463.00	463.50	WCSP;0.808
466.50	467.25	WCSP;0.894
473.75	475.00	WCSP;0.981
534.25	534.50	WCSP;0.665
546.25	546.75	WCSP;0.685
574.50	575.75	WCSP;0.976
12.00	12.50	WTSP;0.560
30.75	31.75	WTSP;0.661
40.50	42.25	WTSP;0.984
52.50	52.75	WTSP;0.507
53.50	53.75	WTSP;0.523
56.50	56.75	WTSP;0.527
75.25	76.50	WTSP;0.742
79.50	81.00	WTSP;0.706
84.00	84.25	WTSP;0.595
90.25	90.75	WTSP;0.594
99.50	100.50	WTSP;0.606
108.75	110.75	WTSP;0.903
119.25	120.00	WTSP;0.695
128.00	129.00	WTSP;0.794
137.25	137.75	WTSP;0.619
271.25	272.00	WTSP;0.906
343.25	343.50	WTSP;0.543
378.50	378.75	WTSP;0.539
394.00	395.00	WTSP;0.885
405.25	405.50	WTSP;0.502
417.00	418.00	WTSP;0.909
430.00	431.00	WTSP;0.704
440.25	441.75	WTSP;0.858
449.00	449.50	WTSP;0.655
452.25	453.00	WTSP;0.748
458.25	458.75	WTSP;0.552
466.50	467.00	WTSP;0.722
476.25	477.00	WTSP;0.859
534.00	534.75	WTSP;0.918
546.00	546.75	WTSP;0.717
574.50	574.75	WTSP;0.538
460.25	460.50	YRWA;0.510
