192.50	193.00	AMRO;0.609
193.50	194.25	AMRO;0.727
195.25	195.75	AMRO;0.535
216.50	217.75	AMRO;0.646
219.00	219.50	AMRO;0.600
231.00	231.75	AMRO;0.730
25.00	26.00	ATSP;0.940
160.25	160.75	ATSP;0.936
267.25	267.75	ATSP;0.549
162.50	163.00	BCCH;0.716
124.50	124.75	BFAL;0.511
158.50	158.75	BRSP;0.523
7.25	8.00	CHSP;0.953
25.25	25.50	CHSP;0.677
28.50	34.00	CHSP;0.996
35.75	36.00	CHSP;0.676
36.50	42.00	CHSP;0.996
45.25	51.50	CHSP;0.995
52.00	57.75	CHSP;0.995
59.00	61.75	CHSP;0.984
64.75	65.25	CHSP;0.867
73.00	73.75	CHSP;0.760
74.50	74.75	CHSP;0.720
79.25	79.75	CHSP;0.817
82.00	85.25	CHSP;0.963
89.50	93.00	CHSP;0.963
97.50	101.00	CHSP;0.953
102.75	103.75	CHSP;0.804
105.25	107.75	CHSP;0.944
109.75	112.50	CHSP;0.979
114.00	117.00	CHSP;0.965
117.25	119.25	CHSP;0.987
120.75	123.00	CHSP;0.928
125.00	127.25	CHSP;0.984
129.00	132.50	CHSP;0.979
133.25	135.00	CHSP;0.927
136.00	139.50	CHSP;0.993
141.00	144.25	CHSP;0.988
145.50	147.25	CHSP;0.940
147.75	151.25	CHSP;0.992
152.50	156.75	CHSP;0.988
159.50	161.75	CHSP;0.964
165.25	168.75	CHSP;0.994
171.25	174.75	CHSP;0.994
175.75	178.25	CHSP;0.989
178.50	184.50	CHSP;0.993
185.00	187.00	CHSP;0.992
188.00	189.75	CHSP;0.978
192.25	194.00	CHSP;0.978
197.25	199.50	CHSP;0.976
202.50	204.50	CHSP;0.956
208.00	210.25	CHSP;0.925
213.75	216.00	CHSP;0.969
219.00	221.50	CHSP;0.975
223.50	225.50	CHSP;0.956
227.75	231.00	CHSP;0.984
235.00	236.50	CHSP;0.958
241.00	243.00	CHSP;0.986
246.00	247.75	CHSP;0.961
250.25	252.75	CHSP;0.961
257.50	260.00	CHSP;0.963
263.25	265.25	CHSP;0.971
268.25	272.50	CHSP;0.994
196.00	196.50	COMU;0.519
198.75	199.00	COMU;0.537
92.50	92.75	DEJU;0.512
95.25	96.00	DEJU;0.768
103.25	103.50	DEJU;0.564
267.25	268.00	FISP;0.731
18.75	19.00	FOSP;0.659
109.00	109.25	FOSP;0.657
120.50	121.00	FOSP;0.793
131.25	131.75	FOSP;0.687
132.00	133.25	FOSP;0.991
170.25	171.25	FOSP;0.940
208.25	209.00	FOSP;0.783
209.25	209.75	FOSP;0.748
232.25	234.25	FOSP;0.991
243.50	245.75	FOSP;0.988
254.25	256.75	FOSP;0.985
266.50	266.75	FOSP;0.692
276.75	279.00	FOSP;0.992
290.25	292.50	FOSP;0.994
26.00	27.00	GCKI;0.906
268.00	268.25	GCKI;0.537
254.25	254.75	GCSP;0.617
295.25	295.75	GCSP;0.530
187.00	187.25	GWTE;0.502
220.75	221.00	GWTE;0.652
183.50	184.00	MAMU;0.803
226.00	226.25	MAMU;0.585
0.25	0.75	MOCH;0.563
35.75	36.00	PROW;0.524
6.75	7.00	SNBU;0.917
132.25	132.50	SNBU;0.596
199.50	200.00	TOSO;0.526
205.00	205.50	TOSO;0.703
215.00	215.75	TOSO;0.627
79.75	80.50	VATH;0.685
275.00	275.75	VATH;0.901
120.25	120.50	VESP;0.501
108.75	109.25	WCSP;0.577
139.75	141.00	WCSP;0.979
144.50	145.00	WCSP;0.824
156.75	157.75	WCSP;0.933
282.50	283.75	WCSP;0.767
295.75	296.75	WCSP;0.957
76.75	77.00	WEFL;0.678
72.75	73.50	WEWA;0.593
79.25	79.75	WEWA;0.786
105.50	106.00	WEWA;0.579
114.75	115.00	WEWA;0.580
141.50	141.75	WEWA;0.535
202.75	203.00	WEWA;0.529
203.25	203.50	WEWA;0.500
204.00	204.25	WEWA;0.503
224.50	224.75	WEWA;0.510
225.00	225.25	WEWA;0.500
252.00	252.25	WEWA;0.554
0.00	1.75	WTSP;0.954
4.25	4.75	WTSP;0.958
8.50	11.75	WTSP;0.993
22.00	25.25	WTSP;0.995
27.25	28.50	WTSP;0.883
98.75	99.00	WTSP;0.666
184.50	185.00	WTSP;0.751
207.00	207.50	WTSP;0.732
210.00	212.25	WTSP;0.985
221.25	223.50	WTSP;0.989
236.25	239.75	WTSP;0.996
241.75	242.00	WTSP;0.806
253.00	254.25	WTSP;0.872
261.00	262.00	WTSP;0.909
265.00	267.50	WTSP;0.961
280.00	283.00	WTSP;0.990
288.50	289.75	WTSP;0.914
293.00	296.00	WTSP;0.988
297.75	299.25	WTSP;0.920
