110.50	110.75	CHSP;0.775
157.75	158.00	CHSP;0.680
245.50	246.00	CHSP;0.984
4.00	4.75	EAME;0.940
247.25	247.75	FISP;0.666
44.25	46.00	FOSP;0.984
57.00	59.00	FOSP;0.984
11.25	11.75	GCSP;0.571
110.50	110.75	GCSP;0.515
117.00	118.00	GCSP;0.827
2.50	3.00	HETH;0.593
223.25	223.75	HETH;0.749
3.25	3.50	HOLA;0.610
26.25	28.25	LISP;0.990
38.75	40.75	LISP;0.994
50.25	52.00	LISP;0.993
63.50	65.25	LISP;0.962
70.75	72.75	LISP;0.939
84.00	84.25	LISP;0.691
88.75	90.00	LISP;0.995
101.50	101.75	LISP;0.696
130.25	131.50	LISP;0.882
158.50	159.75	LISP;0.839
197.00	198.00	LISP;0.755
203.25	203.75	LISP;0.763
205.00	206.00	LISP;0.911
208.50	210.50	LISP;0.994
277.50	279.00	LISP;0.893
291.00	291.50	LISP;0.726
106.25	106.75	MOCH;0.832
217.25	217.50	MOCH;0.567
251.00	251.50	MOCH;0.557
177.75	178.25	NAWA;0.573
178.75	179.00	NAWA;0.602
179.50	179.75	NAWA;0.665
190.00	190.75	NAWA;0.671
9.75	10.00	PISI;0.518
262.75	263.50	PISI;0.816
263.75	266.00	PISI;0.972
269.00	269.25	PISI;0.505
271.00	271.75	PISI;0.994
275.50	276.25	PISI;0.971
17.50	17.75	PYNU;0.504
129.50	130.50	RUGR;0.684
131.25	132.00	RUGR;0.650
219.25	219.75	RUTU;0.537
37.00	37.25	SAPH;0.549
279.00	279.25	SNBU;0.514
186.00	186.25	SPPI;0.531
182.25	183.00	VASW;0.778
85.25	85.50	VESP;0.577
178.75	179.00	VESP;0.529
179.50	179.75	VESP;0.546
136.25	136.50	WATA;0.531
2.50	3.00	WCSP;0.817
11.00	13.50	WCSP;0.990
22.75	23.00	WCSP;0.678
24.75	25.50	WCSP;0.704
52.00	53.00	WCSP;0.911
65.00	67.00	WCSP;0.990
76.25	78.25	WCSP;0.991
90.50	91.75	WCSP;0.958
102.50	104.25	WCSP;0.963
110.50	110.75	WCSP;0.798
113.50	116.00	WCSP;0.987
120.25	121.75	WCSP;0.955
122.50	122.75	WCSP;0.815
124.50	124.75	WCSP;0.831
126.50	128.50	WCSP;0.996
139.00	141.00	WCSP;0.943
148.50	149.00	WCSP;0.817
150.50	151.75	WCSP;0.784
156.75	157.75	WCSP;0.877
161.50	163.00	WCSP;0.982
163.50	164.75	WCSP;0.915
174.25	175.75	WCSP;0.921
178.25	180.50	WCSP;0.962
181.75	182.25	WCSP;0.765
186.00	186.25	WCSP;0.742
187.25	189.00	WCSP;0.989
189.25	190.00	WCSP;0.868
190.25	190.75	WCSP;0.747
191.00	192.00	WCSP;0.753
195.25	196.50	WCSP;0.992
199.75	200.00	WCSP;0.680
200.50	202.25	WCSP;0.991
211.50	212.75	WCSP;0.828
228.75	229.50	WCSP;0.810
231.50	232.75	WCSP;0.796
234.75	236.25	WCSP;0.918
242.00	243.75	WCSP;0.935
247.50	249.00	WCSP;0.978
259.75	261.50	WCSP;0.961
273.50	273.75	WCSP;0.691
285.00	286.25	WCSP;0.832
292.25	292.75	WCSP;0.742
296.50	298.00	WCSP;0.994
299.75	300.00	WCSP;0.775
151.75	152.00	WEWP;0.666
224.50	224.75	WEWP;0.683
24.00	25.00	WTSP;0.926
37.50	38.50	WTSP;0.851
61.00	61.50	WTSP;0.801
65.25	65.50	WTSP;0.502
69.50	69.75	WTSP;0.577
90.25	90.75	WTSP;0.822
102.25	103.00	WTSP;0.849
106.25	106.75	WTSP;0.693
116.00	116.50	WTSP;0.733
118.50	119.00	WTSP;0.707
120.25	120.50	WTSP;0.509
125.00	127.00	WTSP;0.876
129.00	129.50	WTSP;0.669
137.00	139.25	WTSP;0.952
143.00	144.25	WTSP;0.807
148.50	149.25	WTSP;0.760
150.00	151.00	WTSP;0.853
156.75	157.25	WTSP;0.572
161.00	161.75	WTSP;0.821
170.75	171.50	WTSP;0.728
174.00	174.75	WTSP;0.777
179.00	179.25	WTSP;0.508
186.50	186.75	WTSP;0.547
199.50	200.75	WTSP;0.935
211.50	212.00	WTSP;0.522
217.25	217.50	WTSP;0.597
249.25	250.00	WTSP;0.889
250.25	251.00	WTSP;0.629
254.00	256.00	WTSP;0.946
260.25	260.50	WTSP;0.526
267.25	269.00	WTSP;0.957
273.25	274.00	WTSP;0.793
285.25	285.50	WTSP;0.569
287.00	288.50	WTSP;0.904
292.00	293.00	WTSP;0.854
13.25	13.50	YRWA;0.519
172.75	173.75	YRWA;0.975
193.00	194.00	YRWA;0.970
229.50	230.50	YRWA;0.868
