112.25	112.50	BCCH;0.521
83.50	83.75	BLSW;0.533
268.25	269.00	BRSP;0.761
101.25	102.00	CHSP;0.787
128.50	128.75	CHSP;0.665
214.50	214.75	CHSP;0.667
236.00	237.75	CHSP;0.917
253.25	253.75	CHSP;0.770
258.00	258.50	CHSP;0.719
275.25	275.50	CHSP;0.674
286.50	290.75	CHSP;0.996
323.25	327.50	CHSP;0.995
338.75	341.75	CHSP;0.963
349.00	349.50	CHSP;0.921
350.75	353.00	CHSP;0.924
361.75	364.25	CHSP;0.996
368.00	368.75	CHSP;0.767
376.00	377.75	CHSP;0.920
384.75	388.00	CHSP;0.996
410.50	413.50	CHSP;0.996
414.00	414.75	CHSP;0.750
428.75	429.25	CHSP;0.925
432.25	432.75	CHSP;0.691
447.25	447.75	CHSP;0.678
486.25	486.75	CHSP;0.688
496.50	498.00	CHSP;0.902
510.00	510.50	CHSP;0.684
512.25	512.75	CHSP;0.767
524.00	524.50	CHSP;0.708
555.50	556.00	CHSP;0.741
563.00	564.00	CHSP;0.773
570.75	571.00	CHSP;0.664
589.25	589.50	CHSP;0.660
590.00	591.50	CHSP;0.900
228.25	228.75	CHSW;0.655
530.25	530.50	CHSW;0.556
280.00	280.25	CONI;0.629
96.75	97.00	EAPH;0.564
434.25	434.50	EVGR;0.641
536.00	536.25	EVGR;0.546
4.75	7.75	FOSP;0.996
11.25	13.25	FOSP;0.993
19.25	22.25	FOSP;0.997
27.75	29.75	FOSP;0.992
37.00	40.00	FOSP;0.992
43.25	45.50	FOSP;0.996
55.25	58.25	FOSP;0.997
72.25	75.00	FOSP;0.993
102.50	105.00	FOSP;0.996
135.25	138.00	FOSP;0.996
150.75	153.50	FOSP;0.996
167.75	170.25	FOSP;0.996
191.00	193.25	FOSP;0.995
210.50	213.50	FOSP;0.997
231.50	234.50	FOSP;0.997
236.50	238.25	FOSP;0.875
268.75	269.00	FOSP;0.673
277.25	277.50	FOSP;0.755
300.50	302.50	FOSP;0.995
321.00	322.75	FOSP;0.922
339.00	341.25	FOSP;0.911
353.75	355.75	FOSP;0.970
358.25	360.25	FOSP;0.927
367.25	368.00	FOSP;0.842
372.00	374.00	FOSP;0.996
381.75	383.75	FOSP;0.996
393.75	396.00	FOSP;0.996
402.75	403.00	FOSP;0.749
405.75	408.00	FOSP;0.995
443.50	446.00	FOSP;0.996
551.25	552.00	FOSP;0.847
557.25	557.50	FOSP;0.677
594.00	594.50	FOSP;0.775
172.75	173.25	GCSP;0.587
402.75	403.00	GCSP;0.570
139.00	139.50	HETH;0.628
371.50	372.00	HOFI;0.818
42.50	42.75	KILL;0.504
175.50	176.00	LARB;0.538
537.25	537.75	LBCU;0.738
160.50	160.75	LBDO;0.595
49.25	50.50	LISP;0.984
240.25	241.00	LISP;0.632
379.25	380.50	LISP;0.849
419.00	420.25	LISP;0.979
468.25	468.50	LISP;0.626
505.75	506.50	LISP;0.632
208.00	208.75	MOCH;0.758
218.00	218.50	MOCH;0.528
219.00	219.50	MOCH;0.653
293.25	293.75	MOCH;0.642
573.00	573.25	MOCH;0.510
180.50	180.75	NAWA;0.553
249.00	249.50	NAWA;0.646
451.75	452.00	OCWA;0.507
54.50	54.75	PISI;0.681
61.00	67.75	PISI;0.997
86.00	88.75	PISI;0.982
89.50	89.75	PISI;0.679
90.25	90.75	PISI;0.785
96.75	97.75	PISI;0.993
111.75	112.00	PISI;0.783
283.00	284.00	PISI;0.996
285.00	285.75	PISI;0.976
315.00	316.25	PISI;0.984
328.25	329.25	PISI;0.996
329.50	331.00	PISI;0.975
331.75	333.25	PISI;0.969
346.25	348.50	PISI;0.991
356.00	358.00	PISI;0.991
437.75	438.25	PISI;0.783
459.50	460.00	PISI;0.818
463.25	463.75	PISI;0.858
471.25	472.00	PISI;0.963
558.25	559.00	PISI;0.962
560.00	560.75	PISI;0.929
568.25	569.00	PISI;0.991
573.25	574.00	PISI;0.995
578.25	578.50	PISI;0.748
586.00	587.25	PISI;0.996
587.75	589.00	PISI;0.998
591.25	592.25	PISI;0.999
595.75	596.50	PISI;0.981
598.00	598.50	PISI;0.927
162.25	162.50	PUFI;0.568
285.25	285.50	REDP;0.527
404.00	408.00	RUGR;0.830
593.25	593.50	SAPH;0.540
269.75	270.25	SAVS;0.700
433.50	433.75	SNBU;0.525
593.25	593.50	SNBU;0.624
72.25	72.50	SOSP;0.521
190.50	190.75	SOSP;0.507
268.50	269.00	SOSP;0.754
501.25	502.00	SOSP;0.777
585.25	585.75	SOSP;0.521
129.25	129.75	SPSA;0.734
2.00	3.25	SWSP;0.644
9.75	10.25	SWSP;0.583
17.00	18.25	SWSP;0.864
36.25	37.00	SWSP;0.694
45.50	45.75	SWSP;0.538
51.25	51.75	SWSP;0.668
52.75	54.25	SWSP;0.952
69.00	69.75	SWSP;0.618
76.00	77.75	SWSP;0.971
84.25	85.00	SWSP;0.837
91.25	92.75	SWSP;0.681
109.25	110.00	SWSP;0.633
176.75	177.00	SWSP;0.513
182.00	182.25	SWSP;0.605
189.25	190.50	SWSP;0.908
200.25	201.25	SWSP;0.781
229.75	230.00	SWSP;0.519
263.25	263.50	SWSP;0.617
271.75	272.50	SWSP;0.775
297.25	298.50	SWSP;0.842
398.50	399.00	SWSP;0.608
439.50	440.00	SWSP;0.562
455.00	455.50	SWSP;0.536
470.25	471.00	SWSP;0.614
495.00	495.25	SWSP;0.648
521.75	522.00	SWSP;0.516
525.00	525.25	SWSP;0.546
531.75	532.75	SWSP;0.853
68.25	68.75	TEWA;0.735
69.00	69.50	TEWA;0.726
117.75	119.25	TEWA;0.951
127.00	129.00	TEWA;0.872
146.00	146.25	TEWA;0.664
153.75	155.25	TEWA;0.847
165.00	166.50	TEWA;0.879
180.50	182.25	TEWA;0.886
196.50	199.25	TEWA;0.986
204.25	206.75	TEWA;0.989
213.75	215.50	TEWA;0.950
221.25	223.75	TEWA;0.972
228.50	230.25	TEWA;0.901
235.50	236.75	TEWA;0.817
241.50	243.25	TEWA;0.904
250.50	251.00	TEWA;0.768
256.75	258.50	TEWA;0.926
265.25	267.25	TEWA;0.983
274.00	276.50	TEWA;0.987
282.25	283.25	TEWA;0.790
287.50	289.50	TEWA;0.846
299.00	300.00	TEWA;0.778
312.50	314.75	TEWA;0.985
320.00	321.75	TEWA;0.986
327.50	328.75	TEWA;0.942
329.00	330.00	TEWA;0.978
336.25	338.25	TEWA;0.986
343.00	345.25	TEWA;0.974
350.50	352.50	TEWA;0.767
358.75	359.50	TEWA;0.721
360.00	360.75	TEWA;0.950
366.25	369.00	TEWA;0.966
374.00	376.50	TEWA;0.986
383.75	384.50	TEWA;0.933
389.50	389.75	TEWA;0.701
390.25	392.25	TEWA;0.985
397.25	399.00	TEWA;0.913
404.25	406.75	TEWA;0.971
413.00	415.25	TEWA;0.983
422.00	424.50	TEWA;0.985
431.00	433.25	TEWA;0.959
438.25	440.25	TEWA;0.960
446.00	448.00	TEWA;0.962
453.50	454.50	TEWA;0.965
455.25	456.25	TEWA;0.886
460.75	463.25	TEWA;0.971
468.75	470.75	TEWA;0.929
477.00	478.00	TEWA;0.952
478.50	479.00	TEWA;0.717
484.50	487.50	TEWA;0.987
493.00	495.00	TEWA;0.948
501.75	503.00	TEWA;0.974
507.75	510.75	TEWA;0.966
515.75	517.75	TEWA;0.965
522.25	525.25	TEWA;0.954
530.50	532.00	TEWA;0.919
538.50	539.25	TEWA;0.803
545.25	548.00	TEWA;0.987
553.50	556.50	TEWA;0.976
561.50	564.00	TEWA;0.952
569.00	570.25	TEWA;0.991
571.00	572.00	TEWA;0.915
575.50	578.25	TEWA;0.983
583.25	584.25	TEWA;0.956
585.50	586.00	TEWA;0.807
592.00	594.00	TEWA;0.975
598.75	600.00	TEWA;0.982
529.00	529.50	TOSO;0.749
29.00	29.75	VESP;0.747
322.00	322.75	VESP;0.719
338.50	338.75	VESP;0.633
405.25	406.00	VESP;0.683
445.25	446.00	VESP;0.641
29.25	30.00	WCSP;0.776
32.50	34.25	WCSP;0.930
39.00	39.50	WCSP;0.680
44.50	45.25	WCSP;0.681
67.50	68.00	WCSP;0.793
80.25	82.00	WCSP;0.840
93.50	94.50	WCSP;0.950
106.75	108.25	WCSP;0.878
119.50	120.00	WCSP;0.697
132.00	133.25	WCSP;0.982
146.50	148.50	WCSP;0.974
185.00	186.75	WCSP;0.983
197.75	198.00	WCSP;0.755
230.50	231.00	WCSP;0.747
244.25	244.75	WCSP;0.735
255.25	256.50	WCSP;0.971
266.75	268.25	WCSP;0.932
278.50	279.75	WCSP;0.950
290.50	292.00	WCSP;0.977
293.75	294.50	WCSP;0.755
348.75	349.25	WCSP;0.869
355.00	355.50	WCSP;0.706
369.75	371.00	WCSP;0.930
393.50	393.75	WCSP;0.719
428.75	431.00	WCSP;0.952
440.50	442.75	WCSP;0.996
454.50	454.75	WCSP;0.681
465.25	467.25	WCSP;0.993
478.25	478.50	WCSP;0.673
479.00	479.75	WCSP;0.842
488.50	489.25	WCSP;0.799
489.75	490.50	WCSP;0.771
500.25	501.25	WCSP;0.903
526.75	528.75	WCSP;0.932
539.25	540.00	WCSP;0.898
549.25	552.00	WCSP;0.993
557.25	557.75	WCSP;0.854
559.25	560.00	WCSP;0.761
581.50	582.00	WCSP;0.723
584.25	585.50	WCSP;0.822
594.25	595.75	WCSP;0.979
596.50	598.00	WCSP;0.994
161.00	161.25	WEWP;0.548
463.00	463.25	WIWA;0.566
0.00	2.00	WTSP;0.955
3.25	4.50	WTSP;0.937
7.75	9.00	WTSP;0.973
18.25	19.00	WTSP;0.887
32.25	33.00	WTSP;0.803
67.50	68.25	WTSP;0.913
80.25	81.50	WTSP;0.839
90.75	92.25	WTSP;0.901
94.00	94.50	WTSP;0.693
106.75	107.75	WTSP;0.942
112.25	116.25	WTSP;0.995
119.00	120.00	WTSP;0.961
122.25	126.75	WTSP;0.994
130.00	132.50	WTSP;0.981
133.00	135.00	WTSP;0.986
140.75	147.25	WTSP;0.995
154.75	157.75	WTSP;0.995
159.00	160.25	WTSP;0.975
171.50	172.00	WTSP;0.706
172.25	173.75	WTSP;0.949
182.50	185.75	WTSP;0.989
193.75	196.75	WTSP;0.984
197.75	198.00	WTSP;0.733
202.25	204.50	WTSP;0.978
208.00	208.75	WTSP;0.908
217.00	219.75	WTSP;0.984
223.75	226.25	WTSP;0.978
234.75	235.25	WTSP;0.730
238.25	239.75	WTSP;0.978
243.00	244.00	WTSP;0.942
245.00	246.00	WTSP;0.954
246.25	248.75	WTSP;0.991
249.50	250.75	WTSP;0.868
255.00	255.75	WTSP;0.844
259.25	261.50	WTSP;0.992
266.50	267.00	WTSP;0.835
270.50	271.25	WTSP;0.786
272.75	274.00	WTSP;0.970
278.25	279.00	WTSP;0.829
290.50	291.00	WTSP;0.744
293.25	293.75	WTSP;0.743
306.75	308.50	WTSP;0.915
311.00	313.00	WTSP;0.994
317.00	320.00	WTSP;0.992
333.00	335.75	WTSP;0.994
336.00	336.75	WTSP;0.713
360.50	362.00	WTSP;0.996
364.00	366.00	WTSP;0.994
370.00	370.50	WTSP;0.679
375.75	376.00	WTSP;0.662
376.25	378.75	WTSP;0.975
396.25	397.50	WTSP;0.890
398.00	398.50	WTSP;0.676
399.00	399.75	WTSP;0.900
401.00	403.00	WTSP;0.974
408.25	411.75	WTSP;0.993
416.50	418.00	WTSP;0.933
426.50	428.00	WTSP;0.950
429.00	430.00	WTSP;0.940
440.50	440.75	WTSP;0.680
454.00	455.00	WTSP;0.956
465.25	466.00	WTSP;0.831
477.75	478.75	WTSP;0.897
488.25	489.50	WTSP;0.949
500.00	501.00	WTSP;0.895
513.75	515.00	WTSP;0.853
527.00	527.50	WTSP;0.811
538.00	539.75	WTSP;0.914
549.50	549.75	WTSP;0.687
559.00	560.00	WTSP;0.872
560.50	561.75	WTSP;0.973
570.25	570.75	WTSP;0.797
572.00	573.25	WTSP;0.966
581.25	582.00	WTSP;0.820
584.00	585.25	WTSP;0.981
596.25	597.00	WTSP;0.815
456.25	456.75	WWCR;0.545
282.75	283.25	YEWA;0.663
26.25	26.75	YRWA;0.585
41.50	41.75	YRWA;0.587
220.00	221.00	YRWA;0.984
264.50	265.25	YRWA;0.895
294.25	294.75	YRWA;0.780
