231.00	231.25	AMDI;0.532
93.50	93.75	AMGP;0.534
146.75	147.00	BBPL;0.517
75.25	75.75	BEWR;0.554
169.50	170.00	BEWR;0.512
176.00	176.50	BEWR;0.617
63.75	64.00	BOWA;0.504
132.00	132.50	BRSP;0.587
271.25	271.75	CAFI;0.611
250.25	250.50	CCSP;0.504
166.00	166.50	EATO;0.732
81.25	81.75	FISP;0.588
158.00	158.75	FISP;0.700
203.25	203.75	FISP;0.511
6.25	6.75	FOSP;0.748
9.00	9.50	FOSP;0.765
18.25	20.50	FOSP;0.978
31.50	33.50	FOSP;0.928
37.75	38.75	FOSP;0.846
50.00	51.75	FOSP;0.976
52.00	53.25	FOSP;0.771
60.00	62.50	FOSP;0.988
68.00	68.75	FOSP;0.793
73.50	75.25	FOSP;0.979
80.00	80.75	FOSP;0.791
83.00	84.75	FOSP;0.948
87.75	89.25	FOSP;0.952
100.25	101.00	FOSP;0.734
101.50	103.50	FOSP;0.927
119.00	120.50	FOSP;0.966
133.25	136.00	FOSP;0.941
151.25	151.50	FOSP;0.697
152.25	155.50	FOSP;0.996
169.75	172.25	FOSP;0.989
173.25	175.50	FOSP;0.862
184.50	186.00	FOSP;0.945
195.25	197.00	FOSP;0.932
202.00	203.25	FOSP;0.895
213.50	215.50	FOSP;0.973
221.75	224.00	FOSP;0.981
235.00	237.00	FOSP;0.988
241.00	243.00	FOSP;0.991
244.00	244.75	FOSP;0.803
252.50	254.00	FOSP;0.984
255.00	255.50	FOSP;0.706
262.50	263.00	FOSP;0.781
269.25	270.75	FOSP;0.944
285.75	286.50	FOSP;0.749
298.25	300.00	FOSP;0.879
6.25	7.00	GCSP;0.767
68.50	69.00	GCSP;0.569
101.00	102.25	GCSP;0.714
184.25	184.75	GCSP;0.560
201.25	201.75	GCSP;0.560
228.50	228.75	GCSP;0.548
234.50	235.50	GCSP;0.625
269.00	269.50	HOFI;0.701
90.00	90.75	LISP;0.782
96.25	97.00	LISP;0.965
99.00	99.75	LISP;0.732
112.50	112.75	LISP;0.559
142.00	142.75	LISP;0.881
145.25	146.00	LISP;0.722
159.25	159.50	LISP;0.552
189.25	190.00	LISP;0.868
52.00	52.50	MAMU;0.634
126.00	126.25	MOCH;0.567
256.00	256.75	MOCH;0.759
258.25	258.50	MOCH;0.502
269.50	269.75	OSFL;0.566
2.25	2.50	PEFA;0.619
48.00	48.75	PISI;0.975
51.50	52.00	PISI;0.873
53.00	55.00	PISI;0.996
55.75	57.50	PISI;0.988
58.00	60.00	PISI;0.995
64.50	67.50	PISI;0.995
69.00	69.50	PISI;0.927
70.25	71.75	PISI;0.928
72.00	73.00	PISI;0.967
73.25	73.75	PISI;0.871
74.50	75.00	PISI;0.844
75.50	76.75	PISI;0.969
77.00	78.00	PISI;0.985
78.75	79.50	PISI;0.879
88.50	88.75	PISI;0.678
90.50	90.75	PISI;0.699
105.25	106.25	PISI;0.998
108.00	108.75	PISI;0.998
110.25	111.00	PISI;0.998
114.00	114.75	PISI;0.978
125.25	126.00	PISI;0.871
127.25	127.50	PISI;0.728
129.75	130.50	PISI;0.818
139.25	139.75	PISI;0.800
81.00	81.50	REVI;0.511
156.25	156.75	RUTU;0.517
172.50	172.75	SAPH;0.516
208.75	209.00	SAPH;0.873
246.25	246.75	SESA;0.690
83.75	84.00	SNBU;0.500
285.75	286.00	SNBU;0.595
132.50	133.00	SOSP;0.520
9.50	9.75	VESP;0.542
117.75	118.00	VESP;0.533
215.00	215.50	VESP;0.579
0.00	1.00	WCSP;0.978
5.75	6.50	WCSP;0.724
6.75	9.25	WCSP;0.997
13.75	16.00	WCSP;0.998
19.25	23.25	WCSP;0.984
27.50	30.25	WCSP;0.997
30.50	31.75	WCSP;0.779
32.50	32.75	WCSP;0.684
33.00	33.75	WCSP;0.903
35.50	38.50	WCSP;0.997
40.25	42.50	WCSP;0.992
45.50	47.75	WCSP;0.996
48.75	49.00	WCSP;0.721
52.50	53.25	WCSP;0.753
55.00	55.75	WCSP;0.923
62.00	62.50	WCSP;0.672
69.50	70.25	WCSP;0.869
77.75	79.00	WCSP;0.989
81.50	83.00	WCSP;0.935
85.25	87.25	WCSP;0.971
88.50	90.00	WCSP;0.988
91.25	93.50	WCSP;0.940
94.50	96.50	WCSP;0.939
98.00	99.25	WCSP;0.992
101.25	101.75	WCSP;0.717
106.50	108.00	WCSP;0.949
108.75	110.25	WCSP;0.977
111.25	112.25	WCSP;0.764
114.75	117.00	WCSP;0.994
121.50	124.25	WCSP;0.938
124.50	125.25	WCSP;0.704
128.25	129.00	WCSP;0.927
129.75	130.00	WCSP;0.703
130.25	131.75	WCSP;0.938
135.50	138.75	WCSP;0.984
139.75	141.75	WCSP;0.980
150.00	152.00	WCSP;0.985
155.25	155.50	WCSP;0.769
161.00	163.00	WCSP;0.945
175.25	175.75	WCSP;0.809
184.25	184.75	WCSP;0.737
186.00	186.25	WCSP;0.659
188.75	189.25	WCSP;0.760
193.50	195.50	WCSP;0.995
200.00	201.75	WCSP;0.963
204.25	206.50	WCSP;0.989
212.25	213.50	WCSP;0.975
217.00	218.75	WCSP;0.932
225.50	226.75	WCSP;0.801
227.50	227.75	WCSP;0.718
228.50	230.75	WCSP;0.987
233.75	234.00	WCSP;0.670
239.75	241.25	WCSP;0.912
248.25	250.50	WCSP;0.993
254.75	255.75	WCSP;0.796
260.00	262.00	WCSP;0.991
263.00	263.25	WCSP;0.679
265.50	266.50	WCSP;0.823
273.00	276.50	WCSP;0.919
283.25	285.00	WCSP;0.969
286.75	288.75	WCSP;0.993
295.00	297.00	WCSP;0.990
298.75	300.00	WCSP;0.879
1.25	5.25	WTSP;0.982
11.25	14.25	WTSP;0.955
21.00	21.75	WTSP;0.756
23.50	26.00	WTSP;0.974
26.75	28.25	WTSP;0.923
30.50	30.75	WTSP;0.678
33.25	36.00	WTSP;0.983
42.25	46.00	WTSP;0.948
48.75	49.00	WTSP;0.666
55.00	55.75	WTSP;0.763
57.25	57.75	WTSP;0.724
62.75	63.50	WTSP;0.750
71.50	72.00	WTSP;0.721
77.75	78.25	WTSP;0.695
81.50	82.50	WTSP;0.753
85.00	86.25	WTSP;0.882
91.00	91.75	WTSP;0.779
92.00	93.00	WTSP;0.940
94.25	95.75	WTSP;0.774
98.00	98.25	WTSP;0.700
106.75	107.00	WTSP;0.658
107.50	108.00	WTSP;0.744
108.75	109.00	WTSP;0.775
111.25	111.75	WTSP;0.778
113.25	114.00	WTSP;0.886
114.50	115.00	WTSP;0.746
122.50	125.25	WTSP;0.949
125.75	127.25	WTSP;0.965
128.00	128.75	WTSP;0.750
137.50	137.75	WTSP;0.664
139.75	140.00	WTSP;0.670
155.75	158.75	WTSP;0.929
161.00	161.75	WTSP;0.806
163.00	165.25	WTSP;0.981
168.25	168.75	WTSP;0.785
176.75	178.00	WTSP;0.944
186.00	189.00	WTSP;0.981
200.00	200.50	WTSP;0.781
204.25	204.75	WTSP;0.719
206.25	208.25	WTSP;0.976
216.25	218.00	WTSP;0.820
224.75	225.75	WTSP;0.956
233.25	234.00	WTSP;0.937
234.25	234.75	WTSP;0.745
237.25	237.75	WTSP;0.691
243.50	245.75	WTSP;0.942
247.00	248.50	WTSP;0.865
249.00	249.25	WTSP;0.673
255.75	256.50	WTSP;0.782
258.25	260.50	WTSP;0.860
265.25	269.00	WTSP;0.953
273.00	273.75	WTSP;0.826
274.25	275.25	WTSP;0.857
281.25	283.75	WTSP;0.983
288.75	290.00	WTSP;0.929
292.50	295.50	WTSP;0.988
220.25	220.50	WWCR;0.607
