1.00	6.50	AMRO;0.946
15.00	16.50	AMRO;0.808
17.25	19.00	AMRO;0.901
29.75	31.25	AMRO;0.844
33.00	33.50	AMRO;0.540
38.75	40.25	AMRO;0.984
47.50	50.50	AMRO;0.970
62.00	63.50	AMRO;0.908
67.50	68.50	AMRO;0.710
81.75	85.00	AMRO;0.942
96.25	96.50	AMRO;0.523
112.00	114.25	AMRO;0.928
114.75	116.50	AMRO;0.876
32.50	33.00	BAOR;0.512
50.25	50.50	BAOR;0.514
133.00	133.75	CHSP;0.626
154.50	155.00	CHSP;0.638
174.50	175.75	CHSP;0.822
196.75	198.50	CHSP;0.872
212.00	212.50	CHSP;0.685
243.75	246.00	CHSP;0.926
317.00	318.00	CHSP;0.757
336.50	337.00	CHSP;0.652
351.75	352.75	CHSP;0.911
560.75	561.00	CHSP;0.631
433.50	434.00	DUNL;0.668
124.25	124.50	EAME;0.517
58.75	59.75	FISP;0.654
8.00	10.75	FOSP;0.998
21.75	24.00	FOSP;0.995
25.75	26.75	FOSP;0.898
35.75	38.00	FOSP;0.994
50.50	51.00	FOSP;0.692
59.75	61.75	FOSP;0.968
70.00	70.75	FOSP;0.766
75.00	77.25	FOSP;0.996
79.25	81.50	FOSP;0.995
89.75	91.75	FOSP;0.995
94.25	97.00	FOSP;0.966
101.25	102.00	FOSP;0.895
107.50	111.00	FOSP;0.992
123.25	126.00	FOSP;0.981
143.00	145.00	FOSP;0.996
148.75	151.25	FOSP;0.995
164.25	166.25	FOSP;0.997
169.25	171.50	FOSP;0.997
177.50	177.75	FOSP;0.667
182.50	184.75	FOSP;0.997
189.00	191.50	FOSP;0.993
214.50	215.75	FOSP;0.994
228.25	230.75	FOSP;0.984
232.00	234.00	FOSP;0.997
248.00	250.00	FOSP;0.997
259.25	261.50	FOSP;0.989
268.75	269.50	FOSP;0.823
276.75	278.75	FOSP;0.996
281.25	283.75	FOSP;0.990
287.00	288.75	FOSP;0.995
298.00	300.50	FOSP;0.995
307.00	309.25	FOSP;0.995
322.25	324.50	FOSP;0.996
343.25	345.25	FOSP;0.997
359.50	361.75	FOSP;0.997
377.75	380.00	FOSP;0.996
394.00	396.00	FOSP;0.998
423.50	426.00	FOSP;0.997
427.00	428.00	FOSP;0.761
441.50	441.75	FOSP;0.682
446.00	448.00	FOSP;0.997
465.25	467.50	FOSP;0.996
481.50	483.75	FOSP;0.998
499.25	501.50	FOSP;0.995
516.25	518.50	FOSP;0.996
538.50	538.75	FOSP;0.700
547.25	549.25	FOSP;0.995
557.00	558.75	FOSP;0.979
566.00	568.00	FOSP;0.995
572.75	575.00	FOSP;0.978
583.00	585.00	FOSP;0.997
587.00	589.25	FOSP;0.983
157.75	158.75	GCSP;0.641
258.50	259.50	GCSP;0.815
477.00	477.25	HETH;0.528
0.25	0.75	MOBL;0.871
194.50	195.00	MOCH;0.637
204.50	204.75	MOCH;0.505
471.75	472.25	MOCH;0.664
107.50	108.25	OROR;0.595
40.25	40.50	OSFL;0.570
227.75	228.00	PIGR;0.561
20.00	20.25	PISI;0.689
21.00	21.50	PISI;0.737
63.75	64.00	PISI;0.749
64.50	65.50	PISI;0.953
65.75	66.50	PISI;0.918
157.50	157.75	PISI;0.681
172.00	173.00	PISI;0.995
174.25	174.75	PISI;0.752
181.25	181.75	PISI;0.902
200.25	200.75	PISI;0.688
201.00	204.25	PISI;0.985
204.75	212.00	PISI;0.995
212.25	214.75	PISI;0.994
215.50	216.25	PISI;0.820
216.50	217.25	PISI;0.992
217.75	220.25	PISI;0.996
220.75	224.50	PISI;0.994
224.75	225.75	PISI;0.968
226.00	227.00	PISI;0.989
4.75	5.00	RBGR;0.547
15.50	15.75	RBGR;0.526
30.25	30.75	RBGR;0.596
95.75	96.50	RBGR;0.523
138.25	138.50	RECR;0.611
0.00	0.50	SATH;0.523
83.25	83.50	SATH;0.561
35.25	35.50	SNBU;0.567
587.50	587.75	SNBU;0.517
63.75	64.00	SPPI;0.529
32.50	33.00	SUTA;0.638
71.00	71.25	SUTA;0.531
115.50	115.75	SUTA;0.592
592.00	592.50	SWSP;0.714
144.50	144.75	VESP;0.513
288.25	288.50	VESP;0.522
31.75	32.50	WCSP;0.807
37.50	38.00	WCSP;0.773
44.00	45.75	WCSP;0.985
50.50	51.25	WCSP;0.813
53.25	54.00	WCSP;0.754
64.00	64.75	WCSP;0.917
71.50	73.00	WCSP;0.982
86.25	86.75	WCSP;0.686
96.25	96.50	WCSP;0.698
103.50	104.25	WCSP;0.809
118.50	119.25	WCSP;0.892
125.00	125.75	WCSP;0.845
151.25	152.50	WCSP;0.921
158.00	159.00	WCSP;0.934
166.00	166.50	WCSP;0.751
167.50	168.75	WCSP;0.823
176.25	177.75	WCSP;0.915
184.25	185.00	WCSP;0.939
186.75	187.00	WCSP;0.668
191.00	191.25	WCSP;0.743
225.75	226.00	WCSP;0.737
230.00	230.50	WCSP;0.696
235.50	236.75	WCSP;0.982
251.50	252.25	WCSP;0.771
268.75	269.75	WCSP;0.928
286.50	287.00	WCSP;0.776
288.25	289.00	WCSP;0.806
302.25	303.00	WCSP;0.948
324.50	326.00	WCSP;0.989
331.50	333.50	WCSP;0.996
338.75	341.00	WCSP;0.979
349.00	350.00	WCSP;0.857
354.25	356.00	WCSP;0.993
363.00	364.75	WCSP;0.996
371.00	371.50	WCSP;0.856
373.75	375.75	WCSP;0.996
382.50	384.50	WCSP;0.995
389.50	391.00	WCSP;0.949
391.75	393.25	WCSP;0.995
397.25	398.75	WCSP;0.923
401.00	402.75	WCSP;0.996
409.75	411.75	WCSP;0.996
417.75	418.75	WCSP;0.907
419.25	421.25	WCSP;0.995
427.50	428.00	WCSP;0.695
429.50	431.25	WCSP;0.974
439.25	441.00	WCSP;0.989
450.00	452.00	WCSP;0.969
461.00	463.00	WCSP;0.992
473.50	475.25	WCSP;0.991
485.00	487.00	WCSP;0.995
496.25	497.75	WCSP;0.946
509.00	510.50	WCSP;0.938
521.00	522.75	WCSP;0.995
531.75	533.75	WCSP;0.991
544.00	545.50	WCSP;0.987
554.25	556.25	WCSP;0.995
561.50	562.00	WCSP;0.732
565.50	566.75	WCSP;0.951
572.25	572.50	WCSP;0.669
574.25	574.75	WCSP;0.728
575.75	576.00	WCSP;0.705
578.25	580.25	WCSP;0.985
584.50	585.25	WCSP;0.931
589.25	591.25	WCSP;0.997
595.00	595.75	WCSP;0.856
598.25	599.50	WCSP;0.952
196.50	197.00	WEWA;0.638
11.00	14.75	WTSP;0.984
18.75	19.00	WTSP;0.661
28.00	28.75	WTSP;0.773
29.00	30.50	WTSP;0.939
31.50	32.00	WTSP;0.700
42.25	42.75	WTSP;0.816
53.25	53.50	WTSP;0.672
139.75	140.50	WTSP;0.873
159.00	160.25	WTSP;0.979
167.25	168.50	WTSP;0.882
176.25	176.75	WTSP;0.759
186.50	187.50	WTSP;0.825
194.25	195.25	WTSP;0.875
217.00	217.75	WTSP;0.928
225.50	226.00	WTSP;0.855
235.50	236.00	WTSP;0.672
239.25	239.50	WTSP;0.661
251.50	251.75	WTSP;0.745
256.25	258.75	WTSP;0.990
286.50	287.00	WTSP;0.807
288.75	289.50	WTSP;0.887
293.00	293.75	WTSP;0.827
302.50	302.75	WTSP;0.706
310.25	312.50	WTSP;0.887
331.50	332.00	WTSP;0.710
338.50	339.50	WTSP;0.780
342.00	343.00	WTSP;0.952
349.00	349.75	WTSP;0.823
365.00	367.25	WTSP;0.967
382.50	383.50	WTSP;0.828
388.50	389.75	WTSP;0.882
391.50	392.00	WTSP;0.737
404.50	407.75	WTSP;0.971
429.50	432.75	WTSP;0.937
439.25	439.75	WTSP;0.715
450.25	450.75	WTSP;0.685
455.50	456.00	WTSP;0.732
472.00	473.75	WTSP;0.974
495.25	496.75	WTSP;0.869
524.25	526.50	WTSP;0.974
531.50	532.00	WTSP;0.679
540.50	544.50	WTSP;0.990
561.25	563.50	WTSP;0.969
575.50	576.00	WTSP;0.704
589.50	589.75	WTSP;0.679
595.00	595.75	WTSP;0.826
598.50	598.75	WTSP;0.661
138.25	138.50	WWCR;0.541
74.00	74.50	YRWA;0.734
85.25	85.75	YRWA;0.788
