57.00	57.75	CHSP;0.751
301.25	302.50	CHSP;0.817
303.50	303.75	CHSP;0.575
412.75	413.00	CHSP;0.583
413.50	415.75	CHSP;0.933
421.75	423.75	CHSP;0.946
437.50	438.25	CHSP;0.603
5.25	6.50	FOSP;0.961
21.00	22.75	FOSP;0.996
41.25	43.00	FOSP;0.980
60.75	62.75	FOSP;0.992
78.00	80.00	FOSP;0.992
97.00	99.00	FOSP;0.991
113.50	115.75	FOSP;0.993
129.25	130.25	FOSP;0.989
165.00	167.00	FOSP;0.990
181.25	183.00	FOSP;0.996
199.00	201.00	FOSP;0.997
220.75	222.50	FOSP;0.993
240.50	242.00	FOSP;0.976
258.50	260.50	FOSP;0.985
279.25	281.00	FOSP;0.990
301.50	303.25	FOSP;0.949
323.00	325.00	FOSP;0.996
343.25	345.75	FOSP;0.993
366.25	368.25	FOSP;0.993
388.75	390.75	FOSP;0.998
425.25	427.00	FOSP;0.966
441.25	443.25	FOSP;0.991
471.50	473.00	FOSP;0.981
490.25	490.75	FOSP;0.683
542.25	543.00	FOSP;0.819
571.50	573.50	FOSP;0.995
40.50	41.00	KILL;0.537
148.00	148.25	LASP;0.595
573.25	573.50	LASP;0.525
172.50	172.75	MOCH;0.653
146.50	147.00	PIGR;0.760
542.25	542.50	PIGR;0.506
254.25	255.00	PISI;0.964
50.25	50.50	RUGR;0.510
143.25	144.00	RUGR;0.694
557.00	557.50	RUGR;0.606
147.00	147.25	SNBU;0.538
146.00	146.25	SPSA;0.509
79.50	80.00	VESP;0.668
166.50	167.00	VESP;0.717
345.25	345.50	VESP;0.502
390.25	390.50	VESP;0.506
573.25	573.50	VESP;0.510
49.75	50.50	WCSP;0.623
59.25	59.75	WCSP;0.741
68.75	69.50	WCSP;0.692
436.50	437.00	WEWA;0.803
437.25	437.50	WEWA;0.519
