45.25	45.50	AMGP;0.638
15.00	15.25	AMRO;0.513
20.00	21.00	AMRO;0.909
22.00	23.00	AMRO;0.740
41.25	42.75	AMRO;0.656
46.25	46.50	AMRO;0.502
67.00	67.75	AMRO;0.726
68.25	69.00	AMRO;0.800
74.00	74.75	AMRO;0.933
78.50	78.75	AMRO;0.527
83.50	85.75	AMRO;0.832
87.25	88.50	AMRO;0.795
89.00	90.00	AMRO;0.878
91.00	91.75	AMRO;0.692
92.00	92.75	AMRO;0.783
93.25	95.00	AMRO;0.790
97.25	100.00	AMRO;0.916
102.00	103.75	AMRO;0.848
106.25	107.00	AMRO;0.683
149.25	149.75	AMRO;0.651
157.50	157.75	AMRO;0.520
174.25	175.00	AMRO;0.621
182.00	182.75	AMRO;0.719
190.25	191.50	AMRO;0.879
201.25	202.75	AMRO;0.827
203.00	203.75	AMRO;0.822
209.50	209.75	AMRO;0.554
226.50	227.00	AMRO;0.590
233.25	233.50	AMRO;0.636
253.50	253.75	AMRO;0.523
258.00	258.75	AMRO;0.680
261.25	262.75	AMRO;0.821
268.50	269.00	AMRO;0.577
270.50	271.00	AMRO;0.620
252.50	252.75	AMWI;0.510
175.50	176.00	BLJA;0.756
177.75	178.00	BLOY;0.506
290.00	290.50	BLOY;0.569
35.25	35.75	CAFI;0.534
221.50	222.25	CCSP;0.567
67.25	67.75	COMU;0.572
174.50	175.00	COMU;0.578
249.25	249.50	COMU;0.616
134.25	135.00	EAME;0.859
0.50	1.00	FISP;0.632
111.75	113.00	FOSP;0.941
121.50	123.25	FOSP;0.978
242.00	242.50	FOSP;0.698
266.75	267.75	FOSP;0.739
283.75	285.00	FOSP;0.975
292.25	293.25	FOSP;0.942
67.75	68.50	GWTE;0.780
298.25	298.50	GWTE;0.588
299.25	299.50	GWTE;0.555
8.00	8.75	HETH;0.929
29.25	30.25	HETH;0.865
70.25	70.75	HETH;0.937
72.75	73.50	HETH;0.954
75.75	76.00	HETH;0.812
77.75	78.50	HETH;0.924
80.25	81.00	HETH;0.992
83.00	83.50	HETH;0.797
85.75	86.50	HETH;0.951
88.50	89.25	HETH;0.987
90.25	90.75	HETH;0.786
91.75	92.25	HETH;0.870
113.00	113.50	HETH;0.758
116.25	116.75	HETH;0.846
123.75	124.00	HETH;0.741
127.25	128.25	HETH;0.959
130.50	131.00	HETH;0.843
134.00	134.50	HETH;0.718
141.25	142.00	HETH;0.966
147.50	148.25	HETH;0.952
151.50	152.50	HETH;0.953
158.50	159.50	HETH;0.947
162.25	163.25	HETH;0.989
175.75	176.00	HETH;0.836
186.00	186.25	HETH;0.727
196.75	197.25	HETH;0.809
214.25	215.25	HETH;0.911
223.00	224.25	HETH;0.996
232.00	233.00	HETH;0.976
236.25	237.00	HETH;0.964
239.75	241.00	HETH;0.997
245.50	247.00	HETH;0.996
249.50	251.00	HETH;0.996
254.00	255.25	HETH;0.874
260.50	261.50	HETH;0.965
264.25	265.00	HETH;0.921
272.25	273.25	HETH;0.981
278.00	279.00	HETH;0.987
282.00	282.50	HETH;0.790
287.50	289.00	HETH;0.998
291.75	292.25	HETH;0.923
295.00	295.75	HETH;0.809
51.50	51.75	LASP;0.639
2.75	4.50	LISP;0.993
17.75	19.25	LISP;0.996
35.25	37.25	LISP;0.929
51.50	52.50	LISP;0.812
62.50	64.50	LISP;0.887
82.00	83.00	LISP;0.966
83.25	83.75	LISP;0.887
95.00	97.25	LISP;0.968
107.00	109.00	LISP;0.972
119.00	121.00	LISP;0.964
126.50	127.00	LISP;0.852
131.00	133.00	LISP;0.950
140.00	141.00	LISP;0.973
142.25	144.00	LISP;0.993
153.25	153.75	LISP;0.693
154.50	156.50	LISP;0.961
167.00	169.25	LISP;0.993
180.25	181.25	LISP;0.778
194.00	195.75	LISP;0.986
205.50	207.00	LISP;0.929
217.50	219.00	LISP;0.988
229.25	231.25	LISP;0.993
243.00	245.00	LISP;0.991
256.25	258.00	LISP;0.992
269.00	270.75	LISP;0.996
274.25	275.25	LISP;0.917
282.25	283.50	LISP;0.960
295.75	296.00	LISP;0.662
104.50	104.75	LTJA;0.586
252.50	252.75	LTJA;0.550
186.00	187.00	MAMU;0.934
232.50	232.75	MAMU;0.500
8.00	8.50	MOCH;0.580
264.00	264.25	MOCH;0.546
135.25	135.75	PIGR;0.553
35.25	35.75	PUFI;0.843
126.50	126.75	PUFI;0.559
87.50	88.00	RBGR;0.607
99.50	99.75	RBGR;0.565
166.75	167.00	RUBL;0.501
236.25	236.75	RUBL;0.596
78.50	79.00	SAND;0.896
34.00	34.75	SATH;0.714
72.25	72.50	SATH;0.557
90.75	91.50	SATH;0.646
198.00	198.75	SATH;0.721
204.00	205.00	SATH;0.788
219.25	219.50	SATH;0.528
280.25	280.75	SATH;0.568
298.25	298.75	SATH;0.631
299.00	299.50	SATH;0.565
57.25	57.75	SPSA;0.513
204.75	205.00	TOSO;0.529
17.50	17.75	WCSP;0.548
279.00	279.50	WCSP;0.708
116.25	116.50	WEME;0.628
147.50	148.00	WEME;0.805
152.25	152.75	WEME;0.618
254.25	254.50	WEME;0.539
0.00	1.50	WTSP;0.902
5.25	6.00	WTSP;0.842
11.00	13.50	WTSP;0.976
16.50	18.00	WTSP;0.949
21.00	24.50	WTSP;0.982
38.00	40.50	WTSP;0.992
47.25	51.50	WTSP;0.988
60.50	62.50	WTSP;0.995
75.00	77.75	WTSP;0.996
105.00	105.25	WTSP;0.678
118.00	119.00	WTSP;0.819
136.25	139.00	WTSP;0.981
172.00	173.75	WTSP;0.950
