7.00	8.00	AMRO;0.857
17.25	17.75	AMRO;0.543
70.00	71.00	AMRO;0.806
76.25	76.75	AMRO;0.594
92.25	92.50	AMRO;0.501
102.25	103.00	AMRO;0.842
136.00	137.00	AMRO;0.927
271.75	272.00	AMRO;0.513
289.00	289.75	AMRO;0.679
183.50	183.75	ATSP;0.647
187.75	188.00	BAOR;0.621
222.50	223.00	BRSP;0.565
130.75	131.00	CATE;0.537
13.75	14.75	CHSP;0.913
18.00	19.00	CHSP;0.941
29.75	30.00	CHSP;0.660
30.50	32.25	CHSP;0.953
43.25	45.00	CHSP;0.985
45.25	46.00	CHSP;0.736
50.50	53.50	CHSP;0.988
58.50	60.50	CHSP;0.864
86.00	88.75	CHSP;0.994
103.25	106.25	CHSP;0.991
116.25	119.00	CHSP;0.995
133.50	136.50	CHSP;0.994
150.25	151.75	CHSP;0.987
152.25	152.50	CHSP;0.679
165.25	168.25	CHSP;0.991
179.25	182.00	CHSP;0.993
194.00	196.75	CHSP;0.992
201.75	202.25	CHSP;0.858
204.50	206.50	CHSP;0.979
213.00	216.00	CHSP;0.989
222.25	224.75	CHSP;0.972
233.25	237.00	CHSP;0.994
245.75	248.50	CHSP;0.987
256.00	258.75	CHSP;0.958
265.50	267.75	CHSP;0.982
276.50	279.50	CHSP;0.985
286.25	289.00	CHSP;0.984
298.50	298.75	CHSP;0.707
299.25	300.00	CHSP;0.853
0.50	1.00	EAME;0.629
88.25	88.50	EAME;0.520
282.25	282.50	EAME;0.676
2.75	5.25	FOSP;0.996
10.75	12.75	FOSP;0.976
29.50	31.25	FOSP;0.974
34.00	36.00	FOSP;0.998
58.50	60.00	FOSP;0.948
66.25	68.50	FOSP;0.996
81.00	83.50	FOSP;0.995
88.25	89.25	FOSP;0.980
97.25	99.50	FOSP;0.995
112.75	115.00	FOSP;0.997
125.75	128.00	FOSP;0.998
140.00	140.75	FOSP;0.859
141.75	144.00	FOSP;0.998
157.00	159.50	FOSP;0.997
161.75	163.75	FOSP;0.991
174.25	176.75	FOSP;0.994
177.50	179.50	FOSP;0.975
189.00	191.25	FOSP;0.998
192.75	194.00	FOSP;0.919
206.25	209.50	FOSP;0.995
218.50	220.25	FOSP;0.990
224.75	227.00	FOSP;0.998
231.75	233.50	FOSP;0.963
240.75	243.00	FOSP;0.998
245.25	247.00	FOSP;0.860
259.00	261.25	FOSP;0.988
274.00	277.75	FOSP;0.997
290.00	291.75	FOSP;0.933
294.50	296.75	FOSP;0.994
24.75	26.25	LISP;0.993
39.50	41.25	LISP;0.959
53.75	56.00	LISP;0.994
69.75	70.00	LISP;0.694
95.50	97.00	LISP;0.990
108.75	110.50	LISP;0.968
122.00	123.75	LISP;0.993
163.75	165.00	LISP;0.962
210.25	211.00	LISP;0.770
229.00	231.25	LISP;0.989
243.25	243.75	LISP;0.703
270.25	272.00	LISP;0.993
284.00	286.00	LISP;0.994
298.75	299.25	LISP;0.730
103.75	104.00	MAMU;0.541
42.50	43.00	OCWA;0.552
151.50	152.00	OCWA;0.565
298.75	299.00	OCWA;0.516
140.25	140.50	PIGR;0.566
19.25	20.00	PISI;0.936
20.75	21.25	PISI;0.680
22.25	23.00	PISI;0.979
23.75	24.50	PISI;0.980
26.75	29.50	PISI;0.982
130.75	131.00	PISI;0.585
132.25	132.75	PISI;0.800
141.00	141.25	PISI;0.619
144.50	145.00	PISI;0.626
145.50	145.75	PISI;0.562
171.00	171.50	PISI;0.683
248.50	253.25	PISI;0.987
253.75	254.50	PISI;0.886
255.00	255.50	PISI;0.841
296.75	298.00	PISI;0.950
232.25	232.75	PUFI;0.679
8.00	8.25	PUSA;0.637
154.25	154.50	RCKI;0.513
109.00	109.25	ROWR;0.535
37.50	38.00	RUTU;0.737
204.25	204.50	SBDO;0.585
193.00	193.25	SNBU;0.534
206.25	206.50	SNBU;0.522
118.75	120.75	TOSO;0.942
121.00	122.00	TOSO;0.908
123.00	123.75	TOSO;0.720
268.50	268.75	TRES;0.572
291.00	291.75	VESP;0.604
50.00	50.25	WEME;0.555
160.00	161.25	WTSP;0.811
171.75	172.75	WTSP;0.920
238.25	239.25	WTSP;0.932
42.75	43.25	YRWA;0.685
69.00	69.75	YRWA;0.948
128.50	129.50	YRWA;0.969
151.75	152.25	YRWA;0.660
172.75	174.00	YRWA;0.983
