276.00	276.50	AGOL;0.666
2.00	3.00	AMRO;0.930
3.75	7.00	AMRO;0.967
24.75	27.25	AMRO;0.996
41.25	48.00	AMRO;0.990
59.50	64.75	AMRO;0.986
78.75	84.25	AMRO;0.997
92.50	95.00	AMRO;0.939
99.00	99.75	AMRO;0.908
126.00	130.75	AMRO;0.994
131.00	133.25	AMRO;0.981
154.50	154.75	AMRO;0.707
155.00	160.75	AMRO;0.981
165.00	168.00	AMRO;0.988
173.00	175.50	AMRO;0.986
179.75	182.25	AMRO;0.996
187.00	190.00	AMRO;0.986
192.25	195.00	AMRO;0.993
199.00	202.00	AMRO;0.995
206.00	208.00	AMRO;0.958
215.25	217.75	AMRO;0.993
222.75	227.00	AMRO;0.994
231.25	233.00	AMRO;0.841
234.75	235.25	AMRO;0.668
248.00	251.25	AMRO;0.977
266.25	269.00	AMRO;0.987
278.50	282.25	AMRO;0.994
283.25	283.75	AMRO;0.738
295.25	299.50	AMRO;0.992
239.50	239.75	BANS;0.642
145.50	145.75	BBWA;0.585
11.00	11.75	BRSP;0.715
87.75	88.00	BRSP;0.526
101.25	101.50	BRSP;0.594
118.50	119.25	BRSP;0.580
123.50	123.75	BRSP;0.508
124.25	125.00	BRSP;0.658
137.75	138.75	BRSP;0.607
145.00	145.25	BRSP;0.542
255.00	255.50	BRSP;0.600
101.75	102.00	BTNW;0.601
203.00	203.75	BTNW;0.793
210.25	210.50	CATE;0.741
0.50	1.25	CHSP;0.875
6.50	11.50	CHSP;0.990
13.50	16.75	CHSP;0.991
19.25	22.25	CHSP;0.985
27.75	32.00	CHSP;0.992
35.00	38.75	CHSP;0.989
39.00	41.50	CHSP;0.962
43.25	45.75	CHSP;0.991
48.00	48.25	CHSP;0.675
49.00	52.50	CHSP;0.988
57.50	62.50	CHSP;0.988
65.25	68.00	CHSP;0.986
69.25	72.00	CHSP;0.915
73.50	78.75	CHSP;0.991
82.50	85.25	CHSP;0.988
87.75	94.50	CHSP;0.992
98.25	101.75	CHSP;0.988
106.25	109.50	CHSP;0.993
114.25	117.00	CHSP;0.986
118.75	120.00	CHSP;0.866
123.25	124.75	CHSP;0.906
127.75	130.00	CHSP;0.992
138.00	140.00	CHSP;0.905
147.50	148.75	CHSP;0.874
149.00	150.00	CHSP;0.869
160.25	160.75	CHSP;0.709
171.00	172.50	CHSP;0.958
182.00	184.50	CHSP;0.978
194.75	197.75	CHSP;0.987
198.50	199.75	CHSP;0.929
205.50	205.75	CHSP;0.675
206.00	208.75	CHSP;0.976
211.00	213.25	CHSP;0.949
217.25	220.25	CHSP;0.989
230.75	232.50	CHSP;0.891
240.25	240.50	CHSP;0.706
242.50	244.50	CHSP;0.956
252.00	253.25	CHSP;0.838
255.00	258.25	CHSP;0.981
268.25	268.75	CHSP;0.713
273.75	274.75	CHSP;0.975
275.00	275.75	CHSP;0.906
287.25	290.75	CHSP;0.989
19.75	20.50	DEJU;0.578
22.00	22.25	DEJU;0.522
51.75	52.25	DEJU;0.673
98.25	98.75	DEJU;0.604
119.50	119.75	DEJU;0.506
123.50	124.00	DEJU;0.541
131.00	131.25	DEJU;0.535
32.00	32.75	FOSP;0.759
113.50	114.75	FOSP;0.913
133.75	134.00	FOSP;0.672
157.00	157.50	FOSP;0.787
186.25	186.50	FOSP;0.534
220.00	220.25	FOSP;0.500
234.25	235.75	FOSP;0.636
260.00	261.75	FOSP;0.972
276.50	277.75	FOSP;0.879
154.75	155.00	GCKI;0.622
1.50	1.75	GRCA;0.578
130.25	130.75	GRCA;0.666
156.50	157.00	GRCA;0.548
24.75	25.00	GWTE;0.659
41.25	41.50	GWTE;0.503
64.50	64.75	GWTE;0.580
226.00	226.25	GWTE;0.604
250.00	250.50	GWTE;0.633
9.00	9.25	HETH;0.527
86.50	86.75	HETH;0.548
90.50	91.25	HETH;0.823
122.00	122.25	HETH;0.528
141.50	142.00	HETH;0.890
148.50	149.25	HETH;0.906
182.75	183.25	HETH;0.712
121.50	121.75	KILL;0.543
68.00	69.00	LISP;0.979
81.00	81.75	LISP;0.829
98.25	98.50	LISP;0.559
270.25	271.50	LISP;0.891
282.00	283.50	LISP;0.989
294.00	295.50	LISP;0.979
0.00	0.75	PISI;0.976
1.25	1.50	PISI;0.714
1.75	5.75	PISI;0.984
46.50	47.00	PISI;0.678
47.25	48.00	PISI;0.988
48.25	49.00	PISI;0.990
49.75	50.00	PISI;0.706
51.00	51.75	PISI;0.935
53.00	53.50	PISI;0.908
103.00	106.50	PISI;0.996
184.50	184.75	PISI;0.724
210.25	210.50	PISI;0.701
216.25	217.00	PISI;0.816
230.25	230.75	PISI;0.894
238.00	238.50	PISI;0.690
239.25	240.00	PISI;0.950
272.00	274.00	PISI;0.996
274.50	275.25	PISI;0.957
275.75	276.50	PISI;0.920
278.25	279.00	PISI;0.924
284.25	285.75	PISI;0.987
288.75	289.00	PISI;0.688
291.50	293.50	PISI;0.997
295.50	296.25	PISI;0.901
296.75	297.00	PISI;0.788
271.75	272.00	PROW;0.515
133.25	133.50	RBGR;0.533
199.50	200.00	RBGR;0.678
57.00	57.50	ROWR;0.747
1.50	2.00	SATH;0.640
63.00	63.50	SATH;0.640
94.75	95.00	SATH;0.516
188.00	188.75	SATH;0.670
216.75	217.00	SATH;0.567
226.50	227.00	SATH;0.636
266.25	266.75	SATH;0.529
247.25	247.50	SOSP;0.546
85.25	86.00	SWSP;0.844
5.50	5.75	TOSO;0.531
246.50	247.00	VESP;0.527
261.25	262.25	VESP;0.737
277.25	277.50	VESP;0.507
234.25	234.50	WAVI;0.516
11.75	13.00	WCSP;0.996
33.25	35.00	WCSP;0.993
72.25	73.50	WCSP;0.967
86.50	87.75	WCSP;0.983
96.50	97.75	WCSP;0.984
101.75	103.00	WCSP;0.973
110.00	112.00	WCSP;0.999
117.00	119.00	WCSP;0.992
124.75	126.50	WCSP;0.968
136.00	137.75	WCSP;0.994
142.75	144.75	WCSP;0.992
150.50	152.75	WCSP;0.996
160.75	162.75	WCSP;0.995
168.00	170.25	WCSP;0.993
171.00	171.50	WCSP;0.731
182.75	183.25	WCSP;0.692
190.75	193.00	WCSP;0.982
203.00	204.75	WCSP;0.978
220.25	221.75	WCSP;0.995
227.00	229.00	WCSP;0.982
236.50	238.50	WCSP;0.996
241.25	242.50	WCSP;0.946
244.75	246.75	WCSP;0.847
247.25	247.75	WCSP;0.728
253.50	255.00	WCSP;0.993
270.75	271.25	WCSP;0.761
271.50	272.00	WCSP;0.908
175.25	175.50	WETA;0.636
133.25	133.50	WILL;0.537
244.75	245.00	WTSP;0.560
269.00	270.00	WTSP;0.914
130.50	131.50	YRWA;0.899
172.50	173.25	YRWA;0.620
189.50	190.75	YRWA;0.984
201.75	203.00	YRWA;0.978
