112.25	112.50	AMGP;0.551
500.00	500.25	AMGP;0.609
0.25	0.50	AMRO;0.503
42.25	43.00	AMRO;0.888
96.25	97.00	AMRO;0.736
254.25	255.75	AMRO;0.769
269.50	270.00	AMRO;0.555
270.25	271.75	AMRO;0.727
272.25	275.75	AMRO;0.916
277.25	277.75	AMRO;0.539
278.00	278.50	AMRO;0.616
314.25	314.75	AMRO;0.543
323.25	323.50	AMRO;0.539
328.50	328.75	AMRO;0.517
329.00	329.75	AMRO;0.669
337.00	337.25	AMRO;0.530
342.75	344.00	AMRO;0.933
349.25	350.00	AMRO;0.789
379.75	380.00	AMRO;0.525
392.00	392.75	AMRO;0.779
400.25	400.75	AMRO;0.596
412.25	413.00	AMRO;0.751
419.00	419.50	AMRO;0.909
421.50	422.00	AMRO;0.822
427.00	427.75	AMRO;0.756
533.25	534.50	AMRO;0.780
541.00	542.00	AMRO;0.911
583.50	584.00	AMRO;0.704
261.75	262.25	BAOR;0.816
269.50	269.75	BAOR;0.681
307.25	307.75	BAOR;0.941
326.00	326.25	BAOR;0.515
133.25	133.50	BASA;0.511
173.25	173.50	BBWA;0.524
180.50	180.75	BBWA;0.699
69.00	70.00	BHCO;0.793
138.00	138.50	BHCO;0.774
207.25	207.75	BHCO;0.546
237.50	238.25	BHCO;0.741
363.00	363.25	BHCO;0.526
363.75	364.50	BHCO;0.695
397.75	398.00	BHCO;0.757
406.25	406.50	BHCO;0.581
416.25	416.75	BHCO;0.679
425.25	426.25	BHCO;0.855
479.00	479.50	BHCO;0.534
505.50	506.00	BHCO;0.597
514.00	514.75	BHCO;0.701
522.50	523.00	BHCO;0.795
549.75	550.00	BHCO;0.683
550.75	551.00	BHCO;0.504
559.25	560.00	BHCO;0.954
569.00	569.25	BHCO;0.605
581.25	582.00	BHCO;0.886
87.25	87.50	CHSP;0.534
153.00	154.25	CHSP;0.873
183.50	184.00	CHSP;0.749
206.50	207.75	CHSP;0.681
355.75	356.00	CHSP;0.504
388.00	389.00	CHSP;0.828
469.25	470.00	CHSP;0.597
563.50	563.75	CHSW;0.511
355.50	355.75	DEJU;0.510
356.00	356.25	DEJU;0.503
381.25	381.75	DEJU;0.684
469.50	470.25	DEJU;0.602
568.50	569.00	DEJU;0.638
18.00	18.50	DUNL;0.671
199.25	199.50	EAME;0.517
313.50	313.75	EAME;0.548
186.50	186.75	EATO;0.635
211.75	212.00	EVGR;0.525
529.00	529.50	EVGR;0.804
578.50	578.75	EVGR;0.787
194.50	194.75	FISP;0.523
257.25	257.50	FISP;0.560
93.50	93.75	FOSP;0.527
105.25	106.00	FOSP;0.948
186.50	187.25	FOSP;0.822
200.00	200.25	FOSP;0.510
455.50	456.00	FOSP;0.634
473.00	474.75	FOSP;0.928
510.25	510.50	FOSP;0.511
555.00	556.00	FOSP;0.846
146.00	146.50	GRYE;0.830
358.25	358.75	GRYE;0.688
342.50	343.00	GWTE;0.572
409.25	409.75	GWTE;0.673
573.25	573.50	GWTE;0.539
584.25	584.75	GWTE;0.560
14.25	14.75	HETH;0.788
22.00	22.75	HETH;0.938
25.75	26.00	HETH;0.525
375.75	376.00	HETH;0.787
430.25	430.50	LBDO;0.882
117.00	117.25	LEYE;0.723
53.25	53.75	MAMU;0.599
194.50	194.75	MOCH;0.514
352.50	352.75	MOCH;0.537
367.00	367.75	MOCH;0.922
461.25	461.75	OCWA;0.798
455.50	455.75	PUFI;0.546
328.75	329.00	RUTU;0.584
387.25	387.50	RUTU;0.549
400.25	400.75	SAND;0.714
346.50	346.75	SAPH;0.607
116.25	116.50	SATH;0.516
373.75	374.50	SATH;0.601
273.00	273.25	SBDO;0.930
328.75	329.00	SBDO;0.726
132.25	132.50	SEPL;0.622
16.75	17.00	SNBU;0.707
211.00	211.50	SNBU;0.877
510.00	510.50	SNBU;0.556
528.25	529.50	SNBU;0.888
577.75	578.25	SNBU;0.704
519.50	520.00	SWSP;0.729
240.25	240.75	TOSO;0.777
339.50	340.00	TOSO;0.608
462.00	462.75	TOSO;0.915
494.75	495.00	TOSO;0.500
54.50	54.75	WATA;0.556
97.75	98.00	WATA;0.582
93.75	94.25	WCSP;0.618
161.75	162.00	WCSP;0.754
187.00	187.75	WCSP;0.881
200.00	200.50	WCSP;0.586
338.25	339.00	WCSP;0.669
345.50	346.00	WCSP;0.699
359.75	361.00	WCSP;0.911
375.75	376.25	WCSP;0.628
384.75	385.75	WCSP;0.963
393.75	394.75	WCSP;0.984
173.25	173.50	WEFL;0.709
318.75	319.25	WILL;0.807
519.75	520.00	WIWA;0.535
352.25	353.00	WTSP;0.765
