189.50	189.75	AMBI;0.786
259.00	259.50	AMRO;0.575
282.75	283.75	AMRO;0.882
290.75	292.00	AMRO;0.911
292.25	292.50	AMRO;0.516
295.25	296.00	AMRO;0.690
300.25	301.00	AMRO;0.777
303.75	305.00	AMRO;0.760
305.25	305.75	AMRO;0.614
314.00	316.00	AMRO;0.710
316.25	316.50	AMRO;0.530
320.50	321.75	AMRO;0.718
325.50	325.75	AMRO;0.582
327.00	328.50	AMRO;0.946
331.75	333.25	AMRO;0.840
336.25	337.25	AMRO;0.595
347.50	348.25	AMRO;0.661
379.00	379.50	AMRO;0.538
388.50	389.25	AMRO;0.642
398.50	400.00	AMRO;0.886
408.00	408.75	AMRO;0.730
421.00	421.25	AMRO;0.512
423.00	423.25	AMRO;0.614
428.00	429.75	AMRO;0.846
437.50	439.25	AMRO;0.914
440.25	440.50	AMRO;0.554
454.25	455.25	AMRO;0.772
460.25	460.50	AMRO;0.558
464.50	465.00	AMRO;0.660
356.50	356.75	AMWI;0.672
268.75	269.00	BAOR;0.561
270.75	271.00	BAOR;0.526
282.75	283.00	BAOR;0.557
287.50	287.75	BAOR;0.588
296.25	296.50	BAOR;0.501
325.25	325.75	BHGR;0.595
45.00	45.25	BRSP;0.514
59.75	60.00	BRSP;0.562
494.00	494.75	BRSP;0.808
536.50	536.75	BRSP;0.527
595.25	595.75	BRSP;0.684
420.50	420.75	CATE;0.507
0.25	0.50	CHSP;0.683
8.50	10.50	CHSP;0.975
16.75	19.75	CHSP;0.989
25.50	27.75	CHSP;0.964
32.25	35.50	CHSP;0.978
39.25	40.25	CHSP;0.859
42.00	44.50	CHSP;0.950
48.00	49.00	CHSP;0.871
50.75	52.75	CHSP;0.979
60.00	61.25	CHSP;0.953
69.00	69.50	CHSP;0.724
76.25	77.75	CHSP;0.948
85.25	87.50	CHSP;0.963
95.00	95.75	CHSP;0.801
96.00	96.75	CHSP;0.788
103.50	105.50	CHSP;0.984
122.25	124.50	CHSP;0.957
131.25	133.50	CHSP;0.987
140.00	142.50	CHSP;0.983
150.00	152.25	CHSP;0.935
159.75	161.25	CHSP;0.968
176.75	179.00	CHSP;0.984
187.00	188.25	CHSP;0.973
194.75	197.75	CHSP;0.983
204.25	206.50	CHSP;0.928
214.50	217.00	CHSP;0.984
224.00	226.25	CHSP;0.988
233.25	235.25	CHSP;0.989
259.25	261.50	CHSP;0.950
268.50	271.00	CHSP;0.979
278.75	279.75	CHSP;0.857
294.25	296.25	CHSP;0.963
303.25	304.00	CHSP;0.866
321.00	321.50	CHSP;0.709
323.25	324.00	CHSP;0.865
339.00	339.25	CHSP;0.721
346.50	347.00	CHSP;0.702
347.25	347.50	CHSP;0.658
348.00	348.50	CHSP;0.673
355.50	356.00	CHSP;0.690
383.25	383.50	CHSP;0.737
388.25	390.25	CHSP;0.876
413.00	413.50	CHSP;0.756
422.00	424.00	CHSP;0.948
430.75	433.00	CHSP;0.992
437.00	437.50	CHSP;0.844
443.50	445.75	CHSP;0.964
450.00	451.00	CHSP;0.800
472.00	474.25	CHSP;0.977
488.25	489.00	CHSP;0.966
497.25	498.00	CHSP;0.890
504.25	504.50	CHSP;0.684
512.50	513.25	CHSP;0.755
518.75	520.50	CHSP;0.950
524.25	525.50	CHSP;0.871
527.25	527.50	CHSP;0.680
530.75	532.25	CHSP;0.896
534.50	535.00	CHSP;0.796
541.00	543.25	CHSP;0.994
545.25	547.00	CHSP;0.923
553.75	555.00	CHSP;0.928
555.25	555.50	CHSP;0.658
561.25	562.00	CHSP;0.812
571.25	572.50	CHSP;0.795
573.00	573.25	CHSP;0.691
586.00	587.75	CHSP;0.981
595.25	596.50	CHSP;0.933
25.00	25.50	DEJU;0.625
65.00	65.25	DEJU;0.533
390.00	390.25	DEJU;0.502
451.50	451.75	DEJU;0.559
463.25	464.00	DEJU;0.718
526.75	527.50	DEJU;0.683
536.00	536.25	DEJU;0.604
573.00	573.25	DEJU;0.509
240.75	241.00	EAME;0.509
132.75	133.00	EVGR;0.742
154.75	155.00	EVGR;0.613
228.75	229.00	EVGR;0.555
7.50	7.75	FISP;0.536
43.25	43.75	FISP;0.611
74.75	75.00	FISP;0.517
76.25	76.75	FISP;0.543
83.25	84.25	FISP;0.613
137.50	137.75	FISP;0.515
168.50	169.00	FISP;0.640
216.50	217.25	FISP;0.757
426.50	426.75	FISP;0.566
427.25	428.00	FISP;0.852
0.25	2.00	FOSP;0.988
7.50	7.75	FOSP;0.681
10.00	11.50	FOSP;0.969
20.25	22.25	FOSP;0.991
26.25	26.50	FOSP;0.690
31.25	32.00	FOSP;0.966
43.50	43.75	FOSP;0.659
55.50	56.00	FOSP;0.723
57.50	58.75	FOSP;0.745
67.00	68.75	FOSP;0.909
69.25	70.50	FOSP;0.877
77.25	78.75	FOSP;0.951
86.00	86.50	FOSP;0.758
87.75	89.00	FOSP;0.801
90.00	91.75	FOSP;0.989
95.50	96.50	FOSP;0.824
99.00	101.00	FOSP;0.989
108.50	110.50	FOSP;0.936
118.00	120.00	FOSP;0.986
121.00	121.75	FOSP;0.785
127.25	129.25	FOSP;0.992
136.50	136.75	FOSP;0.714
137.25	139.50	FOSP;0.978
142.50	143.75	FOSP;0.925
147.00	149.00	FOSP;0.992
152.25	153.75	FOSP;0.849
157.50	159.50	FOSP;0.991
164.50	166.25	FOSP;0.951
168.50	170.75	FOSP;0.981
174.75	176.25	FOSP;0.978
179.00	181.00	FOSP;0.986
185.00	187.00	FOSP;0.994
191.00	193.75	FOSP;0.989
198.00	198.75	FOSP;0.896
200.00	202.00	FOSP;0.989
202.75	204.25	FOSP;0.846
209.25	211.25	FOSP;0.997
217.25	221.25	FOSP;0.992
227.00	227.50	FOSP;0.690
229.50	231.50	FOSP;0.992
241.00	242.75	FOSP;0.982
251.25	253.00	FOSP;0.952
262.00	263.50	FOSP;0.967
273.00	275.00	FOSP;0.981
285.50	287.00	FOSP;0.971
297.25	299.00	FOSP;0.976
306.75	308.75	FOSP;0.995
317.00	319.00	FOSP;0.989
329.50	331.25	FOSP;0.984
341.50	343.50	FOSP;0.934
353.25	355.00	FOSP;0.931
363.00	364.75	FOSP;0.957
371.75	372.75	FOSP;0.784
374.50	376.25	FOSP;0.779
385.00	386.75	FOSP;0.862
394.75	396.75	FOSP;0.996
405.25	406.75	FOSP;0.962
416.50	418.25	FOSP;0.887
433.00	436.50	FOSP;0.974
446.25	448.00	FOSP;0.974
456.50	457.00	FOSP;0.677
458.25	460.00	FOSP;0.895
486.00	487.00	FOSP;0.818
496.00	497.25	FOSP;0.856
510.00	510.75	FOSP;0.977
516.50	517.75	FOSP;0.918
525.25	526.00	FOSP;0.916
547.00	548.00	FOSP;0.973
559.75	560.50	FOSP;0.779
572.25	573.00	FOSP;0.909
573.50	574.00	FOSP;0.743
583.00	584.75	FOSP;0.987
593.00	594.75	FOSP;0.986
83.50	83.75	GCSP;0.564
246.25	247.00	GCSP;0.552
391.00	391.75	GCSP;0.777
456.25	457.00	GCSP;0.652
266.75	267.00	GRYE;0.575
278.50	278.75	GRYE;0.621
430.50	431.00	GRYE;0.540
364.25	364.75	LASP;0.550
396.25	396.75	LASP;0.643
418.00	418.25	LASP;0.551
266.75	267.00	LEYE;0.505
278.50	278.75	LEYE;0.517
65.00	65.25	LISP;0.507
101.25	102.00	LISP;0.632
328.50	328.75	LISP;0.583
351.00	353.00	LISP;0.992
363.00	363.50	LISP;0.812
373.50	374.75	LISP;0.937
385.00	385.75	LISP;0.710
397.75	399.00	LISP;0.977
410.00	411.50	LISP;0.987
440.75	442.25	LISP;0.994
465.25	466.50	LISP;0.943
500.00	502.00	LISP;0.985
249.25	249.50	MOCH;0.566
250.75	251.00	MOCH;0.583
293.50	293.75	MOCH;0.542
461.50	461.75	PIGR;0.773
561.50	561.75	PIWA;0.604
571.25	571.75	PIWA;0.606
324.00	325.75	RBGR;0.955
25.50	25.75	SAPH;0.787
123.75	124.00	SAPH;0.525
585.00	585.25	SAPH;0.681
264.00	264.50	SATH;0.688
421.50	421.75	SATH;0.505
55.50	55.75	SNBU;0.625
62.25	62.50	SNBU;0.595
132.75	133.00	SNBU;0.633
154.50	155.00	SNBU;0.880
184.25	184.75	SNBU;0.720
218.25	218.75	SNBU;0.693
228.75	229.00	SNBU;0.750
585.50	586.00	SNBU;0.619
59.75	60.00	SOSP;0.547
283.50	283.75	SUTA;0.539
29.25	30.00	SWSP;0.749
47.00	47.75	SWSP;0.749
79.25	79.75	SWSP;0.676
523.75	524.50	SWSP;0.639
532.00	532.25	SWSP;0.550
23.00	23.75	VATH;0.969
37.75	38.25	VATH;0.614
63.25	63.50	VATH;0.604
71.25	72.25	VATH;0.879
92.50	93.00	VATH;0.814
93.50	93.75	VATH;0.507
114.75	115.00	VATH;0.522
124.75	125.00	VATH;0.548
130.75	131.00	VATH;0.543
144.25	145.50	VATH;0.981
156.50	157.00	VATH;0.813
161.25	162.50	VATH;0.989
167.75	168.50	VATH;0.919
205.25	205.50	VATH;0.672
243.00	243.50	VATH;0.873
339.25	339.75	VATH;0.544
1.50	1.75	VESP;0.506
11.00	11.75	VESP;0.728
78.25	78.75	VESP;0.539
110.00	110.25	VESP;0.570
170.00	170.50	VESP;0.517
330.50	331.00	VESP;0.606
341.00	341.75	VESP;0.692
459.25	459.75	VESP;0.606
335.50	336.00	WATA;0.706
346.25	346.50	WATA;0.572
569.00	569.50	WATA;0.539
442.50	442.75	WAVI;0.559
1.75	2.25	WCSP;0.911
7.00	7.75	WCSP;0.892
11.25	11.75	WCSP;0.725
16.00	16.50	WCSP;0.663
35.75	36.25	WCSP;0.691
43.25	43.50	WCSP;0.708
44.75	45.50	WCSP;0.977
50.25	50.75	WCSP;0.790
59.50	60.25	WCSP;0.950
68.00	68.25	WCSP;0.669
88.50	88.75	WCSP;0.699
175.50	175.75	WCSP;0.703
198.25	198.50	WCSP;0.673
247.50	248.00	WCSP;0.687
256.75	258.00	WCSP;0.978
304.25	305.75	WCSP;0.969
312.50	313.00	WCSP;0.704
319.25	320.75	WCSP;0.971
345.00	346.25	WCSP;0.975
361.50	363.00	WCSP;0.977
365.50	367.25	WCSP;0.960
368.75	369.75	WCSP;0.767
371.75	372.75	WCSP;0.896
375.25	375.75	WCSP;0.712
376.25	379.00	WCSP;0.991
384.00	384.75	WCSP;0.764
392.25	393.50	WCSP;0.969
394.50	395.00	WCSP;0.712
400.00	401.75	WCSP;0.992
406.25	406.50	WCSP;0.660
408.50	410.00	WCSP;0.963
412.00	412.50	WCSP;0.711
425.00	425.50	WCSP;0.677
428.50	430.00	WCSP;0.984
433.00	433.75	WCSP;0.862
448.25	449.75	WCSP;0.944
453.50	454.25	WCSP;0.811
458.25	458.75	WCSP;0.771
459.00	459.50	WCSP;0.676
466.25	469.00	WCSP;0.977
474.75	476.75	WCSP;0.996
480.00	481.00	WCSP;0.878
484.50	487.00	WCSP;0.994
492.50	494.00	WCSP;0.804
496.50	496.75	WCSP;0.698
504.50	507.00	WCSP;0.996
507.25	509.00	WCSP;0.984
513.50	515.00	WCSP;0.982
516.25	517.50	WCSP;0.847
520.75	521.75	WCSP;0.851
547.25	549.00	WCSP;0.913
551.00	552.50	WCSP;0.961
557.75	560.75	WCSP;0.994
566.25	568.00	WCSP;0.983
574.25	576.00	WCSP;0.991
581.50	583.50	WCSP;0.997
590.50	592.25	WCSP;0.984
594.25	595.00	WCSP;0.710
598.50	600.00	WCSP;0.995
37.00	37.75	WIWA;0.834
92.75	93.50	WIWA;0.947
105.50	106.75	WIWA;0.992
113.25	115.00	WIWA;0.992
27.75	28.75	WTSP;0.840
35.50	36.00	WTSP;0.684
50.25	50.75	WTSP;0.785
66.50	66.75	WTSP;0.671
72.50	74.50	WTSP;0.961
80.50	83.00	WTSP;0.974
231.50	234.00	WTSP;0.989
235.00	239.00	WTSP;0.991
243.00	246.00	WTSP;0.982
247.00	251.50	WTSP;0.984
253.75	257.00	WTSP;0.995
264.50	268.00	WTSP;0.991
271.00	272.75	WTSP;0.987
276.25	279.50	WTSP;0.994
280.50	283.00	WTSP;0.982
287.75	290.50	WTSP;0.989
292.75	294.25	WTSP;0.912
299.00	303.50	WTSP;0.995
310.50	315.25	WTSP;0.988
319.25	319.75	WTSP;0.709
321.00	323.50	WTSP;0.976
324.75	325.25	WTSP;0.702
333.25	336.25	WTSP;0.983
336.75	340.00	WTSP;0.981
343.75	345.50	WTSP;0.943
347.00	350.75	WTSP;0.955
356.50	360.25	WTSP;0.994
365.00	366.50	WTSP;0.971
368.25	371.75	WTSP;0.976
379.00	383.50	WTSP;0.997
390.50	392.50	WTSP;0.921
399.75	400.25	WTSP;0.778
401.75	405.25	WTSP;0.992
407.00	409.00	WTSP;0.949
411.75	416.50	WTSP;0.996
421.00	422.00	WTSP;0.876
422.25	422.50	WTSP;0.663
423.75	427.75	WTSP;0.986
437.75	440.75	WTSP;0.973
451.00	451.50	WTSP;0.692
452.00	454.50	WTSP;0.987
455.50	456.50	WTSP;0.769
457.25	458.25	WTSP;0.864
464.50	464.75	WTSP;0.710
467.25	468.25	WTSP;0.795
469.00	472.00	WTSP;0.994
476.50	485.00	WTSP;0.992
487.25	488.75	WTSP;0.956
489.00	494.00	WTSP;0.995
501.50	504.00	WTSP;0.988
504.50	505.00	WTSP;0.758
507.00	507.75	WTSP;0.827
510.75	514.25	WTSP;0.992
514.50	516.50	WTSP;0.990
520.50	523.75	WTSP;0.943
527.50	529.50	WTSP;0.995
532.50	535.00	WTSP;0.988
537.25	541.25	WTSP;0.994
543.00	546.25	WTSP;0.988
548.00	552.00	WTSP;0.982
554.75	558.25	WTSP;0.982
562.00	567.00	WTSP;0.995
567.75	569.75	WTSP;0.992
574.00	574.75	WTSP;0.757
576.25	582.25	WTSP;0.996
587.50	592.00	WTSP;0.998
596.50	599.00	WTSP;0.979
3.50	3.75	YRWA;0.516
172.50	172.75	YRWA;0.553
