287.75	288.00	AMAV;0.527
2.00	3.25	AMRO;0.887
8.25	10.75	AMRO;0.881
30.25	32.75	AMRO;0.961
36.25	40.75	AMRO;0.989
49.50	51.25	AMRO;0.965
55.25	56.25	AMRO;0.776
63.00	66.75	AMRO;0.989
71.75	72.50	AMRO;0.993
75.75	76.25	AMRO;0.901
78.00	78.25	AMRO;0.785
120.75	123.00	AMRO;0.993
124.75	126.75	AMRO;0.912
184.50	185.75	AMRO;0.831
246.50	247.50	AMRO;0.899
247.75	249.75	AMRO;0.856
252.00	258.50	AMRO;0.995
268.25	269.50	AMRO;0.880
270.50	273.50	AMRO;0.910
277.75	280.25	AMRO;0.920
285.00	287.25	AMRO;0.965
291.25	292.50	AMRO;0.912
293.25	293.50	AMRO;0.667
40.25	40.50	BAOR;0.556
57.00	57.25	BAOR;0.601
291.50	291.75	BAOR;0.541
293.25	293.50	BAOR;0.525
131.25	131.50	BCCH;0.501
84.75	85.00	BHVI;0.500
232.50	233.00	BLGU;0.522
236.25	236.50	BLTE;0.556
9.25	10.00	BRSP;0.680
113.50	113.75	BRSP;0.569
114.25	114.50	BRSP;0.547
187.25	187.75	BRSP;0.570
200.25	200.50	BRSP;0.521
234.75	235.50	BRSP;0.554
290.00	290.50	BRSP;0.527
290.75	291.25	BRSP;0.659
198.75	199.00	BTNW;0.625
34.50	34.75	CAFI;0.527
8.75	10.25	CHSP;0.848
17.00	19.00	CHSP;0.805
32.00	33.00	CHSP;0.647
41.00	43.50	CHSP;0.902
51.00	52.50	CHSP;0.785
60.25	60.75	CHSP;0.618
79.25	79.75	CHSP;0.606
88.75	90.50	CHSP;0.930
95.25	96.25	CHSP;0.683
104.00	105.25	CHSP;0.867
114.25	114.75	CHSP;0.523
123.00	124.25	CHSP;0.857
133.25	133.50	CHSP;0.523
147.25	147.75	CHSP;0.625
148.00	148.50	CHSP;0.576
173.00	173.25	CHSP;0.523
180.75	181.00	CHSP;0.507
181.25	181.75	CHSP;0.561
187.50	189.75	CHSP;0.796
193.25	194.00	CHSP;0.901
200.25	201.50	CHSP;0.743
209.50	209.75	CHSP;0.510
210.25	211.00	CHSP;0.667
235.25	236.00	CHSP;0.763
262.00	263.00	CHSP;0.691
271.25	271.75	CHSP;0.667
280.50	281.75	CHSP;0.742
113.00	113.50	DEJU;0.618
16.00	16.50	EAME;0.724
145.25	145.50	FOSP;0.561
244.25	245.50	FOSP;0.864
36.25	36.75	GWTE;0.676
178.50	178.75	GWTE;0.565
93.00	93.75	HETH;0.949
131.25	132.00	HETH;0.940
151.25	151.50	HETH;0.517
171.75	172.00	HETH;0.533
265.00	265.50	HETH;0.828
19.50	21.00	LISP;0.987
33.50	34.25	LISP;0.685
47.25	48.25	LISP;0.985
61.00	61.75	LISP;0.671
74.25	75.00	LISP;0.945
100.25	101.75	LISP;0.994
140.25	141.25	LISP;0.970
168.50	168.75	NOCA;0.515
0.75	4.75	PISI;0.996
8.25	8.50	PISI;0.666
76.25	78.00	PISI;0.993
83.00	84.00	PISI;0.978
152.50	155.25	PISI;0.996
155.75	156.50	PISI;0.892
158.00	166.25	PISI;0.998
166.75	168.75	PISI;0.898
169.25	170.00	PISI;0.976
171.00	171.75	PISI;0.968
223.75	224.50	PISI;0.877
226.00	228.50	PISI;0.993
229.00	232.00	PISI;0.984
236.00	236.75	PISI;0.858
240.25	241.00	PISI;0.984
34.50	34.75	PUFI;0.547
280.00	280.50	RBGR;0.702
150.00	150.25	RCKI;0.519
276.00	276.50	RCKI;0.518
252.00	253.00	RUGR;0.837
253.25	256.00	RUGR;0.871
7.75	8.50	SATH;0.666
10.50	11.25	SATH;0.721
262.00	262.75	SATH;0.720
267.00	268.25	SATH;0.891
292.50	292.75	SATH;0.508
299.25	299.75	SATH;0.589
141.50	141.75	SWSP;0.568
292.50	292.75	TOSO;0.531
298.50	298.75	TOSO;0.505
0.25	0.75	WCSP;0.738
5.00	6.75	WCSP;0.994
13.75	15.25	WCSP;0.995
21.25	23.00	WCSP;0.996
29.25	30.75	WCSP;0.960
37.50	39.00	WCSP;0.972
45.25	46.75	WCSP;0.987
54.75	56.50	WCSP;0.986
63.75	64.75	WCSP;0.957
72.25	74.00	WCSP;0.989
85.75	87.25	WCSP;0.992
93.25	95.25	WCSP;0.995
101.75	103.75	WCSP;0.993
109.75	111.50	WCSP;0.995
117.75	119.50	WCSP;0.994
126.00	127.75	WCSP;0.994
135.00	136.50	WCSP;0.996
143.00	144.75	WCSP;0.991
151.25	151.75	WCSP;0.743
156.75	158.25	WCSP;0.995
166.00	167.00	WCSP;0.989
173.75	175.75	WCSP;0.996
182.25	184.00	WCSP;0.994
191.00	192.75	WCSP;0.993
198.75	200.00	WCSP;0.975
207.25	209.25	WCSP;0.995
216.25	218.00	WCSP;0.996
224.25	225.75	WCSP;0.988
233.00	234.50	WCSP;0.997
241.75	243.75	WCSP;0.997
251.25	253.00	WCSP;0.966
260.00	261.75	WCSP;0.954
269.50	270.50	WCSP;0.854
278.00	279.75	WCSP;0.976
286.50	288.00	WCSP;0.994
295.75	297.25	WCSP;0.995
195.75	196.25	WEME;0.528
232.75	233.00	WTSP;0.549
269.50	269.75	WTSP;0.634
