21.75	22.00	AMAV;0.558
238.75	239.25	AMGP;0.766
2.25	3.00	AMRO;0.614
8.00	9.00	AMRO;0.904
9.75	10.00	AMRO;0.546
27.25	29.00	AMRO;0.972
31.25	32.50	AMRO;0.907
34.75	35.75	AMRO;0.918
59.00	60.00	AMRO;0.953
78.25	79.25	AMRO;0.726
82.25	82.75	AMRO;0.586
88.25	89.75	AMRO;0.946
93.75	94.75	AMRO;0.573
98.25	98.50	AMRO;0.576
101.75	102.25	AMRO;0.632
104.00	105.50	AMRO;0.809
105.75	107.75	AMRO;0.923
117.00	118.25	AMRO;0.931
133.25	134.00	AMRO;0.638
188.25	189.75	AMRO;0.746
192.25	193.00	AMRO;0.817
223.00	223.75	AMRO;0.738
235.25	235.75	AMRO;0.551
245.50	246.00	AMRO;0.540
246.50	246.75	AMRO;0.556
260.50	261.50	AMRO;0.649
273.50	274.50	AMRO;0.737
282.50	284.75	AMRO;0.694
205.50	206.00	DUNL;0.549
278.00	278.50	EAME;0.593
17.75	19.00	FOSP;0.981
38.50	40.50	FOSP;0.954
83.75	85.25	FOSP;0.908
98.50	100.25	FOSP;0.917
112.00	112.75	FOSP;0.822
113.00	113.50	FOSP;0.691
124.75	126.75	FOSP;0.991
134.25	134.50	FOSP;0.553
139.25	139.75	FOSP;0.546
140.00	140.50	FOSP;0.566
267.75	268.25	FOSP;0.776
278.25	278.75	FOSP;0.655
213.50	214.25	GCSP;0.595
15.25	15.50	GWTE;0.557
67.25	67.50	GWTE;0.554
96.50	97.00	GWTE;0.787
181.00	181.25	GWTE;0.532
222.50	223.00	GWTE;0.620
200.50	201.00	HETH;0.582
247.25	247.50	HETH;0.637
52.00	52.25	LBDO;0.684
8.50	9.25	MAMU;0.678
86.00	86.75	MOCH;0.764
166.25	166.75	MOCH;0.575
113.25	113.75	PIGR;0.522
163.00	163.25	PIGR;0.519
291.25	291.50	RBGR;0.514
279.00	279.50	REVI;0.659
21.25	21.75	RUTU;0.601
21.25	21.75	SATH;0.679
76.50	77.00	SATH;0.604
53.00	53.50	SNBU;0.622
99.50	99.75	SNBU;0.583
113.00	113.25	SNBU;0.571
202.25	202.50	SNBU;0.846
128.75	129.00	TOSO;0.519
141.25	141.75	TOSO;0.694
183.75	184.00	TOSO;0.569
190.75	191.00	TOSO;0.569
268.50	268.75	TOSO;0.524
281.00	281.50	TOSO;0.565
296.75	297.00	VESP;0.532
0.00	1.50	WCSP;0.997
3.75	4.75	WCSP;0.944
5.25	6.75	WCSP;0.900
12.00	14.00	WCSP;0.981
15.75	17.25	WCSP;0.992
25.50	27.25	WCSP;0.995
29.00	31.25	WCSP;0.990
36.75	38.50	WCSP;0.990
42.50	44.25	WCSP;0.990
46.25	48.00	WCSP;0.997
56.00	58.50	WCSP;0.995
62.50	63.75	WCSP;0.880
65.75	67.25	WCSP;0.992
70.00	70.50	WCSP;0.804
72.25	75.75	WCSP;0.991
80.00	80.75	WCSP;0.926
87.25	87.75	WCSP;0.752
90.00	91.00	WCSP;0.956
92.25	92.50	WCSP;0.666
95.75	96.00	WCSP;0.664
101.00	103.25	WCSP;0.978
109.00	110.50	WCSP;0.959
114.25	115.00	WCSP;0.746
116.25	116.75	WCSP;0.683
118.75	120.25	WCSP;0.941
122.00	123.25	WCSP;0.995
129.75	131.00	WCSP;0.996
134.00	134.75	WCSP;0.911
138.50	140.25	WCSP;0.887
149.00	150.50	WCSP;0.998
152.50	154.50	WCSP;0.995
158.00	159.25	WCSP;0.986
166.50	168.25	WCSP;0.961
169.00	170.75	WCSP;0.997
179.50	181.00	WCSP;0.815
193.50	194.75	WCSP;0.974
197.75	199.75	WCSP;0.993
211.50	213.25	WCSP;0.987
216.00	216.50	WCSP;0.732
224.00	227.50	WCSP;0.991
236.25	236.75	WCSP;0.708
239.25	239.75	WCSP;0.695
240.50	242.25	WCSP;0.983
248.25	249.25	WCSP;0.982
253.50	255.00	WCSP;0.989
258.25	259.25	WCSP;0.896
269.50	270.75	WCSP;0.953
281.75	282.50	WCSP;0.876
285.00	286.75	WCSP;0.994
292.50	294.00	WCSP;0.991
298.75	300.00	WCSP;0.906
67.25	67.75	WILL;0.563
80.25	80.75	WTSP;0.579
86.00	86.75	WTSP;0.745
95.75	96.25	WTSP;0.621
101.00	101.50	WTSP;0.649
102.50	102.75	WTSP;0.534
114.00	115.00	WTSP;0.860
118.75	119.00	WTSP;0.666
127.00	127.75	WTSP;0.909
180.00	180.75	WTSP;0.646
211.25	212.00	WTSP;0.821
236.00	236.25	WTSP;0.514
253.25	253.75	WTSP;0.530
276.25	276.50	WTSP;0.515
