61.25	61.50	AMRO;0.500
201.00	201.25	ATSP;0.870
202.25	202.50	ATSP;0.925
1.75	2.25	BCCH;0.684
0.50	0.75	BLGU;0.513
18.00	18.75	BLGU;0.748
34.75	35.00	BRSP;0.590
223.00	224.50	CHSP;0.964
252.00	253.50	CHSP;0.974
55.25	55.75	DEJU;0.630
60.50	61.00	DEJU;0.514
225.00	225.25	DEJU;0.577
117.75	118.00	EATO;0.501
46.50	47.00	FISP;0.582
98.50	98.75	FISP;0.605
149.50	150.00	FISP;0.586
165.00	165.75	FISP;0.863
3.75	6.00	FOSP;0.995
20.00	22.00	FOSP;0.996
37.25	39.25	FOSP;0.991
47.75	48.75	FOSP;0.816
52.25	54.25	FOSP;0.995
65.75	68.25	FOSP;0.994
73.25	75.50	FOSP;0.987
81.50	83.75	FOSP;0.992
89.00	90.75	FOSP;0.992
95.25	96.50	FOSP;0.865
99.25	100.00	FOSP;0.841
109.25	112.25	FOSP;0.974
117.50	119.75	FOSP;0.994
126.50	128.25	FOSP;0.986
132.00	134.50	FOSP;0.996
135.50	137.75	FOSP;0.992
145.50	148.75	FOSP;0.982
155.75	158.00	FOSP;0.983
165.75	168.50	FOSP;0.977
176.50	178.00	FOSP;0.911
185.50	187.25	FOSP;0.901
196.75	198.00	FOSP;0.960
206.50	208.50	FOSP;0.994
219.00	220.75	FOSP;0.996
224.50	225.00	FOSP;0.707
225.25	225.75	FOSP;0.809
236.00	237.00	FOSP;0.841
279.75	280.00	FOSP;0.719
0.25	1.00	GCSP;0.892
18.25	19.25	GCSP;0.666
52.00	52.50	GCSP;0.531
96.50	96.75	GCSP;0.511
248.75	249.00	GCSP;0.503
249.25	249.50	GCSP;0.541
250.75	251.00	GCSP;0.508
263.50	264.00	GCSP;0.693
261.50	262.00	HEWA;0.654
105.50	105.75	HOLA;0.739
60.50	61.00	LISP;0.525
71.75	72.00	MOCH;0.612
164.75	165.00	MOCH;0.528
242.00	242.75	MOCH;0.736
33.00	33.25	NOWA;0.712
156.25	156.75	OROR;0.618
104.50	105.25	PISI;0.867
139.25	139.50	PISI;0.634
168.75	169.50	PISI;0.755
280.50	281.00	PISI;0.785
282.00	283.00	PISI;0.973
285.75	286.25	PISI;0.648
287.00	287.75	PISI;0.834
61.00	61.50	PUFI;0.654
111.25	111.50	SNBU;0.504
126.50	127.00	SNBU;0.631
177.00	177.50	SNBU;0.608
236.25	236.50	SNBU;0.535
249.75	250.00	SNBU;0.521
99.25	99.75	VESP;0.735
208.25	208.50	VESP;0.531
11.50	12.00	WCSP;0.526
13.25	13.75	WCSP;0.918
23.25	23.75	WCSP;0.621
33.00	33.25	WCSP;0.572
34.25	35.00	WCSP;0.762
38.50	39.25	WCSP;0.725
51.75	52.00	WCSP;0.570
115.25	115.75	WCSP;0.562
148.00	148.25	WCSP;0.608
175.50	175.75	WCSP;0.630
182.75	183.00	WCSP;0.526
186.25	186.75	WCSP;0.594
241.25	241.75	WCSP;0.652
11.00	12.00	WTSP;0.815
22.75	23.75	WTSP;0.862
46.25	47.25	WTSP;0.874
58.25	59.00	WTSP;0.830
96.50	98.75	WTSP;0.988
119.75	122.75	WTSP;0.993
142.00	145.00	WTSP;0.990
149.50	149.75	WTSP;0.692
152.00	154.75	WTSP;0.985
164.75	165.25	WTSP;0.672
171.75	174.75	WTSP;0.994
182.50	185.50	WTSP;0.970
194.00	196.25	WTSP;0.995
199.25	202.00	WTSP;0.981
211.25	213.75	WTSP;0.964
216.50	219.00	WTSP;0.993
233.25	233.75	WTSP;0.783
240.50	242.75	WTSP;0.926
248.25	249.00	WTSP;0.764
251.00	251.50	WTSP;0.681
263.75	266.75	WTSP;0.995
270.75	272.25	WTSP;0.961
298.75	300.00	WTSP;0.984
193.25	194.00	WWCR;0.758
7.50	9.00	YRWA;0.998
68.50	70.00	YRWA;0.991
83.75	84.75	YRWA;0.995
101.50	103.25	YRWA;0.995
115.50	116.50	YRWA;0.861
129.00	130.25	YRWA;0.996
144.75	145.00	YRWA;0.666
167.75	168.00	YRWA;0.666
183.25	184.00	YRWA;0.885
198.25	199.50	YRWA;0.992
214.00	215.25	YRWA;0.996
227.50	228.00	YRWA;0.867
237.50	238.50	YRWA;0.987
254.00	254.50	YRWA;0.669
261.75	262.25	YRWA;0.789
284.00	285.00	YRWA;0.996
295.50	296.50	YRWA;0.986
