182.25	182.50	AMGP;0.553
15.75	17.00	AMRO;0.846
21.50	22.50	AMRO;0.803
24.25	25.75	AMRO;0.961
28.75	29.25	AMRO;0.694
42.75	44.25	AMRO;0.993
56.50	57.75	AMRO;0.780
59.25	60.00	AMRO;0.919
62.50	63.00	AMRO;0.734
64.25	65.00	AMRO;0.812
76.50	77.75	AMRO;0.950
78.50	79.00	AMRO;0.741
81.50	82.50	AMRO;0.902
84.50	85.25	AMRO;0.802
90.50	92.50	AMRO;0.990
95.75	97.25	AMRO;0.878
99.00	99.50	AMRO;0.673
101.75	102.75	AMRO;0.840
108.00	108.50	AMRO;0.747
123.50	124.50	AMRO;0.905
160.00	161.25	AMRO;0.992
166.25	167.50	AMRO;0.889
172.00	172.50	AMRO;0.753
173.50	175.00	AMRO;0.950
176.50	177.75	AMRO;0.812
179.00	179.50	AMRO;0.722
181.75	182.75	AMRO;0.822
184.50	185.00	AMRO;0.684
187.00	188.50	AMRO;0.996
191.75	192.75	AMRO;0.825
194.00	195.75	AMRO;0.979
200.00	201.50	AMRO;0.989
203.25	203.75	AMRO;0.730
205.25	207.00	AMRO;0.990
208.75	210.50	AMRO;0.911
212.50	214.00	AMRO;0.918
214.75	216.00	AMRO;0.918
218.25	218.75	AMRO;0.752
220.25	220.50	AMRO;0.680
223.00	227.25	AMRO;0.950
228.00	229.75	AMRO;0.933
231.00	232.75	AMRO;0.938
233.50	234.25	AMRO;0.761
238.00	239.75	AMRO;0.947
241.25	242.25	AMRO;0.826
243.25	244.50	AMRO;0.867
244.75	246.00	AMRO;0.950
247.00	248.00	AMRO;0.910
248.75	250.50	AMRO;0.992
251.75	253.25	AMRO;0.931
256.50	258.50	AMRO;0.974
259.00	260.25	AMRO;0.943
265.50	266.00	AMRO;0.723
269.25	270.25	AMRO;0.793
271.00	272.75	AMRO;0.908
273.25	274.00	AMRO;0.722
275.50	276.00	AMRO;0.711
277.75	279.25	AMRO;0.978
282.50	283.50	AMRO;0.738
285.75	286.50	AMRO;0.778
287.75	289.00	AMRO;0.953
295.00	296.75	AMRO;0.925
297.25	298.25	AMRO;0.879
195.00	195.50	BHGR;0.604
245.25	245.50	BHGR;0.502
0.25	0.50	BOWA;0.523
128.50	129.00	CHSW;0.586
128.00	128.50	EABL;0.740
184.75	185.25	EABL;0.713
10.75	11.00	FOSP;0.510
22.75	23.75	FOSP;0.673
26.25	26.75	FOSP;0.678
35.00	36.50	FOSP;0.923
54.00	55.00	FOSP;0.847
68.50	69.75	FOSP;0.720
82.25	84.25	FOSP;0.935
93.00	94.75	FOSP;0.990
104.00	104.75	FOSP;0.857
132.00	132.75	FOSP;0.740
148.25	149.50	FOSP;0.867
155.50	157.00	FOSP;0.677
169.25	171.00	FOSP;0.924
189.00	190.75	FOSP;0.902
216.75	218.00	FOSP;0.974
229.50	230.75	FOSP;0.848
243.00	243.25	FOSP;0.545
253.50	255.00	FOSP;0.942
262.50	264.00	FOSP;0.852
266.75	267.50	FOSP;0.655
272.25	273.25	FOSP;0.714
280.25	281.75	FOSP;0.843
293.25	294.00	FOSP;0.787
104.50	104.75	GCSP;0.520
181.25	181.75	GCSP;0.672
279.75	280.00	GCSP;0.618
108.00	108.25	HETH;0.554
6.25	6.50	LALO;0.626
36.25	36.50	LASP;0.522
96.50	96.75	RBGR;0.539
223.25	223.50	RBGR;0.520
218.50	218.75	REVI;0.695
130.50	131.00	ROWR;0.728
27.25	27.50	SATH;0.513
31.50	31.75	SATH;0.534
119.25	119.75	SATH;0.592
182.75	183.25	SBDO;0.741
6.25	6.50	SNBU;0.560
72.25	72.50	SNBU;0.539
132.25	132.75	SNBU;0.635
156.00	156.50	SNBU;0.602
176.75	177.50	SUTA;0.582
7.00	7.75	SWSP;0.838
30.75	31.25	SWSP;0.619
54.00	54.50	SWSP;0.547
65.25	65.75	SWSP;0.692
77.50	78.50	SWSP;0.857
89.50	90.75	SWSP;0.905
101.00	101.50	SWSP;0.719
160.00	160.25	SWSP;0.755
198.50	198.75	SWSP;0.619
223.75	224.50	SWSP;0.864
233.25	233.50	SWSP;0.570
250.75	251.50	SWSP;0.764
258.75	259.00	SWSP;0.595
279.25	279.50	SWSP;0.523
297.00	297.50	SWSP;0.567
166.25	166.75	TOSO;0.581
238.25	238.75	TOSO;0.627
246.00	246.75	TOSO;0.687
298.00	298.25	TOSO;0.516
144.75	145.75	VESP;0.957
149.25	149.75	VESP;0.603
170.50	170.75	VESP;0.548
190.25	190.50	VESP;0.513
230.00	230.25	VESP;0.503
267.75	268.50	VESP;0.630
281.25	281.75	VESP;0.640
294.50	294.75	VESP;0.579
1.00	2.50	WCSP;0.993
8.25	9.00	WCSP;0.944
11.25	13.00	WCSP;0.994
14.50	16.00	WCSP;0.986
17.00	19.00	WCSP;0.995
24.25	26.00	WCSP;0.940
32.00	34.00	WCSP;0.987
37.00	40.75	WCSP;0.998
44.75	46.75	WCSP;0.996
49.00	50.75	WCSP;0.970
55.25	56.00	WCSP;0.925
60.00	62.75	WCSP;0.997
66.00	69.25	WCSP;0.995
71.25	72.25	WCSP;0.972
73.50	74.25	WCSP;0.924
74.50	76.25	WCSP;0.994
79.00	82.00	WCSP;0.995
87.00	89.00	WCSP;0.993
98.00	100.00	WCSP;0.994
104.75	106.75	WCSP;0.993
110.50	112.25	WCSP;0.994
115.50	116.00	WCSP;0.813
116.75	118.75	WCSP;0.990
120.50	121.00	WCSP;0.881
121.75	122.50	WCSP;0.947
122.75	123.50	WCSP;0.943
125.25	128.00	WCSP;0.994
130.75	131.25	WCSP;0.697
134.75	135.00	WCSP;0.829
136.25	138.50	WCSP;0.995
143.00	143.75	WCSP;0.937
147.25	148.25	WCSP;0.945
157.00	158.00	WCSP;0.969
164.25	166.00	WCSP;0.990
171.00	173.00	WCSP;0.982
178.00	180.75	WCSP;0.993
185.25	187.00	WCSP;0.994
190.25	190.50	WCSP;0.663
191.25	191.75	WCSP;0.708
192.00	194.00	WCSP;0.992
197.00	197.25	WCSP;0.743
197.50	198.25	WCSP;0.868
199.25	201.25	WCSP;0.995
207.00	208.75	WCSP;0.994
210.75	211.75	WCSP;0.957
213.50	215.25	WCSP;0.997
218.25	219.75	WCSP;0.988
220.75	222.75	WCSP;0.995
227.25	229.00	WCSP;0.987
234.00	235.75	WCSP;0.930
240.75	242.75	WCSP;0.886
247.25	249.00	WCSP;0.969
255.00	256.75	WCSP;0.994
260.75	262.50	WCSP;0.996
267.00	268.75	WCSP;0.960
273.50	275.25	WCSP;0.988
280.00	281.25	WCSP;0.921
282.25	283.00	WCSP;0.808
286.00	287.75	WCSP;0.985
292.25	293.75	WCSP;0.931
299.25	300.00	WCSP;0.840
123.25	123.75	WILL;0.686
128.00	128.25	WILL;0.516
223.75	224.00	WIWA;0.523
263.25	263.50	WOTH;0.512
19.00	20.00	WTSP;0.827
20.50	21.00	WTSP;0.527
114.25	114.50	WTSP;0.528
135.00	135.75	WTSP;0.844
164.00	164.75	WTSP;0.619
285.25	285.75	WTSP;0.606
299.25	300.00	WTSP;0.774
