4.50	5.00	AMRO;0.604
244.50	245.00	BCCH;0.636
230.50	231.00	BLJA;0.673
11.50	11.75	BTNW;0.513
144.50	145.00	FISP;0.681
215.00	217.50	FOSP;0.995
233.25	236.00	FOSP;0.996
269.75	272.50	FOSP;0.996
293.75	296.50	FOSP;0.993
197.25	197.50	HETH;0.667
244.50	245.00	HETH;0.695
285.00	285.50	HETH;0.762
155.50	155.75	LBDO;0.503
169.75	170.25	MOCH;0.589
288.75	289.00	MOCH;0.571
153.25	154.25	SPSA;0.588
3.25	3.75	SWSP;0.820
12.50	13.00	SWSP;0.534
36.75	38.00	SWSP;0.946
47.50	48.50	SWSP;0.842
72.00	73.25	SWSP;0.709
263.00	263.50	SWSP;0.727
18.75	19.75	VATH;0.978
116.25	116.75	VATH;0.796
135.25	135.75	VATH;0.732
256.50	257.00	VATH;0.893
1.50	3.00	WCSP;0.973
14.50	15.25	WCSP;0.895
20.75	22.25	WCSP;0.991
25.25	26.00	WCSP;0.887
31.50	32.75	WCSP;0.958
43.00	44.00	WCSP;0.964
56.25	56.75	WCSP;0.818
58.50	60.50	WCSP;0.925
65.75	66.50	WCSP;0.773
69.75	71.00	WCSP;0.995
82.50	83.75	WCSP;0.979
105.50	107.00	WCSP;0.994
118.75	120.50	WCSP;0.996
128.50	130.25	WCSP;0.995
133.50	133.75	WCSP;0.746
144.50	145.75	WCSP;0.862
157.25	158.75	WCSP;0.986
166.50	167.75	WCSP;0.897
179.25	180.50	WCSP;0.980
181.75	183.25	WCSP;0.992
194.25	195.00	WCSP;0.932
197.25	197.75	WCSP;0.794
203.75	204.25	WCSP;0.759
208.25	209.75	WCSP;0.990
298.75	300.00	WCSP;0.997
12.25	13.25	WIWA;0.921
23.50	24.50	WIWA;0.935
47.50	48.25	WIWA;0.829
59.25	59.75	WIWA;0.799
72.25	73.00	WIWA;0.785
83.75	85.00	WIWA;0.986
101.50	102.25	WIWA;0.943
115.00	116.25	WIWA;0.996
125.50	127.00	WIWA;0.997
135.50	137.00	WIWA;0.995
147.00	148.50	WIWA;0.993
159.25	160.75	WIWA;0.994
171.50	173.00	WIWA;0.996
132.75	133.00	WTSP;0.588
144.25	144.75	WTSP;0.589
0.50	1.75	YRWA;0.983
15.25	17.00	YRWA;0.996
26.75	28.25	YRWA;0.994
38.50	39.75	YRWA;0.993
49.50	51.00	YRWA;0.995
61.00	62.25	YRWA;0.995
73.75	75.00	YRWA;0.996
87.25	88.25	YRWA;0.980
98.75	100.00	YRWA;0.996
