29.00	29.25	AGOL;0.505
19.50	20.75	AMPI;0.821
21.25	21.75	AMPI;0.606
22.25	22.50	AMPI;0.561
24.50	24.75	AMPI;0.702
35.25	35.50	AMPI;0.585
276.75	277.00	AMPI;0.566
105.50	106.00	BRSP;0.886
109.25	109.50	BRSP;0.821
170.00	170.50	CHSP;0.605
171.00	172.00	CHSP;0.901
213.25	213.50	CHSP;0.844
291.50	292.25	CHSP;0.894
15.25	15.50	EAME;0.541
173.75	174.25	EAME;0.664
14.50	15.00	EAWP;0.649
34.50	34.75	EAWP;0.792
37.00	37.25	EAWP;0.506
38.00	38.25	EAWP;0.506
39.00	39.25	EAWP;0.616
41.00	41.25	EAWP;0.562
46.50	46.75	EAWP;0.602
63.50	63.75	EAWP;0.604
67.50	67.75	EAWP;0.781
82.25	82.50	EAWP;0.721
84.25	84.75	EAWP;0.948
93.75	94.00	EAWP;0.894
95.75	96.25	EAWP;0.787
97.25	97.50	EAWP;0.749
99.50	99.75	EAWP;0.535
101.75	102.00	EAWP;0.645
110.00	110.50	EAWP;0.733
126.75	127.00	EAWP;0.626
141.50	141.75	EAWP;0.554
158.25	158.50	EVGR;0.656
205.25	205.50	EVGR;0.559
0.00	1.00	FOSP;0.995
15.75	18.00	FOSP;0.995
30.25	33.00	FOSP;0.987
42.75	45.25	FOSP;0.994
57.75	60.00	FOSP;0.994
77.00	79.25	FOSP;0.995
103.25	103.75	FOSP;0.713
114.50	115.75	FOSP;0.763
118.00	119.75	FOSP;0.984
122.00	124.75	FOSP;0.980
132.00	133.75	FOSP;0.992
137.75	140.75	FOSP;0.976
143.50	144.75	FOSP;0.810
150.50	150.75	FOSP;0.686
151.00	155.00	FOSP;0.990
162.25	164.00	FOSP;0.970
166.75	169.00	FOSP;0.981
174.00	174.75	FOSP;0.850
179.75	183.50	FOSP;0.981
190.00	191.00	FOSP;0.969
193.00	195.00	FOSP;0.992
198.50	199.25	FOSP;0.826
205.25	205.75	FOSP;0.717
223.50	224.00	FOSP;0.889
270.00	270.25	FOSP;0.699
282.25	282.50	GCSP;0.542
11.50	11.75	LARB;0.643
10.50	10.75	LESA;0.555
90.50	91.00	LESA;0.759
105.00	105.25	LESA;0.704
299.25	300.00	LISP;0.687
157.25	157.50	MOCH;0.509
281.50	281.75	MOCH;0.532
2.00	3.00	PISI;0.931
3.25	4.00	PISI;0.888
4.75	5.25	PISI;0.745
23.00	24.25	PISI;0.853
27.00	27.50	PISI;0.524
29.25	29.50	PISI;0.544
49.25	50.75	PISI;0.967
299.25	299.50	RCKI;0.626
89.50	90.00	REDP;0.696
216.50	217.00	RUBL;0.805
22.25	22.50	RUGR;0.522
189.50	190.00	SAPH;0.728
239.50	240.00	SAPH;0.670
110.50	110.75	SAVS;0.513
111.00	111.50	SAVS;0.606
158.25	158.50	SNBU;0.591
181.00	181.50	SNBU;0.516
204.50	205.00	SNBU;0.762
205.25	205.50	SNBU;0.526
105.50	105.75	SOSP;0.661
109.25	109.50	SOSP;0.640
110.50	110.75	SOSP;0.548
191.25	192.00	SWSP;0.958
199.75	201.00	SWSP;0.981
231.00	232.00	SWSP;0.923
163.50	164.25	VESP;0.728
103.25	103.75	WCSP;0.663
124.25	124.75	WCSP;0.619
144.25	145.00	WCSP;0.761
174.25	174.75	WCSP;0.612
185.75	186.00	WCSP;0.512
226.50	227.00	WCSP;0.854
270.00	270.50	WCSP;0.544
273.25	273.50	WCSP;0.530
280.25	281.00	WCSP;0.827
135.25	137.25	WTSP;0.978
155.25	157.50	WTSP;0.990
185.00	187.00	WTSP;0.938
226.25	226.50	WTSP;0.627
251.00	252.75	WTSP;0.945
260.50	262.50	WTSP;0.898
281.00	282.00	WTSP;0.797
295.00	296.75	WTSP;0.917
90.75	91.00	YBFL;0.641
55.25	56.25	YRWA;0.968
66.00	66.50	YRWA;0.863
94.00	95.00	YRWA;0.960
172.75	174.00	YRWA;0.991
197.25	198.00	YRWA;0.966
211.75	213.00	YRWA;0.985
