79.25	80.50	AMRO;0.855
85.25	86.25	AMRO;0.654
92.75	94.25	AMRO;0.648
126.50	127.25	AMRO;0.795
128.00	128.50	AMRO;0.755
151.00	151.25	AMRO;0.558
237.00	239.25	AMRO;0.959
35.50	36.00	BRSP;0.557
279.50	279.75	CWWI;0.587
93.25	93.50	DEJU;0.529
125.00	125.50	DEJU;0.623
63.50	63.75	EATO;0.501
103.75	104.00	EATO;0.583
40.50	41.00	FISP;0.531
52.50	53.00	FISP;0.648
272.25	272.75	FISP;0.551
7.00	8.00	FOSP;0.920
17.25	18.25	FOSP;0.909
29.25	31.00	FOSP;0.930
41.00	41.75	FOSP;0.780
48.50	49.50	FOSP;0.833
72.50	72.75	FOSP;0.638
82.75	83.00	FOSP;0.538
89.25	90.75	FOSP;0.951
104.00	105.00	FOSP;0.723
115.75	116.75	FOSP;0.703
129.50	130.50	FOSP;0.898
139.25	140.50	FOSP;0.687
145.00	145.25	FOSP;0.572
159.00	160.00	FOSP;0.771
163.50	164.25	FOSP;0.628
174.75	176.00	FOSP;0.925
209.25	210.75	FOSP;0.895
220.50	222.25	FOSP;0.866
232.00	232.75	FOSP;0.755
233.50	233.75	FOSP;0.541
245.75	247.00	FOSP;0.850
259.00	259.25	FOSP;0.520
164.00	164.50	GCSP;0.715
75.50	75.75	HETH;0.525
103.50	104.00	HETH;0.620
164.50	164.75	HETH;0.529
196.50	197.00	HETH;0.625
214.50	214.75	HETH;0.508
28.25	28.75	HOLA;0.842
218.25	218.75	HOLA;0.614
2.50	2.75	LISP;0.565
19.00	20.25	LISP;0.839
33.50	34.75	LISP;0.717
46.00	46.75	LISP;0.775
57.75	58.75	LISP;0.706
63.75	64.75	LISP;0.980
70.00	70.75	LISP;0.753
73.25	73.50	LISP;0.593
92.75	93.75	LISP;0.651
104.25	105.00	LISP;0.816
114.25	115.50	LISP;0.840
125.00	125.25	LISP;0.554
134.50	135.00	LISP;0.561
250.50	251.25	LISP;0.589
266.75	267.75	LISP;0.904
276.50	277.25	LISP;0.608
285.75	287.00	LISP;0.759
297.75	298.50	LISP;0.642
127.25	128.00	MOCH;0.673
80.50	80.75	NSHR;0.503
14.00	14.50	OSFL;0.756
71.00	71.50	PISI;0.579
299.00	299.25	PISI;0.515
30.25	30.75	PUFI;0.663
160.00	160.25	PUFI;0.593
261.25	261.50	PYNU;0.518
0.50	1.00	ROWR;0.768
12.50	13.00	ROWR;0.643
195.50	195.75	ROWR;0.530
223.00	223.75	ROWR;0.851
236.00	236.50	ROWR;0.560
248.25	248.50	ROWR;0.593
274.25	274.50	SOSP;0.508
3.50	4.00	VATH;0.572
32.00	32.75	VATH;0.747
82.00	82.50	VATH;0.823
102.25	102.75	VATH;0.820
112.75	113.75	VATH;0.899
146.75	147.75	VATH;0.991
173.25	174.75	VATH;0.962
176.25	176.50	VATH;0.646
202.00	202.50	VATH;0.669
225.25	225.50	VATH;0.587
253.25	253.50	VATH;0.642
280.00	281.00	VATH;0.785
291.50	292.00	VATH;0.706
31.00	31.50	VESP;0.636
83.00	84.00	VESP;0.816
140.25	140.50	VESP;0.546
210.25	211.00	VESP;0.732
222.00	222.50	VESP;0.568
234.25	235.00	VESP;0.672
1.50	2.50	WCSP;0.823
23.00	23.50	WCSP;0.716
69.50	70.25	WCSP;0.789
74.25	74.50	WCSP;0.687
82.25	83.75	WCSP;0.767
90.00	90.50	WCSP;0.690
95.75	96.00	WCSP;0.734
103.75	104.50	WCSP;0.734
116.00	116.50	WCSP;0.743
129.25	129.50	WCSP;0.665
130.00	130.75	WCSP;0.803
134.25	134.50	WCSP;0.660
144.00	145.50	WCSP;0.957
150.00	150.75	WCSP;0.900
156.75	159.75	WCSP;0.998
164.25	166.00	WCSP;0.982
169.00	170.00	WCSP;0.793
170.25	172.75	WCSP;0.995
175.25	176.00	WCSP;0.830
177.50	179.50	WCSP;0.958
181.50	183.00	WCSP;0.824
183.25	183.50	WCSP;0.674
186.00	187.50	WCSP;0.992
194.25	195.50	WCSP;0.974
196.50	197.25	WCSP;0.795
200.50	202.25	WCSP;0.996
207.75	209.50	WCSP;0.991
212.25	213.75	WCSP;0.947
218.75	220.00	WCSP;0.953
225.75	226.50	WCSP;0.754
227.25	227.50	WCSP;0.804
233.25	235.75	WCSP;0.938
253.75	254.75	WCSP;0.905
259.00	259.50	WCSP;0.731
264.50	265.50	WCSP;0.935
274.25	275.00	WCSP;0.815
1.50	2.00	WTSP;0.671
3.00	6.50	WTSP;0.997
14.25	17.25	WTSP;0.996
20.25	22.50	WTSP;0.979
24.25	28.00	WTSP;0.993
37.00	41.00	WTSP;0.995
43.75	45.75	WTSP;0.994
50.00	55.25	WTSP;0.994
55.50	57.25	WTSP;0.992
59.00	63.25	WTSP;0.996
65.00	69.75	WTSP;0.996
74.00	79.00	WTSP;0.995
85.50	89.25	WTSP;0.995
95.25	95.75	WTSP;0.681
96.25	100.50	WTSP;0.998
105.25	110.25	WTSP;0.996
117.00	123.25	WTSP;0.997
127.00	128.00	WTSP;0.954
130.75	134.00	WTSP;0.997
136.25	139.25	WTSP;0.992
141.25	144.25	WTSP;0.994
147.75	150.75	WTSP;0.987
153.25	157.00	WTSP;0.996
160.75	163.00	WTSP;0.988
166.00	169.25	WTSP;0.996
177.75	182.00	WTSP;0.993
183.50	186.50	WTSP;0.991
190.25	195.00	WTSP;0.994
203.25	208.25	WTSP;0.995
212.25	212.50	WTSP;0.672
214.75	218.25	WTSP;0.994
228.75	232.00	WTSP;0.997
239.25	245.50	WTSP;0.994
251.75	253.00	WTSP;0.989
255.50	259.00	WTSP;0.994
261.50	264.50	WTSP;0.988
268.50	272.50	WTSP;0.995
274.00	274.50	WTSP;0.724
281.00	285.50	WTSP;0.994
291.25	292.00	WTSP;0.855
292.25	293.00	WTSP;0.713
294.00	297.50	WTSP;0.992
36.25	37.00	WWCR;0.725
55.25	55.75	WWCR;0.557
46.00	46.50	YRWA;0.520
