384.50	385.25	AMRO;0.865
391.00	392.00	AMRO;0.837
394.25	395.25	AMRO;0.928
530.25	530.50	CAFI;0.685
47.25	47.75	CHSP;0.684
48.00	49.25	CHSP;0.668
285.00	285.50	CHSP;0.795
314.25	314.75	CHSP;0.638
334.50	334.75	CHSP;0.615
354.75	355.00	CHSP;0.537
355.25	355.75	CHSP;0.576
365.25	365.75	CHSP;0.806
417.25	418.00	CHSP;0.958
183.00	183.25	EVGR;0.816
265.50	266.00	EVGR;0.639
3.00	4.25	FOSP;0.980
22.50	24.25	FOSP;0.941
72.50	73.00	FOSP;0.554
85.25	86.00	FOSP;0.937
97.00	98.25	FOSP;0.858
118.75	120.50	FOSP;0.930
211.00	211.50	FOSP;0.604
428.25	428.75	FOSP;0.679
492.00	492.75	FOSP;0.675
95.25	95.75	HETH;0.598
298.50	298.75	HETH;0.523
15.50	17.00	LISP;0.943
29.50	31.25	LISP;0.994
43.25	44.75	LISP;0.974
56.75	58.25	LISP;0.995
71.00	71.50	LISP;0.783
125.00	126.00	LISP;0.968
138.00	139.25	LISP;0.970
151.75	153.00	LISP;0.910
166.00	166.50	LISP;0.820
180.75	181.00	LISP;0.711
195.00	195.50	LISP;0.850
208.25	209.00	LISP;0.838
222.00	222.25	LISP;0.723
236.00	236.75	LISP;0.960
249.50	250.25	LISP;0.896
262.00	262.75	LISP;0.826
275.75	276.50	LISP;0.901
289.50	291.00	LISP;0.953
304.00	305.50	LISP;0.990
318.00	319.50	LISP;0.970
330.00	331.50	LISP;0.990
343.50	345.25	LISP;0.995
356.75	358.25	LISP;0.995
369.75	371.00	LISP;0.993
382.25	383.75	LISP;0.938
395.25	396.75	LISP;0.984
408.00	409.75	LISP;0.993
421.25	422.50	LISP;0.897
433.25	435.00	LISP;0.985
446.00	447.25	LISP;0.878
459.00	460.25	LISP;0.841
472.50	473.25	LISP;0.857
487.00	487.25	LISP;0.714
501.00	502.00	LISP;0.964
515.00	515.50	LISP;0.698
529.00	529.50	LISP;0.729
542.75	543.50	LISP;0.870
557.00	557.75	LISP;0.884
570.50	571.00	LISP;0.883
585.25	585.75	LISP;0.704
598.00	598.25	LISP;0.692
2.50	2.75	OSFL;0.519
342.50	343.00	PIGR;0.563
492.00	492.50	PIGR;0.607
213.50	214.00	PISI;0.607
223.00	223.25	PISI;0.500
195.00	195.25	ROWR;0.507
2.50	2.75	SAPH;0.631
386.00	386.25	SATH;0.597
72.25	72.50	SNBU;0.677
211.00	211.25	SNBU;0.502
254.75	255.00	SNBU;0.635
265.00	265.25	SNBU;0.532
341.75	342.00	SNBU;0.671
491.25	491.50	SNBU;0.638
590.25	590.50	SNBU;0.582
126.25	126.50	SPPI;0.616
460.25	460.50	SPPI;0.580
331.50	331.75	TOSO;0.639
358.25	358.50	TOSO;0.657
28.50	29.00	VATH;0.969
63.25	63.50	VATH;0.522
76.25	77.00	VATH;0.955
107.25	108.50	VATH;0.982
129.00	129.75	VATH;0.919
139.75	140.75	VATH;0.990
167.75	168.00	VATH;0.630
242.00	242.75	VATH;0.963
298.50	298.75	VATH;0.612
322.50	323.00	VATH;0.558
356.00	356.50	VATH;0.653
412.50	413.75	VATH;0.994
430.50	431.50	VATH;0.977
464.00	464.50	VATH;0.926
509.50	510.75	VATH;0.975
521.00	521.75	VATH;0.963
546.25	547.50	VATH;0.980
556.00	556.75	VATH;0.985
569.00	569.25	VATH;0.678
575.50	576.50	VATH;0.969
584.00	584.50	VATH;0.883
598.50	598.75	VATH;0.654
1.75	2.75	VESP;0.579
84.50	85.00	VESP;0.621
428.50	429.00	WAVI;0.645
98.50	99.25	WCSP;0.737
11.00	12.00	WIWA;0.959
81.50	82.25	WTSP;0.718
101.75	103.00	WTSP;0.691
103.25	104.50	WTSP;0.816
153.25	153.75	WTSP;0.707
158.50	160.00	WTSP;0.971
205.75	207.25	WTSP;0.877
218.25	218.75	WTSP;0.648
322.50	322.75	WTSP;0.542
353.25	353.75	WTSP;0.606
406.50	406.75	WTSP;0.624
