163.50	164.00	ABOW;0.688
561.50	562.00	AGOL;0.623
27.50	28.50	AMRO;0.701
473.00	473.50	AMRO;0.751
202.75	203.00	ATSP;0.585
205.75	206.00	ATSP;0.796
222.75	223.00	ATSP;0.710
7.50	7.75	BRBL;0.517
109.00	109.75	BRSP;0.730
289.50	290.00	BRSP;0.570
519.25	519.50	BRSP;0.932
177.00	179.00	CHSP;0.977
194.25	194.75	CHSP;0.748
195.50	195.75	CHSP;0.516
200.50	200.75	CHSP;0.547
201.75	202.00	CHSP;0.700
202.75	203.25	CHSP;0.623
204.00	204.50	CHSP;0.924
205.75	206.00	CHSP;0.502
356.50	356.75	COGO;0.550
588.50	588.75	DEJU;0.534
337.25	337.75	EAME;0.622
393.50	393.75	EAME;0.587
491.50	491.75	EAME;0.508
240.50	241.00	FISP;0.595
346.25	346.50	FISP;0.539
364.75	365.50	FISP;0.608
367.25	368.25	FISP;0.802
4.25	5.50	FOSP;0.953
8.00	9.75	FOSP;0.995
13.00	14.75	FOSP;0.987
18.50	19.25	FOSP;0.917
22.00	22.75	FOSP;0.847
54.50	54.75	FOSP;0.659
219.75	221.00	FOSP;0.865
230.25	231.00	FOSP;0.834
243.00	244.00	FOSP;0.923
257.50	259.75	FOSP;0.950
263.00	263.50	FOSP;0.726
265.50	268.00	FOSP;0.961
276.25	278.25	FOSP;0.994
292.25	293.75	FOSP;0.843
302.75	304.25	FOSP;0.975
323.25	324.00	FOSP;0.796
324.25	325.00	FOSP;0.759
333.00	333.75	FOSP;0.876
338.00	338.50	FOSP;0.771
340.50	342.75	FOSP;0.972
345.25	346.75	FOSP;0.953
353.75	356.00	FOSP;0.993
358.00	359.00	FOSP;0.991
370.25	372.75	FOSP;0.995
389.00	391.50	FOSP;0.997
393.75	394.50	FOSP;0.711
406.75	409.00	FOSP;0.995
423.00	425.50	FOSP;0.993
436.25	439.25	FOSP;0.979
445.25	446.00	FOSP;0.817
454.00	455.50	FOSP;0.916
464.00	467.25	FOSP;0.996
471.25	472.50	FOSP;0.964
481.25	482.00	FOSP;0.814
486.00	488.00	FOSP;0.979
491.25	492.00	FOSP;0.817
512.00	515.00	FOSP;0.995
524.75	527.75	FOSP;0.995
539.50	542.25	FOSP;0.992
552.25	554.75	FOSP;0.992
567.25	570.00	FOSP;0.993
12.50	13.00	GCSP;0.688
75.75	77.00	GCSP;0.960
219.00	219.75	GCSP;0.708
314.50	315.00	GCSP;0.630
323.25	323.75	GCSP;0.599
332.25	332.50	GCSP;0.533
370.25	370.75	GCSP;0.625
378.50	379.25	GCSP;0.803
444.75	445.00	GCSP;0.671
482.50	483.00	GCSP;0.564
441.50	441.75	HOLA;0.534
463.50	464.00	HOLA;0.705
54.50	55.00	LASP;0.722
1.00	2.75	LISP;0.990
10.00	10.75	LISP;0.786
15.25	16.75	LISP;0.970
32.50	34.75	LISP;0.964
40.75	43.25	LISP;0.989
46.50	48.00	LISP;0.885
56.50	57.00	LISP;0.882
59.25	62.50	LISP;0.986
68.50	69.50	LISP;0.840
72.00	73.50	LISP;0.945
82.25	83.50	LISP;0.981
135.25	136.50	LISP;0.790
141.75	142.00	LISP;0.663
148.00	149.50	LISP;0.997
154.25	155.50	LISP;0.975
168.75	170.00	LISP;0.971
172.50	173.75	LISP;0.983
186.25	187.00	LISP;0.831
205.00	205.50	LISP;0.828
231.00	232.50	LISP;0.977
246.00	246.75	LISP;0.802
269.25	270.75	LISP;0.926
281.00	282.75	LISP;0.986
288.75	289.50	LISP;0.785
293.00	293.50	LISP;0.714
304.50	306.00	LISP;0.977
307.25	308.50	LISP;0.902
320.50	322.25	LISP;0.990
333.50	335.25	LISP;0.993
374.00	375.50	LISP;0.957
397.50	397.75	LISP;0.685
398.50	399.25	LISP;0.772
419.75	420.75	LISP;0.858
435.50	437.25	LISP;0.929
453.00	453.75	LISP;0.874
468.25	470.50	LISP;0.996
472.25	473.50	LISP;0.819
479.50	480.25	LISP;0.768
485.00	485.25	LISP;0.684
488.00	489.00	LISP;0.980
515.25	516.00	LISP;0.891
516.75	518.50	LISP;0.981
530.50	532.25	LISP;0.984
545.00	548.00	LISP;0.990
557.25	558.25	LISP;0.849
562.00	563.25	LISP;0.856
578.00	580.25	LISP;0.985
596.25	596.75	LISP;0.747
598.75	600.00	LISP;0.947
98.50	99.00	MOCH;0.713
111.00	111.50	MOCH;0.556
311.00	311.50	MOCH;0.670
363.25	364.00	MOCH;0.725
459.50	459.75	MOCH;0.552
169.50	170.00	NHWR;0.557
435.50	435.75	NHWR;0.591
242.25	242.50	NOCA;0.572
257.00	257.25	PIGR;0.586
87.25	88.25	PISI;0.768
88.50	90.50	PISI;0.935
95.00	95.75	PISI;0.778
217.50	218.00	PISI;0.853
274.50	276.25	PISI;0.993
277.00	277.25	PISI;0.681
278.25	279.00	PISI;0.919
279.25	280.25	PISI;0.986
280.50	280.75	PISI;0.672
284.50	285.25	PISI;0.933
286.25	287.00	PISI;0.886
357.50	358.00	PISI;0.921
359.25	360.00	PISI;0.936
411.75	412.00	PISI;0.670
426.00	429.25	PISI;0.994
440.00	440.25	PISI;0.808
447.50	448.50	PISI;0.863
450.25	450.75	PISI;0.751
457.25	458.00	PISI;0.951
467.75	468.00	PISI;0.759
497.00	497.25	PISI;0.712
529.25	529.75	PISI;0.877
543.00	544.00	PISI;0.899
547.75	552.00	PISI;0.997
555.00	557.75	PISI;0.986
558.25	560.50	PISI;0.983
561.25	562.00	PISI;0.969
563.25	567.00	PISI;0.994
573.50	574.50	PISI;0.937
574.75	578.00	PISI;0.979
580.50	587.75	PISI;0.996
589.25	593.50	PISI;0.982
594.00	595.50	PISI;0.992
547.75	548.00	PUFI;0.563
558.25	558.50	PUFI;0.648
450.50	450.75	REDP;0.506
502.00	502.25	REDP;0.635
530.00	530.50	REDP;0.784
590.75	591.00	REDP;0.527
268.25	268.50	REVI;0.518
501.50	502.00	REVI;0.652
257.75	258.00	SAPH;0.547
425.50	425.75	SAPH;0.577
519.25	519.50	SAVS;0.510
519.25	519.50	SOSP;0.530
504.00	504.25	TOSO;0.501
152.00	152.50	VATH;0.884
158.25	158.50	VATH;0.606
198.75	199.50	VATH;0.919
203.25	203.75	VATH;0.732
247.00	247.50	VATH;0.657
279.50	279.75	VATH;0.666
313.25	313.75	VATH;0.588
597.25	597.50	VATH;0.515
4.25	4.50	VESP;0.554
32.25	32.75	VESP;0.573
293.00	293.75	VESP;0.693
304.00	304.50	VESP;0.673
324.50	325.00	VESP;0.616
4.50	5.25	WCSP;0.692
21.50	22.50	WCSP;0.765
220.50	221.00	WCSP;0.609
240.50	241.00	WCSP;0.593
280.25	280.75	WCSP;0.707
306.50	307.00	WCSP;0.643
318.50	320.00	WCSP;0.982
329.50	331.00	WCSP;0.989
339.50	340.75	WCSP;0.990
350.00	351.25	WCSP;0.968
445.25	446.00	WCSP;0.722
448.50	449.50	WCSP;0.742
455.00	455.25	WCSP;0.542
472.00	472.50	WCSP;0.652
500.75	501.75	WCSP;0.895
200.50	200.75	WEFL;0.753
201.75	202.00	WEFL;0.774
225.75	226.00	WEFL;0.554
5.25	6.25	WTSP;0.920
20.25	21.00	WTSP;0.891
30.50	32.25	WTSP;0.986
34.75	37.00	WTSP;0.994
48.25	51.75	WTSP;0.993
57.00	59.00	WTSP;0.957
63.00	66.25	WTSP;0.997
75.50	76.00	WTSP;0.803
76.75	78.75	WTSP;0.989
80.25	82.25	WTSP;0.993
90.50	93.00	WTSP;0.992
110.50	112.75	WTSP;0.981
114.25	118.00	WTSP;0.989
137.75	140.75	WTSP;0.990
158.00	161.00	WTSP;0.987
165.25	168.50	WTSP;0.995
183.25	185.75	WTSP;0.995
196.00	198.50	WTSP;0.988
210.75	215.50	WTSP;0.994
218.75	220.75	WTSP;0.934
232.50	235.75	WTSP;0.993
249.00	252.00	WTSP;0.989
260.00	263.00	WTSP;0.997
271.25	273.50	WTSP;0.995
280.00	280.50	WTSP;0.743
282.50	286.00	WTSP;0.993
290.00	290.50	WTSP;0.825
299.25	302.50	WTSP;0.994
306.50	306.75	WTSP;0.720
308.75	311.00	WTSP;0.972
314.25	317.00	WTSP;0.993
322.50	323.50	WTSP;0.857
323.75	324.25	WTSP;0.771
325.25	326.75	WTSP;0.918
330.75	333.00	WTSP;0.980
335.75	337.25	WTSP;0.979
346.50	346.75	WTSP;0.668
347.00	349.25	WTSP;0.995
350.00	350.50	WTSP;0.765
351.25	353.50	WTSP;0.985
363.25	365.25	WTSP;0.992
378.75	381.75	WTSP;0.995
384.25	387.25	WTSP;0.983
402.75	406.75	WTSP;0.994
429.25	431.75	WTSP;0.976
434.50	435.25	WTSP;0.891
446.00	447.75	WTSP;0.983
459.50	462.75	WTSP;0.993
476.25	478.00	WTSP;0.979
482.25	484.25	WTSP;0.918
493.50	496.75	WTSP;0.979
498.25	500.75	WTSP;0.992
534.25	537.00	WTSP;0.997
570.50	572.75	WTSP;0.992
596.75	598.25	WTSP;0.970
51.75	52.75	WWCR;0.793
39.00	40.50	YRWA;0.987
85.25	86.00	YRWA;0.896
93.00	93.75	YRWA;0.772
100.00	101.25	YRWA;0.942
102.50	103.00	YRWA;0.773
119.75	120.00	YRWA;0.510
237.25	237.75	YRWA;0.617
588.00	588.25	YRWA;0.644
