161.50	161.75	AMGP;0.579
5.25	8.25	AMRO;0.978
9.00	10.50	AMRO;0.922
13.25	15.50	AMRO;0.995
16.00	16.50	AMRO;0.753
20.00	22.25	AMRO;0.977
23.00	25.25	AMRO;0.996
28.75	29.50	AMRO;0.846
30.50	33.25	AMRO;0.972
35.25	37.50	AMRO;0.997
39.00	41.50	AMRO;0.926
42.25	43.75	AMRO;0.802
44.25	46.50	AMRO;0.996
49.25	50.00	AMRO;0.917
50.75	55.00	AMRO;0.972
58.25	60.25	AMRO;0.839
62.50	66.75	AMRO;0.989
67.00	69.50	AMRO;0.997
72.25	74.00	AMRO;0.937
77.50	79.75	AMRO;0.985
81.75	84.00	AMRO;0.997
84.50	89.00	AMRO;0.975
93.75	95.50	AMRO;0.925
96.75	99.25	AMRO;0.973
104.50	106.75	AMRO;0.987
110.00	112.00	AMRO;0.995
115.00	117.00	AMRO;0.983
119.75	124.25	AMRO;0.997
127.25	128.00	AMRO;0.778
129.75	131.00	AMRO;0.957
133.75	135.50	AMRO;0.999
137.25	139.25	AMRO;0.982
140.50	142.00	AMRO;0.859
144.25	149.00	AMRO;0.998
151.75	154.00	AMRO;0.967
154.25	155.00	AMRO;0.819
158.25	160.00	AMRO;0.978
164.25	166.75	AMRO;0.997
169.00	169.50	AMRO;0.740
172.00	174.00	AMRO;0.958
180.25	181.75	AMRO;0.927
191.25	199.25	AMRO;0.986
202.50	205.75	AMRO;0.989
208.50	210.50	AMRO;0.928
214.75	217.00	AMRO;0.990
217.75	220.75	AMRO;0.984
249.75	257.00	AMRO;0.993
261.00	262.75	AMRO;0.970
265.75	268.00	AMRO;0.981
271.25	273.75	AMRO;0.990
275.75	278.00	AMRO;0.997
281.50	283.25	AMRO;0.952
285.75	287.75	AMRO;0.985
289.75	293.50	AMRO;0.992
295.75	297.50	AMRO;0.898
298.00	299.50	AMRO;0.880
275.25	275.50	BRSP;0.510
87.75	88.00	BTNW;0.593
265.75	266.00	BTNW;0.590
15.50	18.00	CCSP;0.893
170.00	170.50	CCSP;0.738
193.00	193.50	CCSP;0.604
128.00	128.25	CHSP;0.599
137.25	138.00	CHSP;0.680
142.50	143.25	CHSP;0.662
162.75	163.75	CHSP;0.664
242.75	243.25	CHSP;0.561
251.00	251.50	CHSP;0.600
278.50	278.75	CHSP;0.517
279.50	279.75	CHSP;0.510
273.75	274.00	DEJU;0.507
127.50	127.75	EABL;0.509
236.00	236.25	EABL;0.645
225.00	225.50	EATO;0.668
284.50	284.75	EATO;0.589
76.25	77.00	FISP;0.626
34.00	34.75	FOSP;0.756
109.25	109.75	FOSP;0.661
129.00	129.50	FOSP;0.588
223.00	224.75	FOSP;0.945
226.75	227.25	FOSP;0.579
232.75	233.50	FOSP;0.800
238.00	239.50	FOSP;0.963
242.00	242.75	FOSP;0.928
246.00	247.50	FOSP;0.959
257.50	257.75	FOSP;0.634
283.50	284.50	FOSP;0.767
78.00	78.25	GWTE;0.501
95.25	95.50	GWTE;0.505
119.75	120.00	GWTE;0.577
127.00	127.25	GWTE;0.508
141.00	141.50	GWTE;0.721
153.25	153.50	GWTE;0.535
254.50	254.75	GWTE;0.509
292.00	292.25	GWTE;0.581
295.75	296.00	GWTE;0.610
299.25	299.75	GWTE;0.635
183.75	184.00	HETH;0.507
8.75	10.00	LISP;0.906
11.75	12.50	LISP;0.701
100.50	101.25	LISP;0.768
151.00	151.75	LISP;0.748
175.50	176.25	LISP;0.670
201.50	202.25	LISP;0.884
210.75	211.50	LISP;0.726
214.25	214.50	LISP;0.551
225.25	226.25	LISP;0.635
273.50	274.25	LISP;0.711
280.25	281.75	LISP;0.950
288.00	288.75	LISP;0.813
297.00	298.00	LISP;0.800
176.75	177.00	MOCH;0.548
244.25	244.50	NHWR;0.514
221.00	221.25	PIGR;0.524
59.25	59.75	SATH;0.700
73.50	74.00	SATH;0.507
95.25	95.75	SATH;0.522
124.00	124.25	SATH;0.635
159.75	160.25	SATH;0.542
287.50	287.75	SATH;0.530
57.25	58.00	SAVS;0.750
174.00	174.50	SEPL;0.897
263.00	263.50	SEPL;0.592
59.00	59.25	SUTA;0.534
147.25	148.00	SUTA;0.647
172.50	173.75	SUTA;0.763
262.25	262.50	SUTA;0.567
22.25	23.25	SWSP;0.587
56.50	56.75	SWSP;0.527
122.00	122.50	SWSP;0.654
135.50	136.00	SWSP;0.729
150.25	150.50	SWSP;0.598
154.25	154.75	SWSP;0.607
155.00	155.50	SWSP;0.714
161.00	161.50	SWSP;0.812
174.50	174.75	SWSP;0.570
177.50	179.00	SWSP;0.905
182.25	182.75	SWSP;0.679
187.25	188.25	SWSP;0.842
199.50	200.25	SWSP;0.726
206.25	207.50	SWSP;0.785
234.00	234.75	SWSP;0.823
237.00	238.00	SWSP;0.865
240.75	242.00	SWSP;0.880
245.25	245.75	SWSP;0.644
249.25	249.75	SWSP;0.584
253.25	254.25	SWSP;0.796
283.00	283.25	SWSP;0.527
291.75	292.75	SWSP;0.911
252.25	252.75	TEWA;0.621
8.25	8.75	TOSO;0.693
10.50	10.75	TOSO;0.532
16.75	17.25	TOSO;0.587
28.25	30.50	TOSO;0.949
38.00	39.75	TOSO;0.742
69.25	69.75	TOSO;0.544
72.25	73.00	TOSO;0.732
86.50	86.75	TOSO;0.590
89.00	89.75	TOSO;0.794
90.75	91.00	TOSO;0.524
94.25	94.75	TOSO;0.577
140.25	141.00	TOSO;0.784
144.25	144.50	TOSO;0.550
154.50	154.75	TOSO;0.519
220.50	221.25	TOSO;0.588
129.00	129.75	VESP;0.604
239.25	239.75	VESP;0.667
34.25	34.75	WCSP;0.706
54.25	55.00	WCSP;0.803
63.25	64.75	WCSP;0.958
79.50	80.50	WCSP;0.888
87.50	89.25	WCSP;0.958
95.00	97.00	WCSP;0.983
104.75	107.00	WCSP;0.982
112.00	113.75	WCSP;0.994
119.50	121.50	WCSP;0.995
139.75	140.50	WCSP;0.860
157.50	158.50	WCSP;0.949
247.00	247.50	WCSP;0.722
265.75	266.75	WCSP;0.972
46.75	49.75	WTSP;0.995
65.00	65.75	WTSP;0.805
66.25	67.00	WTSP;0.901
74.75	77.25	WTSP;0.991
83.75	85.00	WTSP;0.952
87.50	88.00	WTSP;0.670
93.00	93.75	WTSP;0.919
101.50	104.75	WTSP;0.992
114.50	116.00	WTSP;0.855
116.75	117.50	WTSP;0.817
124.25	125.50	WTSP;0.965
132.00	132.50	WTSP;0.784
139.25	140.00	WTSP;0.902
149.00	150.25	WTSP;0.882
167.25	167.75	WTSP;0.725
176.00	177.00	WTSP;0.934
184.50	187.50	WTSP;0.995
188.75	191.25	WTSP;0.989
196.50	197.75	WTSP;0.895
203.75	204.00	WTSP;0.675
205.00	206.25	WTSP;0.922
216.75	218.50	WTSP;0.986
229.00	232.50	WTSP;0.994
268.00	270.50	WTSP;0.997
277.75	280.00	WTSP;0.959
