296.50	296.75	AMGP;0.539
272.50	272.75	BBWA;0.853
1.00	1.50	BLTU;0.615
234.50	234.75	BOWA;0.558
25.00	26.00	FOSP;0.799
38.50	40.00	FOSP;0.946
52.50	54.50	FOSP;0.960
297.50	297.75	HASP;0.508
228.25	228.50	HOLA;0.673
230.00	230.25	HOLA;0.542
243.50	244.00	HOLA;0.649
181.50	181.75	LALO;0.642
82.75	83.00	LBDO;0.733
0.00	0.75	LISP;0.764
68.50	69.00	LISP;0.610
90.50	90.75	LISP;0.552
112.50	113.75	LISP;0.937
158.00	159.00	LISP;0.943
162.00	162.75	LISP;0.804
180.25	181.00	LISP;0.821
202.00	204.50	LISP;0.987
216.75	217.50	LISP;0.621
226.25	226.50	LISP;0.511
228.50	229.00	LISP;0.588
239.25	240.00	LISP;0.725
248.00	249.25	LISP;0.986
251.25	251.75	LISP;0.510
271.50	272.50	LISP;0.815
284.25	285.50	LISP;0.978
294.75	296.00	LISP;0.973
6.75	7.00	MOCH;0.566
218.50	219.00	PISI;0.779
220.75	221.25	PISI;0.721
223.50	224.00	PISI;0.948
225.00	225.50	PISI;0.866
226.75	227.50	PISI;0.905
228.00	228.50	PISI;0.667
230.00	230.25	PISI;0.563
232.50	233.00	PISI;0.901
236.25	236.75	PISI;0.538
30.25	30.50	SWSP;0.544
50.25	51.50	SWSP;0.894
61.25	62.00	SWSP;0.789
162.75	164.75	WCSP;0.996
170.25	172.50	WCSP;0.991
178.00	180.00	WCSP;0.994
186.25	188.00	WCSP;0.991
195.00	197.00	WCSP;0.994
205.00	208.00	WCSP;0.929
264.75	266.00	WCSP;0.995
272.50	272.75	WCSP;0.714
275.00	277.00	WCSP;0.977
288.00	289.50	WCSP;0.994
297.25	299.25	WCSP;0.994
30.00	30.50	WIWA;0.739
40.50	41.25	WIWA;0.837
61.00	61.50	WIWA;0.579
71.50	72.25	WIWA;0.949
6.25	9.75	WTSP;0.995
19.00	22.50	WTSP;0.998
31.00	33.50	WTSP;0.996
45.00	47.25	WTSP;0.996
186.00	187.00	WTSP;0.772
205.00	205.75	WTSP;0.740
265.00	265.25	WTSP;0.669
275.00	275.75	WTSP;0.733
276.75	278.75	WTSP;0.985
290.25	292.75	WTSP;0.987
297.50	297.75	WTSP;0.657
140.50	141.25	WWCR;0.682
175.75	176.00	WWCR;0.525
239.00	239.75	WWCR;0.681
27.50	28.25	YRWA;0.911
208.75	209.25	YRWA;0.614
