6.00	6.75	AMRO;0.588
7.75	9.25	AMRO;0.950
9.75	10.00	AMRO;0.501
12.00	12.25	AMRO;0.604
19.75	20.50	AMRO;0.709
32.00	33.00	AMRO;0.853
47.00	47.75	AMRO;0.642
48.75	49.75	AMRO;0.783
55.25	55.50	AMRO;0.570
56.75	57.50	AMRO;0.688
71.25	72.50	AMRO;0.770
82.00	82.25	AMRO;0.529
97.00	98.50	AMRO;0.730
109.25	109.50	AMRO;0.504
112.25	113.00	AMRO;0.791
115.25	116.00	AMRO;0.646
121.75	122.75	AMRO;0.898
139.75	141.00	AMRO;0.839
144.75	146.00	AMRO;0.874
147.75	148.00	AMRO;0.539
168.00	170.25	AMRO;0.925
172.00	172.75	AMRO;0.613
174.25	174.75	AMRO;0.563
182.00	182.50	AMRO;0.522
183.25	183.50	AMRO;0.503
184.50	188.00	AMRO;0.936
188.25	188.75	AMRO;0.550
195.50	196.00	AMRO;0.639
198.00	199.75	AMRO;0.839
208.50	209.00	AMRO;0.631
219.25	219.50	AMRO;0.506
221.25	221.75	AMRO;0.695
226.25	226.50	AMRO;0.535
238.75	239.25	AMRO;0.623
246.50	246.75	AMRO;0.531
248.50	250.00	AMRO;0.949
251.25	251.75	AMRO;0.531
260.50	262.25	AMRO;0.588
264.00	264.50	AMRO;0.571
274.75	276.00	AMRO;0.785
277.75	278.25	AMRO;0.543
287.75	288.50	AMRO;0.748
292.00	292.25	AMRO;0.510
68.50	68.75	BHGR;0.590
299.25	299.75	COMU;0.658
36.25	36.75	EABL;0.648
173.75	174.00	EABL;0.629
75.75	76.00	EATO;0.614
176.75	177.00	EATO;0.633
279.50	280.00	EATO;0.748
2.00	4.00	FOSP;0.982
7.00	7.75	FOSP;0.818
14.00	16.00	FOSP;0.994
18.50	18.75	FOSP;0.672
26.00	28.00	FOSP;0.993
30.00	31.50	FOSP;0.790
38.25	40.50	FOSP;0.984
44.25	44.75	FOSP;0.744
51.00	53.00	FOSP;0.995
58.50	59.75	FOSP;0.837
62.75	64.75	FOSP;0.997
75.75	77.75	FOSP;0.962
90.00	92.00	FOSP;0.984
105.00	107.75	FOSP;0.987
118.75	120.75	FOSP;0.992
136.25	138.00	FOSP;0.892
150.25	152.00	FOSP;0.961
164.25	166.25	FOSP;0.947
176.75	178.25	FOSP;0.975
189.75	192.00	FOSP;0.994
203.75	205.75	FOSP;0.995
216.00	218.00	FOSP;0.987
222.25	222.50	FOSP;0.687
230.00	232.25	FOSP;0.994
243.00	245.25	FOSP;0.994
255.25	257.50	FOSP;0.981
267.00	269.00	FOSP;0.990
273.00	274.50	FOSP;0.983
279.25	281.50	FOSP;0.981
293.00	295.00	FOSP;0.986
206.25	206.50	MAMU;0.579
2.50	3.25	OROR;0.586
38.25	38.75	OROR;0.637
39.25	39.50	OROR;0.505
216.00	216.75	OROR;0.617
293.50	294.00	OROR;0.517
53.50	53.75	OSFL;0.514
35.50	35.75	PIGR;0.560
125.25	127.75	RUGR;0.823
276.25	276.75	SWSP;0.597
289.25	290.00	SWSP;0.708
34.25	34.75	TOSO;0.582
44.50	44.75	VESP;0.596
64.25	64.75	VESP;0.576
120.25	120.50	VESP;0.509
0.25	1.50	WCSP;0.906
3.50	3.75	WCSP;0.698
5.25	7.75	WCSP;0.989
11.25	13.00	WCSP;0.976
17.25	17.75	WCSP;0.751
20.25	21.00	WCSP;0.854
28.25	29.50	WCSP;0.925
40.00	40.25	WCSP;0.681
43.50	44.00	WCSP;0.672
44.75	46.50	WCSP;0.990
47.50	48.75	WCSP;0.994
55.75	57.00	WCSP;0.993
60.00	62.00	WCSP;0.977
66.25	68.00	WCSP;0.985
70.75	71.50	WCSP;0.825
78.00	80.50	WCSP;0.991
84.00	84.25	WCSP;0.690
96.25	96.50	WCSP;0.674
110.50	111.50	WCSP;0.988
115.75	116.75	WCSP;0.956
130.25	132.50	WCSP;0.996
135.25	137.50	WCSP;0.909
142.50	142.75	WCSP;0.675
143.00	143.25	WCSP;0.666
149.00	150.50	WCSP;0.996
153.50	155.50	WCSP;0.996
159.50	161.50	WCSP;0.996
202.75	203.75	WCSP;0.788
220.00	222.00	WCSP;0.995
224.75	226.00	WCSP;0.992
235.00	237.00	WCSP;0.995
239.00	240.00	WCSP;0.977
241.00	242.75	WCSP;0.982
245.00	245.75	WCSP;0.745
246.00	248.00	WCSP;0.873
252.75	254.25	WCSP;0.971
259.50	262.00	WCSP;0.973
266.50	267.25	WCSP;0.843
284.50	285.50	WCSP;0.911
290.00	291.50	WCSP;0.993
295.75	296.00	WCSP;0.657
259.50	259.75	WEBL;0.522
2.00	2.50	WIWA;0.813
9.00	10.00	WIWA;0.976
17.75	18.75	WIWA;0.922
23.75	25.25	WIWA;0.975
31.75	33.50	WIWA;0.971
40.50	42.00	WIWA;0.980
49.00	50.25	WIWA;0.940
57.00	58.25	WIWA;0.979
65.00	65.75	WIWA;0.873
82.25	83.25	WIWA;0.948
88.50	90.00	WIWA;0.992
93.50	94.25	WIWA;0.957
94.75	96.25	WIWA;0.961
102.25	103.75	WIWA;0.988
109.50	110.75	WIWA;0.988
117.50	118.75	WIWA;0.972
124.50	126.00	WIWA;0.987
132.50	133.75	WIWA;0.986
140.00	141.50	WIWA;0.982
145.25	146.75	WIWA;0.973
147.50	148.75	WIWA;0.987
155.50	156.50	WIWA;0.932
162.50	163.75	WIWA;0.967
170.75	172.50	WIWA;0.985
178.50	179.25	WIWA;0.871
185.00	186.50	WIWA;0.993
188.50	189.00	WIWA;0.817
192.25	193.75	WIWA;0.978
200.00	202.25	WIWA;0.985
209.00	210.75	WIWA;0.984
226.25	227.50	WIWA;0.995
233.50	234.75	WIWA;0.905
269.50	270.00	WIWA;0.726
275.25	276.75	WIWA;0.959
282.00	283.25	WIWA;0.977
288.50	290.00	WIWA;0.871
296.25	297.50	WIWA;0.963
4.75	5.75	WTSP;0.810
10.00	12.00	WTSP;0.887
12.50	12.75	WTSP;0.685
16.75	17.75	WTSP;0.870
22.75	24.50	WTSP;0.873
37.00	37.75	WTSP;0.857
42.25	43.75	WTSP;0.835
46.50	47.00	WTSP;0.685
47.50	47.75	WTSP;0.666
54.25	56.00	WTSP;0.914
60.00	60.75	WTSP;0.753
66.00	66.75	WTSP;0.772
69.25	71.50	WTSP;0.897
72.25	75.75	WTSP;0.996
80.25	81.75	WTSP;0.928
83.25	89.00	WTSP;0.986
98.25	102.50	WTSP;0.989
104.00	104.50	WTSP;0.721
109.00	109.25	WTSP;0.728
110.25	110.75	WTSP;0.708
114.25	116.00	WTSP;0.960
116.50	117.25	WTSP;0.764
123.50	124.75	WTSP;0.837
126.00	129.75	WTSP;0.994
133.75	136.00	WTSP;0.988
138.50	139.00	WTSP;0.724
141.25	143.50	WTSP;0.912
149.00	149.25	WTSP;0.694
153.50	154.00	WTSP;0.698
156.25	158.50	WTSP;0.996
159.50	159.75	WTSP;0.657
162.00	162.25	WTSP;0.659
163.00	164.50	WTSP;0.925
173.25	176.75	WTSP;0.988
180.50	184.75	WTSP;0.986
197.00	197.75	WTSP;0.807
202.25	203.00	WTSP;0.857
213.00	215.75	WTSP;0.992
223.50	225.00	WTSP;0.959
232.75	233.00	WTSP;0.676
236.75	239.25	WTSP;0.981
239.50	239.75	WTSP;0.679
245.75	248.25	WTSP;0.806
252.00	253.50	WTSP;0.931
258.25	260.00	WTSP;0.899
262.75	263.75	WTSP;0.950
264.25	264.50	WTSP;0.686
270.00	272.25	WTSP;0.972
278.00	279.00	WTSP;0.851
283.50	285.00	WTSP;0.866
290.00	290.25	WTSP;0.679
295.25	296.50	WTSP;0.936
297.25	298.75	WTSP;0.949
