213.25	213.50	AMGP;0.577
270.25	270.50	AMGP;0.537
60.25	60.50	ATSP;0.580
97.00	97.75	ATSP;0.943
157.50	158.00	ATSP;0.923
159.75	160.00	ATSP;0.639
177.00	177.25	ATSP;0.837
257.25	257.50	BEKI;0.536
184.25	184.50	BEWR;0.505
10.25	10.75	BRSP;0.603
72.50	73.00	BRSP;0.639
206.75	207.00	CATE;0.605
0.00	2.50	CHSP;0.998
4.75	5.00	CHSP;0.686
10.50	14.50	CHSP;0.998
16.00	19.75	CHSP;0.996
21.00	23.75	CHSP;0.995
26.25	29.00	CHSP;0.996
31.25	35.50	CHSP;0.997
38.00	39.50	CHSP;0.940
72.50	74.75	CHSP;0.994
121.25	121.75	CHSP;0.703
159.75	160.25	CHSP;0.817
183.00	183.50	CHSP;0.763
190.00	190.25	CHSP;0.692
199.25	199.50	CHSP;0.694
222.25	224.25	CHSP;0.984
230.25	231.00	CHSP;0.850
234.75	236.50	CHSP;0.994
240.50	242.50	CHSP;0.936
249.75	251.75	CHSP;0.986
259.25	262.00	CHSP;0.994
271.25	273.25	CHSP;0.995
278.50	279.25	CHSP;0.877
290.50	290.75	CHSP;0.690
291.50	292.00	CHSP;0.748
299.00	299.75	CHSP;0.894
4.50	5.25	DEJU;0.679
38.25	39.50	DEJU;0.756
61.00	61.75	DEJU;0.954
277.00	277.75	DEJU;0.793
76.25	76.75	DUNL;0.788
166.25	166.50	EVGR;0.742
231.50	232.25	FISP;0.526
288.50	289.00	FISP;0.584
101.75	102.25	FOSP;0.642
102.50	103.75	FOSP;0.796
106.25	107.25	FOSP;0.672
114.00	116.00	FOSP;0.992
125.00	128.00	FOSP;0.984
198.00	199.00	FOSP;0.912
207.75	208.00	FOSP;0.598
290.00	290.50	FOSP;0.657
157.25	157.75	GCSP;0.540
45.25	45.50	GRYE;0.510
204.00	204.25	HETH;0.610
70.00	70.25	LARB;0.538
291.00	291.25	LASP;0.651
144.50	145.00	LISP;0.539
153.75	154.25	LISP;0.609
184.25	184.50	LISP;0.549
207.75	208.00	LISP;0.944
247.00	247.75	LISP;0.687
266.75	268.00	LISP;0.897
269.25	270.00	LISP;0.947
285.50	286.50	LISP;0.951
287.25	287.75	LISP;0.669
294.75	296.00	LISP;0.971
11.75	12.00	MAMU;0.544
43.00	43.75	MOCH;0.645
211.00	211.25	MOCH;0.508
252.25	252.50	MOCH;0.661
264.50	265.00	MOCH;0.544
67.00	67.75	OCWA;0.844
86.00	86.75	OCWA;0.902
121.50	121.75	OCWA;0.552
95.75	96.00	PIGR;0.579
206.75	207.25	PIGR;0.755
290.00	290.25	PIGR;0.542
286.50	286.75	PUFI;0.641
296.00	296.25	PUFI;0.539
154.50	154.75	PYNU;0.527
237.25	237.75	RCKI;0.551
189.25	189.75	SAPH;0.884
166.25	166.50	SNBU;0.568
281.50	282.00	SNBU;0.637
229.25	229.50	SOSA;0.723
35.00	35.25	SWSP;0.520
25.75	26.00	SWTH;0.743
37.25	37.75	SWTH;0.841
47.00	47.50	SWTH;0.981
102.25	102.75	VESP;0.658
107.00	107.50	VESP;0.637
5.25	7.25	WCSP;0.977
9.00	10.50	WCSP;0.992
14.75	16.00	WCSP;0.993
23.50	25.25	WCSP;0.995
29.00	29.50	WCSP;0.724
60.75	62.75	WCSP;0.991
64.25	66.00	WCSP;0.994
71.00	72.75	WCSP;0.997
78.00	80.00	WCSP;0.997
81.00	83.25	WCSP;0.989
87.50	89.50	WCSP;0.997
92.25	94.50	WCSP;0.993
97.75	100.00	WCSP;0.995
102.00	104.00	WCSP;0.964
107.75	110.00	WCSP;0.995
111.50	113.50	WCSP;0.992
118.50	120.75	WCSP;0.998
128.50	130.50	WCSP;0.995
132.75	134.75	WCSP;0.997
138.50	139.00	WCSP;0.726
141.25	143.50	WCSP;0.995
146.25	148.25	WCSP;0.994
149.50	151.75	WCSP;0.989
157.25	159.25	WCSP;0.989
162.00	163.75	WCSP;0.992
169.00	171.00	WCSP;0.989
180.50	182.50	WCSP;0.995
191.25	193.50	WCSP;0.995
203.75	205.75	WCSP;0.990
216.25	218.00	WCSP;0.996
226.50	228.75	WCSP;0.993
2.25	4.00	WTSP;0.955
5.25	5.75	WTSP;0.698
14.25	15.25	WTSP;0.866
19.75	21.00	WTSP;0.972
41.00	43.50	WTSP;0.975
55.25	57.75	WTSP;0.990
81.25	81.75	WTSP;0.705
85.00	86.00	WTSP;0.927
103.75	105.50	WTSP;0.983
111.50	111.75	WTSP;0.693
116.25	119.00	WTSP;0.974
130.25	133.00	WTSP;0.985
138.50	138.75	WTSP;0.686
141.50	141.75	WTSP;0.694
143.50	144.75	WTSP;0.862
146.25	146.75	WTSP;0.688
155.00	158.00	WTSP;0.984
160.50	162.50	WTSP;0.991
167.00	169.25	WTSP;0.966
178.00	181.00	WTSP;0.993
190.75	191.75	WTSP;0.810
208.50	212.25	WTSP;0.992
216.25	216.75	WTSP;0.725
219.50	222.25	WTSP;0.993
226.00	226.25	WTSP;0.691
231.00	233.00	WTSP;0.925
244.75	247.00	WTSP;0.988
252.00	252.75	WTSP;0.815
261.75	263.00	WTSP;0.977
264.50	265.00	WTSP;0.741
274.50	275.75	WTSP;0.826
282.25	284.00	WTSP;0.961
288.25	289.00	WTSP;0.805
297.00	299.00	WTSP;0.971
137.25	137.75	YRWA;0.544
195.50	196.00	YRWA;0.582
