12.50	14.00	AMRO;0.850
14.50	15.25	AMRO;0.579
16.25	17.75	AMRO;0.740
27.00	29.25	AMRO;0.966
50.25	50.75	AMRO;0.571
58.25	59.00	AMRO;0.698
159.25	160.25	AMRO;0.761
180.75	181.75	AMRO;0.820
228.25	230.00	AMRO;0.925
293.75	294.00	AMRO;0.557
321.50	322.50	AMRO;0.649
331.50	332.00	AMRO;0.753
345.75	346.50	AMRO;0.553
368.50	369.00	AMRO;0.572
407.25	408.25	AMRO;0.934
428.75	430.00	AMRO;0.825
464.00	465.25	AMRO;0.645
479.25	479.75	AMRO;0.656
557.25	558.00	AMRO;0.729
193.25	193.50	ATSP;0.519
16.25	16.75	BAOR;0.640
17.25	17.50	BAOR;0.590
216.00	218.25	CHSP;0.916
230.25	231.00	CHSP;0.959
244.50	244.75	DEJU;0.609
266.25	266.75	DEJU;0.683
295.25	295.50	DEJU;0.523
309.50	310.00	DUNL;0.687
34.00	34.25	EATO;0.799
296.50	296.75	EATO;0.562
319.25	319.50	FISP;0.556
412.25	412.50	FISP;0.504
587.25	588.00	FISP;0.724
14.25	14.75	FOSP;0.771
22.25	24.25	FOSP;0.994
30.75	31.75	FOSP;0.920
32.00	32.25	FOSP;0.770
38.00	39.75	FOSP;0.996
47.50	49.00	FOSP;0.993
56.25	58.00	FOSP;0.976
60.50	61.50	FOSP;0.853
65.25	67.00	FOSP;0.967
79.25	81.00	FOSP;0.979
81.75	82.75	FOSP;0.875
88.75	91.00	FOSP;0.996
99.25	101.00	FOSP;0.964
114.00	114.75	FOSP;0.952
115.75	116.75	FOSP;0.956
120.75	122.00	FOSP;0.988
134.25	135.75	FOSP;0.963
141.75	142.25	FOSP;0.705
145.75	148.00	FOSP;0.994
152.75	153.00	FOSP;0.683
164.75	167.00	FOSP;0.996
168.75	169.75	FOSP;0.946
171.25	173.00	FOSP;0.988
175.00	176.75	FOSP;0.996
183.00	184.00	FOSP;0.893
188.00	188.50	FOSP;0.757
203.00	204.25	FOSP;0.988
207.75	208.00	FOSP;0.659
210.00	210.50	FOSP;0.744
218.25	219.25	FOSP;0.972
224.50	224.75	FOSP;0.665
239.25	241.25	FOSP;0.983
250.00	251.50	FOSP;0.988
269.50	270.75	FOSP;0.978
286.00	286.75	FOSP;0.921
298.75	299.00	FOSP;0.733
299.50	300.00	FOSP;0.676
302.25	304.25	FOSP;0.970
318.50	319.00	FOSP;0.669
320.00	321.00	FOSP;0.973
334.25	335.00	FOSP;0.876
338.00	338.75	FOSP;0.845
354.50	355.75	FOSP;0.919
358.00	359.50	FOSP;0.961
372.25	372.50	FOSP;0.749
382.25	382.75	FOSP;0.876
393.50	394.00	FOSP;0.677
394.25	395.25	FOSP;0.922
398.75	399.25	FOSP;0.667
411.75	412.25	FOSP;0.755
432.25	432.75	FOSP;0.680
467.00	467.50	FOSP;0.767
471.00	472.50	FOSP;0.960
498.00	499.25	FOSP;0.955
545.50	548.00	FOSP;0.987
571.00	571.25	FOSP;0.682
573.25	573.75	FOSP;0.725
591.25	593.00	FOSP;0.987
597.50	599.00	FOSP;0.946
35.50	35.75	FRGU;0.559
30.00	31.00	GCSP;0.962
307.25	307.75	GCSP;0.639
439.25	439.50	GCSP;0.543
501.25	501.75	GCSP;0.685
502.00	502.50	GCSP;0.595
113.50	114.00	HETH;0.742
296.50	296.75	LASP;0.518
195.50	195.75	LISP;0.536
279.25	279.75	LISP;0.600
495.25	495.75	LISP;0.628
524.50	525.00	LISP;0.537
324.25	324.50	MAMU;0.587
491.25	491.75	MAMU;0.621
340.00	340.25	MOBL;0.536
0.25	0.75	MOCH;0.581
42.25	42.50	MOCH;0.503
466.25	466.75	MOCH;0.739
299.50	299.75	NOCA;0.682
92.75	93.50	OSFL;0.995
106.00	106.75	OSFL;0.973
111.75	112.75	OSFL;0.991
126.50	127.75	OSFL;0.997
132.00	132.75	OSFL;0.993
143.00	144.00	OSFL;0.997
157.25	158.25	OSFL;0.991
181.50	182.25	OSFL;0.894
188.25	189.00	OSFL;0.991
206.50	207.75	OSFL;0.959
237.25	238.00	OSFL;0.997
248.00	249.25	OSFL;0.989
256.00	256.75	OSFL;0.997
271.25	272.00	OSFL;0.998
281.00	282.25	OSFL;0.994
289.50	290.75	OSFL;0.998
319.25	320.00	OSFL;0.951
336.50	337.50	OSFL;0.992
343.50	344.50	OSFL;0.997
357.00	357.75	OSFL;0.992
367.50	368.00	OSFL;0.936
375.25	376.25	OSFL;0.992
395.75	396.50	OSFL;0.915
417.25	417.75	OSFL;0.767
444.25	445.25	OSFL;0.989
475.25	476.25	OSFL;0.952
508.50	509.25	OSFL;0.935
517.25	517.75	OSFL;0.875
529.00	530.00	OSFL;0.996
554.00	554.75	OSFL;0.991
564.00	564.75	OSFL;0.997
136.00	136.25	PHVI;0.588
286.25	286.75	PIGR;0.653
334.50	335.00	PIGR;0.646
563.25	563.50	PIGR;0.559
196.50	196.75	PUFI;0.539
219.25	219.50	PUFI;0.701
251.00	251.50	PUFI;0.592
321.00	321.25	PUFI;0.571
57.50	57.75	RBGR;0.594
76.00	76.25	RBGR;0.528
92.25	92.75	RBGR;0.541
159.50	160.00	RBGR;0.531
263.25	263.75	RBGR;0.603
267.25	267.50	RBGR;0.578
323.50	323.75	RBGR;0.573
430.00	430.25	RBGR;0.513
115.00	115.50	REVI;0.705
48.00	48.25	RUGR;0.514
49.75	50.25	RUGR;0.559
171.50	171.75	SAPH;0.639
287.00	287.50	SAPH;0.942
83.25	83.50	SATH;0.571
87.75	88.50	SATH;0.606
93.50	93.75	SATH;0.562
187.50	188.00	SNBU;0.589
287.50	288.00	SNBU;0.705
348.00	349.00	SNBU;0.757
393.50	394.00	SNBU;0.669
394.50	394.75	SNBU;0.611
432.25	432.50	SNBU;0.535
447.25	447.75	SNBU;0.776
514.25	514.50	SNBU;0.640
464.50	464.75	SPTO;0.516
1.00	1.75	SWSP;0.617
295.00	295.50	SWSP;0.545
185.25	185.50	VATH;0.523
231.50	231.75	VATH;0.791
254.00	254.75	VATH;0.945
326.50	326.75	VATH;0.529
462.25	462.50	VATH;0.531
485.50	486.00	VATH;0.661
491.00	491.50	VATH;0.903
566.00	567.00	VATH;0.985
578.00	578.75	VATH;0.991
32.25	32.50	VESP;0.501
509.00	509.50	VESP;0.694
530.25	530.50	VESP;0.512
573.75	574.75	VESP;0.863
4.25	4.75	WCSP;0.540
129.25	129.75	WCSP;0.739
169.25	169.75	WCSP;0.647
185.75	187.00	WCSP;0.989
307.50	308.25	WCSP;0.760
320.50	320.75	WCSP;0.566
598.25	598.50	WCSP;0.525
194.50	194.75	WEME;0.603
11.50	12.75	WIWA;0.995
20.25	21.50	WIWA;0.993
31.50	32.00	WIWA;0.838
41.25	42.00	WIWA;0.933
50.50	51.75	WIWA;0.989
59.25	60.75	WIWA;0.995
68.50	70.00	WIWA;0.996
77.25	78.75	WIWA;0.993
86.00	87.00	WIWA;0.980
94.75	96.00	WIWA;0.997
106.75	108.00	WIWA;0.984
119.25	120.50	WIWA;0.986
131.25	132.25	WIWA;0.992
143.00	144.50	WIWA;0.982
155.25	156.50	WIWA;0.990
168.00	169.00	WIWA;0.970
179.25	180.25	WIWA;0.983
190.75	191.50	WIWA;0.828
214.50	216.00	WIWA;0.994
232.50	233.75	WIWA;0.996
245.00	246.25	WIWA;0.998
257.50	259.00	WIWA;0.995
270.75	271.50	WIWA;0.949
282.00	283.25	WIWA;0.994
294.00	295.25	WIWA;0.995
304.75	306.25	WIWA;0.996
316.00	317.50	WIWA;0.997
327.00	328.50	WIWA;0.995
338.50	339.75	WIWA;0.990
350.00	351.25	WIWA;0.997
362.50	364.00	WIWA;0.996
373.75	374.75	WIWA;0.985
385.75	387.00	WIWA;0.991
396.00	397.25	WIWA;0.987
403.50	405.00	WIWA;0.996
414.50	415.25	WIWA;0.898
436.00	437.50	WIWA;0.996
460.00	461.50	WIWA;0.996
473.50	474.75	WIWA;0.978
487.75	489.25	WIWA;0.997
496.75	498.25	WIWA;0.997
506.50	508.00	WIWA;0.994
516.25	518.00	WIWA;0.995
527.25	529.00	WIWA;0.995
538.00	539.50	WIWA;0.995
548.25	550.00	WIWA;0.995
559.75	561.50	WIWA;0.997
571.50	573.00	WIWA;0.997
581.75	583.50	WIWA;0.997
592.75	594.00	WIWA;0.996
0.00	2.00	WTSP;0.960
4.25	4.75	WTSP;0.719
8.00	11.25	WTSP;0.994
18.25	20.75	WTSP;0.980
21.00	22.00	WTSP;0.838
28.75	30.00	WTSP;0.918
39.50	42.75	WTSP;0.985
52.75	56.00	WTSP;0.995
61.50	65.50	WTSP;0.997
68.25	68.50	WTSP;0.700
72.25	75.50	WTSP;0.991
83.50	86.25	WTSP;0.993
96.00	99.50	WTSP;0.994
102.25	103.75	WTSP;0.974
109.00	112.00	WTSP;0.993
118.00	119.50	WTSP;0.989
121.75	125.00	WTSP;0.995
135.50	139.25	WTSP;0.995
140.75	141.50	WTSP;0.824
148.75	152.00	WTSP;0.995
160.25	163.75	WTSP;0.992
176.25	179.50	WTSP;0.994
188.75	192.00	WTSP;0.991
199.25	203.00	WTSP;0.995
211.00	214.25	WTSP;0.995
221.00	224.50	WTSP;0.995
259.75	261.00	WTSP;0.894
297.00	298.50	WTSP;0.983
332.50	334.00	WTSP;0.730
364.25	367.50	WTSP;0.991
368.25	368.75	WTSP;0.844
376.25	379.75	WTSP;0.996
388.25	391.75	WTSP;0.995
400.00	403.75	WTSP;0.993
412.50	416.00	WTSP;0.996
424.50	428.00	WTSP;0.996
430.50	431.25	WTSP;0.767
438.50	442.00	WTSP;0.998
449.50	453.00	WTSP;0.995
454.25	454.75	WTSP;0.840
455.75	459.00	WTSP;0.996
466.00	467.00	WTSP;0.878
480.50	483.75	WTSP;0.985
485.50	485.75	WTSP;0.675
486.00	487.00	WTSP;0.814
494.25	494.75	WTSP;0.967
500.00	503.00	WTSP;0.986
518.50	521.50	WTSP;0.991
533.75	537.00	WTSP;0.995
551.00	554.00	WTSP;0.995
568.75	571.00	WTSP;0.994
580.00	580.50	WTSP;0.912
585.00	588.00	WTSP;0.996
