162.75	164.00	AMRO;0.943
165.00	168.75	AMRO;0.953
169.00	171.50	AMRO;0.899
173.25	174.50	AMRO;0.743
177.25	181.75	AMRO;0.980
182.00	184.25	AMRO;0.995
186.50	189.50	AMRO;0.929
189.75	190.75	AMRO;0.870
191.75	194.00	AMRO;0.989
195.50	198.00	AMRO;0.981
198.75	201.50	AMRO;0.994
207.25	209.25	AMRO;0.899
211.50	214.50	AMRO;0.996
218.50	219.25	AMRO;0.799
220.50	222.25	AMRO;0.960
224.25	225.00	AMRO;0.857
229.00	230.25	AMRO;0.943
230.50	231.75	AMRO;0.737
234.00	237.75	AMRO;0.978
245.25	246.75	AMRO;0.892
249.75	251.50	AMRO;0.920
253.25	254.75	AMRO;0.949
258.00	260.00	AMRO;0.991
275.50	277.25	AMRO;0.861
281.50	282.25	AMRO;0.822
290.75	292.00	AMRO;0.887
296.50	298.00	AMRO;0.956
305.25	305.75	AMRO;0.741
313.25	315.25	AMRO;0.976
321.75	322.75	AMRO;0.859
328.00	328.75	AMRO;0.781
340.25	341.25	AMRO;0.843
347.00	347.50	AMRO;0.715
349.50	351.25	AMRO;0.984
362.75	363.50	AMRO;0.738
369.25	370.50	AMRO;0.774
375.50	375.75	AMRO;0.677
376.50	377.25	AMRO;0.750
382.25	384.00	AMRO;0.866
389.00	389.75	AMRO;0.844
393.00	395.00	AMRO;0.995
405.25	407.00	AMRO;0.975
419.00	420.75	AMRO;0.944
510.50	511.00	AMRO;0.795
520.00	523.25	AMRO;0.968
531.50	532.50	AMRO;0.960
538.75	539.75	AMRO;0.790
548.25	551.75	AMRO;0.969
554.25	556.75	AMRO;0.925
562.50	566.00	AMRO;0.988
397.00	397.75	BCCH;0.867
315.50	315.75	BEWR;0.535
131.25	131.75	BFAL;0.623
173.25	173.75	BHGR;0.598
152.25	153.00	DEJU;0.824
169.50	169.75	DEJU;0.550
182.00	182.50	DEJU;0.684
315.75	316.00	DEJU;0.558
457.00	457.50	DEJU;0.558
554.00	554.25	DEJU;0.552
85.50	87.00	FISP;0.734
160.00	160.25	FISP;0.545
503.50	504.00	FISP;0.712
0.50	1.75	FOSP;0.946
5.50	5.75	FOSP;0.687
13.00	16.50	FOSP;0.993
26.25	28.75	FOSP;0.992
41.25	43.75	FOSP;0.996
50.75	52.00	FOSP;0.961
56.25	58.75	FOSP;0.996
63.25	64.50	FOSP;0.946
69.50	71.00	FOSP;0.951
77.00	78.25	FOSP;0.949
88.50	89.25	FOSP;0.900
102.75	103.75	FOSP;0.961
116.75	118.00	FOSP;0.869
123.00	124.00	FOSP;0.933
128.75	129.00	FOSP;0.715
135.00	135.75	FOSP;0.877
139.75	141.00	FOSP;0.968
146.25	147.50	FOSP;0.837
151.25	151.75	FOSP;0.682
159.75	160.00	FOSP;0.700
164.25	165.25	FOSP;0.985
172.25	173.00	FOSP;0.850
188.00	190.00	FOSP;0.949
205.25	205.75	FOSP;0.743
215.25	216.00	FOSP;0.964
228.25	229.25	FOSP;0.946
267.00	268.00	FOSP;0.951
273.25	275.25	FOSP;0.984
280.25	281.00	FOSP;0.760
306.00	307.25	FOSP;0.983
319.25	320.75	FOSP;0.976
332.00	333.50	FOSP;0.978
373.00	374.25	FOSP;0.982
386.25	387.00	FOSP;0.941
413.25	414.00	FOSP;0.836
426.75	428.00	FOSP;0.985
445.25	446.75	FOSP;0.940
459.75	460.75	FOSP;0.955
473.25	474.25	FOSP;0.872
487.00	488.25	FOSP;0.887
500.75	502.00	FOSP;0.978
515.75	517.25	FOSP;0.986
530.00	531.50	FOSP;0.975
100.25	102.50	GCSP;0.924
400.25	400.50	GCSP;0.521
0.25	0.75	HETH;0.693
37.50	38.00	HETH;0.511
50.50	50.75	HETH;0.632
266.75	267.00	HETH;0.587
359.50	359.75	HETH;0.504
397.25	397.75	HETH;0.564
424.50	425.25	HETH;0.774
426.50	427.00	HETH;0.695
438.50	438.75	HETH;0.554
459.50	460.00	HETH;0.684
515.50	515.75	HETH;0.609
33.50	33.75	KILL;0.545
385.00	385.75	LASP;0.724
19.25	19.50	LISP;0.573
138.25	139.25	LISP;0.748
143.50	143.75	LISP;0.928
144.75	145.00	LISP;0.937
169.50	169.75	LISP;0.508
181.75	182.25	LISP;0.627
315.50	315.75	LISP;0.607
456.25	457.50	LISP;0.621
484.50	485.00	LISP;0.673
47.25	47.75	MOCH;0.623
561.25	561.50	MOCH;0.529
414.00	414.25	OCWA;0.549
276.75	277.00	OSFL;0.513
165.00	165.50	RBGR;0.635
173.25	173.75	RBGR;0.656
268.00	268.50	RBGR;0.742
307.25	307.50	REVI;0.562
374.25	374.50	REVI;0.593
387.25	387.75	REVI;0.647
414.25	414.75	REVI;0.610
170.00	170.50	ROWR;0.613
144.75	145.00	RUHU;0.746
146.75	147.00	RUHU;0.537
170.25	170.50	RWBL;0.548
227.25	227.50	SATH;0.558
44.50	45.00	SOSA;0.819
84.25	84.50	SOSA;0.710
110.75	111.50	SOSA;0.820
207.00	207.50	SOSA;0.677
220.25	220.75	SOSA;0.840
356.50	357.00	SOSA;0.910
142.00	142.25	SOSP;0.534
129.00	129.50	SWSP;0.570
165.50	166.50	SWSP;0.769
201.25	202.00	SWSP;0.784
207.75	209.00	SWSP;0.814
216.25	216.75	SWSP;0.630
393.50	393.75	SWSP;0.655
488.25	488.75	SWSP;0.580
21.75	22.25	VATH;0.684
79.50	79.75	VATH;0.506
107.25	107.75	VATH;0.790
148.25	148.50	VATH;0.582
154.25	155.00	VATH;0.932
323.25	324.00	VATH;0.897
366.00	366.50	VATH;0.659
367.50	367.75	VATH;0.642
380.75	382.00	VATH;0.893
392.25	393.00	VATH;0.988
417.25	418.00	VATH;0.849
424.00	424.25	VATH;0.585
439.50	440.25	VATH;0.963
468.50	469.50	VATH;0.962
476.50	477.50	VATH;0.916
505.50	506.50	VATH;0.965
547.25	547.75	VATH;0.683
579.75	580.00	VATH;0.653
599.00	599.75	VATH;0.976
5.50	6.00	VESP;0.553
205.25	205.75	VESP;0.548
428.00	428.25	VESP;0.532
3.50	6.25	WCSP;0.988
9.75	12.00	WCSP;0.997
16.25	19.00	WCSP;0.997
23.25	26.00	WCSP;0.998
30.25	32.50	WCSP;0.996
37.75	40.25	WCSP;0.993
45.00	47.50	WCSP;0.994
52.25	55.00	WCSP;0.997
58.25	58.75	WCSP;0.701
60.25	62.50	WCSP;0.996
63.25	63.50	WCSP;0.680
67.50	69.75	WCSP;0.997
70.25	70.75	WCSP;0.737
74.50	77.00	WCSP;0.996
82.00	84.00	WCSP;0.993
89.00	91.75	WCSP;0.997
96.25	99.00	WCSP;0.996
114.75	117.25	WCSP;0.992
124.00	126.00	WCSP;0.992
133.25	135.75	WCSP;0.995
143.75	144.75	WCSP;0.993
150.00	152.00	WCSP;0.994
158.25	160.00	WCSP;0.989
168.00	169.00	WCSP;0.992
175.75	177.50	WCSP;0.995
185.50	188.00	WCSP;0.993
188.50	189.00	WCSP;0.728
194.25	196.75	WCSP;0.993
202.25	205.00	WCSP;0.997
209.50	211.75	WCSP;0.995
217.25	219.75	WCSP;0.997
224.75	227.00	WCSP;0.994
232.75	235.00	WCSP;0.993
240.00	242.00	WCSP;0.981
247.50	249.75	WCSP;0.997
254.50	257.00	WCSP;0.996
263.00	265.25	WCSP;0.993
271.00	273.50	WCSP;0.996
278.25	280.75	WCSP;0.992
286.00	288.25	WCSP;0.996
293.50	295.75	WCSP;0.996
302.25	304.25	WCSP;0.996
311.00	312.75	WCSP;0.996
320.00	322.75	WCSP;0.996
329.75	332.00	WCSP;0.996
337.50	339.50	WCSP;0.996
346.00	347.75	WCSP;0.996
359.75	361.75	WCSP;0.998
370.50	372.25	WCSP;0.997
402.25	404.00	WCSP;0.991
412.25	413.75	WCSP;0.951
422.00	423.50	WCSP;0.984
430.50	432.00	WCSP;0.964
444.50	446.00	WCSP;0.950
454.75	456.25	WCSP;0.996
464.00	465.50	WCSP;0.994
473.25	476.25	WCSP;0.995
485.75	486.25	WCSP;0.736
486.75	488.00	WCSP;0.888
496.50	498.00	WCSP;0.992
508.25	510.00	WCSP;0.993
518.00	519.50	WCSP;0.996
528.25	530.00	WCSP;0.995
537.25	538.00	WCSP;0.788
540.50	541.00	WCSP;0.882
544.00	546.75	WCSP;0.997
551.75	554.00	WCSP;0.995
559.25	561.25	WCSP;0.996
567.50	569.75	WCSP;0.996
574.50	574.75	WCSP;0.673
576.00	578.00	WCSP;0.995
584.50	586.25	WCSP;0.998
593.75	595.75	WCSP;0.994
78.25	79.00	WIWA;0.994
121.50	122.75	WIWA;0.942
129.00	129.50	WIWA;0.829
166.00	166.25	WIWA;0.678
201.25	202.00	WIWA;0.811
216.00	216.75	WIWA;0.883
223.25	224.50	WIWA;0.990
236.25	237.50	WIWA;0.983
243.25	244.25	WIWA;0.936
352.25	353.00	WIWA;0.956
359.00	360.00	WIWA;0.976
365.00	366.00	WIWA;0.994
372.25	373.00	WIWA;0.986
378.75	380.00	WIWA;0.996
386.00	386.50	WIWA;0.919
393.50	394.00	WIWA;0.816
406.75	407.50	WIWA;0.888
429.00	430.00	WIWA;0.992
440.25	442.00	WIWA;0.991
449.75	451.25	WIWA;0.996
494.00	494.50	WIWA;0.777
504.75	506.00	WIWA;0.990
514.25	514.75	WIWA;0.801
519.75	520.75	WIWA;0.989
523.25	524.00	WIWA;0.911
532.75	533.50	WIWA;0.916
535.00	536.00	WIWA;0.988
543.25	544.00	WIWA;0.902
556.00	556.75	WIWA;0.943
558.00	559.00	WIWA;0.989
569.50	570.75	WIWA;0.988
575.00	575.75	WIWA;0.992
578.00	579.00	WIWA;0.976
586.00	587.00	WIWA;0.981
593.25	593.75	WIWA;0.728
16.25	16.75	WTSP;0.692
29.00	29.50	WTSP;0.803
30.00	30.75	WTSP;0.797
37.75	38.75	WTSP;0.810
44.75	45.75	WTSP;0.788
47.50	48.00	WTSP;0.728
52.50	53.00	WTSP;0.777
62.50	63.00	WTSP;0.708
67.75	68.00	WTSP;0.700
71.25	72.75	WTSP;0.970
79.25	82.25	WTSP;0.991
86.00	87.00	WTSP;0.771
89.50	89.75	WTSP;0.659
92.00	97.25	WTSP;0.992
102.00	103.00	WTSP;0.851
103.75	105.50	WTSP;0.964
107.50	113.00	WTSP;0.964
114.75	115.00	WTSP;0.663
118.00	120.75	WTSP;0.995
126.00	127.50	WTSP;0.994
133.00	134.00	WTSP;0.832
140.25	140.50	WTSP;0.754
141.00	144.25	WTSP;0.991
148.00	150.50	WTSP;0.986
155.00	158.75	WTSP;0.996
173.75	176.25	WTSP;0.982
194.50	194.75	WTSP;0.665
202.25	202.75	WTSP;0.727
217.25	218.00	WTSP;0.773
235.75	236.00	WTSP;0.686
240.00	240.75	WTSP;0.771
242.00	243.50	WTSP;0.991
246.75	247.00	WTSP;0.829
247.50	248.00	WTSP;0.710
249.75	252.00	WTSP;0.988
256.50	258.50	WTSP;0.996
263.00	263.75	WTSP;0.670
267.75	271.75	WTSP;0.984
276.25	278.75	WTSP;0.991
283.00	285.75	WTSP;0.994
286.00	286.50	WTSP;0.697
290.00	294.25	WTSP;0.993
299.00	302.75	WTSP;0.993
307.50	311.25	WTSP;0.993
316.00	318.75	WTSP;0.995
324.00	327.50	WTSP;0.995
330.00	330.50	WTSP;0.820
333.75	338.00	WTSP;0.996
343.75	346.25	WTSP;0.995
352.75	356.00	WTSP;0.996
358.50	358.75	WTSP;0.664
361.75	364.00	WTSP;0.995
366.25	366.50	WTSP;0.686
367.50	367.75	WTSP;0.684
370.50	370.75	WTSP;0.662
374.25	376.75	WTSP;0.988
383.00	383.25	WTSP;0.705
387.75	390.00	WTSP;0.994
399.00	403.00	WTSP;0.969
408.75	413.00	WTSP;0.996
420.25	422.50	WTSP;0.991
430.25	433.25	WTSP;0.984
441.75	445.00	WTSP;0.991
447.25	447.50	WTSP;0.658
451.25	453.75	WTSP;0.989
454.75	455.00	WTSP;0.693
460.75	464.50	WTSP;0.992
468.50	468.75	WTSP;0.711
471.25	473.25	WTSP;0.996
485.00	487.00	WTSP;0.990
498.00	500.75	WTSP;0.988
511.00	513.75	WTSP;0.990
525.00	527.25	WTSP;0.995
528.00	528.75	WTSP;0.837
536.00	539.00	WTSP;0.994
547.00	550.25	WTSP;0.991
560.75	562.00	WTSP;0.851
570.75	573.75	WTSP;0.994
574.50	574.75	WTSP;0.678
581.00	585.00	WTSP;0.991
591.50	594.25	WTSP;0.994
55.25	55.75	YRWA;0.595
84.75	85.50	YRWA;0.695
105.50	106.00	YRWA;0.534
127.50	127.75	YRWA;0.612
160.50	161.50	YRWA;0.823
407.50	408.25	YRWA;0.916
415.25	415.75	YRWA;0.651
423.50	423.75	YRWA;0.560
