41.75	42.25	AGOL;0.758
76.00	76.50	AGOL;0.588
241.75	242.00	AMAV;0.622
2.25	2.75	AMRO;0.636
6.25	7.50	AMRO;0.721
14.50	15.25	AMRO;0.762
18.50	19.50	AMRO;0.693
27.50	28.00	AMRO;0.605
77.50	77.75	AMRO;0.508
80.50	80.75	AMRO;0.548
85.75	86.75	AMRO;0.907
97.25	97.75	AMRO;0.551
118.25	118.75	AMRO;0.624
144.00	145.00	AMRO;0.923
174.50	175.25	AMRO;0.562
180.25	180.50	AMRO;0.536
181.50	182.00	AMRO;0.670
189.00	190.25	AMRO;0.840
195.00	197.00	AMRO;0.811
225.50	226.00	AMRO;0.596
231.75	232.25	AMRO;0.576
235.50	236.00	AMRO;0.608
245.00	245.25	AMRO;0.584
251.75	252.25	AMRO;0.521
253.25	253.50	AMRO;0.654
273.75	276.50	AMRO;0.987
286.75	287.75	AMRO;0.933
299.00	299.50	AMRO;0.533
27.00	27.25	BANS;0.520
70.00	70.25	BRBL;0.526
21.00	21.75	BRSP;0.800
22.25	22.50	BRSP;0.584
255.25	255.75	BRSP;0.637
263.25	263.50	BRSP;0.543
2.00	2.75	CHSP;0.769
10.25	13.00	CHSP;0.944
20.50	21.75	CHSP;0.902
22.25	22.75	CHSP;0.716
32.25	32.75	CHSP;0.826
33.00	33.75	CHSP;0.810
40.00	41.75	CHSP;0.893
47.00	47.75	CHSP;0.944
48.00	48.75	CHSP;0.935
72.50	73.75	CHSP;0.776
86.25	88.00	CHSP;0.863
96.50	98.00	CHSP;0.919
103.50	105.00	CHSP;0.948
113.25	115.75	CHSP;0.971
132.25	133.00	CHSP;0.911
133.25	133.75	CHSP;0.885
151.25	153.75	CHSP;0.942
161.25	163.50	CHSP;0.965
180.25	182.00	CHSP;0.965
190.75	193.00	CHSP;0.969
202.50	204.00	CHSP;0.956
213.25	215.00	CHSP;0.966
224.50	225.00	CHSP;0.714
235.00	237.25	CHSP;0.973
243.00	246.00	CHSP;0.986
252.25	253.50	CHSP;0.873
262.25	264.75	CHSP;0.906
271.25	274.00	CHSP;0.986
283.00	284.25	CHSP;0.963
288.25	291.50	CHSP;0.971
298.75	300.00	CHSP;0.852
237.25	237.75	COMU;0.819
65.50	65.75	DEJU;0.508
72.75	73.00	DEJU;0.604
224.25	225.00	DEJU;0.685
298.75	299.75	DEJU;0.757
0.00	1.50	FOSP;0.956
34.25	36.75	FOSP;0.995
53.25	55.50	FOSP;0.979
73.25	75.75	FOSP;0.992
89.25	91.50	FOSP;0.995
106.00	108.75	FOSP;0.996
123.00	125.25	FOSP;0.995
139.00	141.75	FOSP;0.996
142.25	142.75	FOSP;0.682
152.25	152.50	FOSP;0.680
154.25	156.75	FOSP;0.997
165.00	167.00	FOSP;0.940
168.25	169.50	FOSP;0.994
171.25	173.50	FOSP;0.996
184.75	187.25	FOSP;0.980
200.25	202.25	FOSP;0.998
210.50	212.75	FOSP;0.992
228.75	231.25	FOSP;0.996
247.75	250.00	FOSP;0.996
260.00	261.50	FOSP;0.995
271.00	271.50	FOSP;0.782
280.00	280.75	FOSP;0.864
255.25	255.75	GRSP;0.780
190.25	190.50	GWTE;0.505
197.00	197.50	GWTE;0.647
225.25	225.50	GWTE;0.700
265.75	266.00	GWTE;0.681
276.25	276.50	GWTE;0.738
270.75	271.00	HETH;0.607
222.50	223.00	HEWA;0.655
163.75	164.00	HOLA;0.530
103.00	103.25	KILL;0.559
202.00	202.50	LASP;0.691
3.50	5.75	LISP;0.990
16.25	18.75	LISP;0.994
29.50	31.25	LISP;0.997
42.75	44.00	LISP;0.972
78.50	80.75	LISP;0.997
94.50	95.75	LISP;0.840
109.00	110.50	LISP;0.968
142.75	144.25	LISP;0.987
158.50	160.25	LISP;0.996
199.00	200.00	LISP;0.968
213.00	213.50	LISP;0.688
226.25	227.75	LISP;0.928
239.50	241.00	LISP;0.993
253.50	254.75	LISP;0.908
267.75	269.00	LISP;0.992
281.75	282.75	LISP;0.924
295.25	297.75	LISP;0.997
206.00	206.50	MOCH;0.694
109.00	109.25	NHWR;0.520
265.00	265.25	PIGR;0.549
8.50	9.00	PISI;0.783
24.00	25.00	PISI;0.996
26.75	27.50	PISI;0.874
28.00	29.25	PISI;0.997
31.50	33.25	PISI;0.970
37.00	38.75	PISI;0.997
39.50	39.75	PISI;0.674
41.75	42.75	PISI;0.898
44.75	47.25	PISI;0.994
47.50	48.25	PISI;0.942
48.50	53.25	PISI;0.996
55.50	65.75	PISI;0.999
67.50	68.75	PISI;0.991
76.00	76.75	PISI;0.960
88.00	88.25	PISI;0.671
94.00	94.25	PISI;0.675
95.25	96.00	PISI;0.722
98.00	103.00	PISI;0.930
105.25	106.00	PISI;0.911
109.50	112.50	PISI;0.960
115.50	121.50	PISI;0.995
125.50	126.25	PISI;0.966
129.00	131.50	PISI;0.982
131.75	132.50	PISI;0.930
132.75	133.50	PISI;0.886
133.75	138.75	PISI;0.994
144.25	145.50	PISI;0.935
147.25	148.00	PISI;0.945
150.25	151.25	PISI;0.995
182.00	182.25	PISI;0.729
183.00	183.75	PISI;0.950
188.00	190.00	PISI;0.918
194.00	195.25	PISI;0.932
195.50	196.00	PISI;0.727
198.00	198.75	PISI;0.924
204.00	206.00	PISI;0.990
220.50	222.25	PISI;0.989
223.50	224.00	PISI;0.757
232.00	234.25	PISI;0.992
238.50	238.75	PISI;0.773
258.25	258.50	PISI;0.688
259.25	259.50	PISI;0.684
116.25	116.50	PYNU;0.516
116.75	117.00	PYNU;0.521
295.50	295.75	ROWR;0.544
84.50	85.00	RUBL;0.732
294.00	296.00	RUGR;0.750
70.00	70.25	RWBL;0.573
251.00	251.75	SATH;0.826
289.00	289.50	TOSO;0.573
55.00	55.50	VESP;0.619
3.00	3.75	WCSP;0.793
13.25	14.50	WCSP;0.984
44.00	44.50	WCSP;0.561
66.25	67.50	WCSP;0.847
126.75	128.00	WCSP;0.993
184.00	184.50	YRWA;0.754
222.75	223.00	YRWA;0.571
