175.50	176.50	AMDI;0.630
193.25	194.00	AMDI;0.703
168.50	169.25	AMRO;0.657
177.75	178.00	AMRO;0.541
188.00	188.50	AMRO;0.763
198.00	198.50	AMRO;0.611
206.00	207.00	AMRO;0.908
215.25	216.00	AMRO;0.664
235.75	237.25	AMRO;0.878
246.75	247.50	AMRO;0.706
264.00	266.00	AMRO;0.967
282.75	283.50	AMRO;0.706
289.25	289.75	AMRO;0.695
290.75	291.75	AMRO;0.676
274.25	274.50	ARTE;0.532
118.25	118.75	BAOR;0.690
153.00	153.50	BAOR;0.703
169.00	169.50	BAOR;0.657
188.00	188.25	BAOR;0.560
255.75	256.00	BAOR;0.538
117.25	117.50	BLOY;0.515
241.25	242.00	BRSP;0.976
242.50	242.75	BRSP;0.789
48.00	48.25	FISP;0.516
275.25	275.50	FISP;0.509
217.25	218.00	GWTE;0.823
109.00	109.50	LEYE;0.534
74.50	75.50	LISP;0.813
90.25	91.50	LISP;0.967
107.50	108.25	LISP;0.755
142.25	143.00	LISP;0.730
159.25	160.75	LISP;0.973
176.00	177.00	LISP;0.818
193.75	194.75	LISP;0.824
273.50	273.75	LISP;0.583
293.50	295.00	LISP;0.988
95.00	95.25	MAMU;0.637
0.00	1.00	MOCH;0.842
3.25	4.00	MOCH;0.863
36.50	37.00	MOCH;0.597
62.75	63.50	MOCH;0.654
80.25	81.00	MOCH;0.678
171.00	171.25	MOCH;0.587
116.75	117.00	OSFL;0.555
109.00	109.50	RUTU;0.659
211.25	212.00	RUTU;0.857
229.25	230.00	RUTU;0.749
245.00	245.50	RUTU;0.620
143.75	144.00	SPPI;0.555
169.00	169.50	SUTA;0.532
6.50	6.75	SWSP;0.615
26.00	27.00	SWSP;0.886
45.75	46.25	SWSP;0.540
143.00	143.50	TOSO;0.619
200.50	200.75	TOSO;0.523
242.50	242.75	WCSP;0.606
6.25	6.75	WIWA;0.738
15.50	16.00	WIWA;0.874
35.75	36.50	WIWA;0.705
45.25	46.25	WIWA;0.836
58.50	59.75	WIWA;0.995
81.00	82.50	WIWA;0.996
125.50	126.75	WIWA;0.990
134.50	136.25	WIWA;0.997
149.00	150.50	WIWA;0.997
162.00	163.50	WIWA;0.994
173.50	175.00	WIWA;0.997
183.50	185.00	WIWA;0.996
198.00	199.25	WIWA;0.997
215.50	217.00	WIWA;0.997
226.75	228.00	WIWA;0.996
237.50	239.00	WIWA;0.996
247.25	248.50	WIWA;0.997
259.00	260.50	WIWA;0.995
270.25	271.75	WIWA;0.995
278.75	280.50	WIWA;0.997
289.50	291.00	WIWA;0.996
0.00	1.50	WTSP;0.914
3.50	4.25	WTSP;0.798
11.00	12.00	WTSP;0.902
13.00	15.75	WTSP;0.987
16.75	19.00	WTSP;0.992
24.75	26.25	WTSP;0.930
36.50	41.25	WTSP;0.991
51.25	55.25	WTSP;0.988
56.25	58.75	WTSP;0.996
62.75	63.75	WTSP;0.858
65.00	67.00	WTSP;0.989
77.50	78.00	WTSP;0.812
80.00	81.00	WTSP;0.862
82.50	85.00	WTSP;0.994
92.50	95.00	WTSP;0.972
109.25	111.00	WTSP;0.993
123.00	125.50	WTSP;0.987
129.50	131.75	WTSP;0.996
164.25	167.00	WTSP;0.997
179.75	180.50	WTSP;0.918
201.75	202.50	WTSP;0.779
207.25	209.75	WTSP;0.987
218.25	219.50	WTSP;0.859
225.50	227.00	WTSP;0.979
228.00	228.50	WTSP;0.725
239.25	241.25	WTSP;0.954
251.50	256.00	WTSP;0.995
262.75	264.50	WTSP;0.982
275.00	275.75	WTSP;0.921
281.00	284.00	WTSP;0.994
286.50	288.75	WTSP;0.962
299.00	299.75	WTSP;0.888
104.00	104.75	YRWA;0.892
