186.00	186.25	BCCH;0.552
2.50	3.00	CCSP;0.565
15.75	17.50	CCSP;0.979
23.00	23.50	CCSP;0.599
31.00	32.75	CCSP;0.945
39.50	40.25	CCSP;0.841
45.75	47.50	CCSP;0.982
53.25	54.50	CCSP;0.929
67.75	68.50	CCSP;0.883
92.25	93.50	CCSP;0.978
120.25	120.50	CHSP;0.555
130.25	131.00	CHSP;0.877
143.00	143.50	CHSP;0.673
183.25	184.00	CHSP;0.585
195.25	196.75	CHSP;0.945
205.00	207.00	CHSP;0.977
229.50	229.75	CHSP;0.680
243.50	244.00	CHSP;0.645
254.25	254.75	CHSP;0.748
267.25	267.50	CHSP;0.568
282.00	283.00	CHSP;0.896
156.25	156.75	EAME;0.578
121.75	122.75	FISP;0.768
7.50	10.00	FOSP;0.988
25.75	28.00	FOSP;0.984
40.25	42.00	FOSP;0.995
56.25	58.25	FOSP;0.949
69.25	71.25	FOSP;0.994
82.25	84.75	FOSP;0.994
95.25	97.50	FOSP;0.995
112.25	114.75	FOSP;0.991
125.25	127.75	FOSP;0.993
140.25	142.75	FOSP;0.995
155.75	157.75	FOSP;0.928
170.50	172.75	FOSP;0.992
187.25	189.75	FOSP;0.989
232.75	233.00	FOSP;0.660
274.25	275.75	FOSP;0.823
67.25	67.50	HETH;0.587
18.25	18.50	HEWA;0.501
273.75	274.00	KILL;0.522
23.50	24.50	LISP;0.702
85.50	86.25	LISP;0.593
0.25	0.75	MOCH;0.681
185.50	186.25	MOCH;0.630
14.00	14.50	PISI;0.560
228.25	229.25	PISI;0.937
235.25	236.25	PISI;0.978
237.00	238.25	PISI;0.993
239.00	239.25	PISI;0.543
243.00	243.50	PISI;0.786
246.00	246.50	PISI;0.742
247.50	247.75	PISI;0.643
135.25	136.00	RBNU;0.863
169.00	169.25	SOSP;0.556
5.25	5.75	SWSP;0.732
13.00	13.50	SWSP;0.728
20.50	21.50	SWSP;0.857
35.25	36.50	SWSP;0.901
42.25	43.00	SWSP;0.788
49.25	51.00	SWSP;0.990
58.25	59.00	SWSP;0.906
65.25	66.50	SWSP;0.915
80.00	80.50	SWSP;0.799
109.25	109.75	SWSP;0.800
116.25	118.25	SWSP;0.976
131.25	132.50	SWSP;0.935
138.50	139.75	SWSP;0.917
148.00	148.25	SWSP;0.743
154.00	155.00	SWSP;0.940
168.25	168.75	SWSP;0.690
174.50	174.75	SWSP;0.691
202.00	202.50	SWSP;0.887
217.00	218.50	SWSP;0.991
226.00	226.50	SWSP;0.679
234.00	234.75	SWSP;0.726
241.00	242.75	SWSP;0.972
248.25	250.25	SWSP;0.988
257.25	258.00	SWSP;0.919
264.00	265.75	SWSP;0.970
272.25	273.50	SWSP;0.954
279.50	280.25	SWSP;0.790
285.75	287.00	SWSP;0.807
295.25	296.75	SWSP;0.987
4.00	5.75	TEWA;0.860
11.50	11.75	TEWA;0.541
12.00	13.25	TEWA;0.782
19.00	21.00	TEWA;0.958
28.00	28.75	TEWA;0.851
64.75	65.75	TEWA;0.862
79.25	80.25	TEWA;0.728
123.75	124.00	TEWA;0.545
124.25	125.00	TEWA;0.672
131.00	131.50	TEWA;0.735
147.00	148.00	TEWA;0.884
161.25	161.75	TEWA;0.599
168.75	169.00	TEWA;0.507
209.00	211.00	TEWA;0.960
224.25	226.50	TEWA;0.958
256.25	257.50	TEWA;0.782
271.50	272.50	TEWA;0.752
286.00	286.75	TEWA;0.749
95.25	95.75	VESP;0.578
54.50	56.25	WCSP;0.994
60.75	63.25	WCSP;0.992
67.25	68.00	WCSP;0.886
72.25	75.75	WCSP;0.978
81.00	82.00	WCSP;0.910
87.00	89.00	WCSP;0.850
95.00	96.25	WCSP;0.799
98.75	100.75	WCSP;0.996
102.75	104.00	WCSP;0.972
109.75	111.75	WCSP;0.954
117.50	119.50	WCSP;0.937
144.00	145.25	WCSP;0.993
149.25	151.00	WCSP;0.939
160.25	161.50	WCSP;0.745
163.00	163.50	WCSP;0.977
167.50	168.75	WCSP;0.942
175.25	176.75	WCSP;0.974
183.00	183.25	WCSP;0.722
189.00	189.50	WCSP;0.679
231.50	233.00	WCSP;0.794
275.00	276.00	WCSP;0.777
0.50	1.00	WTSP;0.678
14.50	15.75	WTSP;0.941
34.25	34.75	WTSP;0.667
47.00	49.00	WTSP;0.923
54.25	55.00	WTSP;0.879
60.75	61.50	WTSP;0.786
62.00	62.50	WTSP;0.838
72.25	72.75	WTSP;0.729
80.50	81.50	WTSP;0.861
87.00	88.25	WTSP;0.926
89.00	91.75	WTSP;0.993
101.75	103.50	WTSP;0.940
109.75	110.00	WTSP;0.754
117.50	118.50	WTSP;0.818
120.50	123.00	WTSP;0.948
137.75	138.25	WTSP;0.694
160.00	160.75	WTSP;0.853
167.50	168.25	WTSP;0.784
175.00	175.75	WTSP;0.841
185.00	185.75	WTSP;0.811
202.50	204.50	WTSP;0.981
218.50	220.75	WTSP;0.970
230.25	232.50	WTSP;0.919
261.00	263.75	WTSP;0.995
277.75	281.00	WTSP;0.998
29.00	29.25	YRWA;0.625
51.00	52.00	YRWA;0.989
64.25	64.75	YRWA;0.719
76.50	77.25	YRWA;0.970
88.25	88.75	YRWA;0.667
165.00	165.25	YRWA;0.517
178.50	179.25	YRWA;0.755
193.25	193.75	YRWA;0.690
194.00	195.00	YRWA;0.983
208.00	208.75	YRWA;0.851
220.75	221.75	YRWA;0.954
283.25	283.75	YRWA;0.804
