591.25	591.75	AMGP;0.764
51.50	52.25	AMPI;0.995
53.50	54.00	AMPI;0.915
73.25	73.75	EAME;0.693
77.75	78.00	EAME;0.504
101.00	101.75	EAME;0.792
399.75	400.00	EAME;0.584
574.00	574.50	EVGR;0.641
400.00	400.50	FOSP;0.652
418.00	418.75	FOSP;0.843
221.25	221.50	PIGR;0.653
162.00	162.75	RUGR;0.615
333.25	333.50	SAPH;0.630
417.50	417.75	SAPH;0.538
372.25	372.75	SEPL;0.538
333.25	333.50	SNBU;0.594
358.50	359.00	SNBU;0.847
399.50	399.75	SNBU;0.512
566.50	566.75	SNBU;0.928
574.00	574.25	SNBU;0.513
436.75	437.00	TOSO;0.539
30.00	30.25	VEER;0.593
