370.00	370.25	AGOL;0.528
346.50	346.75	AMDI;0.545
251.25	251.50	AMGP;0.645
147.75	148.25	BBWA;0.709
552.00	552.25	BCCH;0.519
396.00	396.50	BLGU;0.524
484.75	485.00	BLGU;0.640
545.00	545.50	BLGU;0.777
124.50	125.00	BOWA;0.590
114.75	115.00	BRSP;0.535
4.00	6.00	CHSP;0.988
9.25	10.00	CHSP;0.882
16.25	16.75	CHSP;0.793
17.25	18.75	CHSP;0.947
22.50	24.25	CHSP;0.994
28.75	31.00	CHSP;0.993
33.25	34.25	CHSP;0.980
41.25	42.25	CHSP;0.979
49.75	52.25	CHSP;0.972
56.25	56.50	CHSP;0.672
66.25	69.00	CHSP;0.993
73.75	76.50	CHSP;0.982
83.00	85.50	CHSP;0.996
89.75	92.00	CHSP;0.990
107.25	109.00	CHSP;0.993
114.75	115.00	CHSP;0.846
115.75	116.50	CHSP;0.906
135.75	138.25	CHSP;0.994
149.00	151.50	CHSP;0.994
156.25	157.00	CHSP;0.721
175.50	175.75	CHSP;0.664
179.50	180.00	CHSP;0.929
207.00	208.00	CHSP;0.944
223.75	224.50	CHSP;0.853
225.50	225.75	CHSP;0.671
226.25	226.50	CHSP;0.714
238.50	238.75	CHSP;0.660
239.00	239.50	CHSP;0.675
246.75	248.50	CHSP;0.942
259.00	260.50	CHSP;0.920
270.25	270.50	CHSP;0.661
370.25	372.75	CHSP;0.991
376.50	379.25	CHSP;0.994
384.00	386.50	CHSP;0.995
393.00	395.25	CHSP;0.996
413.25	413.50	CHSP;0.684
422.50	422.75	CHSP;0.677
446.50	448.75	CHSP;0.992
463.75	465.50	CHSP;0.978
473.00	473.50	CHSP;0.796
488.75	490.50	CHSP;0.958
490.75	491.50	CHSP;0.961
497.75	499.75	CHSP;0.988
512.00	514.75	CHSP;0.994
526.00	527.00	CHSP;0.988
535.25	536.75	CHSP;0.956
562.50	564.25	CHSP;0.995
571.25	573.75	CHSP;0.990
581.75	583.75	CHSP;0.991
592.00	594.25	CHSP;0.992
22.50	22.75	CWWI;0.535
413.25	413.75	DEJU;0.572
473.00	473.50	DEJU;0.852
530.50	530.75	EAME;0.503
51.25	51.50	FISP;0.516
83.25	83.50	FISP;0.511
123.00	124.00	FISP;0.759
210.25	210.50	FISP;0.564
283.25	283.75	FISP;0.553
306.00	306.25	FISP;0.505
324.25	324.50	FISP;0.556
0.25	2.75	FOSP;0.997
10.00	11.75	FOSP;0.996
37.75	38.00	FOSP;0.666
40.00	41.25	FOSP;0.918
56.50	56.75	FOSP;0.674
99.00	100.75	FOSP;0.938
101.25	102.50	FOSP;0.962
114.75	115.00	FOSP;0.679
125.75	127.75	FOSP;0.976
132.75	135.00	FOSP;0.996
139.25	140.00	FOSP;0.780
144.00	147.00	FOSP;0.995
151.50	153.25	FOSP;0.989
155.25	156.50	FOSP;0.834
158.00	159.75	FOSP;0.991
163.25	166.25	FOSP;0.950
168.00	170.00	FOSP;0.975
174.00	175.75	FOSP;0.956
179.25	181.25	FOSP;0.993
187.75	190.25	FOSP;0.819
197.75	199.00	FOSP;0.982
200.75	203.50	FOSP;0.995
210.25	210.50	FOSP;0.663
215.50	218.00	FOSP;0.990
219.50	220.75	FOSP;0.885
226.75	227.75	FOSP;0.945
229.75	233.00	FOSP;0.994
243.00	245.75	FOSP;0.979
262.25	263.00	FOSP;0.856
271.75	274.00	FOSP;0.958
286.75	287.25	FOSP;0.729
287.50	288.25	FOSP;0.725
298.00	299.50	FOSP;0.876
302.50	304.50	FOSP;0.980
318.25	319.00	FOSP;0.809
319.25	320.50	FOSP;0.915
336.00	336.75	FOSP;0.861
343.50	345.25	FOSP;0.884
358.00	358.75	FOSP;0.813
367.25	368.00	FOSP;0.779
381.50	384.00	FOSP;0.987
397.50	399.75	FOSP;0.977
418.00	419.00	FOSP;0.949
421.50	424.00	FOSP;0.987
433.25	435.75	FOSP;0.950
438.25	441.00	FOSP;0.994
444.50	446.00	FOSP;0.924
452.00	454.50	FOSP;0.993
460.25	461.00	FOSP;0.822
468.00	470.25	FOSP;0.995
477.00	478.00	FOSP;0.916
491.25	492.50	FOSP;0.914
530.50	531.50	FOSP;0.852
548.25	550.00	FOSP;0.983
567.00	568.75	FOSP;0.951
588.50	590.00	FOSP;0.974
37.25	38.75	GCSP;0.767
140.00	140.75	GCSP;0.780
239.25	239.75	GCSP;0.552
256.25	257.00	GCSP;0.618
283.00	283.50	GCSP;0.660
351.50	352.25	GCSP;0.710
463.50	463.75	GCSP;0.500
484.75	485.00	GCSP;0.676
493.75	495.50	GCSP;0.983
504.00	504.25	GCSP;0.517
514.75	515.00	GCSP;0.571
524.00	524.50	GCSP;0.840
534.00	535.00	GCSP;0.918
545.25	545.50	GCSP;0.578
417.50	417.75	HOFI;0.517
471.75	472.00	HOLA;0.509
334.25	334.75	KILL;0.753
294.00	294.25	LALO;0.573
224.75	225.50	LARB;0.550
43.75	45.00	LISP;0.985
57.00	58.25	LISP;0.968
186.25	186.75	LISP;0.785
234.75	235.75	LISP;0.868
249.50	250.75	LISP;0.972
292.00	293.50	LISP;0.994
304.25	305.00	LISP;0.710
313.25	314.00	LISP;0.762
324.50	325.00	LISP;0.642
346.75	347.25	LISP;0.654
359.00	359.75	LISP;0.969
455.00	455.50	LISP;0.773
59.75	60.50	MOCH;0.719
81.50	81.75	MOCH;0.541
195.00	195.50	MOCH;0.565
349.00	349.25	MOCH;0.505
400.50	401.00	OCWA;0.855
286.75	287.00	PIGR;0.503
228.75	229.00	PISI;0.713
321.25	321.50	PISI;0.511
345.50	346.25	PISI;0.963
349.50	350.50	PISI;0.981
350.75	351.50	PISI;0.938
352.25	352.75	PISI;0.750
353.25	354.00	PISI;0.907
354.50	355.00	PISI;0.919
403.25	404.75	PISI;0.969
405.50	409.25	PISI;0.985
458.50	458.75	PISI;0.732
461.25	462.00	PISI;0.870
462.50	463.25	PISI;0.868
465.50	466.25	PISI;0.938
472.25	472.50	PISI;0.504
419.25	419.50	REVI;0.502
478.25	478.50	REVI;0.679
507.75	508.00	RNPH;0.854
55.75	56.00	SAPH;0.590
226.00	226.25	SAPH;0.786
261.75	262.00	SAPH;0.626
343.75	344.00	SAPH;0.565
411.50	411.75	SAPH;0.838
490.75	491.00	SAPH;0.862
198.25	198.50	SNBU;0.596
319.25	319.75	SNBU;0.591
411.50	411.75	SNBU;0.504
435.25	435.75	SNBU;0.574
548.25	548.50	SNBU;0.595
139.50	140.00	SOSP;0.564
209.00	209.75	VASW;0.874
175.50	175.75	VESP;0.560
335.25	335.50	VESP;0.502
114.75	115.00	WCSP;0.537
123.75	124.00	WCSP;0.586
130.25	130.50	WCSP;0.630
131.00	131.25	WCSP;0.572
142.25	142.50	WCSP;0.639
156.25	156.50	WCSP;0.541
168.25	168.50	WCSP;0.578
169.25	170.00	WCSP;0.712
171.00	171.75	WCSP;0.973
175.50	176.00	WCSP;0.945
179.75	180.00	WCSP;0.769
189.75	190.50	WCSP;0.828
210.25	210.50	WCSP;0.527
220.25	220.50	WCSP;0.554
239.50	240.00	WCSP;0.512
245.00	245.75	WCSP;0.667
258.00	258.25	WCSP;0.723
299.00	299.50	WCSP;0.711
418.50	419.00	WCSP;0.669
500.25	501.00	WCSP;0.666
554.00	554.25	WEFL;0.647
6.00	8.00	WTSP;0.935
16.75	17.75	WTSP;0.819
25.75	28.75	WTSP;0.992
38.75	39.50	WTSP;0.723
48.50	51.50	WTSP;0.994
59.50	61.25	WTSP;0.940
70.50	73.50	WTSP;0.927
81.25	82.25	WTSP;0.970
87.00	87.25	WTSP;0.686
92.25	93.75	WTSP;0.853
98.25	99.00	WTSP;0.802
103.25	105.75	WTSP;0.820
108.75	109.75	WTSP;0.819
111.25	111.50	WTSP;0.693
120.75	123.25	WTSP;0.973
131.00	132.25	WTSP;0.938
140.25	143.25	WTSP;0.988
170.00	170.75	WTSP;0.860
182.75	186.00	WTSP;0.993
194.25	195.00	WTSP;0.773
203.25	206.00	WTSP;0.995
221.25	223.75	WTSP;0.995
233.50	234.00	WTSP;0.865
239.00	242.00	WTSP;0.960
246.00	246.50	WTSP;0.857
256.25	257.25	WTSP;0.897
263.00	265.50	WTSP;0.992
268.50	271.50	WTSP;0.987
276.75	278.75	WTSP;0.981
280.50	283.25	WTSP;0.996
296.00	297.75	WTSP;0.945
299.50	302.25	WTSP;0.995
311.25	312.75	WTSP;0.821
322.50	324.25	WTSP;0.988
326.00	327.00	WTSP;0.834
329.75	332.25	WTSP;0.992
337.75	338.50	WTSP;0.775
341.50	343.00	WTSP;0.975
347.25	349.50	WTSP;0.991
352.00	352.50	WTSP;0.786
355.75	356.00	WTSP;0.662
363.00	364.75	WTSP;0.992
366.25	369.50	WTSP;0.992
373.25	374.00	WTSP;0.889
387.00	390.25	WTSP;0.992
424.75	427.50	WTSP;0.993
500.25	500.50	WTSP;0.731
515.50	515.75	WTSP;0.695
542.25	543.00	WTSP;0.818
556.00	559.50	WTSP;0.992
578.25	582.00	WTSP;0.995
449.00	449.50	YRWA;0.930
501.75	502.50	YRWA;0.657
517.25	517.50	YRWA;0.577
