277.75	278.00	AMGP;0.513
20.50	20.75	AMRO;0.732
28.25	28.50	AMRO;0.733
40.25	41.75	AMRO;0.794
72.25	72.50	AMRO;0.679
75.75	77.75	AMRO;0.994
88.50	90.00	AMRO;0.931
122.00	123.50	AMRO;0.990
125.25	125.75	AMRO;0.716
133.25	134.50	AMRO;0.780
143.25	144.75	AMRO;0.965
153.25	155.00	AMRO;0.980
159.50	161.00	AMRO;0.950
165.75	168.00	AMRO;0.988
171.50	173.50	AMRO;0.970
173.75	174.50	AMRO;0.862
190.00	191.75	AMRO;0.985
196.50	197.50	AMRO;0.953
200.25	201.50	AMRO;0.955
206.25	208.00	AMRO;0.964
212.50	214.00	AMRO;0.897
217.25	219.75	AMRO;0.983
222.75	225.00	AMRO;0.995
225.25	227.25	AMRO;0.994
237.75	240.00	AMRO;0.951
243.00	245.75	AMRO;0.813
251.50	252.25	AMRO;0.715
96.50	96.75	AMWO;0.582
195.50	196.00	BAOR;0.631
235.00	235.50	BOWA;0.614
163.00	163.50	DEJU;0.720
4.50	4.75	FOSP;0.713
5.00	5.75	FOSP;0.774
22.00	23.50	FOSP;0.945
35.25	37.25	FOSP;0.993
48.50	50.50	FOSP;0.918
80.00	81.25	FOSP;0.970
99.00	100.75	FOSP;0.987
117.50	118.25	FOSP;0.796
126.25	128.25	FOSP;0.926
132.50	132.75	FOSP;0.706
150.00	151.50	FOSP;0.980
156.00	156.75	FOSP;0.770
178.00	180.00	FOSP;0.968
194.25	196.50	FOSP;0.957
214.75	216.75	FOSP;0.991
235.25	237.00	FOSP;0.976
252.75	255.00	FOSP;0.995
268.75	271.00	FOSP;0.994
280.75	282.75	FOSP;0.993
294.50	297.50	FOSP;0.965
171.50	171.75	GWTE;0.559
222.75	223.00	GWTE;0.569
12.50	12.75	HETH;0.543
41.25	41.50	HETH;0.510
299.25	299.75	HETH;0.754
276.75	277.00	HOFI;0.620
34.75	35.00	KILL;0.572
56.25	56.50	LALO;0.529
169.00	169.25	LALO;0.631
232.25	232.75	LALO;0.673
7.00	9.00	LISP;0.995
19.25	20.75	LISP;0.966
28.75	30.50	LISP;0.941
38.50	40.25	LISP;0.980
58.75	60.00	LISP;0.966
71.50	72.25	LISP;0.760
81.00	82.25	LISP;0.984
90.25	92.00	LISP;0.978
101.00	101.75	LISP;0.794
110.25	112.75	LISP;0.983
120.50	122.25	LISP;0.992
129.25	130.25	LISP;0.843
139.25	140.50	LISP;0.964
148.75	149.75	LISP;0.873
157.50	158.75	LISP;0.922
175.75	177.00	LISP;0.987
184.00	185.50	LISP;0.892
193.25	194.00	LISP;0.903
201.00	203.25	LISP;0.982
210.00	212.25	LISP;0.996
219.75	222.25	LISP;0.996
230.25	232.00	LISP;0.977
240.25	242.25	LISP;0.962
250.00	250.75	LISP;0.956
257.25	258.25	LISP;0.831
266.75	267.50	LISP;0.788
159.50	159.75	LOSH;0.500
232.25	232.50	LOSH;0.515
299.25	299.50	MOCH;0.579
49.25	49.75	OROR;0.628
126.50	126.75	OROR;0.504
178.50	178.75	OROR;0.558
102.25	103.25	PISI;0.983
105.00	105.75	PISI;0.990
230.50	230.75	PUFI;0.547
258.25	258.75	PYNU;0.573
110.50	110.75	ROWR;0.500
129.25	129.75	ROWR;0.731
139.00	139.75	ROWR;0.875
148.50	149.25	ROWR;0.826
193.25	193.75	ROWR;0.759
257.50	257.75	ROWR;0.651
266.50	267.00	ROWR;0.615
285.25	286.00	ROWR;0.795
26.25	26.75	RUGR;0.587
27.50	28.00	RUGR;0.646
135.00	135.50	RUGR;0.775
17.25	17.50	RWBL;0.829
124.25	125.00	SATH;0.894
153.50	154.00	SATH;0.636
173.25	174.00	SATH;0.804
183.50	184.25	SATH;0.772
189.50	190.00	SATH;0.787
208.00	208.25	SATH;0.582
243.50	244.00	SATH;0.677
4.50	4.75	SNBU;0.597
5.25	5.50	SNBU;0.586
55.25	56.75	SNBU;0.834
155.25	155.75	SNBU;0.838
287.50	288.75	SNBU;0.773
296.25	296.50	SNBU;0.510
222.75	223.00	TOSO;0.555
251.00	252.00	TOSO;0.672
254.25	254.75	VESP;0.656
270.50	270.75	VESP;0.503
282.00	282.75	VESP;0.618
212.25	212.50	WAVI;0.613
297.00	297.25	WCSP;0.509
182.25	182.75	WEME;0.581
