2.75	3.75	AMRO;0.824
6.50	9.75	AMRO;0.882
11.50	13.50	AMRO;0.845
23.00	25.75	AMRO;0.979
31.25	32.00	AMRO;0.746
33.00	33.75	AMRO;0.799
37.50	39.75	AMRO;0.928
43.25	44.00	AMRO;0.872
45.75	47.00	AMRO;0.972
48.25	50.00	AMRO;0.980
51.00	52.75	AMRO;0.987
56.00	58.25	AMRO;0.997
59.25	60.00	AMRO;0.786
60.50	61.50	AMRO;0.975
62.50	62.75	AMRO;0.677
63.25	67.00	AMRO;0.975
68.00	69.50	AMRO;0.970
70.25	71.25	AMRO;0.993
72.25	76.00	AMRO;0.989
76.25	77.00	AMRO;0.991
78.00	80.00	AMRO;0.975
80.75	81.75	AMRO;0.975
82.00	82.75	AMRO;0.829
83.25	84.75	AMRO;0.980
93.25	94.25	AMRO;0.862
95.00	96.25	AMRO;0.767
99.00	99.50	AMRO;0.708
104.00	104.25	AMRO;0.670
105.25	106.00	AMRO;0.766
145.00	145.75	AMRO;0.912
156.75	157.25	AMRO;0.742
172.50	173.00	AMRO;0.717
174.00	174.25	AMRO;0.701
179.00	180.00	AMRO;0.946
221.25	221.75	AMRO;0.740
222.50	223.00	AMRO;0.722
257.75	258.00	AMRO;0.753
268.50	271.00	AMRO;0.744
272.50	274.00	AMRO;0.962
275.50	277.00	AMRO;0.879
298.00	299.75	AMRO;0.900
151.00	152.00	CHSP;0.919
253.50	253.75	EAME;0.534
0.75	2.00	FOSP;0.992
58.50	58.75	FOSP;0.536
85.25	85.75	FOSP;0.691
97.00	97.50	FOSP;0.602
190.75	191.00	FOSP;0.540
196.25	197.75	FOSP;0.916
204.50	205.00	FOSP;0.649
219.00	219.75	FOSP;0.694
253.25	254.00	FOSP;0.590
263.00	263.50	FOSP;0.614
60.00	60.25	GCSP;0.531
207.25	207.75	GCSP;0.563
252.25	252.75	GCSP;0.561
80.75	81.00	HETH;0.545
143.25	144.00	HETH;0.731
129.00	129.25	HOLA;0.555
148.50	148.75	LASP;0.615
161.50	162.00	LASP;0.668
13.75	14.25	LISP;0.708
83.00	83.75	LISP;0.780
89.25	90.50	LISP;0.939
94.75	96.25	LISP;0.966
101.00	103.00	LISP;0.995
107.50	108.75	LISP;0.827
112.75	114.00	LISP;0.889
117.50	120.00	LISP;0.974
122.75	124.50	LISP;0.985
128.75	129.75	LISP;0.835
147.75	148.00	LISP;0.673
148.50	149.75	LISP;0.920
162.50	162.75	LISP;0.703
190.25	190.50	LISP;0.685
211.75	213.75	LISP;0.995
217.50	219.50	LISP;0.985
223.25	225.25	LISP;0.978
229.00	231.00	LISP;0.904
278.00	278.50	LISP;0.782
297.50	298.75	LISP;0.902
4.00	4.50	MAMU;0.588
175.25	175.75	MAMU;0.584
22.75	23.25	MOCH;0.723
40.25	40.50	MOCH;0.617
152.75	153.50	MOCH;0.568
86.50	86.75	PUFI;0.572
64.50	65.00	PYNU;0.782
269.25	270.75	RBGR;0.803
32.50	33.00	REVI;0.625
86.50	86.75	REVI;0.575
11.25	11.75	SATH;0.632
299.25	299.50	SUTA;0.559
38.50	38.75	TOSO;0.510
246.50	247.00	VESP;0.609
5.25	5.75	WATA;0.593
18.50	18.75	WATA;0.562
163.75	164.75	WATA;0.756
191.25	191.50	WATA;0.511
28.25	28.50	WAVI;0.650
7.50	7.75	WCSP;0.724
18.75	19.50	WCSP;0.792
50.00	51.25	WCSP;0.963
54.00	56.00	WCSP;0.994
61.75	62.50	WCSP;0.851
66.50	67.75	WCSP;0.942
71.25	72.50	WCSP;0.982
76.25	78.00	WCSP;0.981
81.75	83.50	WCSP;0.992
87.00	89.25	WCSP;0.990
92.00	94.25	WCSP;0.991
98.00	99.75	WCSP;0.993
103.25	105.50	WCSP;0.996
107.25	108.00	WCSP;0.791
109.25	111.00	WCSP;0.996
111.25	112.00	WCSP;0.772
112.50	113.00	WCSP;0.741
115.00	116.50	WCSP;0.995
119.50	119.75	WCSP;0.658
120.75	123.00	WCSP;0.994
129.50	131.75	WCSP;0.996
135.75	138.00	WCSP;0.996
140.75	142.25	WCSP;0.996
162.25	162.75	WCSP;0.671
176.25	176.75	WCSP;0.751
183.25	185.00	WCSP;0.998
188.50	190.50	WCSP;0.995
191.25	192.25	WCSP;0.904
194.25	195.75	WCSP;0.994
197.50	197.75	WCSP;0.693
202.00	204.25	WCSP;0.997
207.50	209.50	WCSP;0.999
213.50	215.00	WCSP;0.978
215.25	215.50	WCSP;0.664
216.00	216.25	WCSP;0.664
220.75	223.50	WCSP;0.988
226.00	228.25	WCSP;0.991
232.50	234.75	WCSP;0.998
238.00	240.00	WCSP;0.993
244.00	246.75	WCSP;0.993
248.50	250.50	WCSP;0.996
253.75	256.75	WCSP;0.995
260.25	263.75	WCSP;0.993
265.50	266.25	WCSP;0.849
266.50	268.75	WCSP;0.993
274.00	276.00	WCSP;0.995
279.00	281.00	WCSP;0.997
284.50	286.00	WCSP;0.993
289.25	291.50	WCSP;0.998
294.25	296.50	WCSP;0.995
30.75	31.00	WEBL;0.731
99.25	99.50	WEBL;0.588
24.50	25.25	WIWA;0.838
243.50	244.00	WIWA;0.621
250.50	251.00	WIWA;0.679
257.50	258.75	WIWA;0.973
264.00	265.25	WIWA;0.856
271.25	272.50	WIWA;0.969
286.50	287.75	WIWA;0.805
296.25	296.75	WIWA;0.568
4.25	5.50	WTSP;0.852
9.75	11.25	WTSP;0.818
15.25	19.00	WTSP;0.980
21.50	23.00	WTSP;0.886
26.50	28.00	WTSP;0.911
29.25	31.75	WTSP;0.985
32.00	32.50	WTSP;0.806
33.50	36.75	WTSP;0.994
39.00	41.00	WTSP;0.961
50.25	50.50	WTSP;0.665
52.50	54.75	WTSP;0.926
61.75	62.00	WTSP;0.680
66.50	66.75	WTSP;0.686
75.00	75.50	WTSP;0.702
76.00	76.50	WTSP;0.782
81.50	82.25	WTSP;0.824
87.00	87.50	WTSP;0.764
90.50	91.50	WTSP;0.783
92.00	92.75	WTSP;0.705
97.75	98.00	WTSP;0.698
100.00	100.75	WTSP;0.902
106.00	107.75	WTSP;0.965
108.75	109.25	WTSP;0.755
111.25	113.00	WTSP;0.942
114.00	115.25	WTSP;0.973
119.25	119.50	WTSP;0.697
124.50	126.25	WTSP;0.992
129.50	130.00	WTSP;0.732
131.75	133.25	WTSP;0.974
133.50	134.00	WTSP;0.710
139.00	141.50	WTSP;0.970
142.00	143.25	WTSP;0.989
146.00	147.25	WTSP;0.965
153.00	154.75	WTSP;0.946
157.50	161.50	WTSP;0.993
162.25	162.50	WTSP;0.685
164.00	164.25	WTSP;0.675
167.50	172.00	WTSP;0.996
172.25	177.25	WTSP;0.995
179.50	183.75	WTSP;0.960
187.00	189.00	WTSP;0.983
197.25	197.50	WTSP;0.692
198.25	200.00	WTSP;0.970
202.50	202.75	WTSP;0.680
205.00	208.00	WTSP;0.956
213.50	217.50	WTSP;0.934
220.50	221.00	WTSP;0.708
221.25	221.75	WTSP;0.682
225.75	226.75	WTSP;0.795
232.25	233.00	WTSP;0.783
234.50	238.25	WTSP;0.994
241.00	244.50	WTSP;0.992
252.00	253.00	WTSP;0.940
254.50	254.75	WTSP;0.688
258.75	261.00	WTSP;0.976
270.75	271.00	WTSP;0.674
279.00	279.75	WTSP;0.767
286.00	287.50	WTSP;0.924
292.00	294.75	WTSP;0.967
113.50	113.75	WWCR;0.511
210.25	210.75	YRWA;0.698
