90.00	90.25	BASA;0.521
18.50	19.00	BCCH;0.569
40.75	41.00	BCCH;0.529
75.25	75.50	BCCH;0.539
96.50	96.75	BCCH;0.534
284.75	285.00	BCCH;0.510
245.50	245.75	BRBL;0.510
113.00	113.75	FOSP;0.905
174.50	175.00	FOSP;0.615
201.75	202.75	FOSP;0.886
0.50	1.50	HETH;0.971
4.00	4.50	HETH;0.814
7.50	8.50	HETH;0.951
11.00	12.00	HETH;0.993
15.00	16.50	HETH;0.996
18.50	19.50	HETH;0.934
22.00	23.25	HETH;0.997
25.75	27.00	HETH;0.988
29.75	30.00	HETH;0.790
33.25	34.25	HETH;0.923
37.00	37.75	HETH;0.890
40.50	41.25	HETH;0.868
44.00	45.00	HETH;0.970
55.50	56.75	HETH;0.988
59.00	59.75	HETH;0.874
62.75	64.00	HETH;0.996
67.00	67.75	HETH;0.880
75.25	76.00	HETH;0.872
79.00	80.00	HETH;0.993
86.00	87.00	HETH;0.953
89.25	89.50	HETH;0.714
93.00	93.50	HETH;0.735
99.75	100.50	HETH;0.872
103.25	104.25	HETH;0.951
110.75	111.75	HETH;0.867
114.75	115.25	HETH;0.798
118.25	119.25	HETH;0.981
122.75	123.75	HETH;0.924
130.50	131.75	HETH;0.991
134.25	135.00	HETH;0.899
137.50	138.50	HETH;0.976
142.00	143.25	HETH;0.991
145.50	146.25	HETH;0.912
149.00	150.00	HETH;0.988
153.00	153.75	HETH;0.934
157.50	158.00	HETH;0.784
161.50	162.75	HETH;0.981
174.00	174.50	HETH;0.700
182.00	183.00	HETH;0.993
191.75	193.00	HETH;0.992
196.00	197.00	HETH;0.990
200.50	200.75	HETH;0.666
205.25	206.00	HETH;0.942
213.50	214.00	HETH;0.902
220.75	222.00	HETH;0.996
224.50	225.75	HETH;0.973
232.50	232.75	HETH;0.682
235.50	236.50	HETH;0.964
252.50	253.00	HETH;0.890
268.25	268.50	HETH;0.701
271.00	271.25	HETH;0.848
281.25	282.00	HETH;0.951
284.50	285.50	HETH;0.869
289.00	289.25	HETH;0.711
298.00	299.25	HETH;0.990
139.50	139.75	LALO;0.506
33.25	33.50	MOCH;0.541
40.25	41.00	MOCH;0.770
71.50	71.75	MOCH;0.580
130.50	131.00	MOCH;0.609
134.50	134.75	MOCH;0.610
153.00	153.50	MOCH;0.591
213.50	213.75	MOCH;0.587
232.25	232.75	MOCH;0.683
157.75	158.00	RUBL;0.550
268.00	268.50	RUBL;0.534
139.50	139.75	SNBU;0.748
235.50	235.75	VESP;0.576
87.00	87.75	WTSP;0.871
