2.25	3.00	AMRO;0.817
5.00	5.75	AMRO;0.844
8.25	9.00	AMRO;0.737
11.00	11.75	AMRO;0.844
20.00	21.25	AMRO;0.824
27.75	30.75	AMRO;0.992
33.00	34.25	AMRO;0.981
36.50	37.75	AMRO;0.894
41.25	42.00	AMRO;0.916
44.00	45.50	AMRO;0.949
53.50	54.00	AMRO;0.724
56.50	58.25	AMRO;0.994
60.25	61.00	AMRO;0.828
64.50	66.00	AMRO;0.860
68.50	69.75	AMRO;0.852
76.25	77.50	AMRO;0.858
80.00	81.00	AMRO;0.916
83.50	85.75	AMRO;0.876
88.25	88.75	AMRO;0.680
100.25	101.00	AMRO;0.772
107.25	107.50	AMRO;0.722
118.50	119.00	AMRO;0.749
119.50	121.00	AMRO;0.865
124.25	124.50	AMRO;0.712
131.25	131.50	AMRO;0.689
142.25	143.25	AMRO;0.905
144.75	145.00	AMRO;0.716
149.25	150.50	AMRO;0.752
154.25	154.75	AMRO;0.726
160.75	161.25	AMRO;0.765
172.25	172.50	AMRO;0.661
181.75	183.75	AMRO;0.845
186.00	187.00	AMRO;0.837
189.50	190.00	AMRO;0.723
194.25	196.25	AMRO;0.983
198.50	200.00	AMRO;0.939
202.75	204.50	AMRO;0.959
207.25	208.00	AMRO;0.806
210.50	211.25	AMRO;0.768
214.50	216.00	AMRO;0.876
220.50	221.75	AMRO;0.844
225.25	226.50	AMRO;0.757
230.00	231.25	AMRO;0.893
241.25	242.00	AMRO;0.796
246.00	246.25	AMRO;0.666
254.00	255.00	AMRO;0.919
257.50	260.50	AMRO;0.934
265.00	265.75	AMRO;0.864
269.00	270.50	AMRO;0.945
271.00	271.50	AMRO;0.713
273.50	274.50	AMRO;0.872
278.00	279.25	AMRO;0.914
283.00	284.00	AMRO;0.785
295.25	296.00	AMRO;0.904
317.25	317.50	AMRO;0.677
320.50	322.00	AMRO;0.789
330.00	331.25	AMRO;0.857
343.00	344.50	AMRO;0.903
347.50	348.75	AMRO;0.876
353.75	355.00	AMRO;0.910
357.00	358.00	AMRO;0.791
360.75	362.00	AMRO;0.949
364.00	365.00	AMRO;0.791
368.25	369.00	AMRO;0.836
374.00	374.25	AMRO;0.679
381.75	382.50	AMRO;0.842
383.25	385.00	AMRO;0.842
387.50	388.50	AMRO;0.819
388.75	389.25	AMRO;0.725
396.25	397.75	AMRO;0.753
406.25	406.50	AMRO;0.692
415.25	416.50	AMRO;0.841
423.25	423.50	AMRO;0.699
443.00	443.50	AMRO;0.703
452.00	452.75	AMRO;0.794
455.00	455.75	AMRO;0.962
474.75	476.00	AMRO;0.910
478.00	478.75	AMRO;0.844
482.00	483.75	AMRO;0.928
487.25	489.00	AMRO;0.869
504.25	504.50	AMRO;0.694
507.75	508.50	AMRO;0.745
547.25	548.00	AMRO;0.717
552.25	552.75	AMRO;0.707
555.00	556.50	AMRO;0.938
559.00	559.75	AMRO;0.735
562.75	564.00	AMRO;0.970
567.75	569.00	AMRO;0.982
572.50	573.00	AMRO;0.672
587.50	589.25	AMRO;0.966
596.25	597.25	AMRO;0.744
231.75	232.00	AMWI;0.544
379.75	380.00	BLJA;0.516
233.25	233.75	BRSP;0.628
594.00	594.50	BTNW;0.553
114.00	115.00	CCSP;0.978
537.25	538.00	CCSP;0.896
546.00	547.25	CCSP;0.948
0.00	0.25	CHSP;0.708
2.75	5.25	CHSP;0.996
7.50	11.00	CHSP;0.992
11.25	14.25	CHSP;0.991
17.25	21.00	CHSP;0.993
26.75	32.50	CHSP;0.997
34.00	36.75	CHSP;0.996
38.00	41.25	CHSP;0.991
43.25	50.25	CHSP;0.995
52.00	55.50	CHSP;0.995
57.50	60.75	CHSP;0.994
62.50	65.00	CHSP;0.993
65.50	65.75	CHSP;0.674
68.75	76.00	CHSP;0.994
77.50	78.25	CHSP;0.794
81.00	83.75	CHSP;0.992
85.75	88.50	CHSP;0.959
88.75	91.75	CHSP;0.995
92.00	93.75	CHSP;0.983
94.75	96.00	CHSP;0.876
98.00	100.25	CHSP;0.995
102.25	104.00	CHSP;0.992
106.25	109.75	CHSP;0.996
111.00	113.75	CHSP;0.993
115.50	118.75	CHSP;0.995
120.25	127.75	CHSP;0.995
131.50	137.00	CHSP;0.996
141.50	146.00	CHSP;0.998
151.25	156.00	CHSP;0.996
161.00	166.50	CHSP;0.995
169.50	172.00	CHSP;0.986
172.75	176.00	CHSP;0.996
178.75	180.25	CHSP;0.928
186.75	189.25	CHSP;0.995
195.25	198.25	CHSP;0.990
202.50	206.75	CHSP;0.992
213.75	215.50	CHSP;0.996
223.50	226.25	CHSP;0.993
229.75	231.50	CHSP;0.984
233.25	233.75	CHSP;0.719
235.75	238.75	CHSP;0.992
242.75	243.25	CHSP;0.742
244.50	245.00	CHSP;0.822
246.00	248.00	CHSP;0.997
252.00	253.00	CHSP;0.855
254.25	254.50	CHSP;0.665
255.00	257.75	CHSP;0.993
260.50	260.75	CHSP;0.676
264.00	266.50	CHSP;0.993
269.50	272.50	CHSP;0.997
274.25	276.50	CHSP;0.914
278.50	282.75	CHSP;0.996
285.25	286.75	CHSP;0.992
288.50	291.50	CHSP;0.995
295.50	301.00	CHSP;0.997
305.50	306.00	CHSP;0.814
306.50	310.50	CHSP;0.996
313.75	318.50	CHSP;0.995
321.75	328.00	CHSP;0.996
332.50	337.00	CHSP;0.995
342.00	345.25	CHSP;0.995
347.00	347.75	CHSP;0.942
350.00	355.25	CHSP;0.995
356.25	356.75	CHSP;0.766
357.50	360.25	CHSP;0.996
362.75	365.00	CHSP;0.995
366.00	371.00	CHSP;0.995
374.00	379.75	CHSP;0.997
383.00	387.00	CHSP;0.996
389.00	395.50	CHSP;0.994
400.00	403.75	CHSP;0.996
406.50	412.75	CHSP;0.995
416.50	421.50	CHSP;0.997
426.00	430.25	CHSP;0.997
436.50	439.25	CHSP;0.996
443.25	447.50	CHSP;0.997
448.50	449.75	CHSP;0.824
452.50	455.00	CHSP;0.995
457.25	458.75	CHSP;0.969
460.00	460.50	CHSP;0.830
461.50	464.50	CHSP;0.996
469.00	471.25	CHSP;0.990
479.50	483.00	CHSP;0.994
491.25	494.00	CHSP;0.994
497.50	500.00	CHSP;0.994
501.75	504.75	CHSP;0.993
508.25	511.25	CHSP;0.995
513.25	516.75	CHSP;0.997
518.25	521.00	CHSP;0.994
525.75	526.75	CHSP;0.990
527.00	528.00	CHSP;0.977
528.25	531.00	CHSP;0.994
533.00	536.00	CHSP;0.994
538.00	540.50	CHSP;0.994
542.75	546.00	CHSP;0.996
547.25	549.75	CHSP;0.996
554.25	558.75	CHSP;0.995
565.00	567.50	CHSP;0.996
569.00	571.50	CHSP;0.994
574.00	576.75	CHSP;0.991
578.25	581.25	CHSP;0.993
583.00	585.50	CHSP;0.996
589.50	594.00	CHSP;0.995
77.50	78.25	DEJU;0.686
95.50	95.75	DEJU;0.520
252.25	252.75	DEJU;0.522
260.50	260.75	DEJU;0.587
159.00	159.75	DOWO;0.926
44.25	44.50	EABL;0.503
52.75	53.00	EABL;0.699
88.25	88.75	EABL;0.760
113.50	114.00	EABL;0.596
207.75	208.00	EABL;0.639
210.50	210.75	EABL;0.768
234.50	234.75	EABL;0.596
317.50	317.75	EABL;0.633
357.00	357.25	EABL;0.658
396.25	396.75	EABL;0.677
419.75	420.00	EABL;0.818
423.25	423.50	EABL;0.775
592.00	592.25	EABL;0.529
596.00	596.50	EABL;0.722
247.75	249.00	FOSP;0.996
261.25	263.25	FOSP;0.992
275.50	275.75	FOSP;0.545
276.00	277.25	FOSP;0.978
130.75	131.00	GWTE;0.574
190.25	190.50	GWTE;0.529
249.50	249.75	GWTE;0.543
494.50	495.00	GWTE;0.765
421.50	421.75	HOFI;0.661
55.50	56.00	LAZB;0.561
238.75	239.00	MOBL;0.580
432.00	432.50	MOCH;0.624
26.00	26.25	NSHR;0.631
156.75	157.00	PAWR;0.574
330.00	330.25	PISI;0.607
348.75	349.50	PISI;0.944
360.25	361.00	PISI;0.957
362.25	363.00	PISI;0.930
364.75	365.25	PISI;0.713
373.25	373.50	PISI;0.642
521.00	521.75	PISI;0.817
522.75	525.75	PISI;0.994
526.50	527.25	PISI;0.941
528.00	528.50	PISI;0.966
529.50	529.75	PISI;0.671
531.50	532.25	PISI;0.936
503.25	504.00	PUMA;0.798
80.00	80.25	RBGR;0.575
100.25	100.50	RBGR;0.505
215.25	215.50	RBGR;0.700
315.00	315.50	RBGR;0.797
340.00	340.50	RBGR;0.696
400.00	400.25	RBGR;0.681
478.00	478.50	RBGR;0.670
440.00	440.25	RUTU;0.631
458.50	458.75	RUTU;0.501
104.00	104.75	SATH;0.945
143.00	143.25	SATH;0.502
176.75	177.00	SATH;0.501
234.50	234.75	SATH;0.545
258.25	258.75	SATH;0.625
439.00	439.75	SATH;0.695
513.00	513.50	SATH;0.611
559.50	559.75	SATH;0.556
573.25	573.50	SATH;0.514
194.25	194.75	SBDO;0.578
442.75	443.00	SBDO;0.769
487.00	487.50	SBDO;0.573
65.00	65.25	SWSP;0.518
91.50	91.75	SWSP;0.591
166.25	166.50	SWSP;0.623
243.25	243.75	SWSP;0.618
399.00	399.75	SWSP;0.581
434.75	435.50	SWSP;0.826
442.00	442.50	SWSP;0.707
511.50	511.75	SWSP;0.555
561.75	562.00	SWSP;0.555
599.50	600.00	SWSP;0.772
160.75	161.00	TOSO;0.559
221.75	222.25	TOSO;0.812
322.25	323.00	TOSO;0.919
407.50	408.00	TOSO;0.771
466.75	467.00	TOSO;0.628
580.50	581.00	TOSO;0.766
581.25	581.50	TOSO;0.573
61.00	61.50	TUTI;0.710
12.25	13.00	VATH;0.849
24.25	25.50	VATH;0.994
40.75	41.50	VATH;0.536
53.00	53.50	VATH;0.657
61.25	61.75	VATH;0.669
78.75	79.75	VATH;0.961
93.75	95.00	VATH;0.977
108.25	108.75	VATH;0.678
183.75	185.00	VATH;0.991
541.75	542.00	VATH;0.515
37.50	37.75	WCSP;0.754
277.50	277.75	WCSP;0.524
312.50	312.75	WCSP;0.644
341.25	342.00	WCSP;0.721
372.00	373.00	WCSP;0.698
381.50	381.75	WCSP;0.604
405.50	406.00	WCSP;0.658
551.75	552.50	WCSP;0.793
113.50	113.75	WEBL;0.517
207.00	207.50	WEBL;0.602
542.50	542.75	WEME;0.618
14.50	15.75	WIWA;0.995
22.25	23.25	WIWA;0.994
32.50	33.50	WIWA;0.985
55.50	56.00	WIWA;0.710
64.75	65.25	WIWA;0.704
73.75	74.00	WIWA;0.674
83.25	84.50	WIWA;0.993
91.25	92.25	WIWA;0.915
101.00	102.25	WIWA;0.975
109.75	111.25	WIWA;0.996
118.50	120.00	WIWA;0.997
127.75	129.00	WIWA;0.997
136.75	138.25	WIWA;0.996
145.75	147.25	WIWA;0.993
155.50	157.00	WIWA;0.997
166.25	167.50	WIWA;0.985
177.25	178.75	WIWA;0.995
189.00	190.25	WIWA;0.989
200.75	202.50	WIWA;0.994
212.50	214.00	WIWA;0.980
222.25	223.75	WIWA;0.996
231.25	232.50	WIWA;0.956
243.50	244.50	WIWA;0.943
252.75	254.25	WIWA;0.996
263.00	264.25	WIWA;0.997
284.00	285.50	WIWA;0.975
292.50	294.00	WIWA;0.997
301.00	302.50	WIWA;0.988
310.25	311.75	WIWA;0.998
319.50	321.25	WIWA;0.996
328.50	329.75	WIWA;0.993
337.00	338.25	WIWA;0.996
345.50	346.75	WIWA;0.994
355.00	356.25	WIWA;0.997
388.00	389.00	WIWA;0.997
398.75	400.00	WIWA;0.896
413.00	414.00	WIWA;0.983
423.50	424.75	WIWA;0.998
433.25	434.75	WIWA;0.996
441.75	443.25	WIWA;0.960
449.75	451.25	WIWA;0.990
458.50	460.00	WIWA;0.994
467.25	468.75	WIWA;0.996
475.75	477.00	WIWA;0.995
599.50	599.75	WIWA;0.746
21.00	22.25	WTSP;0.980
23.50	23.75	WTSP;0.674
215.50	216.00	WTSP;0.849
233.75	237.00	WTSP;0.988
239.50	242.25	WTSP;0.982
283.25	283.50	WTSP;0.661
332.25	332.50	WTSP;0.685
341.00	341.75	WTSP;0.800
352.25	353.00	WTSP;0.821
365.25	366.00	WTSP;0.794
371.75	372.75	WTSP;0.917
403.50	404.50	WTSP;0.881
405.25	406.00	WTSP;0.761
451.25	452.50	WTSP;0.968
455.75	457.00	WTSP;0.911
471.00	474.00	WTSP;0.986
491.00	491.50	WTSP;0.841
493.00	493.75	WTSP;0.797
497.25	497.50	WTSP;0.662
504.50	508.00	WTSP;0.993
521.25	523.00	WTSP;0.985
541.75	542.00	WTSP;0.742
551.25	552.00	WTSP;0.913
552.50	553.75	WTSP;0.957
575.75	576.00	WTSP;0.664
576.50	577.50	WTSP;0.902
591.25	591.75	WTSP;0.752
216.75	217.00	WWCR;0.512
