369.75	370.00	AMGP;0.613
304.00	304.25	BAOR;0.516
187.25	187.75	BCCH;0.535
555.75	556.25	BLGU;0.559
581.00	581.25	BLOY;0.548
226.25	227.75	BLSW;0.863
385.50	386.00	BLTU;0.656
69.50	70.00	CHSP;0.562
138.75	139.25	CHSP;0.536
148.50	148.75	CHSP;0.507
81.50	82.00	DEJU;0.530
454.00	454.25	DEJU;0.530
130.25	130.50	EAME;0.500
93.75	94.00	FISP;0.593
111.25	111.50	FISP;0.515
230.50	230.75	FISP;0.552
233.00	233.50	FISP;0.607
316.50	316.75	FISP;0.508
480.00	480.75	FISP;0.852
8.00	9.75	FOSP;0.985
22.00	23.75	FOSP;0.982
39.50	41.50	FOSP;0.977
112.50	113.00	FOSP;0.665
197.00	197.75	FOSP;0.620
207.00	208.25	FOSP;0.957
244.50	244.75	FOSP;0.565
267.50	268.00	FOSP;0.715
435.75	436.25	FOSP;0.565
61.25	61.75	GCSP;0.606
36.25	36.50	HETH;0.521
294.50	294.75	HETH;0.607
546.25	546.50	HETH;0.513
406.75	407.00	HOLA;0.609
196.50	196.75	LALO;0.571
49.25	50.25	LISP;0.849
176.25	177.50	LISP;0.890
199.25	199.50	LISP;0.614
282.25	283.50	LISP;0.775
328.75	329.00	LISP;0.519
15.75	16.50	MOCH;0.873
182.75	183.00	MOCH;0.502
194.25	195.00	MOCH;0.847
294.50	294.75	MOCH;0.546
442.75	443.75	MOCH;0.774
458.25	458.50	MOCH;0.605
475.50	476.50	MOCH;0.947
494.00	494.50	MOCH;0.573
586.00	586.75	MOCH;0.682
112.50	112.75	PIGR;0.554
130.25	130.50	PIGR;0.522
163.50	164.25	PIGR;0.765
175.25	175.75	PIGR;0.654
103.75	104.00	PISI;0.503
263.25	263.50	PISI;0.680
17.50	18.00	REVI;0.571
18.25	19.00	ROWR;0.827
27.00	27.25	RUTU;0.525
111.75	112.00	SAPH;0.591
138.50	139.25	SEOW;0.596
244.25	244.50	SNBU;0.607
267.25	267.50	SNBU;0.580
435.25	435.50	SNBU;0.530
435.75	436.00	SNBU;0.528
452.25	453.00	SNBU;0.900
453.25	453.50	SNBU;0.592
68.75	69.50	SWSP;0.816
103.00	103.25	SWTH;0.523
514.00	514.25	TOSO;0.607
457.00	457.25	VATH;0.510
197.00	197.25	VESP;0.584
217.75	218.75	VESP;0.873
161.25	161.75	WCSP;0.588
178.75	179.00	WCSP;0.598
183.25	183.50	WCSP;0.763
190.50	190.75	WCSP;0.662
197.50	197.75	WCSP;0.585
233.75	234.00	WCSP;0.540
498.50	498.75	WEME;0.589
68.50	69.00	WIWA;0.660
6.50	7.75	WTSP;0.953
15.25	16.50	WTSP;0.763
27.25	28.00	WTSP;0.828
61.25	62.00	WTSP;0.789
77.75	80.00	WTSP;0.960
91.00	91.75	WTSP;0.896
182.50	183.00	WTSP;0.668
194.25	195.50	WTSP;0.780
211.75	214.25	WTSP;0.994
221.50	222.25	WTSP;0.860
228.00	232.00	WTSP;0.992
241.00	242.50	WTSP;0.919
246.00	246.75	WTSP;0.725
294.75	295.50	WTSP;0.704
345.50	346.75	WTSP;0.875
443.00	445.50	WTSP;0.977
472.00	473.00	WTSP;0.965
475.50	476.00	WTSP;0.712
485.50	486.75	WTSP;0.832
494.00	494.75	WTSP;0.900
502.00	503.25	WTSP;0.934
505.25	508.25	WTSP;0.995
515.50	518.75	WTSP;0.989
520.25	521.25	WTSP;0.967
525.75	528.25	WTSP;0.977
529.00	532.00	WTSP;0.996
546.00	546.25	WTSP;0.729
555.75	556.25	WTSP;0.815
586.00	586.75	WTSP;0.789
83.00	84.00	YRWA;0.971
173.25	173.75	YRWA;0.715
185.50	186.50	YRWA;0.847
