48.00	48.25	AMPI;0.841
52.75	53.25	AMPI;0.713
55.50	56.25	AMPI;0.990
57.75	58.25	AMPI;0.595
58.50	59.25	AMPI;0.964
61.50	61.75	AMPI;0.551
63.75	64.25	AMPI;0.845
90.25	90.50	ATSP;0.528
148.25	148.75	BCCH;0.702
214.25	214.75	BHCO;0.909
109.50	109.75	CHSP;0.588
78.75	79.25	CHSW;0.643
75.75	76.00	FISP;0.504
202.50	203.00	FISP;0.578
249.50	250.00	FISP;0.894
277.50	277.75	HEWA;0.529
6.25	6.75	MOCH;0.610
46.75	47.00	MOCH;0.531
95.25	95.50	MOCH;0.540
129.00	129.25	MOCH;0.511
155.00	155.75	MOCH;0.645
159.00	159.25	MOCH;0.623
249.50	250.00	MOCH;0.669
297.00	297.75	MOCH;0.844
100.00	100.50	OCWA;0.659
122.00	122.25	OCWA;0.515
209.25	209.75	SNBU;0.898
36.25	37.00	SWSP;0.909
60.25	61.00	WCSP;0.702
75.75	76.25	WCSP;0.545
87.25	88.00	WCSP;0.823
100.50	101.75	WCSP;0.969
109.50	109.75	WCSP;0.819
114.00	115.50	WCSP;0.845
191.00	191.75	WCSP;0.714
203.00	203.75	WCSP;0.787
262.25	263.50	WCSP;0.953
276.25	277.75	WCSP;0.770
100.00	100.50	WIWA;0.642
121.75	122.25	WIWA;0.632
133.00	133.75	WIWA;0.784
6.25	7.00	WTSP;0.853
12.75	14.50	WTSP;0.981
18.75	19.50	WTSP;0.962
23.50	26.25	WTSP;0.990
32.00	33.00	WTSP;0.983
46.50	47.75	WTSP;0.970
49.25	52.75	WTSP;0.995
54.00	55.75	WTSP;0.986
56.00	57.00	WTSP;0.996
60.00	60.75	WTSP;0.863
66.00	68.50	WTSP;0.991
75.75	76.50	WTSP;0.830
80.25	83.25	WTSP;0.991
87.25	87.75	WTSP;0.722
94.50	96.75	WTSP;0.982
100.50	101.00	WTSP;0.720
107.50	110.25	WTSP;0.983
114.00	114.75	WTSP;0.816
125.50	127.75	WTSP;0.986
139.25	142.00	WTSP;0.988
143.00	143.75	WTSP;0.862
148.25	149.50	WTSP;0.935
155.00	157.00	WTSP;0.990
158.50	159.25	WTSP;0.865
172.25	175.00	WTSP;0.994
177.25	178.25	WTSP;0.925
190.75	191.25	WTSP;0.788
196.50	199.50	WTSP;0.994
214.25	217.00	WTSP;0.991
229.00	230.00	WTSP;0.955
237.25	240.00	WTSP;0.991
256.00	259.00	WTSP;0.991
262.00	262.50	WTSP;0.792
276.00	276.75	WTSP;0.799
289.75	292.00	WTSP;0.990
297.00	298.00	WTSP;0.875
26.50	27.75	YRWA;0.965
38.50	39.25	YRWA;0.980
77.25	77.50	YRWA;0.661
206.50	207.75	YRWA;0.971
219.25	220.25	YRWA;0.986
243.25	244.00	YRWA;0.935
