175.50	176.00	AMAV;0.766
193.25	194.00	AMRO;0.799
235.50	237.00	AMRO;0.777
245.25	246.00	AMRO;0.826
248.00	249.50	AMRO;0.824
255.50	257.00	AMRO;0.875
260.00	261.00	AMRO;0.797
267.50	269.75	AMRO;0.915
270.50	273.25	AMRO;0.950
80.75	81.50	AMWO;0.587
65.00	65.25	BAOR;0.560
126.25	126.50	BAOR;0.699
183.75	184.00	BAOR;0.507
193.50	193.75	BAOR;0.569
240.25	240.50	BAOR;0.734
269.75	270.00	BAOR;0.582
34.00	34.50	BLTU;0.551
7.00	8.50	CHSP;0.960
9.75	10.50	CHSP;0.853
22.00	22.75	CHSP;0.871
33.25	33.75	CHSP;0.701
42.75	43.75	CHSP;0.820
50.25	50.50	CHSP;0.702
53.50	58.75	CHSP;0.991
59.50	62.75	CHSP;0.992
63.75	66.25	CHSP;0.978
66.75	69.00	CHSP;0.994
69.50	76.50	CHSP;0.994
77.25	77.50	CHSP;0.695
78.25	80.75	CHSP;0.994
82.00	84.50	CHSP;0.991
87.00	88.75	CHSP;0.983
89.50	90.50	CHSP;0.899
91.25	93.00	CHSP;0.974
93.50	94.50	CHSP;0.873
95.00	97.00	CHSP;0.970
98.00	99.75	CHSP;0.876
114.25	114.75	CHSP;0.801
118.75	119.75	CHSP;0.858
123.50	124.25	CHSP;0.940
155.50	157.25	CHSP;0.890
161.50	163.00	CHSP;0.823
164.25	165.75	CHSP;0.823
168.00	168.25	CHSP;0.697
185.25	187.25	CHSP;0.960
193.00	195.00	CHSP;0.935
200.25	204.50	CHSP;0.992
206.75	208.75	CHSP;0.995
211.50	213.25	CHSP;0.982
59.50	60.00	DEJU;0.741
164.50	164.75	DEJU;0.555
174.75	175.00	EABL;0.604
253.50	253.75	EAME;0.585
85.25	86.00	EAPH;0.890
90.25	90.50	GWTE;0.589
253.50	253.75	NOCA;0.594
115.00	115.50	PUFI;0.604
254.25	254.75	PUFI;0.553
278.25	278.50	PUFI;0.610
256.00	256.50	RBGR;0.665
278.25	278.50	REVI;0.569
134.25	134.75	RUGR;0.599
158.50	158.75	RUGR;0.516
90.25	91.00	SATH;0.583
183.75	184.00	SATH;0.718
225.75	226.50	SATH;0.729
259.50	260.00	SATH;0.652
121.75	122.00	SBDO;0.732
242.25	242.75	SNBU;0.963
206.50	207.00	TOSO;0.651
19.50	19.75	WEKI;0.650
263.75	264.50	WEME;0.619
219.50	219.75	WEWP;0.719
