5.00	6.00	AMRO;0.887
17.25	17.75	AMRO;0.548
58.50	59.25	AMRO;0.642
61.00	62.50	AMRO;0.620
65.00	66.00	AMRO;0.805
68.50	69.00	AMRO;0.556
79.25	79.50	AMRO;0.595
86.50	87.75	AMRO;0.721
91.75	93.00	AMRO;0.793
100.75	102.75	AMRO;0.785
104.00	105.75	AMRO;0.801
106.50	107.75	AMRO;0.713
113.50	113.75	AMRO;0.583
115.75	116.25	AMRO;0.608
127.25	127.50	AMRO;0.507
130.75	131.75	AMRO;0.900
135.00	136.75	AMRO;0.694
139.25	142.00	AMRO;0.980
143.25	145.00	AMRO;0.881
145.50	146.75	AMRO;0.632
158.00	159.75	AMRO;0.868
171.50	173.25	AMRO;0.914
185.25	186.00	AMRO;0.749
186.25	186.50	AMRO;0.512
245.25	247.50	AMRO;0.971
263.75	264.75	AMRO;0.778
363.25	364.00	AMRO;0.767
386.50	388.50	AMRO;0.941
393.00	393.75	AMRO;0.634
418.00	421.00	AMRO;0.882
423.75	424.75	AMRO;0.660
434.00	435.75	AMRO;0.748
441.25	442.50	AMRO;0.860
447.75	448.50	AMRO;0.747
455.25	455.50	AMRO;0.583
487.25	487.75	AMRO;0.591
490.25	491.00	AMRO;0.719
506.75	507.50	AMRO;0.637
510.00	510.75	AMRO;0.835
315.25	315.75	BFAL;0.536
593.00	593.25	BHCO;0.551
39.75	40.50	BLJA;0.691
372.50	372.75	BLJA;0.559
394.25	394.50	BUOR;0.514
220.00	221.50	CHSP;0.730
19.00	19.25	DEJU;0.511
204.00	204.50	DEJU;0.557
392.00	392.25	DEJU;0.652
472.25	473.00	DEJU;0.719
524.00	524.50	DEJU;0.782
531.50	531.75	EAME;0.546
267.50	267.75	EATO;0.512
456.50	456.75	EATO;0.583
507.75	508.00	EATO;0.551
597.50	597.75	EATO;0.537
463.50	463.75	EVGR;0.595
96.50	96.75	FISP;0.502
124.75	125.25	FISP;0.542
148.75	149.00	FISP;0.520
233.50	234.00	FISP;0.582
262.25	263.00	FISP;0.675
3.25	4.50	FOSP;0.885
10.00	11.50	FOSP;0.815
14.50	16.50	FOSP;0.959
19.50	21.50	FOSP;0.987
30.75	32.00	FOSP;0.916
42.00	44.00	FOSP;0.956
46.75	49.00	FOSP;0.968
70.25	72.00	FOSP;0.972
73.25	74.75	FOSP;0.962
85.50	86.25	FOSP;0.815
99.00	100.25	FOSP;0.986
112.00	113.00	FOSP;0.929
117.75	118.75	FOSP;0.856
120.50	122.00	FOSP;0.937
125.50	127.00	FOSP;0.987
128.25	129.75	FOSP;0.894
132.00	133.75	FOSP;0.973
149.50	150.00	FOSP;0.771
151.25	153.50	FOSP;0.990
162.75	164.50	FOSP;0.928
167.25	169.00	FOSP;0.978
174.75	176.50	FOSP;0.985
178.00	181.75	FOSP;0.985
187.00	188.00	FOSP;0.916
191.00	192.50	FOSP;0.953
196.00	197.00	FOSP;0.984
198.50	200.50	FOSP;0.968
202.00	204.00	FOSP;0.965
208.25	210.75	FOSP;0.988
216.00	217.25	FOSP;0.671
225.50	225.75	FOSP;0.666
226.50	226.75	FOSP;0.663
233.00	234.00	FOSP;0.882
238.75	240.50	FOSP;0.986
257.00	259.00	FOSP;0.984
262.50	263.00	FOSP;0.734
267.50	268.25	FOSP;0.756
279.50	281.50	FOSP;0.980
290.50	292.25	FOSP;0.991
294.50	296.50	FOSP;0.962
309.00	310.75	FOSP;0.974
320.75	322.75	FOSP;0.985
326.50	328.50	FOSP;0.968
338.50	340.50	FOSP;0.981
349.25	351.00	FOSP;0.960
355.50	357.25	FOSP;0.986
369.25	371.00	FOSP;0.980
382.50	384.50	FOSP;0.994
399.25	402.50	FOSP;0.976
413.50	415.25	FOSP;0.941
425.00	426.50	FOSP;0.981
430.00	432.00	FOSP;0.992
438.50	440.25	FOSP;0.981
445.25	446.25	FOSP;0.877
452.50	454.50	FOSP;0.991
456.25	458.00	FOSP;0.988
463.75	466.00	FOSP;0.968
474.00	476.00	FOSP;0.993
480.75	482.25	FOSP;0.952
494.25	496.00	FOSP;0.974
500.25	502.25	FOSP;0.997
507.75	509.50	FOSP;0.830
522.00	523.50	FOSP;0.991
531.50	533.50	FOSP;0.996
538.50	540.00	FOSP;0.929
554.00	556.50	FOSP;0.991
560.25	561.25	FOSP;0.798
585.75	587.25	FOSP;0.992
590.50	591.50	FOSP;0.715
597.50	599.25	FOSP;0.994
9.50	10.75	GCSP;0.676
22.25	23.00	GCSP;0.724
31.50	32.25	GCSP;0.649
55.75	56.75	GCSP;0.729
319.50	319.75	GCSP;0.573
508.25	508.75	GCSP;0.539
549.00	549.25	GCSP;0.513
575.50	575.75	GCSP;0.542
6.75	7.25	HETH;0.693
28.25	29.00	HETH;0.801
50.50	51.00	HETH;0.699
64.75	65.25	HETH;0.604
76.25	76.75	HETH;0.730
594.75	595.25	HETH;0.657
310.50	310.75	LASP;0.535
91.50	92.00	LEYE;0.548
130.25	130.50	LEYE;0.520
216.00	217.25	LISP;0.836
514.00	514.50	LISP;0.574
573.00	573.75	LISP;0.942
96.25	96.50	MAMU;0.552
284.50	284.75	MAMU;0.508
0.00	0.50	MOCH;0.587
204.25	204.50	OCWA;0.557
350.25	350.50	OROR;0.533
80.00	80.25	OSFL;0.601
400.75	401.00	OSFL;0.615
43.75	44.00	PUFI;0.512
135.25	135.50	RBGR;0.553
197.25	197.50	REVI;0.506
111.50	111.75	SAPH;0.892
232.50	232.75	SAPH;0.529
117.00	117.25	SBDO;0.556
484.00	484.25	SBDO;0.717
15.00	15.25	SNBU;0.563
47.75	48.00	SNBU;0.523
36.50	36.75	SWSP;0.520
62.50	63.75	SWSP;0.957
75.00	75.50	SWSP;0.533
85.50	85.75	SWSP;0.521
204.25	204.50	SWSP;0.513
249.50	249.75	SWSP;0.817
267.25	269.00	SWSP;0.657
289.00	289.50	SWSP;0.576
290.00	290.50	SWSP;0.709
98.00	98.50	TOSO;0.712
51.75	53.00	VATH;0.947
80.75	81.75	VATH;0.796
90.50	91.25	VATH;0.820
103.00	103.50	VATH;0.719
110.00	110.75	VATH;0.728
155.25	155.75	VATH;0.797
182.75	183.50	VATH;0.865
207.25	207.50	VATH;0.529
210.75	211.50	VATH;0.968
225.50	225.75	VATH;0.555
241.25	241.75	VATH;0.617
274.50	275.75	VATH;0.994
284.25	284.50	VATH;0.568
300.25	301.25	VATH;0.972
303.25	304.25	VATH;0.956
306.50	307.75	VATH;0.946
329.25	329.75	VATH;0.802
336.50	337.25	VATH;0.866
341.00	341.50	VATH;0.802
346.50	347.25	VATH;0.795
366.75	367.00	VATH;0.609
375.75	376.50	VATH;0.842
378.50	379.00	VATH;0.714
390.50	391.50	VATH;0.989
477.25	478.00	VATH;0.963
541.75	543.00	VATH;0.977
558.25	559.00	VATH;0.961
564.50	564.75	VATH;0.529
571.25	572.00	VATH;0.965
578.00	578.50	VATH;0.709
582.00	582.50	VATH;0.762
14.50	14.75	VESP;0.586
15.00	15.50	VESP;0.567
18.25	19.00	VESP;0.659
281.25	281.50	VESP;0.512
533.25	533.50	VESP;0.523
561.00	561.50	VESP;0.596
406.50	406.75	WATA;0.634
470.50	471.00	WATA;0.576
16.00	16.50	WCSP;0.778
24.00	25.00	WCSP;0.934
118.00	118.75	WCSP;0.766
162.25	163.25	WCSP;0.931
173.25	174.25	WCSP;0.957
183.25	184.75	WCSP;0.970
193.25	194.75	WCSP;0.940
218.75	219.50	WCSP;0.740
230.25	231.75	WCSP;0.932
241.75	242.75	WCSP;0.981
531.25	532.25	WCSP;0.670
560.25	560.75	WCSP;0.631
487.50	487.75	WEBL;0.504
2.50	3.50	WIWA;0.948
27.00	28.00	WIWA;0.989
35.50	36.75	WIWA;0.879
54.00	55.00	WIWA;0.978
62.50	63.00	WIWA;0.685
74.75	75.50	WIWA;0.863
84.75	85.75	WIWA;0.935
95.50	96.25	WIWA;0.885
105.25	106.75	WIWA;0.993
114.50	115.75	WIWA;0.989
195.00	195.75	WIWA;0.879
204.25	204.50	WIWA;0.703
223.75	224.75	WIWA;0.968
234.25	235.50	WIWA;0.994
242.75	244.00	WIWA;0.991
252.25	253.50	WIWA;0.989
266.50	267.00	WIWA;0.798
268.25	268.75	WIWA;0.707
281.50	282.75	WIWA;0.945
288.75	290.50	WIWA;0.929
296.50	297.75	WIWA;0.973
305.75	306.50	WIWA;0.959
311.00	312.50	WIWA;0.992
324.25	326.00	WIWA;0.977
331.25	332.75	WIWA;0.994
341.75	343.25	WIWA;0.998
350.50	351.75	WIWA;0.965
359.00	360.00	WIWA;0.996
367.75	369.00	WIWA;0.997
380.50	381.75	WIWA;0.992
389.50	390.75	WIWA;0.991
399.00	399.50	WIWA;0.902
493.50	494.00	WIWA;0.837
504.50	505.25	WIWA;0.929
0.00	2.25	WTSP;0.983
9.25	10.75	WTSP;0.952
11.50	13.00	WTSP;0.988
20.75	22.25	WTSP;0.940
23.00	23.75	WTSP;0.834
31.75	34.75	WTSP;0.988
41.00	41.50	WTSP;0.751
43.25	46.75	WTSP;0.994
55.00	57.75	WTSP;0.991
66.75	70.00	WTSP;0.996
77.25	77.75	WTSP;0.761
82.00	85.25	WTSP;0.997
93.50	95.75	WTSP;0.985
96.50	96.75	WTSP;0.696
107.50	111.00	WTSP;0.997
121.75	125.25	WTSP;0.992
135.75	139.25	WTSP;0.995
146.50	149.50	WTSP;0.996
155.25	155.50	WTSP;0.660
159.00	162.25	WTSP;0.994
187.75	191.00	WTSP;0.995
193.00	193.25	WTSP;0.661
204.50	207.25	WTSP;0.996
218.50	218.75	WTSP;0.677
227.00	230.50	WTSP;0.992
241.25	242.00	WTSP;0.817
243.75	245.25	WTSP;0.989
253.50	256.00	WTSP;0.993
269.25	270.25	WTSP;0.989
319.25	320.00	WTSP;0.783
397.00	398.75	WTSP;0.972
403.25	406.75	WTSP;0.989
411.50	413.50	WTSP;0.965
420.00	422.25	WTSP;0.987
427.00	429.00	WTSP;0.988
435.50	438.25	WTSP;0.989
442.75	444.50	WTSP;0.987
450.50	452.50	WTSP;0.983
458.50	461.00	WTSP;0.988
468.00	471.25	WTSP;0.978
478.25	480.75	WTSP;0.982
486.75	490.00	WTSP;0.965
491.75	493.75	WTSP;0.981
497.25	499.75	WTSP;0.992
504.00	504.75	WTSP;0.826
505.00	506.00	WTSP;0.928
511.50	514.00	WTSP;0.981
514.50	517.75	WTSP;0.993
520.75	521.50	WTSP;0.705
523.50	527.25	WTSP;0.995
535.25	538.50	WTSP;0.994
547.75	551.00	WTSP;0.988
552.25	552.50	WTSP;0.669
559.00	559.50	WTSP;0.762
560.00	560.25	WTSP;0.682
561.50	563.50	WTSP;0.980
574.00	577.00	WTSP;0.990
587.00	590.25	WTSP;0.995
597.25	597.50	WTSP;0.678
