174.75	175.50	AGOL;0.942
197.75	198.00	AMGP;0.544
88.50	89.00	AMRO;0.843
104.25	104.75	AMRO;0.717
277.25	277.75	AMRO;0.706
279.50	280.00	AMRO;0.686
280.25	281.25	AMRO;0.848
330.00	330.25	AMRO;0.660
334.50	336.50	AMRO;0.985
340.75	343.50	AMRO;0.986
346.00	347.50	AMRO;0.934
350.25	351.75	AMRO;0.813
356.00	359.00	AMRO;0.985
362.75	365.00	AMRO;0.968
377.50	377.75	AMRO;0.679
378.00	379.25	AMRO;0.727
385.50	386.25	AMRO;0.775
391.25	393.25	AMRO;0.949
400.50	403.75	AMRO;0.978
412.00	413.50	AMRO;0.880
420.25	421.00	AMRO;0.772
434.75	437.00	AMRO;0.980
456.50	458.00	AMRO;0.967
460.50	462.25	AMRO;0.991
467.50	468.75	AMRO;0.790
469.50	472.25	AMRO;0.931
480.75	482.50	AMRO;0.873
486.50	488.50	AMRO;0.801
492.25	495.00	AMRO;0.993
502.75	507.75	AMRO;0.950
513.25	515.25	AMRO;0.982
523.25	525.50	AMRO;0.980
532.50	533.50	AMRO;0.872
537.75	540.50	AMRO;0.988
545.00	546.50	AMRO;0.819
553.00	556.00	AMRO;0.934
556.25	557.75	AMRO;0.933
569.00	572.00	AMRO;0.941
572.25	573.75	AMRO;0.956
583.25	585.25	AMRO;0.952
599.25	599.50	AMRO;0.664
347.00	347.25	BAOR;0.638
473.50	473.75	BAOR;0.579
429.25	429.75	BHGR;0.604
290.75	291.00	BHVI;0.503
153.25	153.50	BLJA;0.505
403.75	404.00	BOBO;0.645
190.50	191.50	BRSP;0.729
241.25	241.50	BRSP;0.522
339.00	339.50	BRSP;0.526
381.00	381.25	BRSP;0.539
411.25	411.75	BRSP;0.540
502.25	502.75	BRSP;0.538
503.00	503.50	BRSP;0.676
522.50	522.75	BRSP;0.510
366.00	366.50	CAFI;0.547
10.50	12.75	CHSP;0.899
25.75	27.75	CHSP;0.858
46.25	48.00	CHSP;0.803
56.50	58.75	CHSP;0.954
67.50	69.50	CHSP;0.886
83.75	86.50	CHSP;0.913
94.00	94.75	CHSP;0.806
95.50	97.00	CHSP;0.903
105.50	108.25	CHSP;0.982
118.50	121.00	CHSP;0.940
127.25	129.75	CHSP;0.943
138.25	140.25	CHSP;0.845
148.50	150.75	CHSP;0.927
168.00	168.50	CHSP;0.829
190.50	191.00	CHSP;0.720
191.25	191.75	CHSP;0.720
201.00	202.00	CHSP;0.878
215.00	217.25	CHSP;0.948
229.00	231.50	CHSP;0.909
239.75	242.00	CHSP;0.877
252.00	252.75	CHSP;0.696
253.25	254.00	CHSP;0.908
262.25	264.75	CHSP;0.914
273.50	275.00	CHSP;0.876
283.25	284.00	CHSP;0.801
290.50	291.50	CHSP;0.742
300.50	303.25	CHSP;0.955
313.75	314.50	CHSP;0.694
315.25	315.75	CHSP;0.686
327.75	329.00	CHSP;0.824
339.25	340.50	CHSP;0.920
347.50	350.00	CHSP;0.883
358.50	360.50	CHSP;0.942
362.25	363.00	CHSP;0.998
364.50	365.25	CHSP;0.994
366.50	367.00	CHSP;0.984
368.00	370.50	CHSP;0.996
373.00	373.75	CHSP;0.993
374.75	375.25	CHSP;0.860
376.25	377.00	CHSP;0.985
378.25	381.25	CHSP;0.887
382.25	385.50	CHSP;0.983
393.50	395.50	CHSP;0.971
401.00	403.25	CHSP;0.958
411.50	412.00	CHSP;0.717
420.00	422.25	CHSP;0.893
429.75	431.75	CHSP;0.955
438.25	440.25	CHSP;0.935
467.25	469.50	CHSP;0.853
479.25	481.75	CHSP;0.966
489.50	491.75	CHSP;0.919
501.00	503.50	CHSP;0.858
510.50	512.50	CHSP;0.945
521.25	523.50	CHSP;0.947
540.75	543.25	CHSP;0.955
552.25	554.00	CHSP;0.875
586.00	586.25	CHSP;0.671
596.50	598.50	CHSP;0.960
12.25	12.50	DEJU;0.531
26.25	26.50	DEJU;0.539
47.25	47.75	DEJU;0.642
69.00	69.50	DEJU;0.669
139.50	140.25	DEJU;0.571
166.50	167.00	DEJU;0.663
168.00	168.50	DEJU;0.733
239.75	240.00	DEJU;0.534
252.25	253.00	DEJU;0.639
264.25	264.75	DEJU;0.555
283.25	283.75	DEJU;0.720
328.25	329.25	DEJU;0.670
338.25	338.75	DEJU;0.663
340.00	340.25	DEJU;0.508
358.25	358.75	DEJU;0.561
369.00	370.00	DEJU;0.627
546.50	546.75	EATO;0.510
1.00	2.50	FOSP;0.896
97.00	98.75	FOSP;0.942
183.75	185.50	FOSP;0.982
221.25	221.50	FOSP;0.681
223.50	225.50	FOSP;0.993
255.75	257.75	FOSP;0.996
275.25	277.00	FOSP;0.997
290.25	292.50	FOSP;0.947
307.75	310.00	FOSP;0.996
330.75	332.75	FOSP;0.993
351.50	353.50	FOSP;0.971
366.75	367.00	FOSP;0.717
370.25	372.00	FOSP;0.841
386.50	388.75	FOSP;0.989
393.00	393.50	FOSP;0.832
405.75	407.50	FOSP;0.994
419.25	419.75	FOSP;0.836
424.00	425.75	FOSP;0.944
434.00	434.50	FOSP;0.704
441.75	444.00	FOSP;0.991
453.25	455.25	FOSP;0.939
458.25	460.25	FOSP;0.983
475.50	477.75	FOSP;0.994
497.00	499.75	FOSP;0.995
511.75	513.25	FOSP;0.979
515.75	518.25	FOSP;0.996
529.75	532.00	FOSP;0.998
534.25	536.25	FOSP;0.981
546.50	548.75	FOSP;0.976
550.50	552.50	FOSP;0.992
562.25	564.50	FOSP;0.987
581.50	583.25	FOSP;0.937
396.25	396.75	GWTE;0.634
319.25	319.75	HETH;0.608
371.25	372.00	LASP;0.789
63.25	63.50	LEYE;0.641
87.50	88.25	LISP;0.633
217.75	219.25	LISP;0.984
266.00	266.50	LISP;0.660
294.75	296.00	LISP;0.989
310.00	310.75	LISP;0.715
338.00	338.50	LISP;0.629
410.00	410.75	LISP;0.800
153.00	153.50	MAMU;0.684
264.50	264.75	OCWA;0.526
97.50	97.75	OROR;0.502
73.50	74.75	PISI;0.943
162.50	164.75	PISI;0.947
165.00	166.75	PISI;0.930
167.00	167.75	PISI;0.999
168.50	169.00	PISI;0.726
169.50	171.25	PISI;0.993
171.75	175.00	PISI;0.990
175.25	181.00	PISI;0.993
192.50	192.75	PISI;0.679
225.50	226.25	PISI;0.895
271.50	273.75	PISI;0.989
277.00	280.75	PISI;0.998
281.00	283.25	PISI;0.994
284.25	284.75	PISI;0.730
287.50	288.00	PISI;0.786
296.25	298.25	PISI;0.992
298.75	299.50	PISI;0.938
300.00	300.50	PISI;0.836
303.75	304.00	PISI;0.696
549.00	549.75	PISI;0.984
554.25	556.75	PISI;0.997
557.50	558.75	PISI;0.980
559.00	562.50	PISI;0.982
564.50	580.25	PISI;0.998
581.00	581.75	PISI;0.963
583.75	584.50	PISI;0.954
585.00	585.75	PISI;0.898
586.25	588.50	PISI;0.995
588.75	596.50	PISI;0.996
419.75	420.75	RBGR;0.725
507.25	507.50	RBGR;0.504
60.00	62.75	RUGR;0.941
198.25	198.50	RUGR;0.526
568.25	569.00	RUGR;0.543
569.75	570.50	RUGR;0.628
592.00	593.75	RUGR;0.538
333.50	334.00	RUTU;0.801
51.25	51.50	SAND;0.729
204.25	204.50	SATH;0.647
228.25	228.75	SATH;0.579
345.50	346.00	SATH;0.670
379.00	379.50	SATH;0.695
385.00	385.75	SATH;0.663
391.00	391.25	SATH;0.507
393.50	394.00	SATH;0.721
411.00	412.25	SATH;0.913
418.25	419.50	SATH;0.952
468.25	468.75	SATH;0.552
480.25	480.75	SATH;0.612
492.25	492.50	SATH;0.518
565.00	565.75	SATH;0.789
580.00	581.00	SATH;0.869
598.25	599.25	SATH;0.932
88.50	88.75	SBDO;0.549
484.50	485.00	SBDO;0.815
0.75	1.00	SNBU;0.533
118.75	119.00	SNBU;0.505
220.25	220.75	SNBU;0.771
288.75	289.00	SNBU;0.762
528.75	529.00	SNBU;0.555
76.75	77.00	SOSA;0.550
165.25	165.50	SPPI;0.564
181.75	182.00	SPPI;0.513
270.00	270.50	SPPI;0.577
507.75	508.00	SWSP;0.537
527.00	527.50	SWSP;0.637
536.50	537.25	SWSP;0.798
553.00	553.25	TOSO;0.518
185.50	185.75	VESP;0.516
292.00	292.75	VESP;0.773
425.25	425.50	VESP;0.534
459.75	460.50	VESP;0.697
531.25	532.00	VESP;0.676
228.25	228.50	WEME;0.508
507.75	508.00	WIWA;0.711
202.50	202.75	WWCR;0.530
195.25	196.00	YERA;0.813
