78.25	78.75	AMRO;0.571
148.25	149.00	AMRO;0.822
160.00	160.50	AMRO;0.664
167.75	169.25	AMRO;0.889
124.50	124.75	BCCH;0.501
31.00	31.50	BEWR;0.604
220.50	220.75	BRSP;0.589
244.00	244.75	BRSP;0.607
257.50	257.75	BRSP;0.690
37.75	38.00	CHSP;0.501
63.50	64.50	CHSP;0.832
74.00	74.75	CHSP;0.676
131.75	132.25	CHSP;0.537
140.50	143.00	CHSP;0.947
145.25	147.00	CHSP;0.959
153.25	153.50	CHSP;0.519
159.25	160.00	CHSP;0.900
160.75	161.50	CHSP;0.876
162.00	162.50	CHSP;0.573
166.00	166.75	CHSP;0.726
167.00	167.50	CHSP;0.609
171.00	171.75	CHSP;0.725
184.25	185.75	CHSP;0.945
190.00	190.75	CHSP;0.791
204.25	206.00	CHSP;0.957
208.00	208.50	CHSP;0.712
210.50	210.75	CHSP;0.567
220.75	222.00	CHSP;0.841
231.25	231.50	CHSP;0.652
232.50	233.00	CHSP;0.725
244.00	244.75	CHSP;0.645
257.00	257.75	CHSP;0.634
258.00	258.50	CHSP;0.818
264.25	265.00	CHSP;0.733
268.75	269.00	CHSP;0.600
141.50	141.75	DEJU;0.520
160.25	161.25	DEJU;0.763
145.00	145.25	EABL;0.550
191.25	191.75	FISP;0.628
207.25	207.75	FISP;0.687
263.25	264.25	FISP;0.786
1.25	3.50	FOSP;0.995
15.00	16.25	FOSP;0.982
20.00	22.00	FOSP;0.963
28.50	30.75	FOSP;0.993
39.00	40.25	FOSP;0.919
42.25	44.75	FOSP;0.997
51.50	52.50	FOSP;0.876
52.75	53.50	FOSP;0.795
69.25	70.75	FOSP;0.981
91.25	93.00	FOSP;0.963
103.25	105.00	FOSP;0.898
131.25	133.00	FOSP;0.939
144.25	145.00	FOSP;0.912
149.50	152.00	FOSP;0.995
153.75	155.50	FOSP;0.915
175.25	177.25	FOSP;0.993
180.50	182.75	FOSP;0.998
191.50	194.00	FOSP;0.991
196.75	198.50	FOSP;0.968
201.75	204.00	FOSP;0.997
212.25	214.50	FOSP;0.996
218.50	219.75	FOSP;0.852
223.00	223.25	FOSP;0.707
224.25	227.00	FOSP;0.995
236.25	238.75	FOSP;0.995
245.25	246.75	FOSP;0.994
248.75	251.00	FOSP;0.985
259.25	261.25	FOSP;0.990
263.50	264.50	FOSP;0.839
270.25	272.25	FOSP;0.971
282.25	284.75	FOSP;0.997
289.25	290.25	FOSP;0.904
16.25	16.50	GCSP;0.533
42.00	42.25	GCSP;0.565
54.50	54.75	GCSP;0.512
91.25	91.50	GCSP;0.522
218.00	218.50	GCSP;0.804
222.00	222.50	GCSP;0.538
247.75	249.00	GCSP;0.762
278.25	278.75	GCSP;0.671
290.00	290.75	GCSP;0.883
274.75	275.00	HEWA;0.550
67.25	67.50	LASP;0.504
5.25	6.00	LISP;0.903
72.00	73.25	LISP;0.949
79.25	80.00	LISP;0.725
89.25	90.00	LISP;0.856
97.50	98.00	LISP;0.750
114.00	114.50	LISP;0.643
117.25	118.25	LISP;0.803
125.75	127.50	LISP;0.962
137.00	138.00	LISP;0.894
174.50	175.00	LISP;0.859
188.50	189.25	LISP;0.779
230.25	230.50	LISP;0.515
0.00	0.50	LOSH;0.745
62.00	62.50	MOCH;0.564
227.50	227.75	MOCH;0.502
153.50	154.00	RBGR;0.562
0.00	0.25	RWBL;0.569
246.50	246.75	SAVS;0.509
82.75	83.25	SPGR;0.584
74.75	75.75	SWSP;0.866
111.50	112.00	SWSP;0.681
53.00	53.50	VESP;0.608
134.25	134.75	VESP;0.565
155.00	155.75	VESP;0.673
223.00	223.50	VESP;0.666
224.25	224.75	VESP;0.634
272.00	272.75	VESP;0.806
283.00	283.25	VESP;0.521
6.25	7.50	WCSP;0.910
9.25	10.00	WCSP;0.994
12.25	12.75	WCSP;0.735
13.50	15.00	WCSP;0.819
15.75	18.75	WCSP;0.997
27.50	27.75	WCSP;0.673
30.00	31.00	WCSP;0.818
35.50	36.50	WCSP;0.905
40.00	41.75	WCSP;0.990
42.25	42.50	WCSP;0.680
52.50	55.75	WCSP;0.912
57.75	58.75	WCSP;0.869
65.25	66.50	WCSP;0.932
68.00	69.50	WCSP;0.803
78.50	79.00	WCSP;0.720
81.00	81.50	WCSP;0.751
82.25	82.75	WCSP;0.804
91.00	91.50	WCSP;0.772
92.50	93.00	WCSP;0.712
104.25	104.50	WCSP;0.664
117.50	117.75	WCSP;0.663
121.75	123.50	WCSP;0.941
129.50	131.25	WCSP;0.971
134.00	134.75	WCSP;0.777
147.25	149.00	WCSP;0.983
156.25	158.00	WCSP;0.985
165.50	165.75	WCSP;0.661
169.00	171.00	WCSP;0.902
172.75	173.50	WCSP;0.763
182.00	182.75	WCSP;0.795
183.25	183.75	WCSP;0.715
193.25	194.00	WCSP;0.793
195.25	197.00	WCSP;0.990
208.75	210.00	WCSP;0.982
214.00	214.75	WCSP;0.906
216.00	216.50	WCSP;0.939
218.50	219.25	WCSP;0.752
222.50	223.00	WCSP;0.673
223.25	224.00	WCSP;0.821
226.50	227.00	WCSP;0.724
229.00	229.75	WCSP;0.961
235.50	236.25	WCSP;0.855
238.00	238.50	WCSP;0.728
246.50	246.75	WCSP;0.678
250.00	250.75	WCSP;0.895
257.50	258.00	WCSP;0.922
260.75	261.50	WCSP;0.741
262.50	263.00	WCSP;0.754
268.50	269.25	WCSP;0.981
274.50	275.50	WCSP;0.955
279.00	280.75	WCSP;0.833
283.00	283.50	WCSP;0.899
284.00	284.75	WCSP;0.732
287.00	288.00	WCSP;0.894
290.25	291.00	WCSP;0.843
299.00	300.00	WCSP;0.949
56.25	56.50	WEME;0.699
4.25	4.75	WTSP;0.715
6.50	6.75	WTSP;0.748
10.00	11.25	WTSP;0.898
13.50	14.75	WTSP;0.960
22.00	28.25	WTSP;0.992
33.00	36.00	WTSP;0.984
36.25	37.75	WTSP;0.888
47.75	49.25	WTSP;0.796
51.00	51.75	WTSP;0.884
56.75	58.50	WTSP;0.975
59.50	59.75	WTSP;0.701
62.00	62.75	WTSP;0.913
67.50	69.00	WTSP;0.898
74.00	74.50	WTSP;0.762
76.25	78.75	WTSP;0.991
80.75	81.75	WTSP;0.819
86.00	89.00	WTSP;0.979
95.00	97.25	WTSP;0.964
98.25	100.50	WTSP;0.982
105.00	112.75	WTSP;0.995
114.75	117.00	WTSP;0.994
118.50	122.25	WTSP;0.981
123.75	125.00	WTSP;0.772
129.25	130.25	WTSP;0.933
132.75	134.25	WTSP;0.988
138.75	139.50	WTSP;0.761
143.00	143.75	WTSP;0.889
156.25	156.50	WTSP;0.668
158.25	158.75	WTSP;0.769
163.50	166.25	WTSP;0.967
171.75	173.00	WTSP;0.898
177.25	178.00	WTSP;0.908
186.00	187.50	WTSP;0.864
187.75	188.50	WTSP;0.778
189.50	190.00	WTSP;0.814
190.75	191.75	WTSP;0.718
195.25	196.00	WTSP;0.779
198.50	201.75	WTSP;0.991
208.50	209.50	WTSP;0.834
210.50	212.25	WTSP;0.972
214.50	218.25	WTSP;0.984
220.75	221.50	WTSP;0.827
222.00	223.00	WTSP;0.799
227.00	228.00	WTSP;0.914
231.00	236.00	WTSP;0.983
241.75	244.00	WTSP;0.995
247.00	248.75	WTSP;0.929
251.00	256.75	WTSP;0.989
261.50	263.50	WTSP;0.958
265.00	270.75	WTSP;0.985
273.50	279.00	WTSP;0.995
281.00	281.50	WTSP;0.739
285.00	288.50	WTSP;0.932
290.25	290.75	WTSP;0.730
291.00	292.50	WTSP;0.914
293.75	299.25	WTSP;0.997
