399.75	400.00	AGOL;0.533
441.50	441.75	AMGP;0.523
5.25	5.75	AMRO;0.644
45.25	47.00	AMRO;0.958
238.50	239.00	AMRO;0.618
254.25	255.00	AMRO;0.694
268.00	268.25	AMRO;0.547
346.50	347.00	AMRO;0.615
405.25	405.75	AMRO;0.565
415.25	415.75	AMRO;0.705
547.25	547.75	AMRO;0.581
560.00	560.25	AMRO;0.527
579.50	579.75	AMRO;0.595
584.00	585.75	AMRO;0.932
214.25	214.50	ATSP;0.630
312.25	312.75	BCCH;0.567
515.50	516.00	BGGN;0.675
291.50	292.00	BHVI;0.693
403.00	403.75	BRSP;0.634
578.00	579.00	BRSP;0.841
6.25	7.50	CHSP;0.906
16.50	17.00	CHSP;0.690
27.00	29.25	CHSP;0.978
39.50	41.75	CHSP;0.974
60.50	64.00	CHSP;0.969
66.75	68.00	CHSP;0.894
73.00	74.75	CHSP;0.845
78.75	79.50	CHSP;0.805
80.25	81.00	CHSP;0.789
87.25	89.25	CHSP;0.968
95.00	98.25	CHSP;0.977
102.00	104.75	CHSP;0.951
113.00	113.75	CHSP;0.851
124.00	124.25	CHSP;0.662
131.50	134.00	CHSP;0.992
140.25	142.75	CHSP;0.967
152.00	153.00	CHSP;0.922
162.00	162.50	CHSP;0.746
170.25	170.50	CHSP;0.658
171.00	172.50	CHSP;0.974
190.75	192.25	CHSP;0.912
201.00	201.25	CHSP;0.723
211.50	213.25	CHSP;0.891
214.25	214.50	CHSP;0.943
221.75	223.00	CHSP;0.761
224.75	225.00	CHSP;0.913
242.00	244.00	CHSP;0.813
255.00	256.75	CHSP;0.976
266.00	267.00	CHSP;0.935
277.75	279.25	CHSP;0.929
284.00	284.50	CHSP;0.713
288.00	290.25	CHSP;0.958
307.50	310.25	CHSP;0.960
318.50	319.00	CHSP;0.702
343.25	343.75	CHSP;0.708
359.50	361.50	CHSP;0.841
367.25	368.50	CHSP;0.799
369.00	372.25	CHSP;0.984
372.75	373.00	CHSP;0.689
380.50	383.00	CHSP;0.980
392.00	393.75	CHSP;0.959
401.75	404.75	CHSP;0.961
412.00	414.75	CHSP;0.969
434.50	435.00	CHSP;0.784
444.00	445.00	CHSP;0.859
450.50	452.50	CHSP;0.909
456.50	457.25	CHSP;0.845
466.00	467.25	CHSP;0.897
476.25	477.75	CHSP;0.932
486.00	488.50	CHSP;0.987
496.25	497.75	CHSP;0.945
501.25	502.00	CHSP;0.994
504.75	506.50	CHSP;0.868
518.50	521.00	CHSP;0.943
530.25	533.00	CHSP;0.966
535.75	537.50	CHSP;0.865
542.50	544.00	CHSP;0.891
552.25	554.00	CHSP;0.865
558.50	559.50	CHSP;0.850
560.25	561.25	CHSP;0.886
562.00	564.50	CHSP;0.986
565.25	566.00	CHSP;0.869
572.25	574.75	CHSP;0.848
578.50	579.25	CHSP;0.763
580.50	583.25	CHSP;0.971
584.00	584.75	CHSP;0.821
591.25	594.00	CHSP;0.973
595.00	596.50	CHSP;0.934
565.25	565.50	COMU;0.506
18.00	18.25	DEJU;0.503
39.75	40.00	DEJU;0.568
223.00	223.25	DEJU;0.507
284.25	284.50	DEJU;0.533
318.00	318.75	DEJU;0.652
343.25	343.75	DEJU;0.638
450.50	450.75	DEJU;0.511
569.75	570.25	EATO;0.760
176.25	176.50	FISP;0.565
407.50	407.75	FISP;0.524
0.75	2.75	FOSP;0.995
16.25	17.50	FOSP;0.906
34.00	36.00	FOSP;0.992
56.50	58.00	FOSP;0.953
76.00	78.25	FOSP;0.996
92.00	94.50	FOSP;0.995
104.50	106.25	FOSP;0.991
107.25	109.25	FOSP;0.986
116.75	118.75	FOSP;0.987
121.50	123.75	FOSP;0.996
128.00	128.50	FOSP;0.754
140.25	141.75	FOSP;0.882
146.25	148.50	FOSP;0.994
149.75	151.25	FOSP;0.972
163.25	165.00	FOSP;0.968
175.50	176.00	FOSP;0.727
180.75	182.75	FOSP;0.989
187.25	188.00	FOSP;0.904
196.50	200.00	FOSP;0.984
210.00	210.25	FOSP;0.731
216.50	218.75	FOSP;0.990
220.50	221.00	FOSP;0.884
229.25	231.50	FOSP;0.996
233.25	235.00	FOSP;0.994
242.75	245.00	FOSP;0.995
248.50	250.75	FOSP;0.996
258.25	259.50	FOSP;0.951
263.75	265.75	FOSP;0.995
275.75	277.50	FOSP;0.997
280.25	282.75	FOSP;0.997
291.75	293.50	FOSP;0.962
297.00	299.50	FOSP;0.984
305.25	307.25	FOSP;0.995
314.75	316.50	FOSP;0.995
320.00	321.50	FOSP;0.995
325.50	327.00	FOSP;0.982
331.25	333.00	FOSP;0.990
335.50	337.75	FOSP;0.993
338.25	340.25	FOSP;0.996
347.25	349.00	FOSP;0.968
351.75	353.50	FOSP;0.992
355.50	358.00	FOSP;0.972
360.25	361.50	FOSP;0.970
364.75	367.25	FOSP;0.996
373.50	375.75	FOSP;0.994
384.00	386.00	FOSP;0.993
389.25	392.00	FOSP;0.996
396.75	398.75	FOSP;0.992
406.75	409.25	FOSP;0.965
413.25	413.75	FOSP;0.867
418.00	420.25	FOSP;0.996
422.25	425.00	FOSP;0.988
437.50	440.00	FOSP;0.972
441.75	443.75	FOSP;0.997
457.50	459.75	FOSP;0.994
462.00	465.75	FOSP;0.994
471.75	476.00	FOSP;0.995
480.00	480.50	FOSP;0.813
489.25	491.25	FOSP;0.995
492.75	494.75	FOSP;0.988
502.50	504.00	FOSP;0.992
506.00	508.00	FOSP;0.971
515.75	517.75	FOSP;0.993
519.75	521.75	FOSP;0.991
528.25	530.00	FOSP;0.992
533.25	535.50	FOSP;0.996
549.00	551.00	FOSP;0.994
553.25	555.00	FOSP;0.981
568.50	570.00	FOSP;0.994
573.25	575.50	FOSP;0.986
587.00	588.75	FOSP;0.974
591.00	592.75	FOSP;0.978
214.25	214.50	GCSP;0.699
532.50	533.00	GCSP;0.674
511.00	511.25	GHCH;0.520
426.75	427.50	GRYE;0.794
536.25	536.75	GWTE;0.763
421.50	422.00	HETH;0.541
524.50	525.25	HETH;0.531
223.75	224.00	HEWA;0.555
502.25	502.50	HOFI;0.691
375.25	375.50	LASP;0.514
529.50	529.75	LASP;0.543
7.50	9.00	LISP;0.960
22.75	24.00	LISP;0.938
38.00	39.00	LISP;0.774
54.50	55.25	LISP;0.821
69.50	72.00	LISP;0.993
85.00	87.00	LISP;0.989
99.50	100.75	LISP;0.944
114.25	115.00	LISP;0.810
144.50	145.25	LISP;0.790
161.00	161.75	LISP;0.850
207.25	208.75	LISP;0.978
223.25	224.25	LISP;0.779
237.25	238.75	LISP;0.918
253.00	254.50	LISP;0.993
269.00	271.25	LISP;0.987
284.50	287.00	LISP;0.992
300.25	302.25	LISP;0.988
316.25	318.50	LISP;0.994
345.25	347.00	LISP;0.934
361.75	364.00	LISP;0.996
377.00	379.50	LISP;0.996
386.00	388.25	LISP;0.989
410.25	410.75	LISP;0.677
425.00	426.00	LISP;0.981
454.50	455.25	LISP;0.953
467.75	469.50	LISP;0.997
482.25	483.50	LISP;0.980
497.75	499.50	LISP;0.955
511.75	513.00	LISP;0.976
526.50	528.00	LISP;0.985
540.75	542.25	LISP;0.863
555.25	557.50	LISP;0.988
570.00	572.00	LISP;0.959
586.00	587.00	LISP;0.985
356.25	356.75	OROR;0.635
9.50	9.75	PISI;0.703
11.25	12.25	PISI;0.991
12.50	14.00	PISI;0.971
15.00	16.25	PISI;0.883
18.25	20.75	PISI;0.989
22.25	22.75	PISI;0.765
23.75	27.00	PISI;0.923
29.25	30.75	PISI;0.925
31.25	33.00	PISI;0.975
37.00	39.50	PISI;0.961
44.50	44.75	PISI;0.680
47.00	47.25	PISI;0.670
48.00	49.50	PISI;0.895
49.75	54.50	PISI;0.991
55.00	57.00	PISI;0.997
58.00	59.00	PISI;0.994
66.25	66.75	PISI;0.764
109.50	113.00	PISI;0.997
113.25	114.00	PISI;0.864
114.75	116.25	PISI;0.975
125.00	126.75	PISI;0.990
127.00	127.75	PISI;0.771
130.00	131.25	PISI;0.929
135.25	136.25	PISI;0.983
136.50	137.00	PISI;0.768
137.50	139.50	PISI;0.917
143.00	144.00	PISI;0.990
145.50	146.00	PISI;0.695
153.00	161.00	PISI;0.996
161.50	162.00	PISI;0.881
163.25	163.50	PISI;0.707
165.25	171.25	PISI;0.997
171.75	176.00	PISI;0.996
177.00	181.00	PISI;0.997
182.75	186.25	PISI;0.996
186.50	187.50	PISI;0.980
187.75	190.75	PISI;0.995
193.25	196.50	PISI;0.993
198.75	199.50	PISI;0.879
199.75	207.50	PISI;0.995
208.75	211.50	PISI;0.997
215.00	215.50	PISI;0.702
216.00	216.50	PISI;0.810
219.25	220.00	PISI;0.943
225.25	227.25	PISI;0.990
228.00	229.25	PISI;0.980
231.75	232.50	PISI;0.884
232.75	233.50	PISI;0.935
235.00	237.50	PISI;0.995
238.75	241.75	PISI;0.997
246.25	247.75	PISI;0.938
251.25	251.75	PISI;0.701
252.00	252.75	PISI;0.777
257.50	258.00	PISI;0.746
259.50	263.00	PISI;0.997
267.00	267.50	PISI;0.753
271.25	272.00	PISI;0.939
273.00	275.00	PISI;0.968
290.00	290.75	PISI;0.803
293.75	294.00	PISI;0.712
295.00	297.00	PISI;0.911
313.00	313.50	PISI;0.851
319.50	320.00	PISI;0.790
321.75	322.00	PISI;0.657
322.25	325.50	PISI;0.994
326.50	331.25	PISI;0.997
333.00	335.50	PISI;0.994
338.50	339.00	PISI;0.823
340.00	343.25	PISI;0.996
343.75	345.50	PISI;0.993
349.75	352.00	PISI;0.981
352.25	352.75	PISI;0.749
353.25	355.25	PISI;0.996
400.25	401.00	PISI;0.944
426.00	427.00	PISI;0.899
429.25	433.00	PISI;0.997
435.00	437.75	PISI;0.997
438.00	438.50	PISI;0.780
439.75	441.75	PISI;0.994
446.25	448.25	PISI;0.993
448.75	449.00	PISI;0.680
449.75	450.50	PISI;0.968
451.00	451.75	PISI;0.876
452.25	454.75	PISI;0.996
455.50	456.50	PISI;0.910
484.50	484.75	PISI;0.733
485.50	485.75	PISI;0.703
492.50	493.00	PISI;0.700
494.50	496.25	PISI;0.997
499.25	500.75	PISI;0.993
518.00	518.25	PISI;0.669
522.25	523.00	PISI;0.756
254.50	254.75	PUFI;0.653
545.50	545.75	RBGR;0.543
20.75	21.50	RCKI;0.752
349.50	349.75	REDP;0.646
292.75	293.00	REVI;0.503
513.00	513.25	REVI;0.538
54.50	55.00	ROWR;0.597
69.50	70.00	ROWR;0.670
114.25	114.75	ROWR;0.668
144.50	145.00	ROWR;0.687
223.25	223.50	ROWR;0.686
454.50	454.75	ROWR;0.620
43.75	44.50	SATH;0.765
65.00	65.50	SATH;0.620
433.00	433.75	SATH;0.659
434.50	434.75	SEOW;0.545
505.25	506.00	SEOW;0.585
116.75	117.00	SNBU;0.531
410.25	411.00	SOSP;0.696
559.00	559.50	SWSP;0.604
2.00	2.75	VESP;0.804
17.50	17.75	VESP;0.522
78.00	78.25	VESP;0.512
123.00	123.75	VESP;0.635
151.00	151.50	VESP;0.562
182.00	182.50	VESP;0.596
250.25	250.75	VESP;0.511
265.25	265.75	VESP;0.615
277.00	277.75	VESP;0.745
299.00	299.75	VESP;0.770
375.25	375.75	VESP;0.569
408.25	409.25	VESP;0.663
465.25	465.50	VESP;0.551
471.50	472.00	VESP;0.728
507.25	507.75	VESP;0.586
394.75	395.00	WATA;0.630
355.50	356.00	WAVI;0.583
129.00	129.50	WCSP;0.632
164.25	164.75	WCSP;0.599
176.25	176.75	WCSP;0.652
337.00	337.50	WCSP;0.579
339.75	340.00	WCSP;0.522
494.25	494.75	WCSP;0.636
509.50	510.00	WCSP;0.587
514.25	515.50	WCSP;0.957
524.75	525.75	WCSP;0.825
539.50	540.50	WCSP;0.975
566.25	568.00	WCSP;0.985
577.00	578.00	WCSP;0.970
588.75	590.50	WCSP;0.985
302.50	304.00	WTSP;0.938
313.50	314.25	WTSP;0.751
376.00	376.75	WTSP;0.804
480.50	482.00	WTSP;0.925
543.75	544.75	WTSP;0.859
588.50	588.75	WTSP;0.576
597.25	600.00	WTSP;0.837
