86.00	86.50	AMGP;0.722
126.50	126.75	AMGP;0.615
135.50	135.75	AMGP;0.820
153.50	153.75	AMGP;0.621
262.00	262.50	AMGP;0.569
160.25	161.00	ARTE;0.948
86.00	86.25	BBPL;0.503
93.50	93.75	BBPL;0.513
20.25	20.75	BCCH;0.525
197.25	197.50	BFAL;0.536
254.50	254.75	BFAL;0.513
85.25	85.50	DUNL;0.508
114.25	114.75	DUNL;0.613
116.50	117.25	DUNL;0.597
172.50	172.75	DUNL;0.543
174.25	174.75	DUNL;0.566
180.25	180.50	DUNL;0.556
195.50	195.75	DUNL;0.627
213.00	214.00	DUNL;0.861
222.25	222.75	DUNL;0.727
3.75	5.75	FOSP;0.954
21.25	21.50	FOSP;0.515
22.00	22.50	FOSP;0.632
55.75	58.00	FOSP;0.940
72.50	74.75	FOSP;0.974
91.00	91.75	FOSP;0.878
163.50	163.75	FOSP;0.546
241.25	241.75	FOSP;0.563
254.00	254.50	FOSP;0.708
280.25	281.00	FOSP;0.874
20.25	21.50	GCSP;0.776
38.25	41.00	GCSP;0.971
61.00	61.50	GCSP;0.634
80.75	81.00	GCSP;0.525
140.75	141.00	GCSP;0.577
54.25	54.50	LISP;0.781
180.50	181.00	LISP;0.746
190.50	191.75	LISP;0.920
70.25	70.75	MAMU;0.624
78.00	79.00	MAMU;0.840
90.25	90.75	MAMU;0.647
170.25	170.75	MAMU;0.743
196.25	196.50	MAMU;0.575
253.25	253.75	MAMU;0.656
266.50	267.00	MAMU;0.656
293.00	294.00	MAMU;0.892
64.50	64.75	MOCH;0.544
127.25	127.50	MOCH;0.551
288.00	288.50	MOCH;0.611
209.25	210.25	OSPR;0.599
202.00	202.25	PIGR;0.510
296.25	296.50	PUFI;0.572
235.75	236.00	RTHA;0.551
2.00	3.25	RUGR;0.591
151.25	151.50	SNBU;0.715
241.75	242.25	SNBU;0.704
53.25	53.75	SPSA;0.543
72.25	72.50	SPSA;0.550
127.75	128.00	SWSP;0.595
147.50	147.75	SWSP;0.501
177.50	178.50	SWSP;0.655
247.00	248.00	SWSP;0.867
267.75	268.00	SWSP;0.619
13.25	14.25	VATH;0.865
17.25	17.75	VATH;0.830
26.25	27.50	VATH;0.902
35.25	37.25	VATH;0.932
55.50	55.75	VATH;0.500
68.00	68.75	VATH;0.748
110.00	110.75	VATH;0.677
118.50	118.75	VATH;0.597
132.50	133.25	VATH;0.849
152.00	152.50	VATH;0.638
162.50	163.25	VATH;0.961
178.50	179.25	VATH;0.813
192.50	193.00	VATH;0.634
196.75	197.50	VATH;0.759
202.75	203.50	VATH;0.769
223.75	224.00	VATH;0.525
230.50	230.75	VATH;0.615
239.25	239.75	VATH;0.715
242.50	243.50	VATH;0.853
260.00	261.50	VATH;0.992
287.00	288.00	VATH;0.963
297.25	298.50	VATH;0.990
218.25	219.00	VESP;0.869
141.50	141.75	WATA;0.615
184.00	184.50	WATA;0.558
284.50	285.00	WATA;0.554
5.00	5.50	WCSP;0.770
7.25	9.75	WCSP;0.950
21.25	22.75	WCSP;0.976
33.75	35.25	WCSP;0.993
37.25	38.25	WCSP;0.981
39.75	40.00	WCSP;0.679
40.25	40.75	WCSP;0.716
45.75	47.50	WCSP;0.991
61.25	61.50	WCSP;0.689
66.00	66.75	WCSP;0.862
71.00	71.75	WCSP;0.780
74.00	74.50	WCSP;0.665
80.50	81.50	WCSP;0.845
82.75	83.50	WCSP;0.790
91.50	92.00	WCSP;0.691
101.25	102.50	WCSP;0.974
112.25	113.75	WCSP;0.851
124.00	125.00	WCSP;0.931
135.75	136.50	WCSP;0.835
158.50	158.75	WCSP;0.703
170.50	171.75	WCSP;0.965
180.25	181.00	WCSP;0.805
181.50	182.50	WCSP;0.843
192.75	194.25	WCSP;0.994
202.25	202.75	WCSP;0.722
207.00	208.75	WCSP;0.949
218.75	220.25	WCSP;0.988
230.75	232.25	WCSP;0.968
243.00	244.75	WCSP;0.983
254.50	256.50	WCSP;0.996
267.00	267.75	WCSP;0.882
278.75	280.50	WCSP;0.991
291.25	292.75	WCSP;0.970
2.75	3.50	WIWA;0.788
13.75	14.50	WIWA;0.672
24.00	24.75	WIWA;0.928
67.25	68.00	WIWA;0.980
76.75	78.00	WIWA;0.886
87.25	88.00	WIWA;0.841
97.00	97.75	WIWA;0.896
117.50	118.25	WIWA;0.903
137.50	138.25	WIWA;0.909
147.50	147.75	WIWA;0.506
157.00	157.25	WIWA;0.597
168.25	169.00	WIWA;0.845
177.75	178.25	WIWA;0.702
187.50	188.25	WIWA;0.757
197.50	198.25	WIWA;0.832
227.00	227.75	WIWA;0.957
237.25	237.75	WIWA;0.784
277.25	278.00	WIWA;0.895
0.00	2.50	WTSP;0.993
5.75	8.00	WTSP;0.942
9.50	13.25	WTSP;0.994
17.25	19.75	WTSP;0.974
20.50	21.00	WTSP;0.691
23.25	24.00	WTSP;0.898
24.75	25.75	WTSP;0.751
26.75	34.00	WTSP;0.991
38.50	38.75	WTSP;0.671
39.50	40.00	WTSP;0.785
41.00	42.50	WTSP;0.946
43.00	45.00	WTSP;0.969
45.25	46.50	WTSP;0.780
47.50	52.75	WTSP;0.998
53.75	55.75	WTSP;0.985
59.00	61.50	WTSP;0.972
64.00	66.50	WTSP;0.985
69.50	71.75	WTSP;0.840
75.25	75.75	WTSP;0.786
81.00	83.00	WTSP;0.968
88.75	90.25	WTSP;0.990
99.00	101.50	WTSP;0.976
102.75	104.75	WTSP;0.988
106.50	110.25	WTSP;0.995
111.75	113.00	WTSP;0.951
114.75	116.50	WTSP;0.937
118.75	119.75	WTSP;0.814
120.25	125.50	WTSP;0.981
127.00	132.75	WTSP;0.994
139.00	142.50	WTSP;0.984
142.75	144.00	WTSP;0.876
147.75	150.50	WTSP;0.962
153.00	155.75	WTSP;0.983
157.50	160.50	WTSP;0.945
164.25	168.00	WTSP;0.998
169.25	170.50	WTSP;0.935
175.25	176.00	WTSP;0.770
178.50	179.75	WTSP;0.881
181.25	182.00	WTSP;0.864
183.00	184.50	WTSP;0.896
188.25	190.00	WTSP;0.985
194.75	195.50	WTSP;0.873
198.25	201.00	WTSP;0.984
203.00	207.25	WTSP;0.996
210.25	212.75	WTSP;0.955
214.25	218.00	WTSP;0.992
220.00	221.75	WTSP;0.989
223.50	226.75	WTSP;0.910
232.25	237.00	WTSP;0.996
245.00	246.25	WTSP;0.959
249.25	252.50	WTSP;0.994
256.75	259.25	WTSP;0.993
263.50	266.25	WTSP;0.991
268.50	277.25	WTSP;0.995
281.00	284.50	WTSP;0.994
286.75	289.00	WTSP;0.937
289.25	291.50	WTSP;0.912
294.00	294.50	WTSP;0.754
295.50	296.00	WTSP;0.843
298.00	299.75	WTSP;0.934
