488.75	489.00	AMRO;0.619
492.50	493.00	AMRO;0.818
199.50	200.00	BASA;0.669
153.25	153.75	CHSP;0.937
148.50	149.00	DEJU;0.550
328.25	328.50	DUNL;0.697
15.50	17.50	FOSP;0.979
295.00	296.75	FOSP;0.992
331.25	332.75	FOSP;0.957
351.25	352.00	FOSP;0.794
352.75	353.00	FOSP;0.548
349.75	350.00	HEWA;0.793
31.50	32.00	PIGR;0.790
488.75	489.50	PIWO;0.638
65.25	65.75	RUGR;0.520
75.50	75.75	RUGR;0.501
101.50	101.75	RUGR;0.597
103.25	103.75	RUGR;0.563
104.50	106.00	RUGR;0.739
107.25	107.75	RUGR;0.595
121.50	122.50	RUGR;0.640
125.25	125.50	RUGR;0.535
135.25	135.75	RUGR;0.535
136.50	136.75	RUGR;0.514
179.25	179.50	RUGR;0.520
194.25	194.75	RUGR;0.554
212.25	212.50	RUGR;0.538
214.25	214.75	RUGR;0.550
215.25	215.75	RUGR;0.507
244.00	244.75	RUGR;0.689
248.25	248.75	RUGR;0.682
317.25	317.75	RUGR;0.547
318.00	318.50	RUGR;0.523
360.25	360.75	RUGR;0.611
361.25	362.00	RUGR;0.702
372.25	372.75	RUGR;0.621
384.25	384.75	RUGR;0.594
385.25	385.50	RUGR;0.540
390.50	390.75	RUGR;0.501
434.00	435.75	RUGR;0.747
448.50	448.75	RUGR;0.506
449.00	449.75	RUGR;0.607
470.25	471.00	RUGR;0.669
475.00	475.50	RUGR;0.598
479.25	479.50	RUGR;0.501
485.75	486.75	RUGR;0.641
578.50	578.75	RUGR;0.515
579.50	579.75	RUGR;0.525
580.25	581.00	RUGR;0.627
45.00	45.25	SAPH;0.506
186.75	187.00	SBDO;0.684
319.00	319.50	SEPL;0.918
352.50	353.25	SOSP;0.766
147.25	147.75	WCSP;0.827
