288.00	288.50	AMPI;0.556
45.50	46.00	BCCH;0.567
100.50	100.75	BCCH;0.687
442.75	443.00	BRBL;0.638
400.50	401.00	CATE;0.609
537.50	537.75	CATE;0.770
6.25	6.50	CHSP;0.707
16.25	17.50	CHSP;0.809
25.50	26.75	CHSP;0.896
34.75	35.50	CHSP;0.827
44.00	44.50	CHSP;0.751
52.25	53.25	CHSP;0.950
72.00	73.75	CHSP;0.868
82.00	84.00	CHSP;0.989
101.50	103.25	CHSP;0.939
110.25	110.75	CHSP;0.739
111.50	112.00	CHSP;0.776
129.50	131.25	CHSP;0.949
139.25	140.25	CHSP;0.895
148.00	150.00	CHSP;0.963
159.25	161.75	CHSP;0.992
180.75	182.50	CHSP;0.946
191.50	191.75	CHSP;0.675
203.25	204.50	CHSP;0.906
213.75	215.00	CHSP;0.986
225.00	225.75	CHSP;0.890
230.25	231.75	CHSP;0.898
241.50	242.00	CHSP;0.786
242.50	244.00	CHSP;0.918
253.00	254.25	CHSP;0.944
261.00	262.25	CHSP;0.976
279.75	281.75	CHSP;0.948
290.25	291.50	CHSP;0.943
300.00	301.25	CHSP;0.963
313.75	316.00	CHSP;0.983
325.00	326.25	CHSP;0.980
335.00	337.00	CHSP;0.976
344.25	346.00	CHSP;0.964
366.25	368.75	CHSP;0.991
377.00	377.75	CHSP;0.795
395.25	396.75	CHSP;0.917
423.25	424.50	CHSP;0.876
464.00	464.75	CHSP;0.930
465.00	468.00	CHSP;0.993
476.25	479.50	CHSP;0.993
488.00	490.25	CHSP;0.992
496.25	500.75	CHSP;0.992
507.75	510.00	CHSP;0.993
517.50	520.00	CHSP;0.991
528.25	531.00	CHSP;0.993
539.50	541.50	CHSP;0.990
549.25	550.25	CHSP;0.956
550.50	552.00	CHSP;0.977
571.00	574.00	CHSP;0.984
581.25	583.75	CHSP;0.994
592.00	594.50	CHSP;0.994
583.75	584.50	EAME;0.620
43.25	43.75	EATO;0.541
566.50	567.00	EVGR;0.898
244.75	245.00	FISP;0.526
516.50	517.00	FISP;0.667
5.00	6.00	FOSP;0.969
12.00	14.00	FOSP;0.995
15.25	16.50	FOSP;0.983
24.25	25.25	FOSP;0.994
28.00	30.00	FOSP;0.994
31.25	31.75	FOSP;0.836
33.75	34.75	FOSP;0.970
39.25	40.25	FOSP;0.988
43.25	44.25	FOSP;0.977
48.25	49.50	FOSP;0.993
53.00	54.25	FOSP;0.983
56.25	58.50	FOSP;0.994
61.00	63.00	FOSP;0.984
67.00	68.25	FOSP;0.976
70.00	71.75	FOSP;0.995
75.75	78.00	FOSP;0.990
78.25	80.25	FOSP;0.972
86.75	89.50	FOSP;0.929
91.75	93.50	FOSP;0.997
97.00	98.50	FOSP;0.986
113.75	115.00	FOSP;0.973
120.75	122.25	FOSP;0.979
131.50	133.25	FOSP;0.994
140.25	141.50	FOSP;0.970
150.25	151.75	FOSP;0.995
168.50	170.50	FOSP;0.993
176.75	179.00	FOSP;0.990
185.25	186.50	FOSP;0.980
187.00	189.00	FOSP;0.983
198.75	200.50	FOSP;0.992
207.50	211.25	FOSP;0.986
220.00	222.25	FOSP;0.992
228.00	229.00	FOSP;0.748
232.00	234.00	FOSP;0.983
244.75	246.50	FOSP;0.994
257.25	259.25	FOSP;0.988
264.50	266.50	FOSP;0.934
270.00	271.75	FOSP;0.993
282.25	286.25	FOSP;0.989
296.00	298.00	FOSP;0.988
303.50	305.50	FOSP;0.994
307.25	309.50	FOSP;0.985
320.50	322.50	FOSP;0.950
332.25	334.50	FOSP;0.989
337.00	338.75	FOSP;0.981
348.00	350.00	FOSP;0.992
354.50	356.25	FOSP;0.986
361.00	363.00	FOSP;0.994
373.00	375.25	FOSP;0.990
388.00	392.25	FOSP;0.991
406.00	408.75	FOSP;0.995
413.50	415.00	FOSP;0.970
419.00	421.00	FOSP;0.986
429.25	431.00	FOSP;0.974
432.00	434.00	FOSP;0.989
446.00	448.00	FOSP;0.991
458.00	460.00	FOSP;0.992
463.50	465.00	FOSP;0.927
469.25	471.50	FOSP;0.993
475.00	475.75	FOSP;0.915
483.75	488.00	FOSP;0.993
498.00	499.25	FOSP;0.822
501.50	503.75	FOSP;0.992
509.75	511.25	FOSP;0.986
515.75	517.25	FOSP;0.946
525.00	526.25	FOSP;0.888
532.25	535.00	FOSP;0.983
538.50	539.50	FOSP;0.807
547.00	548.50	FOSP;0.990
549.75	551.00	FOSP;0.980
553.00	553.25	FOSP;0.663
559.75	561.50	FOSP;0.991
567.75	569.50	FOSP;0.981
573.75	575.50	FOSP;0.995
584.25	584.50	FOSP;0.661
590.25	590.75	FOSP;0.790
597.50	599.75	FOSP;0.991
227.50	229.00	GCSP;0.847
4.75	5.25	HETH;0.642
33.50	33.75	HETH;0.701
96.75	97.00	HETH;0.619
330.50	330.75	HETH;0.640
60.25	60.50	KILL;0.524
498.00	498.50	NOCA;0.679
590.00	590.25	PIGR;0.513
68.00	68.75	RUGR;0.696
69.50	70.50	RUGR;0.694
160.75	161.50	RUGR;0.724
399.50	399.75	RWBL;0.631
402.00	402.25	RWBL;0.806
416.25	416.50	RWBL;0.504
442.75	443.00	RWBL;0.579
355.00	355.25	SAPH;0.505
461.50	462.00	SAPH;0.643
566.00	566.50	SNBU;0.598
247.75	248.00	SWSP;0.531
292.00	292.50	SWSP;0.620
539.50	539.75	SWSP;0.502
583.25	583.50	SWSP;0.542
71.25	71.50	VESP;0.505
233.25	234.00	VESP;0.762
246.00	246.75	VESP;0.680
297.50	297.75	VESP;0.575
309.00	309.25	VESP;0.505
407.25	407.75	VESP;0.591
447.25	448.00	VESP;0.823
487.50	488.00	VESP;0.673
517.00	517.50	VESP;0.565
575.00	575.25	VESP;0.538
46.25	46.75	WATA;0.686
159.00	159.50	WATA;0.542
29.75	30.00	WCSP;0.594
67.50	68.00	WCSP;0.605
87.25	87.75	WCSP;0.723
108.75	109.00	WCSP;0.616
141.00	141.25	WCSP;0.558
151.50	152.00	WCSP;0.597
193.00	194.00	WCSP;0.962
338.25	338.75	WCSP;0.756
430.50	431.00	WCSP;0.571
330.25	331.00	WEME;0.886
195.25	195.75	WIWA;0.762
201.00	202.00	WIWA;0.976
205.25	206.00	WIWA;0.930
216.00	216.75	WIWA;0.991
223.25	224.25	WIWA;0.959
239.00	240.00	WIWA;0.980
247.75	248.00	WIWA;0.666
251.25	252.00	WIWA;0.994
256.75	257.00	WIWA;0.696
260.00	261.00	WIWA;0.994
268.00	268.75	WIWA;0.975
292.00	292.50	WIWA;0.927
298.00	298.75	WIWA;0.987
309.50	311.00	WIWA;0.995
526.50	527.00	WIWA;0.901
534.75	535.25	WIWA;0.916
539.25	539.75	WIWA;0.661
546.00	547.00	WIWA;0.991
553.25	554.50	WIWA;0.994
556.25	557.00	WIWA;0.988
569.25	570.50	WIWA;0.988
572.50	573.00	WIWA;0.927
575.50	576.00	WIWA;0.727
583.25	583.50	WIWA;0.721
591.00	592.25	WIWA;0.996
20.50	21.25	WTSP;0.795
30.50	31.00	WTSP;0.767
36.25	37.00	WTSP;0.965
54.75	56.25	WTSP;0.973
64.00	66.75	WTSP;0.987
74.00	75.50	WTSP;0.947
101.00	101.75	WTSP;0.831
107.50	108.50	WTSP;0.864
109.00	110.75	WTSP;0.903
119.00	120.50	WTSP;0.899
136.00	138.25	WTSP;0.986
146.00	148.00	WTSP;0.982
156.25	159.25	WTSP;0.981
172.25	173.75	WTSP;0.922
184.00	185.00	WTSP;0.912
192.00	193.25	WTSP;0.926
202.25	203.50	WTSP;0.921
215.00	216.00	WTSP;0.953
242.00	243.50	WTSP;0.974
252.00	254.25	WTSP;0.979
262.00	262.50	WTSP;0.844
268.75	269.50	WTSP;0.848
281.75	282.00	WTSP;0.680
288.75	290.75	WTSP;0.984
301.00	302.50	WTSP;0.911
311.00	313.75	WTSP;0.977
