40.00	40.25	AMRO;0.529
47.50	47.75	BBPL;0.575
150.75	151.00	BCCH;0.546
263.50	263.75	BHCO;0.700
50.50	50.75	EAME;0.557
108.50	109.00	EAME;0.576
136.25	136.75	EAME;0.580
2.50	5.00	FOSP;0.996
14.75	16.00	FOSP;0.965
19.25	20.50	FOSP;0.956
25.25	27.50	FOSP;0.984
31.00	32.50	FOSP;0.863
37.25	39.50	FOSP;0.986
44.00	45.50	FOSP;0.992
51.50	54.00	FOSP;0.998
56.50	57.25	FOSP;0.822
64.75	67.25	FOSP;0.996
69.00	70.25	FOSP;0.832
78.75	81.25	FOSP;0.996
83.50	85.00	FOSP;0.961
93.00	95.50	FOSP;0.997
102.25	103.75	FOSP;0.935
108.00	108.75	FOSP;0.926
109.00	110.25	FOSP;0.990
115.50	116.50	FOSP;0.752
123.25	125.75	FOSP;0.988
128.50	128.75	FOSP;0.658
129.50	130.50	FOSP;0.928
136.25	139.00	FOSP;0.997
147.50	149.00	FOSP;0.909
151.75	154.00	FOSP;0.984
161.75	163.75	FOSP;0.978
166.50	168.75	FOSP;0.991
184.00	184.25	FOSP;0.687
188.00	190.00	FOSP;0.990
205.75	208.00	FOSP;0.995
213.50	215.00	FOSP;0.981
235.25	236.75	FOSP;0.986
254.50	254.75	FOSP;0.685
276.25	277.75	FOSP;0.944
298.75	300.00	FOSP;0.935
10.75	12.00	HETH;0.988
50.25	50.75	HETH;0.714
83.25	83.75	HETH;0.753
104.75	106.25	HETH;0.997
108.50	109.25	HETH;0.989
111.25	113.00	HETH;0.996
114.50	115.50	HETH;0.989
117.75	119.50	HETH;0.997
121.00	122.50	HETH;0.995
128.25	129.75	HETH;0.994
132.25	133.75	HETH;0.979
136.50	137.00	HETH;0.777
139.25	141.00	HETH;0.995
141.75	143.75	HETH;0.998
144.50	146.50	HETH;0.996
150.75	151.75	HETH;0.960
154.00	155.50	HETH;0.999
157.00	158.75	HETH;0.997
160.75	161.75	HETH;0.987
164.00	165.75	HETH;0.997
168.75	170.00	HETH;0.988
176.50	177.50	HETH;0.995
178.75	180.50	HETH;0.999
181.75	182.50	HETH;0.787
185.00	186.00	HETH;0.987
199.75	200.50	HETH;0.860
238.25	239.75	HETH;0.991
242.25	243.00	HETH;0.967
246.00	247.75	HETH;0.994
250.25	251.75	HETH;0.993
253.25	254.50	HETH;0.987
259.00	260.75	HETH;0.997
263.50	264.25	HETH;0.902
267.75	269.50	HETH;0.997
271.25	272.25	HETH;0.981
275.00	276.25	HETH;0.998
280.00	281.50	HETH;0.997
98.50	98.75	MOCH;0.512
164.00	164.25	MOCH;0.529
246.25	246.50	MOCH;0.579
271.25	271.50	MOCH;0.610
91.50	91.75	PIGR;0.560
48.25	48.75	RUTU;0.631
77.75	78.00	SATH;0.536
120.50	121.00	SAVS;0.839
76.75	78.25	TOSO;0.929
100.25	100.50	TOSO;0.575
182.00	182.50	TOWA;0.573
102.50	102.75	VESP;0.543
213.25	214.00	VESP;0.752
253.50	253.75	VESP;0.584
17.00	17.25	WCSP;0.944
19.75	20.75	WCSP;0.912
45.00	45.25	WCSP;0.675
69.50	70.50	WCSP;0.890
84.00	85.00	WCSP;0.863
103.00	103.75	WCSP;0.778
113.00	114.25	WCSP;0.990
115.25	116.75	WCSP;0.965
122.50	123.75	WCSP;0.964
125.00	125.25	WCSP;0.683
129.50	130.00	WCSP;0.735
146.50	149.25	WCSP;0.898
153.25	154.00	WCSP;0.880
159.00	160.50	WCSP;0.985
163.00	163.50	WCSP;0.735
165.75	167.00	WCSP;0.855
171.00	172.50	WCSP;0.970
174.75	176.75	WCSP;0.995
182.75	185.25	WCSP;0.988
189.25	191.00	WCSP;0.988
195.25	197.50	WCSP;0.993
201.75	203.75	WCSP;0.995
209.25	211.25	WCSP;0.994
214.25	214.75	WCSP;0.728
216.75	219.00	WCSP;0.994
224.75	226.75	WCSP;0.993
232.75	234.75	WCSP;0.994
236.00	237.00	WCSP;0.918
240.00	242.00	WCSP;0.982
248.75	250.50	WCSP;0.994
254.00	255.50	WCSP;0.983
256.25	258.25	WCSP;0.995
264.25	266.25	WCSP;0.993
272.25	274.50	WCSP;0.993
276.25	277.75	WCSP;0.932
280.00	280.50	WCSP;0.694
281.00	282.00	WCSP;0.981
287.00	289.00	WCSP;0.989
295.25	295.75	WCSP;0.705
297.00	299.75	WCSP;0.991
16.25	16.75	WEME;0.676
132.75	133.00	WOTH;0.651
151.25	151.50	WOTH;0.657
271.75	272.00	WOTH;0.687
106.00	106.50	WTSP;0.656
165.75	166.00	WTSP;0.598
171.00	171.25	WTSP;0.506
295.25	295.50	WTSP;0.578
