278.00	278.25	BCCH;0.688
423.25	423.50	BCCH;0.505
451.00	451.25	BEWR;0.518
457.75	458.00	BRSP;0.827
28.50	29.50	CHSP;0.938
31.00	31.75	CHSP;0.806
32.00	34.00	CHSP;0.987
40.00	40.75	CHSP;0.919
43.50	43.75	CHSP;0.662
46.50	48.50	CHSP;0.988
53.00	55.00	CHSP;0.977
60.50	62.50	CHSP;0.997
68.25	70.75	CHSP;0.996
85.75	88.25	CHSP;0.994
98.00	99.75	CHSP;0.988
109.25	111.75	CHSP;0.995
128.50	129.75	CHSP;0.910
145.00	147.50	CHSP;0.982
148.75	150.00	CHSP;0.844
152.75	155.00	CHSP;0.995
157.00	157.50	CHSP;0.691
162.75	164.50	CHSP;0.987
170.00	170.75	CHSP;0.923
171.25	172.00	CHSP;0.884
181.00	182.00	CHSP;0.869
182.50	182.75	CHSP;0.757
190.00	190.50	CHSP;0.843
194.25	194.75	CHSP;0.835
235.75	236.75	CHSP;0.949
242.00	242.75	CHSP;0.843
324.75	325.50	CHSP;0.909
326.25	329.25	CHSP;0.985
352.75	353.75	CHSP;0.960
371.00	371.75	CHSP;0.991
391.00	391.75	CHSP;0.846
392.00	394.50	CHSP;0.993
401.00	401.75	CHSP;0.918
407.25	410.25	CHSP;0.995
414.00	417.75	CHSP;0.994
420.00	423.00	CHSP;0.994
434.00	435.75	CHSP;0.991
452.25	454.00	CHSP;0.987
455.75	456.25	CHSP;0.870
469.25	471.25	CHSP;0.943
480.75	482.00	CHSP;0.973
495.25	497.00	CHSP;0.975
553.00	553.50	CHSP;0.742
556.25	557.00	CHSP;0.952
583.00	583.75	CHSP;0.749
562.75	563.25	DEJU;0.546
274.50	274.75	EAME;0.504
482.25	482.50	EAME;0.532
579.50	580.00	EAME;0.587
83.25	83.50	EATO;0.502
531.25	531.75	EATO;0.626
192.00	192.50	EAWP;0.577
288.25	288.50	EVGR;0.675
378.50	378.75	EVGR;0.535
411.75	412.00	EVGR;0.551
131.25	132.00	FISP;0.948
300.50	300.75	FISP;0.641
9.00	10.25	FOSP;0.976
79.75	82.00	FOSP;0.994
93.25	96.00	FOSP;0.992
106.50	109.25	FOSP;0.996
117.25	118.75	FOSP;0.969
122.25	125.00	FOSP;0.993
127.75	128.75	FOSP;0.944
137.00	139.50	FOSP;0.997
160.25	162.75	FOSP;0.997
174.25	177.00	FOSP;0.995
193.50	196.00	FOSP;0.998
207.25	209.50	FOSP;0.994
219.00	221.50	FOSP;0.996
232.75	235.75	FOSP;0.996
248.25	250.75	FOSP;0.996
261.50	262.25	FOSP;0.780
264.75	267.00	FOSP;0.998
274.25	275.00	FOSP;0.778
282.50	285.00	FOSP;0.998
288.25	289.00	FOSP;0.753
302.75	305.75	FOSP;0.996
315.00	316.00	FOSP;0.910
319.00	321.75	FOSP;0.995
324.00	324.50	FOSP;0.697
338.25	339.00	FOSP;0.876
343.00	346.00	FOSP;0.995
352.50	352.75	FOSP;0.733
367.00	369.75	FOSP;0.995
387.00	389.75	FOSP;0.996
402.00	404.75	FOSP;0.997
427.00	429.75	FOSP;0.996
436.00	436.50	FOSP;0.734
443.00	446.00	FOSP;0.997
498.25	500.25	FOSP;0.980
512.25	513.00	FOSP;0.859
532.25	533.25	FOSP;0.918
548.00	549.00	FOSP;0.877
579.50	581.00	FOSP;0.978
599.25	599.75	FOSP;0.863
64.50	64.75	GCSP;0.538
78.50	79.25	GCSP;0.572
150.25	150.75	GCSP;0.719
337.25	338.00	GCSP;0.745
5.50	6.00	HASP;0.754
16.50	17.00	HASP;0.575
27.50	28.00	HASP;0.734
29.50	29.75	HASP;0.575
77.00	77.75	HASP;0.797
112.50	113.00	HASP;0.535
178.50	179.00	HASP;0.542
216.25	217.00	HASP;0.692
227.00	227.50	HASP;0.745
239.00	239.50	HASP;0.627
277.75	278.00	HASP;0.512
313.75	314.00	HASP;0.522
372.25	372.75	HASP;0.812
383.50	384.25	HASP;0.720
431.25	432.00	HASP;0.702
521.25	521.50	HASP;0.589
569.50	570.00	HASP;0.788
585.50	585.75	HOLA;0.538
578.25	578.50	KILL;0.541
489.25	489.50	LBDO;0.538
0.75	1.75	LISP;0.743
11.25	12.00	LISP;0.818
22.50	23.75	LISP;0.915
25.50	26.25	LISP;0.850
83.25	83.75	LISP;0.514
301.00	301.50	LISP;0.648
334.00	335.00	LISP;0.940
347.75	348.75	LISP;0.838
359.50	360.50	LISP;0.797
399.50	400.75	LISP;0.921
412.25	413.00	LISP;0.895
425.25	426.00	LISP;0.723
437.50	438.75	LISP;0.826
450.50	451.25	LISP;0.800
463.25	464.75	LISP;0.979
477.25	478.50	LISP;0.716
490.50	491.75	LISP;0.711
504.25	505.50	LISP;0.953
517.75	519.25	LISP;0.989
531.25	532.00	LISP;0.729
562.50	562.75	LISP;0.539
150.25	150.50	MOCH;0.524
278.00	278.25	MOCH;0.637
325.75	326.25	MOCH;0.604
423.00	423.50	MOCH;0.541
477.00	477.50	NHWR;0.578
58.25	58.50	PISI;0.698
121.25	122.00	PISI;0.992
164.50	164.75	PISI;0.659
165.00	166.25	PISI;0.950
166.75	167.50	PISI;0.851
169.25	170.25	PISI;0.988
171.75	173.50	PISI;0.973
173.75	174.25	PISI;0.800
177.25	179.00	PISI;0.887
180.75	181.00	PISI;0.674
183.25	183.75	PISI;0.721
185.00	186.50	PISI;0.924
187.00	190.00	PISI;0.996
190.25	192.25	PISI;0.998
192.50	193.25	PISI;0.997
196.00	204.50	PISI;0.994
205.00	205.75	PISI;0.879
206.25	206.50	PISI;0.678
206.75	207.50	PISI;0.970
209.00	213.75	PISI;0.996
214.00	214.75	PISI;0.843
215.25	215.75	PISI;0.698
216.50	217.00	PISI;0.848
217.50	218.50	PISI;0.989
222.50	222.75	PISI;0.659
223.50	224.25	PISI;0.796
224.75	225.50	PISI;0.933
226.00	226.75	PISI;0.944
229.50	230.25	PISI;0.867
232.25	232.50	PISI;0.787
306.75	307.75	PISI;0.981
380.50	381.00	PISI;0.752
385.50	385.75	PISI;0.778
390.25	391.00	PISI;0.842
391.75	392.25	PISI;0.748
410.25	410.75	PISI;0.876
432.00	432.25	PISI;0.701
433.25	434.25	PISI;0.984
440.00	440.75	PISI;0.984
565.00	566.50	PISI;0.977
568.00	569.75	PISI;0.940
570.75	572.75	PISI;0.994
573.25	573.75	PISI;0.743
574.50	574.75	PISI;0.705
576.25	577.75	PISI;0.963
593.75	594.00	PISI;0.663
594.75	596.50	PISI;0.996
505.25	505.50	PUFI;0.505
79.50	79.75	RECR;0.510
10.50	10.75	REVI;0.522
436.50	437.00	REVI;0.679
60.25	60.50	SATH;0.507
68.00	68.50	SATH;0.830
85.50	85.75	SNBU;0.715
261.50	262.00	SNBU;0.728
288.25	288.50	SNBU;0.646
28.50	29.00	SWSP;0.547
35.50	36.75	SWSP;0.880
43.50	43.75	SWSP;0.544
44.00	44.50	SWSP;0.695
127.00	127.50	SWSP;0.550
142.00	142.50	SWSP;0.553
246.00	246.25	SWSP;0.549
370.00	370.25	SWSP;0.567
377.50	377.75	SWSP;0.524
384.50	385.25	SWSP;0.855
441.00	442.00	SWSP;0.950
454.75	455.25	SWSP;0.554
461.00	462.50	SWSP;0.965
506.25	508.25	SWSP;0.925
523.00	523.75	SWSP;0.797
529.50	531.00	SWSP;0.825
546.00	546.50	SWSP;0.584
552.75	553.75	SWSP;0.690
559.75	560.00	SWSP;0.572
560.25	560.75	SWSP;0.640
589.50	591.00	SWSP;0.956
98.00	98.25	SWTH;0.846
5.00	5.25	TEWA;0.558
19.25	20.50	TEWA;0.842
132.50	135.00	TEWA;0.910
141.25	141.75	TEWA;0.698
148.75	149.50	TEWA;0.557
156.25	157.50	TEWA;0.733
171.00	171.25	TEWA;0.505
204.50	206.00	TEWA;0.923
221.25	222.00	TEWA;0.869
241.50	243.00	TEWA;0.845
244.00	244.75	TEWA;0.759
245.50	245.75	TEWA;0.511
268.50	269.25	TEWA;0.671
341.00	341.50	TEWA;0.757
356.00	356.50	TEWA;0.535
413.50	414.25	TEWA;0.689
419.75	420.75	TEWA;0.743
514.50	515.75	TEWA;0.958
522.25	522.75	TEWA;0.613
536.25	538.50	TEWA;0.894
545.00	546.00	TEWA;0.648
552.00	552.75	TEWA;0.735
560.00	560.50	TEWA;0.647
582.00	583.75	TEWA;0.864
164.50	165.00	VATH;0.714
569.50	569.75	VATH;0.542
593.00	593.25	VATH;0.697
98.00	98.25	VEER;0.769
96.25	96.50	VESP;0.508
117.25	117.75	VESP;0.549
137.50	137.75	VESP;0.505
497.75	498.00	VESP;0.596
2.50	4.25	WCSP;0.992
5.50	7.25	WCSP;0.906
12.25	13.75	WCSP;0.913
16.50	18.25	WCSP;0.986
20.50	22.25	WCSP;0.978
29.50	31.00	WCSP;0.991
38.00	40.00	WCSP;0.988
41.25	42.50	WCSP;0.927
50.25	52.00	WCSP;0.978
55.00	55.50	WCSP;0.740
57.50	58.00	WCSP;0.719
64.75	67.00	WCSP;0.989
73.75	75.75	WCSP;0.997
78.00	78.50	WCSP;0.671
88.50	90.00	WCSP;0.978
90.75	91.00	WCSP;0.659
91.25	92.00	WCSP;0.837
96.75	97.25	WCSP;0.792
99.50	101.75	WCSP;0.994
106.00	106.50	WCSP;0.804
113.00	114.75	WCSP;0.979
116.50	116.75	WCSP;0.666
125.25	126.25	WCSP;0.964
136.25	137.00	WCSP;0.873
142.50	144.75	WCSP;0.943
151.00	152.50	WCSP;0.937
157.75	158.50	WCSP;0.710
159.50	159.75	WCSP;0.725
166.25	169.50	WCSP;0.995
178.75	180.50	WCSP;0.990
208.75	209.00	WCSP;0.721
213.75	214.25	WCSP;0.796
216.50	217.75	WCSP;0.929
218.50	219.00	WCSP;0.688
220.75	221.00	WCSP;0.685
222.25	223.00	WCSP;0.779
227.25	230.50	WCSP;0.993
231.75	232.00	WCSP;0.666
239.00	240.75	WCSP;0.964
250.00	250.25	WCSP;0.671
251.75	253.25	WCSP;0.918
257.50	259.50	WCSP;0.993
263.50	265.00	WCSP;0.905
270.00	271.75	WCSP;0.995
274.50	276.75	WCSP;0.991
277.50	278.00	WCSP;0.772
286.50	287.75	WCSP;0.976
289.50	291.25	WCSP;0.992
297.25	298.25	WCSP;0.921
302.00	303.00	WCSP;0.891
308.25	308.75	WCSP;0.675
311.00	312.50	WCSP;0.991
313.50	315.50	WCSP;0.821
329.25	331.00	WCSP;0.893
331.75	332.25	WCSP;0.687
337.50	338.50	WCSP;0.777
342.00	342.50	WCSP;0.727
349.50	351.50	WCSP;0.994
354.75	355.75	WCSP;0.989
360.75	362.50	WCSP;0.996
372.50	374.00	WCSP;0.932
383.50	384.25	WCSP;0.857
395.75	396.00	WCSP;0.754
431.25	432.00	WCSP;0.858
455.75	456.00	WCSP;0.686
457.75	458.00	WCSP;0.797
493.25	494.75	WCSP;0.962
533.00	533.50	WCSP;0.786
534.50	535.00	WCSP;0.764
570.25	570.50	WCSP;0.736
572.50	573.50	WCSP;0.875
584.75	585.75	WCSP;0.899
597.75	599.00	WCSP;0.905
102.50	103.00	WEWP;0.778
592.75	593.00	WEWP;0.533
204.75	205.00	WIWA;0.508
5.50	6.00	WTSP;0.649
16.50	17.25	WTSP;0.679
20.50	20.75	WTSP;0.557
24.00	25.00	WTSP;0.808
40.50	41.50	WTSP;0.808
48.50	49.00	WTSP;0.878
53.75	54.25	WTSP;0.565
57.25	58.00	WTSP;0.908
62.25	65.25	WTSP;0.866
76.75	78.50	WTSP;0.915
82.50	82.75	WTSP;0.535
88.50	89.00	WTSP;0.662
90.50	92.75	WTSP;0.810
101.00	102.00	WTSP;0.870
104.50	106.25	WTSP;0.958
112.25	113.25	WTSP;0.855
125.25	125.50	WTSP;0.565
129.50	131.25	WTSP;0.931
139.50	140.00	WTSP;0.602
142.75	143.50	WTSP;0.586
144.50	145.00	WTSP;0.593
146.50	146.75	WTSP;0.513
150.50	151.00	WTSP;0.520
159.00	160.00	WTSP;0.812
166.25	166.75	WTSP;0.608
167.50	167.75	WTSP;0.540
215.50	216.75	WTSP;0.905
241.00	241.75	WTSP;0.771
251.50	252.25	WTSP;0.670
263.50	263.75	WTSP;0.517
277.50	277.75	WTSP;0.500
289.25	290.00	WTSP;0.651
329.25	329.75	WTSP;0.606
354.50	354.75	WTSP;0.567
360.75	361.00	WTSP;0.533
372.50	373.00	WTSP;0.734
419.00	419.75	WTSP;0.914
480.25	481.00	WTSP;0.817
485.50	486.00	WTSP;0.656
534.50	535.25	WTSP;0.644
558.00	558.50	WTSP;0.708
598.00	598.25	WTSP;0.544
418.25	418.75	YRWA;0.856
