19.50	20.00	BCCH;0.755
67.00	67.25	BCCH;0.509
106.00	106.75	BCCH;0.848
125.50	126.00	BCCH;0.570
170.25	170.50	BCCH;0.513
193.25	194.00	BCCH;0.809
113.25	113.50	BEWR;0.508
22.75	23.00	BLGU;0.553
288.75	289.25	CEDW;0.644
0.00	5.50	CHSP;0.995
9.00	11.00	CHSP;0.992
12.00	13.50	CHSP;0.983
286.50	288.50	CHSP;0.985
194.75	195.00	CHSW;0.537
15.50	16.00	DEJU;0.689
28.25	28.75	DEJU;0.552
29.00	29.25	DEJU;0.647
42.50	43.25	DEJU;0.754
231.00	231.50	DUNL;0.789
195.50	196.00	EAME;0.742
182.00	182.50	FISP;0.608
204.25	205.00	FISP;0.706
35.00	36.00	FOSP;0.964
196.00	197.00	FOSP;0.945
200.00	201.00	FOSP;0.957
223.25	224.25	FOSP;0.972
239.75	241.00	FOSP;0.952
292.00	292.75	FOSP;0.859
248.25	249.50	GCSP;0.767
6.25	6.75	HETH;0.760
8.25	8.75	HETH;0.605
16.75	17.25	HETH;0.607
20.75	21.50	HETH;0.714
26.50	26.75	HETH;0.574
38.25	38.75	HETH;0.880
52.75	53.25	HETH;0.738
71.00	71.25	HETH;0.516
75.25	75.75	HETH;0.680
76.75	77.00	HETH;0.606
80.50	81.50	HETH;0.927
100.00	100.50	HETH;0.599
122.00	122.50	HETH;0.738
125.75	126.25	HETH;0.705
130.00	130.50	HETH;0.768
133.75	134.00	HETH;0.665
137.25	137.75	HETH;0.659
140.00	140.75	HETH;0.926
146.50	147.50	HETH;0.966
157.50	158.00	HETH;0.827
161.00	161.50	HETH;0.584
166.50	167.00	HETH;0.741
178.00	178.25	HETH;0.612
181.00	181.75	HETH;0.864
184.75	185.00	HETH;0.575
191.25	191.50	HETH;0.627
193.50	194.00	HETH;0.601
233.50	234.00	HETH;0.746
246.75	247.00	HETH;0.535
299.25	300.00	HETH;0.884
98.25	98.75	LISP;0.524
228.50	228.75	LISP;0.583
128.75	129.00	MGWA;0.582
8.25	8.75	MOCH;0.626
26.25	26.75	MOCH;0.872
60.00	61.50	MOCH;0.809
86.50	86.75	MOCH;0.505
100.00	100.50	MOCH;0.651
104.00	104.50	MOCH;0.629
149.50	149.75	MOCH;0.620
164.25	164.75	MOCH;0.787
166.50	167.50	MOCH;0.615
172.75	173.50	MOCH;0.714
191.00	191.75	MOCH;0.734
210.25	210.75	MOCH;0.791
233.50	233.75	MOCH;0.584
299.50	299.75	MOCH;0.564
49.50	49.75	PIGR;0.695
96.50	96.75	RUBL;0.543
175.50	175.75	RUBL;0.519
36.25	36.50	SBDO;0.703
14.75	15.25	SOSA;0.715
28.25	28.50	SOSA;0.559
69.75	70.00	SOSA;0.598
97.75	98.25	SOSA;0.535
256.25	256.50	SOSA;0.513
183.75	184.25	SWSP;0.577
2.75	3.00	VATH;0.608
18.00	18.75	VATH;0.845
28.75	29.00	VATH;0.769
40.50	41.00	VATH;0.823
42.00	42.25	VATH;0.583
54.50	55.75	VATH;0.992
92.75	93.75	VATH;0.872
106.25	107.00	VATH;0.668
111.50	112.50	VATH;0.978
115.25	115.75	VATH;0.759
121.75	122.25	VATH;0.807
130.25	130.75	VATH;0.588
148.25	149.00	VATH;0.639
150.25	150.75	VATH;0.754
151.50	152.50	VATH;0.975
159.25	159.75	VATH;0.803
165.00	165.25	VATH;0.595
177.25	178.00	VATH;0.919
183.00	183.75	VATH;0.937
194.00	194.50	VATH;0.761
205.25	205.75	VATH;0.741
226.25	226.75	VATH;0.736
249.75	250.25	VATH;0.666
257.00	257.75	VATH;0.945
270.00	270.75	VATH;0.922
293.25	293.50	VATH;0.583
112.75	113.25	VESP;0.729
204.75	205.00	WCSP;0.568
217.75	219.25	WCSP;0.990
224.00	224.25	WCSP;0.522
229.50	231.00	WCSP;0.988
241.50	243.00	WCSP;0.991
253.00	253.75	WCSP;0.938
264.00	265.00	WCSP;0.975
274.50	275.75	WCSP;0.938
281.25	282.75	WCSP;0.943
183.75	184.25	WIWA;0.817
214.50	215.25	WIWA;0.964
225.75	226.25	WIWA;0.860
235.25	236.50	WIWA;0.994
243.75	244.75	WIWA;0.992
253.75	254.75	WIWA;0.990
265.00	266.00	WIWA;0.991
278.00	279.00	WIWA;0.995
290.50	292.00	WIWA;0.992
5.25	6.00	WTSP;0.870
7.50	7.75	WTSP;0.663
11.25	11.50	WTSP;0.676
13.25	15.00	WTSP;0.965
20.25	21.00	WTSP;0.887
22.75	26.00	WTSP;0.995
32.50	35.00	WTSP;0.990
45.25	47.75	WTSP;0.990
55.00	57.75	WTSP;0.995
60.25	60.50	WTSP;0.726
61.25	66.00	WTSP;0.993
67.25	68.75	WTSP;0.923
71.25	75.25	WTSP;0.996
81.25	82.75	WTSP;0.931
87.50	90.75	WTSP;0.994
102.25	104.75	WTSP;0.984
117.25	120.00	WTSP;0.987
130.25	130.75	WTSP;0.686
134.00	137.00	WTSP;0.990
149.25	149.50	WTSP;0.670
152.50	155.00	WTSP;0.992
171.00	173.25	WTSP;0.960
176.00	177.25	WTSP;0.933
185.25	190.00	WTSP;0.991
200.75	204.25	WTSP;0.992
205.75	207.00	WTSP;0.963
213.00	216.00	WTSP;0.989
224.50	226.00	WTSP;0.997
226.25	227.75	WTSP;0.918
236.50	239.50	WTSP;0.992
241.50	241.75	WTSP;0.657
248.00	251.75	WTSP;0.989
252.50	253.25	WTSP;0.748
259.25	263.00	WTSP;0.998
266.25	267.75	WTSP;0.921
270.75	274.75	WTSP;0.994
277.25	278.00	WTSP;0.911
279.00	281.75	WTSP;0.981
282.50	285.25	WTSP;0.995
294.00	297.00	WTSP;0.994
256.25	256.50	YRWA;0.579
