9.25	9.75	AMRO;0.751
53.25	59.00	AMRO;0.984
72.00	72.75	AMRO;0.791
192.50	192.75	AMRO;0.658
193.00	193.50	AMRO;0.762
198.25	202.00	AMRO;0.983
208.00	212.75	AMRO;0.959
214.00	215.00	AMRO;0.884
218.50	222.00	AMRO;0.977
225.00	225.50	AMRO;0.685
226.00	227.25	AMRO;0.906
231.50	233.50	AMRO;0.982
238.75	240.00	AMRO;0.926
244.75	247.25	AMRO;0.983
250.00	251.75	AMRO;0.868
252.00	252.50	AMRO;0.737
256.25	259.50	AMRO;0.991
264.25	268.75	AMRO;0.941
271.00	274.25	AMRO;0.978
278.50	280.25	AMRO;0.974
285.50	287.50	AMRO;0.962
292.00	294.25	AMRO;0.866
298.50	300.00	AMRO;0.926
294.00	295.00	BHGR;0.924
247.75	248.00	FISP;0.510
5.25	6.75	FOSP;0.717
7.25	7.50	FOSP;0.534
12.50	13.50	FOSP;0.703
18.00	19.25	FOSP;0.952
32.25	33.00	FOSP;0.736
38.00	38.50	FOSP;0.561
51.75	52.75	FOSP;0.809
62.00	62.25	FOSP;0.583
63.00	63.50	FOSP;0.650
74.00	75.75	FOSP;0.984
80.50	80.75	FOSP;0.566
88.25	88.75	FOSP;0.601
93.25	93.75	FOSP;0.661
96.25	97.75	FOSP;0.952
128.50	129.25	FOSP;0.622
129.50	129.75	FOSP;0.516
140.75	141.00	FOSP;0.509
152.50	154.25	FOSP;0.949
164.25	166.00	FOSP;0.987
174.25	175.50	FOSP;0.887
183.00	183.50	FOSP;0.563
188.00	188.75	FOSP;0.878
193.50	194.75	FOSP;0.809
203.25	204.75	FOSP;0.949
215.50	216.50	FOSP;0.677
237.00	238.75	FOSP;0.959
263.50	264.75	FOSP;0.741
277.75	278.00	FOSP;0.550
291.00	292.00	FOSP;0.864
31.25	32.00	GCSP;0.736
83.25	83.75	GCSP;0.628
106.50	107.00	GCSP;0.569
30.00	30.25	HETH;0.628
92.25	92.50	HOLA;0.739
158.00	158.25	LISP;0.570
187.25	187.75	LTJA;0.616
247.25	247.50	MAMU;0.577
274.00	274.50	MAMU;0.810
229.75	230.00	PUFI;0.647
192.50	193.50	RBGR;0.724
225.25	225.50	RBGR;0.518
256.50	256.75	RBGR;0.517
278.50	279.00	RBGR;0.592
299.25	299.75	RBGR;0.583
14.00	14.25	RUTU;0.544
68.00	68.50	RUTU;0.704
87.00	87.25	SAPH;0.638
67.50	68.00	SATH;0.594
246.25	247.00	SATH;0.758
0.75	1.00	SBDO;0.674
68.25	68.50	SBDO;0.739
120.25	120.50	SBDO;0.616
164.25	164.50	SNBU;0.599
170.25	170.50	SNBU;0.634
113.75	114.00	SOSA;0.577
133.50	133.75	SOSA;0.643
210.75	211.00	SOSA;0.504
214.50	214.75	SUTA;0.589
227.00	227.25	SUTA;0.632
239.50	240.00	SUTA;0.680
267.25	267.75	SUTA;0.599
286.50	287.00	SUTA;0.623
292.50	293.00	SUTA;0.668
189.00	189.25	SWSP;0.573
238.50	238.75	TOSO;0.576
51.25	51.75	VESP;0.695
75.25	76.00	VESP;0.753
97.25	97.75	VESP;0.612
136.50	136.75	VESP;0.579
140.50	140.75	VESP;0.524
204.75	205.00	VESP;0.530
0.25	1.00	WCSP;0.856
7.00	7.75	WCSP;0.898
10.50	11.75	WCSP;0.976
13.00	13.50	WCSP;0.743
19.00	20.00	WCSP;0.992
22.25	24.00	WCSP;0.991
25.75	26.50	WCSP;0.812
31.50	32.00	WCSP;0.780
32.75	34.50	WCSP;0.994
38.00	38.75	WCSP;0.764
39.25	41.50	WCSP;0.962
42.25	44.25	WCSP;0.994
54.75	56.25	WCSP;0.991
57.75	59.00	WCSP;0.940
63.50	63.75	WCSP;0.661
65.50	67.00	WCSP;0.996
84.25	85.00	WCSP;0.739
93.50	93.75	WCSP;0.734
94.25	94.75	WCSP;0.698
99.00	100.75	WCSP;0.993
104.75	105.75	WCSP;0.860
109.50	111.00	WCSP;0.980
111.50	111.75	WCSP;0.676
117.00	119.50	WCSP;0.993
123.00	124.75	WCSP;0.937
125.50	127.50	WCSP;0.963
129.00	130.00	WCSP;0.810
133.00	133.75	WCSP;0.859
135.50	136.25	WCSP;0.841
136.50	137.75	WCSP;0.994
138.50	140.75	WCSP;0.982
144.00	144.75	WCSP;0.809
150.00	152.00	WCSP;0.989
155.50	156.25	WCSP;0.788
162.00	163.75	WCSP;0.877
166.00	166.25	WCSP;0.805
175.25	178.50	WCSP;0.994
182.50	185.25	WCSP;0.994
190.00	193.25	WCSP;0.995
194.25	196.00	WCSP;0.997
197.50	200.50	WCSP;0.992
206.00	208.75	WCSP;0.983
214.00	214.50	WCSP;0.732
216.00	217.50	WCSP;0.987
222.00	222.25	WCSP;0.677
223.00	226.00	WCSP;0.987
230.50	232.00	WCSP;0.980
233.50	235.00	WCSP;0.993
240.50	245.25	WCSP;0.995
249.50	254.00	WCSP;0.995
255.00	256.00	WCSP;0.926
257.75	258.25	WCSP;0.823
260.25	262.50	WCSP;0.996
268.75	270.50	WCSP;0.990
276.50	279.00	WCSP;0.977
280.00	282.75	WCSP;0.992
284.50	285.75	WCSP;0.967
289.00	291.50	WCSP;0.991
296.00	296.50	WCSP;0.861
297.00	298.25	WCSP;0.892
1.50	2.75	WIWA;0.994
11.50	12.50	WIWA;0.985
20.25	21.50	WIWA;0.985
28.25	29.75	WIWA;0.989
36.50	37.75	WIWA;0.980
45.00	46.50	WIWA;0.993
53.50	54.75	WIWA;0.950
62.00	63.00	WIWA;0.988
78.50	79.75	WIWA;0.992
87.25	88.25	WIWA;0.972
115.50	116.75	WIWA;0.960
4.00	5.00	WTSP;0.903
6.50	7.00	WTSP;0.696
10.50	10.75	WTSP;0.709
14.25	17.75	WTSP;0.985
25.25	27.75	WTSP;0.960
34.50	36.25	WTSP;0.982
39.25	40.25	WTSP;0.757
42.50	42.75	WTSP;0.664
47.00	49.75	WTSP;0.924
50.00	50.25	WTSP;0.662
59.00	61.25	WTSP;0.993
68.75	71.50	WTSP;0.983
80.50	84.50	WTSP;0.992
90.25	91.50	WTSP;0.843
94.00	96.00	WTSP;0.882
104.75	105.25	WTSP;0.712
105.50	107.00	WTSP;0.955
111.00	112.50	WTSP;0.720
114.25	114.50	WTSP;0.700
120.75	121.50	WTSP;0.817
122.25	123.00	WTSP;0.792
125.75	126.25	WTSP;0.694
130.00	132.50	WTSP;0.994
138.25	138.75	WTSP;0.774
142.00	144.50	WTSP;0.972
147.75	149.25	WTSP;0.884
150.25	150.75	WTSP;0.706
155.25	157.50	WTSP;0.935
167.00	170.00	WTSP;0.996
176.00	176.75	WTSP;0.775
179.50	182.50	WTSP;0.994
190.00	190.25	WTSP;0.677
196.25	197.00	WTSP;0.793
206.00	206.50	WTSP;0.714
213.00	214.50	WTSP;0.816
223.00	223.50	WTSP;0.779
240.25	240.75	WTSP;0.753
249.50	249.75	WTSP;0.686
259.75	260.00	WTSP;0.671
269.00	269.25	WTSP;0.716
270.00	271.75	WTSP;0.948
280.25	280.50	WTSP;0.682
287.25	288.50	WTSP;0.870
297.00	297.50	WTSP;0.793
