2.50	3.25	AMRO;0.825
34.25	35.00	AMRO;0.972
218.00	218.75	AMRO;0.966
223.50	223.75	AMRO;0.567
228.00	229.00	AMRO;0.964
245.00	245.75	AMRO;0.962
251.00	251.50	AMRO;0.553
266.25	267.00	AMRO;0.956
45.50	45.75	ATSP;0.556
284.00	284.25	ATSP;0.668
250.50	251.00	BBPL;0.873
16.00	16.50	BCCH;0.566
267.50	268.00	BCCH;0.586
84.00	84.50	BEWR;0.517
51.00	51.25	BOWA;0.571
295.75	296.00	BRCR;0.719
201.25	201.75	CEDW;0.781
171.00	171.50	CHSP;0.712
276.25	276.50	CHSP;0.548
284.00	284.25	CHSP;0.801
84.00	84.75	DEJU;0.728
176.25	177.00	DEJU;0.990
186.25	187.00	DEJU;0.951
192.25	193.00	DEJU;0.711
81.25	81.75	EAME;0.706
184.25	184.50	EAME;0.512
205.50	206.00	EAME;0.594
76.50	76.75	EVGR;0.562
226.00	226.25	EVGR;0.543
236.00	236.25	FISP;0.643
24.75	25.75	FOSP;0.837
37.25	37.75	FOSP;0.724
48.50	49.50	FOSP;0.727
65.75	66.75	FOSP;0.700
81.25	82.00	FOSP;0.875
90.00	91.25	FOSP;0.927
105.75	106.75	FOSP;0.880
171.00	171.25	FOSP;0.633
189.00	189.75	FOSP;0.924
198.25	199.00	FOSP;0.931
206.00	207.25	FOSP;0.658
217.25	217.50	FOSP;0.506
226.00	226.50	FOSP;0.757
234.75	236.00	FOSP;0.772
271.50	273.25	FOSP;0.949
281.50	282.50	FOSP;0.865
287.00	290.00	FOSP;0.986
221.25	222.75	GCSP;0.752
16.25	16.50	HETH;0.515
71.25	71.50	HETH;0.629
250.75	251.00	HETH;0.553
267.50	268.00	HETH;0.797
3.25	3.50	HOFI;0.515
105.25	105.50	HOFI;0.602
185.00	185.25	HOFI;0.508
188.50	188.75	HOFI;0.511
249.50	250.00	HOFI;0.599
196.50	197.00	HOLA;0.670
178.00	178.25	LARB;0.596
60.00	61.25	LISP;0.889
85.00	86.00	LISP;0.749
96.75	97.00	LISP;0.602
123.75	125.00	LISP;0.952
135.75	137.00	LISP;0.698
146.75	148.25	LISP;0.783
151.50	152.00	LISP;0.623
162.50	163.75	LISP;0.798
173.00	173.75	LISP;0.833
177.50	178.25	LISP;0.729
190.75	192.00	LISP;0.957
213.00	213.50	LISP;0.647
244.75	245.00	LISP;0.586
256.75	257.25	LISP;0.602
270.75	271.25	LISP;0.571
284.50	284.75	LISP;0.630
298.25	299.00	LISP;0.879
277.25	277.50	MAMU;0.564
203.25	203.50	OCWA;0.564
30.25	30.75	PIGR;0.910
48.25	48.50	PIGR;0.647
65.25	65.50	PIGR;0.558
294.75	295.00	PIGR;0.721
158.00	159.25	PISI;0.996
166.00	166.50	PISI;0.746
241.25	241.75	PISI;0.652
199.00	199.50	RBGR;0.541
12.75	13.00	SAPH;0.900
269.00	269.50	SAVS;0.655
295.00	296.00	SAVS;0.683
297.75	298.25	SAVS;0.764
36.25	37.00	SNBU;0.666
75.75	76.00	SNBU;0.707
76.25	76.75	SNBU;0.874
137.50	138.00	SNBU;0.850
216.25	216.50	SNBU;0.543
225.00	225.25	SNBU;0.536
10.50	10.75	SOSA;0.560
113.75	114.00	SOSP;0.616
149.75	150.25	SOSP;0.732
268.00	268.50	SOSP;0.563
278.50	278.75	SOSP;0.504
247.50	248.00	SWTH;0.982
254.00	254.50	SWTH;0.942
259.00	259.25	SWTH;0.529
262.25	262.75	SWTH;0.896
264.75	265.00	SWTH;0.656
275.00	275.25	SWTH;0.690
279.25	279.50	SWTH;0.856
281.25	281.50	SWTH;0.502
285.25	285.75	SWTH;0.914
296.25	296.50	SWTH;0.585
89.50	89.75	VESP;0.542
1.75	2.25	WCSP;0.758
5.75	6.75	WCSP;0.786
14.50	15.00	WCSP;0.719
16.25	17.00	WCSP;0.823
26.00	26.75	WCSP;0.830
28.25	29.75	WCSP;0.938
48.75	49.75	WCSP;0.939
62.50	63.00	WCSP;0.812
103.00	105.00	WCSP;0.997
114.50	116.75	WCSP;0.996
131.25	132.75	WCSP;0.966
153.75	156.00	WCSP;0.997
160.25	161.50	WCSP;0.991
163.75	164.25	WCSP;0.676
170.00	170.50	WCSP;0.741
183.75	184.25	WCSP;0.768
193.75	194.50	WCSP;0.843
199.25	199.50	WCSP;0.690
206.25	207.25	WCSP;0.749
208.25	208.75	WCSP;0.731
209.25	209.75	WCSP;0.723
231.25	232.75	WCSP;0.936
239.50	240.50	WCSP;0.927
260.00	261.00	WCSP;0.924
290.75	292.75	WCSP;0.995
275.50	275.75	WEFL;0.848
148.50	148.75	WEME;0.650
228.00	228.25	WIFL;0.695
5.50	7.00	WTSP;0.892
26.50	27.50	WTSP;0.676
40.25	42.25	WTSP;0.981
52.25	54.75	WTSP;0.993
92.25	92.50	WTSP;0.555
193.50	194.25	WTSP;0.632
208.25	209.00	WTSP;0.733
222.00	223.75	WTSP;0.907
231.00	232.00	WTSP;0.843
240.00	240.25	WTSP;0.553
242.75	243.50	WTSP;0.916
251.50	252.50	WTSP;0.743
254.75	255.75	WTSP;0.624
261.00	261.75	WTSP;0.862
18.50	19.75	YRWA;0.993
37.75	38.75	YRWA;0.976
