0.50	1.00	AMRO;0.647
7.00	8.50	AMRO;0.756
16.25	16.50	AMRO;0.658
20.75	22.00	AMRO;0.735
36.75	37.50	AMRO;0.595
39.00	39.75	AMRO;0.733
68.25	70.00	AMRO;0.741
74.00	74.75	AMRO;0.663
84.25	85.50	AMRO;0.672
89.00	90.25	AMRO;0.956
93.50	94.00	AMRO;0.637
99.25	100.25	AMRO;0.605
107.50	109.25	AMRO;0.746
118.00	118.75	AMRO;0.632
138.75	140.00	AMRO;0.729
140.25	141.00	AMRO;0.597
147.25	147.75	AMRO;0.700
152.25	153.00	AMRO;0.732
155.50	156.00	AMRO;0.590
169.25	170.00	AMRO;0.808
174.25	174.50	AMRO;0.509
182.25	182.75	AMRO;0.602
190.75	191.00	AMRO;0.538
199.00	199.50	AMRO;0.642
218.50	219.00	AMRO;0.626
219.50	220.00	AMRO;0.620
223.00	224.00	AMRO;0.954
230.75	231.75	AMRO;0.806
237.25	238.25	AMRO;0.901
249.00	249.75	AMRO;0.690
253.50	253.75	AMRO;0.530
264.50	264.75	AMRO;0.527
280.50	281.75	AMRO;0.758
287.00	287.75	AMRO;0.699
294.00	295.00	AMRO;0.850
298.25	299.50	AMRO;0.886
189.00	189.50	AMWI;0.579
55.25	55.50	ATSP;0.552
56.50	56.75	ATSP;0.907
123.00	123.25	BAOR;0.577
162.50	163.00	BBPL;0.529
210.25	210.75	BBPL;0.650
183.25	183.75	BHGR;0.660
6.00	6.25	CHSP;0.753
20.25	22.00	CHSP;0.870
23.00	23.25	CHSP;0.678
32.00	33.25	CHSP;0.854
40.00	40.50	CHSP;0.799
55.25	55.50	CHSP;0.942
56.50	56.75	CHSP;0.696
65.50	67.75	CHSP;0.828
87.00	88.75	CHSP;0.896
94.75	95.75	CHSP;0.820
97.75	99.75	CHSP;0.968
108.50	110.50	CHSP;0.992
119.25	120.75	CHSP;0.912
124.00	125.75	CHSP;0.944
130.25	130.75	CHSP;0.679
138.75	140.75	CHSP;0.984
148.75	150.75	CHSP;0.979
153.50	154.25	CHSP;0.984
159.75	162.50	CHSP;0.986
165.00	167.75	CHSP;0.995
168.00	168.75	CHSP;0.987
169.50	170.25	CHSP;0.956
174.00	175.25	CHSP;0.866
208.00	208.50	CHSP;0.799
251.00	251.50	CHSP;0.750
266.00	269.75	CHSP;0.960
277.25	278.75	CHSP;0.836
292.00	293.00	CHSP;0.758
293.50	293.75	CHSP;0.665
17.50	17.75	COMU;0.527
100.00	100.50	COMU;0.787
104.50	105.00	COMU;0.616
188.25	188.50	COMU;0.550
214.50	215.50	COMU;0.683
219.50	220.00	COMU;0.685
21.25	21.75	DEJU;0.567
32.25	33.25	DEJU;0.737
65.25	65.75	DEJU;0.670
95.00	95.50	DEJU;0.560
125.00	125.75	DEJU;0.714
235.00	235.50	DEJU;0.629
204.00	204.25	EABL;0.507
253.50	253.75	EABL;0.617
276.75	277.00	EABL;0.509
14.00	14.75	FOSP;0.984
25.25	27.75	FOSP;0.963
30.00	31.50	FOSP;0.986
42.75	46.25	FOSP;0.996
61.75	63.50	FOSP;0.985
72.25	73.50	FOSP;0.859
79.00	80.75	FOSP;0.987
95.75	97.25	FOSP;0.991
112.25	113.75	FOSP;0.988
115.50	118.00	FOSP;0.989
128.50	130.00	FOSP;0.990
135.75	137.50	FOSP;0.991
145.00	146.50	FOSP;0.994
157.50	159.00	FOSP;0.980
163.00	164.50	FOSP;0.879
179.50	181.75	FOSP;0.979
194.00	195.00	FOSP;0.984
205.75	207.75	FOSP;0.988
210.50	212.00	FOSP;0.980
222.25	222.75	FOSP;0.894
226.50	227.75	FOSP;0.969
232.00	234.25	FOSP;0.987
241.50	243.00	FOSP;0.972
256.00	256.50	FOSP;0.828
257.00	258.25	FOSP;0.926
264.75	265.75	FOSP;0.818
272.50	273.25	FOSP;0.771
282.75	284.75	FOSP;0.984
288.25	289.50	FOSP;0.980
40.00	40.25	GCSP;0.561
153.75	154.00	GCSP;0.563
259.75	260.25	GWTE;0.700
13.75	14.00	HETH;0.727
30.00	30.25	HETH;0.547
128.50	128.75	HETH;0.515
179.25	179.50	HETH;0.674
193.75	194.25	HETH;0.808
68.50	68.75	MOCH;0.523
164.25	164.50	PUFI;0.501
258.00	258.50	PUFI;0.706
155.25	155.75	RBGR;0.554
15.00	15.25	REVI;0.612
159.50	159.75	SATH;0.607
259.25	259.75	SATH;0.556
84.25	84.75	SBDO;0.691
237.25	237.50	SBDO;0.659
246.25	246.75	SBDO;0.661
277.00	278.75	SEOW;0.835
292.25	294.00	SEOW;0.895
72.50	72.75	SNBU;0.621
134.75	135.25	SWSP;0.596
114.25	114.75	VATH;0.649
178.25	178.50	VATH;0.650
245.25	245.75	VATH;0.582
270.00	270.25	VATH;0.552
95.75	96.00	VESP;0.510
3.50	5.50	WCSP;0.978
14.50	15.00	WCSP;0.712
31.00	31.25	WCSP;0.516
96.75	97.25	WCSP;0.680
113.00	113.75	WCSP;0.737
146.00	146.50	WCSP;0.675
211.00	211.50	WCSP;0.574
222.25	223.00	WCSP;0.728
242.25	242.50	WCSP;0.569
265.00	265.50	WCSP;0.716
283.50	283.75	WCSP;0.572
288.75	289.50	WCSP;0.792
6.00	6.25	WEFL;0.505
24.00	24.25	WEFL;0.577
40.00	40.25	WEFL;0.500
55.25	55.50	WEFL;0.614
270.00	270.25	WEWP;0.583
8.50	9.50	WIWA;0.889
22.25	23.50	WIWA;0.987
36.00	37.25	WIWA;0.995
46.25	47.50	WIWA;0.993
60.00	61.00	WIWA;0.972
75.75	76.75	WIWA;0.990
91.50	93.00	WIWA;0.995
105.50	106.75	WIWA;0.996
134.75	135.75	WIWA;0.945
151.50	152.50	WIWA;0.988
163.00	163.75	WIWA;0.825
194.75	195.75	WIWA;0.948
212.50	213.75	WIWA;0.990
227.50	228.50	WIWA;0.995
238.00	239.25	WIWA;0.990
256.50	257.50	WIWA;0.995
272.50	274.00	WIWA;0.986
285.00	286.50	WIWA;0.993
296.50	298.00	WIWA;0.996
2.25	4.00	WTSP;0.962
9.50	12.00	WTSP;0.985
15.25	17.25	WTSP;0.973
33.75	36.00	WTSP;0.992
49.00	54.25	WTSP;0.996
58.50	61.75	WTSP;0.985
67.75	69.50	WTSP;0.925
70.75	71.75	WTSP;0.951
76.75	79.00	WTSP;0.990
85.00	88.25	WTSP;0.974
100.75	102.25	WTSP;0.947
106.75	107.75	WTSP;0.935
110.50	111.25	WTSP;0.887
119.75	123.00	WTSP;0.989
133.25	133.50	WTSP;0.684
134.00	134.75	WTSP;0.848
142.50	145.25	WTSP;0.992
153.00	154.75	WTSP;0.915
171.25	172.25	WTSP;0.818
182.00	185.50	WTSP;0.989
197.25	200.25	WTSP;0.992
217.25	219.50	WTSP;0.988
