3.50	4.00	AMRO;0.742
5.00	7.00	AMRO;0.968
7.75	9.50	AMRO;0.985
11.00	12.75	AMRO;0.993
13.75	15.50	AMRO;0.962
20.50	22.50	AMRO;0.964
23.25	25.25	AMRO;0.960
25.75	27.00	AMRO;0.983
30.00	31.00	AMRO;0.891
32.00	32.75	AMRO;0.743
33.00	34.50	AMRO;0.974
36.25	39.75	AMRO;0.915
40.25	41.75	AMRO;0.869
43.25	44.75	AMRO;0.849
48.50	49.75	AMRO;0.911
53.50	54.75	AMRO;0.793
55.00	55.75	AMRO;0.719
56.25	59.50	AMRO;0.955
69.00	69.50	AMRO;0.741
71.00	71.25	AMRO;0.659
72.00	73.75	AMRO;0.852
74.25	76.50	AMRO;0.996
78.75	80.75	AMRO;0.985
83.50	86.00	AMRO;0.971
93.25	94.25	AMRO;0.859
97.25	98.75	AMRO;0.951
100.00	102.25	AMRO;0.990
106.75	107.25	AMRO;0.745
109.75	113.50	AMRO;0.991
119.50	121.00	AMRO;0.891
123.50	124.25	AMRO;0.739
126.75	127.00	AMRO;0.707
127.25	127.50	AMRO;0.665
128.75	130.00	AMRO;0.835
134.50	135.00	AMRO;0.718
137.75	139.25	AMRO;0.980
143.25	143.50	AMRO;0.660
146.00	146.75	AMRO;0.875
151.00	152.50	AMRO;0.897
152.75	158.25	AMRO;0.881
165.75	166.75	AMRO;0.762
167.25	167.50	AMRO;0.657
167.75	168.75	AMRO;0.812
178.00	179.25	AMRO;0.882
180.50	181.75	AMRO;0.843
182.00	182.50	AMRO;0.689
186.00	187.75	AMRO;0.858
189.25	190.25	AMRO;0.749
196.00	197.50	AMRO;0.887
202.25	202.75	AMRO;0.718
206.00	207.25	AMRO;0.946
209.00	210.25	AMRO;0.955
212.50	213.25	AMRO;0.713
214.75	216.00	AMRO;0.887
218.00	219.25	AMRO;0.801
221.50	221.75	AMRO;0.674
229.25	230.00	AMRO;0.859
231.25	231.75	AMRO;0.734
234.00	234.50	AMRO;0.757
238.50	241.25	AMRO;0.874
243.75	244.75	AMRO;0.763
248.00	248.50	AMRO;0.698
252.50	252.75	AMRO;0.687
254.50	255.25	AMRO;0.702
257.50	261.25	AMRO;0.890
262.00	264.75	AMRO;0.992
270.00	271.50	AMRO;0.774
272.25	272.75	AMRO;0.708
275.00	275.75	AMRO;0.793
281.00	283.00	AMRO;0.856
284.75	286.50	AMRO;0.911
289.25	290.25	AMRO;0.904
225.50	225.75	BBPL;0.552
89.25	89.50	BHGR;0.523
268.25	268.75	BHGR;0.705
180.25	180.50	BRSP;0.532
130.75	131.25	CCSP;0.709
137.00	137.50	CCSP;0.695
21.25	22.00	CHSP;0.705
41.25	42.00	CHSP;0.713
57.50	58.00	CHSP;0.600
77.00	77.75	CHSP;0.625
78.00	78.25	CHSP;0.585
82.50	84.50	CHSP;0.884
95.75	97.50	CHSP;0.877
109.50	110.00	CHSP;0.618
115.00	115.75	CHSP;0.791
127.50	129.50	CHSP;0.986
135.25	137.00	CHSP;0.889
144.00	144.50	CHSP;0.671
153.75	154.50	CHSP;0.598
160.50	161.00	CHSP;0.622
194.25	194.75	CHSP;0.592
210.00	211.00	CHSP;0.899
223.50	224.00	CHSP;0.654
230.00	231.00	CHSP;0.875
236.00	238.00	CHSP;0.734
242.00	243.75	CHSP;0.887
254.25	255.75	CHSP;0.904
260.50	262.00	CHSP;0.793
271.75	272.75	CHSP;0.579
290.25	291.25	CHSP;0.890
0.00	0.50	DEJU;0.633
6.75	8.25	DEJU;0.933
41.25	42.25	DEJU;0.685
77.00	77.75	DEJU;0.635
78.00	78.50	DEJU;0.654
97.00	97.25	DEJU;0.533
103.25	103.75	DEJU;0.641
147.25	148.00	DEJU;0.880
154.25	154.75	DEJU;0.578
160.75	161.25	DEJU;0.805
168.50	168.75	DEJU;0.556
243.25	243.75	DEJU;0.520
261.25	261.50	DEJU;0.506
272.50	272.75	DEJU;0.583
284.00	285.00	DEJU;0.881
124.00	124.50	DUNL;0.613
129.50	129.75	EABL;0.528
162.00	162.50	EAME;0.752
297.25	297.75	EATO;0.647
228.25	228.50	FISP;0.554
250.25	250.50	FISP;0.511
1.25	3.50	FOSP;0.987
16.00	18.50	FOSP;0.994
31.25	33.50	FOSP;0.964
46.50	48.75	FOSP;0.970
51.00	53.00	FOSP;0.961
65.25	67.25	FOSP;0.979
86.25	88.25	FOSP;0.982
104.75	106.50	FOSP;0.900
116.25	118.00	FOSP;0.993
121.75	123.50	FOSP;0.941
140.75	142.50	FOSP;0.985
158.25	158.75	FOSP;0.687
159.00	159.75	FOSP;0.938
169.50	171.00	FOSP;0.961
173.00	175.00	FOSP;0.996
191.00	193.00	FOSP;0.988
204.25	205.75	FOSP;0.994
220.00	221.00	FOSP;0.991
233.00	234.00	FOSP;0.902
250.00	251.75	FOSP;0.922
265.25	267.00	FOSP;0.981
277.75	280.75	FOSP;0.970
292.00	294.00	FOSP;0.995
296.00	297.75	FOSP;0.990
240.25	240.50	GWTE;0.565
28.00	28.50	HASP;0.521
42.50	43.25	HASP;0.690
134.25	134.75	HETH;0.727
295.25	295.75	KILL;0.573
297.50	297.75	LASP;0.521
226.50	227.00	MOCH;0.606
279.50	279.75	OROR;0.639
18.75	19.00	RBGR;0.502
132.25	132.75	RBGR;0.599
88.25	89.00	RCKI;0.697
157.00	157.75	RUGR;0.557
160.00	160.50	RUTU;0.778
214.25	214.50	RWBL;0.525
3.75	4.00	SATH;0.609
9.50	10.00	SATH;0.559
36.25	37.00	SATH;0.753
93.25	93.50	SATH;0.510
94.50	95.00	SATH;0.560
104.00	104.50	SATH;0.686
115.75	116.00	SATH;0.527
118.25	119.00	SATH;0.735
127.00	127.75	SATH;0.797
143.25	143.50	SATH;0.504
148.25	149.25	SATH;0.665
171.50	172.00	SATH;0.695
181.50	181.75	SATH;0.505
213.75	214.00	SATH;0.505
223.00	223.75	SATH;0.883
252.25	252.50	SATH;0.532
269.00	269.50	SATH;0.573
285.25	285.75	SATH;0.674
160.00	160.50	SBDO;0.851
39.50	40.25	SEOW;0.720
143.75	144.00	SEOW;0.510
105.50	105.75	SNBU;0.646
25.00	25.75	TOSO;0.664
27.00	27.75	TOSO;0.708
37.25	37.75	TOSO;0.635
202.00	202.75	TOSO;0.667
269.50	269.75	TOSO;0.568
285.50	285.75	TOSO;0.510
142.00	142.75	VESP;0.897
10.75	11.00	WCSP;0.704
28.25	28.50	WCSP;0.505
42.50	42.75	WCSP;0.522
50.00	50.75	WCSP;0.739
61.75	62.50	WCSP;0.848
64.50	64.75	WCSP;0.502
71.00	71.75	WCSP;0.734
80.75	82.00	WCSP;0.982
113.75	114.25	WCSP;0.630
126.00	126.50	WCSP;0.672
130.50	130.75	WCSP;0.597
134.50	135.00	WCSP;0.529
145.25	146.50	WCSP;0.869
153.00	153.50	WCSP;0.610
164.00	165.00	WCSP;0.886
170.50	171.00	WCSP;0.736
176.00	177.50	WCSP;0.907
183.00	184.25	WCSP;0.946
187.25	188.50	WCSP;0.926
200.00	201.75	WCSP;0.965
211.50	212.25	WCSP;0.697
216.25	217.25	WCSP;0.958
218.50	218.75	WCSP;0.602
219.25	219.75	WCSP;0.612
224.50	225.25	WCSP;0.544
232.00	233.00	WCSP;0.988
234.25	234.75	WCSP;0.587
241.25	241.75	WCSP;0.841
283.25	283.50	WCSP;0.519
299.25	300.00	WCSP;0.827
212.50	212.75	WILL;0.557
60.50	61.25	WTPT;0.631
62.50	64.00	WTPT;0.946
67.25	67.75	WTPT;0.713
68.00	68.75	WTPT;0.730
4.25	5.00	WTSP;0.750
12.50	14.25	WTSP;0.958
22.50	24.25	WTSP;0.834
108.00	109.50	WTSP;0.944
189.25	190.00	WTSP;0.563
198.75	200.00	WTSP;0.863
217.00	218.25	WTSP;0.945
226.25	227.75	WTSP;0.809
228.25	228.50	WTSP;0.531
239.25	239.75	WTSP;0.711
247.00	249.00	WTSP;0.944
255.75	258.75	WTSP;0.937
274.25	274.50	WTSP;0.590
288.50	289.00	WTSP;0.567
299.00	299.75	WTSP;0.704
