52.75	53.25	AMRO;0.616
60.50	61.00	AMRO;0.603
158.75	159.75	AMRO;0.715
173.50	174.25	AMRO;0.592
199.00	199.50	AMRO;0.736
209.50	209.75	AMRO;0.566
237.50	238.25	AMRO;0.687
247.00	248.00	AMRO;0.787
256.25	256.75	AMRO;0.603
268.75	269.50	AMRO;0.670
270.25	270.50	AMRO;0.509
280.25	280.75	AMRO;0.641
292.00	292.50	AMRO;0.586
292.75	293.25	AMRO;0.528
296.75	298.00	AMRO;0.806
270.25	270.50	BAOR;0.665
250.75	251.00	BTNW;0.522
45.75	46.25	FISP;0.543
125.00	125.50	FISP;0.626
157.25	157.50	FISP;0.518
166.50	166.75	FISP;0.555
284.50	284.75	FISP;0.511
294.50	294.75	FISP;0.579
58.75	60.50	FOSP;0.988
67.75	69.00	FOSP;0.908
77.25	79.25	FOSP;0.989
87.50	88.00	FOSP;0.547
100.50	101.75	FOSP;0.976
109.25	110.75	FOSP;0.822
118.00	120.25	FOSP;0.985
128.25	128.75	FOSP;0.562
136.00	137.50	FOSP;0.943
180.00	180.75	FOSP;0.888
192.50	194.00	FOSP;0.853
202.00	202.75	FOSP;0.860
212.50	213.00	FOSP;0.604
222.00	223.75	FOSP;0.840
231.00	231.50	FOSP;0.713
25.50	25.75	GCSP;0.508
108.50	108.75	GCSP;0.659
244.25	245.00	GCSP;0.727
253.25	254.00	GCSP;0.803
1.75	2.00	HASP;0.587
73.00	73.25	HASP;0.548
117.25	117.50	HASP;0.568
152.25	152.50	HASP;0.515
272.50	272.75	HASP;0.563
263.50	263.75	HETH;0.565
12.50	13.50	LISP;0.697
30.00	31.00	LISP;0.914
50.25	51.00	LISP;0.670
130.00	130.75	LISP;0.621
146.25	147.25	LISP;0.813
275.00	276.00	LISP;0.941
296.00	296.50	LISP;0.552
269.75	270.00	MOCH;0.502
5.50	5.75	SAPH;0.695
228.50	228.75	SAPH;0.831
175.00	175.25	SATH;0.543
286.00	288.50	SATH;0.942
293.25	293.50	SBDO;0.534
75.25	76.25	VATH;0.875
107.00	108.00	VATH;0.945
116.50	117.00	VATH;0.703
279.25	279.75	VATH;0.792
48.50	48.75	VESP;0.558
49.00	49.50	VESP;0.595
110.00	110.75	VESP;0.660
128.00	128.75	VESP;0.738
193.50	193.75	VESP;0.537
212.50	212.75	VESP;0.539
231.50	232.75	VESP;0.815
241.25	242.00	VESP;0.762
251.50	251.75	VESP;0.573
1.25	3.75	WCSP;0.998
8.50	10.75	WCSP;0.995
14.50	18.50	WCSP;0.995
20.25	22.75	WCSP;0.994
26.00	27.00	WCSP;0.983
27.75	29.75	WCSP;0.993
34.00	36.00	WCSP;0.996
40.75	42.75	WCSP;0.995
46.50	47.00	WCSP;0.837
47.75	49.75	WCSP;0.969
53.25	54.00	WCSP;0.998
54.50	58.75	WCSP;0.998
64.00	66.00	WCSP;0.994
69.00	73.25	WCSP;0.999
75.00	75.25	WCSP;0.708
82.25	86.75	WCSP;0.998
92.50	94.25	WCSP;0.996
97.75	100.50	WCSP;0.998
101.75	103.25	WCSP;0.901
108.75	109.75	WCSP;0.996
110.50	110.75	WCSP;0.736
112.00	115.00	WCSP;0.998
117.50	118.25	WCSP;0.838
121.00	124.50	WCSP;0.996
125.25	125.75	WCSP;0.736
126.25	128.00	WCSP;0.915
135.00	136.00	WCSP;0.981
137.25	140.75	WCSP;0.998
143.00	144.00	WCSP;0.975
150.50	152.75	WCSP;0.996
157.50	158.75	WCSP;0.935
161.50	163.00	WCSP;0.994
163.50	163.75	WCSP;0.678
164.00	166.75	WCSP;0.995
169.00	171.00	WCSP;0.986
175.50	180.75	WCSP;0.997
181.00	181.50	WCSP;0.706
184.00	186.50	WCSP;0.997
188.50	192.25	WCSP;0.994
197.00	198.75	WCSP;0.997
202.75	205.50	WCSP;0.995
206.75	208.75	WCSP;0.990
210.50	214.25	WCSP;0.995
216.25	219.75	WCSP;0.995
224.50	226.75	WCSP;0.997
230.75	231.00	WCSP;0.683
232.25	236.00	WCSP;0.971
241.50	243.00	WCSP;0.997
245.00	247.00	WCSP;0.994
249.50	251.75	WCSP;0.990
254.00	256.00	WCSP;0.984
257.00	258.75	WCSP;0.975
263.50	266.75	WCSP;0.990
272.25	274.25	WCSP;0.996
280.75	283.00	WCSP;0.996
289.25	293.00	WCSP;0.995
299.25	300.00	WCSP;0.931
266.50	266.75	WEWP;0.710
1.75	2.00	WTSP;0.687
6.00	9.00	WTSP;0.992
14.50	15.00	WTSP;0.719
16.00	17.00	WTSP;0.876
25.25	25.75	WTSP;0.759
27.00	28.25	WTSP;0.878
35.25	36.75	WTSP;0.983
40.25	41.00	WTSP;0.792
44.25	46.00	WTSP;0.917
51.50	53.00	WTSP;0.903
61.50	64.50	WTSP;0.992
71.00	71.50	WTSP;0.731
74.50	75.50	WTSP;0.789
80.50	81.00	WTSP;0.723
82.50	83.25	WTSP;0.796
89.25	92.75	WTSP;0.990
108.00	108.75	WTSP;0.748
112.00	112.25	WTSP;0.709
113.00	113.75	WTSP;0.778
117.25	118.00	WTSP;0.745
122.50	123.00	WTSP;0.728
126.00	126.25	WTSP;0.664
131.00	135.25	WTSP;0.991
142.00	143.50	WTSP;0.947
144.00	145.75	WTSP;0.895
148.75	151.00	WTSP;0.940
152.75	154.25	WTSP;0.963
158.25	158.75	WTSP;0.688
159.50	162.00	WTSP;0.958
172.00	174.75	WTSP;0.980
175.50	176.00	WTSP;0.773
181.25	184.00	WTSP;0.989
188.25	189.00	WTSP;0.763
199.00	200.00	WTSP;0.950
206.00	207.00	WTSP;0.838
209.75	210.75	WTSP;0.823
213.50	216.75	WTSP;0.966
217.00	217.25	WTSP;0.681
220.25	220.50	WTSP;0.664
233.25	234.00	WTSP;0.771
234.25	235.00	WTSP;0.811
235.50	237.25	WTSP;0.955
244.00	244.50	WTSP;0.750
253.00	253.75	WTSP;0.795
254.00	254.50	WTSP;0.683
263.25	264.00	WTSP;0.769
267.75	268.00	WTSP;0.673
269.50	270.00	WTSP;0.753
270.75	271.25	WTSP;0.768
283.25	285.75	WTSP;0.944
289.50	289.75	WTSP;0.672
293.50	295.25	WTSP;0.947
299.25	299.75	WTSP;0.718
