29.50	29.75	FISP;0.553
285.00	286.00	FOSP;0.882
92.75	93.00	HETH;0.606
3.25	4.00	MOCH;0.676
45.25	46.50	MOCH;0.943
83.00	83.50	MOCH;0.814
90.00	90.75	MOCH;0.759
92.75	93.00	MOCH;0.638
114.75	115.25	MOCH;0.543
119.00	119.75	MOCH;0.743
127.00	127.75	MOCH;0.651
138.75	139.25	MOCH;0.581
160.75	161.50	MOCH;0.697
184.50	185.00	MOCH;0.658
235.75	236.50	MOCH;0.597
248.25	248.75	MOCH;0.711
250.00	250.50	MOCH;0.728
277.50	278.00	MOCH;0.550
272.25	272.75	RUBL;0.919
284.25	284.75	SNBU;0.708
285.00	285.25	SNBU;0.602
0.00	0.75	WCSP;0.956
5.75	8.00	WCSP;0.996
14.25	17.00	WCSP;0.995
23.25	26.00	WCSP;0.993
32.25	34.75	WCSP;0.994
40.25	43.00	WCSP;0.997
50.00	52.25	WCSP;0.988
58.25	61.00	WCSP;0.995
67.25	69.75	WCSP;0.996
77.00	79.25	WCSP;0.992
263.50	263.75	WCSP;0.660
3.00	4.25	WTSP;0.773
17.25	17.50	WTSP;0.659
18.00	19.00	WTSP;0.829
28.25	30.50	WTSP;0.966
35.25	35.75	WTSP;0.661
40.25	41.00	WTSP;0.801
50.00	50.75	WTSP;0.741
58.50	58.75	WTSP;0.658
67.50	68.00	WTSP;0.718
70.00	72.00	WTSP;0.973
76.00	77.50	WTSP;0.740
102.75	103.25	WTSP;0.741
110.75	112.00	WTSP;0.953
114.75	116.75	WTSP;0.974
118.50	120.75	WTSP;0.928
127.25	128.75	WTSP;0.978
130.25	131.50	WTSP;0.954
138.50	139.75	WTSP;0.784
143.00	147.00	WTSP;0.994
149.25	151.75	WTSP;0.982
154.00	157.00	WTSP;0.935
160.50	163.00	WTSP;0.855
165.00	167.25	WTSP;0.994
172.25	174.75	WTSP;0.988
177.50	179.50	WTSP;0.973
184.50	185.00	WTSP;0.714
189.75	191.25	WTSP;0.984
197.25	199.75	WTSP;0.989
211.50	213.50	WTSP;0.983
219.50	220.75	WTSP;0.836
223.75	226.00	WTSP;0.980
235.50	237.00	WTSP;0.943
238.50	241.00	WTSP;0.994
248.25	250.50	WTSP;0.890
263.25	265.25	WTSP;0.984
267.00	269.25	WTSP;0.992
277.50	279.50	WTSP;0.985
280.25	282.50	WTSP;0.946
289.75	291.75	WTSP;0.961
