21.50	22.25	AMRO;0.879
35.00	36.50	AMRO;0.889
50.50	51.00	AMRO;0.568
51.50	51.75	AMRO;0.578
55.25	56.00	AMRO;0.701
59.50	60.50	AMRO;0.629
63.00	64.25	AMRO;0.872
64.50	64.75	AMRO;0.556
65.50	65.75	AMRO;0.529
114.75	115.50	AMRO;0.682
125.25	125.50	AMRO;0.555
132.00	132.50	AMRO;0.606
139.25	139.75	AMRO;0.611
190.00	190.75	AMRO;0.750
194.00	194.50	AMRO;0.583
223.25	223.50	AMRO;0.502
296.25	297.00	AMRO;0.786
9.00	9.25	BAOR;0.564
51.75	52.25	BAOR;0.703
79.75	80.50	BAOR;0.622
88.25	88.50	BAOR;0.584
239.75	240.00	BBWA;0.511
20.00	20.75	DEJU;0.862
56.00	56.50	DEJU;0.690
96.75	97.00	EABL;0.530
104.50	105.00	EABL;0.628
171.50	171.75	EABL;0.629
182.50	182.75	EATO;0.711
299.50	299.75	EATO;0.604
218.00	218.75	FISP;0.644
227.50	227.75	FISP;0.529
244.25	244.75	FISP;0.592
255.00	255.50	FISP;0.650
272.75	273.25	FISP;0.578
283.00	284.00	FISP;0.847
0.25	3.75	FOSP;0.991
8.25	8.50	FOSP;0.740
14.25	15.25	FOSP;0.887
17.00	18.00	FOSP;0.874
18.75	19.25	FOSP;0.786
26.00	27.00	FOSP;0.987
29.50	31.25	FOSP;0.986
32.75	34.00	FOSP;0.968
38.25	39.50	FOSP;0.988
40.50	41.50	FOSP;0.983
43.25	45.00	FOSP;0.989
45.50	47.25	FOSP;0.984
53.25	54.25	FOSP;0.953
58.00	59.75	FOSP;0.984
67.00	67.75	FOSP;0.846
70.75	72.00	FOSP;0.970
75.25	76.00	FOSP;0.895
89.00	89.75	FOSP;0.810
91.50	93.75	FOSP;0.925
94.50	95.25	FOSP;0.904
102.00	104.25	FOSP;0.877
108.25	109.50	FOSP;0.996
112.25	114.25	FOSP;0.993
116.00	116.50	FOSP;0.712
121.00	122.00	FOSP;0.977
123.25	125.00	FOSP;0.894
129.00	131.25	FOSP;0.895
134.00	137.50	FOSP;0.993
144.50	147.00	FOSP;0.970
154.00	155.75	FOSP;0.968
157.00	161.00	FOSP;0.971
163.25	164.00	FOSP;0.851
170.50	171.00	FOSP;0.745
172.75	174.75	FOSP;0.983
176.00	177.75	FOSP;0.932
182.50	184.50	FOSP;0.923
185.75	186.75	FOSP;0.865
191.00	193.00	FOSP;0.995
200.00	200.75	FOSP;0.752
204.00	205.75	FOSP;0.964
206.00	206.75	FOSP;0.820
213.50	214.75	FOSP;0.974
218.50	220.75	FOSP;0.893
230.25	232.25	FOSP;0.926
232.75	233.75	FOSP;0.914
241.00	242.00	FOSP;0.798
243.50	244.50	FOSP;0.791
248.25	249.75	FOSP;0.892
255.25	256.00	FOSP;0.735
258.75	259.25	FOSP;0.718
261.50	262.00	FOSP;0.783
266.75	268.25	FOSP;0.961
268.50	269.50	FOSP;0.823
275.75	277.25	FOSP;0.971
283.00	283.25	FOSP;0.717
285.50	287.50	FOSP;0.988
288.50	290.00	FOSP;0.960
299.50	299.75	FOSP;0.696
75.50	75.75	GCSP;0.558
170.25	170.75	GCSP;0.576
187.50	188.00	GCSP;0.628
203.25	203.75	GCSP;0.594
218.00	218.50	GCSP;0.597
243.00	243.75	GCSP;0.760
116.25	116.50	HETH;0.558
299.50	299.75	HETH;0.564
143.75	144.00	KILL;0.609
4.00	5.25	LISP;0.852
14.25	14.50	LISP;0.529
24.25	25.75	LISP;0.955
148.25	149.00	MOCH;0.776
180.00	180.75	MOCH;0.859
109.25	109.50	PUFI;0.523
51.00	51.75	RBGR;0.718
55.00	55.50	RBGR;0.699
171.25	171.50	RBGR;0.519
223.25	224.75	RBGR;0.825
61.75	62.00	SATH;0.519
132.25	132.50	SATH;0.500
132.75	133.75	SATH;0.652
190.25	190.50	SATH;0.529
212.25	212.50	SATH;0.522
70.50	71.00	SNBU;0.804
71.25	71.50	SNBU;0.592
275.75	276.00	SNBU;0.535
179.75	180.00	SOSA;0.734
238.50	238.75	SOSA;0.729
7.50	7.75	TOSO;0.556
36.25	36.50	TOSO;0.571
193.25	194.00	TOSO;0.641
201.25	201.75	TOSO;0.586
212.50	212.75	TOSO;0.545
5.25	5.75	VATH;0.740
73.25	73.50	VATH;0.564
247.25	247.50	VATH;0.569
177.00	177.50	VESP;0.616
231.25	231.75	VESP;0.616
275.75	276.00	VESP;0.600
287.00	287.25	VESP;0.526
18.00	18.75	WCSP;0.936
31.00	31.25	WCSP;0.617
59.50	59.75	WCSP;0.647
72.00	72.50	WCSP;0.746
102.75	103.00	WCSP;0.541
103.25	104.25	WCSP;0.667
121.25	121.50	WCSP;0.503
124.50	125.00	WCSP;0.692
135.50	136.00	WCSP;0.886
160.75	161.00	WCSP;0.728
177.50	177.75	WCSP;0.577
205.50	205.75	WCSP;0.661
218.75	220.75	WCSP;0.777
232.00	232.25	WCSP;0.832
249.00	249.75	WCSP;0.726
274.25	274.75	WCSP;0.657
276.75	277.00	WCSP;0.584
167.50	167.75	WEWP;0.553
12.00	12.25	WTSP;0.670
64.00	64.25	WTSP;0.702
64.75	65.50	WTSP;0.825
67.75	69.50	WTSP;0.997
73.75	75.25	WTSP;0.979
75.75	77.75	WTSP;0.980
82.00	89.00	WTSP;0.996
90.50	90.75	WTSP;0.690
98.25	100.75	WTSP;0.994
109.75	111.25	WTSP;0.985
120.25	121.00	WTSP;0.824
122.00	123.00	WTSP;0.962
131.25	131.75	WTSP;0.715
138.50	139.00	WTSP;0.820
148.25	149.50	WTSP;0.886
156.25	156.75	WTSP;0.693
162.50	163.25	WTSP;0.882
164.25	164.75	WTSP;0.800
169.75	170.50	WTSP;0.761
180.00	180.75	WTSP;0.830
187.00	190.25	WTSP;0.995
198.25	200.00	WTSP;0.983
202.75	204.00	WTSP;0.836
206.25	211.50	WTSP;0.992
215.50	218.75	WTSP;0.991
221.75	223.00	WTSP;0.980
225.00	229.50	WTSP;0.995
233.50	237.75	WTSP;0.996
242.00	246.00	WTSP;0.996
251.50	255.25	WTSP;0.996
259.25	264.75	WTSP;0.998
270.75	274.50	WTSP;0.996
277.25	278.75	WTSP;0.950
280.50	284.25	WTSP;0.995
290.50	295.25	WTSP;0.996
