238.50	238.75	AMGP;0.743
288.75	289.00	AMGP;0.709
314.00	314.50	AMGP;0.688
593.25	593.50	AMGP;0.546
5.50	6.00	AMRO;0.616
19.75	20.00	AMRO;0.577
41.75	42.50	AMRO;0.769
47.25	47.75	AMRO;0.614
52.25	52.75	AMRO;0.559
102.00	103.00	AMRO;0.892
109.00	110.00	AMRO;0.855
284.00	284.50	AMRO;0.542
334.00	334.75	AMRO;0.613
380.75	381.00	AMRO;0.581
383.25	384.25	AMRO;0.996
391.00	392.25	AMRO;0.820
404.25	405.25	AMRO;0.914
588.75	589.50	AMRO;0.802
590.00	590.75	AMRO;0.878
597.75	598.75	AMRO;0.776
58.50	58.75	ATSP;0.666
360.75	361.00	BANS;0.526
504.50	504.75	BEWR;0.529
160.50	161.50	BRSP;0.573
590.25	590.50	BRTH;0.516
368.25	368.50	CATE;0.500
1.75	3.75	CHSP;0.989
12.50	14.25	CHSP;0.990
21.75	24.75	CHSP;0.992
31.00	33.75	CHSP;0.994
41.75	44.50	CHSP;0.981
58.50	58.75	CHSP;0.778
62.00	63.50	CHSP;0.921
66.00	67.75	CHSP;0.969
68.25	71.50	CHSP;0.987
73.75	75.50	CHSP;0.858
80.00	81.00	CHSP;0.983
96.50	97.00	CHSP;0.760
97.25	98.75	CHSP;0.873
105.00	106.00	CHSP;0.938
110.25	111.50	CHSP;0.909
112.75	113.00	CHSP;0.658
119.75	122.50	CHSP;0.961
126.50	127.00	CHSP;0.740
128.25	129.75	CHSP;0.934
140.50	142.25	CHSP;0.985
142.75	143.50	CHSP;0.857
149.00	149.50	CHSP;0.684
160.00	161.75	CHSP;0.907
168.50	171.75	CHSP;0.918
179.00	182.75	CHSP;0.990
191.00	193.50	CHSP;0.956
202.75	205.00	CHSP;0.985
213.25	216.50	CHSP;0.989
231.25	233.25	CHSP;0.845
242.25	242.50	CHSP;0.665
250.75	252.75	CHSP;0.972
264.25	267.25	CHSP;0.979
271.75	274.50	CHSP;0.977
280.25	282.00	CHSP;0.951
288.25	288.50	CHSP;0.740
289.00	289.75	CHSP;0.895
298.00	298.75	CHSP;0.789
315.25	317.50	CHSP;0.976
321.25	324.00	CHSP;0.987
328.50	331.75	CHSP;0.991
347.00	347.75	CHSP;0.908
348.25	349.00	CHSP;0.882
355.00	357.50	CHSP;0.984
373.25	374.00	CHSP;0.858
379.75	380.75	CHSP;0.892
384.25	385.25	CHSP;0.920
387.00	388.75	CHSP;0.977
393.50	395.00	CHSP;0.893
396.50	397.00	CHSP;0.677
397.25	398.00	CHSP;0.775
420.00	420.25	CHSP;0.667
446.75	448.50	CHSP;0.948
466.50	469.75	CHSP;0.973
479.25	479.75	CHSP;0.718
502.00	503.00	CHSP;0.910
545.75	546.00	CHSP;0.802
546.25	547.00	CHSP;0.970
547.25	548.00	CHSP;0.992
549.00	549.25	CHSP;0.812
549.75	550.00	CHSP;0.685
569.00	569.75	CHSP;0.799
582.75	584.75	CHSP;0.886
588.50	589.75	CHSP;0.761
592.50	595.00	CHSP;0.982
298.25	298.50	DEJU;0.543
380.00	380.75	DEJU;0.751
385.50	385.75	EAME;0.602
442.50	442.75	EATO;0.551
599.50	600.00	EATO;0.598
509.00	509.75	FISP;0.700
532.25	532.75	FISP;0.574
28.00	28.75	FOSP;0.814
35.00	36.75	FOSP;0.994
53.50	55.00	FOSP;0.938
55.25	57.00	FOSP;0.939
64.25	66.00	FOSP;0.916
76.75	79.00	FOSP;0.990
86.50	88.00	FOSP;0.920
91.25	91.75	FOSP;0.703
97.00	98.50	FOSP;0.820
105.50	107.50	FOSP;0.989
130.00	132.00	FOSP;0.980
135.25	136.00	FOSP;0.879
143.75	146.25	FOSP;0.988
153.50	155.00	FOSP;0.922
163.50	165.50	FOSP;0.921
173.00	175.25	FOSP;0.943
183.25	185.50	FOSP;0.995
196.50	198.00	FOSP;0.979
204.50	206.25	FOSP;0.993
225.50	227.50	FOSP;0.990
282.75	283.75	FOSP;0.884
313.50	314.00	FOSP;0.753
314.50	315.00	FOSP;0.711
338.50	340.50	FOSP;0.954
351.25	353.50	FOSP;0.986
364.25	366.50	FOSP;0.982
378.50	379.75	FOSP;0.852
385.50	387.25	FOSP;0.992
388.75	391.00	FOSP;0.994
394.50	396.75	FOSP;0.982
400.00	402.25	FOSP;0.992
406.00	407.00	FOSP;0.893
408.50	410.50	FOSP;0.974
412.75	415.00	FOSP;0.997
417.25	419.00	FOSP;0.973
420.50	422.75	FOSP;0.997
426.50	431.00	FOSP;0.982
432.00	434.25	FOSP;0.997
436.75	439.00	FOSP;0.995
442.50	446.50	FOSP;0.984
449.50	452.00	FOSP;0.988
452.25	454.50	FOSP;0.997
458.75	465.50	FOSP;0.992
470.00	472.00	FOSP;0.961
474.00	476.25	FOSP;0.993
480.25	482.75	FOSP;0.995
487.25	488.00	FOSP;0.762
489.50	491.75	FOSP;0.998
494.00	496.50	FOSP;0.997
499.00	500.50	FOSP;0.928
505.00	507.00	FOSP;0.982
509.00	510.75	FOSP;0.865
514.75	517.50	FOSP;0.993
519.25	520.25	FOSP;0.918
521.00	523.25	FOSP;0.994
527.00	529.50	FOSP;0.995
536.75	537.75	FOSP;0.857
538.25	540.25	FOSP;0.909
541.75	544.25	FOSP;0.989
548.00	549.50	FOSP;0.796
552.75	555.00	FOSP;0.994
556.75	559.25	FOSP;0.999
566.75	569.00	FOSP;0.993
570.75	573.00	FOSP;0.997
573.25	574.75	FOSP;0.892
578.00	580.00	FOSP;0.989
585.00	587.50	FOSP;0.976
595.75	596.25	FOSP;0.660
599.50	600.00	FOSP;0.792
449.25	449.50	GCSP;0.537
371.75	372.25	GWTE;0.555
597.50	597.75	GWTE;0.526
80.00	80.25	HETH;0.546
133.00	133.50	HETH;0.713
136.00	136.50	HETH;0.611
149.75	150.00	HETH;0.541
158.00	159.00	HETH;0.954
260.75	261.00	HETH;0.550
183.25	183.50	HOFI;0.649
452.25	452.50	HOFI;0.517
87.50	87.75	LASP;0.509
390.25	390.75	LASP;0.553
503.25	503.50	LASP;0.590
0.00	1.50	LISP;0.996
3.50	5.50	LISP;0.969
11.25	12.75	LISP;0.992
14.25	15.50	LISP;0.951
26.00	27.25	LISP;0.996
28.50	29.75	LISP;0.949
36.75	38.25	LISP;0.992
44.25	45.25	LISP;0.944
48.50	49.50	LISP;0.864
59.25	61.75	LISP;0.955
72.25	73.75	LISP;0.977
85.75	87.75	LISP;0.995
91.25	92.75	LISP;0.940
98.75	100.00	LISP;0.992
107.00	108.00	LISP;0.847
111.50	112.50	LISP;0.920
116.50	117.25	LISP;0.767
122.50	125.75	LISP;0.993
136.50	140.00	LISP;0.994
150.50	152.50	LISP;0.996
176.00	177.00	LISP;0.966
187.75	189.25	LISP;0.994
199.00	202.00	LISP;0.993
211.00	212.25	LISP;0.990
216.50	218.00	LISP;0.974
233.25	235.00	LISP;0.957
236.50	237.75	LISP;0.984
247.25	250.25	LISP;0.985
262.00	263.75	LISP;0.978
274.50	275.50	LISP;0.946
278.00	279.75	LISP;0.998
286.75	287.75	LISP;0.929
293.25	294.75	LISP;0.993
299.25	300.75	LISP;0.941
309.75	311.25	LISP;0.982
312.00	313.50	LISP;0.991
325.00	327.75	LISP;0.995
337.00	338.75	LISP;0.915
342.00	343.50	LISP;0.968
350.25	351.50	LISP;0.944
357.50	358.75	LISP;0.971
376.75	378.00	LISP;0.986
392.00	393.00	LISP;0.928
398.25	399.25	LISP;0.904
403.25	404.75	LISP;0.969
416.75	417.75	LISP;0.927
424.75	426.00	LISP;0.929
442.00	442.75	LISP;0.885
457.00	458.50	LISP;0.943
471.75	473.75	LISP;0.995
483.00	483.25	LISP;0.683
485.00	487.00	LISP;0.885
487.50	488.75	LISP;0.792
497.50	499.75	LISP;0.984
503.25	504.25	LISP;0.850
510.75	513.00	LISP;0.992
524.00	525.25	LISP;0.971
534.50	536.25	LISP;0.987
550.75	552.25	LISP;0.997
564.25	566.75	LISP;0.924
577.50	578.25	LISP;0.781
581.25	582.75	LISP;0.975
591.25	592.25	LISP;0.821
596.00	596.75	LISP;0.871
178.75	179.25	MAMU;0.856
397.00	397.25	MOCH;0.624
477.00	478.00	MOCH;0.858
283.25	283.50	OROR;0.539
302.25	302.75	PIGR;0.821
83.50	84.00	PISI;0.893
140.25	140.75	PISI;0.736
142.50	142.75	PISI;0.710
147.50	148.25	PISI;0.995
150.00	150.75	PISI;0.878
190.50	191.00	PISI;0.858
193.50	194.25	PISI;0.873
195.25	195.75	PISI;0.860
198.25	199.00	PISI;0.959
202.25	203.00	PISI;0.965
336.50	337.00	PISI;0.868
341.50	342.00	PISI;0.873
343.25	347.25	PISI;0.997
347.75	348.50	PISI;0.992
349.00	350.25	PISI;0.995
358.50	361.25	PISI;0.992
362.00	362.75	PISI;0.965
363.25	364.25	PISI;0.980
367.25	368.00	PISI;0.901
467.00	467.25	PISI;0.689
164.00	164.75	PUFI;0.668
378.00	378.75	PUFI;0.781
82.25	83.25	RCKI;0.791
116.25	116.50	RCKI;0.618
111.25	112.00	ROWR;0.818
261.75	262.00	ROWR;0.583
299.50	300.00	ROWR;0.587
312.25	312.50	ROWR;0.616
524.25	524.50	ROWR;0.515
564.50	564.75	ROWR;0.537
577.25	577.75	ROWR;0.733
591.25	591.75	ROWR;0.578
599.25	599.50	RWBL;0.584
372.50	373.25	SATH;0.744
576.25	576.50	SATH;0.543
597.25	597.75	SATH;0.516
598.00	598.75	SATH;0.742
45.25	46.00	SAVS;0.873
232.25	232.75	SEOW;0.589
408.75	409.00	SNBU;0.545
548.25	548.50	SNBU;0.603
567.00	567.25	SNBU;0.537
18.75	19.00	SOSA;0.708
369.25	369.75	SWSP;0.598
589.50	589.75	SWSP;0.529
49.25	50.25	TOSO;0.824
65.25	65.75	VESP;0.615
154.50	154.75	VESP;0.544
162.75	163.50	VESP;0.654
227.00	227.50	VESP;0.551
390.25	390.75	VESP;0.651
417.50	418.00	VESP;0.637
430.25	431.00	VESP;0.638
446.00	446.50	VESP;0.652
460.25	460.50	VESP;0.522
465.00	465.75	VESP;0.793
491.25	491.50	VESP;0.502
510.25	510.75	VESP;0.576
539.25	539.75	VESP;0.620
558.25	558.75	VESP;0.553
559.25	559.50	VESP;0.521
288.75	289.00	WATA;0.670
301.50	301.75	WATA;0.653
6.75	7.50	WCSP;0.733
88.00	88.50	WCSP;0.829
95.00	95.75	WCSP;0.657
136.25	136.50	WCSP;0.502
175.00	175.25	WCSP;0.628
185.25	185.50	WCSP;0.556
269.50	270.00	WCSP;0.737
314.50	314.75	WCSP;0.541
549.00	549.50	WCSP;0.627
407.25	407.75	WTSP;0.571
419.25	419.75	WTSP;0.646
454.75	456.75	WTSP;0.961
467.00	468.00	WTSP;0.801
477.75	478.25	WTSP;0.580
492.50	493.00	WTSP;0.665
507.25	509.00	WTSP;0.887
530.25	533.00	WTSP;0.978
223.75	224.00	YRWA;0.526
