0.50	1.00	AMRO;0.615
7.25	8.00	AMRO;0.915
15.50	16.50	AMRO;0.866
23.00	23.25	AMRO;0.518
37.25	38.25	AMRO;0.603
39.00	39.50	AMRO;0.675
41.50	41.75	AMRO;0.502
65.00	65.25	AMRO;0.607
80.50	82.00	AMRO;0.671
91.25	91.50	AMRO;0.592
103.00	103.25	AMRO;0.525
104.00	104.50	AMRO;0.763
105.50	105.75	AMRO;0.554
111.25	111.50	AMRO;0.560
166.00	166.75	AMRO;0.727
167.25	167.50	AMRO;0.504
176.25	176.75	AMRO;0.771
180.25	180.50	AMRO;0.521
64.50	64.75	BHVI;0.557
110.00	110.25	BRSP;0.515
297.25	297.50	BTNW;0.582
72.50	73.00	CHSP;0.577
117.50	118.50	CHSP;0.633
216.00	216.75	CHSP;0.899
232.25	232.75	CHSP;0.580
298.25	298.50	CHSP;0.516
36.25	36.75	DEJU;0.531
118.25	118.50	DEJU;0.544
0.75	1.00	EABL;0.625
64.50	65.00	EATO;0.581
121.00	121.50	EATO;0.550
12.50	12.75	FISP;0.510
272.50	273.00	FISP;0.516
19.75	20.50	FOSP;0.699
34.00	35.00	FOSP;0.628
44.00	46.00	FOSP;0.985
49.00	49.75	FOSP;0.624
76.50	77.00	FOSP;0.630
97.00	98.50	FOSP;0.986
113.00	114.00	FOSP;0.984
133.50	133.75	FOSP;0.621
194.25	195.50	FOSP;0.805
208.75	209.75	FOSP;0.953
217.00	217.75	FOSP;0.855
225.50	226.25	FOSP;0.736
273.00	273.50	FOSP;0.623
296.00	296.50	FOSP;0.687
3.25	3.75	GCSP;0.684
89.00	89.50	GCSP;0.523
140.25	140.75	GCSP;0.590
240.75	241.50	GCSP;0.733
58.25	58.50	GRYE;0.614
157.00	157.25	HASP;0.529
50.75	51.50	LISP;0.607
65.25	66.25	LISP;0.881
158.00	158.75	LISP;0.662
29.25	29.50	PUFI;0.515
52.00	52.50	RBGR;0.658
27.50	27.75	SATH;0.597
84.25	84.50	SATH;0.517
15.00	15.75	WCSP;0.863
19.25	20.50	WCSP;0.890
21.25	22.50	WCSP;0.888
28.25	29.25	WCSP;0.848
34.00	34.25	WCSP;0.709
48.75	49.75	WCSP;0.918
71.00	71.50	WCSP;0.717
89.25	89.50	WCSP;0.670
104.50	104.75	WCSP;0.667
128.25	131.00	WCSP;0.995
133.75	137.00	WCSP;0.996
140.75	143.00	WCSP;0.995
147.75	150.00	WCSP;0.998
155.00	157.75	WCSP;0.993
162.50	164.50	WCSP;0.994
169.25	172.00	WCSP;0.997
177.00	179.25	WCSP;0.985
184.75	187.00	WCSP;0.996
191.75	194.00	WCSP;0.995
198.75	201.00	WCSP;0.996
202.50	203.00	WCSP;0.710
206.00	208.00	WCSP;0.997
210.25	211.00	WCSP;0.792
213.00	215.25	WCSP;0.995
217.50	217.75	WCSP;0.718
221.00	223.00	WCSP;0.997
228.75	231.00	WCSP;0.997
236.00	238.50	WCSP;0.996
243.50	245.75	WCSP;0.997
252.25	255.00	WCSP;0.996
259.50	262.00	WCSP;0.997
266.50	269.00	WCSP;0.998
274.25	276.75	WCSP;0.997
280.25	281.00	WCSP;0.912
282.75	285.50	WCSP;0.997
288.25	289.25	WCSP;0.795
290.00	292.50	WCSP;0.995
296.00	297.75	WCSP;0.798
299.00	300.00	WCSP;0.967
2.25	5.50	WTSP;0.968
8.25	13.00	WTSP;0.998
13.25	13.50	WTSP;0.714
15.00	15.50	WTSP;0.745
16.25	19.50	WTSP;0.996
23.25	27.00	WTSP;0.998
28.00	28.75	WTSP;0.787
30.75	34.00	WTSP;0.989
38.25	41.50	WTSP;0.997
46.25	49.00	WTSP;0.995
52.75	56.00	WTSP;0.995
56.75	64.00	WTSP;0.997
67.25	71.25	WTSP;0.996
73.00	74.50	WTSP;0.792
77.00	81.50	WTSP;0.995
83.50	87.50	WTSP;0.997
89.00	89.25	WTSP;0.702
90.75	91.00	WTSP;0.707
92.00	95.25	WTSP;0.996
96.25	97.00	WTSP;0.842
99.25	104.00	WTSP;0.997
106.75	110.00	WTSP;0.996
111.50	113.00	WTSP;0.841
114.00	117.25	WTSP;0.995
122.00	127.75	WTSP;0.996
131.00	133.00	WTSP;0.989
137.00	141.25	WTSP;0.995
144.00	148.25	WTSP;0.995
151.50	155.75	WTSP;0.994
159.00	163.00	WTSP;0.997
166.25	170.25	WTSP;0.992
173.00	176.00	WTSP;0.993
177.00	177.75	WTSP;0.680
180.50	184.00	WTSP;0.990
187.75	192.00	WTSP;0.996
195.75	199.25	WTSP;0.996
203.00	206.50	WTSP;0.996
210.50	214.00	WTSP;0.994
218.25	221.50	WTSP;0.994
225.25	229.25	WTSP;0.993
231.50	236.75	WTSP;0.998
240.00	244.00	WTSP;0.985
246.50	250.75	WTSP;0.997
252.50	252.75	WTSP;0.692
255.00	257.75	WTSP;0.984
259.50	260.00	WTSP;0.733
262.25	266.50	WTSP;0.996
269.75	273.00	WTSP;0.997
273.25	274.75	WTSP;0.842
277.25	280.75	WTSP;0.996
281.50	283.00	WTSP;0.836
285.00	288.25	WTSP;0.996
292.50	296.00	WTSP;0.996
299.00	299.75	WTSP;0.806
