220.50	220.75	AMWO;0.546
255.00	255.50	AMWO;0.526
240.00	240.50	BCCH;0.804
70.25	70.75	BHCO;0.687
79.00	79.25	BHCO;0.583
87.25	87.75	BHCO;0.594
120.75	121.25	BHCO;0.758
171.25	171.50	BHCO;0.574
179.00	179.25	BHCO;0.590
214.25	214.50	BHCO;0.534
221.00	221.25	BHCO;0.603
254.50	255.00	BHCO;0.667
263.25	263.50	BHCO;0.741
294.50	294.75	BHCO;0.546
307.50	308.00	BHCO;0.815
433.50	434.75	BHCO;0.708
454.00	454.50	BHCO;0.588
489.75	490.00	BHCO;0.532
527.00	527.50	BHCO;0.676
538.00	538.50	BHCO;0.798
546.25	546.75	BHCO;0.580
576.00	577.00	BHCO;0.778
583.25	583.50	BHCO;0.500
584.50	585.25	BHCO;0.813
445.25	445.50	BRSP;0.534
484.00	484.25	CAFI;0.565
97.50	98.00	CHSP;0.547
105.25	106.75	CHSP;0.757
113.00	114.50	CHSP;0.719
144.25	144.50	CHSP;0.501
206.25	206.50	CHSP;0.501
207.00	207.25	CHSP;0.506
237.00	237.75	CHSP;0.599
245.25	245.75	CHSP;0.527
261.75	262.00	CHSP;0.565
97.25	97.75	DEJU;0.641
105.50	105.75	DEJU;0.539
106.50	107.25	DEJU;0.612
120.75	121.00	DEJU;0.576
126.75	128.75	DEJU;0.838
135.00	136.50	DEJU;0.864
162.25	163.00	DEJU;0.762
178.25	178.75	DEJU;0.639
196.50	197.00	DEJU;0.620
206.00	206.50	DEJU;0.621
214.50	214.75	DEJU;0.541
237.25	238.50	DEJU;0.840
244.50	244.75	DEJU;0.590
245.50	246.75	DEJU;0.849
261.75	262.00	DEJU;0.551
594.25	594.50	DEJU;0.521
411.50	411.75	EVGR;0.523
73.00	73.50	FISP;0.689
226.25	226.50	GADW;0.582
404.25	404.75	GADW;0.588
137.25	137.75	HETH;0.654
152.75	153.00	HETH;0.585
161.25	161.75	HETH;0.780
203.25	203.50	HETH;0.550
230.25	231.00	HETH;0.981
240.00	240.50	HETH;0.753
300.25	300.75	HETH;0.848
377.25	377.50	HOLA;0.585
382.75	383.00	HOLA;0.741
397.00	397.25	HOLA;0.534
82.25	82.75	KILL;0.604
203.25	203.50	MAMU;0.595
58.75	59.00	NOPI;0.611
489.50	489.75	OCWA;0.522
593.25	593.50	OCWA;0.516
377.00	377.25	PISI;0.501
386.50	387.00	PISI;0.890
391.00	391.50	PISI;0.796
481.75	482.25	PISI;0.777
301.50	301.75	PUSA;0.531
147.75	148.00	RUBL;0.661
296.50	296.75	RWBL;0.533
389.50	390.00	SESA;0.876
175.75	176.00	SSHA;0.567
152.75	153.00	VESP;0.520
525.75	526.25	WWCR;0.577
