0.00	1.00	AMRO;0.918
4.25	5.00	AMRO;0.775
6.75	7.75	AMRO;0.805
9.25	10.00	AMRO;0.874
13.75	14.25	AMRO;0.691
17.75	19.75	AMRO;0.985
20.00	22.00	AMRO;0.938
30.00	31.50	AMRO;0.983
34.00	35.75	AMRO;0.977
39.50	40.75	AMRO;0.920
43.50	46.75	AMRO;0.987
47.50	48.00	AMRO;0.689
51.25	52.50	AMRO;0.850
55.50	57.25	AMRO;0.992
59.25	61.25	AMRO;0.924
61.75	63.75	AMRO;0.868
66.00	66.75	AMRO;0.763
68.50	70.75	AMRO;0.951
73.00	75.25	AMRO;0.992
79.00	80.00	AMRO;0.954
81.00	82.75	AMRO;0.954
85.75	87.00	AMRO;0.967
90.25	91.50	AMRO;0.905
94.50	96.75	AMRO;0.994
99.25	100.00	AMRO;0.782
108.50	109.00	AMRO;0.768
112.25	115.25	AMRO;0.995
115.50	115.75	AMRO;0.676
119.00	121.25	AMRO;0.989
123.75	128.00	AMRO;0.995
130.75	132.00	AMRO;0.969
135.25	137.75	AMRO;0.991
141.00	142.50	AMRO;0.925
144.75	145.50	AMRO;0.834
149.00	149.50	AMRO;0.853
151.25	152.75	AMRO;0.980
154.75	156.50	AMRO;0.986
159.00	160.00	AMRO;0.912
161.25	163.00	AMRO;0.888
166.00	168.00	AMRO;0.962
169.25	170.25	AMRO;0.868
173.00	175.00	AMRO;0.995
178.00	180.50	AMRO;0.981
184.25	185.50	AMRO;0.953
189.00	190.25	AMRO;0.941
193.50	195.25	AMRO;0.971
198.00	200.00	AMRO;0.929
200.25	202.00	AMRO;0.908
204.50	205.25	AMRO;0.781
210.50	211.75	AMRO;0.817
214.25	215.25	AMRO;0.930
218.25	219.00	AMRO;0.776
222.25	224.50	AMRO;0.996
227.50	229.50	AMRO;0.974
233.25	234.75	AMRO;0.845
239.00	239.75	AMRO;0.871
242.00	244.00	AMRO;0.956
247.00	248.75	AMRO;0.924
252.50	252.75	AMRO;0.694
256.75	257.50	AMRO;0.705
260.25	262.00	AMRO;0.964
265.00	267.00	AMRO;0.991
270.00	271.50	AMRO;0.993
275.00	276.00	AMRO;0.819
279.50	281.25	AMRO;0.996
283.50	285.25	AMRO;0.952
288.75	290.75	AMRO;0.974
293.75	295.25	AMRO;0.989
298.25	300.00	AMRO;0.993
189.25	189.50	BHGR;0.520
146.25	147.00	BRSP;0.733
179.50	180.50	BRSP;0.625
281.50	281.75	BRSP;0.618
37.25	37.50	BRTH;0.533
65.50	66.00	BRTH;0.674
99.00	99.75	BRTH;0.715
144.50	144.75	BRTH;0.580
148.50	148.75	BRTH;0.503
159.00	159.50	BRTH;0.522
214.25	214.75	BRTH;0.600
233.00	233.25	BRTH;0.501
238.75	239.00	BRTH;0.601
72.75	73.25	CHSP;0.705
75.25	75.75	CHSP;0.758
82.00	82.75	CHSP;0.765
85.50	85.75	CHSP;0.700
91.25	92.25	CHSP;0.854
95.50	95.75	CHSP;0.684
100.00	101.00	CHSP;0.902
109.00	110.25	CHSP;0.859
113.75	115.00	CHSP;0.905
119.75	121.25	CHSP;0.872
123.25	124.50	CHSP;0.779
147.00	149.00	CHSP;0.981
152.25	154.00	CHSP;0.895
156.50	158.00	CHSP;0.907
161.00	161.50	CHSP;0.686
161.75	162.50	CHSP;0.815
167.00	168.50	CHSP;0.906
171.25	173.25	CHSP;0.966
176.00	177.50	CHSP;0.877
180.25	181.75	CHSP;0.952
185.00	187.25	CHSP;0.959
191.50	193.25	CHSP;0.963
197.75	199.50	CHSP;0.967
202.25	203.75	CHSP;0.948
207.00	208.50	CHSP;0.920
212.25	214.50	CHSP;0.986
219.25	222.00	CHSP;0.991
224.00	226.00	CHSP;0.981
226.25	227.00	CHSP;0.817
229.25	231.50	CHSP;0.986
236.00	237.50	CHSP;0.908
241.25	243.50	CHSP;0.991
246.25	248.00	CHSP;0.876
251.00	253.25	CHSP;0.873
256.00	258.25	CHSP;0.961
261.25	263.00	CHSP;0.846
266.75	269.00	CHSP;0.987
274.25	276.25	CHSP;0.925
281.75	282.50	CHSP;0.782
284.50	285.00	CHSP;0.710
288.75	290.25	CHSP;0.967
295.00	296.75	CHSP;0.964
298.50	299.00	CHSP;0.811
73.00	73.50	DEJU;0.572
86.25	87.00	DEJU;0.661
92.00	92.50	DEJU;0.665
121.00	121.25	DEJU;0.566
123.50	123.75	DEJU;0.586
148.50	148.75	DEJU;0.536
153.25	153.75	DEJU;0.558
156.50	157.00	DEJU;0.557
157.25	158.25	DEJU;0.600
161.50	163.00	DEJU;0.737
166.75	167.50	DEJU;0.566
168.00	168.50	DEJU;0.713
173.00	173.25	DEJU;0.567
176.25	177.50	DEJU;0.639
181.00	181.75	DEJU;0.619
187.00	187.25	DEJU;0.551
199.25	199.50	DEJU;0.606
202.50	203.00	DEJU;0.642
207.00	208.50	DEJU;0.772
214.00	214.25	DEJU;0.542
221.25	221.50	DEJU;0.505
231.00	231.50	DEJU;0.528
247.25	247.75	DEJU;0.623
252.50	253.25	DEJU;0.592
256.25	257.00	DEJU;0.591
268.25	268.75	DEJU;0.600
275.25	275.75	DEJU;0.585
163.25	163.50	DUNL;0.508
117.50	118.25	EATO;0.713
66.00	66.75	FISP;0.664
288.00	288.50	FISP;0.729
10.00	11.75	FOSP;0.942
25.75	27.50	FOSP;0.878
37.75	39.25	FOSP;0.894
50.50	51.00	FOSP;0.633
66.50	68.00	FOSP;0.741
78.25	78.75	FOSP;0.874
93.25	94.25	FOSP;0.908
104.50	105.25	FOSP;0.847
105.75	106.00	FOSP;0.518
117.00	117.75	FOSP;0.955
128.25	130.00	FOSP;0.920
143.25	144.25	FOSP;0.649
195.50	197.50	FOSP;0.987
217.00	217.75	FOSP;0.665
271.75	272.75	FOSP;0.882
183.00	183.75	GCSP;0.698
217.25	217.50	GCSP;0.631
221.50	222.00	GCSP;0.539
233.25	233.50	GCSP;0.559
287.00	287.75	GCSP;0.690
29.75	30.00	GWTE;0.592
39.00	39.25	LASP;0.506
101.50	102.00	LISP;0.745
115.25	115.50	MOBL;0.583
101.25	101.50	PUFI;0.518
257.25	257.50	RBGR;0.505
101.00	101.50	REVI;0.570
4.00	4.75	SATH;0.717
6.50	6.75	SATH;0.545
9.00	9.25	SATH;0.528
14.00	15.00	SATH;0.886
18.00	18.50	SATH;0.689
21.00	21.50	SATH;0.509
25.25	26.50	SATH;0.649
37.00	37.50	SATH;0.703
47.00	47.50	SATH;0.641
90.25	90.75	SATH;0.621
94.50	94.75	SATH;0.590
105.25	105.75	SATH;0.848
107.75	109.00	SATH;0.928
126.00	127.00	SATH;0.638
131.75	132.50	SATH;0.648
135.25	136.00	SATH;0.714
185.25	185.75	SATH;0.639
190.00	190.50	SATH;0.657
193.50	193.75	SATH;0.528
211.50	211.75	SATH;0.648
234.25	234.50	SATH;0.506
276.00	276.25	SATH;0.663
283.50	283.75	SATH;0.553
47.00	48.00	TOSO;0.768
186.00	186.25	TOSO;0.512
122.50	122.75	VATH;0.549
134.25	135.00	VATH;0.982
175.25	175.75	VATH;0.829
27.00	27.50	VESP;0.594
105.75	106.25	VESP;0.603
197.25	197.50	VESP;0.509
0.50	0.75	WCSP;0.711
1.25	3.75	WCSP;0.959
8.50	10.00	WCSP;0.952
12.00	13.50	WCSP;0.976
14.75	16.75	WCSP;0.990
22.00	24.00	WCSP;0.985
28.00	30.00	WCSP;0.966
32.75	34.25	WCSP;0.960
35.00	36.25	WCSP;0.934
41.50	43.25	WCSP;0.973
44.25	45.50	WCSP;0.943
48.25	50.00	WCSP;0.991
55.00	58.00	WCSP;0.986
62.25	64.00	WCSP;0.963
69.25	70.75	WCSP;0.875
71.00	72.00	WCSP;0.871
75.75	77.50	WCSP;0.979
82.50	84.50	WCSP;0.994
89.25	90.75	WCSP;0.954
96.75	98.25	WCSP;0.969
103.75	104.75	WCSP;0.741
107.25	107.75	WCSP;0.724
110.75	112.25	WCSP;0.990
118.00	119.00	WCSP;0.745
125.25	125.75	WCSP;0.747
129.00	129.75	WCSP;0.803
138.75	140.75	WCSP;0.985
145.25	146.75	WCSP;0.938
149.50	149.75	WCSP;0.730
154.00	155.00	WCSP;0.918
163.00	163.75	WCSP;0.792
170.00	171.50	WCSP;0.962
178.75	180.00	WCSP;0.869
182.25	182.75	WCSP;0.793
183.50	184.75	WCSP;0.956
188.50	190.00	WCSP;0.911
190.50	191.50	WCSP;0.891
199.75	201.00	WCSP;0.985
203.50	204.75	WCSP;0.912
210.50	211.00	WCSP;0.751
215.00	216.50	WCSP;0.990
217.50	219.00	WCSP;0.900
226.00	226.25	WCSP;0.667
233.00	234.75	WCSP;0.979
237.25	238.00	WCSP;0.888
240.00	241.25	WCSP;0.896
243.75	245.75	WCSP;0.981
246.50	247.00	WCSP;0.730
253.75	255.75	WCSP;0.995
258.50	258.75	WCSP;0.739
259.75	261.00	WCSP;0.937
262.50	263.75	WCSP;0.981
269.00	270.75	WCSP;0.863
276.25	278.25	WCSP;0.989
278.50	279.75	WCSP;0.930
284.00	285.50	WCSP;0.849
292.25	294.25	WCSP;0.950
201.75	202.00	WETA;0.567
1.00	2.75	WTSP;0.830
5.00	7.25	WTSP;0.981
8.00	9.00	WTSP;0.856
13.00	14.50	WTSP;0.937
14.75	15.50	WTSP;0.758
20.50	22.25	WTSP;0.862
34.25	35.50	WTSP;0.843
41.50	44.25	WTSP;0.835
48.50	48.75	WTSP;0.683
52.50	54.00	WTSP;0.994
61.75	62.75	WTSP;0.806
64.00	64.75	WTSP;0.886
65.75	66.50	WTSP;0.759
69.00	69.75	WTSP;0.740
71.75	72.75	WTSP;0.836
76.00	76.75	WTSP;0.831
80.25	80.75	WTSP;0.795
82.50	83.00	WTSP;0.772
89.00	89.75	WTSP;0.779
96.75	100.00	WTSP;0.976
103.50	104.50	WTSP;0.810
108.25	108.50	WTSP;0.749
110.25	111.25	WTSP;0.888
122.50	122.75	WTSP;0.659
138.75	139.00	WTSP;0.679
145.25	145.50	WTSP;0.719
159.50	161.00	WTSP;0.806
169.75	170.25	WTSP;0.687
178.00	179.25	WTSP;0.920
183.25	184.00	WTSP;0.817
188.25	189.00	WTSP;0.804
190.25	191.50	WTSP;0.885
203.50	203.75	WTSP;0.675
208.50	211.25	WTSP;0.946
225.50	227.50	WTSP;0.969
235.25	236.75	WTSP;0.853
237.00	238.00	WTSP;0.745
239.75	240.50	WTSP;0.742
241.00	241.25	WTSP;0.737
243.75	244.00	WTSP;0.662
249.25	250.50	WTSP;0.851
253.50	254.00	WTSP;0.731
258.00	260.00	WTSP;0.984
268.25	270.00	WTSP;0.871
273.25	274.50	WTSP;0.978
287.25	287.75	WTSP;0.705
288.50	288.75	WTSP;0.711
292.00	293.00	WTSP;0.840
295.75	298.25	WTSP;0.990
