10.00	10.50	AMDI;0.572
11.25	12.75	AMDI;0.797
13.00	16.00	AMDI;0.823
17.00	18.00	AMDI;0.728
18.25	19.75	AMDI;0.797
20.50	20.75	AMDI;0.525
21.25	22.00	AMDI;0.856
35.00	35.75	AMDI;0.710
36.00	37.00	AMDI;0.773
37.50	37.75	AMDI;0.522
43.25	44.00	AMDI;0.732
44.50	44.75	AMDI;0.570
45.50	47.50	AMDI;0.793
55.00	55.75	AMDI;0.726
59.50	60.50	AMDI;0.637
62.00	63.00	AMDI;0.673
63.25	64.75	AMDI;0.837
68.25	69.75	AMDI;0.748
77.00	77.75	AMDI;0.636
351.00	351.50	AMDI;0.589
7.00	8.00	AMRO;0.764
23.25	25.00	AMRO;0.980
26.00	26.75	AMRO;0.705
27.50	28.00	AMRO;0.710
48.00	51.75	AMRO;0.962
67.00	67.50	AMRO;0.812
85.00	89.00	AMRO;0.989
102.00	105.00	AMRO;0.956
105.50	106.75	AMRO;0.904
127.00	130.25	AMRO;0.988
151.00	154.25	AMRO;0.990
172.50	176.25	AMRO;0.995
202.75	205.00	AMRO;0.992
214.75	215.75	AMRO;0.913
225.00	228.00	AMRO;0.993
236.25	241.75	AMRO;0.977
248.00	251.25	AMRO;0.969
260.25	260.75	AMRO;0.699
262.00	262.50	AMRO;0.864
273.50	274.25	AMRO;0.738
280.25	283.00	AMRO;0.979
290.50	296.00	AMRO;0.984
302.00	305.00	AMRO;0.985
314.00	316.25	AMRO;0.962
340.25	342.00	AMRO;0.985
352.50	353.25	AMRO;0.923
354.75	357.00	AMRO;0.989
367.00	369.50	AMRO;0.981
370.00	371.00	AMRO;0.774
371.25	372.75	AMRO;0.952
379.25	381.50	AMRO;0.876
383.25	386.50	AMRO;0.973
391.00	393.50	AMRO;0.994
402.25	404.75	AMRO;0.981
415.75	418.00	AMRO;0.991
425.50	426.75	AMRO;0.904
428.50	430.50	AMRO;0.854
440.50	442.00	AMRO;0.840
454.25	455.25	AMRO;0.941
467.50	468.50	AMRO;0.797
468.75	469.50	AMRO;0.708
492.00	496.25	AMRO;0.976
504.50	506.25	AMRO;0.983
514.50	516.00	AMRO;0.940
520.00	521.50	AMRO;0.798
523.00	524.50	AMRO;0.952
585.00	585.75	BCCH;0.804
184.25	184.75	CHSP;0.594
201.75	202.75	CHSP;0.740
0.00	1.25	DEJU;0.959
32.25	34.00	DEJU;0.983
57.25	57.50	DEJU;0.667
65.50	66.00	DEJU;0.754
73.00	75.00	DEJU;0.884
83.00	84.50	DEJU;0.789
91.25	92.00	DEJU;0.893
93.00	93.25	DEJU;0.673
98.25	98.75	DEJU;0.694
100.00	102.00	DEJU;0.931
107.25	108.00	DEJU;0.806
109.50	111.00	DEJU;0.944
117.25	119.00	DEJU;0.902
124.25	124.75	DEJU;0.750
139.00	139.25	DEJU;0.664
183.75	185.50	DEJU;0.881
191.50	193.50	DEJU;0.907
201.75	203.50	DEJU;0.783
211.25	212.25	DEJU;0.836
218.00	219.50	DEJU;0.954
221.25	221.50	DEJU;0.683
225.00	226.25	DEJU;0.902
232.25	234.00	DEJU;0.930
240.75	242.75	DEJU;0.836
249.25	250.25	DEJU;0.937
254.25	255.75	DEJU;0.957
261.50	262.00	DEJU;0.768
262.25	263.00	DEJU;0.866
278.25	280.00	DEJU;0.887
288.00	289.00	DEJU;0.826
296.50	298.00	DEJU;0.855
306.25	307.75	DEJU;0.932
316.50	318.25	DEJU;0.870
326.25	327.75	DEJU;0.810
334.25	335.25	DEJU;0.882
344.25	346.00	DEJU;0.948
361.25	362.50	DEJU;0.959
369.25	370.00	DEJU;0.903
376.75	377.75	DEJU;0.892
385.25	386.00	DEJU;0.913
392.75	394.25	DEJU;0.888
401.75	402.75	DEJU;0.828
411.00	411.50	DEJU;0.795
419.50	421.25	DEJU;0.957
429.75	431.00	DEJU;0.836
437.25	438.75	DEJU;0.913
444.00	445.75	DEJU;0.982
450.50	452.00	DEJU;0.874
459.25	460.50	DEJU;0.873
470.00	471.50	DEJU;0.939
479.25	481.00	DEJU;0.933
488.50	489.75	DEJU;0.879
498.00	498.75	DEJU;0.940
515.50	516.75	DEJU;0.949
525.00	525.75	DEJU;0.899
533.25	533.50	DEJU;0.749
543.00	544.25	DEJU;0.952
551.25	552.50	DEJU;0.850
560.50	561.00	DEJU;0.825
568.00	569.50	DEJU;0.953
576.00	576.25	DEJU;0.704
581.50	581.75	DEJU;0.735
582.25	583.50	DEJU;0.827
590.50	591.75	DEJU;0.970
598.00	598.50	DEJU;0.759
599.25	599.50	DEJU;0.668
8.00	8.75	GWTE;0.772
24.75	26.00	GWTE;0.820
28.50	28.75	GWTE;0.515
48.25	48.50	GWTE;0.736
89.25	89.75	GWTE;0.839
103.25	103.50	GWTE;0.531
104.50	105.00	GWTE;0.650
105.25	105.75	GWTE;0.594
154.00	154.25	GWTE;0.564
171.75	172.75	GWTE;0.690
214.50	214.75	GWTE;0.506
260.50	261.25	GWTE;0.750
293.75	294.00	GWTE;0.509
301.25	302.25	GWTE;0.928
341.75	342.00	GWTE;0.685
383.25	383.75	GWTE;0.597
391.00	391.75	GWTE;0.754
393.50	393.75	GWTE;0.694
415.75	416.00	GWTE;0.501
441.75	442.00	GWTE;0.516
469.25	469.75	GWTE;0.666
522.25	523.50	GWTE;0.933
572.00	572.75	HETH;0.897
366.00	366.50	HOLA;0.587
436.25	436.75	HOLA;0.758
458.50	459.00	KILL;0.651
3.75	5.00	LISP;0.984
22.50	24.00	LISP;0.948
38.50	39.75	LISP;0.833
51.50	52.00	LISP;0.715
70.00	71.00	LISP;0.936
92.00	93.50	LISP;0.954
123.75	124.50	LISP;0.696
138.00	139.25	LISP;0.993
176.00	176.25	LISP;0.511
210.75	211.00	LISP;0.549
229.75	230.50	LISP;0.677
246.25	247.00	LISP;0.763
259.50	260.25	LISP;0.694
272.25	273.25	LISP;0.956
285.00	286.00	LISP;0.894
325.00	325.50	LISP;0.714
339.00	339.50	LISP;0.543
353.50	353.75	LISP;0.507
365.00	365.50	LISP;0.529
394.50	395.00	LISP;0.620
409.50	410.00	LISP;0.591
426.75	427.50	LISP;0.763
455.25	456.25	LISP;0.902
468.50	468.75	LISP;0.549
494.25	494.75	LISP;0.566
506.25	507.00	LISP;0.898
107.00	107.25	MGWA;0.555
585.25	585.50	MOCH;0.503
32.50	33.00	OCWA;0.571
185.00	185.25	OCWA;0.535
191.75	192.00	OCWA;0.505
193.00	193.25	OCWA;0.582
241.00	241.25	OCWA;0.536
241.50	242.50	OCWA;0.715
249.50	250.25	OCWA;0.710
254.50	255.50	OCWA;0.648
288.25	289.00	OCWA;0.840
307.25	307.50	OCWA;0.505
316.50	317.00	OCWA;0.564
327.00	327.75	OCWA;0.677
377.25	377.75	OCWA;0.593
419.50	420.00	OCWA;0.507
430.50	431.00	OCWA;0.554
437.25	437.75	OCWA;0.637
479.50	479.75	OCWA;0.557
488.75	489.25	OCWA;0.664
99.00	99.75	PISI;0.964
376.00	376.75	PISI;0.968
382.50	383.25	PISI;0.981
401.25	401.75	PISI;0.793
403.00	403.75	PISI;0.969
404.50	408.25	PISI;0.983
408.50	411.00	PISI;0.993
411.50	412.25	PISI;0.931
412.75	414.75	PISI;0.977
415.50	416.00	PISI;0.631
472.25	472.75	PISI;0.824
481.75	482.25	PISI;0.703
482.50	483.00	PISI;0.545
486.00	486.75	PISI;0.967
353.75	354.00	PUFI;0.513
96.50	97.25	PYNU;0.774
565.25	565.50	PYNU;0.516
578.00	578.50	PYNU;0.769
595.25	595.50	PYNU;0.610
162.25	163.00	ROWR;0.849
210.50	211.00	ROWR;0.687
229.50	230.00	ROWR;0.751
246.25	246.50	ROWR;0.587
259.50	260.00	ROWR;0.507
272.25	272.50	ROWR;0.558
285.00	285.50	ROWR;0.666
298.25	299.00	ROWR;0.885
311.50	312.00	ROWR;0.628
325.00	325.25	ROWR;0.513
338.75	339.25	ROWR;0.657
364.50	365.50	ROWR;0.822
409.50	409.75	ROWR;0.552
426.75	427.00	ROWR;0.660
439.50	440.25	ROWR;0.924
468.25	468.75	ROWR;0.793
481.25	481.75	ROWR;0.824
564.50	565.00	ROWR;0.528
577.25	577.75	ROWR;0.784
594.50	595.00	ROWR;0.822
313.25	314.00	SATH;0.669
474.25	474.75	SOSA;0.882
65.50	65.75	SWSP;0.540
98.00	98.75	SWSP;0.783
221.25	221.50	SWSP;0.605
429.00	429.50	TOSO;0.581
397.00	397.75	WCSP;0.882
433.75	434.00	WCSP;0.651
443.50	443.75	WCSP;0.689
447.50	448.50	WCSP;0.735
561.00	562.00	WCSP;0.895
572.25	572.75	WCSP;0.596
170.25	170.50	WEFL;0.530
496.25	496.50	WILL;0.549
10.00	11.00	WTSP;0.665
52.75	54.00	WTSP;0.868
54.25	54.75	WTSP;0.559
56.00	56.25	WTSP;0.629
59.25	59.50	WTSP;0.522
333.75	334.00	WTSP;0.722
581.50	581.75	WWCR;0.563
