51.25	51.50	BRSP;0.527
136.50	137.00	BRSP;0.710
248.25	249.50	BRSP;0.777
258.50	259.00	BRSP;0.604
9.50	9.75	CARW;0.526
1.25	3.50	CHSP;0.994
4.75	6.50	CHSP;0.993
23.00	26.75	CHSP;0.996
30.00	32.00	CHSP;0.995
34.00	36.00	CHSP;0.997
37.00	39.25	CHSP;0.990
40.75	43.25	CHSP;0.992
48.50	51.75	CHSP;0.990
71.25	74.50	CHSP;0.983
82.25	82.75	CHSP;0.725
83.25	84.00	CHSP;0.745
99.50	102.00	CHSP;0.877
103.00	104.75	CHSP;0.936
111.00	115.00	CHSP;0.945
118.50	121.00	CHSP;0.914
125.00	128.00	CHSP;0.991
131.25	133.00	CHSP;0.981
133.25	136.00	CHSP;0.991
136.50	139.75	CHSP;0.992
140.25	143.75	CHSP;0.984
146.50	148.00	CHSP;0.986
151.25	154.50	CHSP;0.989
158.50	160.75	CHSP;0.951
163.25	165.00	CHSP;0.882
167.25	170.75	CHSP;0.990
171.75	174.75	CHSP;0.953
185.25	188.00	CHSP;0.988
193.25	200.25	CHSP;0.994
202.25	203.75	CHSP;0.966
205.00	207.25	CHSP;0.910
209.50	212.50	CHSP;0.993
214.25	215.75	CHSP;0.923
218.50	219.25	CHSP;0.777
219.75	221.00	CHSP;0.792
223.50	224.25	CHSP;0.749
225.75	228.75	CHSP;0.992
231.00	233.50	CHSP;0.980
235.50	236.50	CHSP;0.827
240.75	243.50	CHSP;0.994
244.50	245.00	CHSP;0.744
248.00	248.75	CHSP;0.782
249.00	250.00	CHSP;0.789
251.75	254.00	CHSP;0.989
256.75	257.75	CHSP;0.963
258.50	259.00	CHSP;0.684
265.00	267.75	CHSP;0.957
271.50	273.00	CHSP;0.942
276.00	276.75	CHSP;0.835
279.00	280.00	CHSP;0.902
284.50	286.50	CHSP;0.983
0.00	0.50	DEJU;0.743
73.75	74.50	DEJU;0.820
83.50	84.00	DEJU;0.650
99.75	100.50	DEJU;0.605
101.50	102.25	DEJU;0.554
114.25	115.00	DEJU;0.625
120.25	121.25	DEJU;0.614
139.00	139.50	DEJU;0.517
162.75	163.50	DEJU;0.586
193.25	193.50	DEJU;0.518
199.00	199.50	DEJU;0.550
204.25	205.00	DEJU;0.758
212.25	212.75	DEJU;0.678
215.00	215.50	DEJU;0.591
88.50	88.75	EATO;0.518
100.75	101.00	FISP;0.506
131.00	131.25	FISP;0.506
164.25	164.75	FISP;0.555
215.75	216.00	FISP;0.521
222.75	223.75	FISP;0.625
225.50	225.75	FISP;0.562
16.50	17.75	FOSP;0.872
52.50	53.50	FOSP;0.823
65.50	67.00	FOSP;0.983
73.50	73.75	FOSP;0.696
74.75	76.00	FOSP;0.865
89.00	90.50	FOSP;0.983
93.00	93.75	FOSP;0.854
111.00	111.50	FOSP;0.695
111.75	112.00	FOSP;0.682
130.00	130.50	FOSP;0.769
140.75	142.00	FOSP;0.938
145.25	146.75	FOSP;0.929
148.00	149.25	FOSP;0.908
154.50	156.75	FOSP;0.987
159.00	160.50	FOSP;0.927
164.00	165.00	FOSP;0.813
169.75	171.00	FOSP;0.845
174.50	176.25	FOSP;0.990
183.75	185.50	FOSP;0.991
195.25	196.50	FOSP;0.889
205.25	206.00	FOSP;0.860
206.25	209.50	FOSP;0.996
216.50	217.75	FOSP;0.849
220.00	222.25	FOSP;0.997
232.25	235.00	FOSP;0.996
245.50	248.00	FOSP;0.994
253.00	254.50	FOSP;0.935
272.00	273.25	FOSP;0.839
279.50	281.00	FOSP;0.964
286.00	287.25	FOSP;0.987
12.25	13.00	GCSP;0.716
238.25	239.25	GCSP;0.743
84.50	85.00	HETH;0.526
101.00	101.25	HETH;0.513
133.00	133.50	HETH;0.886
219.25	219.75	HETH;0.531
295.75	296.25	HOLA;0.641
22.50	22.75	LARB;0.530
46.25	46.50	LASP;0.502
10.75	11.75	LISP;0.896
15.00	15.75	LISP;0.713
46.00	48.00	LISP;0.967
58.00	59.00	LISP;0.901
79.50	80.50	LISP;0.665
97.50	99.00	LISP;0.944
107.75	109.00	LISP;0.985
110.25	110.75	LISP;0.783
121.25	122.00	LISP;0.717
129.50	129.75	LISP;0.556
150.25	151.25	LISP;0.823
161.00	163.00	LISP;0.980
191.75	192.75	LISP;0.701
203.50	204.25	LISP;0.755
255.00	256.00	LISP;0.701
263.25	264.50	LISP;0.973
119.25	120.00	MAMU;0.883
20.25	20.75	MOCH;0.590
83.50	83.75	OCWA;0.511
121.00	121.25	OCWA;0.509
80.75	81.50	PISI;0.932
86.50	87.25	PISI;0.954
92.00	93.00	PISI;0.984
94.75	95.50	PISI;0.991
9.75	10.00	PUFI;0.535
165.25	165.75	REVI;0.652
88.50	88.75	SAPH;0.593
137.25	137.75	SAPH;0.727
155.00	155.25	SAPH;0.507
130.50	130.75	SATH;0.502
17.50	17.75	SNBU;0.753
89.50	89.75	SNBU;0.517
276.25	276.50	SWSP;0.637
211.75	212.25	SWTH;0.900
283.25	283.75	VESP;0.680
12.75	15.00	WCSP;0.994
18.75	20.25	WCSP;0.988
26.50	28.75	WCSP;0.987
40.00	41.00	WCSP;0.941
49.00	49.50	WCSP;0.709
55.50	57.25	WCSP;0.990
61.75	64.00	WCSP;0.993
68.00	71.25	WCSP;0.993
76.25	78.25	WCSP;0.996
82.75	83.25	WCSP;0.702
84.00	86.25	WCSP;0.995
104.75	106.25	WCSP;0.990
110.00	110.50	WCSP;0.680
116.75	118.00	WCSP;0.990
122.25	124.25	WCSP;0.994
128.75	129.50	WCSP;0.765
133.00	133.50	WCSP;0.748
135.50	137.00	WCSP;0.930
143.50	145.50	WCSP;0.993
146.00	146.50	WCSP;0.775
149.00	150.75	WCSP;0.832
176.25	177.50	WCSP;0.802
179.75	181.50	WCSP;0.962
188.00	191.25	WCSP;0.978
212.75	213.75	WCSP;0.903
217.00	217.75	WCSP;0.913
219.25	220.00	WCSP;0.819
229.25	230.50	WCSP;0.901
236.50	238.75	WCSP;0.996
240.00	241.00	WCSP;0.909
244.25	244.50	WCSP;0.664
247.00	247.25	WCSP;0.679
248.25	248.75	WCSP;0.733
257.50	258.75	WCSP;0.965
259.00	259.25	WCSP;0.735
268.00	270.00	WCSP;0.991
277.50	278.75	WCSP;0.949
280.25	281.00	WCSP;0.832
289.50	290.00	WCSP;0.663
294.50	295.75	WCSP;0.827
297.50	299.50	WCSP;0.996
130.50	130.75	WEME;0.623
6.25	7.00	WTSP;0.829
8.25	9.00	WTSP;0.898
12.50	13.25	WTSP;0.736
19.00	19.50	WTSP;0.764
19.75	21.50	WTSP;0.879
32.00	34.25	WTSP;0.991
43.25	45.50	WTSP;0.989
49.25	49.50	WTSP;0.669
53.50	56.00	WTSP;0.971
62.00	62.50	WTSP;0.714
66.75	68.25	WTSP;0.774
69.25	70.00	WTSP;0.759
76.00	77.00	WTSP;0.924
95.50	97.25	WTSP;0.974
100.50	101.00	WTSP;0.689
102.00	103.00	WTSP;0.951
104.50	105.25	WTSP;0.828
106.25	107.75	WTSP;0.958
112.50	113.00	WTSP;0.686
128.00	129.00	WTSP;0.842
130.75	131.00	WTSP;0.669
143.50	143.75	WTSP;0.678
172.75	173.25	WTSP;0.703
179.50	180.00	WTSP;0.696
180.75	182.50	WTSP;0.925
183.00	184.00	WTSP;0.888
197.75	199.00	WTSP;0.804
213.75	214.75	WTSP;0.790
222.50	223.50	WTSP;0.799
224.25	225.75	WTSP;0.977
227.50	228.00	WTSP;0.680
228.25	230.00	WTSP;0.865
238.75	240.50	WTSP;0.883
249.25	252.75	WTSP;0.992
257.75	258.00	WTSP;0.676
266.00	268.50	WTSP;0.981
270.25	272.00	WTSP;0.956
276.50	278.00	WTSP;0.883
287.00	291.50	WTSP;0.984
294.25	294.75	WTSP;0.815
204.50	204.75	WWCR;0.536
293.25	293.50	WWCR;0.550
