129.25	130.25	AMRO;0.815
137.25	139.00	AMRO;0.934
154.00	154.25	AMRO;0.510
171.00	171.50	AMRO;0.578
181.25	181.75	AMRO;0.730
250.50	251.00	BHVI;0.967
214.75	215.50	BLJA;0.917
173.25	174.00	DEJU;0.680
242.00	242.50	DEJU;0.734
193.50	193.75	EAME;0.662
248.50	248.75	EVGR;0.500
88.75	89.00	FLOW;0.516
10.25	11.25	FOSP;0.865
47.25	48.50	FOSP;0.705
202.25	204.25	FOSP;0.986
132.00	132.25	GWTE;0.524
178.25	178.50	GWTE;0.614
217.25	217.50	HETH;0.511
223.25	223.75	HETH;0.726
212.75	213.00	LOSH;0.515
28.00	28.25	PIGR;0.565
34.75	35.00	PISI;0.712
37.25	37.75	PISI;0.934
39.00	39.75	PISI;0.992
41.00	42.00	PISI;0.956
42.25	43.25	PISI;0.991
45.75	47.00	PISI;0.998
75.25	75.75	PISI;0.881
76.75	80.25	PISI;0.994
80.75	87.25	PISI;0.998
88.00	88.75	PISI;0.982
175.50	176.00	PISI;0.891
181.50	182.25	PISI;0.987
182.75	189.75	PISI;0.991
191.75	192.50	PISI;0.940
230.25	230.75	PISI;0.910
44.25	44.75	PYNU;0.743
261.25	261.75	RUGR;0.549
295.25	295.75	SAPH;0.834
132.00	132.25	SATH;0.512
28.50	29.00	SNBU;0.820
248.50	249.00	SNBU;0.546
173.25	173.75	SWSP;0.617
