229.00	229.25	AGOL;0.557
17.25	17.75	AMGP;0.603
19.00	19.25	AMGP;0.553
32.00	32.25	AMGP;0.583
41.25	41.50	AMGP;0.696
50.50	50.75	AMGP;0.500
9.25	9.50	AMRO;0.513
226.00	226.50	AMRO;0.581
254.00	254.50	AMRO;0.534
266.50	266.75	AMRO;0.540
154.50	154.75	BBPL;0.500
26.00	26.25	BLGU;0.612
143.50	143.75	BLOY;0.563
24.25	25.00	DUNL;0.749
25.25	25.75	DUNL;0.635
58.75	59.75	DUNL;0.664
65.25	65.75	DUNL;0.835
73.25	74.50	DUNL;0.816
75.50	75.75	DUNL;0.597
83.25	84.00	DUNL;0.689
87.25	87.75	DUNL;0.663
91.00	91.50	DUNL;0.643
127.00	127.50	DUNL;0.583
133.50	134.00	DUNL;0.590
143.75	145.00	DUNL;0.854
156.25	157.50	DUNL;0.726
159.25	160.00	DUNL;0.751
165.25	167.00	DUNL;0.761
173.00	173.75	DUNL;0.662
177.25	178.00	DUNL;0.746
178.50	178.75	DUNL;0.501
209.00	209.25	DUNL;0.516
241.25	242.50	DUNL;0.738
251.25	252.00	DUNL;0.827
258.25	258.75	DUNL;0.722
266.75	268.00	DUNL;0.728
274.50	275.00	DUNL;0.790
275.50	276.25	DUNL;0.557
280.25	281.00	DUNL;0.887
247.25	247.50	EAME;0.563
109.50	109.75	FISP;0.537
138.75	139.50	FISP;0.764
221.25	221.50	FISP;0.501
229.00	229.25	FISP;0.595
62.25	63.00	FOSP;0.871
99.25	99.75	FOSP;0.723
181.25	182.25	FOSP;0.898
189.50	191.00	FOSP;0.983
198.50	198.75	FOSP;0.593
238.00	238.75	FOSP;0.946
247.25	247.50	FOSP;0.518
257.25	257.75	FOSP;0.799
260.25	261.75	FOSP;0.937
271.25	272.00	FOSP;0.691
20.25	21.00	GCSP;0.780
198.50	199.25	GCSP;0.655
66.50	66.75	HASP;0.641
94.50	95.25	HASP;0.723
108.50	108.75	HASP;0.540
145.25	145.75	HASP;0.768
154.50	155.00	HASP;0.567
179.25	179.75	HASP;0.651
218.25	218.75	HASP;0.702
299.75	300.00	HETH;0.512
214.50	214.75	HOLA;0.501
40.25	40.75	LESA;0.636
78.75	79.25	LISP;0.524
265.00	266.00	LISP;0.986
0.00	0.50	MAMU;0.527
44.00	44.75	MAMU;0.899
3.25	3.75	MOCH;0.659
102.25	102.50	MOCH;0.506
269.25	270.25	MOCH;0.884
209.75	210.50	OSPR;0.654
163.75	164.00	PIGR;0.558
153.50	153.75	PYNU;0.640
172.25	172.50	SAPH;0.638
233.25	233.50	SAPH;0.551
237.25	237.50	SNBU;0.526
271.50	272.50	SNBU;0.744
261.25	261.75	VESP;0.594
268.00	268.25	WATA;0.616
0.00	1.75	WCSP;0.988
11.00	12.75	WCSP;0.994
14.00	14.50	WCSP;0.707
21.50	23.50	WCSP;0.994
29.75	30.00	WCSP;0.670
33.00	34.75	WCSP;0.980
45.00	46.75	WCSP;0.990
57.00	59.00	WCSP;0.992
69.75	71.50	WCSP;0.992
81.00	83.00	WCSP;0.993
92.25	94.00	WCSP;0.987
99.00	99.75	WCSP;0.856
104.00	106.50	WCSP;0.990
116.00	117.75	WCSP;0.996
128.00	129.75	WCSP;0.992
145.50	147.25	WCSP;0.995
147.50	148.00	WCSP;0.718
157.75	159.25	WCSP;0.996
168.75	170.75	WCSP;0.995
179.25	181.00	WCSP;0.985
181.50	182.25	WCSP;0.797
193.75	195.75	WCSP;0.994
198.75	199.00	WCSP;0.682
204.75	206.75	WCSP;0.997
218.50	219.75	WCSP;0.946
232.00	234.00	WCSP;0.996
0.25	0.50	WTSP;0.659
3.00	4.50	WTSP;0.891
10.00	11.25	WTSP;0.941
13.75	16.75	WTSP;0.986
21.50	22.00	WTSP;0.781
26.00	26.50	WTSP;0.749
27.00	28.00	WTSP;0.988
29.25	32.00	WTSP;0.988
32.50	33.75	WTSP;0.848
37.50	38.50	WTSP;0.954
42.50	43.00	WTSP;0.717
44.75	45.50	WTSP;0.833
47.00	49.25	WTSP;0.988
52.00	54.00	WTSP;0.986
56.00	57.75	WTSP;0.915
63.00	65.25	WTSP;0.964
66.00	70.00	WTSP;0.997
76.00	77.00	WTSP;0.836
80.00	81.50	WTSP;0.943
84.25	88.25	WTSP;0.986
91.75	92.50	WTSP;0.863
96.25	99.00	WTSP;0.996
101.75	102.50	WTSP;0.829
104.00	104.75	WTSP;0.843
109.25	109.50	WTSP;0.672
110.00	111.00	WTSP;0.910
116.00	116.25	WTSP;0.696
118.25	121.25	WTSP;0.992
124.00	126.25	WTSP;0.953
127.50	128.50	WTSP;0.802
130.00	131.00	WTSP;0.940
134.50	139.00	WTSP;0.989
140.50	142.50	WTSP;0.989
145.25	145.75	WTSP;0.737
149.50	151.75	WTSP;0.972
164.50	164.75	WTSP;0.669
174.50	177.25	WTSP;0.993
179.00	180.00	WTSP;0.832
186.75	189.00	WTSP;0.968
192.00	194.00	WTSP;0.973
199.00	201.00	WTSP;0.990
202.50	204.00	WTSP;0.936
204.50	205.00	WTSP;0.720
211.25	214.00	WTSP;0.983
214.50	218.75	WTSP;0.973
220.50	223.00	WTSP;0.970
227.75	228.50	WTSP;0.839
231.75	232.50	WTSP;0.811
287.50	289.00	WTSP;0.958
296.50	297.25	WTSP;0.749
