25.50	27.00	AMRO;0.867
30.25	31.50	AMRO;0.831
35.75	37.00	AMRO;0.986
42.25	43.00	AMRO;0.747
43.50	47.00	AMRO;0.954
48.25	48.75	AMRO;0.677
49.75	53.75	AMRO;0.961
55.50	57.75	AMRO;0.957
59.50	62.50	AMRO;0.977
64.25	65.50	AMRO;0.926
66.75	67.25	AMRO;0.719
67.50	69.00	AMRO;0.949
69.50	75.25	AMRO;0.996
76.50	78.00	AMRO;0.949
80.50	85.25	AMRO;0.965
88.00	88.75	AMRO;0.683
93.50	95.75	AMRO;0.881
96.50	98.00	AMRO;0.834
99.25	103.00	AMRO;0.986
104.75	106.00	AMRO;0.913
107.50	108.50	AMRO;0.796
110.25	111.50	AMRO;0.814
115.50	116.00	AMRO;0.726
120.00	121.25	AMRO;0.888
122.25	124.00	AMRO;0.950
130.75	132.00	AMRO;0.868
133.00	134.25	AMRO;0.929
137.00	137.75	AMRO;0.840
139.00	139.75	AMRO;0.796
142.25	144.00	AMRO;0.852
145.50	146.75	AMRO;0.765
151.00	151.25	AMRO;0.710
152.25	154.00	AMRO;0.893
155.25	156.50	AMRO;0.780
160.25	161.00	AMRO;0.798
162.25	163.75	AMRO;0.781
164.75	166.00	AMRO;0.816
168.50	170.00	AMRO;0.853
171.00	171.75	AMRO;0.821
172.50	173.50	AMRO;0.736
179.00	180.75	AMRO;0.923
182.00	183.00	AMRO;0.975
185.25	186.50	AMRO;0.852
188.25	193.50	AMRO;0.964
194.50	196.50	AMRO;0.880
197.00	198.75	AMRO;0.987
200.75	202.00	AMRO;0.902
204.00	204.50	AMRO;0.732
208.00	208.25	AMRO;0.699
209.00	211.00	AMRO;0.986
214.00	218.25	AMRO;0.947
221.00	222.00	AMRO;0.927
222.50	223.75	AMRO;0.760
224.00	225.25	AMRO;0.871
226.50	227.25	AMRO;0.798
229.50	230.25	AMRO;0.760
231.00	232.50	AMRO;0.910
238.00	245.50	AMRO;0.995
252.75	257.00	AMRO;0.939
260.00	260.75	AMRO;0.736
262.00	264.50	AMRO;0.937
267.00	269.25	AMRO;0.964
274.00	275.25	AMRO;0.980
276.25	276.50	AMRO;0.669
277.00	278.00	AMRO;0.807
280.00	280.75	AMRO;0.748
281.50	283.50	AMRO;0.968
285.25	286.50	AMRO;0.938
289.25	290.75	AMRO;0.768
291.25	293.25	AMRO;0.984
294.50	295.75	AMRO;0.869
297.50	298.00	AMRO;0.736
299.25	300.00	AMRO;0.909
38.25	38.50	AMWI;0.600
97.25	97.75	BAOR;0.567
294.75	295.00	BBPL;0.527
39.25	43.75	BRSP;0.958
85.25	85.50	BRSP;0.500
95.50	95.75	BRSP;0.542
105.75	106.75	BRSP;0.773
118.50	118.75	BRSP;0.503
127.25	127.50	BRSP;0.532
225.00	226.00	BRSP;0.644
41.00	43.25	CCSP;0.813
72.00	73.00	CCSP;0.961
83.50	84.50	CCSP;0.949
85.00	87.50	CCSP;0.962
92.75	93.50	CCSP;0.915
96.00	96.50	CCSP;0.730
100.25	102.25	CCSP;0.996
105.75	106.50	CCSP;0.803
111.25	112.75	CCSP;0.926
118.75	121.25	CCSP;0.966
123.50	123.75	CCSP;0.661
132.25	134.75	CCSP;0.993
142.00	142.25	CCSP;0.658
150.50	152.00	CCSP;0.995
157.50	159.00	CCSP;0.978
181.00	182.50	CCSP;0.999
191.00	192.50	CCSP;0.986
198.25	199.50	CCSP;0.819
215.00	215.50	CCSP;0.800
225.00	226.00	CCSP;0.855
261.25	261.75	CCSP;0.759
248.25	249.25	CHSP;0.932
279.00	279.50	CHSP;0.639
290.50	290.75	CHSP;0.543
286.25	286.75	DEJU;0.729
108.50	108.75	EABL;0.557
120.00	120.50	EABL;0.673
155.25	155.75	EABL;0.653
249.25	250.00	EABL;0.889
297.50	298.00	EABL;0.814
203.25	203.50	FISP;0.505
79.75	80.75	FOSP;0.864
113.00	113.50	FOSP;0.751
128.25	128.75	FOSP;0.685
234.00	234.50	FOSP;0.585
246.00	246.75	FOSP;0.810
265.25	265.50	FOSP;0.503
19.25	19.75	GCSP;0.591
175.50	175.75	GCSP;0.521
237.75	238.00	LEYE;0.548
4.75	5.25	LISP;0.732
5.75	6.25	LISP;0.520
10.25	11.50	LISP;0.972
16.00	17.00	LISP;0.830
22.25	23.25	LISP;0.851
50.75	51.50	LISP;0.667
59.00	60.50	LISP;0.897
62.50	62.75	LISP;0.660
77.00	77.50	LISP;0.610
90.75	91.50	LISP;0.788
103.50	104.75	LISP;0.895
138.00	139.75	LISP;0.863
150.00	150.50	LISP;0.688
163.00	163.50	LISP;0.589
183.00	184.00	LISP;0.951
206.00	206.50	LISP;0.681
223.50	224.25	LISP;0.747
270.50	272.00	LISP;0.931
288.00	288.75	LISP;0.732
289.75	290.25	LISP;0.643
298.25	299.50	LISP;0.832
4.25	4.50	MAMU;0.529
18.25	18.75	MAMU;0.693
33.25	33.50	MAMU;0.535
177.25	177.50	MOBL;0.829
148.75	149.25	MOCH;0.678
212.50	212.75	OSFL;0.588
253.50	253.75	OSFL;0.629
79.50	79.75	RBGR;0.541
110.50	110.75	RBGR;0.531
53.00	53.50	SATH;0.684
118.25	118.50	SATH;0.537
136.00	136.50	SATH;0.570
150.25	150.75	SATH;0.737
172.50	173.25	SATH;0.734
53.50	54.00	TOSO;0.613
262.25	262.75	TOSO;0.590
206.75	207.00	VESP;0.630
233.25	233.50	VESP;0.517
4.25	6.00	WCSP;0.860
8.75	10.25	WCSP;0.968
14.00	15.25	WCSP;0.903
19.75	22.00	WCSP;0.994
23.50	24.25	WCSP;0.884
28.00	30.00	WCSP;0.993
37.00	39.00	WCSP;0.992
47.75	49.00	WCSP;0.994
57.50	58.75	WCSP;0.938
65.25	65.75	WCSP;0.759
66.25	67.25	WCSP;0.766
71.25	72.25	WCSP;0.837
77.50	79.00	WCSP;0.968
90.50	91.25	WCSP;0.692
95.50	95.75	WCSP;0.672
96.00	96.50	WCSP;0.723
129.50	131.00	WCSP;0.995
139.50	140.25	WCSP;0.824
147.75	148.25	WCSP;0.715
164.00	164.25	WCSP;0.701
164.50	167.00	WCSP;0.977
170.00	172.25	WCSP;0.929
175.75	177.75	WCSP;0.986
186.25	188.50	WCSP;0.990
193.00	195.00	WCSP;0.977
199.50	201.50	WCSP;0.981
208.00	209.00	WCSP;0.980
210.25	211.25	WCSP;0.780
212.75	215.00	WCSP;0.990
217.75	218.75	WCSP;0.837
220.00	222.25	WCSP;0.986
224.25	224.50	WCSP;0.674
226.00	229.50	WCSP;0.992
234.00	234.75	WCSP;0.785
236.25	237.50	WCSP;0.969
243.25	245.00	WCSP;0.927
250.75	252.75	WCSP;0.993
257.25	260.00	WCSP;0.989
265.25	267.25	WCSP;0.998
272.25	274.00	WCSP;0.984
279.75	281.75	WCSP;0.990
0.25	4.25	WTSP;0.994
7.50	9.00	WTSP;0.981
13.50	14.75	WTSP;0.948
18.50	20.25	WTSP;0.878
24.00	25.50	WTSP;0.974
27.25	28.25	WTSP;0.867
33.25	35.50	WTSP;0.984
37.00	37.50	WTSP;0.707
44.25	46.25	WTSP;0.966
49.00	49.50	WTSP;0.774
54.50	56.50	WTSP;0.980
64.75	66.75	WTSP;0.946
69.00	72.00	WTSP;0.917
78.75	79.00	WTSP;0.670
89.00	90.75	WTSP;0.988
92.25	93.00	WTSP;0.886
98.00	100.25	WTSP;0.970
106.75	107.00	WTSP;0.700
109.25	110.75	WTSP;0.948
113.25	115.25	WTSP;0.837
116.75	117.75	WTSP;0.870
121.25	123.00	WTSP;0.963
124.00	127.00	WTSP;0.979
134.50	135.25	WTSP;0.865
140.00	142.00	WTSP;0.955
144.00	145.75	WTSP;0.969
148.25	149.25	WTSP;0.857
154.75	160.50	WTSP;0.984
175.50	176.25	WTSP;0.861
177.75	180.00	WTSP;0.922
202.50	203.50	WTSP;0.851
218.75	219.25	WTSP;0.705
219.50	219.75	WTSP;0.659
220.00	220.25	WTSP;0.661
227.25	228.00	WTSP;0.802
243.00	243.50	WTSP;0.760
258.00	258.50	WTSP;0.783
272.25	272.75	WTSP;0.750
283.25	285.50	WTSP;0.995
