25.25	25.50	AMGP;0.623
134.25	134.50	AMGP;0.734
115.00	115.50	AMRO;0.597
121.50	122.75	AMRO;0.813
149.25	149.50	AMRO;0.545
174.75	175.00	AMRO;0.564
253.25	254.00	AMRO;0.684
273.25	274.25	AMRO;0.700
395.50	395.75	AMRO;0.538
443.50	444.00	AMRO;0.597
469.25	470.00	AMRO;0.708
473.75	474.25	AMRO;0.661
525.50	525.75	AMRO;0.516
569.00	569.25	AMRO;0.537
570.00	570.75	AMRO;0.865
587.50	588.50	AMRO;0.798
589.00	589.50	AMRO;0.581
590.25	590.50	AMRO;0.510
124.00	124.50	BAOR;0.750
416.25	416.50	BHVI;0.566
171.25	172.00	BLGU;0.789
109.25	110.00	CAFI;0.685
8.25	8.50	DEJU;0.555
37.00	37.50	DEJU;0.555
51.25	51.50	DEJU;0.584
129.50	129.75	DEJU;0.514
232.50	233.00	DEJU;0.596
527.00	527.25	EABL;0.511
416.25	416.50	EATO;0.534
2.75	4.75	FOSP;0.991
17.00	18.25	FOSP;0.971
30.00	31.00	FOSP;0.992
33.25	35.25	FOSP;0.988
40.00	41.25	FOSP;0.995
53.00	54.75	FOSP;0.995
62.00	63.25	FOSP;0.996
68.75	71.00	FOSP;0.997
79.00	80.00	FOSP;0.917
89.00	90.00	FOSP;0.984
109.00	109.50	FOSP;0.706
118.50	119.50	FOSP;0.909
131.25	131.75	FOSP;0.733
154.25	154.50	FOSP;0.688
165.75	167.00	FOSP;0.973
177.25	179.00	FOSP;0.987
200.25	201.25	FOSP;0.982
223.75	224.75	FOSP;0.939
252.00	253.00	FOSP;0.980
255.50	257.50	FOSP;0.993
275.00	276.75	FOSP;0.996
277.25	278.00	FOSP;0.813
295.00	297.25	FOSP;0.996
302.00	303.00	FOSP;0.994
315.25	318.50	FOSP;0.994
334.00	334.75	FOSP;0.927
338.75	341.00	FOSP;0.996
346.25	347.50	FOSP;0.981
352.00	353.00	FOSP;0.961
359.25	361.50	FOSP;0.990
372.00	373.50	FOSP;0.968
374.25	376.75	FOSP;0.995
384.50	385.50	FOSP;0.852
388.75	390.75	FOSP;0.995
398.50	400.25	FOSP;0.987
401.25	402.50	FOSP;0.781
412.75	414.75	FOSP;0.993
425.25	427.00	FOSP;0.981
439.50	440.50	FOSP;0.934
454.75	455.75	FOSP;0.989
481.25	482.75	FOSP;0.990
504.00	504.50	FOSP;0.837
527.25	529.50	FOSP;0.989
548.75	549.50	FOSP;0.843
555.50	556.75	FOSP;0.944
564.25	565.00	FOSP;0.742
565.75	567.75	FOSP;0.996
578.25	580.75	FOSP;0.996
591.50	592.25	FOSP;0.879
593.00	595.00	FOSP;0.932
255.00	255.50	GCSP;0.654
415.75	416.00	GCSP;0.523
593.25	594.00	GCSP;0.744
349.75	350.00	GOEA;0.552
2.00	3.00	GWTE;0.932
91.50	91.75	GWTE;0.613
149.00	149.50	GWTE;0.631
366.50	366.75	GWTE;0.548
395.50	395.75	GWTE;0.556
488.50	489.00	GWTE;0.840
557.75	558.00	GWTE;0.544
558.25	558.50	GWTE;0.531
78.75	79.00	HETH;0.621
409.25	409.50	HOLA;0.613
189.50	189.75	LASP;0.531
204.50	204.75	LASP;0.572
234.00	234.25	LASP;0.525
248.00	248.25	LASP;0.510
37.25	37.75	LISP;0.587
51.00	51.75	LISP;0.633
65.25	66.00	LISP;0.717
99.25	99.50	LISP;0.526
129.50	130.00	LISP;0.670
173.75	174.75	LISP;0.743
188.25	189.75	LISP;0.757
203.50	203.75	LISP;0.621
218.25	219.00	LISP;0.809
232.75	233.50	LISP;0.708
246.75	247.75	LISP;0.932
94.00	94.25	LOSH;0.528
351.50	351.75	MOCH;0.540
583.25	584.00	MOCH;0.638
595.25	595.50	MOCH;0.505
94.00	94.25	NSHR;0.640
95.50	95.75	OSPR;0.692
230.25	230.50	OSPR;0.855
131.00	131.50	PIGR;0.521
140.25	140.75	PIGR;0.787
198.75	199.00	PIGR;0.501
360.25	360.75	PUFI;0.676
591.00	591.75	RBGR;0.773
592.00	592.75	RBGR;0.795
224.75	225.00	REVI;0.597
184.00	186.25	RUGR;0.820
187.50	188.00	RUGR;0.537
484.00	487.00	RUGR;0.926
160.75	161.25	RUTU;0.819
250.75	251.00	RWBL;0.539
312.00	312.25	RWBL;0.528
589.00	589.50	SAND;0.523
187.50	187.75	SATH;0.530
191.25	191.75	SATH;0.643
544.00	545.25	SATH;0.886
551.00	551.50	SATH;0.673
52.50	52.75	SBDO;0.619
469.75	470.00	SBDO;0.513
9.50	9.75	SESA;0.709
17.25	17.50	SNBU;0.505
334.00	334.25	SNBU;0.596
401.00	401.50	SNBU;0.901
144.50	145.00	TOSO;0.663
153.50	154.00	TOSO;0.673
165.25	165.75	TOSO;0.607
176.25	176.50	TOSO;0.579
242.50	242.75	TOSO;0.583
259.25	259.75	TOSO;0.623
533.75	534.00	UPSA;0.761
48.75	49.50	VATH;0.721
103.50	104.00	VATH;0.728
125.50	125.75	VATH;0.524
159.25	159.50	VATH;0.648
163.75	164.00	VATH;0.762
186.50	187.00	VATH;0.830
226.50	227.00	VATH;0.683
241.00	241.50	VATH;0.749
288.00	288.75	VATH;0.971
292.50	293.00	VATH;0.758
325.50	326.50	VATH;0.950
403.50	404.25	VATH;0.946
514.25	514.75	VATH;0.888
553.25	554.00	VATH;0.955
25.25	25.50	WATA;0.519
131.50	131.75	WCSP;0.501
385.00	385.50	WCSP;0.658
556.00	556.50	WCSP;0.789
576.00	576.50	WCSP;0.705
0.00	2.50	WTSP;0.996
12.00	13.50	WTSP;0.988
14.25	15.00	WTSP;0.886
35.25	36.75	WTSP;0.985
57.00	60.00	WTSP;0.981
103.50	103.75	WTSP;0.669
120.00	120.50	WTSP;0.952
125.25	126.00	WTSP;0.808
181.00	181.75	WTSP;0.792
226.25	229.25	WTSP;0.996
236.50	238.75	WTSP;0.980
241.00	241.50	WTSP;0.738
244.25	246.50	WTSP;0.987
254.25	255.50	WTSP;0.862
264.00	267.00	WTSP;0.987
284.25	287.75	WTSP;0.992
297.25	300.75	WTSP;0.979
306.00	311.00	WTSP;0.993
318.75	320.00	WTSP;0.986
321.00	322.75	WTSP;0.988
330.00	333.75	WTSP;0.994
340.75	344.25	WTSP;0.997
350.00	352.00	WTSP;0.994
354.25	357.75	WTSP;0.995
363.50	365.75	WTSP;0.984
368.75	372.00	WTSP;0.995
384.00	384.75	WTSP;0.824
385.50	386.50	WTSP;0.855
395.00	398.25	WTSP;0.992
404.00	407.00	WTSP;0.992
410.00	412.75	WTSP;0.995
415.50	418.25	WTSP;0.978
428.25	430.75	WTSP;0.990
440.50	442.50	WTSP;0.960
450.25	452.75	WTSP;0.989
461.00	462.75	WTSP;0.981
470.50	473.00	WTSP;0.981
482.75	485.50	WTSP;0.996
573.75	576.00	WTSP;0.994
582.25	585.00	WTSP;0.961
593.00	593.25	WTSP;0.666
