94.50	94.75	AMGP;0.640
113.25	113.50	AMGP;0.520
276.25	277.50	CHSP;0.696
282.00	282.50	CHSP;0.591
257.75	258.50	DEJU;0.721
208.25	208.50	EATO;0.538
80.50	81.00	FISP;0.651
68.75	70.00	FOSP;0.888
78.25	79.75	FOSP;0.988
86.50	87.50	FOSP;0.856
96.75	98.25	FOSP;0.979
129.25	130.25	FOSP;0.976
139.25	140.25	FOSP;0.985
148.00	149.50	FOSP;0.992
157.00	158.00	FOSP;0.990
165.00	166.00	FOSP;0.958
173.50	175.00	FOSP;0.986
182.00	183.25	FOSP;0.995
190.50	192.00	FOSP;0.993
199.25	200.75	FOSP;0.991
208.25	209.75	FOSP;0.969
216.50	217.50	FOSP;0.903
225.25	226.50	FOSP;0.988
233.75	235.25	FOSP;0.988
246.75	248.00	FOSP;0.981
262.00	262.50	FOSP;0.663
272.75	274.00	FOSP;0.935
288.00	289.00	FOSP;0.982
297.00	298.25	FOSP;0.992
96.50	96.75	HETH;0.638
142.50	142.75	HETH;0.567
147.75	148.00	HETH;0.803
164.75	165.00	HETH;0.618
216.25	216.75	HETH;0.668
233.50	234.00	HETH;0.817
246.25	247.00	HETH;0.826
287.50	287.75	HETH;0.574
30.25	30.50	HOFI;0.716
251.25	251.75	LASP;0.637
0.75	2.25	LISP;0.991
10.50	12.00	LISP;0.971
16.25	17.25	LISP;0.846
19.50	21.00	LISP;0.940
27.25	27.75	LISP;0.746
28.75	30.00	LISP;0.991
38.50	40.25	LISP;0.991
47.75	49.25	LISP;0.986
57.00	58.25	LISP;0.997
66.00	67.75	LISP;0.995
70.75	71.00	LISP;0.674
75.00	76.25	LISP;0.987
83.75	85.50	LISP;0.996
93.00	94.50	LISP;0.996
103.00	104.00	LISP;0.945
112.00	113.50	LISP;0.992
131.25	132.25	LISP;0.916
155.50	156.50	LISP;0.770
165.75	167.00	LISP;0.982
176.00	177.50	LISP;0.971
186.50	187.25	LISP;0.784
196.25	198.00	LISP;0.988
206.75	208.25	LISP;0.952
217.75	219.50	LISP;0.977
227.75	229.00	LISP;0.885
250.50	251.25	LISP;0.762
261.00	262.50	LISP;0.995
272.25	273.00	LISP;0.813
283.25	284.50	LISP;0.845
294.75	295.50	LISP;0.749
200.50	200.75	OSFL;0.626
284.50	284.75	PISI;0.529
49.00	49.25	PUFI;0.608
67.50	67.75	PUFI;0.554
85.25	85.50	PUFI;0.666
94.50	94.75	PUFI;0.549
262.00	262.50	PUFI;0.581
101.25	101.75	REVI;0.689
10.50	11.00	ROWR;0.719
121.00	122.00	ROWR;0.896
155.00	156.00	ROWR;0.856
176.00	176.50	ROWR;0.661
186.00	186.75	ROWR;0.951
196.25	197.00	ROWR;0.775
207.00	207.50	ROWR;0.606
218.00	218.50	ROWR;0.676
239.00	239.75	ROWR;0.835
250.00	250.50	ROWR;0.578
283.25	283.75	ROWR;0.726
294.25	295.00	ROWR;0.887
81.75	82.75	SWSP;0.966
99.25	100.25	SWSP;0.973
104.75	105.75	SWSP;0.894
111.00	111.75	SWSP;0.856
117.25	118.00	SWSP;0.858
123.00	124.25	SWSP;0.983
130.25	130.75	SWSP;0.764
136.50	138.00	SWSP;0.985
153.25	153.50	SWSP;0.660
161.00	162.00	SWSP;0.976
169.50	171.25	SWSP;0.978
183.75	184.50	SWSP;0.842
189.25	190.50	SWSP;0.966
205.50	206.25	SWSP;0.886
220.75	221.00	SWSP;0.686
235.75	236.50	SWSP;0.930
242.00	243.00	SWSP;0.978
248.25	249.50	SWSP;0.911
254.50	256.00	SWSP;0.975
267.25	268.25	SWSP;0.963
273.75	274.25	SWSP;0.736
279.25	280.75	SWSP;0.963
285.00	286.25	SWSP;0.982
290.25	291.75	SWSP;0.902
296.00	296.75	SWSP;0.924
64.75	65.00	TOSO;0.500
282.25	283.00	TOSO;0.818
10.00	10.25	WCSP;0.503
51.25	52.00	WCSP;0.863
63.25	63.75	WCSP;0.775
72.25	73.00	WCSP;0.956
88.50	88.75	WCSP;0.517
96.75	97.00	WCSP;0.510
102.75	103.00	WCSP;0.563
108.25	108.75	WCSP;0.695
116.50	117.25	WCSP;0.865
192.00	192.25	WCSP;0.603
5.00	5.75	WTSP;0.660
88.25	89.25	WTSP;0.603
