161.50	161.75	AGOL;0.640
37.25	37.50	AMRO;0.633
64.50	65.25	AMRO;0.937
102.50	103.00	AMRO;0.774
109.50	109.75	ATSP;0.539
281.00	281.25	BBWA;0.688
19.25	19.50	BLSW;0.501
282.25	282.75	CHSP;0.939
240.75	241.00	DUNL;0.555
236.00	236.25	EAME;0.521
0.25	0.75	FOSP;0.725
10.25	12.75	FOSP;0.992
24.00	27.00	FOSP;0.995
42.75	45.25	FOSP;0.997
54.00	56.75	FOSP;0.993
59.75	60.50	FOSP;0.728
70.00	72.50	FOSP;0.995
118.00	120.25	FOSP;0.881
132.75	134.75	FOSP;0.967
143.25	146.00	FOSP;0.994
152.25	153.25	FOSP;0.947
156.75	159.00	FOSP;0.980
170.25	172.25	FOSP;0.996
173.50	175.00	FOSP;0.937
185.75	188.00	FOSP;0.994
192.75	193.50	FOSP;0.894
199.50	202.00	FOSP;0.992
214.25	216.00	FOSP;0.993
84.25	85.00	GCSP;0.570
164.00	164.75	GCSP;0.820
69.50	70.00	HETH;0.591
34.75	35.75	LISP;0.819
154.50	154.75	LOSH;0.507
153.50	154.25	NOWA;0.794
154.50	154.75	NSHR;0.682
173.50	173.75	PIGR;0.542
104.00	104.50	PISI;0.865
105.25	105.75	PISI;0.897
111.25	111.75	PISI;0.683
124.00	124.75	PISI;0.944
137.50	137.75	PISI;0.514
159.75	160.75	PISI;0.931
33.25	33.50	SAPH;0.586
33.25	33.50	SNBU;0.530
117.50	117.75	SNBU;0.511
118.50	118.75	SNBU;0.519
119.00	119.50	SNBU;0.564
164.75	165.00	SNBU;0.630
272.25	272.75	SNBU;0.558
228.00	228.25	SOSA;0.577
22.50	23.75	SWSP;0.941
68.75	69.00	SWSP;0.530
80.00	80.50	SWSP;0.574
95.25	95.75	SWSP;0.872
102.00	103.00	SWSP;0.857
117.75	118.00	SWSP;0.546
129.25	129.50	SWSP;0.583
154.00	154.25	SWSP;0.577
162.00	162.50	SWSP;0.560
176.00	177.50	SWSP;0.931
190.25	190.75	SWSP;0.588
191.25	191.75	SWSP;0.554
212.00	212.75	SWSP;0.770
230.50	231.50	SWSP;0.712
242.00	242.50	SWSP;0.721
256.75	257.50	SWSP;0.628
274.50	275.50	SWSP;0.904
141.00	141.50	VATH;0.824
174.50	175.00	VESP;0.639
0.25	1.50	WCSP;0.948
26.25	26.50	WCSP;0.533
38.25	40.00	WCSP;0.989
50.00	51.50	WCSP;0.982
69.75	70.00	WCSP;0.533
77.75	79.25	WCSP;0.989
85.50	86.50	WCSP;0.963
128.25	129.00	WCSP;0.983
130.75	131.00	WCSP;0.731
235.25	235.50	WCSP;0.581
291.25	292.00	WCSP;0.800
141.00	141.25	WEWP;0.546
1.75	4.25	WTSP;0.992
14.00	16.75	WTSP;0.993
29.00	31.00	WTSP;0.988
40.50	42.50	WTSP;0.961
57.00	59.50	WTSP;0.932
83.75	86.00	WTSP;0.882
99.25	101.00	WTSP;0.956
106.00	108.00	WTSP;0.964
125.25	126.00	WTSP;0.947
126.25	128.00	WTSP;0.851
131.25	131.50	WTSP;0.686
132.00	132.50	WTSP;0.744
147.00	149.50	WTSP;0.912
164.25	164.50	WTSP;0.690
179.00	181.25	WTSP;0.989
193.50	195.50	WTSP;0.980
235.00	235.25	WTSP;0.677
291.25	292.00	WTSP;0.814
