188.75	189.00	AMRO;0.524
232.50	232.75	ATSP;0.570
266.00	266.25	BBWA;0.673
258.50	258.75	BLGU;0.519
274.50	275.00	BLGU;0.711
134.00	134.25	BLJA;0.574
171.50	172.00	BLOY;0.877
536.75	537.50	BWHA;0.823
205.50	206.00	DEJU;0.757
220.75	221.25	DICK;0.601
296.75	297.00	EAME;0.510
321.00	321.75	FISP;0.803
368.50	368.75	FISP;0.504
291.25	292.25	FOSP;0.857
297.75	300.00	FOSP;0.988
317.00	318.50	FOSP;0.905
323.75	325.50	FOSP;0.992
336.75	338.25	FOSP;0.952
369.25	369.75	FOSP;0.676
383.00	383.75	FOSP;0.728
559.00	560.75	FOSP;0.941
347.25	347.50	GADW;0.532
290.25	290.75	GCSP;0.553
307.25	307.50	GCSP;0.575
553.25	553.75	HETH;0.745
576.25	576.50	HETH;0.682
583.25	583.50	HETH;0.666
102.75	103.00	HEWA;0.928
325.25	325.50	LASP;0.576
9.25	9.75	LEYE;0.628
235.50	236.00	LISP;0.757
271.25	272.25	LISP;0.968
287.25	287.50	LISP;0.597
342.75	343.75	LISP;0.845
376.25	377.00	LISP;0.860
394.50	395.00	LISP;0.659
410.50	411.25	LISP;0.710
434.00	434.50	LISP;0.692
470.25	470.75	LISP;0.578
485.25	486.00	LISP;0.698
526.00	526.25	LISP;0.515
541.75	543.00	LISP;0.922
573.00	573.75	LISP;0.847
139.25	140.00	MOCH;0.875
153.00	153.25	MOCH;0.574
154.25	154.50	MOCH;0.563
167.25	167.75	MOCH;0.557
168.25	168.75	MOCH;0.650
181.75	182.25	MOCH;0.615
226.75	227.00	MOCH;0.540
550.50	550.75	PUFI;0.504
60.50	60.75	RWBL;0.551
277.50	277.75	SAPH;0.653
179.25	179.50	SATH;0.549
76.00	76.25	SBDO;0.597
495.25	495.50	SBDO;0.723
277.50	277.75	SNBU;0.531
317.25	317.50	SNBU;0.513
492.25	492.50	SPPI;0.510
404.25	404.50	UPSA;0.589
254.25	254.50	VESP;0.525
261.25	261.50	VESP;0.528
269.75	270.00	VESP;0.824
274.00	274.25	VESP;0.624
321.75	322.00	VESP;0.509
453.75	454.00	VESP;0.578
560.00	560.75	VESP;0.660
135.50	136.00	WATA;0.621
12.50	12.75	WCSP;0.534
26.25	26.75	WCSP;0.667
61.75	62.25	WCSP;0.636
70.00	71.25	WCSP;0.991
251.00	252.25	WCSP;0.992
254.25	255.50	WCSP;0.950
256.50	257.25	WCSP;0.987
259.00	259.75	WCSP;0.980
261.25	261.75	WCSP;0.966
263.25	263.75	WCSP;0.980
264.00	264.75	WCSP;0.952
266.00	266.25	WCSP;0.818
269.75	270.00	WCSP;0.815
274.00	274.50	WCSP;0.912
280.50	281.00	WCSP;0.991
291.50	292.00	WCSP;0.798
306.75	307.00	WCSP;0.905
335.75	336.00	WCSP;0.699
352.75	353.00	WCSP;0.542
369.25	370.00	WCSP;0.791
452.50	452.75	WCSP;0.661
453.50	454.00	WCSP;0.832
458.00	458.25	WCSP;0.740
459.75	460.00	WCSP;0.739
465.00	465.50	WCSP;0.760
475.50	475.75	WCSP;0.904
488.50	489.00	WCSP;0.957
491.50	492.00	WCSP;0.639
492.25	492.75	WCSP;0.618
499.50	499.75	WCSP;0.847
501.00	501.25	WCSP;0.886
504.25	504.75	WCSP;0.752
511.00	511.75	WCSP;0.926
121.75	122.00	WEBL;0.627
10.00	12.50	WTSP;0.987
24.50	26.50	WTSP;0.994
39.25	42.50	WTSP;0.992
54.75	57.25	WTSP;0.992
85.75	86.00	WTSP;0.698
95.25	97.75	WTSP;0.888
98.25	99.25	WTSP;0.719
105.50	106.00	WTSP;0.779
112.50	115.50	WTSP;0.980
125.75	127.50	WTSP;0.974
139.00	140.00	WTSP;0.865
152.25	153.00	WTSP;0.794
166.50	168.75	WTSP;0.930
180.25	180.75	WTSP;0.764
194.75	196.50	WTSP;0.958
209.00	209.75	WTSP;0.830
212.25	212.75	WTSP;0.682
226.25	228.50	WTSP;0.941
231.25	232.50	WTSP;0.911
245.00	246.75	WTSP;0.954
258.50	259.00	WTSP;0.771
259.25	260.25	WTSP;0.811
287.75	290.00	WTSP;0.814
319.75	321.00	WTSP;0.935
353.25	354.75	WTSP;0.940
355.25	356.25	WTSP;0.935
366.75	369.00	WTSP;0.953
387.00	388.50	WTSP;0.972
413.25	414.00	WTSP;0.839
414.25	415.50	WTSP;0.746
579.25	581.00	WTSP;0.945
91.25	92.75	YRWA;0.995
325.50	326.25	YRWA;0.848
344.00	344.75	YRWA;0.877
359.50	360.50	YRWA;0.947
377.75	378.75	YRWA;0.964
393.00	394.25	YRWA;0.994
397.00	397.25	YRWA;0.769
411.25	412.50	YRWA;0.984
431.00	432.50	YRWA;0.991
451.50	453.00	YRWA;0.990
466.75	468.00	YRWA;0.985
479.25	480.50	YRWA;0.978
498.00	499.25	YRWA;0.983
503.00	504.00	YRWA;0.979
517.75	519.00	YRWA;0.988
520.75	521.50	YRWA;0.904
556.00	557.25	YRWA;0.989
571.25	572.25	YRWA;0.864
584.25	585.00	YRWA;0.978
586.75	588.25	YRWA;0.995
