225.25	225.50	AMGP;0.593
21.50	22.00	AMRO;0.545
326.00	326.50	AMRO;0.717
429.50	429.75	AMRO;0.582
511.50	512.00	ATSP;0.858
375.00	375.25	BBPL;0.609
462.75	463.25	BBPL;0.660
195.00	195.25	BLOY;0.615
250.25	251.00	BLOY;0.895
311.00	311.75	BLOY;0.980
327.25	327.75	BLOY;0.650
375.00	375.25	BLOY;0.509
455.25	455.75	BLOY;0.864
114.00	114.50	BRCR;0.789
88.25	88.50	BRSP;0.501
36.75	38.50	CHSP;0.899
88.50	89.50	CHSP;0.605
122.00	122.75	CHSP;0.687
239.50	239.75	CHSP;0.554
417.50	419.25	CHSP;0.943
486.00	487.50	CHSP;0.840
559.25	560.25	CHSP;0.903
571.00	571.25	CHSP;0.529
580.50	582.00	CHSP;0.959
593.25	593.50	CHSP;0.533
594.00	594.75	CHSP;0.795
13.00	13.25	CHSW;0.558
89.00	89.50	DEJU;0.559
155.25	155.75	DEJU;0.625
180.50	180.75	DEJU;0.520
239.50	240.50	DEJU;0.709
300.00	300.50	DEJU;0.769
20.50	21.25	DUNL;0.809
203.00	203.25	DUNL;0.557
314.25	314.50	DUNL;0.582
463.50	463.75	DUNL;0.673
464.25	464.75	DUNL;0.627
512.50	512.75	FISP;0.557
0.00	1.25	FOSP;0.991
17.25	18.50	FOSP;0.858
40.50	42.50	FOSP;0.981
62.25	64.25	FOSP;0.993
68.25	69.50	FOSP;0.807
79.25	81.00	FOSP;0.947
93.25	94.00	FOSP;0.851
138.25	138.75	FOSP;0.679
166.50	168.25	FOSP;0.965
333.25	334.00	FOSP;0.723
349.25	349.75	FOSP;0.610
11.00	11.50	GWTE;0.860
420.75	421.00	HOLA;0.635
25.25	25.50	LARB;0.535
179.50	179.75	LARB;0.613
548.25	549.25	LARB;0.629
86.25	86.75	LASP;0.571
94.25	94.75	LASP;0.789
496.50	496.75	LASP;0.548
3.00	5.00	LISP;0.974
65.25	67.25	LISP;0.990
107.00	108.00	LISP;0.953
137.00	137.50	LISP;0.731
154.50	155.50	LISP;0.751
179.50	180.75	LISP;0.822
205.50	207.00	LISP;0.949
227.25	228.50	LISP;0.886
246.75	248.25	LISP;0.986
265.75	267.00	LISP;0.933
284.25	285.75	LISP;0.983
303.50	305.00	LISP;0.966
325.00	326.50	LISP;0.878
347.00	348.25	LISP;0.949
366.75	368.75	LISP;0.992
385.75	387.00	LISP;0.982
404.25	406.50	LISP;0.982
424.00	424.75	LISP;0.888
441.75	443.25	LISP;0.991
459.50	460.75	LISP;0.906
477.25	478.00	LISP;0.859
492.50	494.00	LISP;0.994
509.00	510.00	LISP;0.993
526.75	527.50	LISP;0.882
546.25	547.75	LISP;0.975
561.25	563.00	LISP;0.982
578.50	580.25	LISP;0.991
595.00	596.75	LISP;0.971
149.75	150.00	MOCH;0.576
558.75	559.25	MOCH;0.582
589.00	589.75	MOCH;0.798
155.50	155.75	OCWA;0.587
15.25	15.50	PIGR;0.500
26.00	26.50	PISI;0.587
478.00	478.25	PISI;0.645
45.25	45.50	PUFI;0.562
137.00	137.25	ROWR;0.557
589.25	589.50	RUBL;0.559
28.75	29.75	SATH;0.663
465.25	465.50	SAVS;0.559
363.25	363.75	SEOW;0.646
560.25	561.00	SEOW;0.689
80.50	80.75	SNBU;0.573
120.50	121.00	SNBU;0.822
318.25	318.75	SNBU;0.620
32.00	32.50	SWSP;0.565
214.50	215.00	SWSP;0.726
242.25	242.50	SWSP;0.502
256.25	256.50	SWSP;0.605
305.50	306.00	SWSP;0.672
334.25	335.00	SWSP;0.776
343.00	343.75	SWSP;0.760
11.25	11.50	TOSO;0.590
18.50	18.75	VESP;0.504
390.00	390.25	WATA;0.529
397.75	398.00	WATA;0.758
87.25	87.50	WCSP;0.526
118.75	119.50	WCSP;0.805
459.25	459.75	WCSP;0.535
542.00	542.50	WEFL;0.976
255.25	255.75	WEME;0.607
171.25	172.00	WIWA;0.950
182.25	183.25	WIWA;0.948
204.00	204.50	WIWA;0.813
214.50	214.75	WIWA;0.659
223.50	224.00	WIWA;0.782
256.25	256.75	WIWA;0.818
275.75	277.00	WIWA;0.995
285.50	286.50	WIWA;0.964
294.25	295.50	WIWA;0.993
315.00	316.25	WIWA;0.994
324.00	325.00	WIWA;0.996
334.25	335.00	WIWA;0.787
343.25	343.75	WIWA;0.862
352.25	353.25	WIWA;0.987
361.25	362.50	WIWA;0.994
371.00	371.50	WIWA;0.844
380.00	381.25	WIWA;0.994
388.75	390.00	WIWA;0.975
398.25	399.50	WIWA;0.995
407.50	409.00	WIWA;0.995
22.75	25.00	WTSP;0.976
32.50	35.75	WTSP;0.991
45.75	49.00	WTSP;0.993
53.25	55.25	WTSP;0.970
57.25	59.75	WTSP;0.995
70.25	74.00	WTSP;0.997
85.25	86.25	WTSP;0.975
86.75	87.75	WTSP;0.908
89.75	90.00	WTSP;0.786
94.75	98.00	WTSP;0.989
99.50	102.75	WTSP;0.990
105.75	107.00	WTSP;0.996
108.00	109.00	WTSP;0.871
110.00	111.00	WTSP;0.834
113.50	113.75	WTSP;0.734
115.00	118.50	WTSP;0.894
131.25	131.75	WTSP;0.821
153.50	154.25	WTSP;0.861
184.75	186.00	WTSP;0.773
259.00	260.00	WTSP;0.901
317.00	317.25	WTSP;0.680
322.50	323.00	WTSP;0.790
345.50	346.00	WTSP;0.673
364.25	364.50	WTSP;0.672
425.00	425.75	WTSP;0.874
426.75	428.00	WTSP;0.841
437.00	439.75	WTSP;0.994
450.00	453.75	WTSP;0.993
456.25	459.25	WTSP;0.992
470.75	473.75	WTSP;0.994
474.00	474.25	WTSP;0.682
475.00	477.00	WTSP;0.976
482.75	485.25	WTSP;0.990
497.25	497.75	WTSP;0.786
524.00	525.25	WTSP;0.892
532.00	534.00	WTSP;0.990
555.25	556.25	WTSP;0.717
573.75	574.50	WTSP;0.754
596.75	599.25	WTSP;0.995
519.50	519.75	YBSA;0.778
112.50	113.25	YRWA;0.858
132.00	132.75	YRWA;0.974
160.50	161.50	YRWA;0.959
195.25	196.25	YRWA;0.954
212.00	213.00	YRWA;0.982
248.50	249.75	YRWA;0.974
267.25	267.75	YRWA;0.672
267.25	267.75	YTWA;0.635
