247.50	248.00	BLSW;0.615
97.50	97.75	BRSP;0.645
99.50	99.75	BRSP;0.864
3.25	3.50	CHSP;0.520
13.75	14.50	CHSP;0.621
28.25	30.00	CHSP;0.966
38.00	38.75	CHSP;0.821
49.50	51.00	CHSP;0.942
59.50	60.50	CHSP;0.779
61.50	61.75	CHSP;0.526
91.50	92.00	CHSP;0.753
103.75	104.00	CHSP;0.534
174.75	175.25	CHSP;0.661
187.50	189.25	CHSP;0.883
195.75	197.50	CHSP;0.953
207.50	209.50	CHSP;0.952
289.00	291.25	CHSP;0.977
186.75	187.00	EATO;0.528
0.25	1.50	FOSP;0.923
113.00	115.50	FOSP;0.996
121.75	124.75	FOSP;0.997
133.25	136.00	FOSP;0.996
146.00	148.75	FOSP;0.997
158.50	161.25	FOSP;0.997
171.75	174.25	FOSP;0.996
191.50	194.25	FOSP;0.996
204.50	207.25	FOSP;0.997
217.50	220.00	FOSP;0.996
232.25	235.00	FOSP;0.992
250.75	253.50	FOSP;0.997
267.25	269.75	FOSP;0.995
285.00	287.50	FOSP;0.997
266.75	267.00	GCSP;0.507
185.50	185.75	LBDO;0.516
26.25	26.50	LOSH;0.671
40.75	41.00	MOCH;0.502
91.00	91.50	MOCH;0.615
202.75	203.50	MOCH;0.689
243.25	243.75	MOCH;0.522
58.50	58.75	SOSP;0.502
97.25	97.75	SOSP;0.763
99.50	99.75	SOSP;0.668
1.50	3.25	SWSP;0.945
3.50	3.75	SWSP;0.554
19.00	19.25	SWSP;0.606
23.25	24.00	SWSP;0.754
25.25	27.00	SWSP;0.791
34.50	35.50	SWSP;0.946
42.25	43.00	SWSP;0.700
58.25	58.50	SWSP;0.578
65.25	65.75	SWSP;0.813
72.50	74.00	SWSP;0.975
82.25	82.50	SWSP;0.517
88.25	89.50	SWSP;0.861
96.75	97.25	SWSP;0.769
103.00	103.75	SWSP;0.576
111.00	112.00	SWSP;0.830
119.25	120.00	SWSP;0.917
126.75	128.00	SWSP;0.784
142.25	143.75	SWSP;0.848
149.00	150.75	SWSP;0.850
156.75	157.00	SWSP;0.607
157.50	158.00	SWSP;0.574
183.75	185.50	SWSP;0.937
198.50	200.25	SWSP;0.859
207.25	207.50	SWSP;0.520
214.50	214.75	SWSP;0.614
221.00	223.00	SWSP;0.936
227.50	227.75	SWSP;0.605
228.25	229.00	SWSP;0.794
235.00	236.25	SWSP;0.849
241.00	241.75	SWSP;0.852
242.00	242.25	SWSP;0.602
248.00	248.25	SWSP;0.566
270.75	271.50	SWSP;0.784
277.75	279.25	SWSP;0.855
292.50	293.75	SWSP;0.736
299.50	299.75	SWSP;0.573
34.25	34.75	TEWA;0.603
79.25	81.50	TEWA;0.891
102.25	102.75	TEWA;0.646
110.50	111.00	TEWA;0.777
163.75	164.50	TEWA;0.762
171.25	171.50	TEWA;0.530
177.00	177.25	TEWA;0.532
228.00	228.25	TEWA;0.711
255.75	257.00	TEWA;0.948
292.25	292.50	TEWA;0.527
299.50	299.75	TEWA;0.562
20.50	20.75	VATH;0.569
118.25	119.25	VATH;0.986
298.75	299.25	VATH;0.508
4.00	6.00	WCSP;0.993
16.25	18.50	WCSP;0.994
30.25	32.00	WCSP;0.986
43.75	45.50	WCSP;0.987
52.25	54.00	WCSP;0.934
70.25	72.25	WCSP;0.976
83.75	85.50	WCSP;0.952
91.50	92.00	WCSP;0.662
97.50	97.75	WCSP;0.745
108.50	110.25	WCSP;0.992
120.75	122.00	WCSP;0.972
137.75	139.75	WCSP;0.985
148.00	148.25	WCSP;0.683
151.25	152.75	WCSP;0.917
165.50	167.25	WCSP;0.992
177.75	179.25	WCSP;0.991
181.50	182.00	WCSP;0.785
189.50	190.00	WCSP;0.778
211.00	212.50	WCSP;0.979
213.50	214.50	WCSP;0.734
224.00	225.75	WCSP;0.983
229.25	231.00	WCSP;0.908
236.50	238.50	WCSP;0.984
240.25	240.75	WCSP;0.734
248.50	250.50	WCSP;0.992
259.50	261.25	WCSP;0.989
262.50	263.75	WCSP;0.879
269.00	269.50	WCSP;0.704
271.75	273.50	WCSP;0.989
281.50	284.75	WCSP;0.990
291.50	292.00	WCSP;0.790
294.50	296.50	WCSP;0.990
4.00	4.50	WTSP;0.767
15.75	17.00	WTSP;0.865
20.00	21.00	WTSP;0.960
30.25	31.00	WTSP;0.826
38.75	41.75	WTSP;0.992
43.50	44.25	WTSP;0.839
53.25	54.25	WTSP;0.716
57.00	58.00	WTSP;0.975
65.75	68.50	WTSP;0.975
70.50	71.00	WTSP;0.755
81.75	82.00	WTSP;0.750
84.00	84.50	WTSP;0.753
89.50	91.75	WTSP;0.952
95.25	97.00	WTSP;0.987
106.00	109.25	WTSP;0.989
117.00	117.25	WTSP;0.702
120.75	121.25	WTSP;0.726
125.00	125.75	WTSP;0.892
150.75	152.00	WTSP;0.947
161.25	163.25	WTSP;0.951
165.50	165.75	WTSP;0.717
169.75	170.00	WTSP;0.711
177.50	178.25	WTSP;0.914
181.25	181.50	WTSP;0.683
189.25	191.00	WTSP;0.922
200.00	203.00	WTSP;0.983
213.50	214.25	WTSP;0.832
216.25	217.50	WTSP;0.966
223.75	224.75	WTSP;0.894
229.00	230.00	WTSP;0.874
236.50	237.50	WTSP;0.823
240.00	241.00	WTSP;0.942
241.50	244.00	WTSP;0.975
246.25	247.00	WTSP;0.842
248.50	248.75	WTSP;0.697
259.50	260.00	WTSP;0.731
265.00	267.00	WTSP;0.957
270.00	270.75	WTSP;0.953
271.50	272.25	WTSP;0.762
280.50	282.00	WTSP;0.958
282.25	283.00	WTSP;0.826
291.25	292.25	WTSP;0.839
294.25	295.00	WTSP;0.779
298.75	299.25	WTSP;0.697
11.00	11.50	YRWA;0.732
36.25	37.25	YRWA;0.914
47.00	48.25	YRWA;0.992
63.50	64.75	YRWA;0.973
83.00	84.00	YRWA;0.990
144.25	144.75	YRWA;0.848
