91.00	91.25	AGOL;0.553
0.50	1.00	AMRO;0.571
2.50	3.50	AMRO;0.836
5.25	6.00	AMRO;0.735
12.00	13.50	AMRO;0.700
16.00	16.75	AMRO;0.641
22.75	23.50	AMRO;0.623
30.50	31.50	AMRO;0.824
37.50	38.75	AMRO;0.714
46.00	46.25	AMRO;0.550
47.50	48.50	AMRO;0.639
51.75	52.50	AMRO;0.752
54.25	54.75	AMRO;0.564
66.25	66.50	AMRO;0.534
75.00	76.00	AMRO;0.796
85.75	86.25	AMRO;0.556
88.50	88.75	AMRO;0.558
94.25	94.75	AMRO;0.599
95.25	96.00	AMRO;0.766
98.25	99.50	AMRO;0.895
117.50	118.00	AMRO;0.533
124.50	125.00	AMRO;0.545
126.50	127.75	AMRO;0.795
130.25	131.00	AMRO;0.700
134.00	134.75	AMRO;0.759
137.25	138.75	AMRO;0.735
141.25	141.50	AMRO;0.550
152.00	152.25	AMRO;0.510
160.25	161.50	AMRO;0.774
168.00	168.75	AMRO;0.630
175.75	177.00	AMRO;0.853
180.00	181.00	AMRO;0.817
183.25	183.75	AMRO;0.616
186.75	187.25	AMRO;0.534
192.00	192.50	AMRO;0.633
194.50	195.75	AMRO;0.754
199.25	200.00	AMRO;0.740
203.25	204.25	AMRO;0.586
208.50	209.25	AMRO;0.615
214.75	216.50	AMRO;0.823
217.25	218.00	AMRO;0.695
239.50	240.75	AMRO;0.736
241.00	242.25	AMRO;0.936
246.00	247.25	AMRO;0.747
249.50	250.75	AMRO;0.748
251.00	251.75	AMRO;0.767
254.25	254.75	AMRO;0.513
258.25	259.00	AMRO;0.766
268.25	268.75	AMRO;0.621
290.50	291.25	AMRO;0.577
53.75	54.50	BANS;0.908
2.50	2.75	BAOR;0.505
210.00	210.25	BAOR;0.677
157.25	157.75	BEWR;0.649
150.50	151.00	BRSP;0.627
198.00	198.50	BUOR;0.554
209.50	210.00	BUOR;0.721
298.50	299.25	BUOR;0.647
69.00	69.75	CCSP;0.923
75.25	76.50	CCSP;0.968
92.00	93.00	CCSP;0.987
100.50	101.75	CCSP;0.983
107.75	109.00	CCSP;0.961
129.50	130.25	CCSP;0.932
135.75	137.50	CCSP;0.995
143.25	143.50	CCSP;0.683
149.75	150.50	CCSP;0.726
156.25	157.00	CCSP;0.914
168.25	169.50	CCSP;0.992
190.25	191.25	CCSP;0.990
198.25	199.00	CCSP;0.973
211.00	212.25	CCSP;0.981
227.25	228.50	CCSP;0.991
280.75	282.00	CCSP;0.987
288.00	288.25	CCSP;0.688
292.50	293.75	CCSP;0.928
0.00	0.50	CHSP;0.795
3.75	5.25	CHSP;0.939
5.50	8.50	CHSP;0.995
11.25	15.75	CHSP;0.997
16.25	16.75	CHSP;0.800
17.00	17.75	CHSP;0.941
18.25	18.50	CHSP;0.674
20.50	23.00	CHSP;0.996
27.25	30.25	CHSP;0.995
34.00	37.00	CHSP;0.996
40.25	41.50	CHSP;0.906
42.00	45.25	CHSP;0.998
48.50	52.25	CHSP;0.998
55.00	57.75	CHSP;0.996
59.75	60.25	CHSP;0.783
60.50	62.25	CHSP;0.994
63.25	65.75	CHSP;0.995
67.00	67.25	CHSP;0.688
67.75	68.75	CHSP;0.909
69.75	74.00	CHSP;0.995
76.25	82.00	CHSP;0.997
83.00	89.75	CHSP;0.995
94.25	97.25	CHSP;0.996
101.25	108.00	CHSP;0.996
109.00	112.00	CHSP;0.996
113.50	119.50	CHSP;0.996
123.25	127.50	CHSP;0.999
127.75	129.75	CHSP;0.899
131.50	135.75	CHSP;0.996
138.50	141.75	CHSP;0.995
142.75	145.50	CHSP;0.986
146.75	149.50	CHSP;0.997
150.50	155.50	CHSP;0.991
160.50	163.50	CHSP;0.986
164.25	164.75	CHSP;0.748
170.50	176.75	CHSP;0.997
180.25	182.00	CHSP;0.908
182.75	186.00	CHSP;0.997
193.00	196.00	CHSP;0.996
202.75	204.75	CHSP;0.896
205.25	207.50	CHSP;0.942
222.25	222.50	CHSP;0.743
223.50	223.75	CHSP;0.753
232.50	233.00	CHSP;0.800
233.50	235.00	CHSP;0.928
245.00	247.00	CHSP;0.918
249.25	250.25	CHSP;0.831
254.25	254.75	CHSP;0.773
255.00	256.25	CHSP;0.949
260.00	263.50	CHSP;0.998
265.00	267.00	CHSP;0.960
268.50	271.75	CHSP;0.997
277.50	280.25	CHSP;0.996
284.75	288.25	CHSP;0.993
294.25	297.25	CHSP;0.994
3.75	4.00	DEJU;0.572
53.00	53.25	DEJU;0.526
113.50	114.00	DEJU;0.529
123.50	124.00	DEJU;0.539
164.25	165.00	DEJU;0.814
182.00	182.25	DEJU;0.556
0.50	0.75	EABL;0.578
70.50	70.75	EABL;0.558
243.00	243.25	GWTE;0.549
157.75	158.25	LISP;0.555
242.25	243.00	LISP;0.686
256.75	258.00	LISP;0.991
288.25	289.75	LISP;0.950
209.50	209.75	OROR;0.576
296.50	298.00	OSPR;0.894
204.25	204.75	PAWA;0.595
1.25	2.25	PISI;0.865
3.00	3.25	PISI;0.669
5.25	5.50	PISI;0.807
9.00	11.25	PISI;0.987
16.75	17.25	PISI;0.728
17.75	19.75	PISI;0.958
23.25	28.00	PISI;0.991
30.50	34.00	PISI;0.990
37.00	41.00	PISI;0.994
41.25	42.00	PISI;0.880
45.25	47.75	PISI;0.996
57.75	61.00	PISI;0.990
62.00	63.25	PISI;0.966
66.25	67.00	PISI;0.888
67.25	68.00	PISI;0.944
68.50	69.00	PISI;0.743
90.00	90.50	PISI;0.889
130.50	131.00	PISI;0.801
158.25	159.00	PISI;0.938
163.50	164.00	PISI;0.872
165.25	166.25	PISI;0.991
167.00	167.25	PISI;0.692
179.50	180.00	PISI;0.890
185.75	190.50	PISI;0.996
191.25	192.00	PISI;0.995
192.50	193.25	PISI;0.939
196.00	196.75	PISI;0.850
212.50	215.00	PISI;0.995
215.25	216.25	PISI;0.990
216.50	217.75	PISI;0.998
218.75	219.50	PISI;0.861
219.75	223.50	PISI;0.995
223.75	226.25	PISI;0.997
226.75	227.50	PISI;0.887
228.25	231.25	PISI;0.986
231.50	232.25	PISI;0.921
233.00	233.50	PISI;0.756
235.00	236.00	PISI;0.988
236.75	237.50	PISI;0.952
243.00	243.75	PISI;0.904
244.50	245.25	PISI;0.959
247.50	249.00	PISI;0.903
252.25	253.00	PISI;0.923
259.25	260.00	PISI;0.983
265.50	266.50	PISI;0.915
266.75	268.25	PISI;0.868
272.75	273.25	PISI;0.796
273.75	274.75	PISI;0.970
275.00	276.50	PISI;0.977
280.50	280.75	PISI;0.681
282.25	282.75	PISI;0.802
283.25	284.50	PISI;0.930
13.00	13.50	RBGR;0.777
16.00	16.25	RBGR;0.670
48.25	48.75	RBGR;0.687
50.50	50.75	RBGR;0.504
54.50	55.00	RBGR;0.888
82.50	83.00	RBGR;0.727
85.75	86.00	RBGR;0.692
109.50	110.00	RBGR;0.696
91.00	91.25	REDP;0.562
142.00	142.50	RUTU;0.702
205.00	205.25	RUTU;0.530
210.75	211.00	RUTU;0.517
273.25	273.50	RUTU;0.608
67.00	67.25	SATH;0.539
219.25	219.75	SATH;0.585
232.00	232.75	SATH;0.718
80.25	80.50	SBDO;0.721
0.00	0.50	SPTO;0.660
234.50	234.75	SURF;0.528
97.25	98.00	SWSP;0.814
156.00	156.50	TOSO;0.791
272.50	272.75	TOSO;0.539
274.25	274.75	TOSO;0.855
279.25	279.50	WCSP;0.584
197.75	198.50	YBCH;0.699
298.75	299.25	YBCH;0.726
