135.50	135.75	AMAV;0.558
239.75	240.00	AMAV;0.567
8.75	10.00	AMRO;0.837
20.50	22.75	AMRO;0.925
27.00	27.75	AMRO;0.638
51.50	52.50	AMRO;0.748
54.00	54.75	AMRO;0.725
63.50	65.00	AMRO;0.961
74.50	76.00	AMRO;0.847
80.00	81.00	AMRO;0.826
82.50	83.00	AMRO;0.542
86.25	86.75	AMRO;0.559
93.50	94.50	AMRO;0.780
120.00	120.75	AMRO;0.745
128.25	128.75	AMRO;0.575
129.25	129.50	AMRO;0.525
143.25	144.00	AMRO;0.876
148.00	149.00	AMRO;0.959
160.50	161.00	AMRO;0.678
169.25	170.00	AMRO;0.733
172.50	173.50	AMRO;0.716
175.25	176.50	AMRO;0.778
179.50	181.75	AMRO;0.944
183.00	184.50	AMRO;0.867
189.25	189.75	AMRO;0.604
201.00	201.75	AMRO;0.757
207.50	208.75	AMRO;0.691
211.25	212.00	AMRO;0.715
212.25	212.75	AMRO;0.574
219.00	219.25	AMRO;0.629
273.00	273.75	AMRO;0.685
280.25	280.75	AMRO;0.565
285.25	286.25	AMRO;0.666
286.75	289.00	AMRO;0.787
291.25	291.75	BAOR;0.610
182.50	183.00	BEWR;0.629
11.25	11.75	BHGR;0.621
13.50	13.75	BHGR;0.513
259.25	259.50	BLTU;0.558
3.00	6.75	BRSP;0.947
16.00	16.75	BRSP;0.750
35.50	38.25	BRSP;0.871
47.50	47.75	BRSP;0.532
48.25	48.75	BRSP;0.617
58.00	59.75	BRSP;0.656
72.00	73.75	BRSP;0.864
74.25	74.50	BRSP;0.598
81.00	82.00	BRSP;0.666
82.25	82.75	BRSP;0.535
86.00	88.25	BRSP;0.689
95.25	97.75	BRSP;0.879
104.00	105.75	BRSP;0.743
119.25	119.50	BRSP;0.517
127.50	128.50	BRSP;0.726
129.00	129.75	BRSP;0.618
140.50	140.75	BRSP;0.609
152.25	152.75	BRSP;0.606
153.25	154.00	BRSP;0.643
190.25	191.50	BRSP;0.678
191.75	193.00	BRSP;0.757
204.50	205.00	BRSP;0.572
205.50	206.00	BRSP;0.538
231.00	231.25	BRSP;0.532
243.50	244.00	BRSP;0.622
253.25	253.75	BRSP;0.598
262.25	263.75	BRSP;0.762
264.50	264.75	BRSP;0.590
268.25	269.00	BRSP;0.617
271.50	271.75	BRSP;0.554
288.75	289.50	BRSP;0.528
35.50	36.50	CCSP;0.631
36.75	37.25	CCSP;0.535
58.25	59.75	CCSP;0.805
72.50	73.50	CCSP;0.625
81.50	82.00	CCSP;0.586
86.25	87.75	CCSP;0.675
111.25	111.75	CCSP;0.588
266.50	268.75	CCSP;0.811
0.00	1.25	CHSP;0.951
2.50	3.75	CHSP;0.828
7.00	7.75	CHSP;0.720
9.00	9.75	CHSP;0.897
10.25	11.75	CHSP;0.966
12.75	13.00	CHSP;0.720
15.00	15.50	CHSP;0.887
32.25	32.75	CHSP;0.788
102.50	104.00	CHSP;0.922
106.00	106.75	CHSP;0.771
125.50	127.75	CHSP;0.991
129.50	131.50	CHSP;0.991
133.00	135.00	CHSP;0.996
137.00	139.75	CHSP;0.992
140.75	142.75	CHSP;0.997
156.75	160.75	CHSP;0.996
161.75	164.50	CHSP;0.997
168.75	169.25	CHSP;0.778
171.50	174.75	CHSP;0.995
179.25	181.50	CHSP;0.994
188.00	191.50	CHSP;0.955
192.50	196.00	CHSP;0.996
197.50	204.75	CHSP;0.997
206.00	209.00	CHSP;0.997
210.00	212.75	CHSP;0.997
213.25	218.75	CHSP;0.996
219.25	223.25	CHSP;0.996
225.25	228.25	CHSP;0.954
232.25	233.25	CHSP;0.850
234.00	235.50	CHSP;0.969
237.25	240.00	CHSP;0.980
244.00	246.75	CHSP;0.982
252.25	253.25	CHSP;0.800
256.75	259.00	CHSP;0.991
262.25	264.50	CHSP;0.886
269.00	271.75	CHSP;0.984
274.75	277.75	CHSP;0.975
284.25	286.75	CHSP;0.962
291.25	294.25	CHSP;0.988
298.75	299.75	CHSP;0.983
0.50	1.00	DEJU;0.667
7.25	8.00	DEJU;0.743
294.50	294.75	DUNL;0.540
20.50	20.75	EABL;0.500
122.50	122.75	EABL;0.610
156.50	156.75	EABL;0.548
189.50	189.75	EABL;0.639
265.25	265.50	EABL;0.561
55.50	57.50	FOSP;0.895
65.00	66.75	FOSP;0.952
76.25	78.00	FOSP;0.964
89.25	90.75	FOSP;0.969
101.25	102.50	FOSP;0.823
113.75	115.25	FOSP;0.994
234.00	234.25	GRYE;0.588
50.50	51.25	GWTE;0.730
111.50	111.75	HASP;0.536
260.50	260.75	HETH;0.582
17.00	18.00	LISP;0.865
28.50	30.25	LISP;0.990
40.00	40.75	LISP;0.748
41.00	42.75	LISP;0.822
84.00	84.75	LISP;0.799
100.25	100.75	LISP;0.634
108.00	109.00	LISP;0.832
117.00	117.75	LISP;0.963
177.00	177.25	LISP;0.525
224.50	225.00	LISP;0.752
240.25	240.75	LISP;0.641
254.25	255.75	LISP;0.929
280.50	282.00	LISP;0.851
297.75	298.50	LISP;0.764
71.00	71.25	MAMU;0.504
252.50	252.75	OCWA;0.559
18.25	18.75	RBGR;0.535
49.00	49.25	ROWR;0.503
110.50	110.75	ROWR;0.520
121.75	122.00	RUGR;0.524
88.50	89.00	RUTU;0.663
10.00	10.75	SATH;0.596
14.00	15.00	SATH;0.892
125.25	126.00	SATH;0.569
201.00	201.50	SATH;0.555
289.25	289.50	SATH;0.597
34.50	34.75	SAVS;0.526
44.00	44.75	SWSP;0.969
124.00	125.00	SWSP;0.780
136.25	136.75	SWSP;0.550
147.00	148.00	SWSP;0.891
161.00	161.75	SWSP;0.821
186.50	187.50	SWSP;0.838
210.00	210.50	SWSP;0.712
235.25	236.00	SWSP;0.835
248.00	248.75	SWSP;0.830
261.25	262.00	SWSP;0.795
272.00	272.75	SWSP;0.842
283.00	284.00	SWSP;0.916
296.00	297.00	SWSP;0.878
67.25	67.75	TOSO;0.626
146.00	146.25	TOSO;0.526
150.25	151.00	TOSO;0.954
166.50	167.25	TOSO;0.941
55.75	56.00	VESP;0.553
89.25	89.50	VESP;0.518
16.25	16.75	WCSP;0.586
153.00	153.25	WCSP;0.586
241.00	242.00	WCSP;0.964
134.75	135.25	WIWA;0.583
144.00	145.00	WIWA;0.983
248.25	248.75	WIWA;0.679
184.50	185.25	WTSP;0.678
226.75	229.00	WTSP;0.950
249.00	251.25	WTSP;0.929
278.25	278.75	WTSP;0.677
