269.75	270.00	AMGP;0.510
43.00	44.00	AMRO;0.918
221.25	221.75	AMRO;0.540
19.75	20.00	BCCH;0.509
7.50	7.75	BRSP;0.514
12.00	12.50	BRSP;0.570
13.00	13.50	BRSP;0.580
23.75	24.00	BRSP;0.508
41.25	41.50	BRSP;0.575
58.00	58.75	BRSP;0.696
61.00	61.50	BRSP;0.630
68.25	69.00	BRSP;0.776
77.25	77.75	BRSP;0.631
84.50	85.00	BRSP;0.531
99.00	99.75	BRSP;0.710
120.75	121.75	BRSP;0.872
168.75	169.00	BRSP;0.523
179.25	179.75	BRSP;0.566
51.75	52.25	BTBW;0.566
80.00	80.50	BTNW;0.703
279.25	279.50	BTNW;0.524
0.00	0.75	CCSP;0.997
21.75	23.25	CCSP;0.863
33.50	34.25	CCSP;0.969
39.25	40.75	CCSP;0.989
41.75	42.00	CCSP;0.704
46.00	46.50	CCSP;0.877
52.00	53.75	CCSP;0.994
58.25	59.00	CCSP;0.773
64.00	65.50	CCSP;0.988
68.50	69.00	CCSP;0.752
69.25	70.75	CCSP;0.961
73.25	73.75	CCSP;0.702
81.00	82.00	CCSP;0.938
98.00	99.00	CCSP;0.870
109.00	110.00	CCSP;0.988
113.75	115.50	CCSP;0.997
119.25	121.00	CCSP;0.997
125.00	126.75	CCSP;0.973
131.00	132.50	CCSP;0.988
137.25	137.75	CCSP;0.782
143.75	145.00	CCSP;0.997
150.25	151.25	CCSP;0.943
156.00	157.25	CCSP;0.989
175.00	175.75	CCSP;0.838
192.50	192.75	CCSP;0.713
199.75	200.75	CCSP;0.881
232.00	233.25	CCSP;0.989
237.00	237.75	CCSP;0.892
250.75	251.00	CCSP;0.706
256.50	257.25	CCSP;0.975
271.50	272.50	CCSP;0.878
279.25	279.75	CCSP;0.709
286.25	287.50	CCSP;0.985
293.25	294.75	CCSP;0.837
298.75	299.50	CCSP;0.853
7.25	8.75	CHSP;0.973
10.25	12.00	CHSP;0.992
13.25	15.50	CHSP;0.993
23.50	24.50	CHSP;0.796
26.25	29.25	CHSP;0.995
55.75	58.50	CHSP;0.994
65.25	68.50	CHSP;0.997
74.25	77.75	CHSP;0.996
84.75	87.75	CHSP;0.994
90.75	95.00	CHSP;0.997
99.00	99.75	CHSP;0.840
103.00	105.75	CHSP;0.997
161.50	164.50	CHSP;0.994
169.00	171.75	CHSP;0.995
178.00	179.75	CHSP;0.965
203.50	206.75	CHSP;0.995
24.00	24.50	DEJU;0.649
168.25	168.75	FISP;0.627
157.25	159.00	FOSP;0.965
184.50	186.50	FOSP;0.991
195.00	197.00	FOSP;0.985
213.50	215.50	FOSP;0.967
224.75	226.50	FOSP;0.982
242.00	242.50	FOSP;0.844
251.25	251.75	FOSP;0.732
299.25	300.00	FOSP;0.931
167.75	168.00	GCSP;0.558
184.50	184.75	GCSP;0.581
276.00	276.75	GCSP;0.575
298.50	298.75	GCSP;0.515
192.00	192.25	KILL;0.615
44.75	46.00	LISP;0.973
106.25	106.75	LISP;0.654
159.25	160.25	LISP;0.890
187.25	188.25	LISP;0.958
198.25	199.00	LISP;0.878
209.00	209.25	LISP;0.520
219.50	221.50	LISP;0.950
285.25	286.00	LISP;0.916
230.25	230.50	MAMU;0.527
172.75	173.25	NHWR;0.607
299.50	299.75	OROR;0.521
250.25	250.50	PIGR;0.515
277.50	278.00	PISI;0.776
281.50	282.25	PISI;0.769
288.25	289.00	PISI;0.945
250.25	250.75	SAPH;0.805
108.25	109.00	SWSP;0.782
134.50	134.75	SWSP;0.688
135.00	135.50	SWSP;0.584
142.00	142.50	SWSP;0.558
12.25	13.00	WCSP;0.945
21.50	22.00	WCSP;0.758
34.00	37.00	WCSP;0.973
46.00	51.00	WCSP;0.992
58.75	60.75	WCSP;0.995
63.00	64.25	WCSP;0.993
69.00	69.50	WCSP;0.766
70.50	72.75	WCSP;0.992
77.75	79.50	WCSP;0.978
82.75	84.75	WCSP;0.990
97.00	98.75	WCSP;0.953
111.25	111.50	WCSP;0.684
123.25	124.25	WCSP;0.973
126.50	127.00	WCSP;0.696
127.50	129.75	WCSP;0.995
137.50	140.00	WCSP;0.985
143.25	143.75	WCSP;0.768
146.50	147.75	WCSP;0.924
148.25	150.50	WCSP;0.996
168.00	169.00	WCSP;0.901
173.75	175.00	WCSP;0.972
179.50	181.75	WCSP;0.992
192.25	194.75	WCSP;0.979
197.00	198.00	WCSP;0.950
201.25	203.50	WCSP;0.992
211.25	213.50	WCSP;0.996
214.50	215.00	WCSP;0.766
215.25	216.00	WCSP;0.868
216.50	219.25	WCSP;0.993
223.00	223.75	WCSP;0.806
226.00	228.00	WCSP;0.987
234.00	236.50	WCSP;0.996
237.25	238.25	WCSP;0.861
242.75	245.50	WCSP;0.989
251.50	251.75	WCSP;0.665
252.25	254.50	WCSP;0.991
262.75	266.00	WCSP;0.990
269.00	269.75	WCSP;0.867
272.50	275.25	WCSP;0.993
278.75	279.75	WCSP;0.913
283.25	285.00	WCSP;0.975
290.50	291.00	WCSP;0.812
291.50	293.75	WCSP;0.991
296.25	299.00	WCSP;0.981
117.50	118.00	WIWA;0.776
142.25	142.75	WIWA;0.780
1.50	2.75	WTSP;0.843
3.00	7.50	WTSP;0.992
8.75	9.25	WTSP;0.693
15.50	18.50	WTSP;0.993
20.00	22.00	WTSP;0.950
32.00	32.75	WTSP;0.732
34.25	34.50	WTSP;0.662
36.00	36.50	WTSP;0.790
37.75	39.75	WTSP;0.929
46.25	47.00	WTSP;0.853
55.00	57.25	WTSP;0.812
62.25	63.00	WTSP;0.798
79.25	81.00	WTSP;0.899
95.00	95.75	WTSP;0.822
101.50	101.75	WTSP;0.658
110.25	111.75	WTSP;0.920
116.75	117.50	WTSP;0.873
118.25	119.50	WTSP;0.857
122.25	123.75	WTSP;0.891
124.00	125.00	WTSP;0.887
127.50	127.75	WTSP;0.683
137.75	138.50	WTSP;0.738
140.25	140.75	WTSP;0.702
146.50	146.75	WTSP;0.662
152.75	156.00	WTSP;0.976
160.75	161.75	WTSP;0.788
165.00	168.75	WTSP;0.940
181.75	184.50	WTSP;0.991
211.25	211.75	WTSP;0.700
216.50	217.50	WTSP;0.708
222.50	224.75	WTSP;0.890
228.00	232.00	WTSP;0.991
239.00	240.50	WTSP;0.963
252.25	252.50	WTSP;0.684
257.25	258.00	WTSP;0.911
258.75	263.75	WTSP;0.995
269.00	269.50	WTSP;0.693
270.25	271.75	WTSP;0.927
272.50	273.00	WTSP;0.689
275.75	277.50	WTSP;0.959
283.25	283.75	WTSP;0.769
287.25	288.50	WTSP;0.949
289.00	292.00	WTSP;0.979
294.50	296.75	WTSP;0.936
