0.00	1.50	AMRO;0.991
6.00	8.75	AMRO;0.995
13.75	16.00	AMRO;0.994
22.00	24.75	AMRO;0.980
29.50	31.25	AMRO;0.986
36.75	39.75	AMRO;0.918
43.50	46.25	AMRO;0.995
46.75	47.75	AMRO;0.874
50.00	52.00	AMRO;0.996
52.25	52.50	AMRO;0.684
58.50	60.50	AMRO;0.996
63.75	65.50	AMRO;0.989
69.00	70.75	AMRO;0.972
75.75	77.50	AMRO;0.989
82.25	85.75	AMRO;0.989
91.50	94.00	AMRO;0.994
101.25	104.00	AMRO;0.989
109.00	111.50	AMRO;0.982
123.75	127.50	AMRO;0.997
134.00	137.25	AMRO;0.996
138.25	138.50	AMRO;0.682
144.00	146.50	AMRO;0.990
154.75	157.50	AMRO;0.991
161.50	161.75	AMRO;0.684
162.50	167.75	AMRO;0.995
176.00	179.00	AMRO;0.995
186.50	190.00	AMRO;0.991
199.50	205.00	AMRO;0.994
211.75	214.00	AMRO;0.997
215.50	216.25	AMRO;0.822
221.75	225.50	AMRO;0.996
254.50	257.25	AMRO;0.992
262.75	265.75	AMRO;0.989
281.00	282.25	AMRO;0.990
291.00	296.25	AMRO;0.967
11.25	12.00	CHSP;0.931
176.50	177.00	CHSP;0.766
204.00	204.25	CHSP;0.659
218.25	222.00	CHSP;0.992
236.00	239.00	CHSP;0.996
242.00	245.75	CHSP;0.993
250.25	253.50	CHSP;0.995
265.50	267.75	CHSP;0.995
293.00	296.00	CHSP;0.998
47.25	47.75	COMU;0.592
10.75	11.00	DEJU;0.568
176.75	177.00	DEJU;0.508
184.00	185.00	DEJU;0.951
250.50	251.00	DEJU;0.575
79.25	79.75	EABL;0.839
15.75	16.00	GWTE;0.561
22.00	22.25	GWTE;0.674
94.00	94.25	GWTE;0.743
101.25	101.75	GWTE;0.695
103.75	104.00	GWTE;0.535
127.00	127.50	GWTE;0.670
137.00	137.25	GWTE;0.685
176.00	176.25	GWTE;0.672
202.25	202.75	GWTE;0.635
265.50	265.75	GWTE;0.685
48.50	49.00	HETH;0.802
3.50	4.00	HOLA;0.590
66.50	66.75	HOLA;0.551
0.25	0.75	RUGR;0.535
2.25	3.00	RUGR;0.592
41.00	42.00	RUGR;0.747
236.00	237.00	RUGR;0.666
239.25	239.50	RUGR;0.501
173.75	174.00	RUTU;0.612
183.75	184.00	SOSA;0.640
153.75	154.00	WEFL;0.749
38.75	39.00	WETA;0.529
71.00	71.50	WTSP;0.700
40.25	41.25	YRWA;0.966
56.25	57.25	YRWA;0.973
