212.50	213.00	AMRO;0.733
272.50	273.00	BLSW;0.555
139.50	139.75	BRSP;0.746
140.25	140.75	BRSP;0.618
0.00	1.50	CHSP;0.993
51.25	53.75	CHSP;0.994
60.25	63.00	CHSP;0.995
68.00	70.25	CHSP;0.995
75.25	78.00	CHSP;0.996
84.00	86.25	CHSP;0.995
91.75	94.50	CHSP;0.995
99.75	102.00	CHSP;0.996
108.25	110.75	CHSP;0.996
117.50	120.00	CHSP;0.994
125.50	128.25	CHSP;0.995
134.50	137.00	CHSP;0.995
142.25	144.75	CHSP;0.994
151.00	154.00	CHSP;0.993
162.25	163.50	CHSP;0.982
169.50	172.00	CHSP;0.995
177.25	178.75	CHSP;0.979
184.00	186.50	CHSP;0.995
190.50	192.25	CHSP;0.989
201.25	203.00	CHSP;0.910
211.50	212.00	CHSP;0.884
217.00	217.50	CHSP;0.695
219.75	221.50	CHSP;0.993
228.25	230.75	CHSP;0.976
239.25	239.75	CHSP;0.783
249.50	250.00	CHSP;0.882
258.00	258.25	CHSP;0.695
259.25	259.75	CHSP;0.753
277.50	278.75	CHSP;0.974
279.50	280.00	CHSP;0.734
297.00	299.25	CHSP;0.995
33.00	33.50	CHSW;0.551
84.00	84.50	DEJU;0.515
162.25	162.50	DEJU;0.506
163.00	163.25	DEJU;0.533
277.75	278.00	DEJU;0.553
262.75	263.00	EVGR;0.722
6.50	7.25	FISP;0.673
120.00	120.50	FISP;0.587
207.75	208.00	FISP;0.506
240.50	240.75	FISP;0.547
62.75	64.25	FOSP;0.988
123.00	124.00	FOSP;0.961
138.25	139.00	FOSP;0.772
205.00	205.25	FOSP;0.551
224.50	224.75	FOSP;0.501
232.75	233.00	FOSP;0.527
267.25	269.25	FOSP;0.989
279.00	280.50	FOSP;0.847
292.00	293.75	FOSP;0.979
231.25	231.50	GWTE;0.573
264.75	265.00	HETH;0.598
21.00	22.00	LISP;0.949
120.50	121.00	LISP;0.630
47.50	47.75	MOCH;0.552
130.75	131.50	MOCH;0.901
206.25	206.50	MOCH;0.514
205.00	205.25	PIGR;0.568
241.25	242.25	PISI;0.992
243.25	244.50	PISI;0.969
246.00	249.25	PISI;0.979
250.25	250.50	PISI;0.585
254.75	255.00	PISI;0.531
79.75	80.00	PYNU;0.520
82.25	82.50	PYNU;0.575
212.25	212.75	RBGR;0.619
291.75	292.00	RECR;0.510
215.25	215.50	REVI;0.542
233.25	233.50	REVI;0.533
209.25	210.00	SATH;0.575
82.75	83.00	SNBU;0.504
204.25	204.50	SNBU;0.543
217.50	218.00	SNBU;0.943
139.50	139.75	SOSP;0.563
4.00	5.25	SWSP;0.854
17.75	18.50	SWSP;0.734
25.25	26.25	SWSP;0.793
33.00	33.25	SWSP;0.500
39.50	41.00	SWSP;0.890
47.00	47.25	SWSP;0.622
83.25	83.75	SWSP;0.622
90.25	91.00	SWSP;0.767
96.50	97.00	SWSP;0.707
97.25	98.00	SWSP;0.771
104.00	104.50	SWSP;0.757
111.00	112.50	SWSP;0.931
125.00	125.75	SWSP;0.836
132.00	133.50	SWSP;0.875
139.00	139.50	SWSP;0.572
159.00	160.75	SWSP;0.915
166.75	167.50	SWSP;0.874
173.25	174.50	SWSP;0.770
180.75	181.75	SWSP;0.694
187.50	187.75	SWSP;0.586
202.25	203.25	SWSP;0.842
216.00	217.25	SWSP;0.944
224.00	224.50	SWSP;0.699
230.25	231.50	SWSP;0.750
237.00	238.75	SWSP;0.939
244.75	245.50	SWSP;0.733
251.25	252.00	SWSP;0.789
259.50	259.75	SWSP;0.583
266.00	266.75	SWSP;0.750
273.00	274.50	SWSP;0.847
280.50	280.75	SWSP;0.659
294.00	295.00	SWSP;0.947
3.50	4.00	TEWA;0.508
180.00	180.75	TEWA;0.725
181.50	182.00	TEWA;0.691
299.50	299.75	VEER;0.613
72.75	73.00	VESP;0.508
200.50	201.25	VESP;0.587
265.25	265.50	VESP;0.503
7.75	8.25	WCSP;0.620
19.00	20.00	WCSP;0.855
29.50	31.25	WCSP;0.960
48.00	48.75	WCSP;0.935
95.50	95.75	WCSP;0.508
106.75	107.00	WCSP;0.501
107.50	108.25	WCSP;0.590
113.50	114.00	WCSP;0.792
155.50	156.50	WCSP;0.635
176.75	177.00	WCSP;0.569
188.00	188.75	WCSP;0.783
198.50	200.00	WCSP;0.984
200.25	200.75	WCSP;0.586
234.75	236.25	WCSP;0.982
254.25	254.50	WCSP;0.615
283.25	284.00	WCSP;0.724
296.50	296.75	WEWP;0.520
6.75	7.25	WTSP;0.708
13.75	14.25	WTSP;0.724
33.75	35.75	WTSP;0.993
47.25	48.25	WTSP;0.822
48.50	50.75	WTSP;0.855
67.00	68.00	WTSP;0.980
81.00	82.00	WTSP;0.950
86.25	87.00	WTSP;0.854
95.00	96.25	WTSP;0.951
106.25	108.00	WTSP;0.856
129.00	131.25	WTSP;0.926
140.75	142.50	WTSP;0.982
148.50	148.75	WTSP;0.670
154.25	156.50	WTSP;0.921
166.00	166.50	WTSP;0.732
176.25	177.50	WTSP;0.959
182.50	184.00	WTSP;0.982
188.00	188.50	WTSP;0.743
193.75	196.00	WTSP;0.981
206.00	206.50	WTSP;0.720
219.50	220.00	WTSP;0.785
221.75	223.25	WTSP;0.938
234.50	234.75	WTSP;0.701
258.25	259.25	WTSP;0.814
260.00	262.25	WTSP;0.970
269.25	271.00	WTSP;0.936
282.50	283.25	WTSP;0.862
289.25	289.75	WTSP;0.751
295.00	295.75	WTSP;0.923
23.00	24.00	YRWA;0.995
27.00	28.00	YRWA;0.911
31.00	31.50	YRWA;0.784
41.00	42.50	YRWA;0.994
53.75	55.25	YRWA;0.998
66.00	67.00	YRWA;0.989
87.50	88.25	YRWA;0.780
102.50	104.00	YRWA;0.995
115.50	117.25	YRWA;0.997
128.50	128.75	YRWA;0.759
137.00	138.00	YRWA;0.979
144.75	146.00	YRWA;0.962
161.00	162.25	YRWA;0.996
174.25	175.75	YRWA;0.995
287.75	289.25	YRWA;0.997
