0.50	3.00	AMRO;0.954
3.75	6.00	AMRO;0.944
6.50	8.75	AMRO;0.994
10.00	11.75	AMRO;0.960
13.25	15.75	AMRO;0.999
18.00	22.50	AMRO;0.988
23.00	25.25	AMRO;0.999
27.50	29.50	AMRO;0.995
30.75	32.50	AMRO;0.998
34.00	34.75	AMRO;0.816
38.25	40.00	AMRO;0.946
43.50	45.50	AMRO;0.943
48.25	50.00	AMRO;0.992
51.50	52.50	AMRO;0.757
54.50	55.50	AMRO;0.908
56.50	56.75	AMRO;0.673
58.00	62.25	AMRO;0.982
62.75	64.25	AMRO;0.998
65.00	66.25	AMRO;0.943
67.00	67.50	AMRO;0.721
67.75	69.50	AMRO;0.973
71.50	73.50	AMRO;0.865
74.50	78.00	AMRO;0.977
79.25	81.50	AMRO;0.983
84.75	87.50	AMRO;0.994
88.00	89.75	AMRO;0.964
90.25	96.50	AMRO;0.994
98.50	103.75	AMRO;0.996
105.25	110.75	AMRO;0.983
112.00	116.75	AMRO;0.996
118.75	120.25	AMRO;0.995
121.00	123.75	AMRO;0.951
127.00	128.50	AMRO;0.968
129.75	130.75	AMRO;0.827
134.25	140.50	AMRO;0.994
140.75	143.50	AMRO;0.970
144.50	147.00	AMRO;0.998
149.25	150.75	AMRO;0.979
151.00	154.00	AMRO;0.985
161.50	165.75	AMRO;0.998
166.25	170.75	AMRO;0.891
171.00	173.00	AMRO;0.967
173.75	175.75	AMRO;0.968
176.00	178.25	AMRO;0.997
180.50	182.00	AMRO;0.965
183.75	188.50	AMRO;0.986
190.50	195.00	AMRO;0.995
197.75	199.25	AMRO;0.960
200.00	201.25	AMRO;0.905
202.50	203.50	AMRO;0.909
206.00	210.50	AMRO;0.992
215.25	217.75	AMRO;0.953
218.75	220.00	AMRO;0.960
221.50	223.50	AMRO;0.995
225.25	227.25	AMRO;0.990
229.25	230.50	AMRO;0.800
236.00	238.00	AMRO;0.995
239.25	241.75	AMRO;0.998
243.75	245.00	AMRO;0.956
245.50	247.50	AMRO;0.996
249.50	257.50	AMRO;0.997
260.25	261.75	AMRO;0.828
263.25	267.25	AMRO;0.986
269.00	270.75	AMRO;0.980
272.00	275.00	AMRO;0.993
279.00	281.25	AMRO;0.991
284.00	286.00	AMRO;0.944
287.75	292.25	AMRO;0.994
295.00	297.50	AMRO;0.998
299.25	300.00	AMRO;0.886
299.50	299.75	BAOR;0.524
34.00	35.00	BHGR;0.882
66.25	66.75	BHGR;0.611
122.25	122.75	BHGR;0.543
183.25	184.75	BHGR;0.605
219.25	219.75	BHGR;0.529
260.75	261.00	BHGR;0.531
261.25	261.50	BHGR;0.582
274.25	274.75	BHGR;0.593
18.00	18.50	BRSP;0.568
27.25	27.50	BRSP;0.537
46.25	46.75	BRSP;0.595
65.25	65.75	BRSP;0.604
67.50	67.75	BRSP;0.543
112.25	112.50	BRSP;0.533
136.50	136.75	BRSP;0.660
166.00	166.25	BRSP;0.501
190.25	190.50	BRSP;0.567
200.50	201.50	BRSP;0.642
231.25	231.75	BRSP;0.508
23.50	23.75	BRTH;0.572
41.00	41.75	BRTH;0.872
52.00	52.50	BRTH;0.542
90.50	91.00	BRTH;0.674
169.25	169.75	BRTH;0.605
69.50	69.75	CAFI;0.558
7.75	9.75	CHSP;0.949
17.00	17.75	CHSP;0.825
25.75	27.75	CHSP;0.978
33.25	35.25	CHSP;0.903
45.00	46.75	CHSP;0.938
51.50	53.50	CHSP;0.962
65.50	67.75	CHSP;0.912
75.75	77.00	CHSP;0.901
84.25	86.75	CHSP;0.863
94.25	97.25	CHSP;0.974
103.75	107.00	CHSP;0.984
111.00	113.00	CHSP;0.948
121.25	123.75	CHSP;0.955
129.75	130.50	CHSP;0.779
136.50	138.25	CHSP;0.891
146.25	148.50	CHSP;0.972
155.75	158.75	CHSP;0.985
165.50	167.00	CHSP;0.814
173.00	174.50	CHSP;0.907
180.25	182.75	CHSP;0.887
188.25	190.75	CHSP;0.975
192.75	193.25	CHSP;0.704
199.00	201.00	CHSP;0.985
206.00	208.25	CHSP;0.974
218.00	220.75	CHSP;0.966
229.00	231.75	CHSP;0.982
235.50	239.00	CHSP;0.978
247.00	249.50	CHSP;0.962
251.50	252.00	CHSP;0.685
256.25	258.50	CHSP;0.982
263.75	266.00	CHSP;0.962
273.25	276.00	CHSP;0.960
282.50	283.25	CHSP;0.773
286.50	288.75	CHSP;0.988
297.00	300.00	CHSP;0.985
75.75	76.50	DEJU;0.587
84.50	85.00	DEJU;0.667
94.75	95.00	DEJU;0.515
131.00	131.50	DEJU;0.712
192.75	193.50	DEJU;0.695
213.75	214.00	DEJU;0.601
218.50	218.75	DEJU;0.520
225.75	226.00	DEJU;0.529
229.25	229.75	DEJU;0.536
249.00	249.25	DEJU;0.537
16.25	16.75	FOSP;0.746
259.50	259.75	FOSP;0.518
275.75	277.25	FOSP;0.878
284.25	284.75	FOSP;0.695
292.50	293.50	FOSP;0.819
283.75	284.00	HETH;0.746
120.25	121.00	LISP;0.947
154.50	155.75	LISP;0.948
178.50	179.75	LISP;0.841
214.50	215.00	LISP;0.592
227.00	228.75	LISP;0.983
21.75	22.00	MOBL;0.533
123.75	124.00	PESA;0.753
5.00	5.25	PIGR;0.521
146.00	146.25	PIGR;0.507
211.00	211.50	PIGR;0.711
1.25	1.75	RBGR;0.631
4.25	4.75	RBGR;0.658
65.75	66.00	RBGR;0.517
72.00	72.50	RBGR;0.753
134.75	135.00	RBGR;0.568
216.00	216.50	RBGR;0.626
260.50	261.00	RBGR;0.794
36.00	36.25	REVI;0.514
111.00	111.25	REVI;0.550
98.25	98.75	ROWR;0.591
214.25	214.75	ROWR;0.616
16.00	16.25	RUGR;0.581
56.00	57.00	RUGR;0.622
230.25	232.00	RUGR;0.803
237.25	238.75	RUGR;0.718
288.00	289.50	RUGR;0.819
290.75	292.00	RUGR;0.845
11.25	12.50	TOSO;0.623
35.00	36.25	TOSO;0.827
55.50	56.75	TOSO;0.691
57.00	57.50	TOSO;0.606
77.75	79.00	TOSO;0.671
103.25	103.75	TOSO;0.632
116.50	116.75	TOSO;0.575
142.25	142.75	TOSO;0.580
151.50	151.75	TOSO;0.508
166.25	167.75	TOSO;0.720
185.00	185.50	TOSO;0.594
202.00	202.75	TOSO;0.683
203.25	204.00	TOSO;0.889
207.50	208.00	TOSO;0.513
224.00	224.75	TOSO;0.731
260.25	260.50	TOSO;0.628
270.75	271.75	TOSO;0.581
281.00	281.25	TOSO;0.511
30.00	30.50	WATA;0.572
19.25	19.50	WCSP;0.541
41.75	43.50	WCSP;0.980
53.50	54.75	WCSP;0.877
57.75	58.50	WCSP;0.644
61.50	63.00	WCSP;0.993
118.00	118.75	WCSP;0.878
133.25	134.75	WCSP;0.970
210.25	210.50	WETA;0.640
125.00	125.75	WTSP;0.891
