25.50	25.75	AMGP;0.638
147.00	147.25	AMGP;0.509
0.50	1.75	AMRO;0.874
6.50	8.00	AMRO;0.752
15.25	16.25	AMRO;0.853
19.00	19.50	AMRO;0.699
22.50	24.25	AMRO;0.931
27.00	28.75	AMRO;0.983
34.25	35.75	AMRO;0.900
40.75	42.50	AMRO;0.785
46.50	49.50	AMRO;0.991
54.75	56.75	AMRO;0.995
61.25	63.75	AMRO;0.993
69.00	70.75	AMRO;0.978
77.00	78.75	AMRO;0.964
82.00	84.25	AMRO;0.916
87.25	87.50	AMRO;0.704
88.50	90.00	AMRO;0.926
98.00	98.25	AMRO;0.672
103.00	104.50	AMRO;0.924
109.50	110.75	AMRO;0.885
114.75	116.75	AMRO;0.964
120.50	122.00	AMRO;0.993
126.25	128.00	AMRO;0.909
131.75	133.50	AMRO;0.972
138.25	139.75	AMRO;0.893
145.75	147.25	AMRO;0.873
154.25	154.75	AMRO;0.712
160.00	161.00	AMRO;0.894
169.00	171.00	AMRO;0.994
185.75	188.00	AMRO;0.988
190.25	190.75	AMRO;0.876
194.25	196.00	AMRO;0.984
202.00	205.00	AMRO;0.981
219.00	219.50	AMRO;0.729
223.50	225.75	AMRO;0.920
237.00	238.25	AMRO;0.908
244.00	245.50	AMRO;0.910
252.25	253.75	AMRO;0.971
259.50	261.00	AMRO;0.949
267.00	268.75	AMRO;0.958
270.00	271.00	AMRO;0.901
275.50	279.00	AMRO;0.987
282.75	284.00	AMRO;0.992
296.75	297.75	AMRO;0.957
278.50	278.75	BAOR;0.550
175.50	175.75	BLJA;0.542
183.50	184.00	CEDW;0.818
198.00	198.25	CEDW;0.751
203.00	203.25	CEDW;0.559
6.25	7.50	CHSP;0.838
13.25	15.25	CHSP;0.912
22.25	24.75	CHSP;0.978
30.50	33.50	CHSP;0.988
39.50	41.25	CHSP;0.968
47.50	50.00	CHSP;0.941
56.75	58.75	CHSP;0.972
64.50	65.00	CHSP;0.684
66.25	67.25	CHSP;0.895
73.00	74.75	CHSP;0.903
79.50	81.50	CHSP;0.968
88.50	91.00	CHSP;0.906
98.00	98.75	CHSP;0.816
107.50	110.00	CHSP;0.970
124.50	126.50	CHSP;0.965
133.50	135.75	CHSP;0.965
141.50	143.75	CHSP;0.926
150.50	152.75	CHSP;0.892
159.50	161.75	CHSP;0.945
167.00	169.25	CHSP;0.960
174.75	177.25	CHSP;0.891
186.25	188.50	CHSP;0.954
196.25	197.50	CHSP;0.832
207.50	208.00	CHSP;0.729
217.50	219.00	CHSP;0.920
226.25	228.00	CHSP;0.819
236.75	238.00	CHSP;0.898
247.25	248.00	CHSP;0.705
257.25	258.50	CHSP;0.866
265.25	267.25	CHSP;0.947
274.50	275.25	CHSP;0.789
284.00	286.00	CHSP;0.980
291.50	292.00	CHSP;0.675
293.25	293.75	CHSP;0.760
288.75	289.00	COMU;0.651
0.00	0.50	DEJU;0.843
7.00	7.50	DEJU;0.664
13.25	13.75	DEJU;0.616
24.25	24.50	DEJU;0.563
39.50	39.75	DEJU;0.536
150.50	150.75	DEJU;0.519
152.25	152.75	DEJU;0.612
299.50	299.75	DEJU;0.552
248.25	248.50	EAME;0.538
184.50	184.75	FOSP;0.544
42.25	42.75	GWTE;0.785
61.25	61.75	GWTE;0.592
70.50	71.00	GWTE;0.860
102.75	103.00	GWTE;0.509
114.50	115.00	GWTE;0.653
126.50	127.00	GWTE;0.709
201.75	202.00	GWTE;0.620
231.25	231.50	GWTE;0.539
236.50	236.75	GWTE;0.647
238.00	238.50	GWTE;0.694
36.50	36.75	LALO;0.559
45.75	46.25	LISP;0.624
86.50	86.75	LISP;0.652
293.00	293.25	NAWA;0.514
14.50	14.75	PAWA;0.504
30.75	31.00	PAWA;0.505
74.25	74.75	PAWA;0.590
174.75	175.50	PAWA;0.617
217.50	217.75	PAWA;0.548
218.50	218.75	PAWA;0.507
227.25	228.00	PAWA;0.780
247.00	247.75	PAWA;0.613
265.50	266.00	PAWA;0.660
275.00	275.50	PAWA;0.530
291.75	292.00	PAWA;0.690
293.25	293.50	PAWA;0.505
212.75	213.00	PIGR;0.530
2.00	2.50	PUSA;0.916
271.25	271.75	PUSA;0.913
12.00	12.75	ROWR;0.943
36.50	36.75	RWBL;0.648
1.00	1.75	SATH;0.644
7.50	8.25	SATH;0.790
10.25	10.50	SATH;0.585
16.00	16.75	SATH;0.812
82.50	83.25	SATH;0.693
89.75	90.00	SATH;0.541
116.25	116.50	SATH;0.522
121.75	122.25	SATH;0.650
126.50	126.75	SATH;0.550
138.25	138.75	SATH;0.549
139.25	140.00	SATH;0.922
159.25	159.50	SATH;0.569
181.00	181.50	SATH;0.649
236.25	236.75	SATH;0.572
260.50	261.25	SATH;0.708
268.25	268.75	SATH;0.681
270.00	270.50	SATH;0.614
261.50	262.00	SEPL;0.840
52.75	54.00	SPSA;0.990
96.00	97.75	SPSA;0.966
135.75	137.75	SPSA;0.987
179.50	180.00	SPSA;0.532
200.75	201.00	SPSA;0.563
244.75	246.50	SPSA;0.985
31.00	31.25	VATH;0.549
255.25	255.75	VATH;0.767
184.50	184.75	VESP;0.541
4.75	6.00	WIWA;0.984
16.75	18.25	WIWA;0.979
28.25	29.75	WIWA;0.986
41.25	42.50	WIWA;0.981
53.75	55.00	WIWA;0.965
65.00	66.50	WIWA;0.995
81.25	82.75	WIWA;0.989
98.75	100.00	WIWA;0.986
115.75	117.25	WIWA;0.991
130.50	132.00	WIWA;0.996
147.25	148.75	WIWA;0.996
162.00	163.75	WIWA;0.984
178.25	179.50	WIWA;0.974
192.50	194.00	WIWA;0.975
208.00	209.25	WIWA;0.996
221.50	222.75	WIWA;0.992
241.00	242.00	WIWA;0.993
258.50	259.50	WIWA;0.986
275.25	276.75	WIWA;0.986
292.00	293.25	WIWA;0.982
106.00	106.25	YRWA;0.600
113.50	114.00	YRWA;0.654
