0.00	0.75	CHSP;0.938
2.50	3.75	CHSP;0.918
7.25	9.75	CHSP;0.995
14.75	17.25	CHSP;0.995
25.00	25.75	CHSP;0.808
33.25	36.00	CHSP;0.991
106.00	108.00	CHSP;0.994
114.25	116.75	CHSP;0.994
123.75	126.00	CHSP;0.991
135.75	138.25	CHSP;0.993
146.25	148.50	CHSP;0.993
118.50	118.75	EAME;0.517
103.75	104.00	EVGR;0.543
190.50	191.00	EVGR;0.657
119.00	119.75	FOSP;0.775
120.25	120.50	FOSP;0.520
133.25	135.75	FOSP;0.977
190.75	191.50	FOSP;0.921
224.25	226.25	FOSP;0.984
238.50	239.00	HASP;0.558
68.50	68.75	RUGR;0.556
89.25	89.75	RUGR;0.586
98.50	98.75	RUGR;0.501
158.00	158.75	RUGR;0.667
206.25	206.75	RUGR;0.641
217.75	218.25	RUGR;0.522
278.00	278.50	RUGR;0.528
103.00	104.00	SNBU;0.743
120.00	120.50	SNBU;0.632
149.25	150.25	SNBU;0.727
190.50	190.75	SNBU;0.557
4.25	4.75	SPPI;0.654
227.75	228.25	WCSP;0.590
238.50	239.75	WCSP;0.967
246.00	247.00	WCSP;0.926
126.25	128.00	WTSP;0.860
