169.00	169.50	AMGP;0.789
275.75	276.00	AMGP;0.689
373.75	374.25	AMGP;0.671
399.00	399.25	AMGP;0.853
57.25	58.00	AMPI;0.675
43.25	44.00	AMRO;0.984
301.75	302.25	AMRO;0.657
355.75	356.00	AMRO;0.567
508.25	508.75	AMRO;0.556
564.75	565.00	ATSP;0.641
127.25	127.75	BAIS;0.688
277.25	277.50	BARS;0.564
336.50	336.75	BBWA;0.519
61.50	61.75	BEWR;0.503
95.00	95.50	BEWR;0.622
153.50	153.75	BEWR;0.568
471.50	471.75	BEWR;0.593
291.75	292.00	BHVI;0.645
4.00	4.25	BOWA;0.538
476.50	476.75	BRCR;0.536
222.25	222.50	CBCH;0.585
224.00	224.50	CBCH;0.604
226.25	226.50	CBCH;0.519
73.25	75.25	CHSP;0.996
85.00	87.25	CHSP;0.980
91.25	91.75	CHSP;0.955
98.25	98.75	CHSP;0.814
115.75	116.25	CHSP;0.810
138.50	140.00	CHSP;0.840
162.75	163.00	CHSP;0.713
163.50	164.00	CHSP;0.890
167.25	169.50	CHSP;0.980
174.50	177.00	CHSP;0.989
181.50	183.75	CHSP;0.932
188.25	190.50	CHSP;0.995
195.50	198.25	CHSP;0.997
202.00	205.00	CHSP;0.994
211.25	213.25	CHSP;0.944
218.00	220.50	CHSP;0.996
226.75	228.00	CHSP;0.943
231.50	231.75	CHSP;0.904
233.25	236.00	CHSP;0.995
244.75	247.00	CHSP;0.996
254.00	256.50	CHSP;0.986
264.25	266.00	CHSP;0.984
271.25	273.75	CHSP;0.993
283.00	284.75	CHSP;0.972
308.25	308.50	CHSP;0.690
360.25	361.00	CHSP;0.829
385.25	387.75	CHSP;0.967
438.75	439.75	CHSP;0.973
452.50	455.00	CHSP;0.994
463.75	465.50	CHSP;0.963
478.50	480.50	CHSP;0.988
511.25	512.00	CHSP;0.831
514.75	515.00	CHSP;0.672
519.25	519.50	CHSP;0.671
527.75	529.50	CHSP;0.993
548.50	549.00	CHSP;0.735
558.00	559.00	CHSP;0.922
565.25	567.75	CHSP;0.991
582.75	583.00	CHSP;0.659
87.00	87.25	DEJU;0.506
98.50	98.75	DEJU;0.508
181.50	182.00	DEJU;0.632
465.50	466.50	DEJU;0.622
225.50	226.00	DOWO;0.752
191.50	191.75	EAME;0.538
257.75	258.25	EAME;0.573
95.00	95.25	EATO;0.526
338.75	339.00	EATO;0.674
569.00	569.25	EATO;0.519
21.75	22.00	FISP;0.594
409.50	410.00	FISP;0.682
7.00	9.00	FOSP;0.987
16.25	16.75	FOSP;0.924
20.50	20.75	FOSP;0.733
30.50	31.25	FOSP;0.996
33.00	34.25	FOSP;0.938
40.50	41.25	FOSP;0.997
51.50	53.50	FOSP;0.989
62.50	63.00	FOSP;0.920
79.75	81.75	FOSP;0.968
98.75	100.50	FOSP;0.995
100.75	101.75	FOSP;0.736
111.50	113.50	FOSP;0.992
125.00	126.75	FOSP;0.991
129.75	131.00	FOSP;0.801
141.75	143.75	FOSP;0.994
147.25	148.00	FOSP;0.915
156.25	159.75	FOSP;0.988
165.00	166.00	FOSP;0.799
172.75	173.75	FOSP;0.864
175.50	177.50	FOSP;0.943
182.50	183.25	FOSP;0.847
191.50	191.75	FOSP;0.683
209.50	212.25	FOSP;0.969
226.75	228.75	FOSP;0.882
247.25	247.75	FOSP;0.710
249.75	251.75	FOSP;0.991
260.50	262.75	FOSP;0.989
269.00	271.00	FOSP;0.996
280.75	282.50	FOSP;0.974
291.75	292.25	FOSP;0.875
305.00	306.75	FOSP;0.977
315.00	317.00	FOSP;0.924
326.75	329.00	FOSP;0.993
338.75	340.75	FOSP;0.985
352.50	354.75	FOSP;0.987
364.75	366.50	FOSP;0.987
379.50	381.50	FOSP;0.995
392.25	394.75	FOSP;0.994
403.25	406.00	FOSP;0.997
410.50	411.25	FOSP;0.750
411.75	412.00	FOSP;0.669
421.25	423.25	FOSP;0.992
423.75	425.50	FOSP;0.946
429.25	429.50	FOSP;0.680
433.00	435.00	FOSP;0.995
438.50	439.00	FOSP;0.848
439.50	440.50	FOSP;0.888
460.25	463.75	FOSP;0.992
473.25	475.75	FOSP;0.963
487.75	489.75	FOSP;0.994
492.00	494.50	FOSP;0.997
501.25	503.50	FOSP;0.998
514.75	515.00	FOSP;0.831
516.00	518.00	FOSP;0.990
540.25	542.50	FOSP;0.998
550.00	552.00	FOSP;0.997
555.25	558.00	FOSP;0.999
571.00	571.50	FOSP;0.993
575.50	577.75	FOSP;0.997
579.50	579.75	FOSP;0.804
581.75	583.50	FOSP;0.947
593.00	595.00	FOSP;0.998
69.00	69.25	GCSP;0.515
152.25	152.50	GCSP;0.582
163.50	163.75	GCSP;0.583
448.25	449.00	GCSP;0.735
11.00	11.50	HETH;0.818
188.50	188.75	HETH;0.538
255.00	255.25	HETH;0.516
336.50	336.75	HEWA;0.749
191.25	191.75	HOFI;0.581
379.25	379.75	HOFI;0.634
238.50	238.75	HOLA;0.509
100.00	100.50	LASP;0.532
267.50	267.75	LASP;0.501
49.25	50.50	LISP;0.993
78.25	79.00	LISP;0.947
81.00	81.75	LISP;0.700
124.25	125.00	LISP;0.778
243.00	243.75	LISP;0.734
259.50	260.25	LISP;0.632
273.50	275.00	LISP;0.961
296.75	297.25	LISP;0.647
304.00	304.75	LISP;0.718
314.25	314.75	LISP;0.624
466.25	466.50	LISP;0.608
546.00	546.75	LISP;0.928
569.00	569.50	LISP;0.646
336.50	336.75	NAWA;0.523
296.25	297.00	NHWR;0.736
182.50	182.75	NOCA;0.533
466.00	466.25	OCWA;0.536
573.25	574.00	OCWA;0.970
33.50	34.00	OROR;0.554
473.50	474.00	OSFL;0.820
147.00	147.25	PIGR;0.633
364.75	365.00	PIGR;0.542
151.00	151.50	PISI;0.809
236.00	236.50	PISI;0.850
238.25	238.75	PISI;0.795
249.00	249.75	PISI;0.992
251.75	252.75	PISI;0.898
253.50	254.00	PISI;0.965
256.75	257.50	PISI;0.725
263.00	264.25	PISI;0.890
279.25	280.50	PISI;0.993
284.50	286.25	PISI;0.997
290.75	291.50	PISI;0.822
292.25	293.75	PISI;0.930
294.75	295.00	PISI;0.671
295.25	296.00	PISI;0.825
296.25	296.75	PISI;0.799
297.50	298.75	PISI;0.989
300.25	301.25	PISI;0.993
301.50	302.25	PISI;0.873
306.75	307.50	PISI;0.936
309.00	311.00	PISI;0.983
315.75	316.00	PISI;0.665
318.25	318.75	PISI;0.753
321.00	322.00	PISI;0.999
347.25	347.75	PISI;0.803
351.00	351.25	PISI;0.687
355.50	356.25	PISI;0.757
370.50	372.25	PISI;0.969
374.50	376.00	PISI;0.981
377.25	378.25	PISI;0.983
381.25	381.75	PISI;0.768
382.25	383.25	PISI;0.988
384.75	385.00	PISI;0.734
388.50	391.00	PISI;0.996
416.25	417.25	PISI;0.997
417.50	419.00	PISI;0.993
420.50	421.25	PISI;0.901
468.75	469.50	PISI;0.933
509.50	510.25	PISI;0.970
513.00	514.00	PISI;0.997
515.00	516.00	PISI;0.996
532.00	532.25	PISI;0.701
533.75	534.25	PISI;0.711
562.00	563.00	PISI;0.996
584.25	585.75	PISI;0.925
586.00	592.00	PISI;0.996
596.75	599.00	PISI;0.948
8.25	8.50	PUFI;0.501
81.25	81.50	PUFI;0.515
169.00	169.25	PUFI;0.661
283.50	284.00	PUFI;0.659
412.25	412.50	PUFI;0.525
508.25	508.75	PUFI;0.733
584.00	584.50	PUFI;0.754
263.25	263.50	REDP;0.595
293.00	293.75	SAND;0.774
363.75	364.00	SAND;0.694
138.00	138.25	SAPH;0.769
201.50	201.75	SAPH;0.523
209.50	209.75	SAPH;0.589
16.50	16.75	SOSP;0.502
20.50	20.75	SOSP;0.668
62.50	63.00	SOSP;0.827
399.25	399.50	SOSP;0.647
502.50	503.00	SOSP;0.866
555.50	556.25	SOSP;0.754
579.50	579.75	SOSP;0.678
375.00	375.50	VASW;0.746
570.00	570.50	VATH;0.596
399.00	399.25	WATA;0.517
411.25	412.00	WAVI;0.655
0.25	0.75	WCSP;0.747
11.00	11.75	WCSP;0.786
32.00	32.25	WCSP;0.704
40.25	41.00	WCSP;0.873
42.50	43.25	WCSP;0.864
55.75	56.25	WCSP;0.703
66.75	67.25	WCSP;0.822
68.75	69.50	WCSP;0.753
83.25	84.50	WCSP;0.860
91.50	91.75	WCSP;0.777
101.75	103.75	WCSP;0.981
112.25	112.50	WCSP;0.661
113.00	113.50	WCSP;0.681
115.75	116.25	WCSP;0.757
117.25	118.75	WCSP;0.943
132.00	133.00	WCSP;0.862
147.25	147.75	WCSP;0.711
150.50	150.75	WCSP;0.658
159.00	159.50	WCSP;0.731
163.25	164.00	WCSP;0.873
178.25	179.00	WCSP;0.817
198.50	199.50	WCSP;0.836
207.50	209.00	WCSP;0.990
216.25	217.75	WCSP;0.973
220.75	221.00	WCSP;0.707
229.25	231.00	WCSP;0.987
231.50	231.75	WCSP;0.673
242.25	243.00	WCSP;0.966
254.75	255.25	WCSP;0.764
277.75	279.25	WCSP;0.996
288.00	288.50	WCSP;0.717
298.50	300.00	WCSP;0.993
311.00	311.75	WCSP;0.794
313.00	313.25	WCSP;0.670
316.00	316.75	WCSP;0.837
323.00	324.50	WCSP;0.986
331.50	333.50	WCSP;0.996
334.50	336.00	WCSP;0.904
336.50	336.75	WCSP;0.709
341.50	343.50	WCSP;0.995
346.25	347.50	WCSP;0.970
436.50	437.00	WCSP;0.897
443.50	444.00	WCSP;0.847
448.50	449.00	WCSP;0.696
537.50	538.75	WCSP;0.983
551.75	552.00	WCSP;0.724
577.25	577.75	WCSP;0.701
594.00	595.00	WCSP;0.683
91.50	91.75	WEFL;0.601
0.00	1.75	WTSP;0.954
3.25	6.75	WTSP;0.998
16.25	20.75	WTSP;0.979
22.25	23.75	WTSP;0.897
34.50	37.75	WTSP;0.995
40.25	40.75	WTSP;0.751
42.50	42.75	WTSP;0.663
54.75	56.50	WTSP;0.811
65.00	65.50	WTSP;0.865
68.75	69.75	WTSP;0.905
75.50	76.00	WTSP;0.823
76.75	77.25	WTSP;0.702
83.25	83.75	WTSP;0.789
86.75	87.00	WTSP;0.664
87.25	88.50	WTSP;0.969
117.50	118.00	WTSP;0.722
131.75	132.75	WTSP;0.866
152.25	152.75	WTSP;0.744
173.75	174.75	WTSP;0.933
178.25	179.00	WTSP;0.773
188.25	188.75	WTSP;0.742
193.75	196.00	WTSP;0.966
198.25	198.75	WTSP;0.680
212.50	212.75	WTSP;0.705
213.00	214.00	WTSP;0.968
216.25	217.00	WTSP;0.769
220.75	221.00	WTSP;0.673
298.50	299.00	WTSP;0.675
311.00	311.75	WTSP;0.852
323.00	323.25	WTSP;0.674
330.50	331.75	WTSP;0.775
341.50	341.75	WTSP;0.708
346.25	346.75	WTSP;0.804
391.50	391.75	WTSP;0.682
436.50	437.00	WTSP;0.704
443.50	444.25	WTSP;0.793
448.25	449.25	WTSP;0.892
470.25	470.50	WTSP;0.680
476.25	477.00	WTSP;0.925
579.50	579.75	WTSP;0.694
293.75	294.50	YRWA;0.965
466.75	467.00	YTVI;0.726
