1.50	2.25	AMRO;0.822
8.00	9.00	AMRO;0.819
19.00	20.50	AMRO;0.866
21.75	24.75	AMRO;0.935
57.50	58.75	AMRO;0.936
59.25	60.25	AMRO;0.819
61.75	62.50	AMRO;0.767
64.25	64.75	AMRO;0.738
65.50	65.75	AMRO;0.711
67.00	68.00	AMRO;0.888
69.75	70.25	AMRO;0.763
71.25	74.00	AMRO;0.986
75.00	76.50	AMRO;0.981
77.25	78.75	AMRO;0.948
83.25	88.00	AMRO;0.966
89.25	90.25	AMRO;0.859
100.00	102.00	AMRO;0.986
102.25	104.50	AMRO;0.911
105.00	106.75	AMRO;0.988
107.50	108.50	AMRO;0.815
110.00	113.75	AMRO;0.978
116.25	116.50	AMRO;0.661
118.00	119.25	AMRO;0.922
121.25	121.75	AMRO;0.692
122.75	124.00	AMRO;0.933
124.25	126.25	AMRO;0.978
127.50	131.50	AMRO;0.996
133.00	133.50	AMRO;0.710
135.25	136.00	AMRO;0.726
137.50	139.00	AMRO;0.905
142.00	143.25	AMRO;0.989
143.75	146.00	AMRO;0.987
147.50	147.75	AMRO;0.663
148.00	149.25	AMRO;0.924
149.75	151.50	AMRO;0.850
152.25	153.75	AMRO;0.980
156.00	157.50	AMRO;0.971
158.75	162.00	AMRO;0.899
164.00	165.50	AMRO;0.975
166.25	168.50	AMRO;0.980
168.75	171.00	AMRO;0.979
171.25	171.75	AMRO;0.681
172.25	174.75	AMRO;0.997
175.25	177.00	AMRO;0.998
195.50	196.00	AMRO;0.735
205.00	205.50	AMRO;0.705
207.75	208.50	AMRO;0.822
209.75	212.50	AMRO;0.987
213.50	214.00	AMRO;0.685
240.25	240.50	AMRO;0.682
244.25	244.75	AMRO;0.675
254.00	255.00	AMRO;0.843
283.25	284.00	AMRO;0.821
297.75	298.75	AMRO;0.840
85.25	85.50	BAOR;0.605
78.25	78.50	BHGR;0.532
200.50	201.75	CCSP;0.881
1.50	2.00	CHSP;0.537
19.25	19.75	CHSP;0.609
235.50	237.00	CHSP;0.752
279.50	281.00	CHSP;0.749
19.25	19.75	DEJU;0.639
256.00	256.50	DEJU;0.632
295.75	296.75	DEJU;0.786
266.25	266.75	EAME;0.665
215.25	216.00	EATO;0.777
6.25	7.75	FOSP;0.971
16.75	18.50	FOSP;0.764
26.25	28.00	FOSP;0.867
48.50	49.75	FOSP;0.867
78.75	80.00	FOSP;0.917
88.25	89.00	FOSP;0.729
97.25	99.00	FOSP;0.985
121.00	121.25	FOSP;0.548
139.25	140.75	FOSP;0.865
154.00	155.50	FOSP;0.851
192.50	193.75	FOSP;0.687
214.25	215.00	FOSP;0.866
230.75	232.75	FOSP;0.980
287.75	288.00	FOSP;0.502
289.50	291.00	FOSP;0.739
2.25	2.75	GCSP;0.709
3.00	4.00	GCSP;0.723
17.00	17.75	GCSP;0.800
30.75	32.75	GCSP;0.982
45.25	46.25	GCSP;0.989
60.00	61.25	GCSP;0.992
73.75	75.25	GCSP;0.992
90.25	91.50	GCSP;0.935
104.00	104.75	GCSP;0.786
147.75	148.50	GCSP;0.858
163.25	164.75	GCSP;0.966
176.50	178.25	GCSP;0.981
202.00	203.50	GCSP;0.970
217.75	219.75	GCSP;0.992
232.75	234.25	GCSP;0.991
247.00	248.75	GCSP;0.994
249.25	249.50	GCSP;0.724
261.00	262.50	GCSP;0.991
266.00	266.75	GCSP;0.858
275.00	276.75	GCSP;0.974
24.00	24.50	GWTE;0.665
71.25	71.75	GWTE;0.600
83.25	83.75	GWTE;0.562
113.50	113.75	GWTE;0.533
128.00	128.25	GWTE;0.527
234.25	234.50	GWTE;0.503
132.50	132.75	HASP;0.504
258.25	258.75	HETH;0.556
15.25	15.75	LISP;0.704
28.75	29.25	LISP;0.654
40.25	41.00	LISP;0.953
182.00	183.25	LISP;0.970
197.25	197.75	LISP;0.710
221.25	222.00	LISP;0.689
227.75	228.75	LISP;0.979
243.00	244.50	LISP;0.990
80.75	81.25	PIGR;0.691
135.25	136.00	PIGR;0.915
137.00	137.50	PIGR;0.781
81.50	81.75	PUSA;0.524
180.25	180.75	RBGR;0.557
207.25	208.00	RBGR;0.763
210.50	210.75	RBGR;0.578
246.25	246.75	REVI;0.695
285.50	286.00	ROWR;0.636
90.25	90.50	RWBL;0.529
185.25	185.50	SAPH;0.677
204.50	205.50	SATH;0.636
264.00	264.25	SATH;0.546
240.00	240.50	SBDO;0.796
58.25	59.00	TOSO;0.719
66.00	66.50	TOSO;0.628
67.25	67.75	TOSO;0.595
69.75	70.00	TOSO;0.519
80.50	81.00	TOSO;0.630
89.75	90.25	TOSO;0.608
106.50	107.75	TOSO;0.608
114.25	114.75	TOSO;0.598
131.25	132.00	TOSO;0.815
135.50	135.75	TOSO;0.573
136.25	136.50	TOSO;0.573
161.00	161.75	TOSO;0.688
298.50	298.75	TOSO;0.570
52.50	53.00	VESP;0.550
140.25	141.00	VESP;0.669
2.25	4.00	WCSP;0.947
9.50	10.25	WCSP;0.904
12.50	13.25	WCSP;0.806
21.50	21.75	WCSP;0.764
49.50	49.75	WCSP;0.681
52.00	55.00	WCSP;0.995
62.25	63.00	WCSP;0.964
68.75	69.75	WCSP;0.987
75.25	76.25	WCSP;0.980
87.00	88.25	WCSP;0.912
94.50	96.50	WCSP;0.997
103.25	104.50	WCSP;0.977
108.75	110.50	WCSP;0.994
116.25	117.75	WCSP;0.980
124.00	125.50	WCSP;0.979
132.25	134.00	WCSP;0.960
141.00	142.50	WCSP;0.975
149.75	151.50	WCSP;0.986
249.00	249.75	WCSP;0.871
252.50	253.00	WCSP;0.856
257.00	257.75	WCSP;0.936
264.50	264.75	WCSP;0.757
272.25	272.75	WCSP;0.813
289.00	289.75	WCSP;0.739
0.00	1.50	WIWA;0.993
10.25	11.75	WIWA;0.994
26.50	27.00	WIWA;0.698
34.25	36.50	WIWA;0.997
46.00	47.50	WIWA;0.997
56.50	57.75	WIWA;0.997
64.25	65.75	WIWA;0.997
215.00	215.50	WOTH;0.565
2.50	3.00	WTSP;0.644
9.50	10.50	WTSP;0.851
30.25	31.00	WTSP;0.828
124.00	124.50	WTSP;0.600
208.25	208.50	WTSP;0.570
