292.50	295.50	AMDI;0.660
204.00	207.00	AMRO;0.500
220.50	225.00	AMRO;0.888
228.00	232.50	AMRO;0.645
235.50	240.00	AMRO;0.924
175.50	178.50	BAOR;0.518
21.00	24.00	BRSP;0.669
153.00	159.00	BRSP;0.556
0.00	10.50	CHSP;0.957
15.00	19.50	CHSP;0.500
22.50	27.00	CHSP;0.500
31.50	34.50	CHSP;0.510
40.50	43.50	CHSP;0.500
51.00	55.50	CHSP;0.686
58.50	61.50	CHSP;0.500
64.50	72.00	CHSP;0.724
75.00	78.00	CHSP;0.500
85.50	90.00	CHSP;0.500
93.00	97.50	CHSP;0.541
102.00	112.50	CHSP;0.940
118.50	126.00	CHSP;0.933
130.50	145.50	CHSP;0.989
148.50	157.50	CHSP;0.980
159.00	172.50	CHSP;0.963
174.00	178.50	CHSP;0.688
184.50	189.00	CHSP;0.653
192.00	196.50	CHSP;0.727
204.00	207.00	CHSP;0.500
210.00	213.00	CHSP;0.500
223.50	228.00	CHSP;0.812
229.50	237.00	CHSP;0.500
238.50	243.00	CHSP;0.592
282.00	286.50	CHSP;0.804
181.50	184.50	CCSP;0.563
282.00	285.00	CCSP;0.520
117.00	120.00	CLSW;0.542
265.50	268.50	EAME;0.603
279.00	282.00	FISP;0.598
49.50	52.50	FOSP;0.500
256.50	261.00	FOSP;0.938
265.50	270.00	FOSP;0.845
274.50	279.00	FOSP;0.965
282.00	285.00	FOSP;0.500
6.00	9.00	HETH;0.557
133.50	136.50	HETH;0.624
205.50	208.50	HETH;0.511
174.00	177.00	KILL;0.508
255.00	258.00	LALO;0.542
0.00	3.00	LISP;0.968
12.00	18.00	LISP;0.912
25.50	30.00	LISP;0.837
42.00	46.50	LISP;0.990
55.50	60.00	LISP;0.722
69.00	72.00	LISP;0.500
84.00	88.50	LISP;0.500
97.50	103.50	LISP;0.963
111.00	117.00	LISP;0.845
127.50	132.00	LISP;0.935
141.00	145.50	LISP;0.956
156.00	160.50	LISP;0.975
171.00	175.50	LISP;0.500
186.00	190.50	LISP;0.872
199.50	205.50	LISP;0.987
213.00	219.00	LISP;0.985
231.00	235.50	LISP;0.899
261.00	265.50	LISP;0.932
276.00	280.50	LISP;0.986
292.50	295.50	LISP;0.500
9.00	12.00	MOCH;0.953
18.00	21.00	MOCH;0.536
34.50	37.50	MOCH;0.620
52.50	57.00	MOCH;0.992
105.00	108.00	MOCH;0.733
124.50	127.50	MOCH;0.545
135.00	138.00	MOCH;0.510
169.50	172.50	MOCH;0.622
178.50	183.00	MOCH;0.593
234.00	237.00	MOCH;0.610
270.00	273.00	MOCH;0.501
282.00	285.00	OROR;0.703
265.50	268.50	RECR;0.526
4.50	7.50	ROWR;0.660
64.50	67.50	ROWR;0.629
147.00	150.00	ROWR;0.675
210.00	213.00	ROWR;0.827
292.50	295.50	ROWR;0.510
85.50	88.50	RUTU;0.554
123.00	126.00	SBDO;0.575
226.50	229.50	SBDO;0.898
234.00	237.00	SBDO;0.663
159.00	162.00	TOSO;0.703
202.50	205.50	TOSO;0.532
162.00	165.00	TOWA;0.520
178.50	181.50	TOWA;0.548
196.50	199.50	TOWA;0.677
228.00	232.50	WHIM;0.659
1.50	7.50	WCSP;0.984
10.50	15.00	WCSP;0.984
18.00	22.50	WCSP;0.972
27.00	33.00	WCSP;0.972
36.00	40.50	WCSP;0.978
45.00	51.00	WCSP;0.969
54.00	58.50	WCSP;0.965
61.50	66.00	WCSP;0.867
70.50	76.50	WCSP;0.994
78.00	82.50	WCSP;0.933
87.00	91.50	WCSP;0.970
96.00	100.50	WCSP;0.952
106.50	111.00	WCSP;0.958
115.50	120.00	WCSP;0.718
126.00	130.50	WCSP;0.970
135.00	139.50	WCSP;0.500
144.00	150.00	WCSP;0.945
154.50	159.00	WCSP;0.878
162.00	166.50	WCSP;0.793
171.00	175.50	WCSP;0.994
178.50	183.00	WCSP;0.969
189.00	193.50	WCSP;0.973
196.50	202.50	WCSP;0.973
207.00	213.00	WCSP;0.978
214.50	220.50	WCSP;0.965
225.00	231.00	WCSP;0.986
235.50	240.00	WCSP;0.985
246.00	252.00	WCSP;0.993
256.50	262.50	WCSP;0.982
268.50	274.50	WCSP;0.976
280.50	285.00	WCSP;0.968
289.50	295.50	WCSP;0.970
78.00	82.50	WTSP;0.573
105.00	108.00	WTSP;0.551
136.50	139.50	WTSP;0.553
187.50	190.50	WTSP;0.722
214.50	217.50	WTSP;0.682
