208.50	211.50	AMDI;0.502
295.50	300.00	AMDI;0.702
7.50	12.00	AMRO;0.500
52.50	60.00	AMRO;0.938
66.00	70.50	AMRO;0.500
196.50	204.00	AMRO;0.851
207.00	216.00	AMRO;0.995
217.50	223.50	AMRO;0.987
225.00	235.50	AMRO;0.914
237.00	241.50	AMRO;0.756
243.00	253.50	AMRO;0.973
255.00	261.00	AMRO;0.988
262.50	276.00	AMRO;0.978
277.50	282.00	AMRO;0.957
283.50	289.50	AMRO;0.941
291.00	300.00	AMRO;0.809
171.00	174.00	ATSP;0.636
186.00	190.50	BAOR;0.605
72.00	75.00	BLOY;0.579
184.50	189.00	BLOY;0.779
123.00	126.00	BCCH;0.508
274.50	277.50	BCCH;0.590
294.00	297.00	BHGR;0.698
0.00	3.00	BRSP;0.728
196.50	199.50	BRSP;0.595
228.00	231.00	CAFI;0.753
21.00	24.00	CHSW;0.542
153.00	156.00	EVGR;0.507
231.00	234.00	FISP;0.628
4.50	9.00	FOSP;0.546
12.00	15.00	FOSP;0.500
16.50	21.00	FOSP;0.538
30.00	33.00	FOSP;0.500
36.00	39.00	FOSP;0.500
49.50	54.00	FOSP;0.790
60.00	64.50	FOSP;0.687
72.00	76.50	FOSP;0.974
85.50	90.00	FOSP;0.500
91.50	99.00	FOSP;0.949
138.00	142.50	FOSP;0.649
151.50	156.00	FOSP;0.832
163.50	168.00	FOSP;0.804
172.50	177.00	FOSP;0.632
181.50	184.50	FOSP;0.713
192.00	196.50	FOSP;0.550
201.00	207.00	FOSP;0.967
235.50	240.00	FOSP;0.674
276.00	280.50	FOSP;0.608
289.50	294.00	FOSP;0.500
16.50	19.50	GCSP;0.530
30.00	33.00	GCSP;0.803
82.50	85.50	GCSP;0.770
108.00	111.00	GCSP;0.616
123.00	130.50	GCSP;0.860
162.00	165.00	GCSP;0.523
258.00	262.50	GCSP;0.719
274.50	277.50	GCSP;0.566
288.00	291.00	GCSP;0.605
54.00	57.00	GWTE;0.561
268.50	271.50	GWTE;0.540
144.00	147.00	HETH;0.586
247.50	250.50	HETH;0.506
90.00	94.50	HOLA;0.703
292.50	295.50	LALO;0.520
103.50	106.50	LISP;0.532
246.00	249.00	MAMU;0.517
255.00	258.00	MAMU;0.700
273.00	276.00	MAMU;0.720
78.00	81.00	MOCH;0.606
102.00	105.00	MOCH;0.767
114.00	117.00	MOCH;0.531
120.00	123.00	MOCH;0.595
145.50	150.00	MOCH;0.720
61.50	64.50	OROR;0.583
87.00	90.00	OROR;0.510
193.50	196.50	PUFI;0.582
84.00	87.00	RECR;0.645
253.50	256.50	ROWR;0.560
190.50	195.00	RBGR;0.914
207.00	210.00	RBGR;0.500
217.50	220.50	RBGR;0.500
223.50	228.00	RBGR;0.500
229.50	235.50	RBGR;0.751
243.00	247.50	RBGR;0.554
255.00	259.50	RBGR;0.560
264.00	267.00	RBGR;0.500
276.00	280.50	RBGR;0.768
297.00	300.00	RBGR;0.500
96.00	99.00	RUGR;0.628
226.50	229.50	RUGR;0.529
118.50	121.50	RUBL;0.757
13.50	16.50	SBDO;0.526
16.50	19.50	SNBU;0.752
46.50	49.50	SNBU;0.750
85.50	88.50	SNBU;0.519
94.50	97.50	SNBU;0.665
106.50	109.50	SNBU;0.564
214.50	217.50	SNBU;0.561
235.50	240.00	SNBU;0.779
132.00	136.50	SOSA;0.774
141.00	144.00	SOSA;0.564
208.50	213.00	SOSA;0.617
198.00	202.50	SUTA;0.619
213.00	216.00	SUTA;0.520
225.00	229.50	SUTA;0.767
237.00	241.50	SUTA;0.654
285.00	289.50	SUTA;0.670
291.00	294.00	SUTA;0.638
79.50	82.50	SWSP;0.622
3.00	6.00	TOSO;0.539
7.50	10.50	TOSO;0.596
297.00	300.00	TOSO;0.590
153.00	157.50	VATH;0.701
12.00	15.00	VESP;0.546
49.50	52.50	VESP;0.519
75.00	78.00	VESP;0.523
135.00	138.00	VESP;0.684
160.50	163.50	VESP;0.584
288.00	291.00	WEWP;0.639
0.00	3.00	WCSP;0.500
4.50	13.50	WCSP;0.970
18.00	28.50	WCSP;0.978
31.50	46.50	WCSP;0.995
49.50	61.50	WCSP;0.955
64.50	69.00	WCSP;0.988
75.00	78.00	WCSP;0.500
82.50	85.50	WCSP;0.500
93.00	96.00	WCSP;0.500
97.50	102.00	WCSP;0.986
103.50	112.50	WCSP;0.953
115.50	147.00	WCSP;0.993
148.50	157.50	WCSP;0.995
160.50	168.00	WCSP;0.926
174.00	180.00	WCSP;0.989
181.50	202.50	WCSP;0.989
204.00	210.00	WCSP;0.983
211.50	219.00	WCSP;0.960
222.00	228.00	WCSP;0.977
229.50	247.50	WCSP;0.992
249.00	264.00	WCSP;0.995
267.00	271.50	WCSP;0.981
276.00	300.00	WCSP;0.992
3.00	10.50	WTSP;0.675
12.00	19.50	WTSP;0.983
24.00	30.00	WTSP;0.977
33.00	42.00	WTSP;0.972
46.50	51.00	WTSP;0.939
57.00	63.00	WTSP;0.990
67.50	73.50	WTSP;0.996
79.50	85.50	WTSP;0.992
91.50	97.50	WTSP;0.900
102.00	108.00	WTSP;0.746
109.50	114.00	WTSP;0.500
115.50	123.00	WTSP;0.584
127.50	133.50	WTSP;0.992
136.50	139.50	WTSP;0.500
141.00	145.50	WTSP;0.968
154.50	159.00	WTSP;0.809
165.00	171.00	WTSP;0.998
175.50	184.50	WTSP;0.997
196.50	199.50	WTSP;0.500
211.50	216.00	WTSP;0.713
222.00	225.00	WTSP;0.500
238.50	243.00	WTSP;0.500
253.50	256.50	WTSP;0.500
268.50	273.00	WTSP;0.694
277.50	280.50	WTSP;0.523
286.50	289.50	WTSP;0.500
295.50	300.00	WTSP;0.500
0.00	4.50	WIWA;0.989
9.00	15.00	WIWA;0.989
18.00	24.00	WIWA;0.983
27.00	31.50	WIWA;0.990
34.50	40.50	WIWA;0.989
43.50	48.00	WIWA;0.988
52.50	57.00	WIWA;0.817
60.00	64.50	WIWA;0.985
69.00	72.00	WIWA;0.694
76.50	81.00	WIWA;0.990
85.50	90.00	WIWA;0.983
114.00	118.50	WIWA;0.987
