0.00	7.50	AMRO;0.641
13.50	46.50	AMRO;0.987
48.00	51.00	AMRO;0.500
52.50	58.50	AMRO;0.503
61.50	66.00	AMRO;0.729
70.50	75.00	AMRO;0.888
78.00	81.00	AMRO;0.500
84.00	93.00	AMRO;0.909
94.50	111.00	AMRO;0.741
115.50	123.00	AMRO;0.500
127.50	142.50	AMRO;0.792
145.50	159.00	AMRO;0.780
168.00	180.00	AMRO;0.697
184.50	189.00	AMRO;0.528
192.00	201.00	AMRO;0.945
202.50	220.50	AMRO;0.936
222.00	243.00	AMRO;0.983
244.50	249.00	AMRO;0.500
252.00	258.00	AMRO;0.659
261.00	279.00	AMRO;0.765
280.50	285.00	AMRO;0.791
291.00	298.50	AMRO;0.962
21.00	33.00	BHGR;0.665
130.50	133.50	BHGR;0.823
201.00	204.00	BHGR;0.607
217.50	220.50	BHGR;0.517
225.00	228.00	BHGR;0.516
285.00	289.50	BHGR;0.885
297.00	300.00	BHGR;0.711
21.00	24.00	BRSP;0.510
175.50	178.50	BRSP;0.506
267.00	270.00	BRSP;0.566
277.50	280.50	BRSP;0.529
282.00	285.00	BRSP;0.562
276.00	282.00	BRTH;0.774
283.50	286.50	BRTH;0.535
288.00	292.50	BRTH;0.525
63.00	66.00	CHSP;0.520
78.00	82.50	CHSP;0.892
90.00	93.00	CHSP;0.612
129.00	133.50	CHSP;0.680
151.50	156.00	CHSP;0.588
184.50	187.50	CCSP;0.627
190.50	193.50	CCSP;0.688
274.50	277.50	CCSP;0.588
247.50	252.00	DEJU;0.581
7.50	12.00	EABL;0.536
34.50	37.50	EABL;0.548
136.50	139.50	EABL;0.636
82.50	85.50	FISP;0.512
141.00	144.00	FISP;0.602
150.00	153.00	FISP;0.718
244.50	247.50	FISP;0.508
91.50	94.50	FOSP;0.500
112.50	115.50	FOSP;0.793
123.00	126.00	FOSP;0.500
142.50	147.00	FOSP;0.500
157.50	162.00	FOSP;0.574
168.00	172.50	FOSP;0.653
198.00	202.50	FOSP;0.830
210.00	214.50	FOSP;0.500
220.50	225.00	FOSP;0.500
229.50	234.00	FOSP;0.797
255.00	258.00	FOSP;0.567
261.00	265.50	FOSP;0.690
268.50	273.00	FOSP;0.654
0.00	3.00	GCSP;0.500
7.50	16.50	GCSP;0.794
18.00	21.00	GCSP;0.500
31.50	34.50	GCSP;0.621
37.50	42.00	GCSP;0.500
43.50	54.00	GCSP;0.678
57.00	60.00	GCSP;0.510
102.00	106.50	GCSP;0.583
109.50	117.00	GCSP;0.587
120.00	123.00	GCSP;0.500
124.50	129.00	GCSP;0.500
130.50	135.00	GCSP;0.799
138.00	141.00	GCSP;0.500
144.00	147.00	GCSP;0.500
153.00	157.50	GCSP;0.507
159.00	162.00	GCSP;0.500
169.50	174.00	GCSP;0.542
177.00	186.00	GCSP;0.771
189.00	192.00	GCSP;0.500
193.50	198.00	GCSP;0.500
199.50	204.00	GCSP;0.500
208.50	216.00	GCSP;0.500
226.50	229.50	GCSP;0.500
244.50	249.00	GCSP;0.500
250.50	255.00	GCSP;0.553
258.00	262.50	GCSP;0.500
264.00	268.50	GCSP;0.693
271.50	280.50	GCSP;0.754
183.00	186.00	GRCA;0.535
237.00	241.50	GRCA;0.645
273.00	276.00	GRCA;0.503
285.00	288.00	HASP;0.541
237.00	240.00	HETH;0.742
123.00	126.00	LISP;0.645
249.00	252.00	LISP;0.616
258.00	261.00	LISP;0.787
268.50	271.50	LISP;0.795
55.50	58.50	MAMU;0.621
294.00	298.50	MAMU;0.584
192.00	195.00	MAWR;0.570
243.00	247.50	MOBL;0.706
228.00	231.00	MOCH;0.587
237.00	240.00	MOCH;0.563
9.00	13.50	PIGR;0.740
21.00	25.50	PIGR;0.626
277.50	280.50	PIGR;0.824
123.00	127.50	PUFI;0.638
171.00	174.00	REVI;0.779
84.00	87.00	RBGR;0.555
106.50	109.50	RBGR;0.601
211.50	222.00	RBGR;0.730
231.00	234.00	RBGR;0.538
235.50	238.50	RBGR;0.555
241.50	244.50	RBGR;0.562
246.00	250.50	RBGR;0.616
255.00	259.50	RBGR;0.682
265.50	270.00	RBGR;0.914
274.50	277.50	RBGR;0.688
283.50	288.00	RBGR;0.570
142.50	145.50	SWSP;0.649
255.00	258.00	SWSP;0.539
70.50	73.50	TOSO;0.506
253.50	256.50	TOSO;0.537
0.00	4.50	WCSP;0.993
6.00	10.50	WCSP;0.984
12.00	24.00	WCSP;0.987
25.50	30.00	WCSP;0.993
31.50	37.50	WCSP;0.985
39.00	43.50	WCSP;0.982
45.00	49.50	WCSP;0.859
51.00	55.50	WCSP;0.975
57.00	61.50	WCSP;0.990
97.50	118.50	WCSP;0.994
120.00	124.50	WCSP;0.998
126.00	130.50	WCSP;0.993
132.00	150.00	WCSP;0.997
153.00	163.50	WCSP;0.994
165.00	175.50	WCSP;0.991
177.00	187.50	WCSP;0.991
189.00	193.50	WCSP;0.994
195.00	199.50	WCSP;0.986
201.00	205.50	WCSP;0.935
207.00	217.50	WCSP;0.984
219.00	229.50	WCSP;0.984
231.00	237.00	WCSP;0.992
238.50	244.50	WCSP;0.986
246.00	250.50	WCSP;0.982
252.00	264.00	WCSP;0.962
265.50	277.50	WCSP;0.949
279.00	285.00	WCSP;0.974
286.50	291.00	WCSP;0.983
292.50	298.50	WCSP;0.978
0.00	9.00	WTSP;0.995
12.00	15.00	WTSP;0.500
16.50	21.00	WTSP;0.645
22.50	28.50	WTSP;0.995
31.50	49.50	WTSP;0.997
51.00	57.00	WTSP;0.945
58.50	70.50	WTSP;0.997
72.00	78.00	WTSP;0.999
79.50	114.00	WTSP;0.997
117.00	123.00	WTSP;0.995
124.50	129.00	WTSP;0.925
130.50	135.00	WTSP;0.513
139.50	142.50	WTSP;0.500
145.50	151.50	WTSP;0.989
154.50	160.50	WTSP;0.980
162.00	198.00	WTSP;0.998
199.50	205.50	WTSP;0.831
208.50	222.00	WTSP;0.994
223.50	247.50	WTSP;0.990
249.00	255.00	WTSP;0.975
256.50	268.50	WTSP;0.844
271.50	300.00	WTSP;0.995
1.50	6.00	WIWA;0.637
15.00	19.50	WIWA;0.803
24.00	27.00	WIWA;0.500
34.50	39.00	WIWA;0.808
43.50	48.00	WIWA;0.825
49.50	54.00	WIWA;0.983
58.50	63.00	WIWA;0.851
66.00	72.00	WIWA;0.976
75.00	79.50	WIWA;0.989
82.50	88.50	WIWA;0.986
90.00	96.00	WIWA;0.988
99.00	103.50	WIWA;0.960
105.00	111.00	WIWA;0.987
135.00	139.50	WIWA;0.955
141.00	145.50	WIWA;0.606
150.00	154.50	WIWA;0.864
157.50	162.00	WIWA;0.683
174.00	177.00	WIWA;0.519
180.00	184.50	WIWA;0.877
187.50	190.50	WIWA;0.500
196.50	201.00	WIWA;0.500
235.50	238.50	WIWA;0.500
255.00	259.50	WIWA;0.693
262.50	267.00	WIWA;0.795
