285.00	288.00	AMDI;0.560
403.50	406.50	AMDI;0.531
508.50	511.50	AMDI;0.688
550.50	553.50	AMDI;0.701
361.50	366.00	AMGP;0.586
0.00	4.50	AMRO;0.958
6.00	9.00	AMRO;0.500
13.50	18.00	AMRO;0.920
19.50	24.00	AMRO;0.767
31.50	37.50	AMRO;0.950
64.50	67.50	AMRO;0.500
70.50	79.50	AMRO;0.661
82.50	90.00	AMRO;0.766
102.00	105.00	AMRO;0.500
142.50	147.00	AMRO;0.729
148.50	153.00	AMRO;0.600
204.00	210.00	AMRO;0.939
217.50	222.00	AMRO;0.875
255.00	259.50	AMRO;0.805
267.00	271.50	AMRO;0.585
276.00	283.50	AMRO;0.745
295.50	298.50	AMRO;0.500
307.50	316.50	AMRO;0.753
327.00	331.50	AMRO;0.913
334.50	340.50	AMRO;0.981
346.50	351.00	AMRO;0.916
372.00	375.00	AMRO;0.513
378.00	382.50	AMRO;0.500
393.00	396.00	AMRO;0.500
402.00	405.00	AMRO;0.500
411.00	414.00	AMRO;0.500
423.00	426.00	AMRO;0.541
429.00	433.50	AMRO;0.500
450.00	453.00	AMRO;0.520
174.00	177.00	ATSP;0.500
247.50	252.00	ATSP;0.500
265.50	270.00	ATSP;0.903
274.50	279.00	ATSP;0.798
10.50	15.00	BAEA;0.615
142.50	145.50	BAEA;0.559
187.50	192.00	BAEA;0.911
57.00	61.50	BBPL;0.591
21.00	24.00	BCCH;0.500
25.50	30.00	BCCH;0.665
31.50	36.00	BCCH;0.500
45.00	54.00	BCCH;0.832
58.50	70.50	BCCH;0.604
73.50	79.50	BCCH;0.604
82.50	87.00	BCCH;0.509
90.00	97.50	BCCH;0.500
108.00	111.00	BCCH;0.500
118.50	127.50	BCCH;0.592
136.50	141.00	BCCH;0.701
157.50	163.50	BCCH;0.500
166.50	172.50	BCCH;0.804
184.50	189.00	BCCH;0.640
190.50	196.50	BCCH;0.500
198.00	201.00	BCCH;0.500
217.50	231.00	BCCH;0.823
232.50	240.00	BCCH;0.741
241.50	246.00	BCCH;0.701
252.00	259.50	BCCH;0.534
261.00	268.50	BCCH;0.729
274.50	280.50	BCCH;0.500
288.00	291.00	BCCH;0.500
292.50	297.00	BCCH;0.890
300.00	303.00	BCCH;0.500
309.00	316.50	BCCH;0.762
319.50	324.00	BCCH;0.637
337.50	345.00	BCCH;0.533
348.00	351.00	BCCH;0.500
357.00	361.50	BCCH;0.571
403.50	409.50	BCCH;0.577
411.00	415.50	BCCH;0.888
439.50	451.50	BCCH;0.526
543.00	546.00	BCCH;0.500
378.00	381.00	BHGR;0.560
414.00	417.00	BRSP;0.531
562.50	567.00	CAFI;0.670
571.50	574.50	CAFI;0.587
585.00	589.50	CAFI;0.649
0.00	3.00	CHSP;0.602
7.50	12.00	CHSP;0.828
13.50	19.50	CHSP;0.929
22.50	28.50	CHSP;0.932
30.00	36.00	CHSP;0.987
39.00	45.00	CHSP;0.907
46.50	52.50	CHSP;0.988
54.00	60.00	CHSP;0.984
63.00	69.00	CHSP;0.984
72.00	76.50	CHSP;0.974
78.00	84.00	CHSP;0.978
87.00	93.00	CHSP;0.978
94.50	100.50	CHSP;0.943
102.00	108.00	CHSP;0.978
111.00	117.00	CHSP;0.922
118.50	124.50	CHSP;0.895
129.00	133.50	CHSP;0.981
135.00	141.00	CHSP;0.957
144.00	148.50	CHSP;0.917
151.50	157.50	CHSP;0.953
160.50	165.00	CHSP;0.810
166.50	172.50	CHSP;0.980
175.50	180.00	CHSP;0.863
183.00	189.00	CHSP;0.892
190.50	196.50	CHSP;0.964
198.00	204.00	CHSP;0.865
207.00	211.50	CHSP;0.962
214.50	219.00	CHSP;0.500
222.00	228.00	CHSP;0.962
231.00	237.00	CHSP;0.825
240.00	249.00	CHSP;0.978
250.50	255.00	CHSP;0.679
258.00	262.50	CHSP;0.983
267.00	271.50	CHSP;0.836
273.00	277.50	CHSP;0.943
279.00	285.00	CHSP;0.978
288.00	294.00	CHSP;0.971
297.00	303.00	CHSP;0.846
304.50	312.00	CHSP;0.991
313.50	319.50	CHSP;0.967
321.00	331.50	CHSP;0.983
334.50	340.50	CHSP;0.969
343.50	348.00	CHSP;0.936
351.00	357.00	CHSP;0.974
360.00	364.50	CHSP;0.793
367.50	373.50	CHSP;0.980
375.00	381.00	CHSP;0.986
382.50	388.50	CHSP;0.990
390.00	396.00	CHSP;0.976
399.00	405.00	CHSP;0.945
406.50	411.00	CHSP;0.931
415.50	420.00	CHSP;0.942
423.00	427.50	CHSP;0.972
430.50	436.50	CHSP;0.992
439.50	444.00	CHSP;0.949
445.50	453.00	CHSP;0.938
456.00	468.00	CHSP;0.986
471.00	477.00	CHSP;0.871
478.50	483.00	CHSP;0.919
486.00	492.00	CHSP;0.907
495.00	498.00	CHSP;0.500
502.50	507.00	CHSP;0.982
510.00	516.00	CHSP;0.981
517.50	523.50	CHSP;0.966
525.00	529.50	CHSP;0.891
532.50	538.50	CHSP;0.988
541.50	546.00	CHSP;0.881
550.50	555.00	CHSP;0.861
556.50	564.00	CHSP;0.941
565.50	571.50	CHSP;0.897
574.50	579.00	CHSP;0.832
582.00	588.00	CHSP;0.986
591.00	597.00	CHSP;0.987
499.50	504.00	CCSP;0.986
0.00	6.00	DEJU;0.500
13.50	19.50	DEJU;0.627
24.00	28.50	DEJU;0.599
30.00	33.00	DEJU;0.500
39.00	45.00	DEJU;0.545
54.00	57.00	DEJU;0.500
66.00	69.00	DEJU;0.500
70.50	75.00	DEJU;0.712
78.00	84.00	DEJU;0.646
90.00	93.00	DEJU;0.525
94.50	100.50	DEJU;0.745
114.00	117.00	DEJU;0.500
121.50	124.50	DEJU;0.751
135.00	141.00	DEJU;0.688
151.50	154.50	DEJU;0.500
159.00	165.00	DEJU;0.721
171.00	174.00	DEJU;0.564
175.50	181.50	DEJU;0.694
183.00	192.00	DEJU;0.500
193.50	196.50	DEJU;0.500
198.00	201.00	DEJU;0.500
214.50	220.50	DEJU;0.500
222.00	228.00	DEJU;0.500
234.00	237.00	DEJU;0.500
240.00	246.00	DEJU;0.912
247.50	253.50	DEJU;0.550
261.00	264.00	DEJU;0.611
265.50	271.50	DEJU;0.500
283.50	286.50	DEJU;0.500
289.50	294.00	DEJU;0.831
300.00	303.00	DEJU;0.500
304.50	307.50	DEJU;0.500
315.00	319.50	DEJU;0.523
324.00	331.50	DEJU;0.500
337.50	340.50	DEJU;0.500
342.00	349.50	DEJU;0.742
354.00	357.00	DEJU;0.500
358.50	364.50	DEJU;0.876
378.00	381.00	DEJU;0.500
402.00	405.00	DEJU;0.500
408.00	412.50	DEJU;0.594
426.00	432.00	DEJU;0.500
433.50	436.50	DEJU;0.500
438.00	441.00	DEJU;0.500
445.50	448.50	DEJU;0.500
456.00	460.50	DEJU;0.819
471.00	477.00	DEJU;0.593
478.50	484.50	DEJU;0.986
489.00	492.00	DEJU;0.573
493.50	499.50	DEJU;0.981
501.00	504.00	DEJU;0.502
505.50	508.50	DEJU;0.500
513.00	516.00	DEJU;0.633
517.50	523.50	DEJU;0.848
525.00	531.00	DEJU;0.786
532.50	538.50	DEJU;0.500
541.50	547.50	DEJU;0.771
550.50	559.50	DEJU;0.827
561.00	564.00	DEJU;0.543
565.50	571.50	DEJU;0.804
573.00	580.50	DEJU;0.726
582.00	588.00	DEJU;0.500
591.00	597.00	DEJU;0.511
459.00	463.50	DUNL;0.804
114.00	117.00	EAME;0.689
445.50	448.50	EAME;0.551
39.00	42.00	EATO;0.516
445.50	448.50	EATO;0.717
456.00	459.00	EATO;0.541
12.00	15.00	GCSP;0.837
28.50	33.00	GCSP;0.986
43.50	46.50	GCSP;0.500
97.50	102.00	GCSP;0.975
105.00	109.50	GCSP;0.534
112.50	117.00	GCSP;0.500
130.50	135.00	GCSP;0.980
147.00	151.50	GCSP;0.709
162.00	166.50	GCSP;0.992
181.50	186.00	GCSP;0.981
190.50	193.50	GCSP;0.500
199.50	204.00	GCSP;0.934
216.00	220.50	GCSP;0.977
232.50	237.00	GCSP;0.977
250.50	255.00	GCSP;0.992
271.50	276.00	GCSP;0.995
285.00	291.00	GCSP;0.989
301.50	306.00	GCSP;0.991
316.50	321.00	GCSP;0.947
333.00	337.50	GCSP;0.983
351.00	355.50	GCSP;0.962
364.50	369.00	GCSP;0.994
381.00	385.50	GCSP;0.990
397.50	402.00	GCSP;0.987
417.00	421.50	GCSP;0.988
427.50	430.50	GCSP;0.712
435.00	439.50	GCSP;0.990
453.00	457.50	GCSP;0.986
471.00	475.50	GCSP;0.913
486.00	490.50	GCSP;0.847
504.00	507.00	GCSP;0.598
522.00	526.50	GCSP;0.981
540.00	546.00	GCSP;0.995
558.00	562.50	GCSP;0.930
576.00	582.00	GCSP;0.991
595.50	598.50	GCSP;0.500
292.50	295.50	GRCA;0.513
559.50	562.50	GRYE;0.546
34.50	37.50	GWTE;0.500
142.50	148.50	GWTE;0.884
327.00	333.00	GWTE;0.899
336.00	339.00	GWTE;0.500
462.00	465.00	GWTE;0.500
10.50	81.00	HETH;0.977
82.50	87.00	HETH;0.924
90.00	100.50	HETH;0.918
108.00	117.00	HETH;0.974
118.50	127.50	HETH;0.983
129.00	144.00	HETH;0.898
151.50	165.00	HETH;0.976
166.50	175.50	HETH;0.912
178.50	181.50	HETH;0.500
184.50	205.50	HETH;0.899
210.00	213.00	HETH;0.585
214.50	219.00	HETH;0.960
220.50	231.00	HETH;0.847
235.50	240.00	HETH;0.627
241.50	250.50	HETH;0.799
252.00	268.50	HETH;0.864
271.50	279.00	HETH;0.984
291.00	298.50	HETH;0.829
300.00	307.50	HETH;0.935
309.00	316.50	HETH;0.958
319.50	327.00	HETH;0.924
328.50	345.00	HETH;0.952
348.00	361.50	HETH;0.991
406.50	415.50	HETH;0.958
426.00	432.00	HETH;0.874
439.50	451.50	HETH;0.969
456.00	460.50	HETH;0.500
508.50	513.00	HETH;0.569
529.50	534.00	HETH;0.500
574.50	579.00	HETH;0.941
492.00	496.50	HOFI;0.816
528.00	531.00	HOFI;0.548
555.00	559.50	HOFI;0.622
270.00	273.00	HOWR;0.501
580.50	583.50	HOWR;0.633
147.00	150.00	LASP;0.736
477.00	481.50	LEYE;0.566
531.00	537.00	LEYE;0.851
567.00	570.00	LEYE;0.890
1.50	4.50	LISP;0.500
6.00	10.50	LISP;0.991
18.00	28.50	LISP;0.830
36.00	42.00	LISP;0.986
52.50	57.00	LISP;0.998
67.50	73.50	LISP;0.973
84.00	90.00	LISP;0.995
91.50	96.00	LISP;0.828
99.00	105.00	LISP;0.993
115.50	121.50	LISP;0.995
132.00	138.00	LISP;0.986
147.00	154.50	LISP;0.985
160.50	169.50	LISP;0.986
180.00	186.00	LISP;0.993
195.00	201.00	LISP;0.984
204.00	207.00	LISP;0.834
211.50	216.00	LISP;0.990
226.50	234.00	LISP;0.994
247.50	252.00	LISP;0.647
262.50	267.00	LISP;0.995
268.50	271.50	LISP;0.589
277.50	283.50	LISP;0.992
297.00	304.50	LISP;0.980
316.50	321.00	LISP;0.627
330.00	333.00	LISP;0.500
345.00	348.00	LISP;0.500
360.00	363.00	LISP;0.500
369.00	378.00	LISP;0.592
385.50	393.00	LISP;0.854
396.00	400.50	LISP;0.816
421.50	426.00	LISP;0.523
441.00	445.50	LISP;0.879
469.50	472.50	LISP;0.500
484.50	489.00	LISP;0.974
495.00	499.50	LISP;0.881
504.00	510.00	LISP;0.811
516.00	526.50	LISP;0.979
535.50	543.00	LISP;0.976
547.50	553.50	LISP;0.811
573.00	576.00	LISP;0.500
579.00	583.50	LISP;0.945
586.50	592.50	LISP;0.897
595.50	598.50	LISP;0.527
235.50	240.00	MAMU;0.827
460.50	465.00	MAMU;0.818
528.00	531.00	MAWR;0.503
16.50	19.50	MOCH;0.500
21.00	24.00	MOCH;0.500
25.50	30.00	MOCH;0.522
33.00	37.50	MOCH;0.538
54.00	58.50	MOCH;0.824
76.50	81.00	MOCH;0.500
93.00	96.00	MOCH;0.500
108.00	112.50	MOCH;0.500
118.50	123.00	MOCH;0.508
138.00	144.00	MOCH;0.683
157.50	162.00	MOCH;0.792
168.00	174.00	MOCH;0.573
178.50	181.50	MOCH;0.607
193.50	198.00	MOCH;0.500
201.00	208.50	MOCH;0.720
217.50	220.50	MOCH;0.500
222.00	229.50	MOCH;0.724
235.50	238.50	MOCH;0.500
246.00	250.50	MOCH;0.601
255.00	259.50	MOCH;0.802
264.00	268.50	MOCH;0.608
289.50	294.00	MOCH;0.500
304.50	307.50	MOCH;0.500
312.00	316.50	MOCH;0.547
322.50	327.00	MOCH;0.554
340.50	345.00	MOCH;0.945
394.50	399.00	MOCH;0.838
405.00	412.50	MOCH;0.774
420.00	423.00	MOCH;0.669
427.50	430.50	MOCH;0.500
442.50	447.00	MOCH;0.827
529.50	534.00	MOCH;0.500
238.50	241.50	NOHA;0.652
97.50	100.50	PAWA;0.566
144.00	147.00	PAWA;0.651
154.50	157.50	PAWA;0.552
159.00	162.00	PAWA;0.522
178.50	181.50	PAWA;0.516
201.00	204.00	PAWA;0.501
231.00	234.00	PAWA;0.503
304.50	307.50	PAWA;0.540
367.50	370.50	PAWA;0.550
462.00	465.00	PAWA;0.516
474.00	477.00	PAWA;0.505
582.00	585.00	PAWA;0.791
591.00	594.00	PAWA;0.573
522.00	526.50	PHVI;0.630
4.50	7.50	PIGR;0.513
253.50	258.00	PIGR;0.570
310.50	315.00	PIGR;0.665
465.00	468.00	PIGR;0.672
544.50	547.50	PIGR;0.536
12.00	15.00	PUFI;0.586
24.00	27.00	PUFI;0.605
339.00	342.00	PUFI;0.726
391.50	394.50	PUFI;0.624
405.00	408.00	PUFI;0.560
541.50	544.50	PUFI;0.505
571.50	574.50	PUFI;0.579
445.50	448.50	RWBL;0.577
21.00	25.50	ROWR;0.665
51.00	55.50	ROWR;0.938
67.50	70.50	ROWR;0.700
163.50	166.50	ROWR;0.511
195.00	199.50	ROWR;0.528
246.00	250.50	ROWR;0.558
277.50	282.00	ROWR;0.716
42.00	46.50	RCKI;0.622
490.50	495.00	RCKI;0.575
511.50	517.50	RCKI;0.871
528.00	532.50	RCKI;0.640
535.50	541.50	RCKI;0.811
546.00	549.00	RCKI;0.613
555.00	559.50	RCKI;0.658
562.50	565.50	RCKI;0.515
568.50	573.00	RCKI;0.822
588.00	591.00	RUTU;0.542
40.50	45.00	RUBL;0.728
189.00	192.00	SSHA;0.551
481.50	486.00	SNBU;0.741
210.00	213.00	SWSP;0.504
9.00	12.00	TOSO;0.775
267.00	270.00	TOSO;0.587
145.50	148.50	VESP;0.508
151.50	154.50	VESP;0.557
174.00	178.50	VESP;0.630
115.50	118.50	WAVI;0.574
243.00	252.00	WEFL;0.660
174.00	177.00	WEME;0.512
210.00	213.00	WEME;0.728
259.50	262.50	WCSP;0.587
268.50	273.00	WCSP;0.712
387.00	391.50	WCSP;0.890
408.00	411.00	WTSP;0.503
