132.00	136.50	AMRO;0.775
153.00	156.00	AMRO;0.503
163.50	166.50	AMRO;0.619
172.50	177.00	AMRO;0.683
138.00	141.00	ATSP;0.551
577.50	582.00	ATSP;0.801
439.50	442.50	BEWR;0.583
445.50	448.50	BEWR;0.509
261.00	264.00	BLRA;0.624
328.50	331.50	BCCH;0.592
355.50	360.00	BCCH;0.728
373.50	376.50	BCCH;0.684
519.00	522.00	BCCH;0.590
480.00	483.00	BTNW;0.575
64.50	67.50	BHVI;0.649
118.50	121.50	BHVI;0.862
247.50	252.00	BRBL;0.725
21.00	24.00	BRSP;0.526
103.50	106.50	BRSP;0.516
177.00	181.50	CHSP;0.698
69.00	72.00	CONI;0.544
139.50	142.50	EAME;0.593
4.50	9.00	EATO;0.500
30.00	33.00	EATO;0.500
45.00	49.50	EATO;0.923
64.50	69.00	EATO;0.784
84.00	87.00	EATO;0.775
102.00	105.00	EATO;0.500
169.50	172.50	EATO;0.500
192.00	198.00	EATO;0.500
226.50	229.50	EATO;0.500
247.50	255.00	EATO;0.500
363.00	367.50	EATO;0.500
378.00	384.00	EATO;0.500
486.00	489.00	EATO;0.500
583.50	586.50	EATO;0.500
504.00	507.00	EVGR;0.611
4.50	9.00	FOSP;0.951
27.00	31.50	FOSP;0.890
46.50	51.00	FOSP;0.857
66.00	70.50	FOSP;0.898
79.50	84.00	FOSP;0.608
85.50	90.00	FOSP;0.942
93.00	97.50	FOSP;0.634
99.00	105.00	FOSP;0.988
114.00	117.00	FOSP;0.500
120.00	130.50	FOSP;0.797
139.50	144.00	FOSP;0.846
147.00	151.50	FOSP;0.982
154.50	159.00	FOSP;0.752
166.50	172.50	FOSP;0.967
187.50	198.00	FOSP;0.666
210.00	216.00	FOSP;0.877
228.00	232.50	FOSP;0.840
252.00	256.50	FOSP;0.870
294.00	297.00	FOSP;0.500
312.00	315.00	FOSP;0.500
330.00	334.50	FOSP;0.832
363.00	367.50	FOSP;0.745
378.00	382.50	FOSP;0.861
441.00	445.50	FOSP;0.831
468.00	474.00	FOSP;0.975
483.00	489.00	FOSP;0.920
504.00	507.00	FOSP;0.500
525.00	531.00	FOSP;0.966
580.50	586.50	FOSP;0.993
595.50	600.00	FOSP;0.994
322.50	325.50	GCSP;0.501
336.00	340.50	GCSP;0.539
391.50	396.00	GCSP;0.918
430.50	433.50	GCSP;0.701
436.50	439.50	GCSP;0.575
478.50	481.50	GCSP;0.551
273.00	276.00	GRCA;0.590
172.50	177.00	GWTE;0.644
505.50	510.00	GWTE;0.845
30.00	33.00	HETH;0.500
52.50	55.50	HETH;0.500
72.00	81.00	HETH;0.690
181.50	184.50	HETH;0.500
192.00	195.00	HETH;0.500
225.00	229.50	HETH;0.583
283.50	288.00	HETH;0.500
313.50	316.50	HETH;0.500
328.50	331.50	HETH;0.500
355.50	364.50	HETH;0.851
387.00	391.50	HETH;0.895
405.00	408.00	HETH;0.500
421.50	426.00	HETH;0.957
445.50	450.00	HETH;0.803
490.50	493.50	HETH;0.500
514.50	522.00	HETH;0.607
535.50	538.50	HETH;0.500
586.50	591.00	HETH;0.626
273.00	276.00	LALO;0.558
294.00	297.00	LASP;0.511
165.00	168.00	LESA;0.501
433.50	436.50	LISP;0.627
487.50	490.50	LISP;0.560
498.00	502.50	LISP;0.941
520.50	525.00	LISP;0.755
570.00	573.00	LISP;0.541
91.50	96.00	MAMU;0.864
435.00	438.00	MAWR;0.520
51.00	55.50	MOCH;0.547
73.50	79.50	MOCH;0.742
99.00	102.00	MOCH;0.523
184.50	187.50	MOCH;0.624
264.00	268.50	MOCH;0.530
285.00	288.00	MOCH;0.506
336.00	340.50	MOCH;0.605
399.00	402.00	MOCH;0.656
409.50	412.50	MOCH;0.625
441.00	444.00	MOCH;0.506
453.00	456.00	MOCH;0.537
495.00	498.00	MOCH;0.546
67.50	70.50	OROR;0.511
135.00	138.00	OROR;0.504
88.50	94.50	PISI;0.582
111.00	120.00	PISI;0.824
123.00	127.50	PISI;0.972
129.00	150.00	PISI;0.945
271.50	276.00	PISI;0.564
334.50	363.00	PISI;0.996
408.00	432.00	PISI;0.997
444.00	460.50	PISI;0.999
463.50	469.50	PISI;0.521
535.50	570.00	PISI;0.996
573.00	576.00	PISI;0.500
94.50	97.50	RUGR;0.747
175.50	178.50	RUGR;0.666
55.50	60.00	RUBL;0.789
108.00	112.50	RUBL;0.941
78.00	84.00	SNBU;0.899
93.00	96.00	SNBU;0.631
111.00	115.50	SNBU;0.681
127.50	130.50	SNBU;0.544
154.50	157.50	SNBU;0.521
186.00	190.50	SNBU;0.719
367.50	370.50	SNBU;0.627
468.00	471.00	SNBU;0.533
522.00	526.50	SNBU;0.578
366.00	369.00	SOSP;0.540
271.50	274.50	SPGR;0.516
156.00	159.00	TOSO;0.529
334.50	337.50	TOSO;0.673
492.00	496.50	TOSO;0.946
498.00	501.00	TOSO;0.581
529.50	532.50	TOSO;0.574
255.00	258.00	VESP;0.540
291.00	295.50	WAVI;0.580
30.00	33.00	WCSP;0.500
75.00	79.50	WCSP;0.500
87.00	90.00	WCSP;0.500
109.50	114.00	WCSP;0.976
130.50	133.50	WCSP;0.500
150.00	154.50	WCSP;0.500
169.50	174.00	WCSP;0.930
189.00	192.00	WCSP;0.500
255.00	258.00	WCSP;0.500
279.00	282.00	WCSP;0.500
286.50	294.00	WCSP;0.957
297.00	300.00	WCSP;0.500
321.00	328.50	WCSP;0.688
364.50	369.00	WCSP;0.716
375.00	379.50	WCSP;0.988
382.50	387.00	WCSP;0.832
393.00	396.00	WCSP;0.500
400.50	405.00	WCSP;0.994
421.50	424.50	WCSP;0.500
430.50	435.00	WCSP;0.739
438.00	442.50	WCSP;0.996
445.50	450.00	WCSP;0.616
462.00	466.50	WCSP;0.935
471.00	475.50	WCSP;0.884
478.50	486.00	WCSP;0.976
490.50	493.50	WCSP;0.500
501.00	505.50	WCSP;0.960
391.50	394.50	WTSP;0.782
399.00	402.00	WTSP;0.600
436.50	439.50	WTSP;0.627
445.50	448.50	WTSP;0.577
477.00	481.50	WTSP;0.720
495.00	498.00	WTSP;0.700
208.50	211.50	WILL;0.729
159.00	163.50	WIWR;0.719
0.00	4.50	YRWA;0.988
102.00	106.50	YRWA;0.986
480.00	483.00	YRWA;0.500
