22.50	25.50	AMDI;0.532
81.00	84.00	BHCO;0.832
48.00	52.50	CHSW;0.643
100.50	103.50	CHSW;0.597
109.50	112.50	CHSW;0.627
121.50	126.00	CHSW;0.656
135.00	141.00	CHSW;0.564
51.00	54.00	EAME;0.587
52.50	55.50	EVGR;0.582
73.50	76.50	EVGR;0.536
66.00	69.00	FISP;0.518
105.00	108.00	FISP;0.823
147.00	151.50	FISP;0.894
37.50	40.50	FOSP;0.578
213.00	217.50	GCSP;0.857
9.00	15.00	MOCH;0.891
40.50	45.00	MOCH;0.688
63.00	66.00	MOCH;0.741
85.50	88.50	MOCH;0.924
156.00	160.50	MOCH;0.943
210.00	213.00	OCWA;0.818
24.00	28.50	SAND;0.736
36.00	39.00	SNBU;0.506
40.50	45.00	SNBU;0.606
55.50	60.00	SNBU;0.688
294.00	298.50	SWSP;0.562
16.50	21.00	VATH;0.892
171.00	174.00	VATH;0.663
262.50	267.00	VATH;0.935
268.50	273.00	VATH;0.703
49.50	52.50	WEME;0.644
9.00	15.00	WTSP;0.947
37.50	43.50	WTSP;0.981
63.00	69.00	WTSP;0.910
81.00	87.00	WTSP;0.985
102.00	108.00	WTSP;0.987
151.50	159.00	WTSP;0.799
168.00	174.00	WTSP;0.952
198.00	201.00	WTSP;0.500
213.00	216.00	WTSP;0.500
220.50	223.50	WTSP;0.500
229.50	234.00	WTSP;0.691
27.00	31.50	WIWA;0.831
70.50	75.00	WIWA;0.984
97.50	102.00	WIWA;0.973
109.50	114.00	WIWA;0.688
123.00	126.00	WIWA;0.500
136.50	139.50	WIWA;0.907
166.50	169.50	WIWA;0.500
181.50	186.00	WIWA;0.923
195.00	199.50	WIWA;0.975
208.50	213.00	WIWA;0.697
222.00	226.50	WIWA;0.865
235.50	240.00	WIWA;0.989
246.00	250.50	WIWA;0.885
259.50	264.00	WIWA;0.977
270.00	274.50	WIWA;0.949
283.50	288.00	WIWA;0.858
294.00	298.50	WIWA;0.678
16.50	19.50	YRWA;0.500
45.00	51.00	YRWA;0.989
57.00	63.00	YRWA;0.991
67.50	72.00	YRWA;0.978
154.50	159.00	YRWA;0.627
210.00	214.50	YRWA;0.842
249.00	252.00	YRWA;0.500
