256.50	259.50	AMDI;0.580
394.50	397.50	AMDI;0.505
481.50	484.50	AGOL;0.596
516.00	519.00	BAOR;0.558
552.00	556.50	BLOY;0.684
106.50	111.00	BCCH;0.845
420.00	423.00	DUNL;0.554
1.50	4.50	EAME;0.502
120.00	123.00	EAME;0.566
328.50	331.50	EAME;0.616
175.50	178.50	EATO;0.807
0.00	3.00	FISP;0.500
22.50	25.50	FISP;0.519
31.50	34.50	FISP;0.500
39.00	45.00	FISP;0.525
60.00	67.50	FISP;0.500
76.50	79.50	FISP;0.500
82.50	85.50	FISP;0.512
93.00	102.00	FISP;0.850
109.50	112.50	FISP;0.678
120.00	123.00	FISP;0.500
126.00	130.50	FISP;0.500
144.00	150.00	FISP;0.842
151.50	154.50	FISP;0.567
189.00	192.00	FISP;0.500
207.00	210.00	FISP;0.680
249.00	255.00	FISP;0.500
298.50	301.50	FISP;0.615
310.50	315.00	FISP;0.590
321.00	325.50	FISP;0.967
340.50	343.50	FISP;0.500
348.00	351.00	FISP;0.542
352.50	357.00	FISP;0.500
375.00	378.00	FISP;0.500
399.00	402.00	FISP;0.500
429.00	432.00	FISP;0.500
472.50	475.50	FISP;0.500
532.50	537.00	FISP;0.517
544.50	549.00	FISP;0.831
559.50	564.00	FISP;0.500
573.00	576.00	FISP;0.500
1.50	12.00	FOSP;0.944
18.00	22.50	FOSP;0.839
33.00	37.50	FOSP;0.837
46.50	52.50	FOSP;0.838
61.50	64.50	FOSP;0.500
67.50	73.50	FOSP;0.901
85.50	90.00	FOSP;0.898
102.00	108.00	FOSP;0.897
121.50	126.00	FOSP;0.500
159.00	163.50	FOSP;0.563
165.00	169.50	FOSP;0.923
174.00	178.50	FOSP;0.610
183.00	193.50	FOSP;0.970
204.00	208.50	FOSP;0.945
219.00	225.00	FOSP;0.929
241.50	246.00	FOSP;0.969
250.50	253.50	FOSP;0.606
258.00	264.00	FOSP;0.947
267.00	270.00	FOSP;0.500
273.00	279.00	FOSP;0.937
294.00	300.00	FOSP;0.951
313.50	319.50	FOSP;0.962
325.50	334.50	FOSP;0.970
345.00	349.50	FOSP;0.923
352.50	357.00	FOSP;0.663
360.00	366.00	FOSP;0.865
378.00	382.50	FOSP;0.937
396.00	400.50	FOSP;0.949
453.00	457.50	FOSP;0.923
468.00	471.00	FOSP;0.500
546.00	550.50	FOSP;0.895
559.50	564.00	FOSP;0.665
79.50	82.50	GCSP;0.586
391.50	394.50	HASP;0.607
240.00	243.00	HETH;0.739
376.50	379.50	HETH;0.510
381.00	384.00	LALO;0.606
19.50	24.00	MAMU;0.730
10.50	13.50	MOCH;0.842
15.00	18.00	MOCH;0.500
22.50	28.50	MOCH;0.927
30.00	33.00	MOCH;0.525
42.00	48.00	MOCH;0.720
51.00	60.00	MOCH;0.820
63.00	67.50	MOCH;0.500
72.00	76.50	MOCH;0.809
79.50	85.50	MOCH;0.800
88.50	102.00	MOCH;0.654
106.50	112.50	MOCH;0.596
114.00	118.50	MOCH;0.915
126.00	133.50	MOCH;0.500
135.00	139.50	MOCH;0.574
151.50	160.50	MOCH;0.840
163.50	166.50	MOCH;0.500
172.50	175.50	MOCH;0.527
207.00	210.00	MOCH;0.608
231.00	234.00	MOCH;0.929
249.00	253.50	MOCH;0.616
268.50	274.50	MOCH;0.500
282.00	291.00	MOCH;0.701
292.50	295.50	MOCH;0.500
298.50	303.00	MOCH;0.807
310.50	315.00	MOCH;0.500
328.50	331.50	MOCH;0.500
342.00	345.00	MOCH;0.888
348.00	351.00	MOCH;0.571
373.50	378.00	MOCH;0.582
391.50	394.50	MOCH;0.550
403.50	408.00	MOCH;0.944
415.50	420.00	MOCH;0.645
427.50	433.50	MOCH;0.500
439.50	444.00	MOCH;0.642
447.00	454.50	MOCH;0.632
456.00	460.50	MOCH;0.523
462.00	468.00	MOCH;0.500
474.00	478.50	MOCH;0.545
499.50	504.00	MOCH;0.618
532.50	537.00	MOCH;0.516
571.50	576.00	MOCH;0.500
360.00	363.00	PUFI;0.585
468.00	471.00	PUFI;0.532
576.00	579.00	PUFI;0.546
16.50	21.00	RECR;0.635
67.50	70.50	RECR;0.696
84.00	88.50	RECR;0.815
102.00	105.00	RECR;0.529
360.00	363.00	RECR;0.522
436.50	439.50	RUBL;0.517
571.50	574.50	RUBL;0.513
235.50	238.50	SAPH;0.729
244.50	247.50	SBDO;0.536
399.00	402.00	SBDO;0.611
1.50	4.50	SNBU;0.560
18.00	22.50	SNBU;0.724
48.00	51.00	SNBU;0.504
61.50	64.50	SNBU;0.583
69.00	73.50	SNBU;0.553
85.50	88.50	SNBU;0.510
103.50	106.50	SNBU;0.526
160.50	163.50	SNBU;0.539
165.00	169.50	SNBU;0.703
184.50	187.50	SNBU;0.681
204.00	207.00	SNBU;0.533
222.00	225.00	SNBU;0.624
295.50	300.00	SNBU;0.725
360.00	364.50	SNBU;0.513
396.00	400.50	SNBU;0.647
574.50	579.00	SNBU;0.747
229.50	232.50	SOSA;0.560
3.00	6.00	SPSA;0.562
120.00	123.00	SPSA;0.601
163.50	166.50	SPSA;0.558
253.50	256.50	TOWA;0.500
0.00	4.50	VATH;0.500
25.50	28.50	VATH;0.500
40.50	45.00	VATH;0.719
181.50	186.00	VATH;0.949
232.50	238.50	VATH;0.948
249.00	253.50	VATH;0.611
277.50	282.00	VATH;0.870
312.00	316.50	VATH;0.927
363.00	369.00	VATH;0.979
406.50	411.00	VATH;0.919
421.50	426.00	VATH;0.783
469.50	474.00	VATH;0.944
540.00	544.50	VATH;0.649
591.00	595.50	VATH;0.954
46.50	49.50	VESP;0.520
183.00	186.00	VESP;0.505
25.50	28.50	WEWP;0.516
0.00	3.00	WCSP;0.951
4.50	7.50	WCSP;0.500
9.00	19.50	WCSP;0.990
22.50	37.50	WCSP;0.987
40.50	48.00	WCSP;0.983
51.00	67.50	WCSP;0.990
72.00	82.50	WCSP;0.959
87.00	91.50	WCSP;0.816
93.00	97.50	WCSP;0.546
99.00	103.50	WCSP;0.820
105.00	120.00	WCSP;0.996
121.50	135.00	WCSP;0.995
141.00	147.00	WCSP;0.982
153.00	160.50	WCSP;0.970
172.50	177.00	WCSP;0.942
183.00	187.50	WCSP;0.624
189.00	193.50	WCSP;0.500
195.00	201.00	WCSP;0.985
208.50	213.00	WCSP;0.971
220.50	223.50	WCSP;0.710
229.50	237.00	WCSP;0.983
244.50	249.00	WCSP;0.982
250.50	259.50	WCSP;0.985
264.00	268.50	WCSP;0.990
276.00	280.50	WCSP;0.986
286.50	291.00	WCSP;0.940
300.00	304.50	WCSP;0.911
322.50	330.00	WCSP;0.629
334.50	339.00	WCSP;0.982
348.00	352.50	WCSP;0.920
354.00	357.00	WCSP;0.500
373.50	381.00	WCSP;0.715
393.00	397.50	WCSP;0.553
429.00	433.50	WCSP;0.529
438.00	444.00	WCSP;0.500
447.00	451.50	WCSP;0.727
457.50	460.50	WCSP;0.609
462.00	468.00	WCSP;0.500
472.50	477.00	WCSP;0.854
559.50	562.50	WCSP;0.500
573.00	577.50	WCSP;0.783
10.50	13.50	WTSP;0.500
39.00	43.50	WTSP;0.906
51.00	54.00	WTSP;0.500
55.50	58.50	WTSP;0.500
73.50	85.50	WTSP;0.700
90.00	93.00	WTSP;0.500
97.50	100.50	WTSP;0.500
108.00	112.50	WTSP;0.747
117.00	121.50	WTSP;0.500
126.00	130.50	WTSP;0.572
135.00	139.50	WTSP;0.500
240.00	243.00	WTSP;0.500
270.00	273.00	WTSP;0.593
378.00	381.00	WTSP;0.500
393.00	396.00	WTSP;0.787
405.00	408.00	WTSP;0.500
415.50	420.00	WTSP;0.838
427.50	432.00	WTSP;0.525
438.00	444.00	WTSP;0.581
450.00	454.50	WTSP;0.554
456.00	459.00	WTSP;0.500
466.50	469.50	WTSP;0.500
474.00	478.50	WTSP;0.702
532.50	535.50	WTSP;0.617
546.00	549.00	WTSP;0.500
