10.50	13.50	ACFL;0.508
466.50	471.00	AMDI;0.793
501.00	505.50	AMDI;0.738
532.50	535.50	AMDI;0.598
546.00	550.50	AMDI;0.700
561.00	564.00	AMDI;0.748
577.50	582.00	AMDI;0.644
592.50	597.00	AMDI;0.774
424.50	427.50	AGOL;0.662
429.00	435.00	ATSP;0.776
60.00	63.00	BCCH;0.584
72.00	76.50	BCCH;0.678
93.00	96.00	BCCH;0.566
108.00	111.00	BCCH;0.748
129.00	132.00	BCCH;0.584
201.00	205.50	BCCH;0.638
301.50	306.00	BCCH;0.823
397.50	402.00	BCCH;0.543
418.50	421.50	BCCH;0.546
570.00	573.00	BCCH;0.570
78.00	81.00	BRBL;0.519
0.00	3.00	BRSP;0.525
6.00	10.50	BRSP;0.589
483.00	486.00	CAFI;0.510
187.50	193.50	CHSP;0.883
199.50	202.50	CHSP;0.604
354.00	357.00	CHSP;0.658
36.00	39.00	EAME;0.506
529.50	532.50	EATO;0.664
307.50	310.50	EVGR;0.666
3.00	6.00	FISP;0.742
10.50	13.50	FISP;0.557
37.50	42.00	FOSP;0.651
51.00	55.50	FOSP;0.628
117.00	120.00	FOSP;0.505
132.00	135.00	FOSP;0.577
147.00	151.50	FOSP;0.765
160.50	163.50	FOSP;0.550
304.50	309.00	FOSP;0.716
582.00	586.50	FOSP;0.991
79.50	84.00	GCSP;0.575
172.50	175.50	GCSP;0.604
10.50	15.00	HETH;0.500
25.50	28.50	HETH;0.500
45.00	48.00	HETH;0.500
61.50	72.00	HETH;0.617
75.00	79.50	HETH;0.925
82.50	87.00	HETH;0.585
91.50	96.00	HETH;0.500
108.00	112.50	HETH;0.935
120.00	123.00	HETH;0.500
133.50	136.50	HETH;0.500
154.50	159.00	HETH;0.926
163.50	168.00	HETH;0.972
183.00	189.00	HETH;0.909
196.50	199.50	HETH;0.500
201.00	210.00	HETH;0.732
216.00	220.50	HETH;0.819
237.00	246.00	HETH;0.921
259.50	268.50	HETH;0.923
277.50	282.00	HETH;0.572
288.00	292.50	HETH;0.881
297.00	304.50	HETH;0.596
322.50	325.50	HETH;0.500
331.50	336.00	HETH;0.541
370.50	373.50	HETH;0.555
375.00	388.50	HETH;0.510
397.50	403.50	HETH;0.944
409.50	423.00	HETH;0.941
441.00	447.00	HETH;0.681
471.00	475.50	HETH;0.769
480.00	484.50	HETH;0.777
492.00	496.50	HETH;0.500
505.50	510.00	HETH;0.951
525.00	529.50	HETH;0.831
543.00	547.50	HETH;0.687
549.00	553.50	HETH;0.500
571.50	574.50	HETH;0.714
597.00	600.00	HETH;0.500
99.00	106.50	HOLA;0.852
124.50	130.50	HOLA;0.978
580.50	583.50	HOLA;0.601
196.50	199.50	HOWR;0.670
7.50	12.00	LISP;0.990
28.50	34.50	LISP;0.984
52.50	55.50	LISP;0.500
85.50	90.00	LISP;0.987
105.00	109.50	LISP;0.997
121.50	126.00	LISP;0.995
144.00	150.00	LISP;0.962
160.50	166.50	LISP;0.987
178.50	183.00	LISP;0.984
193.50	199.50	LISP;0.977
213.00	217.50	LISP;0.995
229.50	235.50	LISP;0.992
247.50	252.00	LISP;0.983
267.00	273.00	LISP;0.986
285.00	291.00	LISP;0.993
313.50	319.50	LISP;0.992
330.00	336.00	LISP;0.990
343.50	349.50	LISP;0.994
358.50	363.00	LISP;0.981
372.00	376.50	LISP;0.990
387.00	393.00	LISP;0.992
402.00	408.00	LISP;0.983
421.50	426.00	LISP;0.989
436.50	441.00	LISP;0.988
451.50	456.00	LISP;0.964
468.00	472.50	LISP;0.982
484.50	489.00	LISP;0.980
499.50	504.00	LISP;0.982
516.00	520.50	LISP;0.929
531.00	535.50	LISP;0.929
546.00	550.50	LISP;0.585
562.50	567.00	LISP;0.996
577.50	582.00	LISP;0.978
175.50	178.50	MAMU;0.587
288.00	292.50	MAMU;0.663
3.00	7.50	MOCH;0.717
18.00	21.00	MOCH;0.500
25.50	30.00	MOCH;0.500
45.00	49.50	MOCH;0.716
58.50	66.00	MOCH;0.840
67.50	70.50	MOCH;0.500
73.50	87.00	MOCH;0.660
91.50	96.00	MOCH;0.606
114.00	117.00	MOCH;0.500
127.50	132.00	MOCH;0.797
133.50	141.00	MOCH;0.963
144.00	147.00	MOCH;0.500
150.00	153.00	MOCH;0.597
154.50	159.00	MOCH;0.676
186.00	190.50	MOCH;0.500
195.00	199.50	MOCH;0.768
205.50	211.50	MOCH;0.710
237.00	240.00	MOCH;0.500
241.50	246.00	MOCH;0.886
255.00	268.50	MOCH;0.756
274.50	282.00	MOCH;0.852
297.00	301.50	MOCH;0.500
312.00	315.00	MOCH;0.500
321.00	325.50	MOCH;0.890
337.50	342.00	MOCH;0.938
349.50	354.00	MOCH;0.692
375.00	388.50	MOCH;0.855
411.00	414.00	MOCH;0.500
418.50	423.00	MOCH;0.540
429.00	432.00	MOCH;0.500
439.50	447.00	MOCH;0.978
459.00	463.50	MOCH;0.560
492.00	496.50	MOCH;0.500
513.00	517.50	MOCH;0.894
525.00	529.50	MOCH;0.500
543.00	547.50	MOCH;0.500
549.00	553.50	MOCH;0.500
561.00	564.00	MOCH;0.500
570.00	573.00	MOCH;0.527
96.00	99.00	OSFL;0.559
117.00	120.00	OROR;0.517
282.00	285.00	OROR;0.502
361.50	364.50	PISI;0.588
406.50	411.00	PISI;0.679
585.00	595.50	PISI;0.972
160.50	163.50	PUFI;0.608
177.00	180.00	PUFI;0.572
246.00	249.00	PUFI;0.556
357.00	360.00	PUFI;0.689
129.00	133.50	RECR;0.628
159.00	162.00	RECR;0.628
502.50	505.50	RECR;0.604
270.00	274.50	RWBL;0.851
355.50	358.50	RWBL;0.666
537.00	541.50	RWBL;0.970
550.50	553.50	RWBL;0.566
103.50	106.50	RBGU;0.591
451.50	454.50	ROWR;0.574
31.50	34.50	RUTU;0.533
54.00	57.00	RUTU;0.531
592.50	595.50	RUGR;0.576
118.50	123.00	RUBL;0.831
150.00	153.00	RUBL;0.600
394.50	397.50	RUBL;0.548
558.00	561.00	SAPH;0.549
49.50	54.00	SNBU;0.758
64.50	69.00	SNBU;0.690
130.50	135.00	SNBU;0.734
304.50	307.50	SNBU;0.551
39.00	42.00	SPSA;0.523
118.50	121.50	SPSA;0.534
168.00	175.50	SPSA;0.969
211.50	214.50	SPSA;0.573
519.00	522.00	SWSP;0.675
412.50	415.50	TBLO;0.575
244.50	247.50	TOSO;0.648
396.00	400.50	TRES;0.575
231.00	235.50	WAVI;0.680
246.00	249.00	WEFL;0.878
348.00	351.00	WEFL;0.588
430.50	436.50	WEFL;0.679
492.00	495.00	WEME;0.500
0.00	4.50	WCSP;0.833
10.50	15.00	WCSP;0.818
19.50	22.50	WCSP;0.849
28.50	33.00	WCSP;0.500
46.50	49.50	WCSP;0.919
57.00	61.50	WCSP;0.958
69.00	72.00	WCSP;0.888
81.00	84.00	WCSP;0.500
234.00	237.00	WCSP;0.595
559.50	564.00	WCSP;0.500
571.50	574.50	WCSP;0.501
594.00	598.50	WCSP;0.759
