10.50	13.50	AMDI;0.518
117.00	120.00	AMDI;0.556
231.00	235.50	AMDI;0.508
1.50	9.00	AMRO;0.962
28.50	31.50	AMRO;0.520
259.50	264.00	AMRO;0.538
99.00	102.00	BEWR;0.586
7.50	10.50	BCCH;0.511
48.00	51.00	CBCH;0.693
28.50	33.00	FISP;0.577
91.50	94.50	FISP;0.551
120.00	123.00	FISP;0.728
6.00	15.00	FOSP;0.841
25.50	30.00	FOSP;0.802
40.50	46.50	FOSP;0.694
57.00	61.50	FOSP;0.825
73.50	79.50	FOSP;0.928
96.00	102.00	FOSP;0.874
112.50	117.00	FOSP;0.606
118.50	121.50	FOSP;0.500
127.50	135.00	FOSP;0.958
145.50	150.00	FOSP;0.676
162.00	166.50	FOSP;0.986
181.50	187.50	FOSP;0.884
201.00	205.50	FOSP;0.929
216.00	222.00	FOSP;0.880
232.50	241.50	FOSP;0.950
247.50	252.00	FOSP;0.877
264.00	270.00	FOSP;0.776
282.00	286.50	FOSP;0.699
21.00	24.00	GWTE;0.528
258.00	261.00	LASP;0.506
15.00	18.00	MAMU;0.746
22.50	25.50	MAMU;0.743
7.50	12.00	MOCH;0.500
13.50	16.50	MOCH;0.500
18.00	21.00	MOCH;0.556
22.50	25.50	MOCH;0.500
28.50	34.50	MOCH;0.728
37.50	40.50	MOCH;0.500
49.50	55.50	MOCH;0.624
72.00	75.00	MOCH;0.500
81.00	85.50	MOCH;0.769
91.50	94.50	MOCH;0.500
102.00	105.00	MOCH;0.500
111.00	114.00	MOCH;0.500
115.50	118.50	MOCH;0.500
123.00	126.00	MOCH;0.859
133.50	136.50	MOCH;0.808
142.50	145.50	MOCH;0.500
147.00	150.00	MOCH;0.500
270.00	273.00	MOCH;0.500
73.50	76.50	NOCA;0.620
144.00	147.00	NOCA;0.714
208.50	211.50	PIGR;0.552
24.00	28.50	RECR;0.762
40.50	45.00	RECR;0.595
55.50	60.00	RECR;0.587
73.50	78.00	RECR;0.634
112.50	115.50	RECR;0.621
144.00	147.00	RECR;0.665
181.50	184.50	RECR;0.557
199.50	202.50	RECR;0.613
216.00	220.50	RECR;0.569
231.00	234.00	RECR;0.645
246.00	250.50	RECR;0.597
264.00	267.00	RECR;0.503
280.50	283.50	RECR;0.778
105.00	108.00	ROWR;0.577
49.50	52.50	RUGR;0.624
61.50	64.50	RUGR;0.507
223.50	228.00	RUBL;0.573
262.50	265.50	RUBL;0.618
270.00	273.00	RUBL;0.666
261.00	264.00	SAND;0.584
0.00	4.50	SBDO;0.570
27.00	31.50	SBDO;0.786
10.50	15.00	SNBU;0.500
40.50	46.50	SNBU;0.737
57.00	61.50	SNBU;0.500
75.00	79.50	SNBU;0.500
96.00	100.50	SNBU;0.500
117.00	121.50	SNBU;0.500
127.50	133.50	SNBU;0.500
145.50	150.00	SNBU;0.816
162.00	165.00	SNBU;0.500
181.50	187.50	SNBU;0.500
193.50	198.00	SNBU;0.500
199.50	205.50	SNBU;0.500
216.00	222.00	SNBU;0.784
231.00	237.00	SNBU;0.554
247.50	252.00	SNBU;0.581
265.50	270.00	SNBU;0.522
271.50	276.00	SNBU;0.794
282.00	286.50	SNBU;0.756
64.50	69.00	SOSA;0.656
88.50	93.00	SPSA;0.943
0.00	3.00	WCSP;0.836
10.50	13.50	WCSP;0.500
19.50	27.00	WCSP;0.666
30.00	37.50	WCSP;0.970
39.00	43.50	WCSP;0.938
49.50	58.50	WCSP;0.941
60.00	64.50	WCSP;0.958
70.50	75.00	WCSP;0.973
81.00	85.50	WCSP;0.851
91.50	96.00	WCSP;0.892
102.00	108.00	WCSP;0.990
114.00	118.50	WCSP;0.994
120.00	129.00	WCSP;0.977
132.00	139.50	WCSP;0.981
148.50	153.00	WCSP;0.975
165.00	168.00	WCSP;0.718
