51.00	55.50	BCCH;0.966
202.50	205.50	CCSP;0.654
265.50	268.50	DUNL;0.554
36.00	39.00	FISP;0.615
88.50	91.50	FISP;0.541
229.50	232.50	FISP;0.546
237.00	241.50	FISP;0.656
246.00	249.00	FISP;0.673
262.50	267.00	FISP;0.833
186.00	189.00	GCSP;0.708
214.50	219.00	HETH;0.619
258.00	261.00	HOLA;0.813
36.00	40.50	LBDO;0.847
7.50	15.00	MOCH;0.597
19.50	24.00	MOCH;0.928
33.00	37.50	MOCH;0.887
43.50	51.00	MOCH;0.986
81.00	84.00	MOCH;0.866
88.50	93.00	MOCH;0.593
97.50	103.50	MOCH;0.982
108.00	114.00	MOCH;0.926
127.50	132.00	MOCH;0.965
133.50	136.50	MOCH;0.500
139.50	144.00	MOCH;0.603
171.00	177.00	MOCH;0.500
181.50	186.00	MOCH;0.500
190.50	193.50	MOCH;0.743
213.00	216.00	MOCH;0.649
222.00	226.50	MOCH;0.974
228.00	234.00	MOCH;0.979
237.00	241.50	MOCH;0.649
243.00	250.50	MOCH;0.533
252.00	256.50	MOCH;0.948
262.50	267.00	MOCH;0.902
268.50	271.50	MOCH;0.587
274.50	277.50	MOCH;0.515
0.00	3.00	NSHR;0.570
49.50	52.50	NSHR;0.692
235.50	238.50	ROWR;0.771
100.50	103.50	RUBL;0.702
85.50	90.00	SOSA;0.709
258.00	261.00	TOWA;0.601
277.50	280.50	TOWA;0.655
21.00	25.50	WCSP;0.947
34.50	39.00	WCSP;0.769
48.00	52.50	WCSP;0.510
60.00	64.50	WCSP;0.981
78.00	82.50	WCSP;0.969
90.00	94.50	WCSP;0.994
117.00	196.50	WCSP;0.997
199.50	204.00	WCSP;0.987
208.50	214.50	WCSP;0.988
217.50	223.50	WCSP;0.993
232.50	238.50	WCSP;0.988
249.00	253.50	WCSP;0.989
267.00	273.00	WCSP;0.978
274.50	285.00	WCSP;0.995
286.50	291.00	WCSP;0.770
9.00	13.50	WTSP;0.505
19.50	24.00	WTSP;0.500
42.00	51.00	WTSP;0.753
52.50	58.50	WTSP;0.986
60.00	64.50	WTSP;0.790
79.50	84.00	WTSP;0.578
88.50	91.50	WTSP;0.575
109.50	112.50	WTSP;0.500
157.50	162.00	WTSP;0.627
171.00	178.50	WTSP;0.909
183.00	186.00	WTSP;0.500
187.50	195.00	WTSP;0.656
208.50	211.50	WTSP;0.500
217.50	225.00	WTSP;0.987
229.50	232.50	WTSP;0.500
237.00	241.50	WTSP;0.701
243.00	247.50	WTSP;0.694
273.00	276.00	WTSP;0.500
289.50	295.50	WTSP;0.996
259.50	264.00	YRWA;0.995
270.00	276.00	YRWA;0.992
283.50	288.00	YRWA;0.994
295.50	300.00	YRWA;0.992
