54.00	57.00	AMBI;0.518
42.00	46.50	AMRO;0.807
141.00	144.00	AMRO;0.646
184.50	189.00	AMRO;0.674
238.50	243.00	BAOR;0.741
249.00	253.50	BCCH;0.534
240.00	243.00	CHSW;0.502
256.50	261.00	CHSW;0.625
267.00	271.50	CHSW;0.765
3.00	7.50	FOSP;0.922
18.00	22.50	FOSP;0.910
27.00	31.50	FOSP;0.516
228.00	231.00	FOSP;0.500
21.00	24.00	LALO;0.590
12.00	16.50	OROR;0.650
39.00	45.00	RUGR;0.691
210.00	213.00	RUGR;0.785
246.00	249.00	RUGR;0.624
258.00	261.00	RUGR;0.519
262.50	271.50	RUGR;0.643
280.50	283.50	RUGR;0.595
292.50	300.00	RUGR;0.909
12.00	16.50	SNBU;0.832
27.00	31.50	SNBU;0.606
36.00	40.50	SNBU;0.647
103.50	108.00	SPGR;0.625
231.00	235.50	SWSP;0.678
139.50	144.00	TOSO;0.691
183.00	186.00	WILL;0.559
294.00	297.00	WIWA;0.564
