88.50	91.50	AMDI;0.579
219.00	223.50	BHVI;0.616
234.00	237.00	BOWA;0.596
276.00	279.00	BRSP;0.683
48.00	52.50	CHSW;0.629
60.00	64.50	CHSW;0.819
276.00	279.00	CCSP;0.718
51.00	54.00	EAME;0.564
25.50	28.50	EVGR;0.528
277.50	280.50	FISP;0.769
37.50	40.50	FOSP;0.535
51.00	55.50	FOSP;0.712
168.00	171.00	GCSP;0.621
262.50	265.50	GCSP;0.585
160.50	163.50	HASP;0.563
228.00	232.50	HOLA;0.626
0.00	3.00	LISP;0.559
67.50	70.50	LISP;0.500
111.00	115.50	LISP;0.708
156.00	165.00	LISP;0.671
178.50	183.00	LISP;0.897
201.00	205.50	LISP;0.982
237.00	241.50	LISP;0.682
246.00	253.50	LISP;0.799
270.00	274.50	LISP;0.835
282.00	286.50	LISP;0.965
292.50	297.00	LISP;0.860
0.00	3.00	MAWR;0.551
4.50	7.50	MOCH;0.940
9.00	12.00	MOCH;0.736
21.00	24.00	MOCH;0.578
33.00	36.00	MOCH;0.877
46.50	49.50	MOCH;0.549
217.50	235.50	PISI;0.988
24.00	27.00	PUFI;0.567
187.50	190.50	ROWR;0.504
33.00	36.00	RUBL;0.543
250.50	253.50	SESA;0.521
24.00	27.00	SNBU;0.570
66.00	69.00	SOSA;0.601
36.00	39.00	SPSA;0.512
52.50	55.50	SPSA;0.510
28.50	31.50	SWSP;0.595
40.50	43.50	SWSP;0.624
48.00	52.50	SWSP;0.606
204.00	207.00	WEME;0.621
112.50	115.50	WCSP;0.500
162.00	166.50	WCSP;0.988
169.50	174.00	WCSP;0.976
177.00	181.50	WCSP;0.984
184.50	190.50	WCSP;0.989
193.50	198.00	WCSP;0.988
204.00	210.00	WCSP;0.982
264.00	267.00	WCSP;0.867
270.00	277.50	WCSP;0.981
286.50	291.00	WCSP;0.972
295.50	300.00	WCSP;0.990
6.00	12.00	WTSP;0.995
16.50	24.00	WTSP;0.998
28.50	34.50	WTSP;0.997
43.50	49.50	WTSP;0.997
160.50	165.00	WTSP;0.500
168.00	171.00	WTSP;0.500
202.50	205.50	WTSP;0.500
262.50	265.50	WTSP;0.500
273.00	280.50	WTSP;0.933
288.00	294.00	WTSP;0.987
10.50	13.50	WIWA;0.500
28.50	31.50	WIWA;0.744
39.00	43.50	WIWA;0.962
48.00	51.00	WIWA;0.500
58.50	63.00	WIWA;0.955
69.00	73.50	WIWA;0.976
25.50	30.00	YRWA;0.729
