30.00	33.00	AMDI;0.511
201.00	204.00	AMRO;0.599
235.50	240.00	AMRO;0.800
0.00	7.50	ATSP;0.992
16.50	21.00	ATSP;0.985
84.00	88.50	ATSP;0.547
90.00	97.50	ATSP;0.667
151.50	160.50	ATSP;0.952
162.00	166.50	ATSP;0.689
168.00	196.50	ATSP;0.987
198.00	205.50	ATSP;0.995
207.00	222.00	ATSP;0.982
232.50	235.50	ATSP;0.759
246.00	250.50	ATSP;0.813
253.50	258.00	ATSP;0.979
259.50	268.50	ATSP;0.991
271.50	276.00	ATSP;0.953
280.50	289.50	ATSP;0.979
195.00	198.00	BAWW;0.710
222.00	226.50	BAWW;0.553
228.00	232.50	BAWW;0.555
6.00	9.00	BRCR;0.513
238.50	241.50	CBCH;0.809
147.00	151.50	CHSW;0.576
160.50	165.00	CHSW;0.509
169.50	174.00	CHSW;0.554
205.50	210.00	CHSW;0.712
276.00	279.00	CHSW;0.613
54.00	58.50	CHSP;0.500
64.50	69.00	CHSP;0.856
88.50	93.00	CHSP;0.885
100.50	105.00	CHSP;0.912
169.50	172.50	CHSP;0.500
196.50	199.50	CCSP;0.639
102.00	105.00	DEJU;0.753
121.50	124.50	FISP;0.580
196.50	199.50	GRSP;0.503
211.50	214.50	GRSP;0.579
243.00	246.00	HESP;0.797
54.00	58.50	LEFL;0.567
12.00	15.00	LISP;0.969
46.50	51.00	LISP;0.810
63.00	66.00	LISP;0.777
79.50	84.00	LISP;0.653
99.00	103.50	LISP;0.873
123.00	126.00	LISP;0.500
139.50	144.00	LISP;0.665
163.50	168.00	LISP;0.887
181.50	184.50	LISP;0.500
199.50	202.50	LISP;0.564
216.00	220.50	LISP;0.939
222.00	226.50	LISP;0.789
228.00	232.50	LISP;0.736
234.00	238.50	LISP;0.989
252.00	255.00	LISP;0.645
283.50	288.00	LISP;0.916
283.50	286.50	MAWA;0.521
142.50	145.50	MAMU;0.690
70.50	73.50	MOCH;0.536
85.50	88.50	NSHR;0.627
127.50	130.50	NSHR;0.663
168.00	172.50	OCWA;0.810
4.50	16.50	PISI;0.994
42.00	63.00	PISI;0.993
219.00	222.00	PUFI;0.545
10.50	13.50	ROWR;0.963
28.50	31.50	ROWR;0.505
79.50	82.50	ROWR;0.749
250.50	255.00	ROWR;0.848
28.50	31.50	RUTU;0.529
183.00	186.00	RUTU;0.522
193.50	196.50	RUGR;0.514
226.50	232.50	RUGR;0.599
234.00	240.00	RUGR;0.746
246.00	249.00	RUGR;0.843
250.50	253.50	RUGR;0.544
261.00	265.50	RUGR;0.668
292.50	295.50	RUGR;0.722
232.50	235.50	SAVS;0.563
258.00	262.50	SAVS;0.562
45.00	48.00	SBDO;0.504
142.50	145.50	SWSP;0.610
226.50	229.50	SWSP;0.530
240.00	243.00	SWSP;0.530
267.00	271.50	SWSP;0.763
274.50	279.00	SWSP;0.664
295.50	298.50	SWSP;0.506
204.00	207.00	TEWA;0.848
225.00	228.00	TEWA;0.572
231.00	234.00	TEWA;0.851
244.50	247.50	TEWA;0.639
286.50	289.50	TEWA;0.552
294.00	297.00	TEWA;0.589
174.00	177.00	TUTI;0.561
31.50	36.00	WCSP;0.991
60.00	64.50	WCSP;0.994
72.00	76.50	WCSP;0.934
82.50	93.00	WCSP;0.998
285.00	289.50	WCSP;0.522
6.00	9.00	WTSP;0.528
