16.50	21.00	AMRO;0.843
24.00	28.50	AMRO;0.759
39.00	42.00	AMRO;0.500
49.50	52.50	AMRO;0.538
55.50	60.00	AMRO;0.752
69.00	73.50	AMRO;0.516
78.00	87.00	AMRO;0.656
90.00	94.50	AMRO;0.500
123.00	126.00	AMRO;0.500
129.00	135.00	AMRO;0.784
136.50	142.50	AMRO;0.869
163.50	168.00	AMRO;0.799
193.50	198.00	AMRO;0.500
235.50	238.50	AMRO;0.500
265.50	268.50	AMRO;0.500
273.00	276.00	AMRO;0.500
204.00	207.00	BAOR;0.610
58.50	61.50	BCCH;0.514
157.50	160.50	BCCH;0.751
235.50	238.50	BCCH;0.731
247.50	250.50	BCCH;0.521
0.00	3.00	BRTH;0.518
121.50	124.50	BRTH;0.554
1.50	6.00	CHSP;0.944
9.00	13.50	CHSP;0.579
18.00	21.00	CHSP;0.974
25.50	28.50	CHSP;0.500
33.00	36.00	CHSP;0.981
39.00	45.00	CHSP;0.947
46.50	52.50	CHSP;0.989
121.50	126.00	CHSP;0.895
130.50	133.50	CHSP;0.500
138.00	144.00	CHSP;0.500
148.50	151.50	CHSP;0.500
177.00	180.00	CHSP;0.576
193.50	196.50	CHSP;0.500
78.00	81.00	CCSP;0.760
87.00	90.00	CCSP;0.732
120.00	123.00	CCSP;0.742
136.50	139.50	CCSP;0.631
145.50	148.50	CCSP;0.788
288.00	291.00	DEJU;0.548
153.00	156.00	DUNL;0.513
172.50	177.00	EABL;0.703
156.00	159.00	FISP;0.507
234.00	237.00	FISP;0.728
0.00	3.00	FOSP;0.500
13.50	18.00	FOSP;0.846
25.50	28.50	FOSP;0.500
30.00	34.50	FOSP;0.696
63.00	67.50	FOSP;0.704
112.50	115.50	FOSP;0.719
129.00	132.00	FOSP;0.903
169.50	174.00	FOSP;0.818
175.50	180.00	FOSP;0.941
205.50	210.00	FOSP;0.744
252.00	256.50	FOSP;0.783
274.50	279.00	FOSP;0.829
283.50	288.00	FOSP;0.942
297.00	300.00	FOSP;0.756
3.00	6.00	GCSP;0.578
27.00	30.00	GCSP;0.630
34.50	37.50	GCSP;0.567
75.00	78.00	GCSP;0.522
124.50	127.50	GCSP;0.696
133.50	136.50	GCSP;0.576
142.50	145.50	GCSP;0.705
150.00	153.00	GCSP;0.529
195.00	198.00	GCSP;0.559
268.50	271.50	GCSP;0.517
22.50	25.50	HASP;0.507
87.00	90.00	HASP;0.691
162.00	165.00	HASP;0.548
207.00	210.00	HASP;0.600
240.00	243.00	HASP;0.658
10.50	13.50	HETH;0.544
187.50	190.50	HETH;0.577
297.00	300.00	LASP;0.603
73.50	76.50	MOCH;0.601
91.50	94.50	MOCH;0.511
187.50	190.50	MOCH;0.580
147.00	150.00	PUFI;0.723
39.00	42.00	REVI;0.510
81.00	84.00	REVI;0.513
286.50	289.50	REVI;0.563
283.50	286.50	ROWR;0.540
22.50	27.00	RBGR;0.823
82.50	85.50	RBGR;0.590
96.00	100.50	RBGR;0.648
123.00	126.00	RBGR;0.579
165.00	168.00	RBGR;0.611
139.50	142.50	RUGR;0.539
147.00	150.00	SNBU;0.705
169.50	174.00	SNBU;0.603
274.50	277.50	SNBU;0.509
147.00	151.50	SPSA;0.593
226.50	229.50	SPTO;0.656
25.50	28.50	SWSP;0.602
64.50	67.50	SWSP;0.511
216.00	220.50	SWSP;0.820
277.50	280.50	SWSP;0.527
9.00	12.00	VATH;0.699
16.50	19.50	VATH;0.624
39.00	43.50	VATH;0.850
48.00	52.50	VATH;0.711
108.00	111.00	VATH;0.500
121.50	126.00	VATH;0.624
138.00	141.00	VATH;0.500
157.50	160.50	VATH;0.500
162.00	165.00	VATH;0.500
207.00	210.00	VATH;0.500
213.00	217.50	VATH;0.951
228.00	232.50	VATH;0.751
240.00	243.00	VATH;0.500
247.50	250.50	VATH;0.507
264.00	267.00	VATH;0.552
25.50	28.50	VESP;0.548
3.00	9.00	WCSP;0.993
12.00	25.50	WCSP;0.994
27.00	33.00	WCSP;0.993
36.00	40.50	WCSP;0.994
43.50	48.00	WCSP;0.991
51.00	57.00	WCSP;0.993
60.00	72.00	WCSP;0.993
75.00	81.00	WCSP;0.993
84.00	90.00	WCSP;0.995
93.00	97.50	WCSP;0.993
100.50	106.50	WCSP;0.994
109.50	114.00	WCSP;0.991
117.00	123.00	WCSP;0.990
126.00	130.50	WCSP;0.992
133.50	139.50	WCSP;0.992
142.50	148.50	WCSP;0.994
151.50	163.50	WCSP;0.994
166.50	172.50	WCSP;0.993
180.00	186.00	WCSP;0.993
189.00	195.00	WCSP;0.995
199.50	204.00	WCSP;0.994
205.50	213.00	WCSP;0.997
223.50	228.00	WCSP;0.991
237.00	241.50	WCSP;0.994
249.00	253.50	WCSP;0.990
259.50	264.00	WCSP;0.992
270.00	274.50	WCSP;0.994
280.50	285.00	WCSP;0.994
289.50	295.50	WCSP;0.995
3.00	10.50	WTSP;0.687
27.00	30.00	WTSP;0.500
34.50	37.50	WTSP;0.500
43.50	46.50	WTSP;0.500
51.00	67.50	WTSP;0.993
69.00	78.00	WTSP;0.991
79.50	94.50	WTSP;0.998
96.00	103.50	WTSP;0.996
105.00	112.50	WTSP;0.998
114.00	121.50	WTSP;0.995
123.00	129.00	WTSP;0.875
132.00	136.50	WTSP;0.831
142.50	145.50	WTSP;0.500
150.00	159.00	WTSP;0.983
162.00	169.50	WTSP;0.997
172.50	178.50	WTSP;0.996
183.00	189.00	WTSP;0.998
193.50	201.00	WTSP;0.996
207.00	210.00	WTSP;0.500
211.50	225.00	WTSP;0.996
229.50	237.00	WTSP;0.995
241.50	250.50	WTSP;0.991
253.50	259.50	WTSP;0.996
264.00	271.50	WTSP;0.995
276.00	282.00	WTSP;0.999
292.50	298.50	WTSP;0.995
136.50	141.00	WILL;0.761
0.00	4.50	WIWA;0.664
7.50	12.00	WIWA;0.931
57.00	60.00	WIWA;0.521
64.50	69.00	WIWA;0.554
139.50	144.00	WIWA;0.500
148.50	153.00	WIWA;0.965
171.00	174.00	WIWA;0.500
178.50	181.50	WIWA;0.500
186.00	190.50	WIWA;0.847
195.00	198.00	WIWA;0.500
201.00	205.50	WIWA;0.985
211.50	214.50	WIWA;0.693
216.00	220.50	WIWA;0.673
232.50	237.00	WIWA;0.942
240.00	244.50	WIWA;0.983
246.00	252.00	WIWA;0.984
255.00	261.00	WIWA;0.984
262.50	267.00	WIWA;0.968
271.50	276.00	WIWA;0.991
279.00	282.00	WIWA;0.500
283.50	291.00	WIWA;0.983
294.00	298.50	WIWA;0.910
15.00	18.00	YBFL;0.578
