31.50	36.00	AMDI;0.634
109.50	114.00	AMDI;0.689
135.00	139.50	AMDI;0.794
147.00	151.50	AMDI;0.679
183.00	186.00	AMDI;0.544
204.00	207.00	AMDI;0.538
84.00	87.00	BAOR;0.593
162.00	165.00	BEWR;0.620
72.00	76.50	BLTU;0.525
66.00	69.00	BCCH;0.572
279.00	282.00	BCCH;0.654
292.50	295.50	BCCH;0.620
4.50	9.00	BRSP;0.581
10.50	16.50	BRSP;0.852
22.50	27.00	BRSP;0.768
28.50	36.00	BRSP;0.901
37.50	51.00	BRSP;0.821
55.50	60.00	BRSP;0.500
61.50	67.50	BRSP;0.847
70.50	75.00	BRSP;0.730
78.00	82.50	BRSP;0.581
87.00	93.00	BRSP;0.705
96.00	102.00	BRSP;0.558
103.50	109.50	BRSP;0.704
111.00	117.00	BRSP;0.810
118.50	135.00	BRSP;0.625
139.50	145.50	BRSP;0.666
150.00	156.00	BRSP;0.500
159.00	171.00	BRSP;0.678
172.50	177.00	BRSP;0.500
180.00	186.00	BRSP;0.641
189.00	195.00	BRSP;0.746
196.50	202.50	BRSP;0.871
205.50	211.50	BRSP;0.832
213.00	219.00	BRSP;0.781
222.00	225.00	BRSP;0.500
226.50	262.50	BRSP;0.902
264.00	271.50	BRSP;0.755
274.50	286.50	BRSP;0.970
288.00	294.00	BRSP;0.658
295.50	300.00	BRSP;0.966
127.50	130.50	CAFI;0.595
40.50	45.00	CHSP;0.808
61.50	64.50	CHSP;0.500
91.50	96.00	CHSP;0.906
100.50	103.50	CHSP;0.625
108.00	112.50	CHSP;0.895
123.00	127.50	CHSP;0.642
138.00	142.50	CHSP;0.852
171.00	174.00	CHSP;0.500
177.00	181.50	CHSP;0.500
214.50	219.00	CHSP;0.574
223.50	228.00	CHSP;0.742
231.00	234.00	CHSP;0.500
256.50	259.50	CHSP;0.500
264.00	268.50	CHSP;0.500
271.50	276.00	CHSP;0.524
288.00	292.50	CHSP;0.500
13.50	16.50	CCSP;0.511
105.00	109.50	CCSP;0.832
118.50	123.00	CCSP;0.639
141.00	145.50	CCSP;0.650
166.50	169.50	CCSP;0.515
198.00	202.50	CCSP;0.530
207.00	211.50	CCSP;0.574
228.00	232.50	CCSP;0.815
237.00	240.00	CCSP;0.625
243.00	249.00	CCSP;0.850
274.50	279.00	CCSP;0.642
283.50	286.50	CCSP;0.509
295.50	300.00	CCSP;0.642
124.50	127.50	DEJU;0.527
231.00	234.00	DEJU;0.782
255.00	258.00	DEJU;0.686
273.00	276.00	DEJU;0.668
202.50	205.50	DUNL;0.642
25.50	28.50	EAME;0.502
4.50	7.50	FOSP;0.500
27.00	30.00	FOSP;0.500
51.00	55.50	FOSP;0.887
76.50	81.00	FOSP;0.500
82.50	87.00	FOSP;0.831
114.00	117.00	FOSP;0.625
132.00	136.50	FOSP;0.745
151.50	156.00	FOSP;0.746
169.50	172.50	FOSP;0.656
193.50	198.00	FOSP;0.779
6.00	12.00	GCSP;0.989
21.00	25.50	GCSP;0.957
27.00	31.50	GCSP;0.500
36.00	48.00	GCSP;0.947
54.00	61.50	GCSP;0.988
64.50	69.00	GCSP;0.948
75.00	79.50	GCSP;0.968
87.00	97.50	GCSP;0.984
100.50	105.00	GCSP;0.961
115.50	120.00	GCSP;0.956
129.00	136.50	GCSP;0.915
138.00	142.50	GCSP;0.591
145.50	150.00	GCSP;0.991
159.00	163.50	GCSP;0.942
174.00	183.00	GCSP;0.987
190.50	193.50	GCSP;0.500
199.50	204.00	GCSP;0.500
205.50	208.50	GCSP;0.886
210.00	213.00	GCSP;0.649
219.00	223.50	GCSP;0.863
232.50	237.00	GCSP;0.987
238.50	241.50	GCSP;0.651
247.50	253.50	GCSP;0.993
262.50	267.00	GCSP;0.995
268.50	271.50	GCSP;0.500
276.00	280.50	GCSP;0.987
286.50	289.50	GCSP;0.500
291.00	295.50	GCSP;0.992
40.50	43.50	HASP;0.569
231.00	234.00	HETH;0.600
240.00	243.00	HETH;0.724
286.50	289.50	HETH;0.501
84.00	87.00	LISP;0.819
136.50	139.50	LISP;0.547
162.00	166.50	LISP;0.654
1.50	4.50	MOCH;0.561
36.00	40.50	MOCH;0.688
73.50	76.50	MOCH;0.504
259.50	262.50	MOCH;0.544
25.50	30.00	PUFI;0.617
51.00	54.00	PUFI;0.511
90.00	94.50	PUFI;0.747
3.00	6.00	RECR;0.525
168.00	171.00	RECR;0.596
144.00	147.00	RWBL;0.693
21.00	24.00	RUTU;0.678
33.00	37.50	RUTU;0.700
57.00	60.00	RUGR;0.552
163.50	166.50	RUGR;0.502
169.50	172.50	RUGR;0.569
124.50	127.50	RUBL;0.724
211.50	216.00	SAND;0.647
235.50	238.50	SAPH;0.569
49.50	52.50	SNBU;0.566
81.00	84.00	SNBU;0.752
151.50	154.50	SNBU;0.654
168.00	172.50	SNBU;0.764
192.00	196.50	SNBU;0.745
289.50	292.50	SNBU;0.531
285.00	288.00	SWSP;0.593
222.00	225.00	VATH;0.576
0.00	3.00	WCSP;0.975
9.00	15.00	WCSP;0.802
18.00	22.50	WCSP;0.989
27.00	31.50	WCSP;0.976
37.50	40.50	WCSP;0.553
45.00	49.50	WCSP;0.785
55.50	60.00	WCSP;0.579
66.00	70.50	WCSP;0.626
73.50	82.50	WCSP;0.906
85.50	111.00	WCSP;0.818
112.50	117.00	WCSP;0.709
120.00	124.50	WCSP;0.966
132.00	136.50	WCSP;0.500
139.50	144.00	WCSP;0.982
147.00	154.50	WCSP;0.984
172.50	177.00	WCSP;0.891
180.00	186.00	WCSP;0.790
189.00	192.00	WCSP;0.500
199.50	217.50	WCSP;0.989
220.50	225.00	WCSP;0.577
229.50	234.00	WCSP;0.500
238.50	243.00	WCSP;0.500
252.00	255.00	WCSP;0.500
258.00	262.50	WCSP;0.500
268.50	273.00	WCSP;0.956
286.50	291.00	WCSP;0.633
292.50	295.50	WCSP;0.500
10.50	13.50	WTSP;0.673
36.00	39.00	WTSP;0.841
40.50	43.50	WTSP;0.521
55.50	58.50	WTSP;0.698
84.00	88.50	WTSP;0.539
129.00	132.00	WTSP;0.557
252.00	256.50	WTSP;0.561
261.00	265.50	WIWA;0.826
285.00	288.00	WIWA;0.516
