295.50	298.50	AMGP;0.541
18.00	66.00	AMRO;0.987
67.50	76.50	AMRO;0.783
78.00	82.50	AMRO;0.592
87.00	90.00	AMRO;0.500
91.50	94.50	AMRO;0.500
99.00	106.50	AMRO;0.855
109.50	114.00	AMRO;0.500
141.00	145.50	ATSP;0.730
109.50	114.00	BAOR;0.654
175.50	178.50	BAOR;0.531
93.00	96.00	BCCH;0.545
111.00	114.00	BCCH;0.511
148.50	151.50	BCCH;0.782
229.50	232.50	BCCH;0.648
3.00	6.00	BRSP;0.735
13.50	16.50	BRSP;0.571
43.50	46.50	CCSP;0.670
117.00	120.00	CCSP;0.719
144.00	147.00	CCSP;0.569
171.00	174.00	CCSP;0.669
189.00	192.00	CCSP;0.875
225.00	228.00	CCSP;0.525
7.50	12.00	FOSP;0.526
18.00	22.50	FOSP;0.500
31.50	34.50	FOSP;0.500
72.00	76.50	FOSP;0.964
88.50	93.00	FOSP;0.591
97.50	102.00	FOSP;0.920
117.00	121.50	FOSP;0.752
139.50	144.00	FOSP;0.858
151.50	156.00	FOSP;0.880
163.50	166.50	FOSP;0.500
174.00	178.50	FOSP;0.567
183.00	187.50	FOSP;0.877
195.00	199.50	FOSP;0.932
202.50	210.00	FOSP;0.980
217.50	222.00	FOSP;0.578
228.00	232.50	FOSP;0.940
289.50	294.00	FOSP;0.502
223.50	226.50	GCSP;0.538
114.00	117.00	HASP;0.515
148.50	151.50	HASP;0.701
186.00	189.00	HASP;0.569
220.50	223.50	HASP;0.639
259.50	262.50	HASP;0.633
121.50	124.50	HETH;0.565
217.50	220.50	HOFI;0.524
36.00	40.50	LISP;0.862
60.00	63.00	LISP;0.635
18.00	21.00	MOCH;0.500
27.00	30.00	MOCH;0.500
79.50	85.50	MOCH;0.655
100.50	105.00	MOCH;0.806
156.00	160.50	MOCH;0.578
166.50	169.50	MOCH;0.967
174.00	177.00	MOCH;0.500
181.50	184.50	MOCH;0.500
193.50	196.50	MOCH;0.500
198.00	201.00	MOCH;0.500
205.50	208.50	MOCH;0.500
210.00	213.00	MOCH;0.500
235.50	240.00	MOCH;0.779
255.00	261.00	MOCH;0.672
265.50	268.50	MOCH;0.500
270.00	273.00	MOCH;0.500
276.00	279.00	MOCH;0.500
286.50	291.00	MOCH;0.749
6.00	9.00	PUFI;0.513
132.00	135.00	PUFI;0.583
217.50	220.50	PUFI;0.543
181.50	184.50	RWBL;0.591
13.50	16.50	ROWR;0.543
24.00	27.00	ROWR;0.583
78.00	81.00	ROWR;0.695
214.50	217.50	ROWR;0.534
252.00	255.00	ROWR;0.788
30.00	34.50	RBGR;0.679
61.50	64.50	RBGR;0.533
159.00	162.00	RUGR;0.520
280.50	283.50	RUGR;0.540
294.00	297.00	SESA;0.601
7.50	12.00	SNBU;0.810
31.50	34.50	SNBU;0.589
151.50	156.00	SNBU;0.609
172.50	177.00	SNBU;0.746
202.50	205.50	SNBU;0.784
216.00	220.50	SNBU;0.798
289.50	294.00	SNBU;0.744
91.50	96.00	SOSA;0.975
154.50	159.00	SOSP;0.921
46.50	49.50	SUTA;0.522
79.50	82.50	SWHA;0.533
72.00	76.50	VESP;0.638
265.50	268.50	WEKI;0.557
0.00	7.50	WCSP;0.977
10.50	16.50	WCSP;0.983
21.00	27.00	WCSP;0.979
33.00	39.00	WCSP;0.985
42.00	46.50	WCSP;0.994
49.50	61.50	WCSP;0.991
63.00	67.50	WCSP;0.950
75.00	81.00	WCSP;0.986
84.00	88.50	WCSP;0.988
94.50	99.00	WCSP;0.990
103.50	109.50	WCSP;0.986
111.00	121.50	WCSP;0.998
123.00	127.50	WCSP;0.971
129.00	138.00	WCSP;0.988
142.50	147.00	WCSP;0.711
150.00	154.50	WCSP;0.984
159.00	172.50	WCSP;0.989
178.50	183.00	WCSP;0.992
187.50	192.00	WCSP;0.981
193.50	204.00	WCSP;0.999
210.00	217.50	WCSP;0.999
219.00	222.00	WCSP;0.511
223.50	228.00	WCSP;0.956
231.00	235.50	WCSP;0.976
240.00	244.50	WCSP;0.979
249.00	255.00	WCSP;0.984
277.50	285.00	WCSP;0.823
0.00	9.00	WTSP;0.940
15.00	21.00	WTSP;0.985
27.00	33.00	WTSP;0.789
40.50	43.50	WTSP;0.500
57.00	64.50	WTSP;0.912
67.50	73.50	WTSP;0.979
79.50	87.00	WTSP;0.982
94.50	117.00	WTSP;0.991
124.50	130.50	WTSP;0.886
135.00	145.50	WTSP;0.977
148.50	160.50	WTSP;0.963
163.50	177.00	WTSP;0.985
181.50	189.00	WTSP;0.631
190.50	196.50	WTSP;0.998
198.00	201.00	WTSP;0.500
202.50	213.00	WTSP;0.998
216.00	219.00	WTSP;0.605
220.50	231.00	WTSP;0.989
235.50	243.00	WTSP;0.940
244.50	249.00	WTSP;0.981
255.00	271.50	WTSP;0.996
276.00	285.00	WTSP;0.997
286.50	291.00	WTSP;0.611
