52.50	55.50	AMDI;0.597
133.50	136.50	AMDI;0.528
63.00	67.50	AMRO;0.916
100.50	105.00	AMRO;0.721
108.00	111.00	ATSP;0.654
280.50	283.50	ATSP;0.540
51.00	54.00	BRSP;0.530
234.00	238.50	EAME;0.885
9.00	13.50	FOSP;0.932
22.50	28.50	FOSP;0.977
40.50	46.50	FOSP;0.967
52.50	61.50	FOSP;0.927
69.00	73.50	FOSP;0.986
132.00	136.50	FOSP;0.722
142.50	147.00	FOSP;0.854
150.00	154.50	FOSP;0.698
156.00	160.50	FOSP;0.500
169.50	177.00	FOSP;0.506
184.50	189.00	FOSP;0.931
198.00	204.00	FOSP;0.801
213.00	217.50	FOSP;0.597
36.00	39.00	GCSP;0.507
82.50	87.00	GCSP;0.683
162.00	166.50	GCSP;0.857
289.50	292.50	GCSP;0.643
31.50	34.50	LALO;0.613
34.50	39.00	LESA;0.865
64.50	67.50	LESA;0.650
283.50	286.50	LESA;0.509
33.00	37.50	LISP;0.666
19.50	22.50	LBDO;0.571
15.00	18.00	MOCH;0.722
34.50	37.50	MOCH;0.516
81.00	84.00	MOCH;0.511
106.50	109.50	MOCH;0.607
289.50	294.00	MOCH;0.541
22.50	25.50	NOCA;0.544
198.00	201.00	NOCA;0.533
151.50	156.00	NOWA;0.740
118.50	121.50	OROR;0.628
103.50	106.50	PISI;0.839
109.50	114.00	PISI;0.699
121.50	124.50	PISI;0.531
135.00	139.50	PISI;0.694
157.50	162.00	PISI;0.870
132.00	135.00	PUFI;0.699
198.00	201.00	PUFI;0.522
7.50	12.00	RECR;0.627
67.50	70.50	RECR;0.702
135.00	138.00	RUGR;0.522
195.00	198.00	RUGR;0.513
10.50	13.50	SNBU;0.565
115.50	121.50	SNBU;0.912
130.50	135.00	SNBU;0.665
142.50	145.50	SNBU;0.567
190.50	195.00	SNBU;0.595
199.50	202.50	SNBU;0.566
214.50	217.50	SNBU;0.548
21.00	25.50	SWSP;0.912
93.00	97.50	SWSP;0.584
100.50	105.00	SWSP;0.730
174.00	178.50	SWSP;0.841
256.50	259.50	SWSP;0.512
274.50	277.50	SWSP;0.500
271.50	274.50	TBLO;0.577
139.50	142.50	VATH;0.574
27.00	30.00	VGSW;0.771
279.00	282.00	WEFL;0.722
0.00	3.00	WCSP;0.945
12.00	15.00	WCSP;0.545
25.50	28.50	WCSP;0.500
36.00	42.00	WCSP;0.994
43.50	46.50	WCSP;0.500
48.00	52.50	WCSP;0.966
58.50	61.50	WCSP;0.500
72.00	75.00	WCSP;0.500
76.50	81.00	WCSP;0.993
84.00	88.50	WCSP;0.991
126.00	133.50	WCSP;0.953
280.50	285.00	WCSP;0.877
289.50	294.00	WCSP;0.500
0.00	6.00	WTSP;0.994
12.00	18.00	WTSP;0.994
27.00	33.00	WTSP;0.975
39.00	43.50	WTSP;0.836
55.50	61.50	WTSP;0.980
82.50	87.00	WTSP;0.724
97.50	102.00	WTSP;0.991
105.00	109.50	WTSP;0.668
123.00	129.00	WTSP;0.625
145.50	150.00	WTSP;0.976
177.00	183.00	WTSP;0.991
192.00	196.50	WTSP;0.675
291.00	294.00	WTSP;0.500
