555.00	559.50	AMWO;0.605
238.50	241.50	BCCH;0.859
67.50	72.00	BHCO;0.500
94.50	100.50	BHCO;0.694
103.50	109.50	BHCO;0.838
112.50	117.00	BHCO;0.825
124.50	130.50	BHCO;0.680
160.50	165.00	BHCO;0.500
195.00	199.50	BHCO;0.500
219.00	225.00	BHCO;0.763
244.50	249.00	BHCO;0.731
279.00	283.50	BHCO;0.585
292.50	297.00	BHCO;0.506
442.50	448.50	BHCO;0.691
453.00	456.00	BHCO;0.500
565.50	570.00	BHCO;0.507
424.50	429.00	LESA;0.963
81.00	84.00	MOCH;0.588
240.00	243.00	MOCH;0.810
480.00	484.50	PISI;0.590
81.00	84.00	RUBL;0.615
21.00	24.00	SPGR;0.613
478.50	481.50	SPGR;0.507
244.50	249.00	WEME;0.644
