19.50	22.50	AMGP;0.500
24.00	28.50	AMGP;0.500
51.00	55.50	AMGP;0.500
69.00	75.00	AMGP;0.500
88.50	93.00	AMGP;0.500
100.50	108.00	AMGP;0.844
115.50	120.00	AMGP;0.789
136.50	139.50	AMGP;0.500
150.00	153.00	AMGP;0.500
202.50	205.50	AMGP;0.500
213.00	216.00	AMGP;0.500
222.00	225.00	AMGP;0.500
229.50	235.50	AMGP;0.586
243.00	246.00	AMGP;0.540
250.50	253.50	AMGP;0.532
256.50	261.00	AMGP;0.854
267.00	279.00	AMGP;0.637
333.00	339.00	AMGP;0.742
345.00	348.00	AMGP;0.500
360.00	363.00	AMGP;0.500
391.50	394.50	AMGP;0.580
403.50	408.00	AMGP;0.815
411.00	415.50	AMGP;0.654
424.50	430.50	AMGP;0.570
469.50	484.50	AMGP;0.747
490.50	498.00	AMGP;0.500
505.50	508.50	AMGP;0.500
511.50	517.50	AMGP;0.508
529.50	532.50	AMGP;0.500
535.50	543.00	AMGP;0.650
553.50	558.00	AMGP;0.500
562.50	568.50	AMGP;0.766
585.00	591.00	AMGP;0.500
592.50	595.50	AMGP;0.500
3.00	6.00	AMRO;0.546
18.00	22.50	AMRO;0.761
52.50	57.00	AMRO;0.728
93.00	96.00	AMRO;0.593
121.50	124.50	AMRO;0.507
159.00	162.00	AMRO;0.817
169.50	172.50	AMRO;0.611
196.50	199.50	AMRO;0.574
202.50	205.50	AMRO;0.540
261.00	264.00	AMRO;0.634
388.50	393.00	AMRO;0.693
423.00	429.00	AMRO;0.635
513.00	516.00	AMRO;0.600
1.50	4.50	BLOY;0.500
33.00	36.00	BLOY;0.509
60.00	64.50	BLOY;0.557
85.50	90.00	BLOY;0.638
105.00	109.50	BLOY;0.850
144.00	148.50	BLOY;0.680
216.00	220.50	BLOY;0.560
246.00	249.00	BLOY;0.560
405.00	408.00	BLOY;0.607
462.00	465.00	BLOY;0.555
1.50	4.50	BBPL;0.524
85.50	88.50	BBPL;0.564
201.00	204.00	BBPL;0.538
259.50	262.50	BBPL;0.660
391.50	394.50	BBPL;0.542
552.00	555.00	BBPL;0.651
21.00	24.00	BCCH;0.510
48.00	51.00	BCCH;0.754
123.00	126.00	BCCH;0.669
291.00	294.00	BCCH;0.572
321.00	324.00	BCCH;0.640
357.00	360.00	BRSP;0.675
303.00	307.50	CHSW;0.531
384.00	388.50	CHSW;0.582
69.00	72.00	DUNL;0.508
261.00	264.00	DUNL;0.594
490.50	493.50	DUNL;0.517
502.50	505.50	DUNL;0.505
295.50	298.50	EAME;0.581
384.00	388.50	EAME;0.790
415.50	420.00	EAME;0.537
108.00	111.00	EATO;0.500
120.00	123.00	FISP;0.539
241.50	244.50	FISP;0.723
319.50	324.00	FISP;0.843
97.50	102.00	FOSP;0.740
109.50	114.00	FOSP;0.913
256.50	259.50	FOSP;0.567
267.00	271.50	FOSP;0.519
277.50	282.00	FOSP;0.500
297.00	300.00	FOSP;0.745
331.50	336.00	FOSP;0.500
345.00	349.50	FOSP;0.740
370.50	373.50	FOSP;0.664
400.50	405.00	FOSP;0.982
409.50	414.00	FOSP;0.521
415.50	420.00	FOSP;0.700
436.50	441.00	FOSP;0.983
453.00	457.50	FOSP;0.950
492.00	495.00	FOSP;0.500
138.00	141.00	GCSP;0.518
307.50	310.50	GCSP;0.727
354.00	357.00	GCSP;0.642
385.50	388.50	GCSP;0.689
394.50	397.50	GCSP;0.668
445.50	448.50	GCSP;0.541
597.00	600.00	GCSP;0.545
21.00	24.00	HASP;0.552
246.00	249.00	HASP;0.618
330.00	333.00	HASP;0.517
529.50	532.50	HASP;0.689
316.50	319.50	HETH;0.708
295.50	300.00	HOFI;0.714
61.50	66.00	LISP;0.662
114.00	118.50	LISP;0.923
127.50	133.50	LISP;0.964
144.00	148.50	LISP;0.922
165.00	171.00	LISP;0.991
180.00	184.50	LISP;0.972
193.50	198.00	LISP;0.986
204.00	210.00	LISP;0.980
219.00	223.50	LISP;0.981
574.50	579.00	LISP;0.782
589.50	595.50	LISP;0.970
25.50	28.50	LOSH;0.588
108.00	111.00	LOSH;0.552
211.50	214.50	LOSH;0.549
594.00	597.00	LOSH;0.593
30.00	33.00	MAWR;0.506
7.50	10.50	MOCH;0.717
91.50	94.50	MOCH;0.549
168.00	171.00	MOCH;0.526
216.00	219.00	MOCH;0.753
223.50	226.50	MOCH;0.625
250.50	255.00	MOCH;0.596
304.50	309.00	MOCH;0.874
406.50	411.00	MOCH;0.608
525.00	528.00	MOCH;0.792
97.50	102.00	OROR;0.516
21.00	24.00	PUFI;0.638
183.00	186.00	PUFI;0.573
367.50	370.50	PUFI;0.528
400.50	403.50	PUFI;0.653
505.50	508.50	PUFI;0.603
589.50	592.50	PUFI;0.513
39.00	42.00	ROWR;0.641
310.50	313.50	ROWR;0.566
0.00	3.00	RUTU;0.513
7.50	10.50	RUGR;0.574
12.00	15.00	RUGR;0.555
51.00	54.00	RUGR;0.581
510.00	514.50	RUGR;0.550
574.50	577.50	RUGR;0.548
162.00	165.00	RUBL;0.679
243.00	246.00	SAPH;0.596
357.00	360.00	SAPH;0.528
538.50	543.00	SAPH;0.662
340.50	343.50	SCTA;0.566
268.50	271.50	SNBU;0.514
592.50	595.50	SPTO;0.509
1.50	4.50	SWSP;0.589
13.50	18.00	SWSP;0.558
55.50	58.50	SWSP;0.516
304.50	307.50	SWSP;0.643
366.00	369.00	SWSP;0.537
385.50	388.50	SWSP;0.555
501.00	505.50	SWSP;0.658
513.00	516.00	SWSP;0.570
531.00	534.00	SWSP;0.502
553.50	556.50	SWSP;0.601
330.00	333.00	VATH;0.511
199.50	202.50	WEFL;0.565
163.50	166.50	WEME;0.598
9.00	13.50	WCSP;0.988
22.50	27.00	WCSP;0.993
36.00	42.00	WCSP;0.986
49.50	54.00	WCSP;0.990
64.50	70.50	WCSP;0.989
79.50	85.50	WCSP;0.992
94.50	100.50	WCSP;0.983
112.50	117.00	WCSP;0.989
124.50	129.00	WCSP;0.991
139.50	144.00	WCSP;0.988
151.50	156.00	WCSP;0.989
163.50	168.00	WCSP;0.783
177.00	181.50	WCSP;0.991
190.50	195.00	WCSP;0.973
198.00	202.50	WCSP;0.500
207.00	211.50	WCSP;0.696
214.50	219.00	WCSP;0.500
220.50	225.00	WCSP;0.976
232.50	238.50	WCSP;0.993
247.50	252.00	WCSP;0.987
256.50	259.50	WCSP;0.500
262.50	268.50	WCSP;0.958
276.00	283.50	WCSP;0.996
292.50	297.00	WCSP;0.991
307.50	313.50	WCSP;0.992
319.50	331.50	WCSP;0.992
339.00	343.50	WCSP;0.938
345.00	348.00	WCSP;0.500
355.50	360.00	WCSP;0.985
372.00	378.00	WCSP;0.975
387.00	391.50	WCSP;0.995
411.00	414.00	WCSP;0.500
420.00	424.50	WCSP;0.570
430.50	435.00	WCSP;0.858
444.00	448.50	WCSP;0.654
457.50	462.00	WCSP;0.981
468.00	472.50	WCSP;0.973
483.00	489.00	WCSP;0.987
496.50	501.00	WCSP;0.991
507.00	513.00	WCSP;0.987
522.00	526.50	WCSP;0.962
534.00	538.50	WCSP;0.982
546.00	550.50	WCSP;0.991
558.00	562.50	WCSP;0.983
570.00	576.00	WCSP;0.993
583.50	588.00	WCSP;0.986
597.00	600.00	WCSP;0.515
7.50	12.00	WTSP;0.657
49.50	52.50	WTSP;0.500
54.00	57.00	WTSP;0.500
78.00	82.50	WTSP;0.900
91.50	97.50	WTSP;0.971
111.00	114.00	WTSP;0.500
118.50	126.00	WTSP;0.827
133.50	141.00	WTSP;0.864
147.00	172.50	WTSP;0.997
174.00	178.50	WTSP;0.850
183.00	193.50	WTSP;0.990
195.00	199.50	WTSP;0.589
202.50	207.00	WTSP;0.965
216.00	220.50	WTSP;0.500
222.00	226.50	WTSP;0.500
232.50	235.50	WTSP;0.500
238.50	244.50	WTSP;0.993
246.00	252.00	WTSP;0.500
253.50	258.00	WTSP;0.928
271.50	276.00	WTSP;0.980
282.00	292.50	WTSP;0.992
298.50	306.00	WTSP;0.993
318.00	322.50	WTSP;0.989
337.50	342.00	WTSP;0.997
354.00	357.00	WTSP;0.615
385.50	388.50	WTSP;0.500
394.50	400.50	WTSP;0.956
414.00	418.50	WTSP;0.572
444.00	448.50	WTSP;0.657
456.00	459.00	WTSP;0.610
466.50	469.50	WTSP;0.584
483.00	486.00	WTSP;0.656
487.50	492.00	WTSP;0.986
495.00	498.00	WTSP;0.500
505.50	511.50	WTSP;0.888
517.50	529.50	WTSP;0.996
531.00	537.00	WTSP;0.998
544.50	547.50	WTSP;0.532
559.50	564.00	WTSP;0.977
571.50	574.50	WTSP;0.500
582.00	585.00	WTSP;0.500
588.00	591.00	WTSP;0.500
597.00	600.00	WTSP;0.549
31.50	36.00	WIWA;0.978
43.50	48.00	WIWA;0.839
54.00	58.50	WIWA;0.834
64.50	69.00	WIWA;0.500
75.00	79.50	WIWA;0.847
85.50	90.00	WIWA;0.917
120.00	123.00	WIWA;0.500
132.00	136.50	WIWA;0.985
148.50	153.00	WIWA;0.931
160.50	165.00	WIWA;0.500
172.50	177.00	WIWA;0.934
183.00	187.50	WIWA;0.985
226.50	231.00	WIWA;0.991
237.00	241.50	WIWA;0.992
252.00	258.00	WIWA;0.980
262.50	267.00	WIWA;0.954
282.00	288.00	WIWA;0.966
313.50	318.00	WIWA;0.969
333.00	337.50	WIWA;0.985
342.00	346.50	WIWA;0.985
354.00	358.50	WIWA;0.912
363.00	369.00	WIWA;0.951
373.50	378.00	WIWA;0.891
384.00	387.00	WIWA;0.692
393.00	399.00	WIWA;0.994
412.50	417.00	WIWA;0.966
423.00	427.50	WIWA;0.930
433.50	436.50	WIWA;0.537
442.50	447.00	WIWA;0.988
462.00	466.50	WIWA;0.976
471.00	475.50	WIWA;0.954
481.50	486.00	WIWA;0.645
492.00	495.00	WIWA;0.500
501.00	505.50	WIWA;0.815
511.50	516.00	WIWA;0.893
520.50	525.00	WIWA;0.928
531.00	535.50	WIWA;0.653
541.50	546.00	WIWA;0.982
552.00	556.50	WIWA;0.894
561.00	565.50	WIWA;0.518
580.50	585.00	WIWA;0.989
