174.00	177.00	AMDI;0.530
141.00	144.00	AGOL;0.521
7.50	10.50	AMRO;0.500
12.00	24.00	AMRO;0.970
34.50	37.50	AMRO;0.650
48.00	67.50	AMRO;0.877
78.00	82.50	AMRO;0.500
87.00	90.00	AMRO;0.500
103.50	106.50	AMRO;0.500
112.50	117.00	AMRO;0.836
123.00	135.00	AMRO;0.904
138.00	141.00	AMRO;0.657
162.00	166.50	AMRO;0.500
169.50	174.00	AMRO;0.500
175.50	178.50	AMRO;0.591
189.00	192.00	AMRO;0.671
193.50	204.00	AMRO;0.586
210.00	213.00	AMRO;0.500
294.00	298.50	AMRO;0.777
177.00	180.00	ATSP;0.513
142.50	145.50	BAEA;0.602
34.50	39.00	BAOR;0.845
43.50	46.50	BAOR;0.500
49.50	60.00	BAOR;0.806
78.00	82.50	BAOR;0.850
85.50	90.00	BAOR;0.500
126.00	135.00	BAOR;0.604
147.00	150.00	BAOR;0.500
151.50	157.50	BAOR;0.540
162.00	166.50	BAOR;0.570
174.00	178.50	BAOR;0.500
222.00	226.50	BAOR;0.500
294.00	297.00	BAOR;0.500
60.00	63.00	BLOY;0.558
64.50	67.50	BLOY;0.716
219.00	222.00	BBPL;0.558
240.00	243.00	BTNW;0.603
139.50	142.50	CAFI;0.717
19.50	22.50	DEJU;0.694
96.00	99.00	EABL;0.546
103.50	106.50	EABL;0.579
145.50	148.50	EABL;0.561
42.00	45.00	EAME;0.537
46.50	49.50	EATO;0.669
100.50	103.50	EATO;0.548
133.50	136.50	EATO;0.617
154.50	157.50	EATO;0.653
180.00	184.50	EATO;0.817
246.00	249.00	EATO;0.912
297.00	300.00	EATO;0.645
76.50	79.50	FISP;0.599
87.00	90.00	FISP;0.526
148.50	151.50	FISP;0.500
162.00	166.50	FISP;0.542
199.50	202.50	FISP;0.524
210.00	213.00	FISP;0.500
216.00	220.50	FISP;0.500
226.50	229.50	FISP;0.528
235.50	240.00	FISP;0.704
243.00	247.50	FISP;0.863
253.50	258.00	FISP;0.812
262.50	265.50	FISP;0.500
270.00	276.00	FISP;0.907
282.00	286.50	FISP;0.911
292.50	295.50	FISP;0.500
0.00	4.50	FOSP;0.959
12.00	19.50	FOSP;0.500
24.00	48.00	FOSP;0.968
57.00	61.50	FOSP;0.868
64.50	78.00	FOSP;0.841
88.50	97.50	FOSP;0.757
100.50	115.50	FOSP;0.984
118.50	123.00	FOSP;0.793
127.50	139.50	FOSP;0.903
144.00	148.50	FOSP;0.852
151.50	165.00	FOSP;0.879
171.00	180.00	FOSP;0.970
181.50	187.50	FOSP;0.692
190.50	195.00	FOSP;0.979
199.50	208.50	FOSP;0.954
211.50	216.00	FOSP;0.796
217.50	222.00	FOSP;0.635
229.50	235.50	FOSP;0.732
240.00	246.00	FOSP;0.720
247.50	252.00	FOSP;0.902
253.50	258.00	FOSP;0.500
259.50	264.00	FOSP;0.500
265.50	271.50	FOSP;0.741
274.50	279.00	FOSP;0.628
280.50	291.00	FOSP;0.904
73.50	76.50	GCSP;0.536
168.00	172.50	GCSP;0.754
186.00	189.00	GCSP;0.692
201.00	205.50	GCSP;0.742
217.50	220.50	GCSP;0.513
241.50	244.50	GCSP;0.855
52.50	55.50	HETH;0.564
3.00	6.00	HOWR;0.549
22.50	25.50	HOWR;0.955
286.50	289.50	LALO;0.621
93.00	96.00	LASP;0.585
3.00	10.50	LISP;0.739
13.50	16.50	LISP;0.660
22.50	27.00	LISP;0.854
69.00	72.00	MOCH;0.880
115.50	121.50	MOCH;0.500
127.50	130.50	MOCH;0.500
142.50	145.50	MOCH;0.500
147.00	151.50	MOCH;0.679
178.50	183.00	MOCH;0.851
189.00	192.00	MOCH;0.500
199.50	202.50	MOCH;0.761
210.00	213.00	MOCH;0.508
235.50	240.00	MOCH;0.785
264.00	267.00	MOCH;0.609
277.50	280.50	MOCH;0.534
283.50	286.50	MOCH;0.500
294.00	297.00	MOCH;0.500
214.50	217.50	PUFI;0.541
214.50	217.50	REVI;0.646
13.50	19.50	RBGR;0.538
49.50	57.00	RBGR;0.941
58.50	63.00	RBGR;0.562
78.00	81.00	RBGR;0.500
130.50	133.50	RBGR;0.500
169.50	172.50	RBGR;0.500
222.00	226.50	RBGR;0.970
12.00	15.00	RUGR;0.649
67.50	70.50	RUGR;0.560
114.00	118.50	RUBL;0.592
40.50	45.00	SNBU;0.669
69.00	73.50	SNBU;0.845
109.50	112.50	SNBU;0.673
132.00	136.50	SNBU;0.590
273.00	276.00	SNBU;0.616
177.00	181.50	SOSA;0.666
237.00	240.00	SOSA;0.540
6.00	9.00	TOSO;0.611
34.50	39.00	TOSO;0.522
174.00	177.00	TOSO;0.547
186.00	189.00	TOSO;0.536
192.00	195.00	TOSO;0.507
201.00	204.00	TOSO;0.607
210.00	214.50	TOSO;0.706
166.50	169.50	WEWP;0.519
1.50	6.00	WCSP;0.500
16.50	21.00	WCSP;0.795
28.50	36.00	WCSP;0.512
37.50	40.50	WCSP;0.500
57.00	61.50	WCSP;0.706
70.50	75.00	WCSP;0.564
90.00	94.50	WCSP;0.500
100.50	106.50	WCSP;0.843
111.00	115.50	WCSP;0.723
123.00	127.50	WCSP;0.655
133.50	139.50	WCSP;0.825
144.00	148.50	WCSP;0.664
159.00	163.50	WCSP;0.830
172.50	180.00	WCSP;0.742
186.00	189.00	WCSP;0.500
199.50	202.50	WCSP;0.500
204.00	208.50	WCSP;0.663
213.00	216.00	WCSP;0.500
217.50	222.00	WCSP;0.862
228.00	234.00	WCSP;0.892
247.50	252.00	WCSP;0.588
255.00	258.00	WCSP;0.500
273.00	276.00	WCSP;0.500
63.00	70.50	WTSP;0.988
72.00	79.50	WTSP;0.965
81.00	90.00	WTSP;0.997
97.50	102.00	WTSP;0.985
108.00	112.50	WTSP;0.960
120.00	124.50	WTSP;0.893
129.00	132.00	WTSP;0.500
136.50	141.00	WTSP;0.586
147.00	151.50	WTSP;0.743
154.50	157.50	WTSP;0.500
160.50	166.50	WTSP;0.803
168.00	172.50	WTSP;0.512
178.50	181.50	WTSP;0.500
186.00	192.00	WTSP;0.986
196.50	238.50	WTSP;0.997
241.50	247.50	WTSP;0.976
249.00	256.50	WTSP;0.994
258.00	265.50	WTSP;0.992
268.50	285.00	WTSP;0.997
288.00	297.00	WTSP;0.995
219.00	222.00	WOTH;0.541
