162.00	165.00	AMGP;0.640
472.50	475.50	AMGP;0.600
258.00	261.00	AMRO;0.516
265.50	273.00	AMRO;0.500
280.50	307.50	AMRO;0.951
312.00	339.00	AMRO;0.990
345.00	349.50	AMRO;0.774
360.00	363.00	AMRO;0.500
370.50	373.50	AMRO;0.500
378.00	381.00	AMRO;0.500
387.00	391.50	AMRO;0.757
396.00	402.00	AMRO;0.748
406.50	411.00	AMRO;0.731
418.50	432.00	AMRO;0.692
436.50	442.50	AMRO;0.830
451.50	457.50	AMRO;0.921
459.00	462.00	AMRO;0.500
463.50	466.50	AMRO;0.500
240.00	244.50	ATSP;0.614
267.00	270.00	BAOR;0.514
271.50	274.50	BAOR;0.613
183.00	186.00	BBPL;0.509
405.00	408.00	BTNW;0.568
207.00	210.00	BHVI;0.571
238.50	241.50	BHVI;0.517
226.50	229.50	BRBL;0.542
4.50	9.00	BRSP;0.562
22.50	25.50	BRSP;0.500
43.50	46.50	BRSP;0.500
48.00	51.00	BRSP;0.562
57.00	60.00	BRSP;0.500
120.00	123.00	BRSP;0.500
205.50	208.50	BRSP;0.500
237.00	240.00	BRSP;0.500
244.50	247.50	BRSP;0.500
310.50	315.00	BRSP;0.500
336.00	339.00	BRSP;0.500
345.00	348.00	BRSP;0.500
358.50	361.50	BRSP;0.500
364.50	369.00	BRSP;0.500
376.50	379.50	BRSP;0.500
381.00	388.50	BRSP;0.500
397.50	402.00	BRSP;0.500
403.50	406.50	BRSP;0.500
429.00	445.50	BRSP;0.675
448.50	454.50	BRSP;0.530
456.00	459.00	BRSP;0.500
462.00	472.50	BRSP;0.739
478.50	483.00	BRSP;0.501
492.00	496.50	BRSP;0.850
502.50	508.50	BRSP;0.772
510.00	517.50	BRSP;0.500
523.50	528.00	BRSP;0.500
532.50	541.50	BRSP;0.911
543.00	558.00	BRSP;0.698
559.50	564.00	BRSP;0.500
567.00	574.50	BRSP;0.737
588.00	591.00	BRSP;0.500
592.50	598.50	BRSP;0.654
78.00	81.00	CHSW;0.544
6.00	12.00	CHSP;0.808
15.00	21.00	CHSP;0.967
24.00	30.00	CHSP;0.967
31.50	54.00	CHSP;0.975
58.50	63.00	CHSP;0.901
69.00	72.00	CHSP;0.500
75.00	79.50	CHSP;0.892
84.00	90.00	CHSP;0.954
93.00	99.00	CHSP;0.584
102.00	106.50	CHSP;0.798
120.00	126.00	CHSP;0.976
129.00	135.00	CHSP;0.978
138.00	144.00	CHSP;0.957
148.50	154.50	CHSP;0.823
159.00	163.50	CHSP;0.723
175.50	180.00	CHSP;0.877
186.00	190.50	CHSP;0.871
193.50	199.50	CHSP;0.942
202.50	208.50	CHSP;0.973
213.00	219.00	CHSP;0.914
222.00	228.00	CHSP;0.882
231.00	237.00	CHSP;0.914
258.00	262.50	CHSP;0.898
267.00	273.00	CHSP;0.828
277.50	282.00	CHSP;0.500
292.50	297.00	CHSP;0.886
319.50	325.50	CHSP;0.729
336.00	342.00	CHSP;0.655
345.00	349.50	CHSP;0.500
381.00	385.50	CHSP;0.500
387.00	391.50	CHSP;0.949
402.00	406.50	CHSP;0.500
411.00	415.50	CHSP;0.655
420.00	426.00	CHSP;0.860
429.00	439.50	CHSP;0.963
442.50	447.00	CHSP;0.929
448.50	454.50	CHSP;0.704
469.50	475.50	CHSP;0.964
477.00	480.00	CHSP;0.500
486.00	490.50	CHSP;0.595
510.00	514.50	CHSP;0.500
517.50	522.00	CHSP;0.812
523.50	529.50	CHSP;0.500
532.50	537.00	CHSP;0.592
540.00	549.00	CHSP;0.946
552.00	556.50	CHSP;0.721
559.50	564.00	CHSP;0.562
570.00	574.50	CHSP;0.908
585.00	589.50	CHSP;0.918
594.00	598.50	CHSP;0.646
567.00	570.00	CCSP;0.624
22.50	25.50	DEJU;0.565
7.50	10.50	EATO;0.619
18.00	21.00	EATO;0.711
28.50	33.00	EATO;0.813
109.50	112.50	EATO;0.532
115.50	118.50	EATO;0.822
196.50	201.00	EATO;0.636
238.50	241.50	EATO;0.656
7.50	10.50	EVGR;0.647
193.50	196.50	EVGR;0.651
82.50	85.50	FISP;0.699
214.50	217.50	FISP;0.764
244.50	247.50	FISP;0.692
289.50	292.50	FISP;0.567
348.00	351.00	FISP;0.534
426.00	429.00	FISP;0.891
502.50	505.50	FISP;0.586
577.50	580.50	FISP;0.543
0.00	3.00	FOSP;0.947
9.00	13.50	FOSP;0.883
19.50	24.00	FOSP;0.952
25.50	28.50	FOSP;0.500
30.00	33.00	FOSP;0.701
43.50	46.50	FOSP;0.500
54.00	60.00	FOSP;0.545
66.00	72.00	FOSP;0.742
75.00	79.50	FOSP;0.841
82.50	93.00	FOSP;0.899
94.50	102.00	FOSP;0.966
106.50	112.50	FOSP;0.936
117.00	121.50	FOSP;0.892
126.00	130.50	FOSP;0.968
135.00	144.00	FOSP;0.866
145.50	150.00	FOSP;0.971
156.00	160.50	FOSP;0.901
163.50	183.00	FOSP;0.986
184.50	195.00	FOSP;0.918
196.50	205.50	FOSP;0.970
208.50	213.00	FOSP;0.966
214.50	223.50	FOSP;0.990
228.00	232.50	FOSP;0.955
240.00	244.50	FOSP;0.924
249.00	265.50	FOSP;0.936
271.50	276.00	FOSP;0.799
283.50	288.00	FOSP;0.902
295.50	300.00	FOSP;0.897
306.00	310.50	FOSP;0.868
315.00	321.00	FOSP;0.950
328.50	333.00	FOSP;0.868
340.50	345.00	FOSP;0.795
351.00	355.50	FOSP;0.633
361.50	366.00	FOSP;0.671
370.50	378.00	FOSP;0.540
382.50	388.50	FOSP;0.822
393.00	397.50	FOSP;0.981
403.50	408.00	FOSP;0.846
415.50	420.00	FOSP;0.720
430.50	438.00	FOSP;0.860
444.00	450.00	FOSP;0.914
454.50	462.00	FOSP;0.721
484.50	490.50	FOSP;0.634
495.00	499.50	FOSP;0.628
508.50	513.00	FOSP;0.589
514.50	519.00	FOSP;0.675
523.50	528.00	FOSP;0.663
544.50	550.50	FOSP;0.766
558.00	562.50	FOSP;0.825
570.00	574.50	FOSP;0.691
582.00	586.50	FOSP;0.873
591.00	595.50	FOSP;0.866
13.50	18.00	GCSP;0.678
40.50	45.00	GCSP;0.553
81.00	85.50	GCSP;0.796
244.50	249.00	GCSP;0.639
388.50	393.00	GCSP;0.720
411.00	414.00	GCSP;0.888
418.50	421.50	GCSP;0.742
492.00	495.00	GCSP;0.721
274.50	277.50	GRCA;0.572
264.00	268.50	GRYE;0.537
276.00	279.00	GRYE;0.538
285.00	289.50	GRYE;0.645
379.50	384.00	GRYE;0.565
430.50	433.50	GRYE;0.581
79.50	82.50	HASP;0.530
73.50	76.50	HETH;0.525
415.50	420.00	HETH;0.741
10.50	13.50	HOLA;0.564
201.00	204.00	LALO;0.526
385.50	388.50	LALO;0.547
517.50	520.50	LALO;0.542
54.00	57.00	LASP;0.545
52.50	55.50	LISP;0.500
63.00	67.50	LISP;0.557
100.50	103.50	LISP;0.513
327.00	330.00	LISP;0.680
340.50	343.50	LISP;0.785
349.50	355.50	LISP;0.992
361.50	366.00	LISP;0.848
372.00	376.50	LISP;0.992
382.50	387.00	LISP;0.500
396.00	400.50	LISP;0.981
408.00	412.50	LISP;0.994
439.50	444.00	LISP;0.979
463.50	468.00	LISP;0.993
498.00	504.00	LISP;0.997
313.50	318.00	MAMU;0.677
249.00	252.00	MOCH;0.824
267.00	270.00	MOCH;0.532
540.00	543.00	MOCH;0.585
340.50	343.50	OROR;0.572
355.50	358.50	PIGR;0.599
460.50	463.50	PIGR;0.696
151.50	156.00	PUFI;0.592
369.00	372.00	PUFI;0.584
480.00	483.00	RBGU;0.546
322.50	327.00	RBGR;0.932
411.00	414.00	RUGR;0.698
54.00	58.50	SNBU;0.747
153.00	157.50	SNBU;0.734
181.50	186.00	SNBU;0.630
216.00	219.00	SNBU;0.603
225.00	229.50	SNBU;0.764
585.00	588.00	SNBU;0.696
282.00	285.00	SUTA;0.526
291.00	294.00	SUTA;0.525
295.50	298.50	SUTA;0.528
36.00	39.00	SWSP;0.583
45.00	49.50	SWSP;0.577
522.00	526.50	SWSP;0.942
529.50	534.00	SWSP;0.919
21.00	25.50	VATH;0.984
69.00	73.50	VATH;0.935
90.00	94.50	VATH;0.859
142.50	147.00	VATH;0.957
154.50	165.00	VATH;0.986
166.50	171.00	VATH;0.849
202.50	207.00	VATH;0.500
241.50	246.00	VATH;0.700
339.00	342.00	VATH;0.592
366.00	370.50	VATH;0.696
448.50	453.00	VATH;0.500
87.00	90.00	VESP;0.607
165.00	168.00	VESP;0.525
1.50	4.50	WCSP;0.500
6.00	9.00	WCSP;0.500
10.50	13.50	WCSP;0.500
27.00	30.00	WCSP;0.500
34.50	37.50	WCSP;0.625
42.00	48.00	WCSP;0.845
57.00	61.50	WCSP;0.970
73.50	76.50	WCSP;0.500
108.00	112.50	WCSP;0.500
118.50	123.00	WCSP;0.500
124.50	127.50	WCSP;0.500
142.50	145.50	WCSP;0.500
174.00	177.00	WCSP;0.500
186.00	189.00	WCSP;0.500
219.00	222.00	WCSP;0.500
246.00	249.00	WCSP;0.519
255.00	259.50	WCSP;0.876
262.50	265.50	WCSP;0.500
303.00	307.50	WCSP;0.981
310.50	315.00	WCSP;0.500
318.00	322.50	WCSP;0.932
343.50	348.00	WCSP;0.954
352.50	357.00	WCSP;0.500
360.00	381.00	WCSP;0.971
382.50	387.00	WCSP;0.751
390.00	396.00	WCSP;0.969
399.00	403.50	WCSP;0.977
406.50	412.50	WCSP;0.950
417.00	420.00	WCSP;0.500
423.00	432.00	WCSP;0.976
447.00	460.50	WCSP;0.984
465.00	471.00	WCSP;0.934
474.00	489.00	WCSP;0.992
492.00	499.50	WCSP;0.562
504.00	510.00	WCSP;0.992
511.50	523.50	WCSP;0.987
546.00	553.50	WCSP;0.978
556.50	562.50	WCSP;0.985
565.50	570.00	WCSP;0.990
573.00	577.50	WCSP;0.989
580.50	585.00	WCSP;0.986
589.50	594.00	WCSP;0.965
597.00	600.00	WCSP;0.984
25.50	30.00	WTSP;0.693
48.00	52.50	WTSP;0.500
70.50	75.00	WTSP;0.915
79.50	87.00	WTSP;0.901
91.50	96.00	WTSP;0.500
130.50	133.50	WTSP;0.500
229.50	240.00	WTSP;0.990
241.50	258.00	WTSP;0.998
262.50	285.00	WTSP;0.995
286.50	295.50	WTSP;0.984
297.00	304.50	WTSP;0.994
309.00	316.50	WTSP;0.992
319.50	325.50	WTSP;0.993
331.50	340.50	WTSP;0.987
342.00	351.00	WTSP;0.940
355.50	361.50	WTSP;0.994
363.00	376.50	WTSP;0.968
378.00	385.50	WTSP;0.994
388.50	394.50	WTSP;0.781
397.50	409.50	WTSP;0.994
411.00	429.00	WTSP;0.995
436.50	442.50	WTSP;0.957
450.00	460.50	WTSP;0.964
462.00	474.00	WTSP;0.987
475.50	495.00	WTSP;0.990
499.50	505.50	WTSP;0.994
508.50	517.50	WTSP;0.984
519.00	559.50	WTSP;0.995
561.00	583.50	WTSP;0.995
585.00	592.50	WTSP;0.996
594.00	598.50	WTSP;0.872
358.50	363.00	WILL;0.692
376.50	379.50	WILL;0.647
34.50	39.00	WIWA;0.606
45.00	49.50	WIWA;0.567
91.50	96.00	WIWA;0.971
103.50	109.50	WIWA;0.991
111.00	117.00	WIWA;0.992
417.00	420.00	WOTH;0.610
3.00	6.00	YRWA;0.503
