507.00	510.00	AMAV;0.747
208.50	211.50	AMGP;0.586
82.50	87.00	AMRO;0.615
88.50	93.00	AMRO;0.554
112.50	115.50	AMRO;0.543
117.00	124.50	AMRO;0.500
138.00	142.50	AMRO;0.829
291.00	295.50	AMRO;0.500
433.50	448.50	AMRO;0.917
480.00	483.00	AMRO;0.500
489.00	495.00	AMRO;0.647
498.00	502.50	AMRO;0.908
504.00	513.00	AMRO;0.710
535.50	538.50	AMRO;0.500
561.00	565.50	AMRO;0.500
592.50	597.00	AMRO;0.815
510.00	513.00	AMWI;0.500
31.50	34.50	BAOR;0.536
79.50	82.50	BAOR;0.743
84.00	88.50	BAOR;0.616
283.50	286.50	BAOR;0.504
291.00	295.50	BAOR;0.651
357.00	360.00	BAOR;0.641
445.50	448.50	BAOR;0.619
25.50	30.00	BCCH;0.542
67.50	72.00	BCCH;0.604
93.00	97.50	BCCH;0.585
106.50	111.00	BCCH;0.938
114.00	117.00	BCCH;0.796
366.00	369.00	BCCH;0.502
501.00	504.00	BHGR;0.612
9.00	13.50	BRSP;0.724
18.00	22.50	BRSP;0.586
31.50	34.50	BRSP;0.517
37.50	43.50	BRSP;0.857
180.00	183.00	BRSP;0.513
202.50	205.50	BRSP;0.590
238.50	244.50	BRSP;0.950
259.50	262.50	BRSP;0.609
300.00	303.00	BRSP;0.500
483.00	486.00	BRSP;0.520
526.50	529.50	BRSP;0.616
85.50	90.00	CHSW;0.634
100.50	103.50	CHSW;0.563
118.50	121.50	CHSW;0.501
0.00	7.50	CHSP;0.610
12.00	15.00	CHSP;0.500
18.00	28.50	CHSP;0.920
33.00	37.50	CHSP;0.792
45.00	54.00	CHSP;0.884
69.00	76.50	CHSP;0.712
82.50	87.00	CHSP;0.625
97.50	102.00	CHSP;0.684
105.00	109.50	CHSP;0.535
114.00	124.50	CHSP;0.961
126.00	153.00	CHSP;0.985
154.50	171.00	CHSP;0.994
172.50	225.00	CHSP;0.996
226.50	292.50	CHSP;0.993
294.00	336.00	CHSP;0.995
337.50	343.50	CHSP;0.991
345.00	351.00	CHSP;0.990
352.50	381.00	CHSP;0.996
382.50	388.50	CHSP;0.985
390.00	397.50	CHSP;0.993
399.00	405.00	CHSP;0.990
406.50	414.00	CHSP;0.989
415.50	421.50	CHSP;0.990
423.00	439.50	CHSP;0.994
441.00	472.50	CHSP;0.994
474.00	480.00	CHSP;0.993
483.00	490.50	CHSP;0.993
492.00	498.00	CHSP;0.987
501.00	507.00	CHSP;0.990
508.50	525.00	CHSP;0.989
526.50	534.00	CHSP;0.991
537.00	543.00	CHSP;0.989
546.00	552.00	CHSP;0.994
555.00	562.50	CHSP;0.991
564.00	571.50	CHSP;0.991
573.00	579.00	CHSP;0.990
582.00	589.50	CHSP;0.989
592.50	600.00	CHSP;0.990
123.00	126.00	CCSP;0.697
139.50	144.00	CCSP;0.865
177.00	181.50	CCSP;0.531
193.50	199.50	CCSP;0.740
210.00	214.50	CCSP;0.945
222.00	228.00	CCSP;0.991
237.00	243.00	CCSP;0.934
544.50	549.00	CCSP;0.500
552.00	558.00	CCSP;0.950
571.50	576.00	CCSP;0.851
57.00	61.50	DUNL;0.727
109.50	115.50	DUNL;0.817
142.50	145.50	DUNL;0.560
192.00	195.00	DUNL;0.751
52.50	55.50	EAME;0.737
547.50	550.50	EAME;0.506
177.00	180.00	FISP;0.536
334.50	339.00	FISP;0.682
472.50	477.00	FISP;0.738
544.50	547.50	FISP;0.676
21.00	25.50	FOSP;0.819
28.50	34.50	FOSP;0.958
42.00	46.50	FOSP;0.940
52.50	57.00	FOSP;0.899
64.50	69.00	FOSP;0.920
75.00	81.00	FOSP;0.942
147.00	150.00	FOSP;0.500
160.50	165.00	FOSP;0.500
175.50	178.50	FOSP;0.500
186.00	189.00	FOSP;0.500
199.50	204.00	FOSP;0.767
231.00	234.00	FOSP;0.500
244.50	249.00	FOSP;0.500
513.00	516.00	GOEA;0.513
19.50	22.50	GCSP;0.515
343.50	346.50	GCSP;0.537
400.50	403.50	GCSP;0.501
448.50	453.00	GCSP;0.636
423.00	427.50	GWTE;0.555
504.00	508.50	GWTE;0.631
568.50	571.50	GWTE;0.534
40.50	43.50	HASP;0.500
46.50	49.50	HASP;0.500
72.00	75.00	HASP;0.500
94.50	97.50	HASP;0.500
123.00	127.50	HASP;0.500
171.00	174.00	HASP;0.500
313.50	318.00	HASP;0.843
340.50	346.50	HASP;0.744
358.50	361.50	HASP;0.500
364.50	373.50	HASP;0.558
412.50	417.00	HASP;0.910
462.00	465.00	HASP;0.500
529.50	534.00	HASP;0.753
0.00	4.50	HETH;0.931
10.50	21.00	HETH;0.984
25.50	30.00	HETH;0.987
51.00	64.50	HETH;0.687
67.50	75.00	HETH;0.500
81.00	85.50	HETH;0.500
87.00	102.00	HETH;0.645
103.50	109.50	HETH;0.623
114.00	120.00	HETH;0.500
415.50	418.50	HETH;0.581
478.50	481.50	HETH;0.500
588.00	591.00	HETH;0.734
37.50	40.50	HOLA;0.517
49.50	52.50	HOLA;0.681
58.50	61.50	HOLA;0.704
37.50	40.50	HOSP;0.620
60.00	64.50	LASP;0.529
93.00	96.00	LASP;0.562
34.50	39.00	LISP;0.969
46.50	51.00	LISP;0.895
60.00	64.50	LISP;0.573
70.50	75.00	LISP;0.689
91.50	94.50	LISP;0.671
102.00	106.50	LISP;0.677
435.00	439.50	MAMU;0.699
13.50	16.50	MOCH;0.500
46.50	49.50	MOCH;0.500
124.50	127.50	MOCH;0.677
169.50	172.50	MOCH;0.500
249.00	253.50	MOCH;0.701
340.50	348.00	MOCH;0.723
358.50	361.50	MOCH;0.803
366.00	369.00	MOCH;0.500
370.50	373.50	MOCH;0.521
387.00	391.50	MOCH;0.632
411.00	418.50	MOCH;0.769
430.50	433.50	MOCH;0.500
453.00	459.00	MOCH;0.974
487.50	492.00	MOCH;0.698
526.50	529.50	MOCH;0.500
532.50	535.50	MOCH;0.944
579.00	583.50	MOCH;0.500
588.00	591.00	MOCH;0.500
225.00	228.00	NOPA;0.668
232.50	235.50	NOPA;0.799
147.00	150.00	OROR;0.586
199.50	202.50	OROR;0.515
135.00	138.00	OSPR;0.552
33.00	36.00	PUFI;0.659
51.00	54.00	RWBL;0.591
438.00	441.00	RBGR;0.526
525.00	528.00	RUGR;0.549
168.00	171.00	RUBL;0.519
66.00	69.00	SNBU;0.589
159.00	162.00	SNBU;0.609
201.00	204.00	SNBU;0.535
208.50	211.50	SPSA;0.588
216.00	219.00	SPSA;0.556
4.50	9.00	SWSP;0.734
22.50	27.00	SWSP;0.730
40.50	45.00	SWSP;0.844
55.50	60.00	SWSP;0.511
72.00	76.50	SWSP;0.789
85.50	90.00	SWSP;0.624
99.00	103.50	SWSP;0.500
118.50	123.00	SWSP;0.700
136.50	141.00	SWSP;0.839
150.00	154.50	SWSP;0.908
169.50	175.50	SWSP;0.685
198.00	202.50	SWSP;0.687
249.00	252.00	SWSP;0.500
291.00	294.00	SWSP;0.500
309.00	312.00	SWSP;0.500
337.50	340.50	SWSP;0.540
349.50	354.00	SWSP;0.565
373.50	376.50	SWSP;0.500
468.00	472.50	SWSP;0.500
490.50	495.00	SWSP;0.511
507.00	511.50	SWSP;0.650
523.50	528.00	SWSP;0.500
540.00	543.00	SWSP;0.500
583.50	586.50	SWSP;0.500
433.50	436.50	TOSO;0.620
496.50	499.50	TOSO;0.643
0.00	4.50	TOWA;0.692
63.00	67.50	VESP;0.908
90.00	94.50	VESP;0.580
45.00	49.50	WTSP;0.566
94.50	97.50	WTSP;0.500
123.00	126.00	WTSP;0.527
171.00	175.50	WTSP;0.880
249.00	253.50	WTSP;0.500
265.50	270.00	WTSP;0.562
313.50	318.00	WTSP;0.661
334.50	339.00	WTSP;0.603
340.50	346.50	WTSP;0.745
364.50	373.50	WTSP;0.713
400.50	403.50	WTSP;0.501
411.00	417.00	WTSP;0.574
432.00	435.00	WTSP;0.500
454.50	457.50	WTSP;0.500
462.00	465.00	WTSP;0.500
469.50	477.00	WTSP;0.993
486.00	490.50	WTSP;0.980
525.00	534.00	WTSP;0.835
541.50	547.50	WTSP;0.993
591.00	595.50	WTSP;0.985
4.50	9.00	WIWA;0.602
22.50	27.00	WIWA;0.505
55.50	60.00	WIWA;0.635
72.00	76.50	WIWA;0.500
85.50	91.50	WIWA;0.500
171.00	174.00	WIWA;0.803
217.50	222.00	WIWA;0.695
249.00	252.00	WIWA;0.547
298.50	303.00	WIWA;0.973
306.00	312.00	WIWA;0.976
325.50	331.50	WIWA;0.988
336.00	340.50	WIWA;0.968
348.00	354.00	WIWA;0.925
360.00	364.50	WIWA;0.524
372.00	376.50	WIWA;0.969
381.00	387.00	WIWA;0.924
403.50	408.00	WIWA;0.983
418.50	423.00	WIWA;0.985
469.50	472.50	WIWA;0.500
490.50	495.00	WIWA;0.856
507.00	511.50	WIWA;0.701
523.50	528.00	WIWA;0.946
540.00	544.50	WIWA;0.914
561.00	565.50	WIWA;0.986
580.50	586.50	WIWA;0.956
