202.50	205.50	AMDI;0.539
222.00	225.00	AMDI;0.652
172.50	175.50	AMGP;0.529
225.00	229.50	AMGP;0.637
27.00	30.00	AMRO;0.500
39.00	43.50	AMRO;0.611
60.00	63.00	AMRO;0.500
73.50	78.00	AMRO;0.990
87.00	94.50	AMRO;0.967
120.00	126.00	AMRO;0.990
132.00	136.50	AMRO;0.775
141.00	147.00	AMRO;0.960
151.50	156.00	AMRO;0.983
157.50	162.00	AMRO;0.899
163.50	180.00	AMRO;0.925
187.50	193.50	AMRO;0.931
195.00	202.50	AMRO;0.696
204.00	210.00	AMRO;0.953
211.50	228.00	AMRO;0.991
237.00	247.50	AMRO;0.947
249.00	252.00	AMRO;0.500
262.50	265.50	AMRO;0.500
193.50	198.00	BAOR;0.732
42.00	45.00	BLOY;0.680
33.00	36.00	BHVI;0.885
192.00	195.00	BHVI;0.514
277.50	280.50	BHVI;0.534
234.00	237.00	BOWA;0.510
228.00	231.00	CAFI;0.914
228.00	231.00	DUNL;0.535
21.00	24.00	FOSP;0.520
34.50	39.00	FOSP;0.766
46.50	52.50	FOSP;0.780
79.50	82.50	FOSP;0.544
97.50	102.00	FOSP;0.708
115.50	120.00	FOSP;0.500
126.00	129.00	FOSP;0.630
148.50	153.00	FOSP;0.725
177.00	180.00	FOSP;0.500
193.50	198.00	FOSP;0.504
213.00	217.50	FOSP;0.918
234.00	238.50	FOSP;0.657
250.50	256.50	FOSP;0.926
267.00	273.00	FOSP;0.971
279.00	285.00	FOSP;0.824
292.50	298.50	FOSP;0.768
111.00	114.00	GRCA;0.620
132.00	135.00	GRCA;0.510
183.00	187.50	GRCA;0.622
252.00	255.00	GRCA;0.551
123.00	127.50	GWTE;0.802
178.50	181.50	HETH;0.542
220.50	223.50	HOWR;0.504
130.50	133.50	LALO;0.555
168.00	171.00	LALO;0.816
186.00	189.00	LALO;0.549
231.00	234.00	LALO;0.648
9.00	12.00	LESA;0.504
246.00	249.00	LESA;0.523
6.00	10.50	LISP;0.991
18.00	22.50	LISP;0.938
27.00	31.50	LISP;0.875
37.50	42.00	LISP;0.983
48.00	52.50	LISP;0.500
57.00	61.50	LISP;0.938
70.50	73.50	LISP;0.500
79.50	84.00	LISP;0.935
88.50	93.00	LISP;0.970
99.00	103.50	LISP;0.590
109.50	114.00	LISP;0.776
118.50	124.50	LISP;0.995
127.50	132.00	LISP;0.914
136.50	142.50	LISP;0.987
147.00	151.50	LISP;0.895
156.00	160.50	LISP;0.916
174.00	178.50	LISP;0.971
183.00	187.50	LISP;0.976
192.00	196.50	LISP;0.894
199.50	205.50	LISP;0.894
208.50	214.50	LISP;0.995
217.50	223.50	LISP;0.989
229.50	234.00	LISP;0.985
238.50	244.50	LISP;0.997
247.50	252.00	LISP;0.733
256.50	259.50	LISP;0.616
265.50	268.50	LISP;0.933
283.50	288.00	LISP;0.526
294.00	298.50	LISP;0.596
46.50	51.00	OROR;0.716
97.50	100.50	OROR;0.534
124.50	127.50	OROR;0.595
150.00	153.00	OROR;0.516
213.00	217.50	OROR;0.678
100.50	108.00	PISI;0.990
213.00	216.00	PUFI;0.652
16.50	19.50	RWBL;0.587
108.00	112.50	ROWR;0.935
136.50	139.50	ROWR;0.878
148.50	151.50	ROWR;0.511
190.50	193.50	ROWR;0.504
247.50	250.50	ROWR;0.704
255.00	259.50	ROWR;0.684
264.00	267.00	ROWR;0.528
283.50	286.50	ROWR;0.543
133.50	138.00	RUGR;0.855
168.00	171.00	RUGR;0.563
198.00	201.00	RUGR;0.664
211.50	214.50	RUGR;0.719
237.00	240.00	RUGR;0.564
3.00	6.00	SNBU;0.714
54.00	58.50	SNBU;0.892
115.50	120.00	SNBU;0.656
154.50	157.50	SNBU;0.679
279.00	282.00	SNBU;0.570
286.50	289.50	SNBU;0.801
294.00	297.00	SNBU;0.588
46.50	49.50	SOSA;0.517
69.00	72.00	SOSA;0.526
166.50	169.50	SPGR;0.608
297.00	300.00	SPGR;0.566
211.50	214.50	TOSO;0.693
249.00	253.50	TOSO;0.946
270.00	273.00	VESP;0.604
136.50	139.50	WCSP;0.515
151.50	154.50	WIFL;0.561
40.50	43.50	WOTH;0.574
