16.50	19.50	AMGP;0.500
37.50	42.00	AMGP;0.702
57.00	61.50	AMGP;0.593
69.00	72.00	AMGP;0.743
106.50	109.50	AMGP;0.522
184.50	187.50	AMGP;0.698
139.50	142.50	AMRO;0.585
157.50	160.50	AMRO;0.660
181.50	184.50	AMRO;0.732
237.00	240.00	AMRO;0.535
43.50	46.50	BAIS;0.605
48.00	51.00	BLOY;0.876
112.50	115.50	BBPL;0.611
190.50	193.50	BHVI;0.627
66.00	69.00	BRSP;0.654
207.00	210.00	BRSP;0.581
268.50	271.50	BRSP;0.553
277.50	283.50	BRSP;0.802
288.00	292.50	BRSP;0.616
33.00	37.50	CHSP;0.639
45.00	49.50	CHSP;0.500
52.50	60.00	CHSP;0.991
63.00	67.50	CHSP;0.976
70.50	76.50	CHSP;0.961
79.50	93.00	CHSP;0.993
94.50	100.50	CHSP;0.995
103.50	109.50	CHSP;0.986
111.00	117.00	CHSP;0.992
118.50	124.50	CHSP;0.992
126.00	132.00	CHSP;0.976
133.50	139.50	CHSP;0.993
141.00	153.00	CHSP;0.987
156.00	162.00	CHSP;0.992
163.50	169.50	CHSP;0.994
172.50	184.50	CHSP;0.996
186.00	198.00	CHSP;0.979
199.50	205.50	CHSP;0.994
207.00	213.00	CHSP;0.990
216.00	222.00	CHSP;0.992
223.50	235.50	CHSP;0.988
237.00	243.00	CHSP;0.881
244.50	250.50	CHSP;0.985
252.00	258.00	CHSP;0.980
259.50	267.00	CHSP;0.997
268.50	276.00	CHSP;0.985
277.50	283.50	CHSP;0.721
288.00	292.50	CHSP;0.568
297.00	300.00	CHSP;0.529
265.50	268.50	COMU;0.524
57.00	60.00	DEJU;0.500
66.00	69.00	DEJU;0.500
70.50	73.50	DEJU;0.500
84.00	93.00	DEJU;0.847
94.50	97.50	DEJU;0.500
106.50	109.50	DEJU;0.626
114.00	120.00	DEJU;0.590
121.50	124.50	DEJU;0.593
129.00	132.00	DEJU;0.571
141.00	147.00	DEJU;0.691
150.00	153.00	DEJU;0.773
175.50	178.50	DEJU;0.649
181.50	184.50	DEJU;0.872
186.00	198.00	DEJU;0.923
202.50	205.50	DEJU;0.857
207.00	210.00	DEJU;0.500
214.50	222.00	DEJU;0.788
223.50	235.50	DEJU;0.849
237.00	243.00	DEJU;0.664
244.50	250.50	DEJU;0.877
252.00	262.50	DEJU;0.500
264.00	267.00	DEJU;0.500
270.00	276.00	DEJU;0.743
297.00	300.00	DEJU;0.500
228.00	231.00	FISP;0.536
12.00	16.50	GCSP;0.663
82.50	85.50	GCSP;0.513
198.00	201.00	GCSP;0.706
286.50	289.50	GRCA;0.639
225.00	228.00	HETH;0.654
28.50	33.00	LISP;0.942
45.00	49.50	LISP;0.702
61.50	64.50	LISP;0.757
93.00	97.50	LISP;0.772
108.00	112.50	LISP;0.959
138.00	142.50	LISP;0.725
153.00	159.00	LISP;0.879
171.00	175.50	LISP;0.959
204.00	210.00	LISP;0.959
223.50	226.50	LISP;0.500
237.00	241.50	LISP;0.759
253.50	259.50	LISP;0.981
123.00	127.50	MAMU;0.747
196.50	199.50	MOBL;0.677
0.00	3.00	MOCH;0.500
12.00	18.00	MOCH;0.500
25.50	30.00	MOCH;0.809
40.50	46.50	MOCH;0.760
54.00	60.00	MOCH;0.500
63.00	67.50	MOCH;0.500
72.00	78.00	MOCH;0.500
81.00	85.50	MOCH;0.660
88.50	96.00	MOCH;0.598
99.00	102.00	MOCH;0.500
136.50	147.00	MOCH;0.500
151.50	157.50	MOCH;0.665
166.50	171.00	MOCH;0.549
175.50	178.50	MOCH;0.720
186.00	201.00	MOCH;0.922
205.50	208.50	MOCH;0.608
211.50	214.50	MOCH;0.500
228.00	231.00	MOCH;0.500
240.00	247.50	MOCH;0.952
261.00	264.00	MOCH;0.500
265.50	271.50	MOCH;0.661
277.50	286.50	MOCH;0.889
183.00	187.50	PUFI;0.954
4.50	7.50	RWBL;0.539
123.00	126.00	RUGR;0.516
210.00	213.00	RUGR;0.616
48.00	51.00	SAVS;0.741
21.00	24.00	SAPH;0.505
256.50	259.50	SNBU;0.656
91.50	94.50	SOSP;0.535
294.00	297.00	SPGR;0.506
94.50	99.00	SWTH;0.785
274.50	277.50	WEFL;0.734
1.50	4.50	WTSP;0.500
13.50	18.00	WTSP;0.595
25.50	30.00	WTSP;0.531
42.00	46.50	WTSP;0.500
48.00	51.00	WTSP;0.500
55.50	58.50	WTSP;0.500
63.00	67.50	WTSP;0.500
70.50	79.50	WTSP;0.970
81.00	84.00	WTSP;0.500
88.50	94.50	WTSP;0.598
99.00	103.50	WTSP;0.554
109.50	114.00	WTSP;0.964
139.50	150.00	WTSP;0.895
151.50	157.50	WTSP;0.747
159.00	165.00	WTSP;0.997
166.50	171.00	WTSP;0.500
175.50	181.50	WTSP;0.986
187.50	198.00	WTSP;0.974
199.50	202.50	WTSP;0.500
205.50	219.00	WTSP;0.980
222.00	231.00	WTSP;0.874
232.50	238.50	WTSP;0.990
240.00	247.50	WTSP;0.899
249.00	252.00	WTSP;0.918
261.00	270.00	WTSP;0.796
280.50	286.50	WTSP;0.976
211.50	214.50	WIWA;0.840
1.50	6.00	YRWA;0.973
22.50	25.50	YRWA;0.708
30.00	34.50	YRWA;0.985
42.00	45.00	YRWA;0.733
51.00	55.50	YRWA;0.922
60.00	64.50	YRWA;0.782
76.50	81.00	YRWA;0.936
102.00	106.50	YRWA;0.987
114.00	118.50	YRWA;0.990
124.50	129.00	YRWA;0.975
162.00	166.50	YRWA;0.793
241.50	244.50	YRWA;0.500
