63.00	66.00	AMDI;0.610
40.50	43.50	AMGP;0.505
283.50	288.00	AMGP;0.730
3.00	6.00	AMRO;0.500
42.00	45.00	AMRO;0.507
67.50	72.00	AMRO;0.901
81.00	85.50	AMRO;0.788
91.50	96.00	AMRO;0.500
108.00	112.50	AMRO;0.709
144.00	147.00	AMRO;0.500
180.00	183.00	AMRO;0.500
186.00	201.00	AMRO;0.895
204.00	213.00	AMRO;0.778
219.00	225.00	AMRO;0.988
231.00	246.00	AMRO;0.893
249.00	258.00	AMRO;0.918
265.50	268.50	AMRO;0.535
274.50	279.00	AMRO;0.500
42.00	45.00	BAOR;0.508
252.00	255.00	BAOR;0.509
82.50	87.00	BLOY;0.621
40.50	43.50	BLTU;0.519
204.00	207.00	BHGR;0.505
234.00	237.00	BHVI;0.606
153.00	156.00	BHCO;0.589
288.00	291.00	BUOR;0.507
189.00	192.00	CAFI;0.523
0.00	3.00	CHSW;0.505
67.50	70.50	CHSW;0.636
288.00	291.00	CHSW;0.607
79.50	82.50	DEJU;0.688
88.50	91.50	DEJU;0.602
114.00	117.00	DEJU;0.549
121.50	124.50	DEJU;0.520
12.00	15.00	EATO;0.725
84.00	87.00	EATO;0.502
147.00	150.00	EATO;0.562
234.00	237.00	EATO;0.887
267.00	270.00	EATO;0.610
279.00	282.00	EATO;0.575
289.50	292.50	EATO;0.564
144.00	147.00	FISP;0.664
166.50	169.50	FISP;0.655
283.50	286.50	FISP;0.578
1.50	6.00	FOSP;0.599
7.50	10.50	FOSP;0.500
22.50	28.50	FOSP;0.800
37.50	42.00	FOSP;0.586
49.50	54.00	FOSP;0.769
63.00	70.50	FOSP;0.937
75.00	79.50	FOSP;0.899
84.00	88.50	FOSP;0.636
97.50	100.50	FOSP;0.674
109.50	114.00	FOSP;0.801
124.50	127.50	FOSP;0.500
136.50	141.00	FOSP;0.960
148.50	153.00	FOSP;0.749
160.50	165.00	FOSP;0.787
168.00	171.00	FOSP;0.595
172.50	177.00	FOSP;0.854
199.50	205.50	FOSP;0.941
211.50	216.00	FOSP;0.984
223.50	228.00	FOSP;0.941
235.50	240.00	FOSP;0.970
244.50	250.50	FOSP;0.989
256.50	262.50	FOSP;0.933
268.50	273.00	FOSP;0.969
280.50	283.50	FOSP;0.500
291.00	295.50	FOSP;0.988
85.50	88.50	GCSP;0.545
259.50	262.50	GCSP;0.836
280.50	283.50	GCSP;0.541
208.50	211.50	GRCA;0.609
15.00	18.00	LALO;0.613
174.00	177.00	LALO;0.509
226.50	229.50	LAZB;0.574
247.50	250.50	LAZB;0.519
4.50	9.00	LISP;0.997
12.00	18.00	LISP;0.994
21.00	25.50	LISP;0.981
27.00	33.00	LISP;0.997
34.50	40.50	LISP;0.996
43.50	57.00	LISP;0.998
58.50	64.50	LISP;0.994
69.00	76.50	LISP;0.995
78.00	82.50	LISP;0.814
87.00	91.50	LISP;0.989
94.50	100.50	LISP;0.944
103.50	109.50	LISP;0.992
114.00	118.50	LISP;0.725
121.50	126.00	LISP;0.996
130.50	135.00	LISP;0.995
139.50	145.50	LISP;0.995
150.00	154.50	LISP;0.993
159.00	163.50	LISP;0.983
171.00	175.50	LISP;0.980
181.50	186.00	LISP;0.992
120.00	123.00	MAMU;0.643
19.50	22.50	MOCH;0.500
37.50	42.00	MOCH;0.500
48.00	51.00	MOCH;0.500
52.50	55.50	MOCH;0.500
79.50	82.50	MOCH;0.500
90.00	94.50	MOCH;0.500
178.50	183.00	MOCH;0.886
187.50	190.50	MOCH;0.765
208.50	211.50	MOCH;0.500
217.50	222.00	MOCH;0.921
229.50	234.00	MOCH;0.738
241.50	244.50	MOCH;0.925
252.00	255.00	MOCH;0.500
262.50	265.50	MOCH;0.966
277.50	280.50	MOCH;0.500
285.00	289.50	MOCH;0.523
31.50	36.00	OSFL;0.835
55.50	58.50	OSFL;0.510
238.50	241.50	OSFL;0.897
277.50	280.50	OSFL;0.562
285.00	289.50	OSFL;0.714
297.00	300.00	OSFL;0.683
114.00	118.50	OCWA;0.680
124.50	127.50	OROR;0.659
160.50	165.00	OROR;0.589
99.00	102.00	PHVI;0.625
46.50	49.50	PIGR;0.727
55.50	58.50	PUFI;0.613
72.00	75.00	PUFI;0.589
112.50	115.50	PUFI;0.577
153.00	156.00	PUFI;0.627
195.00	198.00	PUFI;0.723
231.00	234.00	PUFI;0.586
243.00	246.00	PUFI;0.670
255.00	258.00	PUFI;0.597
129.00	132.00	RUTU;0.533
211.50	214.50	RUBL;0.608
243.00	246.00	SBDO;0.599
111.00	114.00	SNBU;0.501
180.00	183.00	SNBU;0.568
285.00	288.00	SNBU;0.559
57.00	60.00	SWSP;0.512
264.00	268.50	SWSP;0.610
288.00	291.00	SWSP;0.641
297.00	300.00	SWSP;0.548
88.50	91.50	TOSO;0.534
288.00	291.00	TOSO;0.538
169.50	172.50	UPSA;0.660
57.00	60.00	VATH;0.505
264.00	267.00	VATH;0.503
274.50	279.00	VATH;0.792
225.00	228.00	VESP;0.553
0.00	3.00	WCSP;0.989
6.00	10.50	WCSP;0.924
15.00	18.00	WCSP;0.667
16.50	21.00	WTSP;0.973
45.00	51.00	WTSP;0.745
54.00	60.00	WTSP;0.983
76.50	82.50	WTSP;0.969
85.50	90.00	WTSP;0.610
93.00	99.00	WTSP;0.979
102.00	108.00	WTSP;0.990
112.50	120.00	WTSP;0.725
123.00	129.00	WTSP;0.992
132.00	138.00	WTSP;0.995
141.00	147.00	WTSP;0.973
153.00	160.50	WTSP;0.997
163.50	169.50	WTSP;0.971
174.00	180.00	WTSP;0.997
184.50	189.00	WTSP;0.824
195.00	202.50	WTSP;0.994
214.50	220.50	WTSP;0.994
226.50	232.50	WTSP;0.994
238.50	243.00	WTSP;0.989
247.50	253.50	WTSP;0.995
259.50	265.50	WTSP;0.992
279.00	286.50	WTSP;0.991
1.50	4.50	WIWA;0.913
24.00	28.50	WIWA;0.668
33.00	37.50	WIWA;0.988
46.50	51.00	WIWA;0.904
55.50	61.50	WIWA;0.900
99.00	105.00	WIWA;0.992
108.00	112.50	WIWA;0.979
117.00	121.50	WIWA;0.988
126.00	130.50	WIWA;0.928
133.50	138.00	WIWA;0.965
139.50	144.00	WIWA;0.915
145.50	151.50	WIWA;0.973
154.50	172.50	WIWA;0.985
175.50	180.00	WIWA;0.624
183.00	187.50	WIWA;0.541
190.50	196.50	WIWA;0.988
198.00	202.50	WIWA;0.952
204.00	210.00	WIWA;0.990
213.00	217.50	WIWA;0.974
220.50	226.50	WIWA;0.983
228.00	232.50	WIWA;0.954
235.50	241.50	WIWA;0.928
244.50	250.50	WIWA;0.974
255.00	259.50	WIWA;0.500
264.00	270.00	WIWA;0.815
276.00	282.00	WIWA;0.991
286.50	289.50	WIWA;0.500
294.00	300.00	WIWA;0.972
