138.00	142.50	AMAV;0.590
33.00	36.00	AMDI;0.726
3.00	10.50	AMRO;0.675
13.50	18.00	AMRO;0.918
127.50	130.50	AMRO;0.656
265.50	270.00	AMRO;0.652
271.50	276.00	AMRO;0.893
282.00	286.50	AMRO;0.874
168.00	172.50	ATSP;0.689
64.50	67.50	BAOR;0.635
117.00	120.00	BHCO;0.736
64.50	67.50	EABL;0.760
162.00	165.00	EABL;0.910
285.00	288.00	EABL;0.634
28.50	31.50	EATO;0.891
159.00	162.00	FISP;0.542
22.50	27.00	FOSP;0.956
30.00	34.50	FOSP;0.962
37.50	42.00	FOSP;0.729
43.50	49.50	FOSP;0.977
54.00	60.00	FOSP;0.967
69.00	73.50	FOSP;0.983
78.00	82.50	FOSP;0.955
94.50	100.50	FOSP;0.976
6.00	10.50	GWTE;0.609
36.00	40.50	GWTE;0.500
72.00	75.00	GWTE;0.500
124.50	129.00	GWTE;0.781
148.50	156.00	GWTE;0.958
261.00	265.50	GWTE;0.751
271.50	276.00	GWTE;0.577
279.00	291.00	GWTE;0.813
141.00	144.00	HASP;0.540
57.00	60.00	LASP;0.643
10.50	13.50	LISP;0.500
25.50	28.50	LISP;0.500
40.50	45.00	LISP;0.500
48.00	52.50	LISP;0.660
66.00	70.50	LISP;0.595
73.50	78.00	LISP;0.526
82.50	87.00	LISP;0.646
109.50	112.50	LISP;0.500
121.50	126.00	LISP;0.869
147.00	151.50	LISP;0.758
172.50	177.00	LISP;0.647
201.00	204.00	LISP;0.655
214.50	219.00	LISP;0.883
229.50	234.00	LISP;0.753
244.50	249.00	LISP;0.839
261.00	264.00	LISP;0.585
277.50	282.00	LISP;0.955
294.00	298.50	LISP;0.975
135.00	138.00	MAWR;0.575
87.00	91.50	MOCH;0.626
99.00	102.00	MOCH;0.865
168.00	172.50	MOCH;0.770
63.00	66.00	PUFI;0.515
76.50	79.50	RECR;0.634
133.50	136.50	RUTU;0.516
186.00	190.50	RUTU;0.635
213.00	216.00	RUTU;0.870
228.00	231.00	RUTU;0.665
276.00	280.50	RUTU;0.728
292.50	295.50	RUTU;0.645
21.00	24.00	SNBU;0.575
37.50	42.00	SNBU;0.698
12.00	15.00	SUTA;0.520
144.00	148.50	TOSO;0.557
180.00	184.50	TOSO;0.692
46.50	49.50	VATH;0.500
129.00	133.50	VATH;0.977
139.50	144.00	VATH;0.715
171.00	175.50	VATH;0.839
184.50	189.00	VATH;0.983
205.50	210.00	VATH;0.813
211.50	216.00	VATH;0.500
225.00	229.50	VATH;0.840
274.50	277.50	VATH;0.578
3.00	7.50	WEME;0.564
216.00	219.00	WCSP;0.612
25.50	30.00	WTSP;0.500
51.00	55.50	WTSP;0.962
96.00	100.50	WTSP;0.802
106.50	111.00	WTSP;0.987
117.00	123.00	WTSP;0.989
129.00	133.50	WTSP;0.663
156.00	162.00	WTSP;0.985
168.00	172.50	WTSP;0.746
211.50	216.00	WTSP;0.500
61.50	66.00	WWCR;0.567
76.50	79.50	WWCR;0.531
