571.50	574.50	AMDI;0.504
559.50	562.50	AMRO;0.523
340.50	343.50	ATSP;0.542
501.00	504.00	ATSP;0.649
15.00	18.00	BCCH;0.624
226.50	229.50	BCCH;0.518
379.50	382.50	BCCH;0.539
519.00	522.00	BCCH;0.517
10.50	13.50	BTNW;0.529
466.50	469.50	BTNW;0.812
523.50	526.50	BTNW;0.527
61.50	64.50	BHVI;0.884
94.50	100.50	BHVI;0.799
160.50	163.50	BHVI;0.744
184.50	190.50	BHVI;0.589
195.00	198.00	BHVI;0.500
253.50	256.50	BHVI;0.634
292.50	295.50	BHVI;0.500
306.00	309.00	BHVI;0.500
318.00	321.00	BHVI;0.500
364.50	367.50	BHVI;0.521
465.00	468.00	BHVI;0.500
481.50	486.00	BHVI;0.971
487.50	490.50	BHVI;0.500
511.50	514.50	BHVI;0.500
121.50	124.50	BRBL;0.541
532.50	535.50	BRBL;0.634
433.50	436.50	BHCO;0.576
525.00	528.00	BHCO;0.629
444.00	447.00	CONI;0.522
577.50	580.50	DEJU;0.541
592.50	595.50	DUNL;0.520
13.50	16.50	EAME;0.520
1.50	7.50	EATO;0.500
21.00	27.00	EATO;0.500
61.50	66.00	EATO;0.687
72.00	79.50	EATO;0.625
85.50	90.00	EATO;0.500
96.00	100.50	EATO;0.707
108.00	114.00	EATO;0.780
121.50	127.50	EATO;0.757
138.00	145.50	EATO;0.500
148.50	151.50	EATO;0.500
162.00	166.50	EATO;0.500
175.50	178.50	EATO;0.500
183.00	190.50	EATO;0.725
195.00	201.00	EATO;0.812
208.50	211.50	EATO;0.500
222.00	225.00	EATO;0.500
237.00	240.00	EATO;0.500
253.50	258.00	EATO;0.500
279.00	283.50	EATO;0.532
292.50	297.00	EATO;0.596
306.00	310.50	EATO;0.515
318.00	321.00	EATO;0.500
331.50	337.50	EATO;0.500
339.00	342.00	EATO;0.500
349.50	355.50	EATO;0.589
364.50	370.50	EATO;0.544
408.00	412.50	EATO;0.691
429.00	432.00	EATO;0.820
439.50	442.50	EATO;0.642
447.00	450.00	EATO;0.500
462.00	468.00	EATO;0.500
481.50	487.50	EATO;0.529
495.00	498.00	EATO;0.516
499.50	504.00	EATO;0.500
508.50	514.50	EATO;0.500
522.00	525.00	EATO;0.500
529.50	532.50	EATO;0.513
534.00	538.50	EATO;0.640
562.50	565.50	EATO;0.500
574.50	577.50	EATO;0.500
597.00	600.00	EATO;0.500
76.50	79.50	EUST;0.551
30.00	33.00	FISP;0.579
154.50	157.50	FISP;0.870
180.00	183.00	FISP;0.558
189.00	192.00	FISP;0.684
286.50	289.50	FISP;0.551
385.50	388.50	FISP;0.527
1.50	12.00	FOSP;0.965
18.00	25.50	FOSP;0.856
31.50	40.50	FOSP;0.664
42.00	46.50	FOSP;0.963
48.00	52.50	FOSP;0.771
54.00	58.50	FOSP;0.672
63.00	72.00	FOSP;0.925
73.50	84.00	FOSP;0.901
85.50	94.50	FOSP;0.938
96.00	120.00	FOSP;0.973
123.00	133.50	FOSP;0.812
138.00	145.50	FOSP;0.936
148.50	153.00	FOSP;0.858
162.00	169.50	FOSP;0.928
174.00	178.50	FOSP;0.887
181.50	186.00	FOSP;0.865
193.50	199.50	FOSP;0.670
219.00	223.50	FOSP;0.920
234.00	238.50	FOSP;0.612
243.00	247.50	FOSP;0.946
255.00	259.50	FOSP;0.883
270.00	274.50	FOSP;0.826
279.00	283.50	FOSP;0.817
288.00	297.00	FOSP;0.924
303.00	312.00	FOSP;0.631
318.00	328.50	FOSP;0.866
331.50	339.00	FOSP;0.900
340.50	343.50	FOSP;0.500
346.50	354.00	FOSP;0.847
361.50	370.50	FOSP;0.806
376.50	379.50	FOSP;0.500
381.00	385.50	FOSP;0.899
391.50	394.50	FOSP;0.500
397.50	402.00	FOSP;0.737
408.00	420.00	FOSP;0.940
423.00	427.50	FOSP;0.938
430.50	435.00	FOSP;0.958
438.00	445.50	FOSP;0.970
448.50	460.50	FOSP;0.984
463.50	471.00	FOSP;0.988
475.50	504.00	FOSP;0.986
507.00	517.50	FOSP;0.973
522.00	526.50	FOSP;0.982
531.00	543.00	FOSP;0.951
547.50	552.00	FOSP;0.500
555.00	568.50	FOSP;0.834
574.50	579.00	FOSP;0.901
586.50	592.50	FOSP;0.797
597.00	600.00	FOSP;0.742
12.00	16.50	GCSP;0.700
93.00	96.00	GCSP;0.712
186.00	189.00	GCSP;0.582
205.50	208.50	GCSP;0.731
256.50	261.00	GCSP;0.639
345.00	349.50	GCSP;0.789
355.50	358.50	GCSP;0.635
385.50	388.50	GCSP;0.572
397.50	400.50	GCSP;0.893
474.00	477.00	GCSP;0.556
340.50	343.50	HASP;0.659
4.50	7.50	HETH;0.730
24.00	27.00	HETH;0.534
88.50	91.50	HETH;0.556
222.00	225.00	HETH;0.505
226.50	229.50	HETH;0.580
237.00	240.00	HETH;0.605
429.00	432.00	HETH;0.523
529.50	532.50	HETH;0.506
474.00	478.50	HOLA;0.795
301.50	304.50	HOFI;0.522
4.50	7.50	MOCH;0.500
10.50	18.00	MOCH;0.786
22.50	25.50	MOCH;0.500
43.50	49.50	MOCH;0.836
52.50	55.50	MOCH;0.500
57.00	60.00	MOCH;0.500
67.50	72.00	MOCH;0.543
85.50	88.50	MOCH;0.500
91.50	96.00	MOCH;0.597
109.50	114.00	MOCH;0.500
120.00	123.00	MOCH;0.792
139.50	142.50	MOCH;0.500
147.00	150.00	MOCH;0.500
154.50	157.50	MOCH;0.734
174.00	177.00	MOCH;0.644
180.00	183.00	MOCH;0.500
192.00	198.00	MOCH;0.500
202.50	205.50	MOCH;0.917
213.00	216.00	MOCH;0.638
220.50	229.50	MOCH;0.739
238.50	241.50	MOCH;0.647
243.00	246.00	MOCH;0.707
249.00	255.00	MOCH;0.981
292.50	295.50	MOCH;0.500
306.00	313.50	MOCH;0.920
328.50	331.50	MOCH;0.966
352.50	355.50	MOCH;0.500
357.00	361.50	MOCH;0.784
375.00	378.00	MOCH;0.500
379.50	382.50	MOCH;0.500
385.50	388.50	MOCH;0.629
390.00	393.00	MOCH;0.610
396.00	399.00	MOCH;0.738
400.50	403.50	MOCH;0.500
406.50	409.50	MOCH;0.778
415.50	418.50	MOCH;0.550
429.00	432.00	MOCH;0.750
438.00	441.00	MOCH;0.582
448.50	451.50	MOCH;0.516
471.00	474.00	MOCH;0.728
480.00	483.00	MOCH;0.813
529.50	532.50	MOCH;0.763
546.00	549.00	MOCH;0.613
562.50	565.50	MOCH;0.500
577.50	580.50	MOCH;0.500
588.00	591.00	MOCH;0.693
592.50	595.50	MOCH;0.500
69.00	72.00	OSFL;0.551
295.50	298.50	PHVI;0.562
502.50	505.50	REVI;0.551
567.00	570.00	REVI;0.662
444.00	447.00	RWBL;0.581
0.00	4.50	RUGR;0.570
48.00	52.50	RUGR;0.500
55.50	60.00	RUGR;0.500
75.00	78.00	RUGR;0.500
168.00	172.50	RUGR;0.500
184.50	189.00	RUGR;0.504
198.00	202.50	RUGR;0.500
220.50	223.50	RUGR;0.500
226.50	231.00	RUGR;0.500
232.50	235.50	RUGR;0.500
246.00	250.50	RUGR;0.500
265.50	270.00	RUGR;0.725
291.00	300.00	RUGR;0.862
304.50	307.50	RUGR;0.690
316.50	325.50	RUGR;0.500
331.50	334.50	RUGR;0.579
354.00	358.50	RUGR;0.905
364.50	370.50	RUGR;0.821
424.50	429.00	RUGR;0.623
430.50	442.50	RUGR;0.562
579.00	583.50	SAPH;0.667
30.00	36.00	SNBU;0.640
54.00	58.50	SNBU;0.663
75.00	79.50	SNBU;0.772
103.50	109.50	SNBU;0.536
129.00	133.50	SNBU;0.862
168.00	171.00	SNBU;0.500
181.50	186.00	SNBU;0.557
301.50	307.50	SNBU;0.924
361.50	366.00	SNBU;0.524
408.00	412.50	SNBU;0.500
424.50	429.00	SNBU;0.713
432.00	435.00	SNBU;0.500
474.00	480.00	SNBU;0.791
490.50	495.00	SNBU;0.906
546.00	552.00	SNBU;0.886
586.50	591.00	SNBU;0.516
103.50	108.00	SWSP;0.680
25.50	30.00	VATH;0.500
37.50	42.00	VATH;0.910
94.50	99.00	VATH;0.928
147.00	150.00	VATH;0.500
165.00	169.50	VATH;0.870
213.00	216.00	VATH;0.500
264.00	267.00	VATH;0.500
312.00	315.00	VATH;0.500
357.00	360.00	VATH;0.543
402.00	405.00	VATH;0.897
417.00	421.50	VATH;0.500
540.00	544.50	VATH;0.500
555.00	558.00	VATH;0.500
568.50	573.00	VATH;0.974
592.50	597.00	VATH;0.500
432.00	435.00	VESP;0.546
576.00	580.50	VESP;0.911
4.50	7.50	WCSP;0.500
13.50	16.50	WCSP;0.512
18.00	28.50	WCSP;0.645
30.00	34.50	WCSP;0.500
36.00	40.50	WCSP;0.685
49.50	52.50	WCSP;0.500
66.00	72.00	WCSP;0.930
78.00	82.50	WCSP;0.650
88.50	96.00	WCSP;0.703
97.50	105.00	WCSP;0.635
111.00	117.00	WCSP;0.652
126.00	129.00	WCSP;0.500
139.50	142.50	WCSP;0.500
154.50	157.50	WCSP;0.542
163.50	166.50	WCSP;0.500
193.50	198.00	WCSP;0.500
226.50	229.50	WCSP;0.500
321.00	327.00	WCSP;0.500
333.00	336.00	WCSP;0.500
339.00	343.50	WCSP;0.500
348.00	355.50	WCSP;0.500
397.50	402.00	WCSP;0.938
411.00	414.00	WCSP;0.511
415.50	420.00	WCSP;0.500
423.00	427.50	WCSP;0.529
438.00	442.50	WCSP;0.944
453.00	457.50	WCSP;0.500
466.50	469.50	WCSP;0.500
483.00	486.00	WCSP;0.500
507.00	511.50	WCSP;0.992
523.50	528.00	WCSP;0.500
532.50	535.50	WCSP;0.500
538.50	543.00	WCSP;0.500
562.50	568.50	WCSP;0.735
0.00	4.50	WTSP;0.961
12.00	19.50	WTSP;0.884
33.00	39.00	WTSP;0.988
43.50	55.50	WTSP;0.987
58.50	63.00	WTSP;0.990
66.00	70.50	WTSP;0.572
81.00	88.50	WTSP;0.993
91.50	96.00	WTSP;0.594
99.00	103.50	WTSP;0.727
106.50	111.00	WTSP;0.977
114.00	123.00	WTSP;0.996
135.00	141.00	WTSP;0.996
142.50	165.00	WTSP;0.998
168.00	222.00	WTSP;0.999
223.50	253.50	WTSP;0.998
256.50	295.50	WTSP;0.999
297.00	349.50	WTSP;0.999
354.00	391.50	WTSP;0.998
393.00	417.00	WTSP;0.994
418.50	424.50	WTSP;0.994
426.00	430.50	WTSP;0.997
433.50	439.50	WTSP;0.996
445.50	451.50	WTSP;0.986
456.00	462.00	WTSP;0.994
468.00	474.00	WTSP;0.998
477.00	483.00	WTSP;0.989
486.00	492.00	WTSP;0.990
496.50	501.00	WTSP;0.990
505.50	510.00	WTSP;0.991
516.00	522.00	WTSP;0.998
525.00	531.00	WTSP;0.993
541.50	547.50	WTSP;0.995
556.50	561.00	WTSP;0.947
583.50	600.00	WTSP;0.996
361.50	366.00	WWCR;0.590
552.00	555.00	WIWA;0.705
529.50	532.50	YBFL;0.563
