579.00	582.00	AMDI;0.672
558.00	561.00	ATSP;0.587
580.50	583.50	ATSP;0.524
6.00	9.00	BCCH;0.500
12.00	15.00	BCCH;0.500
24.00	27.00	BCCH;0.500
30.00	33.00	BCCH;0.500
37.50	40.50	BCCH;0.559
46.50	49.50	BCCH;0.775
64.50	67.50	BCCH;0.503
70.50	73.50	BCCH;0.500
90.00	93.00	BCCH;0.500
108.00	111.00	BCCH;0.500
114.00	117.00	BCCH;0.615
138.00	142.50	BCCH;0.500
193.50	198.00	BCCH;0.500
223.50	226.50	BCCH;0.500
259.50	262.50	BCCH;0.500
298.50	303.00	BCCH;0.500
360.00	363.00	BCCH;0.821
367.50	370.50	BCCH;0.548
393.00	396.00	BCCH;0.561
409.50	412.50	BCCH;0.632
435.00	438.00	BCCH;0.819
444.00	447.00	BCCH;0.819
517.50	520.50	BCCH;0.701
534.00	537.00	BCCH;0.500
589.50	592.50	BCCH;0.500
201.00	204.00	BTNW;0.592
591.00	595.50	BTNW;0.574
66.00	69.00	BRSP;0.749
82.50	85.50	BRSP;0.734
109.50	112.50	BRSP;0.589
127.50	130.50	BRSP;0.542
151.50	154.50	BRSP;0.721
379.50	382.50	BRSP;0.736
424.50	427.50	BRSP;0.660
430.50	433.50	BRSP;0.636
457.50	460.50	BRSP;0.824
505.50	508.50	BRSP;0.656
229.50	235.50	CHSW;0.777
381.00	384.00	CHSW;0.871
462.00	465.00	CHSW;0.661
499.50	502.50	CHSW;0.742
519.00	522.00	CHSW;0.516
592.50	597.00	CHSW;0.780
0.00	6.00	CHSP;0.989
10.50	15.00	CHSP;0.827
16.50	22.50	CHSP;0.987
25.50	30.00	CHSP;0.980
33.00	37.50	CHSP;0.503
166.50	171.00	CHSP;0.500
210.00	213.00	CHSP;0.500
241.50	244.50	CHSP;0.500
328.50	331.50	CHSP;0.500
342.00	346.50	CHSP;0.500
351.00	354.00	CHSP;0.500
433.50	436.50	CHSP;0.500
498.00	501.00	CHSP;0.500
520.50	526.50	CHSP;0.842
529.50	534.00	CHSP;0.717
583.50	588.00	CCSP;0.687
540.00	543.00	DEJU;0.559
400.50	403.50	DUNL;0.553
315.00	318.00	EAME;0.625
367.50	370.50	EAME;0.662
181.50	184.50	EATO;0.576
246.00	249.00	EATO;0.531
384.00	387.00	EATO;0.529
477.00	480.00	EATO;0.703
67.50	70.50	FISP;0.520
78.00	81.00	FISP;0.631
88.50	91.50	FISP;0.743
123.00	126.00	FISP;0.564
174.00	177.00	FISP;0.537
178.50	183.00	FOSP;0.593
187.50	190.50	FOSP;0.500
198.00	202.50	FOSP;0.500
216.00	220.50	FOSP;0.727
225.00	229.50	FOSP;0.601
234.00	237.00	FOSP;0.500
244.50	247.50	FOSP;0.657
252.00	256.50	FOSP;0.500
274.50	279.00	FOSP;0.960
285.00	288.00	FOSP;0.606
295.50	300.00	FOSP;0.725
306.00	309.00	FOSP;0.500
324.00	328.50	FOSP;0.637
334.50	339.00	FOSP;0.569
355.50	360.00	FOSP;0.903
366.00	370.50	FOSP;0.675
375.00	379.50	FOSP;0.589
430.50	435.00	FOSP;0.500
441.00	445.50	FOSP;0.688
478.50	483.00	FOSP;0.709
490.50	495.00	FOSP;0.572
514.50	519.00	FOSP;0.817
546.00	550.50	FOSP;0.574
556.50	561.00	FOSP;0.746
568.50	573.00	FOSP;0.949
579.00	583.50	FOSP;0.500
591.00	595.50	FOSP;0.725
79.50	82.50	GCSP;0.591
97.50	100.50	GCSP;0.546
171.00	174.00	GCSP;0.748
256.50	261.00	GCSP;0.658
264.00	267.00	GCSP;0.569
270.00	273.00	GCSP;0.642
376.50	379.50	GCSP;0.614
385.50	388.50	GCSP;0.860
418.50	421.50	GCSP;0.703
454.50	459.00	GCSP;0.674
502.50	507.00	GCSP;0.889
526.50	529.50	GCSP;0.698
6.00	9.00	HASP;0.613
27.00	30.00	HASP;0.560
54.00	57.00	HASP;0.748
102.00	105.00	HETH;0.539
4.50	7.50	MOCH;0.728
12.00	15.00	MOCH;0.540
64.50	67.50	MOCH;0.586
94.50	97.50	MOCH;0.583
130.50	133.50	MOCH;0.507
138.00	141.00	MOCH;0.937
193.50	198.00	MOCH;0.672
259.50	262.50	MOCH;0.743
319.50	322.50	MOCH;0.583
340.50	345.00	MOCH;0.918
352.50	355.50	MOCH;0.742
388.50	391.50	OCWA;0.677
555.00	558.00	RWBL;0.604
1.50	4.50	ROWR;0.637
93.00	96.00	ROWR;0.525
79.50	84.00	RUGR;0.561
486.00	490.50	RUGR;0.563
556.50	561.00	RUGR;0.802
562.50	565.50	RUGR;0.552
235.50	238.50	RUBL;0.638
546.00	549.00	SNBU;0.539
222.00	226.50	SOSA;0.621
531.00	535.50	SOSA;0.621
451.50	454.50	SPSA;0.622
558.00	561.00	SPGR;0.616
183.00	186.00	SWSP;0.587
231.00	234.00	SWSP;0.581
253.50	258.00	SWSP;0.811
312.00	315.00	SWSP;0.542
357.00	360.00	SWSP;0.511
364.50	369.00	SWSP;0.663
372.00	376.50	SWSP;0.714
378.00	382.50	SWSP;0.584
546.00	549.00	SWSP;0.546
564.00	567.00	SWSP;0.560
594.00	597.00	SWSP;0.736
432.00	436.50	VESP;0.521
114.00	117.00	WEWP;0.520
237.00	240.00	WEWP;0.563
589.50	592.50	WEWP;0.698
0.00	4.50	WCSP;0.990
7.50	12.00	WCSP;0.965
15.00	19.50	WCSP;0.984
24.00	28.50	WCSP;0.922
30.00	36.00	WCSP;0.990
37.50	43.50	WCSP;0.991
48.00	52.50	WCSP;0.987
55.50	60.00	WCSP;0.978
64.50	67.50	WCSP;0.955
70.50	76.50	WCSP;0.988
79.50	84.00	WCSP;0.983
90.00	103.50	WCSP;0.984
106.50	111.00	WCSP;0.946
115.50	120.00	WCSP;0.991
124.50	130.50	WCSP;0.985
132.00	138.00	WCSP;0.971
139.50	145.50	WCSP;0.991
148.50	154.50	WCSP;0.993
159.00	165.00	WCSP;0.919
175.50	181.50	WCSP;0.994
184.50	190.50	WCSP;0.967
201.00	205.50	WCSP;0.973
207.00	211.50	WCSP;0.637
214.50	219.00	WCSP;0.522
258.00	262.50	WCSP;0.608
270.00	276.00	WCSP;0.992
306.00	309.00	WCSP;0.500
337.50	342.00	WCSP;0.878
345.00	351.00	WCSP;0.993
354.00	358.50	WCSP;0.990
361.50	366.00	WCSP;0.990
369.00	373.50	WCSP;0.993
376.50	382.50	WCSP;0.982
385.50	390.00	WCSP;0.992
394.50	399.00	WCSP;0.994
402.00	406.50	WCSP;0.992
411.00	415.50	WCSP;0.992
418.50	424.50	WCSP;0.992
427.50	432.00	WCSP;0.984
433.50	441.00	WCSP;0.986
445.50	450.00	WCSP;0.976
454.50	460.50	WCSP;0.991
465.00	469.50	WCSP;0.986
474.00	478.50	WCSP;0.993
483.00	487.50	WCSP;0.992
490.50	498.00	WCSP;0.993
502.50	507.00	WCSP;0.984
511.50	516.00	WCSP;0.976
519.00	523.50	WCSP;0.984
526.50	531.00	WCSP;0.994
534.00	538.50	WCSP;0.717
541.50	546.00	WCSP;0.987
570.00	574.50	WCSP;0.903
576.00	580.50	WCSP;0.983
583.50	588.00	WCSP;0.709
591.00	594.00	WCSP;0.690
597.00	600.00	WCSP;0.930
4.50	13.50	WTSP;0.943
18.00	40.50	WTSP;0.990
49.50	58.50	WTSP;0.991
60.00	91.50	WTSP;0.997
93.00	96.00	WTSP;0.581
97.50	115.50	WTSP;0.986
118.50	129.00	WTSP;0.992
130.50	139.50	WTSP;0.969
142.50	166.50	WTSP;0.995
168.00	177.00	WTSP;0.994
181.50	198.00	WTSP;0.994
204.00	228.00	WTSP;0.995
247.50	255.00	WTSP;0.992
256.50	270.00	WTSP;0.997
279.00	282.00	WTSP;0.500
288.00	292.50	WTSP;0.664
298.50	303.00	WTSP;0.549
307.50	312.00	WTSP;0.926
316.50	321.00	WTSP;0.986
340.50	345.00	WTSP;0.504
352.50	355.50	WTSP;0.500
363.00	367.50	WTSP;0.941
376.50	379.50	WTSP;0.500
393.00	396.00	WTSP;0.500
409.50	412.50	WTSP;0.500
418.50	421.50	WTSP;0.609
466.50	469.50	WTSP;0.500
502.50	505.50	WTSP;0.598
517.50	520.50	WTSP;0.500
210.00	213.00	WIWA;0.608
231.00	234.00	WIWA;0.733
237.00	243.00	WIWA;0.973
244.50	249.00	WIWA;0.847
252.00	258.00	WIWA;0.936
264.00	268.50	WIWA;0.981
274.50	280.50	WIWA;0.980
285.00	289.50	WIWA;0.991
292.50	298.50	WIWA;0.985
303.00	309.00	WIWA;0.983
312.00	316.50	WIWA;0.856
325.50	330.00	WIWA;0.989
334.50	340.50	WIWA;0.976
346.50	351.00	WIWA;0.933
357.00	361.50	WIWA;0.959
364.50	369.00	WIWA;0.823
372.00	376.50	WIWA;0.770
378.00	382.50	WIWA;0.658
387.00	391.50	WIWA;0.609
397.50	402.00	WIWA;0.988
405.00	411.00	WIWA;0.970
414.00	420.00	WIWA;0.983
421.50	426.00	WIWA;0.987
429.00	433.50	WIWA;0.960
438.00	442.50	WIWA;0.959
445.50	448.50	WIWA;0.500
453.00	457.50	WIWA;0.984
462.00	468.00	WIWA;0.977
471.00	475.50	WIWA;0.992
478.50	484.50	WIWA;0.990
486.00	490.50	WIWA;0.980
492.00	496.50	WIWA;0.959
499.50	510.00	WIWA;0.993
513.00	520.50	WIWA;0.972
523.50	529.50	WIWA;0.988
534.00	538.50	WIWA;0.986
544.50	556.50	WIWA;0.989
561.00	565.50	WIWA;0.967
571.50	576.00	WIWA;0.986
580.50	589.50	WIWA;0.992
