21.00	24.00	AMDI;0.519
42.00	46.50	AMDI;0.867
57.00	60.00	AMDI;0.500
213.00	216.00	AMDI;0.776
298.50	303.00	AMDI;0.634
312.00	316.50	AMDI;0.624
37.50	42.00	AMGP;0.621
154.50	157.50	AMGP;0.539
181.50	186.00	AMGP;0.833
297.00	300.00	AMGP;0.637
15.00	19.50	AMRO;0.573
37.50	42.00	AMRO;0.500
118.50	123.00	AMRO;0.621
126.00	135.00	AMRO;0.674
138.00	142.50	AMRO;0.841
147.00	160.50	AMRO;0.977
163.50	175.50	AMRO;0.993
177.00	187.50	AMRO;0.583
192.00	198.00	AMRO;0.743
205.50	210.00	AMRO;0.955
214.50	220.50	AMRO;0.940
222.00	240.00	AMRO;0.979
244.50	252.00	AMRO;0.981
258.00	262.50	AMRO;0.857
264.00	276.00	AMRO;0.989
277.50	283.50	AMRO;0.989
285.00	289.50	AMRO;0.515
292.50	301.50	AMRO;0.959
349.50	354.00	AMRO;0.560
177.00	180.00	BAOR;0.606
220.50	223.50	BAOR;0.929
510.00	513.00	BLTU;0.521
3.00	6.00	CHSW;0.500
7.50	12.00	CHSW;0.536
13.50	19.50	CHSW;0.500
28.50	33.00	CHSW;0.500
34.50	39.00	CHSW;0.500
40.50	43.50	CHSW;0.500
46.50	55.50	CHSW;0.789
58.50	69.00	CHSW;0.825
73.50	78.00	CHSW;0.700
81.00	84.00	CHSW;0.500
91.50	96.00	CHSW;0.558
103.50	111.00	CHSW;0.500
166.50	171.00	CHSW;0.679
180.00	184.50	CHSW;0.654
220.50	225.00	CHSW;0.552
235.50	238.50	CHSW;0.500
249.00	253.50	CHSW;0.632
255.00	259.50	CHSW;0.565
270.00	274.50	CHSW;0.500
279.00	283.50	CHSW;0.500
291.00	294.00	CHSW;0.500
300.00	306.00	CHSW;0.500
307.50	312.00	CHSW;0.664
318.00	328.50	CHSW;0.685
333.00	342.00	CHSW;0.596
345.00	349.50	CHSW;0.713
351.00	355.50	CHSW;0.500
360.00	364.50	CHSW;0.500
378.00	387.00	CHSW;0.624
396.00	399.00	CHSW;0.500
496.50	501.00	CHSW;0.595
564.00	568.50	CHSW;0.500
141.00	145.50	CHSP;0.828
304.50	310.50	CHSP;0.872
318.00	322.50	CHSP;0.657
438.00	442.50	CHSP;0.541
520.50	525.00	CCSP;0.630
169.50	172.50	DEJU;0.503
177.00	180.00	DEJU;0.692
252.00	255.00	DEJU;0.613
298.50	301.50	DEJU;0.562
324.00	327.00	DEJU;0.598
328.50	331.50	DEJU;0.776
354.00	358.50	DEJU;0.561
375.00	378.00	DEJU;0.840
438.00	442.50	DEJU;0.532
453.00	457.50	DEJU;0.518
478.50	483.00	DEJU;0.640
496.50	499.50	DEJU;0.577
210.00	213.00	EATO;0.501
412.50	415.50	EATO;0.572
427.50	432.00	EATO;0.634
592.50	600.00	EAWP;0.612
24.00	27.00	FOSP;0.500
51.00	55.50	FOSP;0.986
96.00	99.00	FOSP;0.500
151.50	156.00	FOSP;0.500
207.00	211.50	FOSP;0.535
237.00	240.00	FOSP;0.500
342.00	348.00	FOSP;0.711
369.00	372.00	FOSP;0.500
418.50	421.50	FOSP;0.513
435.00	439.50	FOSP;0.823
442.50	445.50	FOSP;0.500
450.00	454.50	FOSP;0.669
457.50	463.50	FOSP;0.976
466.50	469.50	FOSP;0.500
138.00	141.00	GWTE;0.559
150.00	153.00	GWTE;0.571
172.50	175.50	GWTE;0.500
181.50	184.50	GWTE;0.622
562.50	568.50	HASP;0.865
447.00	450.00	HETH;0.656
574.50	577.50	HETH;0.612
481.50	486.00	HOLA;0.554
85.50	88.50	HOWR;0.601
150.00	153.00	HOWR;0.627
144.00	147.00	LASP;0.604
237.00	240.00	LASP;0.535
6.00	10.50	LISP;0.855
18.00	22.50	LISP;0.995
30.00	34.50	LISP;0.978
43.50	48.00	LISP;0.500
57.00	60.00	LISP;0.605
70.50	75.00	LISP;0.953
82.50	87.00	LISP;0.978
90.00	96.00	LISP;0.995
100.50	105.00	LISP;0.974
109.50	117.00	LISP;0.980
118.50	121.50	LISP;0.750
127.50	130.50	LISP;0.551
132.00	136.50	LISP;0.975
142.50	148.50	LISP;0.901
150.00	156.00	LISP;0.983
159.00	165.00	LISP;0.986
169.50	177.00	LISP;0.995
178.50	183.00	LISP;0.915
184.50	192.00	LISP;0.992
196.50	202.50	LISP;0.882
213.00	217.50	LISP;0.632
240.00	244.50	LISP;0.985
253.50	258.00	LISP;0.976
268.50	273.00	LISP;0.823
300.00	303.00	LISP;0.500
313.50	316.50	LISP;0.500
327.00	331.50	LISP;0.879
343.50	348.00	LISP;0.500
355.50	358.50	LISP;0.500
370.50	375.00	LISP;0.634
384.00	390.00	LISP;0.995
399.00	403.50	LISP;0.989
412.50	418.50	LISP;0.749
427.50	432.00	LISP;0.725
444.00	448.50	LISP;0.985
460.50	465.00	LISP;0.974
475.50	480.00	LISP;0.903
489.00	493.50	LISP;0.974
543.00	546.00	LISP;0.500
558.00	562.50	LISP;0.537
55.50	58.50	LOSH;0.669
157.50	160.50	NOWA;0.606
0.00	3.00	OCWA;0.886
40.50	46.50	OCWA;0.692
76.50	81.00	OCWA;0.884
135.00	139.50	OCWA;0.975
157.50	160.50	OCWA;0.500
168.00	171.00	OCWA;0.500
177.00	180.00	OCWA;0.500
183.00	186.00	OCWA;0.500
190.50	195.00	OCWA;0.793
202.50	208.50	OCWA;0.757
210.00	222.00	OCWA;0.927
223.50	235.50	OCWA;0.898
241.50	247.50	OCWA;0.843
252.00	255.00	OCWA;0.500
256.50	262.50	OCWA;0.854
265.50	268.50	OCWA;0.500
280.50	285.00	OCWA;0.949
289.50	294.00	OCWA;0.738
303.00	307.50	OCWA;0.526
310.50	315.00	OCWA;0.822
316.50	322.50	OCWA;0.955
324.00	328.50	OCWA;0.744
330.00	336.00	OCWA;0.952
339.00	342.00	OCWA;0.500
343.50	346.50	OCWA;0.500
348.00	352.50	OCWA;0.931
354.00	360.00	OCWA;0.659
363.00	367.50	OCWA;0.593
372.00	378.00	OCWA;0.602
381.00	385.50	OCWA;0.975
388.50	394.50	OCWA;0.838
397.50	402.00	OCWA;0.981
415.50	420.00	OCWA;0.774
421.50	427.50	OCWA;0.903
430.50	436.50	OCWA;0.547
438.00	442.50	OCWA;0.684
447.00	451.50	OCWA;0.936
453.00	459.00	OCWA;0.928
463.50	468.00	OCWA;0.819
469.50	475.50	OCWA;0.987
478.50	483.00	OCWA;0.538
486.00	499.50	OCWA;0.802
519.00	523.50	OCWA;0.849
528.00	532.50	OCWA;0.560
537.00	541.50	OCWA;0.966
544.50	549.00	OCWA;0.717
552.00	556.50	OCWA;0.616
561.00	565.50	OCWA;0.957
568.50	571.50	OCWA;0.500
576.00	580.50	OCWA;0.782
585.00	588.00	OCWA;0.500
592.50	598.50	OCWA;0.641
0.00	4.50	PISI;0.835
186.00	205.50	PISI;0.998
286.50	297.00	PISI;0.997
351.00	355.50	PISI;0.555
499.50	558.00	PISI;0.998
568.50	600.00	PISI;0.997
174.00	177.00	PUFI;0.714
184.50	187.50	PUFI;0.768
252.00	255.00	PUFI;0.520
256.50	259.50	PUFI;0.621
283.50	288.00	PUFI;0.597
16.50	19.50	REVI;0.506
108.00	112.50	ROWR;0.878
180.00	183.00	ROWR;0.527
186.00	189.00	ROWR;0.838
21.00	24.00	RUGR;0.508
34.50	37.50	RUGR;0.502
82.50	85.50	RUGR;0.564
150.00	159.00	RUGR;0.705
205.50	208.50	RUGR;0.657
430.50	433.50	RUGR;0.598
487.50	492.00	RUGR;0.836
505.50	510.00	RUGR;0.605
129.00	133.50	RUBL;0.797
238.50	241.50	RUBL;0.688
285.00	288.00	SAND;0.531
418.50	421.50	SOSP;0.561
330.00	333.00	SPSA;0.506
3.00	19.50	SWSP;0.913
28.50	31.50	SWSP;0.575
34.50	39.00	SWSP;0.500
40.50	45.00	SWSP;0.787
48.00	57.00	SWSP;0.885
60.00	72.00	SWSP;0.902
75.00	91.50	SWSP;0.925
93.00	97.50	SWSP;0.909
99.00	111.00	SWSP;0.974
114.00	118.50	SWSP;0.629
124.50	127.50	SWSP;0.621
130.50	135.00	SWSP;0.516
162.00	172.50	SWSP;0.500
175.50	180.00	SWSP;0.586
181.50	186.00	SWSP;0.500
204.00	208.50	SWSP;0.500
219.00	225.00	SWSP;0.502
234.00	237.00	SWSP;0.500
243.00	247.50	SWSP;0.763
249.00	255.00	SWSP;0.751
256.50	259.50	SWSP;0.500
262.50	270.00	SWSP;0.656
271.50	277.50	SWSP;0.898
282.00	286.50	SWSP;0.887
295.50	315.00	SWSP;0.798
318.00	331.50	SWSP;0.639
333.00	369.00	SWSP;0.763
370.50	382.50	SWSP;0.721
390.00	394.50	SWSP;0.735
405.00	409.50	SWSP;0.704
415.50	420.00	SWSP;0.500
424.50	427.50	SWSP;0.500
430.50	435.00	SWSP;0.537
454.50	457.50	SWSP;0.500
472.50	475.50	SWSP;0.500
478.50	483.00	SWSP;0.520
486.00	490.50	SWSP;0.500
492.00	499.50	SWSP;0.923
549.00	552.00	SWSP;0.500
559.50	562.50	SWSP;0.500
564.00	571.50	SWSP;0.625
582.00	588.00	SWSP;0.600
592.50	597.00	SWSP;0.521
586.50	589.50	TRES;0.517
184.50	187.50	WWCR;0.550
234.00	237.00	WWCR;0.628
61.50	64.50	WIWA;0.500
139.50	144.00	YBFL;0.612
340.50	345.00	YRWA;0.950
