234.00	237.00	AMDI;0.603
429.00	432.00	AMDI;0.526
64.50	67.50	AMRO;0.559
577.50	580.50	AMRO;0.588
43.50	48.00	BCCH;0.606
135.00	138.00	BCCH;0.708
45.00	48.00	BRBL;0.560
174.00	177.00	BRBL;0.623
345.00	348.00	BRBL;0.644
160.50	163.50	CARW;0.512
312.00	315.00	CARW;0.513
396.00	399.00	CARW;0.623
58.50	61.50	CATE;0.507
535.50	538.50	CATE;0.589
202.50	208.50	CHSW;0.557
222.00	225.00	CHSW;0.520
286.50	291.00	CHSW;0.765
553.50	559.50	CHSW;0.606
4.50	9.00	CHSP;0.620
13.50	16.50	CHSP;0.500
25.50	28.50	CHSP;0.500
34.50	37.50	CHSP;0.530
49.50	55.50	CHSP;0.781
72.00	75.00	CHSP;0.551
81.00	85.50	CHSP;0.794
93.00	96.00	CHSP;0.580
99.00	105.00	CHSP;0.875
127.50	133.50	CHSP;0.736
147.00	151.50	CHSP;0.704
157.50	163.50	CHSP;0.797
178.50	184.50	CHSP;0.865
189.00	193.50	CHSP;0.694
201.00	205.50	CHSP;0.515
211.50	217.50	CHSP;0.805
223.50	228.00	CHSP;0.629
240.00	246.00	CHSP;0.864
250.50	256.50	CHSP;0.757
259.50	264.00	CHSP;0.894
277.50	283.50	CHSP;0.927
288.00	294.00	CHSP;0.703
298.50	307.50	CHSP;0.920
312.00	318.00	CHSP;0.876
322.50	328.50	CHSP;0.914
333.00	339.00	CHSP;0.937
342.00	348.00	CHSP;0.654
364.50	370.50	CHSP;0.849
375.00	381.00	CHSP;0.832
384.00	388.50	CHSP;0.688
393.00	399.00	CHSP;0.792
403.50	406.50	CHSP;0.500
411.00	415.50	CHSP;0.675
421.50	426.00	CHSP;0.759
438.00	444.00	CHSP;0.828
456.00	460.50	CHSP;0.500
462.00	469.50	CHSP;0.990
474.00	481.50	CHSP;0.980
486.00	492.00	CHSP;0.961
495.00	502.50	CHSP;0.986
505.50	511.50	CHSP;0.981
514.50	522.00	CHSP;0.975
526.50	532.50	CHSP;0.971
537.00	543.00	CHSP;0.988
547.50	553.50	CHSP;0.987
558.00	564.00	CHSP;0.934
568.50	576.00	CHSP;0.993
579.00	586.50	CHSP;0.987
589.50	597.00	CHSP;0.974
363.00	366.00	CONI;0.562
322.50	325.50	DEJU;0.523
460.50	463.50	DEJU;0.688
27.00	30.00	EAME;0.637
166.50	171.00	EAME;0.715
582.00	586.50	EAME;0.869
588.00	591.00	EAME;0.506
3.00	6.00	EATO;0.500
31.50	34.50	EATO;0.500
54.00	57.00	EATO;0.500
67.50	70.50	EATO;0.500
84.00	87.00	EATO;0.639
91.50	97.50	EATO;0.510
184.50	187.50	EATO;0.500
196.50	199.50	EATO;0.554
207.00	210.00	EATO;0.500
217.50	220.50	EATO;0.500
229.50	237.00	EATO;0.731
255.00	259.50	EATO;0.839
268.50	271.50	EATO;0.500
294.00	298.50	EATO;0.795
304.50	309.00	EATO;0.501
318.00	321.00	EATO;0.785
330.00	333.00	EATO;0.889
346.50	349.50	EATO;0.500
358.50	361.50	EATO;0.913
385.50	390.00	EATO;0.816
399.00	406.50	EATO;0.934
417.00	423.00	EATO;0.639
444.00	447.00	EATO;0.500
456.00	465.00	EATO;0.730
499.50	502.50	EATO;0.500
513.00	517.50	EATO;0.830
531.00	534.00	EATO;0.500
544.50	547.50	EATO;0.500
558.00	561.00	EATO;0.500
571.50	577.50	EATO;0.500
336.00	339.00	EAWP;0.554
355.50	358.50	EVGR;0.708
3.00	7.50	FOSP;0.625
10.50	18.00	FOSP;0.953
22.50	36.00	FOSP;0.923
37.50	73.50	FOSP;0.972
75.00	81.00	FOSP;0.961
85.50	100.50	FOSP;0.881
106.50	111.00	FOSP;0.548
118.50	124.50	FOSP;0.944
130.50	135.00	FOSP;0.935
138.00	142.50	FOSP;0.808
148.50	153.00	FOSP;0.874
166.50	172.50	FOSP;0.726
175.50	180.00	FOSP;0.969
183.00	190.50	FOSP;0.977
196.50	202.50	FOSP;0.945
207.00	213.00	FOSP;0.968
219.00	223.50	FOSP;0.962
231.00	235.50	FOSP;0.948
243.00	247.50	FOSP;0.947
256.50	261.00	FOSP;0.833
268.50	273.00	FOSP;0.979
280.50	288.00	FOSP;0.950
294.00	300.00	FOSP;0.959
301.50	310.50	FOSP;0.978
319.50	324.00	FOSP;0.898
331.50	339.00	FOSP;0.939
346.50	357.00	FOSP;0.973
360.00	364.50	FOSP;0.979
372.00	376.50	FOSP;0.993
387.00	393.00	FOSP;0.904
405.00	409.50	FOSP;0.950
412.50	415.50	FOSP;0.500
417.00	423.00	FOSP;0.962
430.50	436.50	FOSP;0.980
444.00	450.00	FOSP;0.976
456.00	462.00	FOSP;0.963
468.00	472.50	FOSP;0.986
483.00	490.50	FOSP;0.958
496.50	505.50	FOSP;0.954
508.50	513.00	FOSP;0.671
514.50	519.00	FOSP;0.848
523.50	526.50	FOSP;0.500
531.00	535.50	FOSP;0.940
544.50	552.00	FOSP;0.955
558.00	562.50	FOSP;0.885
571.50	576.00	FOSP;0.933
588.00	592.50	FOSP;0.816
595.50	600.00	FOSP;0.801
226.50	231.00	GCSP;0.964
354.00	357.00	GCSP;0.514
49.50	52.50	HAFL;0.538
40.50	43.50	HETH;0.745
94.50	97.50	HETH;0.735
330.00	333.00	HETH;0.507
337.50	340.50	HETH;0.620
342.00	346.50	HETH;0.835
565.50	570.00	HOFI;0.557
414.00	417.00	LASP;0.564
72.00	75.00	MOCH;0.500
82.50	87.00	MOCH;0.761
93.00	96.00	MOCH;0.500
105.00	108.00	MOCH;0.879
117.00	121.50	MOCH;0.649
135.00	138.00	MOCH;0.500
144.00	147.00	MOCH;0.713
154.50	157.50	MOCH;0.500
171.00	177.00	MOCH;0.649
183.00	186.00	MOCH;0.500
225.00	228.00	MOCH;0.858
286.50	289.50	MOCH;0.500
318.00	321.00	MOCH;0.500
328.50	333.00	MOCH;0.764
343.50	346.50	MOCH;0.500
370.50	373.50	MOCH;0.500
459.00	462.00	MOCH;0.500
9.00	12.00	NOFL;0.585
141.00	144.00	NRWS;0.825
472.50	475.50	OROR;0.549
169.50	172.50	PHVI;0.518
397.50	400.50	RWBL;0.772
402.00	405.00	RWBL;0.659
415.50	418.50	RWBL;0.663
441.00	445.50	RWBL;0.706
463.50	469.50	RWBL;0.668
529.50	532.50	RWBL;0.516
9.00	12.00	RUGR;0.811
528.00	532.50	RUGR;0.642
25.50	28.50	SAPH;0.511
205.50	210.00	SNBU;0.577
262.50	267.00	SNBU;0.746
282.00	285.00	SNBU;0.612
352.50	357.00	SNBU;0.593
388.50	391.50	SNBU;0.608
412.50	415.50	SNBU;0.811
472.50	477.00	SNBU;0.623
516.00	519.00	SNBU;0.528
564.00	568.50	SNBU;0.693
561.00	564.00	SPTO;0.560
247.50	250.50	SWSP;0.585
1.50	4.50	VATH;0.893
40.50	43.50	VATH;0.908
151.50	156.00	VATH;0.944
223.50	226.50	VATH;0.508
121.50	124.50	VESP;0.626
232.50	235.50	VESP;0.623
244.50	247.50	VESP;0.500
516.00	519.00	VESP;0.518
523.50	528.00	VESP;0.587
298.50	301.50	VGSW;0.564
9.00	12.00	WHIM;0.712
15.00	19.50	WHIM;0.629
27.00	33.00	WCSP;0.544
37.50	42.00	WCSP;0.558
46.50	51.00	WCSP;0.500
55.50	60.00	WCSP;0.969
61.50	64.50	WCSP;0.511
66.00	70.50	WCSP;0.769
85.50	90.00	WCSP;0.699
96.00	100.50	WCSP;0.500
106.50	111.00	WCSP;0.889
120.00	124.50	WCSP;0.500
139.50	142.50	WCSP;0.576
150.00	154.50	WCSP;0.658
192.00	195.00	WCSP;0.982
232.50	235.50	WCSP;0.500
244.50	247.50	WCSP;0.500
285.00	288.00	WCSP;0.500
321.00	324.00	WCSP;0.500
333.00	340.50	WCSP;0.596
390.00	394.50	WCSP;0.500
429.00	432.00	WCSP;0.772
447.00	450.00	WCSP;0.500
459.00	462.00	WCSP;0.500
0.00	3.00	WTSP;0.913
18.00	24.00	WTSP;0.986
28.50	33.00	WTSP;0.687
34.50	39.00	WTSP;0.670
43.50	48.00	WTSP;0.778
54.00	58.50	WTSP;0.952
61.50	69.00	WTSP;0.982
72.00	78.00	WTSP;0.900
82.50	85.50	WTSP;0.508
99.00	103.50	WTSP;0.775
106.50	112.50	WTSP;0.924
117.00	120.00	WTSP;0.500
127.50	132.00	WTSP;0.712
135.00	141.00	WTSP;0.961
144.00	150.00	WTSP;0.992
154.50	160.50	WTSP;0.992
171.00	175.50	WTSP;0.940
183.00	187.50	WTSP;0.873
190.50	195.00	WTSP;0.903
201.00	207.00	WTSP;0.985
213.00	217.50	WTSP;0.961
225.00	232.50	WTSP;0.881
240.00	244.50	WTSP;0.969
250.50	256.50	WTSP;0.989
259.50	264.00	WTSP;0.505
267.00	271.50	WTSP;0.610
279.00	283.50	WTSP;0.756
286.50	294.00	WTSP;0.979
300.00	304.50	WTSP;0.981
310.50	315.00	WTSP;0.987
355.50	361.50	WTSP;0.614
471.00	474.00	WIFL;0.789
534.00	537.00	WIFL;0.611
184.50	189.00	WIWA;0.627
199.50	207.00	WIWA;0.970
214.50	219.00	WIWA;0.991
222.00	226.50	WIWA;0.715
229.50	232.50	WIWA;0.500
237.00	241.50	WIWA;0.902
246.00	253.50	WIWA;0.991
255.00	262.50	WIWA;0.973
264.00	270.00	WIWA;0.825
289.50	294.00	WIWA;0.838
295.50	300.00	WIWA;0.898
307.50	312.00	WIWA;0.990
525.00	529.50	WIWA;0.611
532.50	537.00	WIWA;0.994
544.50	549.00	WIWA;0.952
552.00	559.50	WIWA;0.990
567.00	577.50	WIWA;0.990
589.50	594.00	WIWA;0.934
