10.50	13.50	AMGP;0.561
4.50	15.00	AMRO;0.589
21.00	27.00	AMRO;0.905
28.50	40.50	AMRO;0.535
42.00	87.00	AMRO;0.999
90.00	100.50	AMRO;0.730
103.50	106.50	AMRO;0.500
142.50	147.00	AMRO;0.709
156.00	159.00	AMRO;0.500
165.00	168.00	AMRO;0.500
177.00	181.50	AMRO;0.798
193.50	198.00	AMRO;0.500
202.50	207.00	AMRO;0.500
256.50	259.50	AMRO;0.500
267.00	279.00	AMRO;0.961
295.50	300.00	AMRO;0.976
34.50	39.00	BAOR;0.577
55.50	58.50	BEWR;0.665
40.50	43.50	BLOY;0.507
10.50	13.50	BCCH;0.502
223.50	226.50	BCCH;0.702
246.00	249.00	BCCH;0.726
282.00	285.00	BCCH;0.895
126.00	129.00	BHGR;0.644
6.00	9.00	BUOR;0.562
150.00	153.00	CHSP;0.572
208.50	211.50	CCSP;0.551
198.00	201.00	CONI;0.684
229.50	232.50	DEJU;0.582
21.00	24.00	EABL;0.665
120.00	123.00	EABL;0.532
105.00	108.00	EATO;0.562
0.00	3.00	FOSP;0.888
96.00	99.00	FOSP;0.607
195.00	199.50	FOSP;0.852
219.00	222.00	FOSP;0.565
252.00	255.00	FOSP;0.674
58.50	61.50	GCSP;0.668
127.50	130.50	GCSP;0.516
133.50	136.50	GCSP;0.513
138.00	141.00	GCSP;0.639
186.00	189.00	GCSP;0.574
205.50	210.00	GCSP;0.818
241.50	244.50	GCSP;0.519
250.50	261.00	GCSP;0.831
277.50	280.50	GCSP;0.723
10.50	13.50	GWTE;0.560
37.50	40.50	HASP;0.593
15.00	18.00	HETH;0.585
78.00	82.50	HETH;0.620
142.50	145.50	HETH;0.649
150.00	153.00	HETH;0.704
252.00	255.00	LALO;0.539
1.50	4.50	LASP;0.515
159.00	163.50	LASP;0.587
1.50	6.00	LISP;0.737
12.00	16.50	LISP;0.593
67.50	70.50	LISP;0.500
81.00	85.50	LISP;0.588
87.00	97.50	LISP;0.987
99.00	126.00	LISP;0.996
127.50	132.00	LISP;0.838
147.00	151.50	LISP;0.934
160.50	165.00	LISP;0.804
174.00	178.50	LISP;0.542
189.00	192.00	LISP;0.500
199.50	202.50	LISP;0.500
210.00	220.50	LISP;0.988
222.00	232.50	LISP;0.982
276.00	280.50	LISP;0.765
295.50	300.00	LISP;0.947
21.00	25.50	MOCH;0.844
40.50	43.50	MOCH;0.583
45.00	49.50	MOCH;0.740
51.00	54.00	MOCH;0.572
142.50	147.00	MOCH;0.949
151.50	154.50	MOCH;0.772
15.00	18.00	OSFL;0.615
85.50	88.50	REVI;0.532
264.00	273.00	RBGR;0.820
25.50	28.50	RCKI;0.523
177.00	180.00	RUBL;0.512
190.50	193.50	SNBU;0.610
280.50	283.50	SNBU;0.555
36.00	39.00	TOSO;0.502
58.50	61.50	TOSO;0.532
88.50	96.00	TOSO;0.857
100.50	103.50	TOSO;0.549
228.00	231.00	TOSO;0.512
234.00	238.50	TOSO;0.558
7.50	10.50	VATH;0.608
154.50	157.50	VATH;0.536
169.50	174.00	VATH;0.810
276.00	279.00	VESP;0.520
27.00	30.00	WAVI;0.637
16.50	21.00	WCSP;0.512
48.00	58.50	WCSP;0.993
60.00	79.50	WCSP;0.975
81.00	90.00	WCSP;0.979
91.50	112.50	WCSP;0.993
114.00	118.50	WCSP;0.973
120.00	144.00	WCSP;0.996
174.00	178.50	WCSP;0.654
181.50	198.00	WCSP;0.993
201.00	211.50	WCSP;0.995
213.00	216.00	WCSP;0.746
219.00	229.50	WCSP;0.997
231.00	235.50	WCSP;0.993
237.00	241.50	WCSP;0.991
243.00	258.00	WCSP;0.994
259.50	270.00	WCSP;0.991
273.00	282.00	WCSP;0.997
283.50	298.50	WCSP;0.997
1.50	12.00	WTSP;0.788
13.50	42.00	WTSP;0.994
51.00	55.50	WTSP;0.709
60.00	63.00	WTSP;0.500
69.00	72.00	WTSP;0.500
73.50	78.00	WTSP;0.500
79.50	82.50	WTSP;0.500
88.50	93.00	WTSP;0.818
97.50	102.00	WTSP;0.903
105.00	121.50	WTSP;0.984
123.00	136.50	WTSP;0.973
138.00	148.50	WTSP;0.860
151.50	184.50	WTSP;0.998
186.00	190.50	WTSP;0.949
192.00	195.00	WTSP;0.583
196.50	202.50	WTSP;0.938
204.00	210.00	WTSP;0.900
211.50	222.00	WTSP;0.983
232.50	249.00	WTSP;0.997
250.50	255.00	WTSP;0.835
256.50	262.50	WTSP;0.957
265.50	268.50	WTSP;0.500
270.00	273.00	WTSP;0.500
283.50	295.50	WTSP;0.976
22.50	27.00	WIWA;0.983
231.00	235.50	WIWA;0.751
241.50	246.00	WIWA;0.865
249.00	253.50	WIWA;0.636
256.50	261.00	WIWA;0.978
262.50	267.00	WIWA;0.845
270.00	274.50	WIWA;0.975
285.00	289.50	WIWA;0.978
295.50	298.50	WIWA;0.500
60.00	63.00	WOTH;0.506
