157.50	160.50	AMGP;0.623
27.00	31.50	AMRO;0.775
37.50	43.50	AMRO;0.500
45.00	49.50	AMRO;0.604
60.00	63.00	AMRO;0.500
76.50	84.00	AMRO;0.964
109.50	112.50	AMRO;0.585
120.00	124.50	AMRO;0.500
127.50	130.50	AMRO;0.500
135.00	138.00	AMRO;0.500
153.00	160.50	AMRO;0.814
204.00	207.00	AMRO;0.513
210.00	213.00	AMRO;0.500
247.50	250.50	AMRO;0.500
253.50	258.00	AMRO;0.858
259.50	271.50	AMRO;0.619
273.00	277.50	AMRO;0.550
279.00	294.00	AMRO;0.941
72.00	75.00	ATSP;0.503
123.00	126.00	BAOR;0.703
238.50	243.00	BAOR;0.631
108.00	111.00	BEWR;0.642
42.00	45.00	BLOY;0.572
58.50	63.00	BLOY;0.644
174.00	177.00	BLOY;0.533
261.00	264.00	BBPL;0.650
94.50	97.50	BLJA;0.659
282.00	285.00	BUOR;0.571
145.50	148.50	DEJU;0.550
22.50	25.50	EVGR;0.537
42.00	45.00	FISP;0.563
258.00	261.00	FISP;0.641
0.00	7.50	FOSP;0.921
19.50	24.00	FOSP;0.936
34.50	39.00	FOSP;0.500
48.00	52.50	FOSP;0.938
64.50	69.00	FOSP;0.770
70.50	75.00	FOSP;0.500
79.50	94.50	FOSP;0.887
102.00	109.50	FOSP;0.510
112.50	115.50	FOSP;0.500
117.00	121.50	FOSP;0.691
124.50	129.00	FOSP;0.874
132.00	136.50	FOSP;0.701
139.50	144.00	FOSP;0.861
147.00	151.50	FOSP;0.803
165.00	169.50	FOSP;0.847
180.00	184.50	FOSP;0.860
189.00	193.50	FOSP;0.865
196.50	201.00	FOSP;0.868
205.50	210.00	FOSP;0.705
214.50	220.50	FOSP;0.640
225.00	229.50	FOSP;0.873
243.00	247.50	FOSP;0.915
259.50	264.00	FOSP;0.507
268.50	273.00	FOSP;0.521
276.00	280.50	FOSP;0.686
286.50	291.00	FOSP;0.755
292.50	297.00	FOSP;0.652
111.00	114.00	GCSP;0.614
138.00	141.00	GCSP;0.539
202.50	207.00	GCSP;0.794
237.00	240.00	GCSP;0.558
12.00	15.00	HETH;0.503
18.00	22.50	HETH;0.584
93.00	96.00	HETH;0.938
217.50	220.50	LALO;0.521
180.00	183.00	LASP;0.605
246.00	249.00	LAZB;0.685
27.00	31.50	LISP;0.814
43.50	48.00	LISP;0.502
102.00	105.00	LISP;0.500
114.00	118.50	LISP;0.923
132.00	135.00	LISP;0.581
145.50	150.00	LISP;0.863
163.50	166.50	LISP;0.567
168.00	171.00	LISP;0.500
178.50	184.50	LISP;0.500
198.00	202.50	LISP;0.844
235.50	243.00	LISP;0.643
264.00	268.50	LISP;0.956
291.00	295.50	LISP;0.819
211.50	216.00	MAMU;0.643
297.00	300.00	MAMU;0.519
22.50	27.00	MOCH;0.775
34.50	37.50	MOCH;0.762
64.50	67.50	MOCH;0.599
78.00	81.00	MOCH;0.508
250.50	253.50	MOCH;0.715
16.50	21.00	OSFL;0.560
34.50	39.00	PIGR;0.511
88.50	93.00	PUFI;0.562
148.50	151.50	PUFI;0.569
165.00	168.00	PUFI;0.513
219.00	222.00	PUFI;0.688
192.00	196.50	REVI;0.523
36.00	39.00	RUGR;0.666
154.50	159.00	RUGR;0.630
105.00	108.00	SAPH;0.564
190.50	193.50	SAPH;0.747
295.50	298.50	SBIG;0.510
112.50	115.50	SNBU;0.588
124.50	127.50	SNBU;0.560
138.00	144.00	SNBU;0.823
205.50	210.00	SNBU;0.587
105.00	109.50	SOSA;0.641
153.00	156.00	SOSP;0.546
63.00	67.50	SPSA;0.702
3.00	6.00	SWSP;0.691
91.50	96.00	SWSP;0.567
112.50	117.00	SWSP;0.832
121.50	126.00	SWSP;0.784
127.50	132.00	SWSP;0.694
144.00	147.00	SWSP;0.708
151.50	154.50	SWSP;0.707
192.00	196.50	SWSP;0.743
228.00	232.50	SWSP;0.709
259.50	262.50	SWSP;0.640
28.50	31.50	TOSO;0.510
159.00	163.50	TOSO;0.558
241.50	244.50	TOSO;0.512
180.00	184.50	VESP;0.612
0.00	3.00	WCSP;0.970
6.00	10.50	WCSP;0.972
12.00	18.00	WCSP;0.985
31.50	36.00	WCSP;0.515
58.50	61.50	WCSP;0.500
72.00	75.00	WCSP;0.575
84.00	87.00	WCSP;0.500
90.00	94.50	WCSP;0.926
102.00	106.50	WCSP;0.500
139.50	144.00	WCSP;0.565
166.50	171.00	WCSP;0.688
192.00	195.00	WCSP;0.500
216.00	219.00	WCSP;0.500
231.00	234.00	WCSP;0.577
264.00	267.00	WCSP;0.500
9.00	16.50	WTSP;0.991
22.50	25.50	WTSP;0.500
31.50	36.00	WTSP;0.953
39.00	58.50	WTSP;0.996
60.00	72.00	WTSP;0.997
75.00	79.50	WTSP;0.978
90.00	93.00	WTSP;0.500
112.50	117.00	WTSP;0.910
120.00	126.00	WTSP;0.774
129.00	132.00	WTSP;0.500
136.50	141.00	WTSP;0.989
144.00	157.50	WTSP;0.993
159.00	165.00	WTSP;0.994
168.00	171.00	WTSP;0.858
172.50	178.50	WTSP;0.814
186.00	190.50	WTSP;0.757
193.50	199.50	WTSP;0.996
202.50	207.00	WTSP;0.795
219.00	223.50	WTSP;0.500
226.50	237.00	WTSP;0.997
246.00	261.00	WTSP;0.999
295.50	300.00	WTSP;0.664
3.00	9.00	WIWA;0.990
13.50	19.50	WIWA;0.976
28.50	34.50	WIWA;0.989
37.50	42.00	WIWA;0.975
55.50	60.00	WIWA;0.988
73.50	78.00	WIWA;0.988
85.50	90.00	WIWA;0.991
96.00	103.50	WIWA;0.992
108.00	115.50	WIWA;0.981
117.00	123.00	WIWA;0.991
127.50	133.50	WIWA;0.982
135.00	139.50	WIWA;0.801
141.00	147.00	WIWA;0.987
154.50	166.50	WIWA;0.988
169.50	181.50	WIWA;0.989
184.50	192.00	WIWA;0.996
201.00	205.50	WIWA;0.977
207.00	211.50	WIWA;0.932
213.00	219.00	WIWA;0.952
220.50	226.50	WIWA;0.993
228.00	232.50	WIWA;0.623
234.00	249.00	WIWA;0.993
250.50	256.50	WIWA;0.975
258.00	277.50	WIWA;0.985
280.50	300.00	WIWA;0.990
145.50	148.50	YRWA;0.570
