40.50	43.50	AMGP;0.608
54.00	57.00	AMGP;0.666
81.00	84.00	AMGP;0.839
94.50	97.50	AMGP;0.732
118.50	121.50	AMGP;0.634
265.50	268.50	AMGP;0.515
289.50	292.50	AMGP;0.517
0.00	7.50	AMRO;0.966
10.50	15.00	AMRO;0.963
19.50	31.50	AMRO;0.988
34.50	43.50	AMRO;0.981
48.00	55.50	AMRO;0.997
60.00	66.00	AMRO;0.965
70.50	76.50	AMRO;0.986
82.50	88.50	AMRO;0.925
90.00	96.00	AMRO;0.976
100.50	105.00	AMRO;0.981
106.50	112.50	AMRO;0.979
118.50	127.50	AMRO;0.980
132.00	139.50	AMRO;0.973
148.50	156.00	AMRO;0.986
159.00	165.00	AMRO;0.960
166.50	172.50	AMRO;0.967
175.50	181.50	AMRO;0.988
184.50	192.00	AMRO;0.996
196.50	202.50	AMRO;0.894
205.50	211.50	AMRO;0.994
214.50	220.50	AMRO;0.987
228.00	234.00	AMRO;0.985
235.50	243.00	AMRO;0.989
247.50	255.00	AMRO;0.996
262.50	268.50	AMRO;0.992
270.00	277.50	AMRO;0.991
279.00	286.50	AMRO;0.963
289.50	295.50	AMRO;0.982
58.50	61.50	BAOR;0.824
123.00	129.00	BRSP;0.611
172.50	180.00	BRSP;0.596
183.00	186.00	BRSP;0.513
193.50	202.50	BRSP;0.635
220.50	223.50	BRSP;0.505
250.50	255.00	BRSP;0.581
258.00	261.00	BRSP;0.511
267.00	270.00	BRSP;0.503
277.50	280.50	BRSP;0.549
240.00	243.00	BRTH;0.665
6.00	10.50	CHSP;0.500
99.00	102.00	CHSP;0.500
103.50	108.00	CHSP;0.751
123.00	141.00	CHSP;0.832
142.50	151.50	CHSP;0.901
154.50	159.00	CHSP;0.500
163.50	190.50	CHSP;0.922
193.50	204.00	CHSP;0.856
211.50	214.50	CHSP;0.500
220.50	226.50	CHSP;0.896
232.50	238.50	CHSP;0.864
241.50	246.00	CHSP;0.859
250.50	255.00	CHSP;0.553
258.00	262.50	CHSP;0.655
267.00	271.50	CHSP;0.844
276.00	280.50	CHSP;0.726
283.50	288.00	CHSP;0.654
291.00	297.00	CHSP;0.767
0.00	7.50	GWTE;0.862
9.00	16.50	GWTE;0.917
36.00	42.00	GWTE;0.769
51.00	55.50	GWTE;0.500
58.50	66.00	GWTE;0.654
82.50	88.50	GWTE;0.860
91.50	96.00	GWTE;0.578
100.50	105.00	GWTE;0.500
108.00	112.50	GWTE;0.620
120.00	129.00	GWTE;0.650
150.00	153.00	GWTE;0.500
159.00	165.00	GWTE;0.769
166.50	172.50	GWTE;0.839
178.50	183.00	GWTE;0.500
186.00	193.50	GWTE;0.534
196.50	202.50	GWTE;0.868
231.00	235.50	GWTE;0.597
249.00	255.00	GWTE;0.778
262.50	267.00	GWTE;0.500
30.00	34.50	HETH;0.759
4.50	9.00	OCWA;0.685
75.00	78.00	OCWA;0.806
111.00	115.50	OCWA;0.990
130.50	133.50	OCWA;0.535
253.50	256.50	PIGR;0.605
138.00	148.50	PISI;0.986
178.50	186.00	PISI;0.974
213.00	216.00	PUFI;0.630
261.00	264.00	PUFI;0.524
1.50	4.50	RUGR;0.537
19.50	25.50	RUGR;0.547
39.00	43.50	RUGR;0.868
90.00	93.00	RUGR;0.501
112.50	118.50	RUGR;0.874
180.00	184.50	RUGR;0.770
201.00	207.00	RUGR;0.551
261.00	264.00	RUGR;0.542
280.50	283.50	RUGR;0.682
7.50	10.50	SWSP;0.562
15.00	18.00	SWSP;0.531
156.00	160.50	WEFL;0.730
46.50	49.50	WEME;0.506
9.00	12.00	WCSP;0.500
31.50	34.50	WCSP;0.587
105.00	108.00	WCSP;0.637
114.00	120.00	WCSP;0.964
172.50	177.00	WCSP;0.537
198.00	229.50	WCSP;0.914
231.00	240.00	WCSP;0.533
243.00	249.00	WCSP;0.889
255.00	258.00	WCSP;0.500
261.00	265.50	WCSP;0.769
274.50	277.50	WCSP;0.500
153.00	156.00	WOTH;0.653
