39.00	42.00	AMDI;0.502
133.50	136.50	AMDI;0.604
289.50	292.50	AMDI;0.650
450.00	453.00	AMDI;0.512
489.00	492.00	AMDI;0.560
528.00	531.00	AMDI;0.517
561.00	564.00	AMDI;0.538
567.00	570.00	AMDI;0.539
456.00	459.00	AGOL;0.586
559.50	562.50	AGOL;0.507
588.00	592.50	AGOL;0.777
27.00	30.00	AMRO;0.605
154.50	159.00	AMRO;0.756
243.00	247.50	AMRO;0.871
253.50	258.00	AMRO;0.660
429.00	432.00	AMRO;0.519
472.50	475.50	AMRO;0.745
142.50	147.00	ATSP;0.564
196.50	204.00	ATSP;0.554
16.50	19.50	BAOR;0.600
217.50	220.50	BAOR;0.515
489.00	492.00	BAOR;0.676
504.00	507.00	BAOR;0.655
136.50	139.50	BEKI;0.519
169.50	172.50	BEKI;0.577
211.50	214.50	BOWA;0.513
501.00	504.00	BRSP;0.765
517.50	522.00	BRSP;0.851
175.50	180.00	CHSP;0.973
514.50	517.50	DEJU;0.640
543.00	546.00	DEJU;0.547
559.50	562.50	DEJU;0.618
361.50	366.00	EAKI;0.764
3.00	6.00	EAME;0.500
240.00	243.00	EAME;0.563
336.00	339.00	EAME;0.604
391.50	394.50	EAME;0.504
442.50	445.50	EAME;0.513
9.00	12.00	EATO;0.654
19.50	24.00	FISP;0.614
250.50	253.50	FISP;0.574
3.00	10.50	FOSP;0.836
12.00	24.00	FOSP;0.947
219.00	223.50	FOSP;0.892
228.00	232.50	FOSP;0.689
240.00	246.00	FOSP;0.712
250.50	255.00	FOSP;0.592
256.50	270.00	FOSP;0.949
274.50	280.50	FOSP;0.962
291.00	295.50	FOSP;0.710
301.50	306.00	FOSP;0.836
312.00	316.50	FOSP;0.500
321.00	327.00	FOSP;0.796
331.50	348.00	FOSP;0.890
352.50	360.00	FOSP;0.901
366.00	373.50	FOSP;0.789
387.00	396.00	FOSP;0.868
406.50	409.50	FOSP;0.714
421.50	429.00	FOSP;0.888
435.00	441.00	FOSP;0.699
444.00	448.50	FOSP;0.729
453.00	457.50	FOSP;0.753
463.50	468.00	FOSP;0.956
469.50	474.00	FOSP;0.804
480.00	483.00	FOSP;0.500
484.50	489.00	FOSP;0.623
490.50	493.50	FOSP;0.560
511.50	516.00	FOSP;0.956
523.50	529.50	FOSP;0.941
538.50	543.00	FOSP;0.931
550.50	556.50	FOSP;0.970
565.50	571.50	FOSP;0.897
3.00	6.00	GCSP;0.500
10.50	15.00	GCSP;0.689
19.50	22.50	GCSP;0.500
73.50	78.00	GCSP;0.957
84.00	88.50	GCSP;0.500
96.00	100.50	GCSP;0.500
112.50	115.50	GCSP;0.500
216.00	222.00	GCSP;0.886
238.50	243.00	GCSP;0.500
288.00	292.50	GCSP;0.500
312.00	316.50	GCSP;0.661
321.00	325.50	GCSP;0.595
336.00	340.50	GCSP;0.500
369.00	372.00	GCSP;0.500
382.50	385.50	GCSP;0.500
442.50	447.00	GCSP;0.857
136.50	139.50	HAWO;0.510
28.50	31.50	HASP;0.696
156.00	159.00	HASP;0.537
100.50	103.50	HOLA;0.555
462.00	465.00	HOLA;0.699
148.50	151.50	HOWR;0.626
516.00	519.00	HOWR;0.517
531.00	534.00	HOWR;0.636
13.50	16.50	LASP;0.554
52.50	57.00	LASP;0.901
70.50	73.50	LASP;0.539
291.00	294.00	LASP;0.514
345.00	349.50	LASP;0.577
435.00	438.00	LASP;0.649
594.00	597.00	LESA;0.519
0.00	4.50	LISP;0.939
9.00	12.00	LISP;0.500
13.50	18.00	LISP;0.903
19.50	24.00	LISP;0.500
31.50	36.00	LISP;0.929
39.00	49.50	LISP;0.975
51.00	64.50	LISP;0.957
66.00	75.00	LISP;0.927
81.00	85.50	LISP;0.791
108.00	112.50	LISP;0.934
135.00	138.00	LISP;0.500
139.50	144.00	LISP;0.960
145.50	151.50	LISP;0.976
153.00	157.50	LISP;0.987
166.50	175.50	LISP;0.835
183.00	189.00	LISP;0.631
202.50	207.00	LISP;0.948
229.50	234.00	LISP;0.978
244.50	249.00	LISP;0.674
267.00	273.00	LISP;0.967
279.00	283.50	LISP;0.913
286.50	294.00	LISP;0.854
303.00	310.50	LISP;0.956
312.00	315.00	LISP;0.500
319.50	324.00	LISP;0.944
331.50	336.00	LISP;0.984
372.00	376.50	LISP;0.842
378.00	382.50	LISP;0.645
397.50	400.50	LISP;0.528
418.50	423.00	LISP;0.748
429.00	439.50	LISP;0.952
448.50	456.00	LISP;0.854
468.00	474.00	LISP;0.975
478.50	481.50	LISP;0.866
483.00	490.50	LISP;0.965
499.50	505.50	LISP;0.592
513.00	520.50	LISP;0.961
528.00	540.00	LISP;0.989
543.00	549.00	LISP;0.997
555.00	564.00	LISP;0.975
576.00	582.00	LISP;0.892
586.50	591.00	LISP;0.814
594.00	600.00	LISP;0.947
295.50	300.00	MAWA;0.699
4.50	7.50	MOCH;0.500
9.00	12.00	MOCH;0.500
33.00	39.00	MOCH;0.553
55.50	61.50	MOCH;0.719
76.50	79.50	MOCH;0.522
91.50	94.50	MOCH;0.799
96.00	100.50	MOCH;0.500
109.50	115.50	MOCH;0.514
130.50	133.50	MOCH;0.500
166.50	169.50	MOCH;0.500
181.50	187.50	MOCH;0.843
196.50	199.50	MOCH;0.505
214.50	219.00	MOCH;0.822
264.00	271.50	MOCH;0.534
301.50	304.50	MOCH;0.500
309.00	313.50	MOCH;0.991
316.50	319.50	MOCH;0.500
324.00	330.00	MOCH;0.897
331.50	334.50	MOCH;0.500
345.00	351.00	MOCH;0.500
352.50	355.50	MOCH;0.500
361.50	366.00	MOCH;0.564
370.50	375.00	MOCH;0.895
376.50	381.00	MOCH;0.845
385.50	390.00	MOCH;0.615
427.50	430.50	MOCH;0.500
432.00	436.50	MOCH;0.829
447.00	451.50	MOCH;0.500
477.00	480.00	MOCH;0.500
240.00	243.00	NOCA;0.590
274.50	279.00	OROR;0.559
339.00	343.50	OROR;0.548
568.50	571.50	OROR;0.541
22.50	25.50	PHVI;0.573
79.50	84.00	PISI;0.666
87.00	91.50	PISI;0.960
216.00	220.50	PISI;0.811
273.00	282.00	PISI;0.984
283.50	286.50	PISI;0.500
355.50	361.50	PISI;0.961
424.50	430.50	PISI;0.999
438.00	442.50	PISI;0.895
445.50	450.00	PISI;0.764
456.00	459.00	PISI;0.500
462.00	468.00	PISI;0.500
541.50	568.50	PISI;0.999
571.50	597.00	PISI;0.999
3.00	7.50	PUFI;0.500
9.00	12.00	PUFI;0.500
16.50	24.00	PUFI;0.614
54.00	57.00	PUFI;0.500
123.00	126.00	PUFI;0.500
217.50	220.50	PUFI;0.500
240.00	244.50	PUFI;0.500
256.50	259.50	PUFI;0.500
267.00	270.00	PUFI;0.500
286.50	295.50	PUFI;0.500
312.00	315.00	PUFI;0.500
340.50	343.50	PUFI;0.500
352.50	358.50	PUFI;0.500
369.00	373.50	PUFI;0.552
399.00	402.00	PUFI;0.500
405.00	409.50	PUFI;0.500
421.50	427.50	PUFI;0.500
429.00	433.50	PUFI;0.742
435.00	441.00	PUFI;0.500
448.50	456.00	PUFI;0.582
463.50	468.00	PUFI;0.500
471.00	475.50	PUFI;0.500
477.00	493.50	PUFI;0.808
502.50	505.50	PUFI;0.830
523.50	528.00	PUFI;0.575
535.50	543.00	PUFI;0.764
546.00	555.00	PUFI;0.500
556.50	561.00	PUFI;0.695
567.00	571.50	PUFI;0.556
577.50	582.00	PUFI;0.542
421.50	424.50	RECR;0.552
510.00	513.00	RECR;0.782
550.50	555.00	RECR;0.524
267.00	270.00	REVI;0.597
414.00	417.00	REVI;0.776
246.00	249.00	ROWR;0.514
420.00	423.00	ROWR;0.590
106.50	111.00	RUTU;0.667
151.50	154.50	RUTU;0.621
243.00	246.00	RUTU;0.547
396.00	400.50	RUTU;0.579
481.50	484.50	RUTU;0.570
198.00	201.00	RUBL;0.642
273.00	276.00	RUBL;0.510
205.50	208.50	SAPH;0.526
357.00	360.00	SAPH;0.586
478.50	481.50	SAPH;0.644
237.00	240.00	SSHA;0.519
6.00	9.00	SNBU;0.506
13.50	16.50	SNBU;0.516
207.00	211.50	SNBU;0.548
387.00	391.50	SNBU;0.550
397.50	403.50	SNBU;0.694
406.50	409.50	SNBU;0.613
423.00	427.50	SNBU;0.548
454.50	457.50	SNBU;0.765
523.50	526.50	SNBU;0.512
517.50	520.50	SOSP;0.568
112.50	115.50	SPSA;0.550
48.00	52.50	VASW;0.705
303.00	306.00	VESP;0.503
145.50	150.00	WEFL;0.864
196.50	207.00	WEFL;0.958
19.50	24.00	WCSP;0.500
85.50	88.50	WCSP;0.500
238.50	243.00	WCSP;0.500
265.50	270.00	WCSP;0.500
277.50	282.00	WCSP;0.500
291.00	294.00	WCSP;0.500
297.00	300.00	WCSP;0.500
316.50	321.00	WCSP;0.974
324.00	327.00	WCSP;0.500
328.50	333.00	WCSP;0.996
337.50	343.50	WCSP;0.984
348.00	352.50	WCSP;0.903
364.50	367.50	WCSP;0.500
378.00	381.00	WCSP;0.500
444.00	447.00	WCSP;0.500
480.00	483.00	WCSP;0.500
499.50	502.50	WCSP;0.500
3.00	7.50	WTSP;0.910
28.50	39.00	WTSP;0.979
46.50	54.00	WTSP;0.979
55.50	60.00	WTSP;0.980
61.50	67.50	WTSP;0.996
75.00	82.50	WTSP;0.986
88.50	94.50	WTSP;0.993
96.00	99.00	WTSP;0.560
109.50	120.00	WTSP;0.995
130.50	135.00	WTSP;0.500
136.50	142.50	WTSP;0.984
156.00	162.00	WTSP;0.998
163.50	169.50	WTSP;0.994
181.50	187.50	WTSP;0.982
193.50	199.50	WTSP;0.921
210.00	217.50	WTSP;0.995
219.00	222.00	WTSP;0.500
231.00	237.00	WTSP;0.995
247.50	253.50	WTSP;0.983
258.00	264.00	WTSP;0.995
270.00	274.50	WTSP;0.993
277.50	292.50	WTSP;0.995
297.00	303.00	WTSP;0.990
307.50	312.00	WTSP;0.983
313.50	318.00	WTSP;0.894
321.00	327.00	WTSP;0.564
328.50	339.00	WTSP;0.908
346.50	355.50	WTSP;0.986
361.50	367.50	WTSP;0.971
376.50	388.50	WTSP;0.987
400.50	408.00	WTSP;0.998
427.50	432.00	WTSP;0.986
433.50	436.50	WTSP;0.661
444.00	450.00	WTSP;0.938
457.50	465.00	WTSP;0.994
474.00	480.00	WTSP;0.985
492.00	502.50	WTSP;0.976
532.50	537.00	WTSP;0.990
570.00	574.50	WTSP;0.992
595.50	600.00	WTSP;0.944
84.00	87.00	WIWR;0.535
91.50	94.50	WIWR;0.518
234.00	238.50	WIWR;0.646
30.00	33.00	YRWA;0.500
37.50	42.00	YRWA;0.985
91.50	96.00	YRWA;0.746
97.50	105.00	YRWA;0.870
235.50	240.00	YRWA;0.639
364.50	367.50	YRWA;0.500
