151.50	154.50	EAME;0.560
175.50	178.50	EAME;0.771
189.00	192.00	EAME;0.693
37.50	40.50	FISP;0.642
151.50	156.00	FOSP;0.596
162.00	166.50	FOSP;0.895
177.00	181.50	FOSP;0.788
189.00	195.00	FOSP;0.698
210.00	214.50	FOSP;0.560
220.50	226.50	FOSP;0.720
234.00	238.50	FOSP;0.802
246.00	250.50	FOSP;0.751
258.00	262.50	FOSP;0.797
270.00	274.50	FOSP;0.937
285.00	289.50	FOSP;0.601
22.50	27.00	LISP;0.865
274.50	277.50	LISP;0.520
291.00	294.00	LISP;0.699
84.00	87.00	MOCH;0.534
100.50	103.50	MOCH;0.516
123.00	127.50	MOCH;0.781
172.50	175.50	MOCH;0.589
213.00	217.50	MOCH;0.645
247.50	250.50	MOCH;0.574
267.00	271.50	PIGR;0.734
220.50	225.00	PUFI;0.535
162.00	165.00	RECR;0.664
232.50	237.00	RECR;0.688
244.50	249.00	RECR;0.643
256.50	261.00	RECR;0.515
283.50	286.50	RECR;0.604
58.50	61.50	RWBL;0.522
207.00	210.00	RWBL;0.539
39.00	42.00	RUBL;0.522
48.00	52.50	SNBU;0.500
57.00	61.50	SNBU;0.500
76.50	82.50	SNBU;0.745
99.00	103.50	SNBU;0.500
151.50	156.00	SNBU;0.500
162.00	168.00	SNBU;0.500
175.50	180.00	SNBU;0.500
190.50	195.00	SNBU;0.509
208.50	214.50	SNBU;0.824
220.50	225.00	SNBU;0.500
232.50	238.50	SNBU;0.800
244.50	249.00	SNBU;0.741
256.50	262.50	SNBU;0.586
268.50	274.50	SNBU;0.610
285.00	289.50	SNBU;0.953
226.50	229.50	SOSP;0.544
84.00	88.50	WCSP;0.750
102.00	106.50	WCSP;0.968
124.50	127.50	WCSP;0.500
204.00	208.50	WCSP;0.575
213.00	217.50	WCSP;0.500
225.00	229.50	WCSP;0.912
237.00	241.50	WCSP;0.988
249.00	253.50	WCSP;0.967
261.00	265.50	WCSP;0.500
274.50	279.00	WCSP;0.969
288.00	292.50	WCSP;0.962
6.00	9.00	WTSP;0.657
34.50	40.50	WTSP;0.959
178.50	181.50	WIWR;0.528
