310.50	313.50	AMDI;0.506
555.00	558.00	AMDI;0.633
576.00	580.50	AGOL;0.700
139.50	144.00	AMRO;0.695
250.50	253.50	ATSP;0.525
75.00	78.00	AMWO;0.670
16.50	19.50	BCCH;0.500
24.00	27.00	BCCH;0.803
63.00	66.00	BCCH;0.766
72.00	76.50	BCCH;0.500
94.50	97.50	BCCH;0.756
561.00	564.00	BCCH;0.544
580.50	583.50	BCCH;0.500
268.50	271.50	BTNW;0.534
336.00	340.50	BTNW;0.611
387.00	390.00	BRBL;0.514
427.50	430.50	BRBL;0.533
447.00	450.00	BRBL;0.617
507.00	510.00	BRBL;0.532
121.50	124.50	BRSP;0.501
138.00	141.00	BRSP;0.503
250.50	253.50	BRSP;0.550
261.00	264.00	BRSP;0.763
270.00	273.00	BRSP;0.530
141.00	144.00	BHCO;0.616
339.00	342.00	CAFI;0.643
45.00	48.00	CHSW;0.720
304.50	307.50	CHSW;0.504
109.50	115.50	CHSP;0.618
120.00	124.50	CHSP;0.500
129.00	132.00	CHSP;0.588
153.00	163.50	CHSP;0.897
165.00	171.00	CHSP;0.916
178.50	186.00	CHSP;0.959
201.00	208.50	CHSP;0.958
210.00	219.00	CHSP;0.868
240.00	255.00	CHSP;0.840
261.00	267.00	CHSP;0.789
271.50	276.00	CHSP;0.943
280.50	288.00	CHSP;0.965
292.50	295.50	CHSP;0.500
301.50	307.50	CHSP;0.829
360.00	363.00	CHSP;0.500
579.00	585.00	CHSP;0.714
160.50	163.50	DEJU;0.576
165.00	168.00	DEJU;0.673
264.00	267.00	DEJU;0.531
283.50	288.00	DEJU;0.824
13.50	16.50	EAME;0.939
195.00	198.00	EAME;0.546
244.50	247.50	EAME;0.516
358.50	361.50	EAME;0.503
484.50	487.50	EAME;0.500
7.50	10.50	EATO;0.508
19.50	22.50	EATO;0.519
36.00	39.00	EATO;0.727
115.50	118.50	EATO;0.882
130.50	133.50	EATO;0.536
136.50	139.50	EATO;0.541
349.50	352.50	EATO;0.644
531.00	534.00	EATO;0.613
565.50	568.50	EATO;0.661
589.50	592.50	EVGR;0.565
40.50	43.50	FISP;0.521
54.00	57.00	FISP;0.506
3.00	9.00	FOSP;0.949
15.00	19.50	FOSP;0.743
21.00	25.50	FOSP;0.922
30.00	34.50	FOSP;0.802
36.00	42.00	FOSP;0.947
49.50	54.00	FOSP;0.703
57.00	64.50	FOSP;0.980
66.00	70.50	FOSP;0.817
82.50	88.50	FOSP;0.979
93.00	97.50	FOSP;0.918
99.00	108.00	FOSP;0.983
114.00	121.50	FOSP;0.928
126.00	130.50	FOSP;0.945
132.00	141.00	FOSP;0.901
147.00	154.50	FOSP;0.970
171.00	175.50	FOSP;0.986
187.50	192.00	FOSP;0.945
201.00	213.00	FOSP;0.900
217.50	225.00	FOSP;0.973
237.00	243.00	FOSP;0.889
244.50	250.50	FOSP;0.500
256.50	261.00	FOSP;0.947
264.00	268.50	FOSP;0.500
274.50	279.00	FOSP;0.955
294.00	298.50	FOSP;0.975
300.00	304.50	FOSP;0.500
310.50	318.00	FOSP;0.912
331.50	336.00	FOSP;0.981
345.00	355.50	FOSP;0.965
364.50	375.00	FOSP;0.935
376.50	382.50	FOSP;0.959
388.50	399.00	FOSP;0.971
400.50	406.50	FOSP;0.743
411.00	420.00	FOSP;0.913
429.00	435.00	FOSP;0.941
439.50	444.00	FOSP;0.705
448.50	454.50	FOSP;0.963
456.00	460.50	FOSP;0.667
469.50	478.50	FOSP;0.955
486.00	495.00	FOSP;0.981
501.00	505.50	FOSP;0.784
508.50	513.00	FOSP;0.919
528.00	534.00	FOSP;0.952
547.50	552.00	FOSP;0.917
567.00	571.50	FOSP;0.952
592.50	597.00	FOSP;0.910
0.00	3.00	GCSP;0.756
25.50	28.50	GCSP;0.550
40.50	43.50	GCSP;0.647
48.00	51.00	GCSP;0.692
55.50	58.50	GCSP;0.688
72.00	75.00	GCSP;0.549
79.50	82.50	GCSP;0.664
121.50	124.50	GCSP;0.553
163.50	166.50	GCSP;0.518
186.00	190.50	GCSP;0.674
6.00	10.50	HETH;0.766
30.00	33.00	HETH;0.503
145.50	148.50	HETH;0.592
169.50	172.50	HETH;0.686
198.00	201.00	HOLA;0.566
231.00	235.50	HOFI;0.688
195.00	199.50	KILL;0.609
12.00	15.00	LEYE;0.506
141.00	144.00	MAMU;0.505
33.00	37.50	MOCH;0.704
76.50	81.00	MOCH;0.927
178.50	183.00	MOCH;0.770
256.50	259.50	MOCH;0.573
580.50	583.50	MOCH;0.632
469.50	472.50	OROR;0.544
111.00	115.50	PAWA;0.709
154.50	166.50	PISI;0.994
198.00	201.00	PISI;0.500
537.00	541.50	PISI;0.528
574.50	582.00	PISI;0.848
456.00	459.00	PUFI;0.581
454.50	457.50	RECR;0.579
33.00	36.00	REVI;0.669
547.50	550.50	RWBL;0.541
1.50	4.50	RUGR;0.516
24.00	27.00	RUGR;0.587
438.00	442.50	RUGR;0.873
460.50	469.50	RUGR;0.916
501.00	504.00	RUGR;0.596
145.50	148.50	RUBL;0.603
268.50	271.50	RUBL;0.569
354.00	357.00	RUBL;0.649
363.00	366.00	RUBL;0.931
478.50	483.00	RUBL;0.857
499.50	502.50	RUBL;0.833
541.50	544.50	RUBL;0.521
550.50	553.50	RUBL;0.616
418.50	421.50	SBDO;0.590
34.50	39.00	SNBU;0.677
199.50	202.50	SNBU;0.544
208.50	213.00	SNBU;0.842
226.50	229.50	SNBU;0.500
247.50	252.00	SNBU;0.500
273.00	277.50	SNBU;0.820
291.00	294.00	SNBU;0.830
340.50	345.00	SNBU;0.784
346.50	349.50	SNBU;0.500
391.50	394.50	SNBU;0.500
400.50	406.50	SNBU;0.500
415.50	420.00	SNBU;0.500
439.50	445.50	SNBU;0.538
456.00	460.50	SNBU;0.500
469.50	474.00	SNBU;0.726
484.50	489.00	SNBU;0.541
502.50	505.50	SNBU;0.500
538.50	543.00	SNBU;0.748
571.50	574.50	SNBU;0.500
43.50	46.50	SOSP;0.557
201.00	204.00	VESP;0.627
421.50	424.50	WEFL;0.587
1.50	4.50	WCSP;0.971
7.50	13.50	WCSP;0.956
15.00	22.50	WCSP;0.976
25.50	37.50	WCSP;0.956
42.00	46.50	WCSP;0.982
48.00	54.00	WCSP;0.763
55.50	60.00	WCSP;0.977
64.50	69.00	WCSP;0.964
73.50	76.50	WCSP;0.969
79.50	85.50	WCSP;0.992
88.50	93.00	WCSP;0.985
96.00	100.50	WCSP;0.912
112.50	117.00	WCSP;0.754
121.50	129.00	WCSP;0.985
144.00	150.00	WCSP;0.666
154.50	157.50	WCSP;0.720
174.00	178.50	WCSP;0.665
186.00	199.50	WCSP;0.693
213.00	222.00	WCSP;0.984
232.50	238.50	WCSP;0.979
241.50	246.00	WCSP;0.806
250.50	253.50	WCSP;0.500
259.50	265.50	WCSP;0.752
267.00	274.50	WCSP;0.883
277.50	283.50	WCSP;0.960
288.00	294.00	WCSP;0.964
297.00	303.00	WCSP;0.987
307.50	312.00	WCSP;0.943
318.00	322.50	WCSP;0.969
327.00	331.50	WCSP;0.985
336.00	340.50	WCSP;0.517
346.50	351.00	WCSP;0.990
355.50	360.00	WCSP;0.955
364.50	369.00	WCSP;0.991
373.50	378.00	WCSP;0.984
382.50	388.50	WCSP;0.989
405.00	409.50	WCSP;0.500
465.00	469.50	WCSP;0.500
475.50	478.50	WCSP;0.500
513.00	517.50	WCSP;0.967
522.00	528.00	WCSP;0.980
532.50	537.00	WCSP;0.791
541.50	547.50	WCSP;0.971
552.00	558.00	WCSP;0.984
561.00	567.00	WCSP;0.961
573.00	577.50	WCSP;0.847
583.50	588.00	WCSP;0.700
595.50	600.00	WCSP;0.778
0.00	3.00	WTSP;0.606
9.00	12.00	WTSP;0.532
72.00	75.00	WTSP;0.560
135.00	138.00	WIFL;0.669
550.50	553.50	WOTH;0.502
