412.50	415.50	AMDI;0.618
486.00	490.50	AMGP;0.667
0.00	4.50	AMRO;0.500
6.00	13.50	AMRO;0.505
18.00	22.50	AMRO;0.731
24.00	39.00	AMRO;0.970
40.50	46.50	AMRO;0.876
51.00	90.00	AMRO;0.968
99.00	109.50	AMRO;0.760
117.00	123.00	AMRO;0.665
139.50	147.00	AMRO;0.913
148.50	151.50	AMRO;0.663
178.50	192.00	AMRO;0.671
193.50	217.50	AMRO;0.987
219.00	232.50	AMRO;0.848
240.00	244.50	AMRO;0.500
249.00	262.50	AMRO;0.913
264.00	280.50	AMRO;0.973
282.00	285.00	AMRO;0.500
294.00	297.00	AMRO;0.500
315.00	322.50	AMRO;0.649
328.50	333.00	AMRO;0.754
342.00	349.50	AMRO;0.948
352.50	370.50	AMRO;0.943
379.50	390.00	AMRO;0.699
394.50	399.00	AMRO;0.599
405.00	408.00	AMRO;0.500
414.00	417.00	AMRO;0.753
421.50	426.00	AMRO;0.500
441.00	445.50	AMRO;0.505
451.50	460.50	AMRO;0.500
474.00	484.50	AMRO;0.710
486.00	489.00	AMRO;0.574
502.50	510.00	AMRO;0.585
546.00	549.00	AMRO;0.522
553.50	571.50	AMRO;0.954
585.00	591.00	AMRO;0.933
595.50	598.50	AMRO;0.500
223.50	228.00	BAOR;0.740
403.50	406.50	BAOR;0.504
438.00	441.00	BAOR;0.525
475.50	478.50	BAOR;0.688
537.00	541.50	BAOR;0.662
463.50	466.50	BLOY;0.563
180.00	183.00	BRSP;0.545
190.50	193.50	BRSP;0.612
240.00	244.50	BRSP;0.829
267.00	270.00	BRSP;0.534
403.50	406.50	BRSP;0.566
535.50	538.50	BRSP;0.569
562.50	565.50	BRSP;0.539
571.50	574.50	BRSP;0.551
81.00	84.00	BRTH;0.603
381.00	384.00	BRTH;0.521
559.50	564.00	CHSW;0.608
0.00	22.50	CHSP;0.994
25.50	66.00	CHSP;0.995
67.50	138.00	CHSP;0.998
139.50	147.00	CHSP;0.991
150.00	157.50	CHSP;0.995
159.00	181.50	CHSP;0.993
184.50	190.50	CHSP;0.979
193.50	199.50	CHSP;0.989
201.00	208.50	CHSP;0.969
211.50	217.50	CHSP;0.864
222.00	240.00	CHSP;0.989
244.50	292.50	CHSP;0.995
294.00	339.00	CHSP;0.998
340.50	414.00	CHSP;0.997
415.50	423.00	CHSP;0.996
424.50	432.00	CHSP;0.995
435.00	441.00	CHSP;0.993
442.50	466.50	CHSP;0.995
468.00	472.50	CHSP;0.728
478.50	484.50	CHSP;0.971
489.00	522.00	CHSP;0.996
523.50	561.00	CHSP;0.995
562.50	595.50	CHSP;0.995
112.50	117.00	CCSP;0.783
535.50	538.50	CCSP;0.513
544.50	549.00	CCSP;0.862
157.50	162.00	DOWO;0.723
111.00	115.50	EABL;0.699
147.00	150.00	EABL;0.519
208.50	211.50	EABL;0.531
355.50	358.50	EABL;0.543
388.50	391.50	EABL;0.735
594.00	598.50	EABL;0.721
247.50	250.50	EAME;0.590
493.50	496.50	EAME;0.510
246.00	250.50	FOSP;0.834
261.00	264.00	FOSP;0.913
274.50	279.00	FOSP;0.760
370.50	373.50	GCSP;0.525
373.50	376.50	GRCA;0.615
129.00	133.50	GWTE;0.862
319.50	322.50	GWTE;0.679
474.00	477.00	GWTE;0.603
492.00	496.50	GWTE;0.777
138.00	141.00	HAFL;0.545
147.00	150.00	HAFL;0.709
39.00	42.00	HASP;0.629
489.00	493.50	HASP;0.694
253.50	256.50	LAZB;0.539
237.00	241.50	MOBL;0.772
415.50	418.50	MOBL;0.519
402.00	405.00	MOCH;0.655
430.50	433.50	MOCH;0.745
469.50	472.50	MOCH;0.702
267.00	270.00	NOPA;0.551
261.00	264.00	OROR;0.542
156.00	159.00	PAWR;0.548
273.00	276.00	PAWA;0.572
328.50	333.00	PISI;0.500
346.50	351.00	PISI;0.653
358.50	367.50	PISI;0.932
370.50	373.50	PISI;0.500
519.00	534.00	PISI;0.995
490.50	495.00	RBGU;0.573
58.50	61.50	RBGR;0.666
64.50	67.50	RBGR;0.508
78.00	81.00	RBGR;0.550
142.50	145.50	RBGR;0.583
213.00	217.50	RBGR;0.690
313.50	316.50	RBGR;0.679
318.00	322.50	RBGR;0.665
337.50	342.00	RBGR;0.738
382.50	387.00	RBGR;0.735
397.50	402.00	RBGR;0.681
553.50	556.50	RBGR;0.531
121.50	124.50	RUGR;0.596
183.00	186.00	RUGR;0.642
258.00	261.00	RUGR;0.574
493.50	496.50	RUGR;0.590
538.50	541.50	RUGR;0.525
594.00	597.00	RUBL;0.686
192.00	195.00	SBDO;0.805
385.50	388.50	SBDO;0.554
484.50	487.50	SBDO;0.734
73.50	76.50	SWSP;0.554
91.50	94.50	SWSP;0.578
241.50	244.50	SWSP;0.558
433.50	436.50	SWSP;0.564
9.00	12.00	TOSO;0.507
184.50	189.00	TOSO;0.687
219.00	225.00	TOSO;0.656
244.50	247.50	TOSO;0.500
309.00	312.00	TOSO;0.509
321.00	324.00	TOSO;0.822
405.00	409.50	TOSO;0.914
472.50	475.50	TOSO;0.541
481.50	484.50	TOSO;0.526
573.00	576.00	TOSO;0.588
579.00	583.50	TOSO;0.803
10.50	15.00	VATH;0.686
22.50	27.00	VATH;0.936
76.50	81.00	VATH;0.916
91.50	97.50	VATH;0.953
106.50	111.00	VATH;0.891
181.50	186.00	VATH;0.983
409.50	412.50	VATH;0.500
426.00	430.50	VATH;0.500
489.00	492.00	VATH;0.500
495.00	498.00	VATH;0.599
519.00	522.00	VATH;0.500
540.00	544.50	VATH;0.500
549.00	553.50	VATH;0.673
573.00	576.00	VATH;0.500
511.50	514.50	WEME;0.506
37.50	40.50	WCSP;0.531
312.00	315.00	WCSP;0.568
339.00	343.50	WCSP;0.857
370.50	373.50	WCSP;0.710
403.50	406.50	WCSP;0.514
550.50	553.50	WCSP;0.577
19.50	24.00	WTSP;0.912
213.00	217.50	WTSP;0.607
232.50	243.00	WTSP;0.995
280.50	283.50	WTSP;0.500
331.50	334.50	WTSP;0.500
339.00	342.00	WTSP;0.500
351.00	354.00	WTSP;0.500
363.00	366.00	WTSP;0.500
370.50	373.50	WTSP;0.500
402.00	408.00	WTSP;0.500
409.50	414.00	WTSP;0.500
448.50	457.50	WTSP;0.864
469.50	475.50	WTSP;0.993
489.00	495.00	WTSP;0.690
496.50	499.50	WTSP;0.500
502.50	510.00	WTSP;0.998
520.50	525.00	WTSP;0.972
540.00	544.50	WTSP;0.500
549.00	555.00	WTSP;0.868
574.50	579.00	WTSP;0.884
589.50	594.00	WTSP;0.500
13.50	18.00	WIWA;0.976
21.00	25.50	WIWA;0.992
30.00	34.50	WIWA;0.954
54.00	57.00	WIWA;0.588
63.00	67.50	WIWA;0.639
72.00	75.00	WIWA;0.500
81.00	85.50	WIWA;0.983
90.00	94.50	WIWA;0.782
99.00	103.50	WIWA;0.939
108.00	112.50	WIWA;0.983
117.00	121.50	WIWA;0.970
126.00	130.50	WIWA;0.988
135.00	139.50	WIWA;0.992
144.00	148.50	WIWA;0.991
153.00	159.00	WIWA;0.998
165.00	169.50	WIWA;0.963
175.50	180.00	WIWA;0.978
187.50	192.00	WIWA;0.986
199.50	204.00	WIWA;0.979
211.50	216.00	WIWA;0.983
220.50	225.00	WIWA;0.990
229.50	234.00	WIWA;0.888
241.50	246.00	WIWA;0.922
250.50	255.00	WIWA;0.987
261.00	265.50	WIWA;0.962
282.00	286.50	WIWA;0.962
291.00	295.50	WIWA;0.984
300.00	304.50	WIWA;0.983
309.00	313.50	WIWA;0.976
318.00	322.50	WIWA;0.978
327.00	331.50	WIWA;0.977
334.50	340.50	WIWA;0.976
343.50	348.00	WIWA;0.966
352.50	358.50	WIWA;0.978
385.50	391.50	WIWA;0.958
397.50	402.00	WIWA;0.975
411.00	415.50	WIWA;0.915
421.50	426.00	WIWA;0.993
432.00	436.50	WIWA;0.985
439.50	445.50	WIWA;0.913
448.50	453.00	WIWA;0.992
456.00	462.00	WIWA;0.976
465.00	471.00	WIWA;0.979
474.00	478.50	WIWA;0.975
597.00	600.00	WIWA;0.500
294.00	297.00	WOTH;0.545
381.00	384.00	WOTH;0.611
