63.00	67.50	AMDI;0.697
132.00	136.50	AMDI;0.858
268.50	271.50	AMDI;0.606
58.50	61.50	AGOL;0.503
37.50	42.00	AMRO;0.754
244.50	247.50	BAIS;0.556
178.50	183.00	BANS;0.530
276.00	279.00	BCCH;0.581
159.00	162.00	BHVI;0.519
181.50	186.00	CLSW;0.689
114.00	117.00	DEJU;0.501
237.00	240.00	FISP;0.617
148.50	153.00	FOSP;0.979
154.50	163.50	FOSP;0.684
201.00	205.50	FOSP;0.836
220.50	226.50	FOSP;0.858
231.00	235.50	FOSP;0.956
241.50	246.00	FOSP;0.858
255.00	259.50	FOSP;0.954
268.50	273.00	FOSP;0.861
295.50	300.00	FOSP;0.919
12.00	15.00	GCSP;0.504
16.50	19.50	GCSP;0.568
163.50	166.50	GCSP;0.555
172.50	175.50	GCSP;0.510
180.00	183.00	GCSP;0.544
210.00	214.50	GCSP;0.794
249.00	252.00	GCSP;0.573
264.00	267.00	GCSP;0.575
276.00	279.00	HASP;0.535
286.50	289.50	HASP;0.531
162.00	165.00	LASP;0.584
73.50	78.00	LESA;0.688
24.00	28.50	LISP;0.515
63.00	67.50	LISP;0.500
82.50	87.00	LISP;0.500
97.50	102.00	LISP;0.879
111.00	115.50	LISP;0.987
118.50	121.50	LISP;0.500
123.00	129.00	LISP;0.879
139.50	142.50	LISP;0.502
208.50	211.50	LISP;0.500
225.00	232.50	LISP;0.984
240.00	243.00	LISP;0.512
252.00	256.50	LISP;0.972
259.50	264.00	LISP;0.801
265.50	270.00	LISP;0.992
273.00	277.50	LISP;0.886
283.50	288.00	LISP;0.939
1.50	9.00	MOCH;0.793
12.00	22.50	MOCH;0.681
25.50	33.00	MOCH;0.500
34.50	39.00	MOCH;0.500
43.50	51.00	MOCH;0.805
66.00	69.00	MOCH;0.500
79.50	84.00	MOCH;0.891
91.50	96.00	MOCH;0.627
102.00	106.50	MOCH;0.500
108.00	118.50	MOCH;0.944
124.50	127.50	MOCH;0.665
130.50	135.00	MOCH;0.500
139.50	142.50	MOCH;0.868
144.00	148.50	MOCH;0.525
150.00	154.50	MOCH;0.717
163.50	168.00	MOCH;0.651
211.50	217.50	MOCH;0.500
235.50	238.50	MOCH;0.500
247.50	252.00	MOCH;0.500
258.00	261.00	MOCH;0.675
264.00	267.00	MOCH;0.549
279.00	285.00	MOCH;0.779
286.50	289.50	MOCH;0.500
291.00	295.50	MOCH;0.500
256.50	259.50	OROR;0.533
15.00	19.50	PISI;0.528
39.00	43.50	PISI;0.500
84.00	88.50	PISI;0.995
156.00	162.00	PISI;0.992
169.50	226.50	PISI;0.999
219.00	222.00	PUFI;0.533
240.00	243.00	PUFI;0.542
229.50	232.50	RECR;0.521
253.50	256.50	RECR;0.623
28.50	31.50	RWBL;0.527
7.50	12.00	RUTU;0.576
22.50	27.00	RUTU;0.922
39.00	43.50	RUTU;0.673
135.00	138.00	RUBL;0.558
153.00	157.50	SAPH;0.786
295.50	298.50	SNBU;0.586
198.00	202.50	SOSA;0.760
31.50	37.50	TEWA;0.986
40.50	46.50	TEWA;0.990
48.00	54.00	TEWA;0.970
69.00	75.00	TEWA;0.986
211.50	214.50	WEFL;0.536
262.50	265.50	WEME;0.611
0.00	3.00	WCSP;0.500
10.50	15.00	WCSP;0.500
49.50	54.00	WCSP;0.533
93.00	96.00	WCSP;0.500
103.50	108.00	WCSP;0.601
118.50	124.50	WCSP;0.911
132.00	135.00	WCSP;0.542
163.50	168.00	WCSP;0.500
181.50	184.50	WCSP;0.630
187.50	192.00	WCSP;0.500
204.00	211.50	WCSP;0.914
214.50	219.00	WCSP;0.907
223.50	228.00	WCSP;0.787
249.00	252.00	WCSP;0.500
259.50	264.00	WCSP;0.605
277.50	282.00	WCSP;0.973
288.00	292.50	WCSP;0.984
0.00	3.00	WTSP;0.547
6.00	10.50	WTSP;0.788
12.00	15.00	WTSP;0.500
16.50	21.00	WTSP;0.609
28.50	37.50	WTSP;0.937
40.50	45.00	WTSP;0.961
46.50	58.50	WTSP;0.960
64.50	70.50	WTSP;0.993
76.50	81.00	WTSP;0.975
87.00	96.00	WTSP;0.997
99.00	106.50	WTSP;0.989
112.50	120.00	WTSP;0.972
121.50	127.50	WTSP;0.948
130.50	135.00	WTSP;0.979
136.50	142.50	WTSP;0.990
162.00	166.50	WTSP;0.959
180.00	184.50	WTSP;0.500
189.00	192.00	WTSP;0.500
210.00	214.50	WTSP;0.500
237.00	240.00	WTSP;0.500
247.50	252.00	WTSP;0.805
265.50	268.50	WTSP;0.500
280.50	283.50	WTSP;0.500
286.50	295.50	WTSP;0.746
204.00	207.00	WIFL;0.855
244.50	247.50	WIFL;0.823
118.50	121.50	YRWA;0.691
