171.00	174.00	AMDI;0.503
208.50	211.50	BCCH;0.645
145.50	150.00	BRBL;0.778
192.00	195.00	BHCO;0.551
22.50	27.00	CHSP;0.836
39.00	45.00	CHSP;0.888
49.50	54.00	CHSP;0.500
57.00	63.00	CHSP;0.822
111.00	114.00	CHSP;0.500
120.00	126.00	CHSP;0.807
166.50	169.50	CONI;0.569
162.00	165.00	EATO;0.932
225.00	228.00	EATO;0.586
246.00	250.50	EATO;0.572
57.00	60.00	FISP;0.552
90.00	93.00	FISP;0.575
183.00	187.50	FISP;0.694
271.50	276.00	FISP;0.700
285.00	288.00	FISP;0.517
0.00	3.00	FOSP;0.605
6.00	12.00	FOSP;0.769
15.00	19.50	FOSP;0.933
36.00	40.50	FOSP;0.500
75.00	78.00	FOSP;0.523
81.00	84.00	FOSP;0.500
148.50	160.50	FOSP;0.867
163.50	168.00	FOSP;0.985
169.50	172.50	FOSP;0.500
174.00	178.50	FOSP;0.984
196.50	201.00	FOSP;0.585
214.50	219.00	FOSP;0.977
220.50	225.00	FOSP;0.759
226.50	231.00	FOSP;0.964
237.00	241.50	FOSP;0.965
243.00	252.00	FOSP;0.947
255.00	264.00	FOSP;0.972
265.50	271.50	FOSP;0.984
274.50	280.50	FOSP;0.974
286.50	292.50	FOSP;0.952
297.00	300.00	FOSP;0.500
181.50	186.00	GCSP;0.912
264.00	267.00	GCSP;0.697
270.00	274.50	GCSP;0.623
192.00	195.00	HASP;0.505
136.50	139.50	HOLA;0.530
48.00	52.50	LESA;0.561
264.00	267.00	LISP;0.547
28.50	34.50	MOCH;0.718
57.00	60.00	MOCH;0.500
73.50	76.50	MOCH;0.735
90.00	93.00	MOCH;0.500
130.50	133.50	MOCH;0.850
207.00	216.00	MOCH;0.777
219.00	222.00	MOCH;0.884
240.00	243.00	MOCH;0.500
252.00	256.50	MOCH;0.979
274.50	277.50	MOCH;0.500
280.50	285.00	MOCH;0.577
291.00	294.00	MOCH;0.500
84.00	87.00	RWBL;0.631
144.00	150.00	RWBL;0.599
172.50	175.50	RWBL;0.519
201.00	204.00	RWBL;0.696
279.00	283.50	RWBL;0.708
33.00	37.50	RUGR;0.600
105.00	108.00	RUGR;0.545
130.50	133.50	RUGR;0.547
136.50	141.00	RUGR;0.583
181.50	184.50	RUGR;0.705
253.50	256.50	RUGR;0.536
271.50	276.00	RUGR;0.706
31.50	34.50	RUBL;0.531
229.50	234.00	SAND;0.611
36.00	40.50	SNBU;0.796
64.50	69.00	SNBU;0.602
73.50	76.50	SNBU;0.500
99.00	103.50	SNBU;0.780
111.00	115.50	SNBU;0.651
138.00	142.50	SNBU;0.926
157.50	160.50	SNBU;0.500
168.00	172.50	SNBU;0.896
183.00	187.50	SNBU;0.500
211.50	216.00	SNBU;0.741
238.50	241.50	SNBU;0.500
243.00	247.50	SNBU;0.900
255.00	258.00	SNBU;0.500
259.50	264.00	SNBU;0.690
282.00	288.00	SNBU;0.857
199.50	204.00	SOSA;0.585
27.00	31.50	SPSA;0.614
43.50	46.50	VATH;0.536
81.00	84.00	VESP;0.506
184.50	187.50	VESP;0.740
228.00	232.50	VESP;0.576
0.00	3.00	WCSP;0.666
1.50	7.50	WTSP;0.992
28.50	33.00	WTSP;0.988
52.50	60.00	WTSP;0.986
69.00	75.00	WTSP;0.993
85.50	93.00	WTSP;0.998
105.00	112.50	WTSP;0.997
126.00	132.00	WTSP;0.996
180.00	187.50	WTSP;0.668
192.00	198.00	WTSP;0.992
216.00	222.00	WTSP;0.994
231.00	237.00	WTSP;0.995
238.50	243.00	WTSP;0.972
249.00	255.00	WTSP;0.984
264.00	267.00	WTSP;0.500
268.50	282.00	WTSP;0.977
289.50	297.00	WTSP;0.995
177.00	180.00	WIFL;0.799
