138.00	141.00	AMDI;0.614
157.50	162.00	AMGP;0.606
214.50	217.50	AMGP;0.513
0.00	6.00	AMRO;0.973
9.00	49.50	AMRO;0.981
52.50	57.00	AMRO;0.532
58.50	72.00	AMRO;0.894
73.50	78.00	AMRO;0.951
87.00	91.50	AMRO;0.695
93.00	103.50	AMRO;0.849
105.00	114.00	AMRO;0.651
118.50	127.50	AMRO;0.854
129.00	144.00	AMRO;0.971
150.00	156.00	AMRO;0.949
159.00	165.00	AMRO;0.781
166.50	174.00	AMRO;0.970
177.00	184.50	AMRO;0.911
190.50	214.50	AMRO;0.988
222.00	228.00	AMRO;0.693
237.00	241.50	AMRO;0.531
244.50	247.50	AMRO;0.500
255.00	258.00	AMRO;0.500
259.50	265.50	AMRO;0.955
270.00	274.50	AMRO;0.681
276.00	283.50	AMRO;0.749
294.00	297.00	AMRO;0.557
127.50	130.50	AMWI;0.619
84.00	88.50	BAOR;0.649
90.00	93.00	BAOR;0.615
169.50	172.50	BAOR;0.600
268.50	271.50	BAOR;0.598
234.00	237.00	BLOY;0.627
30.00	33.00	BBPL;0.707
264.00	268.50	BBPL;0.915
24.00	27.00	BCCH;0.629
40.50	45.00	BCCH;0.518
106.50	111.00	BCCH;0.836
114.00	117.00	BCCH;0.508
121.50	126.00	BCCH;0.740
292.50	295.50	BCCH;0.909
33.00	37.50	BTNW;0.793
49.50	52.50	BRSP;0.510
82.50	85.50	BRSP;0.641
130.50	133.50	BRSP;0.588
31.50	34.50	CAFI;0.842
148.50	153.00	CCSP;0.951
112.50	115.50	DEJU;0.509
9.00	12.00	EABL;0.542
28.50	31.50	EABL;0.569
70.50	73.50	EAKI;0.618
247.50	250.50	EAME;0.792
108.00	111.00	EATO;0.507
255.00	258.00	FISP;0.783
117.00	120.00	GRYE;0.504
24.00	28.50	GWTE;0.637
81.00	84.00	GWTE;0.536
118.50	123.00	GWTE;0.736
181.50	186.00	GWTE;0.714
244.50	247.50	GWTE;0.759
255.00	258.00	GWTE;0.613
280.50	283.50	GWTE;0.769
24.00	27.00	HETH;0.542
114.00	118.50	HETH;0.941
216.00	219.00	HETH;0.710
250.50	253.50	HETH;0.727
277.50	282.00	HETH;0.523
285.00	289.50	HETH;0.917
84.00	87.00	LEYE;0.552
6.00	10.50	LISP;0.985
15.00	30.00	LISP;0.983
33.00	40.50	LISP;0.992
43.50	51.00	LISP;0.986
55.50	61.50	LISP;0.994
66.00	72.00	LISP;0.998
76.50	90.00	LISP;0.994
91.50	106.50	LISP;0.992
108.00	117.00	LISP;0.996
120.00	129.00	LISP;0.977
135.00	139.50	LISP;0.980
142.50	151.50	LISP;0.976
153.00	157.50	LISP;0.990
163.50	168.00	LISP;0.965
174.00	178.50	LISP;0.974
184.50	190.50	LISP;0.989
196.50	201.00	LISP;0.975
207.00	211.50	LISP;0.500
219.00	225.00	LISP;0.989
231.00	235.50	LISP;0.994
241.50	246.00	LISP;0.922
252.00	256.50	LISP;0.994
262.50	267.00	LISP;0.992
271.50	277.50	LISP;0.971
283.50	288.00	LISP;0.988
291.00	300.00	LISP;0.994
216.00	219.00	MAMU;0.574
264.00	268.50	MAMU;0.530
1.50	4.50	MOCH;0.500
12.00	15.00	MOCH;0.748
42.00	45.00	MOCH;0.500
61.50	67.50	MOCH;0.937
75.00	78.00	MOCH;0.818
90.00	93.00	MOCH;0.796
96.00	99.00	MOCH;0.500
106.50	109.50	MOCH;0.500
121.50	126.00	MOCH;0.504
133.50	138.00	MOCH;0.753
139.50	142.50	MOCH;0.500
150.00	154.50	MOCH;0.699
159.00	162.00	MOCH;0.591
226.50	231.00	MOCH;0.500
238.50	241.50	MOCH;0.690
247.50	252.00	MOCH;0.912
259.50	262.50	MOCH;0.836
268.50	273.00	MOCH;0.869
288.00	291.00	MOCH;0.500
189.00	192.00	PUFI;0.502
52.50	55.50	ROWR;0.689
39.00	42.00	RBGR;0.511
54.00	57.00	RBGR;0.597
61.50	64.50	RBGR;0.759
136.50	141.00	RBGR;0.600
169.50	172.50	RBGR;0.574
198.00	202.50	RBGR;0.631
288.00	292.50	RBGR;0.775
144.00	147.00	RUGR;0.528
292.50	295.50	RUHU;0.503
72.00	75.00	RUBL;0.510
258.00	261.00	RUBL;0.702
229.50	232.50	SOSP;0.504
156.00	159.00	TOSO;0.662
171.00	175.50	TOSO;0.867
282.00	285.00	TOSO;0.529
0.00	3.00	WCSP;0.952
13.50	18.00	WCSP;0.929
34.50	37.50	WCSP;0.701
49.50	54.00	WCSP;0.965
64.50	69.00	WCSP;0.797
79.50	85.50	WCSP;0.965
97.50	102.00	WCSP;0.500
115.50	120.00	WCSP;0.953
130.50	136.50	WCSP;0.914
145.50	150.00	WCSP;0.887
160.50	166.50	WCSP;0.972
177.00	181.50	WCSP;0.978
195.00	199.50	WCSP;0.928
207.00	211.50	WCSP;0.952
222.00	228.00	WCSP;0.973
240.00	244.50	WCSP;0.695
256.50	261.00	WCSP;0.979
271.50	276.00	WCSP;0.940
288.00	294.00	WCSP;0.889
54.00	57.00	WTSP;0.609
220.50	225.00	WTSP;0.792
228.00	232.50	WTSP;0.870
192.00	196.50	WILL;0.609
235.50	238.50	WILL;0.524
