30.00	33.00	AMDI;0.531
0.00	7.50	AMRO;0.912
15.00	27.00	AMRO;0.986
28.50	42.00	AMRO;0.913
48.00	58.50	AMRO;0.901
60.00	69.00	AMRO;0.961
70.50	76.50	AMRO;0.966
87.00	91.50	AMRO;0.500
93.00	96.00	AMRO;0.500
97.50	108.00	AMRO;0.884
109.50	112.50	AMRO;0.500
114.00	124.50	AMRO;0.726
129.00	133.50	AMRO;0.769
135.00	139.50	AMRO;0.805
141.00	145.50	AMRO;0.766
147.00	150.00	AMRO;0.500
165.00	169.50	AMRO;0.500
171.00	175.50	AMRO;0.500
177.00	181.50	AMRO;0.973
184.50	190.50	AMRO;0.944
192.00	207.00	AMRO;0.938
208.50	213.00	AMRO;0.715
214.50	219.00	AMRO;0.956
220.50	225.00	AMRO;0.578
226.50	232.50	AMRO;0.995
234.00	238.50	AMRO;0.838
241.50	244.50	AMRO;0.500
247.50	252.00	AMRO;0.885
274.50	279.00	AMRO;0.619
280.50	285.00	AMRO;0.835
291.00	295.50	AMRO;0.976
297.00	300.00	AMRO;0.500
223.50	226.50	BHVI;0.748
15.00	19.50	BRSP;0.672
124.50	127.50	BRSP;0.504
19.50	22.50	BRTH;0.527
40.50	43.50	BRTH;0.531
220.50	223.50	BRTH;0.522
276.00	279.00	BRTH;0.655
289.50	292.50	BRTH;0.559
252.00	256.50	CHSW;0.792
259.50	264.00	CHSW;0.914
0.00	4.50	CHSP;0.792
6.00	10.50	CHSP;0.779
13.50	22.50	CHSP;0.829
27.00	37.50	CHSP;0.870
39.00	102.00	CHSP;1.000
103.50	108.00	CHSP;0.963
109.50	201.00	CHSP;0.998
205.50	211.50	CHSP;0.979
214.50	220.50	CHSP;0.962
223.50	229.50	CHSP;0.912
231.00	238.50	CHSP;0.988
240.00	246.00	CHSP;0.850
258.00	262.50	CHSP;0.500
267.00	273.00	CHSP;0.528
276.00	282.00	CHSP;0.896
286.50	291.00	CHSP;0.808
294.00	300.00	CHSP;0.891
3.00	6.00	DEJU;0.500
7.50	10.50	DEJU;0.500
12.00	15.00	DEJU;0.500
16.50	40.50	DEJU;0.762
42.00	45.00	DEJU;0.664
51.00	54.00	DEJU;0.500
57.00	60.00	DEJU;0.500
64.50	69.00	DEJU;0.696
78.00	81.00	DEJU;0.500
84.00	88.50	DEJU;0.501
91.50	105.00	DEJU;0.548
106.50	117.00	DEJU;0.756
120.00	135.00	DEJU;0.578
136.50	139.50	DEJU;0.512
142.50	154.50	DEJU;0.901
157.50	175.50	DEJU;0.514
177.00	184.50	DEJU;0.724
189.00	198.00	DEJU;0.732
231.00	234.00	DEJU;0.500
235.50	238.50	DEJU;0.500
244.50	247.50	DEJU;0.500
273.00	276.00	DUFL;0.505
111.00	114.00	EABL;0.558
4.50	7.50	EAME;0.570
22.50	27.00	EAME;0.725
106.50	111.00	EAME;0.880
136.50	139.50	EAME;0.577
24.00	27.00	FOSP;0.500
58.50	61.50	FOSP;0.500
108.00	115.50	FOSP;0.655
123.00	127.50	FOSP;0.813
138.00	142.50	FOSP;0.844
156.00	159.00	FOSP;0.565
169.50	172.50	FOSP;0.592
184.50	189.00	FOSP;0.567
201.00	210.00	FOSP;0.855
211.50	216.00	FOSP;0.804
225.00	229.50	FOSP;0.593
237.00	241.50	FOSP;0.722
249.00	253.50	FOSP;0.549
255.00	259.50	FOSP;0.500
286.50	291.00	FOSP;0.839
91.50	97.50	GRCA;0.898
234.00	238.50	GRCA;0.742
183.00	186.00	HOFI;0.528
223.50	226.50	HOWR;0.543
222.00	225.00	LISP;0.704
237.00	240.00	OSFL;0.614
226.50	229.50	OCWA;0.613
207.00	210.00	OROR;0.557
225.00	228.00	OROR;0.566
249.00	253.50	OROR;0.715
286.50	289.50	OROR;0.565
72.00	75.00	PAWA;0.630
150.00	153.00	PAWA;0.652
276.00	279.00	PAWA;0.558
78.00	82.50	PIGR;0.930
219.00	223.50	PISI;0.857
37.50	40.50	PUFI;0.577
58.50	61.50	PUFI;0.524
123.00	126.00	PUFI;0.627
210.00	213.00	PUFI;0.557
237.00	240.00	RECR;0.542
3.00	7.50	RBGR;0.874
33.00	37.50	RBGR;0.808
66.00	69.00	RBGR;0.517
76.50	81.00	RBGR;0.738
103.50	106.50	RBGR;0.532
184.50	189.00	RBGR;0.526
196.50	199.50	RBGR;0.539
36.00	39.00	RUTU;0.550
30.00	34.50	RUGR;0.681
157.50	162.00	RUGR;0.567
220.50	223.50	RUGR;0.557
271.50	276.00	RUGR;0.564
183.00	187.50	SNBU;0.679
201.00	204.00	SNBU;0.706
255.00	259.50	SNBU;0.885
199.50	202.50	SOSA;0.613
151.50	154.50	SWSP;0.587
97.50	102.00	TOSO;0.713
288.00	291.00	VESP;0.507
297.00	300.00	WAVI;0.559
238.50	241.50	WCSP;0.909
166.50	169.50	WILL;0.504
9.00	12.00	YRWA;0.523
