91.50	94.50	AMAV;0.581
237.00	240.00	AMAV;0.557
532.50	535.50	AMAV;0.928
1.50	7.50	AMDI;0.590
12.00	16.50	AMDI;0.683
25.50	30.00	AMDI;0.663
37.50	42.00	AMDI;0.560
51.00	55.50	AMDI;0.530
63.00	67.50	AMDI;0.824
72.00	79.50	AMDI;0.866
88.50	93.00	AMDI;0.500
102.00	105.00	AMDI;0.500
114.00	117.00	AMDI;0.500
127.50	132.00	AMDI;0.545
154.50	157.50	AMDI;0.500
163.50	168.00	AMDI;0.521
175.50	180.00	AMDI;0.500
187.50	192.00	AMDI;0.805
208.50	213.00	AMDI;0.617
234.00	237.00	AMDI;0.500
268.50	271.50	AMDI;0.500
304.50	309.00	AMDI;0.500
328.50	333.00	AMDI;0.663
340.50	345.00	AMDI;0.500
396.00	399.00	AMDI;0.500
460.50	465.00	AMDI;0.502
514.50	517.50	AMDI;0.500
534.00	537.00	AMDI;0.500
565.50	570.00	AMDI;0.592
580.50	583.50	AMDI;0.500
591.00	594.00	AMDI;0.652
117.00	120.00	AMGP;0.682
130.50	133.50	AMGP;0.717
156.00	159.00	AMGP;0.756
177.00	181.50	AMGP;0.671
249.00	252.00	AMGP;0.622
259.50	262.50	AMGP;0.698
307.50	310.50	AMGP;0.670
343.50	346.50	AMGP;0.766
352.50	357.00	BAIS;0.929
135.00	138.00	BCCH;0.534
561.00	564.00	BTNW;0.562
525.00	528.00	BHCO;0.796
82.50	85.50	CHSW;0.616
205.50	208.50	EAME;0.578
475.50	480.00	EAME;0.697
10.50	13.50	FISP;0.572
108.00	111.00	FISP;0.620
295.50	298.50	FISP;0.607
433.50	436.50	FISP;0.557
453.00	456.00	FISP;0.506
507.00	511.50	FISP;0.712
546.00	549.00	FISP;0.573
42.00	46.50	FOSP;0.942
70.50	73.50	FOSP;0.500
94.50	99.00	FOSP;0.876
142.50	147.00	FOSP;0.627
186.00	189.00	FOSP;0.500
193.50	199.50	FOSP;0.964
207.00	210.00	FOSP;0.692
223.50	229.50	FOSP;0.788
241.50	246.00	FOSP;0.744
492.00	496.50	FOSP;0.602
501.00	505.50	FOSP;0.591
511.50	519.00	FOSP;0.500
520.50	523.50	FOSP;0.634
534.00	540.00	FOSP;0.929
582.00	585.00	FOSP;0.500
240.00	243.00	GCSP;0.929
160.50	163.50	HASP;0.736
556.50	561.00	HASP;0.670
313.50	316.50	HOLA;0.749
1.50	6.00	LISP;0.924
13.50	18.00	LISP;0.947
25.50	30.00	LISP;0.815
39.00	43.50	LISP;0.945
52.50	57.00	LISP;0.977
64.50	69.00	LISP;0.928
76.50	81.00	LISP;0.934
90.00	94.50	LISP;0.844
102.00	106.50	LISP;0.979
114.00	118.50	LISP;0.985
127.50	132.00	LISP;0.898
139.50	144.00	LISP;0.962
153.00	157.50	LISP;0.988
163.50	168.00	LISP;0.832
175.50	180.00	LISP;0.935
187.50	192.00	LISP;0.959
198.00	202.50	LISP;0.907
208.50	213.00	LISP;0.929
222.00	226.50	LISP;0.909
234.00	238.50	LISP;0.932
246.00	250.50	LISP;0.946
258.00	261.00	LISP;0.529
268.50	273.00	LISP;0.616
280.50	285.00	LISP;0.762
304.50	309.00	LISP;0.930
318.00	322.50	LISP;0.551
328.50	334.50	LISP;0.775
340.50	345.00	LISP;0.500
355.50	360.00	LISP;0.876
369.00	373.50	LISP;0.941
381.00	385.50	LISP;0.882
408.00	412.50	LISP;0.885
420.00	424.50	LISP;0.946
450.00	453.00	LISP;0.876
460.50	465.00	LISP;0.848
474.00	477.00	LISP;0.500
499.50	504.00	LISP;0.914
513.00	517.50	LISP;0.556
540.00	544.50	LISP;0.899
552.00	556.50	LISP;0.842
565.50	570.00	LISP;0.774
579.00	583.50	LISP;0.875
591.00	595.50	LISP;0.893
382.50	385.50	MAMU;0.516
0.00	3.00	MOCH;0.648
7.50	10.50	MOCH;0.500
16.50	21.00	MOCH;0.744
46.50	51.00	MOCH;0.938
61.50	64.50	MOCH;0.796
76.50	82.50	MOCH;0.802
126.00	129.00	MOCH;0.728
147.00	150.00	MOCH;0.500
157.50	162.00	MOCH;0.500
169.50	174.00	MOCH;0.620
181.50	184.50	MOCH;0.500
204.00	207.00	MOCH;0.510
252.00	258.00	MOCH;0.589
271.50	274.50	MOCH;0.587
276.00	279.00	MOCH;0.951
294.00	298.50	MOCH;0.500
315.00	318.00	MOCH;0.500
339.00	342.00	MOCH;0.500
366.00	369.00	MOCH;0.500
387.00	391.50	MOCH;0.500
406.50	409.50	MOCH;0.500
430.50	433.50	MOCH;0.565
469.50	474.00	MOCH;0.940
492.00	495.00	MOCH;0.555
526.50	532.50	MOCH;0.515
543.00	546.00	MOCH;0.500
586.50	592.50	MOCH;0.701
69.00	72.00	NOCA;0.750
186.00	189.00	PUFI;0.500
205.50	210.00	PUFI;0.568
225.00	228.00	PUFI;0.500
381.00	385.50	PUFI;0.545
408.00	412.50	PUFI;0.559
420.00	424.50	PUFI;0.693
433.50	438.00	PUFI;0.500
450.00	454.50	PUFI;0.897
462.00	466.50	PUFI;0.885
474.00	478.50	PUFI;0.877
489.00	493.50	PUFI;0.859
499.50	504.00	PUFI;0.755
514.50	517.50	PUFI;0.500
526.50	531.00	PUFI;0.500
534.00	538.50	PUFI;0.500
540.00	544.50	PUFI;0.725
552.00	556.50	PUFI;0.781
567.00	571.50	PUFI;0.633
579.00	583.50	PUFI;0.862
592.50	597.00	PUFI;0.880
205.50	208.50	RECR;0.506
534.00	537.00	RECR;0.657
55.50	58.50	RUGR;0.775
66.00	70.50	RUGR;0.828
225.00	228.00	RUGR;0.560
145.50	148.50	RUBL;0.592
292.50	295.50	RUBL;0.537
505.50	508.50	RUBL;0.554
543.00	547.50	RUBL;0.650
510.00	513.00	SAPH;0.515
573.00	576.00	SAPH;0.623
487.50	490.50	SBDO;0.566
70.50	73.50	SNBU;0.534
174.00	178.50	SNBU;0.769
186.00	189.00	SNBU;0.683
207.00	210.00	SNBU;0.507
225.00	228.00	SNBU;0.503
510.00	514.50	SNBU;0.862
394.50	399.00	SOSA;0.754
316.50	319.50	SOSP;0.551
84.00	88.50	SWSP;0.616
96.00	100.50	SWSP;0.709
108.00	111.00	SWSP;0.608
444.00	448.50	SWSP;0.667
456.00	460.50	SWSP;0.728
496.50	501.00	SWSP;0.795
570.00	574.50	SWSP;0.659
589.50	592.50	SWSP;0.809
495.00	498.00	TOSO;0.512
514.50	517.50	TOSO;0.528
22.50	27.00	VATH;0.910
55.50	58.50	VATH;0.500
96.00	100.50	VATH;0.896
103.50	106.50	VATH;0.500
121.50	124.50	VATH;0.500
151.50	154.50	VATH;0.500
160.50	163.50	VATH;0.500
165.00	169.50	VATH;0.906
196.50	199.50	VATH;0.500
219.00	222.00	VATH;0.500
228.00	231.00	VATH;0.500
237.00	241.50	VATH;0.558
249.00	253.50	VATH;0.973
282.00	286.50	VATH;0.694
331.50	343.50	VATH;0.949
358.50	363.00	VATH;0.500
415.50	418.50	VATH;0.500
439.50	444.00	VATH;0.544
447.00	451.50	VATH;0.977
502.50	507.00	VATH;0.928
517.50	522.00	VATH;0.891
556.50	561.00	VATH;0.657
574.50	579.00	VATH;0.500
594.00	598.50	VATH;0.930
51.00	54.00	WEME;0.533
502.50	505.50	WCSP;0.666
4.50	19.50	WTSP;0.984
27.00	31.50	WTSP;0.916
42.00	51.00	WTSP;0.984
57.00	63.00	WTSP;0.992
76.50	82.50	WTSP;0.927
105.00	111.00	WTSP;0.992
121.50	127.50	WTSP;0.990
135.00	139.50	WTSP;0.720
145.50	153.00	WTSP;0.812
159.00	166.50	WTSP;0.997
169.50	175.50	WTSP;0.916
181.50	187.50	WTSP;0.990
201.00	207.00	WTSP;0.978
240.00	244.50	WTSP;0.500
252.00	258.00	WTSP;0.979
271.50	279.00	WTSP;0.996
294.00	298.50	WTSP;0.528
315.00	319.50	WTSP;0.598
388.50	391.50	WTSP;0.500
406.50	411.00	WTSP;0.974
430.50	436.50	WTSP;0.983
451.50	456.00	WTSP;0.869
469.50	474.00	WTSP;0.743
489.00	493.50	WTSP;0.921
507.00	511.50	WTSP;0.970
526.50	532.50	WTSP;0.960
543.00	549.00	WTSP;0.906
561.00	567.00	WTSP;0.965
577.50	582.00	WTSP;0.933
583.50	588.00	WTSP;0.955
589.50	592.50	WTSP;0.797
72.00	75.00	WIWA;0.807
84.00	87.00	WIWA;0.546
291.00	295.50	YRWA;0.502
301.50	306.00	YRWA;0.783
310.50	315.00	YRWA;0.811
340.50	345.00	YRWA;0.883
363.00	367.50	YRWA;0.676
375.00	381.00	YRWA;0.970
387.00	391.50	YRWA;0.697
397.50	402.00	YRWA;0.826
408.00	411.00	YRWA;0.500
432.00	435.00	YRWA;0.500
472.50	477.00	YRWA;0.740
531.00	535.50	YRWA;0.941
552.00	556.50	YRWA;0.552
