112.50	115.50	AMDI;0.553
147.00	150.00	AMRO;0.668
159.00	162.00	AMRO;0.528
166.50	172.50	AMRO;0.807
99.00	103.50	BAOR;0.642
175.50	178.50	BAOR;0.532
28.50	33.00	BEWR;0.911
43.50	46.50	BEWR;0.752
54.00	57.00	BEWR;0.507
82.50	87.00	BLTU;0.613
36.00	39.00	BRSP;0.521
58.50	61.50	BRSP;0.698
63.00	66.00	BRSP;0.631
81.00	84.00	BRSP;0.652
108.00	111.00	BRSP;0.575
139.50	142.50	BRSP;0.511
186.00	190.50	BRSP;0.599
207.00	211.50	BRSP;0.601
219.00	222.00	BRSP;0.542
232.50	235.50	BRSP;0.530
241.50	246.00	BRSP;0.614
45.00	49.50	CHSP;0.500
61.50	66.00	CHSP;0.840
72.00	76.50	CHSP;0.562
81.00	85.50	CHSP;0.500
93.00	96.00	CHSP;0.500
130.50	136.50	CHSP;0.500
138.00	148.50	CHSP;0.879
157.50	168.00	CHSP;0.942
169.50	174.00	CHSP;0.702
183.00	192.00	CHSP;0.951
202.50	211.50	CHSP;0.979
219.00	223.50	CHSP;0.780
229.50	235.50	CHSP;0.755
237.00	240.00	CHSP;0.500
243.00	246.00	CHSP;0.528
250.50	255.00	CHSP;0.664
256.50	261.00	CHSP;0.582
262.50	267.00	CHSP;0.674
274.50	277.50	CHSP;0.500
178.50	181.50	EAME;0.671
22.50	27.00	FISP;0.619
189.00	192.00	FISP;0.506
243.00	246.00	FISP;0.536
0.00	4.50	FOSP;0.963
13.50	18.00	FOSP;0.641
19.50	24.00	FOSP;0.730
27.00	31.50	FOSP;0.709
37.50	46.50	FOSP;0.938
49.50	54.00	FOSP;0.594
67.50	72.00	FOSP;0.912
90.00	94.50	FOSP;0.568
102.00	106.50	FOSP;0.500
130.50	135.00	FOSP;0.642
142.50	145.50	FOSP;0.500
148.50	156.00	FOSP;0.959
174.00	178.50	FOSP;0.952
180.00	184.50	FOSP;0.975
190.50	205.50	FOSP;0.962
211.50	216.00	FOSP;0.923
217.50	228.00	FOSP;0.978
235.50	240.00	FOSP;0.935
243.00	252.00	FOSP;0.976
258.00	265.50	FOSP;0.889
268.50	274.50	FOSP;0.834
280.50	286.50	FOSP;0.905
288.00	292.50	FOSP;0.641
15.00	18.00	GCSP;0.601
79.50	82.50	GCSP;0.628
94.50	97.50	GCSP;0.519
106.50	109.50	GCSP;0.548
120.00	123.00	GCSP;0.696
166.50	169.50	GCSP;0.582
189.00	193.50	GCSP;0.610
205.50	208.50	GCSP;0.655
217.50	223.50	GCSP;0.593
246.00	250.50	GCSP;0.992
270.00	273.00	GCSP;0.565
276.00	280.50	GCSP;0.892
283.50	295.50	GCSP;0.984
112.50	115.50	HASP;0.557
216.00	219.00	HASP;0.502
100.50	103.50	LESA;0.693
3.00	7.50	LISP;0.752
9.00	13.50	LISP;0.806
24.00	28.50	LISP;0.500
30.00	37.50	LISP;0.500
54.00	58.50	LISP;0.500
66.00	69.00	LISP;0.500
70.50	75.00	LISP;0.865
78.00	82.50	LISP;0.633
87.00	91.50	LISP;0.970
93.00	100.50	LISP;0.707
112.50	120.00	LISP;0.804
124.50	129.00	LISP;0.984
132.00	139.50	LISP;0.868
159.00	162.00	LISP;0.500
172.50	177.00	LISP;0.874
186.00	190.50	LISP;0.711
205.50	210.00	LISP;0.500
217.50	222.00	LISP;0.551
228.00	232.50	LISP;0.500
285.00	289.50	LISP;0.560
45.00	48.00	MOCH;0.519
141.00	144.00	MOCH;0.541
177.00	180.00	MOCH;0.848
226.50	229.50	MOCH;0.512
265.50	268.50	MOCH;0.547
271.50	274.50	MOCH;0.651
280.50	283.50	MOCH;0.556
297.00	300.00	MOCH;0.564
19.50	22.50	OROR;0.568
90.00	93.00	PUFI;0.521
223.50	226.50	PUFI;0.575
171.00	175.50	RBGU;0.694
18.00	21.00	ROWR;0.716
151.50	156.00	RBGR;0.827
166.50	169.50	RBGR;0.567
246.00	249.00	SAVS;0.589
129.00	132.00	SNBU;0.717
174.00	177.00	SNBU;0.537
246.00	249.00	SOSP;0.518
250.50	253.50	SOSP;0.628
82.50	85.50	SPGR;0.582
73.50	78.00	SWSP;0.805
105.00	108.00	SWSP;0.528
58.50	61.50	TOSO;0.584
9.00	13.50	VATH;0.975
63.00	67.50	VATH;0.760
94.50	99.00	VATH;0.845
292.50	295.50	VATH;0.551
103.50	106.50	VESP;0.510
220.50	225.00	VESP;0.682
271.50	274.50	VESP;0.560
43.50	46.50	WAVI;0.626
55.50	58.50	WEME;0.555
160.50	163.50	WEME;0.518
4.50	19.50	WCSP;0.984
30.00	33.00	WCSP;0.500
34.50	37.50	WCSP;0.689
39.00	46.50	WCSP;0.962
51.00	60.00	WCSP;0.780
63.00	70.50	WCSP;0.922
90.00	93.00	WCSP;0.500
115.50	124.50	WCSP;0.969
127.50	136.50	WCSP;0.928
145.50	150.00	WCSP;0.895
154.50	159.00	WCSP;0.960
168.00	172.50	WCSP;0.934
180.00	184.50	WCSP;0.500
190.50	198.00	WCSP;0.910
201.00	205.50	WCSP;0.500
207.00	211.50	WCSP;0.810
213.00	231.00	WCSP;0.955
232.50	237.00	WCSP;0.660
249.00	253.50	WCSP;0.500
255.00	259.50	WCSP;0.500
261.00	264.00	WCSP;0.500
267.00	271.50	WCSP;0.953
273.00	292.50	WCSP;0.949
297.00	300.00	WCSP;0.849
4.50	7.50	WTSP;0.500
9.00	16.50	WTSP;0.923
21.00	28.50	WTSP;0.991
31.50	39.00	WTSP;0.974
46.50	64.50	WTSP;0.982
66.00	70.50	WTSP;0.644
72.00	82.50	WTSP;0.993
84.00	90.00	WTSP;0.978
93.00	102.00	WTSP;0.953
103.50	136.50	WTSP;0.993
138.00	145.50	WTSP;0.734
156.00	160.50	WTSP;0.500
162.00	168.00	WTSP;0.990
171.00	174.00	WTSP;0.529
175.50	178.50	WTSP;0.500
184.50	202.50	WTSP;0.977
207.00	223.50	WTSP;0.984
225.00	237.00	WTSP;0.993
240.00	249.00	WTSP;0.990
250.50	258.00	WTSP;0.993
259.50	282.00	WTSP;0.995
283.50	300.00	WTSP;0.997
210.00	214.50	WWCR;0.798
256.50	259.50	WWCR;0.772
