232.50	235.50	BEKI;0.538
12.00	15.00	BCCH;0.502
3.00	6.00	BTBW;0.699
163.50	168.00	CHSW;0.549
186.00	190.50	CHSW;0.500
204.00	208.50	CHSW;0.752
213.00	217.50	CHSW;0.973
240.00	244.50	CHSW;0.940
249.00	253.50	CHSW;0.639
258.00	262.50	CHSW;0.883
265.50	270.00	CHSW;0.546
274.50	279.00	CHSW;0.500
282.00	288.00	CHSW;0.591
222.00	226.50	DEJU;0.763
246.00	249.00	DUNL;0.691
10.50	13.50	EAME;0.541
150.00	153.00	FISP;0.515
210.00	213.00	FISP;0.578
255.00	259.50	FISP;0.701
274.50	279.00	GCSP;0.605
115.50	120.00	HETH;0.580
226.50	229.50	HETH;0.547
1.50	6.00	MOCH;0.718
7.50	10.50	MOCH;0.500
12.00	18.00	MOCH;0.667
28.50	31.50	MOCH;0.500
69.00	73.50	MOCH;0.500
76.50	81.00	MOCH;0.500
124.50	132.00	MOCH;0.594
141.00	150.00	MOCH;0.960
159.00	165.00	MOCH;0.644
180.00	184.50	MOCH;0.835
193.50	198.00	MOCH;0.500
199.50	207.00	MOCH;0.973
211.50	214.50	MOCH;0.507
220.50	229.50	MOCH;0.617
231.00	235.50	MOCH;0.622
255.00	259.50	MOCH;0.500
267.00	273.00	MOCH;0.955
279.00	283.50	MOCH;0.945
292.50	297.00	MOCH;0.529
229.50	234.00	RUTU;0.887
246.00	249.00	RUTU;0.522
70.50	73.50	RUBL;0.583
294.00	297.00	RUBL;0.567
10.50	13.50	SNBU;0.509
15.00	19.50	SPGR;0.593
25.50	28.50	SPGR;0.523
90.00	93.00	SPGR;0.568
105.00	108.00	SPGR;0.566
177.00	180.00	SPGR;0.513
219.00	222.00	SPGR;0.756
265.50	270.00	SWSP;0.517
283.50	286.50	SWSP;0.537
247.50	252.00	VATH;0.887
3.00	6.00	WCSP;0.566
1.50	4.50	WTSP;0.500
12.00	16.50	WTSP;0.793
124.50	129.00	WTSP;0.951
145.50	153.00	WTSP;0.930
160.50	163.50	WTSP;0.500
181.50	184.50	WTSP;0.500
201.00	204.00	WTSP;0.500
220.50	225.00	WTSP;0.638
232.50	235.50	WTSP;0.500
255.00	259.50	WTSP;0.712
267.00	271.50	WTSP;0.963
274.50	282.00	WTSP;0.534
292.50	295.50	WTSP;0.500
222.00	226.50	WIWA;0.987
267.00	270.00	WIWA;0.637
283.50	286.50	WIWA;0.566
