49.50	52.50	AMAV;0.507
172.50	177.00	AGOL;0.841
75.00	78.00	AMPI;0.540
87.00	91.50	AMRO;0.556
195.00	199.50	AMRO;0.514
274.50	279.00	AMRO;0.500
333.00	337.50	AMRO;0.927
339.00	352.50	AMRO;0.985
354.00	366.00	AMRO;0.951
369.00	373.50	AMRO;0.500
376.50	381.00	AMRO;0.509
384.00	388.50	AMRO;0.750
390.00	397.50	AMRO;0.979
399.00	405.00	AMRO;0.978
409.50	415.50	AMRO;0.988
418.50	423.00	AMRO;0.645
427.50	432.00	AMRO;0.569
433.50	439.50	AMRO;0.953
454.50	463.50	AMRO;0.960
466.50	475.50	AMRO;0.928
478.50	496.50	AMRO;0.993
501.00	508.50	AMRO;0.921
511.50	517.50	AMRO;0.903
522.00	528.00	AMRO;0.972
531.00	535.50	AMRO;0.873
537.00	541.50	AMRO;0.989
543.00	549.00	AMRO;0.784
552.00	559.50	AMRO;0.921
564.00	576.00	AMRO;0.958
577.50	580.50	AMRO;0.500
582.00	586.50	AMRO;0.929
597.00	600.00	AMRO;0.563
162.00	165.00	ATSP;0.500
360.00	378.00	ATSP;0.970
346.50	349.50	BAOR;0.688
391.50	396.00	BAOR;0.617
472.50	475.50	BAOR;0.627
532.50	535.50	BAOR;0.526
274.50	277.50	BARS;0.617
253.50	256.50	BHVI;0.807
288.00	291.00	BHVI;0.852
439.50	442.50	BHVI;0.502
402.00	406.50	BOBO;0.705
9.00	12.00	BRSP;0.587
45.00	48.00	BRSP;0.531
66.00	69.00	BRSP;0.597
82.50	85.50	BRSP;0.594
94.50	97.50	BRSP;0.515
117.00	120.00	BRSP;0.519
138.00	141.00	BRSP;0.562
189.00	192.00	BRSP;0.533
250.50	255.00	BRSP;0.597
271.50	276.00	BRSP;0.536
300.00	304.50	BRSP;0.585
381.00	384.00	BRSP;0.590
409.50	414.00	BRSP;0.606
487.50	493.50	BRSP;0.711
499.50	505.50	BRSP;0.618
508.50	511.50	BRSP;0.700
520.50	525.00	BRSP;0.678
297.00	301.50	BRTH;0.666
13.50	18.00	CAFI;0.736
364.50	369.00	CAFI;0.566
93.00	96.00	CHSW;0.667
10.50	13.50	CHSP;0.500
25.50	28.50	CHSP;0.500
45.00	48.00	CHSP;0.500
55.50	60.00	CHSP;0.823
67.50	70.50	CHSP;0.500
82.50	87.00	CHSP;0.519
103.50	109.50	CHSP;0.965
117.00	123.00	CHSP;0.733
126.00	132.00	CHSP;0.864
138.00	141.00	CHSP;0.500
147.00	151.50	CHSP;0.500
214.50	219.00	CHSP;0.607
228.00	232.50	CHSP;0.500
241.50	244.50	CHSP;0.500
261.00	265.50	CHSP;0.500
271.50	276.00	CHSP;0.500
283.50	286.50	CHSP;0.500
289.50	292.50	CHSP;0.500
298.50	304.50	CHSP;0.554
357.00	361.50	CHSP;0.597
367.50	372.00	CHSP;0.500
376.50	387.00	CHSP;0.943
393.00	397.50	CHSP;0.529
399.00	403.50	CHSP;0.531
418.50	423.00	CHSP;0.500
429.00	433.50	CHSP;0.500
436.50	442.50	CHSP;0.682
478.50	483.00	CHSP;0.797
487.50	493.50	CHSP;0.506
499.50	504.00	CHSP;0.643
508.50	514.50	CHSP;0.526
519.00	525.00	CHSP;0.775
540.00	544.50	CHSP;0.817
594.00	600.00	CHSP;0.640
12.00	15.00	DEJU;0.643
54.00	57.00	DEJU;0.610
69.00	72.00	DEJU;0.610
129.00	132.00	DEJU;0.552
136.50	139.50	DEJU;0.504
213.00	216.00	DEJU;0.618
237.00	241.50	DEJU;0.723
249.00	252.00	DEJU;0.685
282.00	286.50	DEJU;0.585
336.00	339.00	DEJU;0.696
367.50	370.50	DEJU;0.520
594.00	597.00	DEJU;0.563
220.50	223.50	EAME;0.679
253.50	256.50	EATO;0.603
288.00	291.00	EATO;0.637
439.50	442.50	EATO;0.700
456.00	459.00	EATO;0.508
0.00	4.50	FOSP;0.589
96.00	100.50	FOSP;0.574
183.00	187.50	FOSP;0.788
222.00	226.50	FOSP;0.888
255.00	259.50	FOSP;0.913
273.00	277.50	FOSP;0.867
289.50	294.00	FOSP;0.792
306.00	310.50	FOSP;0.848
328.50	334.50	FOSP;0.899
349.50	355.50	FOSP;0.933
369.00	376.50	FOSP;0.505
385.50	390.00	FOSP;0.746
391.50	394.50	FOSP;0.500
403.50	409.50	FOSP;0.838
423.00	427.50	FOSP;0.692
441.00	445.50	FOSP;0.904
453.00	462.00	FOSP;0.783
474.00	480.00	FOSP;0.960
495.00	501.00	FOSP;0.977
510.00	520.50	FOSP;0.949
528.00	537.00	FOSP;0.996
544.50	553.50	FOSP;0.982
561.00	565.50	FOSP;0.951
579.00	585.00	FOSP;0.813
375.00	379.50	GRCA;0.806
390.00	393.00	GWTE;0.508
597.00	600.00	GWTE;0.742
183.00	187.50	LASP;0.619
369.00	372.00	LASP;0.553
547.50	550.50	LASP;0.557
87.00	90.00	LISP;0.500
216.00	220.50	LISP;0.967
264.00	268.50	LISP;0.612
276.00	279.00	LISP;0.500
292.50	297.00	LISP;0.929
309.00	312.00	LISP;0.500
316.50	319.50	LISP;0.500
336.00	340.50	LISP;0.593
408.00	412.50	LISP;0.927
517.50	520.50	LISP;0.500
543.00	546.00	LISP;0.511
310.50	313.50	LOSH;0.649
388.50	391.50	LOSH;0.514
27.00	30.00	OCWA;0.561
46.50	49.50	OCWA;0.530
139.50	142.50	OCWA;0.891
264.00	267.00	OCWA;0.851
184.50	187.50	OROR;0.583
328.50	331.50	OROR;0.506
351.00	354.00	OROR;0.510
417.00	420.00	OROR;0.533
453.00	456.00	OROR;0.565
534.00	537.00	OROR;0.573
72.00	76.50	PISI;0.758
160.50	181.50	PISI;0.996
223.50	228.00	PISI;0.626
271.50	289.50	PISI;0.997
295.50	301.50	PISI;0.996
547.50	598.50	PISI;0.998
88.50	91.50	PUFI;0.549
550.50	553.50	PUFI;0.505
36.00	40.50	RWBL;0.766
418.50	421.50	RBGR;0.535
202.50	205.50	RUTU;0.540
235.50	238.50	RUTU;0.511
462.00	465.00	RUTU;0.573
61.50	64.50	RUGR;0.663
144.00	147.00	RUGR;0.515
282.00	285.00	RUGR;0.572
396.00	400.50	RUGR;0.640
477.00	480.00	RUGR;0.587
517.50	522.00	RUGR;0.646
585.00	588.00	RUGR;0.511
49.50	54.00	SAND;0.580
103.50	106.50	SBDO;0.530
499.50	502.50	SBDO;0.519
0.00	3.00	SNBU;0.643
117.00	121.50	SNBU;0.553
219.00	222.00	SNBU;0.874
286.50	289.50	SNBU;0.584
421.50	424.50	SNBU;0.557
510.00	514.50	SNBU;0.677
526.50	529.50	SNBU;0.517
321.00	324.00	SPSA;0.590
534.00	538.50	SWSP;0.687
48.00	51.00	TOSO;0.510
378.00	381.00	TOSO;0.618
393.00	396.00	TOSO;0.537
502.50	505.50	TOSO;0.641
543.00	546.00	TOSO;0.535
556.50	559.50	TOSO;0.595
564.00	567.00	TOSO;0.567
487.50	490.50	TUTI;0.600
498.00	501.00	VESP;0.566
360.00	364.50	WCSP;0.583
366.00	369.00	WCSP;0.520
507.00	510.00	WIWA;0.588
442.50	445.50	WOTH;0.528
69.00	72.00	YERA;0.509
193.50	198.00	YERA;0.687
