264.00	273.00	ATSP;0.701
256.50	259.50	BTNW;0.540
106.50	111.00	FOSP;0.901
199.50	204.00	MOCH;0.500
232.50	237.00	MOCH;0.514
246.00	252.00	MOCH;0.895
262.50	265.50	MOCH;0.595
271.50	276.00	MOCH;0.888
280.50	285.00	MOCH;0.500
288.00	292.50	MOCH;0.500
295.50	300.00	MOCH;0.977
276.00	279.00	SNBU;0.528
180.00	183.00	SPGR;0.620
186.00	196.50	SPGR;0.880
57.00	61.50	SWTH;0.669
139.50	144.00	WEFL;0.723
274.50	279.00	WEFL;0.879
144.00	148.50	WCSP;0.500
249.00	252.00	WCSP;0.500
255.00	259.50	WCSP;0.657
261.00	277.50	WCSP;0.982
280.50	285.00	WCSP;0.686
288.00	292.50	WCSP;0.939
297.00	300.00	WCSP;0.771
247.50	250.50	WTSP;0.580
