3.00	7.50	AMRO;0.500
30.00	60.00	AMRO;0.927
63.00	72.00	AMRO;0.992
76.50	81.00	AMRO;0.980
91.50	97.50	AMRO;0.579
99.00	106.50	AMRO;0.946
117.00	124.50	AMRO;0.788
126.00	138.00	AMRO;0.935
139.50	145.50	AMRO;0.833
148.50	153.00	AMRO;0.637
154.50	160.50	AMRO;0.861
165.00	177.00	AMRO;0.960
181.50	189.00	AMRO;0.785
190.50	234.00	AMRO;0.982
235.50	238.50	AMRO;0.500
240.00	252.00	AMRO;0.971
253.50	279.00	AMRO;0.925
283.50	288.00	AMRO;0.500
108.00	112.50	BAOR;0.651
178.50	181.50	BAOR;0.507
190.50	193.50	BAOR;0.529
211.50	214.50	BBPL;0.602
43.50	48.00	BHGR;0.528
201.00	204.00	BHGR;0.672
276.00	279.00	BHGR;0.661
7.50	10.50	BHVI;0.573
48.00	52.50	BRTH;0.602
84.00	88.50	BRTH;0.640
202.50	205.50	BRTH;0.638
220.50	223.50	BRTH;0.538
234.00	238.50	BRTH;0.614
267.00	270.00	BRTH;0.814
282.00	285.00	CAFI;0.544
94.50	99.00	DEJU;0.707
48.00	51.00	EABL;0.681
139.50	142.50	EABL;0.532
177.00	180.00	EABL;0.742
222.00	225.00	EABL;0.566
96.00	99.00	EATO;0.745
15.00	18.00	FISP;0.703
61.50	66.00	FISP;0.751
78.00	82.50	FISP;0.650
84.00	87.00	FISP;0.538
156.00	159.00	FISP;0.738
294.00	298.50	FISP;0.737
1.50	13.50	FOSP;0.911
16.50	24.00	FOSP;0.925
34.50	37.50	FOSP;0.500
40.50	46.50	FOSP;0.974
60.00	64.50	FOSP;0.663
79.50	84.00	FOSP;0.500
87.00	91.50	FOSP;0.625
97.50	102.00	FOSP;0.534
109.50	115.50	FOSP;0.595
145.50	150.00	FOSP;0.977
178.50	183.00	FOSP;0.925
195.00	198.00	FOSP;0.500
201.00	205.50	FOSP;0.702
217.50	225.00	FOSP;0.551
232.50	237.00	FOSP;0.500
240.00	244.50	FOSP;0.908
259.50	264.00	FOSP;0.757
273.00	277.50	FOSP;0.819
297.00	300.00	FOSP;0.636
1.50	12.00	GCSP;0.760
19.50	27.00	GCSP;0.650
36.00	40.50	GCSP;0.857
43.50	48.00	GCSP;0.525
60.00	66.00	GCSP;0.903
70.50	73.50	GCSP;0.500
79.50	84.00	GCSP;0.500
96.00	100.50	GCSP;0.937
111.00	115.50	GCSP;0.500
124.50	132.00	GCSP;0.602
189.00	198.00	GCSP;0.567
223.50	226.50	GCSP;0.500
244.50	250.50	GCSP;0.500
252.00	255.00	GCSP;0.553
31.50	34.50	GRCA;0.594
57.00	61.50	GRCA;0.585
238.50	241.50	GRCA;0.613
261.00	265.50	GRCA;0.650
7.50	10.50	HETH;0.521
123.00	126.00	HETH;0.541
283.50	288.00	HETH;0.632
45.00	49.50	LALO;0.761
106.50	111.00	LISP;0.500
130.50	135.00	LISP;0.930
141.00	144.00	LISP;0.500
172.50	178.50	LISP;0.981
207.00	211.50	LISP;0.961
231.00	234.00	LISP;0.788
243.00	246.00	LISP;0.722
288.00	292.50	LISP;0.971
51.00	55.50	MOBL;0.628
192.00	195.00	MOBL;0.643
225.00	228.00	MOBL;0.589
265.50	268.50	MOBL;0.931
0.00	4.50	MOCH;0.855
6.00	9.00	MOCH;0.500
22.50	28.50	MOCH;0.594
55.50	58.50	MOCH;0.584
76.50	79.50	MOCH;0.500
85.50	88.50	MOCH;0.745
91.50	97.50	MOCH;0.500
106.50	109.50	MOCH;0.654
114.00	117.00	MOCH;0.500
123.00	126.00	MOCH;0.842
138.00	142.50	MOCH;0.774
147.00	150.00	MOCH;0.500
156.00	159.00	MOCH;0.500
163.50	166.50	MOCH;0.500
172.50	175.50	MOCH;0.500
189.00	192.00	MOCH;0.500
196.50	202.50	MOCH;0.500
259.50	262.50	MOCH;0.500
267.00	270.00	MOCH;0.500
273.00	276.00	MOCH;0.500
280.50	288.00	MOCH;0.500
106.50	109.50	OCWA;0.683
117.00	120.00	OCWA;0.688
19.50	24.00	OROR;0.587
42.00	45.00	OROR;0.671
81.00	84.00	OROR;0.747
97.50	100.50	OROR;0.586
178.50	181.50	OROR;0.519
217.50	222.00	OROR;0.547
192.00	196.50	PIGR;0.596
42.00	45.00	PUFI;0.613
187.50	190.50	PUFI;0.723
246.00	249.00	PUFI;0.664
30.00	43.50	RBGR;0.817
48.00	57.00	RBGR;0.613
63.00	70.50	RBGR;0.883
91.50	96.00	RBGR;0.690
99.00	105.00	RBGR;0.728
108.00	112.50	RBGR;0.519
117.00	124.50	RBGR;0.920
126.00	130.50	RBGR;0.806
133.50	138.00	RBGR;0.964
142.50	145.50	RBGR;0.500
148.50	156.00	RBGR;0.909
162.00	166.50	RBGR;0.543
169.50	177.00	RBGR;0.824
184.50	189.00	RBGR;0.948
190.50	195.00	RBGR;0.708
201.00	208.50	RBGR;0.789
210.00	238.50	RBGR;0.956
240.00	243.00	RBGR;0.500
247.50	256.50	RBGR;0.833
258.00	261.00	RBGR;0.500
262.50	267.00	RBGR;0.721
274.50	288.00	RBGR;0.797
0.00	3.00	RUGR;0.500
18.00	21.00	RUGR;0.500
48.00	51.00	RUGR;0.500
55.50	60.00	RUGR;0.500
63.00	66.00	RUGR;0.500
67.50	70.50	RUGR;0.586
72.00	76.50	RUGR;0.500
78.00	84.00	RUGR;0.901
85.50	88.50	RUGR;0.500
90.00	96.00	RUGR;0.802
97.50	103.50	RUGR;0.731
105.00	118.50	RUGR;0.628
126.00	133.50	RUGR;0.500
180.00	183.00	RUGR;0.632
184.50	187.50	RUGR;0.581
190.50	195.00	RUGR;0.500
205.50	208.50	RUGR;0.500
214.50	219.00	RUGR;0.535
225.00	229.50	RUGR;0.500
232.50	240.00	RUGR;0.500
252.00	259.50	RUGR;0.500
270.00	274.50	RUGR;0.500
288.00	295.50	RUGR;0.813
25.50	28.50	RUBL;0.559
225.00	228.00	SNBU;0.531
294.00	298.50	SOSA;0.737
222.00	225.00	SWTH;0.769
282.00	285.00	SWTH;0.556
28.50	34.50	TOSO;0.520
43.50	48.00	TOSO;0.586
49.50	54.00	TOSO;0.642
55.50	60.00	TOSO;0.500
76.50	79.50	TOSO;0.500
93.00	97.50	TOSO;0.707
124.50	130.50	TOSO;0.500
139.50	144.00	TOSO;0.526
150.00	156.00	TOSO;0.796
163.50	169.50	TOSO;0.957
183.00	186.00	TOSO;0.500
199.50	204.00	TOSO;0.500
208.50	213.00	TOSO;0.500
214.50	219.00	TOSO;0.604
229.50	232.50	TOSO;0.514
237.00	240.00	TOSO;0.500
243.00	246.00	TOSO;0.500
249.00	253.50	TOSO;0.923
255.00	258.00	TOSO;0.500
268.50	271.50	TOSO;0.500
276.00	283.50	TOSO;0.812
232.50	235.50	WEME;0.563
6.00	13.50	WCSP;0.809
87.00	90.00	WCSP;0.500
99.00	102.00	WCSP;0.500
109.50	114.00	WCSP;0.513
129.00	132.00	WCSP;0.500
148.50	151.50	WCSP;0.500
175.50	180.00	WCSP;0.626
229.50	234.00	WCSP;0.500
241.50	246.00	WCSP;0.644
253.50	258.00	WCSP;0.988
265.50	268.50	WCSP;0.500
291.00	295.50	WCSP;0.988
3.00	19.50	WTSP;0.995
22.50	34.50	WTSP;0.997
43.50	46.50	WTSP;0.500
51.00	64.50	WTSP;0.988
70.50	117.00	WTSP;0.997
118.50	141.00	WTSP;0.999
142.50	174.00	WTSP;0.997
175.50	210.00	WTSP;0.998
213.00	217.50	WTSP;0.740
223.50	232.50	WTSP;0.571
237.00	241.50	WTSP;0.966
244.50	249.00	WTSP;0.500
250.50	256.50	WTSP;0.881
259.50	262.50	WTSP;0.500
265.50	271.50	WTSP;0.959
273.00	282.00	WTSP;0.970
286.50	291.00	WTSP;0.770
292.50	297.00	WTSP;0.854
22.50	27.00	WIWA;0.533
37.50	42.00	WIWA;0.916
46.50	52.50	WIWA;0.988
75.00	79.50	WIWA;0.500
85.50	90.00	WIWA;0.632
115.50	118.50	WIWA;0.776
126.00	129.00	WIWA;0.500
130.50	133.50	WOTH;0.598
286.50	289.50	WOTH;0.670
