48.00	52.50	AMRO;0.655
66.00	72.00	AMRO;0.971
46.50	51.00	BAEA;0.746
145.50	150.00	BAOR;0.837
151.50	154.50	BAOR;0.832
78.00	81.00	BLOY;0.515
27.00	31.50	BCCH;0.832
51.00	55.50	BCCH;0.575
64.50	69.00	BCCH;0.662
70.50	75.00	BCCH;0.899
81.00	85.50	BCCH;0.908
93.00	97.50	BCCH;0.817
99.00	103.50	BCCH;0.893
111.00	115.50	BCCH;0.796
135.00	139.50	BCCH;0.613
147.00	151.50	BCCH;0.500
159.00	163.50	BCCH;0.820
171.00	180.00	BCCH;0.861
196.50	201.00	BCCH;0.611
217.50	222.00	BCCH;0.968
235.50	238.50	BCCH;0.659
249.00	256.50	BCCH;0.945
267.00	271.50	BCCH;0.531
273.00	276.00	BCCH;0.500
277.50	282.00	BCCH;0.876
6.00	9.00	BHVI;0.640
66.00	69.00	BRTH;0.636
171.00	174.00	CHSW;0.522
195.00	198.00	CHSW;0.591
13.50	18.00	CHSP;0.654
43.50	46.50	EAME;0.551
96.00	99.00	EATO;0.744
276.00	279.00	EATO;0.514
7.50	12.00	FOSP;0.965
19.50	24.00	FOSP;0.931
30.00	36.00	FOSP;0.995
42.00	46.50	FOSP;0.622
52.50	57.00	FOSP;0.978
63.00	67.50	FOSP;0.500
73.50	78.00	FOSP;0.975
85.50	91.50	FOSP;0.953
96.00	105.00	FOSP;0.996
109.50	114.00	FOSP;0.871
118.50	124.50	FOSP;0.976
130.50	136.50	FOSP;0.892
141.00	147.00	FOSP;0.980
153.00	159.00	FOSP;0.965
213.00	216.00	GCSP;0.563
259.50	264.00	GCSP;0.710
178.50	181.50	HASP;0.575
187.50	190.50	HASP;0.541
34.50	42.00	HETH;0.985
46.50	49.50	HETH;0.500
51.00	54.00	HETH;0.628
55.50	63.00	HETH;0.993
66.00	75.00	HETH;0.574
78.00	82.50	HETH;0.993
84.00	87.00	HETH;0.500
91.50	97.50	HETH;0.714
100.50	109.50	HETH;0.989
112.50	126.00	HETH;0.966
129.00	132.00	HETH;0.967
135.00	139.50	HETH;0.901
141.00	144.00	HETH;0.500
147.00	154.50	HETH;0.978
159.00	180.00	HETH;0.975
181.50	189.00	HETH;0.946
192.00	202.50	HETH;0.739
205.50	213.00	HETH;0.989
214.50	223.50	HETH;0.639
225.00	229.50	HETH;0.986
231.00	240.00	HETH;0.984
243.00	247.50	HETH;0.969
249.00	259.50	HETH;0.877
261.00	268.50	HETH;0.592
270.00	274.50	HETH;0.961
277.50	282.00	HETH;0.500
42.00	45.00	HOFI;0.539
0.00	3.00	LALO;0.991
25.50	28.50	LESA;0.652
12.00	15.00	MAMU;0.505
27.00	31.50	MOCH;0.788
51.00	54.00	MOCH;0.500
69.00	72.00	MOCH;0.500
84.00	87.00	MOCH;0.500
96.00	99.00	MOCH;0.500
115.50	121.50	MOCH;0.500
129.00	132.00	MOCH;0.500
168.00	172.50	MOCH;0.657
189.00	192.00	MOCH;0.850
193.50	198.00	MOCH;0.767
208.50	213.00	MOCH;0.727
220.50	229.50	MOCH;0.500
231.00	243.00	MOCH;0.635
255.00	259.50	MOCH;0.552
270.00	274.50	MOCH;0.500
43.50	46.50	OROR;0.513
109.50	114.00	OROR;0.611
133.50	136.50	OROR;0.553
43.50	46.50	PUFI;0.505
157.50	160.50	PUFI;0.655
25.50	28.50	RUBL;0.500
37.50	42.00	RUBL;0.500
48.00	51.00	RUBL;0.500
57.00	60.00	RUBL;0.500
61.50	66.00	RUBL;0.786
67.50	72.00	RUBL;0.546
76.50	79.50	RUBL;0.500
90.00	94.50	RUBL;0.841
102.00	106.50	RUBL;0.949
108.00	112.50	RUBL;0.784
121.50	126.00	RUBL;0.636
145.50	148.50	RUBL;0.500
151.50	154.50	RUBL;0.500
162.00	166.50	RUBL;0.500
184.50	189.00	RUBL;0.565
199.50	204.00	RUBL;0.672
208.50	213.00	RUBL;0.759
220.50	225.00	RUBL;0.621
231.00	234.00	RUBL;0.500
264.00	268.50	RUBL;0.803
276.00	279.00	RUBL;0.500
100.50	105.00	SNBU;0.613
276.00	279.00	SOSP;0.728
123.00	127.50	SWSP;0.795
3.00	7.50	VATH;0.692
126.00	130.50	VATH;0.900
202.50	205.50	VATH;0.533
214.50	217.50	VATH;0.531
238.50	243.00	VATH;0.841
147.00	150.00	WEFL;0.585
7.50	12.00	WCSP;0.516
21.00	25.50	WCSP;0.729
31.50	36.00	WCSP;0.698
54.00	58.50	WCSP;0.596
75.00	79.50	WCSP;0.509
87.00	91.50	WCSP;0.553
97.50	102.00	WCSP;0.507
120.00	124.50	WCSP;0.500
132.00	136.50	WCSP;0.699
142.50	162.00	WCSP;0.955
181.50	184.50	WCSP;0.500
192.00	196.50	WCSP;0.602
255.00	258.00	WCSP;0.866
84.00	87.00	WTSP;0.500
129.00	132.00	WTSP;0.516
157.50	160.50	WTSP;0.500
172.50	184.50	WTSP;0.998
186.00	196.50	WTSP;0.995
207.00	219.00	WTSP;0.967
223.50	232.50	WTSP;0.997
234.00	237.00	WTSP;0.598
240.00	246.00	WTSP;0.995
258.00	262.50	WTSP;0.824
273.00	277.50	WTSP;0.824
292.50	298.50	WTSP;0.994
87.00	90.00	WWCR;0.559
123.00	127.50	WIWA;0.500
172.50	175.50	WIWA;0.518
196.50	201.00	WIWA;0.527
237.00	241.50	WIWA;0.984
244.50	250.50	WIWA;0.991
258.00	262.50	WIWA;0.956
268.50	273.00	WIWA;0.981
280.50	286.50	WIWA;0.978
295.50	300.00	WIWA;0.981
22.50	27.00	YRWA;0.988
57.00	61.50	YRWA;0.982
79.50	84.00	YRWA;0.981
183.00	187.50	YRWA;0.983
211.50	216.00	YRWA;0.983
229.50	234.00	YRWA;0.989
235.50	238.50	YRWA;0.790
250.50	255.00	YRWA;0.982
261.00	265.50	YRWA;0.982
273.00	277.50	YRWA;0.987
283.50	289.50	YRWA;0.992
297.00	300.00	YRWA;0.963
