183.00	187.50	AMGP;0.593
132.00	135.00	BCCH;0.535
162.00	166.50	BCCH;0.712
223.50	228.00	BCCH;0.509
258.00	262.50	BCCH;0.843
282.00	286.50	BCCH;0.902
283.50	288.00	CHSP;0.982
133.50	136.50	EATO;0.507
147.00	150.00	EATO;0.759
135.00	138.00	FISP;0.694
3.00	6.00	FOSP;0.640
114.00	117.00	FOSP;0.772
0.00	4.50	HETH;0.701
19.50	24.00	HETH;0.974
31.50	34.50	HETH;0.562
36.00	39.00	HETH;0.500
49.50	54.00	HETH;0.734
58.50	66.00	HETH;0.831
67.50	72.00	HETH;0.500
78.00	84.00	HETH;0.837
87.00	91.50	HETH;0.841
108.00	115.50	HETH;0.954
132.00	136.50	HETH;0.614
144.00	147.00	HETH;0.500
169.50	172.50	HETH;0.500
183.00	187.50	HETH;0.520
192.00	196.50	HETH;0.500
228.00	232.50	HETH;0.973
237.00	252.00	HETH;0.943
258.00	262.50	HETH;0.869
273.00	277.50	HETH;0.698
283.50	291.00	HETH;0.500
292.50	297.00	HETH;0.628
85.50	88.50	HOLA;0.552
96.00	99.00	HOLA;0.766
148.50	153.00	HOWR;0.597
244.50	247.50	KILL;0.578
37.50	40.50	LALO;0.640
72.00	75.00	LESA;0.505
28.50	31.50	LISP;0.500
58.50	61.50	LISP;0.500
82.50	87.00	LISP;0.891
133.50	136.50	LISP;0.500
148.50	153.00	LISP;0.504
198.00	202.50	LISP;0.978
214.50	220.50	LISP;0.988
67.50	72.00	MAMU;0.931
0.00	4.50	MOCH;0.966
31.50	34.50	MOCH;0.500
49.50	61.50	MOCH;0.730
78.00	82.50	MOCH;0.788
112.50	115.50	MOCH;0.500
136.50	141.00	MOCH;0.566
162.00	165.00	MOCH;0.500
168.00	172.50	MOCH;0.510
192.00	196.50	MOCH;0.500
204.00	207.00	MOCH;0.500
223.50	232.50	MOCH;0.902
241.50	246.00	MOCH;0.856
247.50	252.00	MOCH;0.649
262.50	271.50	MOCH;0.920
280.50	283.50	MOCH;0.500
288.00	297.00	MOCH;0.801
243.00	247.50	RBGU;0.594
27.00	31.50	RUTU;0.696
79.50	84.00	RUGR;0.680
232.50	235.50	RUGR;0.621
46.50	49.50	RUBL;0.671
79.50	84.00	RUBL;0.691
192.00	196.50	RUBL;0.688
262.50	267.00	RUBL;0.673
87.00	90.00	SSHA;0.599
21.00	25.50	SNBU;0.941
163.50	166.50	WEWP;0.541
10.50	15.00	WCSP;0.707
