0.00	4.50	AMRO;0.841
7.50	15.00	AMRO;0.574
16.50	33.00	AMRO;0.995
42.00	45.00	AMRO;0.500
102.00	105.00	AMRO;0.500
250.50	253.50	AMWO;0.503
301.50	304.50	AMWO;0.618
6.00	9.00	BAOR;0.511
94.50	97.50	BAOR;0.670
34.50	37.50	BEWR;0.651
234.00	237.00	BCCH;0.521
67.50	70.50	BLPW;0.573
69.00	73.50	BRSP;0.929
469.50	472.50	BRSP;0.550
61.50	64.50	CERW;0.512
262.50	265.50	CHSW;0.553
72.00	78.00	CHSP;0.967
568.50	571.50	CHSP;0.505
1.50	7.50	CCSP;0.984
9.00	13.50	CCSP;0.992
18.00	24.00	CCSP;0.992
27.00	36.00	CCSP;0.994
37.50	43.50	CCSP;0.990
45.00	63.00	CCSP;0.992
66.00	84.00	CCSP;0.988
88.50	94.50	CCSP;0.989
99.00	103.50	CCSP;0.994
109.50	114.00	CCSP;0.991
120.00	126.00	CCSP;0.991
129.00	133.50	CCSP;0.992
139.50	144.00	CCSP;0.991
150.00	156.00	CCSP;0.974
160.50	166.50	CCSP;0.990
171.00	175.50	CCSP;0.991
177.00	183.00	CCSP;0.990
186.00	192.00	CCSP;0.990
193.50	199.50	CCSP;0.990
204.00	210.00	CCSP;0.989
213.00	219.00	CCSP;0.993
222.00	228.00	CCSP;0.990
231.00	237.00	CCSP;0.993
244.50	249.00	CCSP;0.996
252.00	256.50	CCSP;0.992
259.50	264.00	CCSP;0.991
265.50	277.50	CCSP;0.992
279.00	285.00	CCSP;0.990
286.50	292.50	CCSP;0.990
294.00	300.00	CCSP;0.980
301.50	307.50	CCSP;0.992
310.50	316.50	CCSP;0.991
319.50	325.50	CCSP;0.990
327.00	333.00	CCSP;0.989
334.50	340.50	CCSP;0.992
342.00	348.00	CCSP;0.991
351.00	357.00	CCSP;0.993
360.00	366.00	CCSP;0.992
372.00	378.00	CCSP;0.992
472.50	477.00	CCSP;0.500
124.50	127.50	DEJU;0.639
3.00	6.00	EABL;0.526
9.00	12.00	EABL;0.543
4.50	9.00	FOSP;0.889
13.50	19.50	FOSP;0.985
24.00	28.50	FOSP;0.925
34.50	40.50	FOSP;0.837
46.50	52.50	FOSP;0.952
469.50	474.00	GRSP;0.784
76.50	81.00	HASP;0.879
157.50	160.50	HASP;0.835
181.50	184.50	HASP;0.531
208.50	211.50	HASP;0.888
226.50	237.00	HASP;0.688
246.00	252.00	HASP;0.675
255.00	261.00	HASP;0.690
294.00	297.00	HASP;0.500
514.50	519.00	HASP;0.628
586.50	589.50	HASP;0.500
217.50	220.50	HETH;0.501
222.00	225.00	HETH;0.511
367.50	370.50	HETH;0.507
21.00	25.50	LISP;0.952
43.50	48.00	LISP;0.789
60.00	64.50	LISP;0.861
75.00	79.50	LISP;0.810
91.50	96.00	LISP;0.571
106.50	109.50	LISP;0.632
124.50	129.00	LISP;0.588
136.50	141.00	LISP;0.827
153.00	157.50	LISP;0.750
166.50	171.00	LISP;0.682
192.00	195.00	LISP;0.500
216.00	220.50	LISP;0.624
315.00	318.00	LISP;0.500
31.50	34.50	MOCH;0.594
64.50	69.00	MOCH;0.961
114.00	118.50	MOCH;0.760
139.50	142.50	MOCH;0.500
165.00	168.00	MOCH;0.500
171.00	174.00	MOCH;0.984
183.00	187.50	MOCH;0.971
189.00	196.50	MOCH;0.737
204.00	207.00	MOCH;0.978
211.50	216.00	MOCH;0.828
220.50	225.00	MOCH;0.893
229.50	237.00	MOCH;0.715
240.00	243.00	MOCH;0.975
249.00	252.00	MOCH;0.912
256.50	261.00	MOCH;0.805
298.50	301.50	MOCH;0.504
309.00	312.00	MOCH;0.571
357.00	360.00	MOCH;0.527
364.50	369.00	MOCH;0.988
469.50	474.00	MOCH;0.721
493.50	498.00	MOCH;0.634
516.00	520.50	MOCH;0.886
108.00	111.00	NRWS;0.573
19.50	22.50	OSFL;0.530
568.50	571.50	PAWA;0.714
3.00	7.50	RUGR;0.500
13.50	22.50	RUGR;0.500
39.00	43.50	RUGR;0.791
46.50	51.00	RUGR;0.500
55.50	60.00	RUGR;0.500
66.00	70.50	RUGR;0.500
81.00	85.50	RUGR;0.500
91.50	94.50	RUGR;0.500
96.00	99.00	RUGR;0.509
109.50	117.00	RUGR;0.500
120.00	126.00	RUGR;0.500
132.00	136.50	RUGR;0.500
150.00	153.00	RUGR;0.500
159.00	162.00	RUGR;0.500
163.50	171.00	RUGR;0.523
174.00	195.00	RUGR;0.852
210.00	217.50	RUGR;0.500
223.50	228.00	RUGR;0.500
232.50	237.00	RUGR;0.500
238.50	243.00	RUGR;0.749
247.50	250.50	RUGR;0.500
255.00	258.00	RUGR;0.500
265.50	268.50	RUGR;0.517
279.00	282.00	RUGR;0.604
283.50	291.00	RUGR;0.648
300.00	309.00	RUGR;0.825
316.50	321.00	RUGR;0.500
324.00	327.00	RUGR;0.500
334.50	351.00	RUGR;0.677
355.50	361.50	RUGR;0.648
363.00	366.00	RUGR;0.500
370.50	376.50	RUGR;0.550
379.50	384.00	RUGR;0.500
387.00	391.50	RUGR;0.500
394.50	400.50	RUGR;0.500
408.00	411.00	RUGR;0.500
430.50	433.50	RUGR;0.573
435.00	439.50	RUGR;0.522
447.00	453.00	RUGR;0.500
457.50	462.00	RUGR;0.500
469.50	474.00	RUGR;0.579
478.50	481.50	RUGR;0.502
522.00	525.00	RUGR;0.500
529.50	534.00	RUGR;0.543
535.50	540.00	RUGR;0.529
571.50	576.00	RUGR;0.781
580.50	585.00	RUGR;0.500
586.50	595.50	RUGR;0.500
597.00	600.00	RUGR;0.500
367.50	370.50	RUBL;0.611
25.50	28.50	SAND;0.521
87.00	90.00	SAND;0.571
540.00	543.00	SAPH;0.522
567.00	570.00	SAPH;0.592
339.00	343.50	SBDO;0.603
12.00	15.00	TOSO;0.609
151.50	156.00	WCSP;0.712
51.00	55.50	WTSP;0.941
64.50	70.50	WTSP;0.876
121.50	127.50	WTSP;0.965
133.50	139.50	WTSP;0.996
147.00	153.00	WTSP;0.996
157.50	163.50	WTSP;0.998
168.00	172.50	WTSP;0.990
181.50	187.50	WTSP;0.977
190.50	195.00	WTSP;0.917
201.00	205.50	WTSP;0.995
210.00	214.50	WTSP;0.993
219.00	223.50	WTSP;0.995
226.50	235.50	WTSP;0.988
237.00	241.50	WTSP;0.994
246.00	252.00	WTSP;0.993
256.50	261.00	WTSP;0.984
295.50	301.50	WTSP;0.986
309.00	315.00	WTSP;0.974
354.00	358.50	WTSP;0.987
457.50	462.00	WTSP;0.992
466.50	474.00	WTSP;0.993
493.50	498.00	WTSP;0.500
514.50	520.50	WTSP;0.836
0.00	3.00	WWCR;0.886
82.50	87.00	WILL;0.677
85.50	90.00	WIWR;0.709
216.00	220.50	YRWA;0.588
