120.00	123.00	AMAV;0.523
144.00	148.50	AMDI;0.774
15.00	18.00	AMGP;0.906
159.00	163.50	AMGP;0.972
187.50	190.50	AMGP;0.509
198.00	202.50	AMGP;0.640
213.00	216.00	AMGP;0.563
277.50	280.50	AMGP;0.526
24.00	27.00	AMRO;0.721
33.00	39.00	AMRO;0.500
54.00	61.50	AMRO;0.832
63.00	67.50	AMRO;0.558
102.00	105.00	AMRO;0.500
133.50	139.50	AMRO;0.899
141.00	144.00	AMRO;0.500
147.00	150.00	AMRO;0.531
154.50	157.50	AMRO;0.508
162.00	172.50	AMRO;0.951
174.00	184.50	AMRO;0.957
189.00	202.50	AMRO;0.975
223.50	229.50	AMRO;0.917
234.00	238.50	AMRO;0.905
240.00	244.50	AMRO;0.500
246.00	255.00	AMRO;0.975
261.00	285.00	AMRO;0.987
286.50	297.00	AMRO;0.992
289.50	292.50	BAOR;0.518
211.50	216.00	BLOY;0.553
259.50	265.50	BLOY;0.929
247.50	250.50	BBPL;0.584
196.50	199.50	BRSP;0.577
219.00	222.00	BRSP;0.505
115.50	118.50	BHCO;0.653
120.00	124.50	BHCO;0.611
51.00	54.00	CHSP;0.500
82.50	85.50	CHSP;0.500
94.50	97.50	CHSP;0.500
112.50	117.00	CHSP;0.599
120.00	124.50	CHSP;0.500
180.00	184.50	CHSP;0.500
256.50	261.00	CHSP;0.642
267.00	277.50	CHSP;0.980
279.00	283.50	CHSP;0.643
286.50	297.00	CHSP;0.764
48.00	52.50	DEJU;0.640
115.50	118.50	EAME;0.515
18.00	21.00	GCSP;0.705
96.00	99.00	GCSP;0.529
139.50	142.50	GCSP;0.530
226.50	229.50	GCSP;0.595
66.00	70.50	GRCA;0.574
172.50	175.50	GRCA;0.771
198.00	201.00	GRCA;0.507
205.50	208.50	GRCA;0.723
211.50	214.50	GRCA;0.805
246.00	249.00	GRCA;0.537
135.00	139.50	GWTE;0.881
142.50	147.00	GWTE;0.604
292.50	295.50	GWTE;0.533
19.50	22.50	HETH;0.516
27.00	30.00	HETH;0.500
51.00	55.50	HETH;0.926
75.00	79.50	HETH;0.597
102.00	105.00	HETH;0.500
120.00	123.00	HETH;0.671
124.50	129.00	HETH;0.815
139.50	144.00	HETH;0.500
228.00	232.50	HETH;0.675
241.50	244.50	HETH;0.752
252.00	258.00	HETH;0.500
282.00	285.00	HETH;0.500
295.50	298.50	HETH;0.500
0.00	3.00	HOWR;0.601
246.00	249.00	LALO;0.536
1.50	6.00	LISP;0.996
7.50	13.50	LISP;0.988
28.50	31.50	LISP;0.500
48.00	51.00	LISP;0.500
54.00	57.00	LISP;0.678
60.00	63.00	LISP;0.591
72.00	76.50	LISP;0.869
78.00	82.50	LISP;0.752
91.50	96.00	LISP;0.869
99.00	102.00	LISP;0.683
106.50	109.50	LISP;0.681
111.00	114.00	LISP;0.555
115.50	120.00	LISP;0.500
124.50	136.50	LISP;0.502
142.50	148.50	LISP;0.882
150.00	154.50	LISP;0.876
157.50	162.00	LISP;0.985
163.50	168.00	LISP;0.806
171.00	181.50	LISP;0.962
184.50	189.00	LISP;0.899
192.00	196.50	LISP;0.882
202.50	207.00	LISP;0.837
208.50	213.00	LISP;0.892
223.50	226.50	LISP;0.822
229.50	234.00	LISP;0.953
237.00	241.50	LISP;0.931
244.50	247.50	LISP;0.724
295.50	298.50	LISP;0.500
120.00	123.00	MAMU;0.670
151.50	156.00	MAMU;0.658
135.00	139.50	MOCH;0.533
147.00	150.00	PIGR;0.506
111.00	114.00	PUFI;0.506
169.50	174.00	PUFI;0.652
186.00	190.50	PUFI;0.545
204.00	211.50	PUFI;0.973
231.00	235.50	PUFI;0.676
7.50	10.50	ROWR;0.725
87.00	90.00	ROWR;0.648
111.00	114.00	ROWR;0.598
130.50	135.00	ROWR;0.531
150.00	153.00	ROWR;0.505
192.00	195.00	ROWR;0.705
222.00	225.00	ROWR;0.787
243.00	247.50	ROWR;0.933
33.00	37.50	RBGR;0.763
178.50	181.50	RBGR;0.586
97.50	100.50	RUTU;0.612
117.00	121.50	RUTU;0.528
156.00	159.00	RUTU;0.531
28.50	31.50	RUBL;0.726
295.50	298.50	RUBL;0.793
69.00	72.00	SNBU;0.564
49.50	52.50	TOSO;0.545
154.50	157.50	TOSO;0.562
193.50	198.00	TOSO;0.530
55.50	58.50	WEME;0.615
10.50	16.50	WCSP;0.989
25.50	28.50	WCSP;0.934
30.00	34.50	WCSP;0.982
40.50	46.50	WCSP;0.986
48.00	51.00	WCSP;0.500
84.00	90.00	WCSP;0.993
103.50	108.00	WCSP;0.990
216.00	223.50	WCSP;0.993
283.50	288.00	WCSP;0.987
297.00	300.00	WCSP;0.976
40.50	45.00	WTSP;0.825
87.00	91.50	WTSP;0.773
