261.00	264.00	AMDI;0.687
481.50	484.50	AGOL;0.535
270.00	274.50	ATSP;0.654
516.00	519.00	BCCH;0.670
354.00	357.00	BRSP;0.500
34.50	37.50	CHSW;0.526
40.50	43.50	CHSW;0.752
63.00	66.00	CHSW;0.639
177.00	181.50	CHSW;0.688
222.00	225.00	CHSW;0.639
243.00	247.50	CHSW;0.751
432.00	435.00	CHSW;0.519
594.00	597.00	CHSW;0.590
325.50	331.50	CHSP;0.973
334.50	340.50	CHSP;0.939
345.00	352.50	CHSP;0.964
354.00	360.00	CHSP;0.936
363.00	369.00	CHSP;0.975
372.00	378.00	CHSP;0.978
379.50	387.00	CHSP;0.887
390.00	396.00	CHSP;0.909
399.00	405.00	CHSP;0.975
409.50	414.00	CHSP;0.911
417.00	421.50	CHSP;0.896
426.00	432.00	CHSP;0.826
436.50	442.50	CHSP;0.985
448.50	451.50	CHSP;0.500
454.50	460.50	CHSP;0.981
465.00	469.50	CHSP;0.920
472.50	478.50	CHSP;0.974
483.00	489.00	CHSP;0.968
495.00	499.50	CHSP;0.942
505.50	511.50	CHSP;0.990
514.50	520.50	CHSP;0.913
525.00	531.00	CHSP;0.974
532.50	538.50	CHSP;0.972
543.00	549.00	CHSP;0.986
553.50	559.50	CHSP;0.984
564.00	570.00	CHSP;0.984
574.50	582.00	CHSP;0.979
586.50	592.50	CHSP;0.943
597.00	600.00	CHSP;0.951
231.00	234.00	DUFL;0.861
117.00	121.50	EAME;0.582
234.00	237.00	EAME;0.594
441.00	445.50	EAME;0.759
79.50	82.50	FISP;0.535
196.50	199.50	FISP;0.575
3.00	7.50	FOSP;0.969
12.00	15.00	FOSP;0.500
18.00	25.50	FOSP;0.968
28.50	34.50	FOSP;0.844
39.00	42.00	FOSP;0.500
55.50	60.00	FOSP;0.510
81.00	85.50	FOSP;0.500
105.00	108.00	FOSP;0.500
111.00	115.50	FOSP;0.500
117.00	121.50	FOSP;0.987
123.00	127.50	FOSP;0.685
129.00	135.00	FOSP;0.985
153.00	162.00	FOSP;0.845
172.50	175.50	FOSP;0.695
180.00	184.50	FOSP;0.753
192.00	196.50	FOSP;0.657
234.00	240.00	FOSP;0.796
247.50	250.50	FOSP;0.500
333.00	337.50	FOSP;0.838
370.50	375.00	FOSP;0.500
396.00	400.50	FOSP;0.845
79.50	82.50	GCSP;0.699
204.00	207.00	GCSP;0.780
529.50	534.00	HAFL;0.927
67.50	70.50	HASP;0.605
226.50	229.50	HASP;0.841
175.50	180.00	HOLA;0.583
208.50	211.50	HOLA;0.520
54.00	57.00	LAZB;0.521
558.00	562.50	LEFL;0.531
343.50	346.50	LESA;0.708
10.50	13.50	LISP;0.575
291.00	294.00	LISP;0.711
487.50	490.50	LISP;0.523
33.00	36.00	MOCH;0.500
51.00	55.50	MOCH;0.829
58.50	63.00	MOCH;0.763
67.50	70.50	MOCH;0.500
79.50	84.00	MOCH;0.500
87.00	90.00	MOCH;0.630
93.00	97.50	MOCH;0.556
129.00	132.00	MOCH;0.934
148.50	151.50	MOCH;0.500
181.50	184.50	MOCH;0.873
195.00	199.50	MOCH;0.574
226.50	235.50	MOCH;0.500
238.50	243.00	MOCH;0.931
252.00	256.50	MOCH;0.500
270.00	273.00	MOCH;0.500
288.00	291.00	MOCH;0.669
295.50	298.50	MOCH;0.500
360.00	363.00	MOCH;0.900
376.50	379.50	MOCH;0.500
430.50	433.50	MOCH;0.500
460.50	463.50	MOCH;0.547
490.50	498.00	MOCH;0.993
504.00	508.50	MOCH;0.500
4.50	9.00	NOWA;0.578
12.00	18.00	NOWA;0.568
82.50	87.00	NOWA;0.500
96.00	100.50	NOWA;0.851
120.00	123.00	NOWA;0.500
198.00	201.00	NOWA;0.500
214.50	219.00	NOWA;0.500
220.50	225.00	NOWA;0.500
307.50	312.00	NOWA;0.636
330.00	333.00	NOWA;0.500
343.50	346.50	NOWA;0.786
351.00	355.50	NOWA;0.788
387.00	391.50	NOWA;0.815
394.50	397.50	NOWA;0.602
502.50	507.00	NOWA;0.500
552.00	555.00	NOWA;0.500
12.00	15.00	OROR;0.601
103.50	106.50	OROR;0.505
123.00	127.50	OROR;0.666
193.50	196.50	OROR;0.638
235.50	238.50	OROR;0.541
52.50	57.00	PISI;0.995
60.00	93.00	PISI;0.998
123.00	126.00	PISI;0.500
130.50	156.00	PISI;0.998
159.00	174.00	PISI;0.994
189.00	192.00	PISI;0.500
193.50	198.00	PISI;0.657
201.00	207.00	PISI;0.880
208.50	220.50	PISI;0.982
246.00	250.50	PISI;0.500
253.50	256.50	PISI;0.500
261.00	294.00	PISI;0.998
298.50	319.50	PISI;0.993
327.00	331.50	PISI;0.778
405.00	408.00	PISI;0.500
411.00	427.50	PISI;0.991
538.50	546.00	PISI;0.500
21.00	24.00	PUFI;0.551
51.00	54.00	PUFI;0.562
153.00	156.00	PUFI;0.667
159.00	162.00	PUFI;0.521
16.50	21.00	RECR;0.557
28.50	31.50	RECR;0.567
178.50	183.00	RECR;0.694
190.50	195.00	RECR;0.646
1.50	4.50	RUGR;0.591
33.00	36.00	RUGR;0.501
183.00	186.00	RUGR;0.592
318.00	321.00	RUGR;0.601
510.00	513.00	RUGR;0.521
93.00	96.00	RUBL;0.704
109.50	112.50	SAPH;0.518
489.00	492.00	SESA;0.617
561.00	565.50	SBDO;0.836
109.50	114.00	SNBU;0.713
123.00	126.00	SNBU;0.500
129.00	132.00	SNBU;0.552
180.00	184.50	SNBU;0.709
190.50	193.50	SNBU;0.712
247.50	250.50	SNBU;0.636
171.00	174.00	SPGR;0.585
0.00	3.00	SWSP;0.776
6.00	10.50	SWSP;0.504
27.00	30.00	SWSP;0.500
34.50	37.50	SWSP;0.579
46.50	51.00	SWSP;0.500
61.50	66.00	SWSP;0.565
84.00	88.50	SWSP;0.797
97.50	102.00	SWSP;0.614
105.00	109.50	SWSP;0.514
114.00	117.00	SWSP;0.500
120.00	124.50	SWSP;0.596
156.00	159.00	SWSP;0.500
177.00	181.50	SWSP;0.500
198.00	204.00	SWSP;0.663
208.50	211.50	SWSP;0.532
214.50	219.00	SWSP;0.546
222.00	225.00	SWSP;0.500
292.50	298.50	SWSP;0.684
300.00	304.50	SWSP;0.643
315.00	319.50	SWSP;0.654
322.50	327.00	SWSP;0.911
330.00	334.50	SWSP;0.892
337.50	342.00	SWSP;0.883
345.00	349.50	SWSP;0.824
351.00	357.00	SWSP;0.647
375.00	378.00	SWSP;0.500
387.00	399.00	SWSP;0.775
402.00	406.50	SWSP;0.503
424.50	427.50	SWSP;0.558
432.00	435.00	SWSP;0.500
439.50	442.50	SWSP;0.593
453.00	456.00	SWSP;0.662
489.00	493.50	SWSP;0.500
496.50	501.00	SWSP;0.520
502.50	507.00	SWSP;0.665
510.00	514.50	SWSP;0.796
552.00	556.50	SWSP;0.551
55.50	60.00	TEWA;0.795
97.50	100.50	TEWA;0.591
213.00	217.50	TEWA;0.652
189.00	192.00	TOSO;0.528
270.00	273.00	WEFL;0.530
460.50	463.50	WEWP;0.670
58.50	63.00	WCSP;0.925
81.00	85.50	WCSP;0.750
88.50	91.50	WCSP;0.641
94.50	99.00	WCSP;0.981
156.00	159.00	WCSP;0.500
207.00	210.00	WCSP;0.500
319.50	322.50	WCSP;0.500
501.00	505.50	WCSP;0.500
520.50	523.50	WCSP;0.500
13.50	19.50	WTSP;0.993
30.00	36.00	WTSP;0.993
48.00	55.50	WTSP;0.951
60.00	63.00	WTSP;0.500
67.50	73.50	WTSP;0.997
87.00	94.50	WTSP;0.997
126.00	130.50	WTSP;0.994
136.50	139.50	WTSP;0.500
147.00	151.50	WTSP;0.946
162.00	168.00	WTSP;0.984
183.00	189.00	WTSP;0.995
195.00	199.50	WTSP;0.500
204.00	210.00	WTSP;0.997
226.50	232.50	WTSP;0.998
240.00	243.00	WTSP;0.500
249.00	256.50	WTSP;0.993
267.00	273.00	WTSP;0.999
285.00	291.00	WTSP;0.993
297.00	300.00	WTSP;0.575
319.50	325.50	WTSP;0.999
339.00	345.00	WTSP;0.997
357.00	363.00	WTSP;0.995
378.00	384.00	WTSP;0.998
406.50	412.50	WTSP;0.997
426.00	433.50	WTSP;0.986
460.50	468.00	WTSP;0.997
469.50	472.50	WTSP;0.500
492.00	498.00	WTSP;0.990
501.00	508.50	WTSP;0.530
520.50	526.50	WTSP;0.995
22.50	27.00	WIWR;0.579
481.50	486.00	YEWA;0.639
22.50	27.00	YRWA;0.579
367.50	372.00	YRWA;0.988
381.00	385.50	YRWA;0.893
390.00	393.00	YRWA;0.500
481.50	486.00	YRWA;0.734
