211.50	214.50	AMAV;0.553
118.50	123.00	AMDI;0.721
159.00	162.00	AMDI;0.508
216.00	219.00	AMDI;0.520
228.00	231.00	AMDI;0.587
145.50	148.50	AMGP;0.592
0.00	4.50	AMRO;0.677
25.50	33.00	AMRO;0.751
40.50	46.50	AMRO;0.681
52.50	60.00	AMRO;0.798
64.50	69.00	AMRO;0.562
73.50	81.00	AMRO;0.678
96.00	99.00	AMRO;0.571
100.50	105.00	AMRO;0.503
108.00	114.00	AMRO;0.562
121.50	129.00	AMRO;0.500
135.00	138.00	AMRO;0.513
153.00	162.00	AMRO;0.620
175.50	184.50	AMRO;0.821
202.50	207.00	AMRO;0.500
216.00	226.50	AMRO;0.987
250.50	253.50	AMRO;0.718
283.50	288.00	AMRO;0.500
12.00	15.00	BAOR;0.566
222.00	225.00	BAOR;0.518
216.00	219.00	BEWR;0.514
30.00	33.00	BCCH;0.500
75.00	79.50	BCCH;0.640
54.00	58.50	BHGR;0.624
280.50	283.50	BLJA;0.699
25.50	28.50	BRSP;0.531
78.00	81.00	BRSP;0.541
277.50	280.50	BRSP;0.538
205.50	210.00	BRTH;0.788
88.50	91.50	BUOR;0.582
297.00	300.00	CAFI;0.761
25.50	30.00	CHSP;0.520
33.00	37.50	CHSP;0.643
39.00	43.50	CHSP;0.500
60.00	66.00	CHSP;0.598
70.50	75.00	CHSP;0.500
76.50	81.00	CHSP;0.634
85.50	91.50	CHSP;0.876
108.00	112.50	CHSP;0.503
121.50	133.50	CHSP;0.964
144.00	147.00	CHSP;0.500
175.50	180.00	CHSP;0.771
181.50	187.50	CHSP;0.902
189.00	195.00	CHSP;0.929
196.50	201.00	CHSP;0.500
204.00	210.00	CHSP;0.802
220.50	225.00	CHSP;0.722
229.50	234.00	CHSP;0.500
237.00	241.50	CHSP;0.697
246.00	249.00	CHSP;0.500
253.50	258.00	CHSP;0.787
285.00	289.50	CHSP;0.655
72.00	76.50	DEJU;0.668
192.00	195.00	EAME;0.593
207.00	210.00	EAME;0.520
126.00	129.00	EAWP;0.604
21.00	25.50	FISP;0.661
6.00	10.50	FOSP;0.500
25.50	28.50	FOSP;0.500
37.50	42.00	FOSP;0.564
51.00	55.50	FOSP;0.500
93.00	96.00	FOSP;0.584
103.50	108.00	FOSP;0.895
114.00	120.00	FOSP;0.845
138.00	145.50	FOSP;0.885
147.00	154.50	FOSP;0.991
162.00	168.00	FOSP;0.604
174.00	178.50	FOSP;0.739
186.00	190.50	FOSP;0.725
199.50	204.00	FOSP;0.862
214.50	217.50	FOSP;0.500
226.50	237.00	FOSP;0.987
238.50	252.00	FOSP;0.890
255.00	273.00	FOSP;0.991
274.50	280.50	FOSP;0.935
283.50	298.50	FOSP;0.892
21.00	24.00	GCSP;0.567
51.00	54.00	GCSP;0.537
169.50	172.50	GCSP;0.570
268.50	271.50	GCSP;0.593
279.00	282.00	GCSP;0.620
123.00	127.50	HETH;0.823
156.00	160.50	HETH;0.812
168.00	171.00	HETH;0.670
178.50	181.50	HETH;0.551
189.00	192.00	HETH;0.655
270.00	273.00	LALO;0.503
160.50	163.50	LASP;0.648
255.00	259.50	LASP;0.843
295.50	298.50	LASP;0.625
3.00	7.50	LISP;0.701
15.00	19.50	LISP;0.633
28.50	33.00	LISP;0.722
67.50	72.00	LISP;0.974
81.00	84.00	LISP;0.506
97.50	100.50	LISP;0.500
145.50	150.00	LISP;0.671
159.00	163.50	LISP;0.531
172.50	175.50	LISP;0.925
186.00	190.50	LISP;0.500
240.00	244.50	LISP;0.796
213.00	216.00	MAMU;0.537
169.50	172.50	MOBL;0.543
33.00	36.00	MOCH;0.607
48.00	52.50	MOCH;0.645
220.50	223.50	MOCH;0.581
282.00	285.00	MOCH;0.589
39.00	42.00	OROR;0.676
88.50	91.50	PAWA;0.511
117.00	120.00	PAWA;0.557
127.50	130.50	PAWA;0.727
153.00	156.00	PAWA;0.693
177.00	180.00	PAWA;0.545
81.00	85.50	PUFI;0.626
93.00	99.00	PUFI;0.701
108.00	111.00	PUFI;0.591
184.50	189.00	PUFI;0.594
241.50	246.00	PUFI;0.587
268.50	273.00	PUFI;0.686
276.00	279.00	PUFI;0.638
282.00	286.50	PUFI;0.614
289.50	292.50	PUFI;0.517
16.50	19.50	REVI;0.505
28.50	31.50	REVI;0.567
54.00	58.50	REVI;0.664
64.50	67.50	RBGR;0.578
132.00	135.00	RUTU;0.592
12.00	15.00	RUGR;0.615
123.00	126.00	RUGR;0.513
252.00	255.00	RUGR;0.514
70.50	75.00	RUBL;0.670
225.00	228.00	RUBL;0.615
282.00	285.00	RUBL;0.501
195.00	198.00	SBDO;0.628
7.50	10.50	SNBU;0.724
85.50	90.00	SNBU;0.832
139.50	142.50	SNBU;0.558
148.50	151.50	SNBU;0.516
160.50	165.00	SNBU;0.785
243.00	247.50	SNBU;0.572
276.00	279.00	SNBU;0.633
288.00	294.00	SNBU;0.831
1.50	6.00	TOSO;0.595
52.50	55.50	TOSO;0.550
73.50	76.50	TOSO;0.600
99.00	103.50	TOSO;0.842
106.50	109.50	TOSO;0.538
124.50	129.00	TOSO;0.732
225.00	228.00	TOSO;0.664
228.00	232.50	VESP;0.550
208.50	213.00	WEWP;0.636
4.50	9.00	WCSP;0.939
13.50	18.00	WCSP;0.989
22.50	25.50	WCSP;0.500
58.50	61.50	WCSP;0.500
67.50	70.50	WCSP;0.500
76.50	79.50	WCSP;0.500
84.00	88.50	WCSP;0.500
102.00	105.00	WCSP;0.500
112.50	115.50	WCSP;0.500
126.00	130.50	WCSP;0.715
135.00	139.50	WCSP;0.932
142.50	150.00	WCSP;0.760
151.50	154.50	WCSP;0.500
174.00	177.00	WCSP;0.500
178.50	181.50	WCSP;0.500
201.00	204.00	WCSP;0.500
220.50	223.50	WCSP;0.500
229.50	234.00	WCSP;0.656
247.50	250.50	WCSP;0.749
264.00	268.50	WCSP;0.500
279.00	282.00	WCSP;0.806
288.00	291.00	WCSP;0.500
3.00	7.50	WTSP;0.500
12.00	15.00	WTSP;0.500
21.00	25.50	WTSP;0.716
31.50	34.50	WTSP;0.616
43.50	49.50	WTSP;0.969
51.00	54.00	WTSP;0.500
58.50	61.50	WTSP;0.500
75.00	82.50	WTSP;0.913
84.00	94.50	WTSP;0.699
99.00	105.00	WTSP;0.837
108.00	115.50	WTSP;0.987
130.50	135.00	WTSP;0.583
142.50	145.50	WTSP;0.500
169.50	174.00	WTSP;0.703
178.50	183.00	WTSP;0.531
204.00	208.50	WTSP;0.609
229.50	232.50	WTSP;0.500
237.00	241.50	WTSP;0.554
246.00	249.00	WTSP;0.504
277.50	282.00	WTSP;0.658
297.00	300.00	WTSP;0.820
