61.50	64.50	AMDI;0.539
133.50	136.50	AMDI;0.529
153.00	156.00	AMRO;0.530
225.00	229.50	BRSP;0.593
3.00	6.00	CAFI;0.529
220.50	225.00	CAFI;0.641
184.50	187.50	DEJU;0.654
196.50	199.50	DEJU;0.501
277.50	280.50	EATO;0.528
250.50	255.00	FISP;0.686
67.50	70.50	FOSP;0.852
262.50	265.50	GCSP;0.539
297.00	300.00	GCSP;0.565
76.50	79.50	GWTE;0.675
291.00	294.00	HASP;0.600
261.00	264.00	HOLA;0.533
267.00	270.00	HOLA;0.683
271.50	276.00	HOLA;0.803
252.00	256.50	KILL;0.704
4.50	9.00	LISP;0.500
48.00	52.50	LISP;0.880
60.00	64.50	LISP;0.865
72.00	79.50	LISP;0.948
85.50	90.00	LISP;0.500
96.00	102.00	LISP;0.973
103.50	108.00	LISP;0.545
109.50	114.00	LISP;0.847
117.00	126.00	LISP;0.532
130.50	139.50	LISP;0.872
145.50	151.50	LISP;0.854
157.50	165.00	LISP;0.570
169.50	174.00	LISP;0.500
181.50	186.00	LISP;0.955
195.00	198.00	LISP;0.500
208.50	211.50	LISP;0.647
219.00	225.00	LISP;0.599
232.50	235.50	LISP;0.500
259.50	264.00	LISP;0.500
202.50	207.00	LBDO;0.828
267.00	270.00	MOCH;0.601
286.50	289.50	MOCH;0.581
58.50	61.50	OSFL;0.832
231.00	238.50	OSFL;0.893
64.50	69.00	PISI;0.500
255.00	267.00	PISI;0.950
268.50	276.00	PISI;0.913
106.50	109.50	PUFI;0.611
12.00	15.00	RUTU;0.555
229.50	232.50	SAND;0.542
69.00	72.00	SBDO;0.558
10.50	13.50	SNBU;0.560
3.00	6.00	TBLO;0.549
75.00	79.50	TOSO;0.634
244.50	247.50	WEWP;0.615
160.50	163.50	WHIM;0.565
165.00	169.50	WHIM;0.688
175.50	180.00	WHIM;0.593
198.00	204.00	WTSP;0.912
244.50	247.50	WTSP;0.500
249.00	256.50	WTSP;0.544
261.00	265.50	WTSP;0.798
267.00	273.00	WTSP;0.799
285.00	289.50	WTSP;0.915
291.00	295.50	WTSP;0.751
297.00	300.00	WTSP;0.657
121.50	126.00	YRWA;0.740
181.50	184.50	YRWA;0.664
