18.00	21.00	AMDI;0.556
334.50	337.50	AMGP;0.646
483.00	486.00	AMGP;0.767
223.50	226.50	AMRO;0.633
346.50	349.50	BEWR;0.569
484.50	487.50	BBPL;0.517
210.00	213.00	BTNW;0.678
70.50	75.00	BHVI;0.895
124.50	129.00	BHVI;0.931
133.50	138.00	BHVI;0.511
183.00	187.50	BHVI;0.641
249.00	252.00	BHVI;0.500
268.50	271.50	BHVI;0.500
148.50	151.50	BRBL;0.571
286.50	291.00	BRSP;0.733
295.50	298.50	BRSP;0.580
21.00	24.00	CHSW;0.839
292.50	297.00	CHSW;0.780
304.50	307.50	CHSW;0.539
345.00	348.00	CHSW;0.535
352.50	355.50	CHSW;0.630
384.00	387.00	CHSW;0.548
421.50	424.50	CHSW;0.568
457.50	460.50	CHSW;0.650
565.50	568.50	CHSW;0.632
561.00	564.00	DEJU;0.640
528.00	531.00	EAME;0.631
4.50	7.50	EATO;0.500
10.50	19.50	EATO;0.580
28.50	31.50	EATO;0.525
40.50	43.50	EATO;0.500
57.00	61.50	EATO;0.500
70.50	78.00	EATO;0.921
84.00	87.00	EATO;0.500
90.00	93.00	EATO;0.851
99.00	103.50	EATO;0.771
123.00	127.50	EATO;0.500
132.00	136.50	EATO;0.863
157.50	160.50	EATO;0.500
166.50	169.50	EATO;0.500
183.00	187.50	EATO;0.826
190.50	193.50	EATO;0.500
219.00	222.00	EATO;0.500
231.00	234.00	EATO;0.500
235.50	238.50	EATO;0.500
249.00	252.00	EATO;0.500
268.50	271.50	EATO;0.905
306.00	309.00	EATO;0.500
397.50	402.00	EATO;0.500
414.00	417.00	EATO;0.500
429.00	433.50	EATO;0.500
448.50	454.50	EATO;0.500
273.00	276.00	EUST;0.525
88.50	91.50	FISP;0.537
1.50	7.50	FOSP;0.954
10.50	19.50	FOSP;0.921
25.50	34.50	FOSP;0.948
40.50	46.50	FOSP;0.975
58.50	64.50	FOSP;0.967
70.50	79.50	FOSP;0.805
85.50	96.00	FOSP;0.923
102.00	111.00	FOSP;0.936
117.00	121.50	FOSP;0.854
133.50	138.00	FOSP;0.874
150.00	154.50	FOSP;0.975
159.00	163.50	FOSP;0.910
174.00	178.50	FOSP;0.906
190.50	196.50	FOSP;0.954
204.00	213.00	FOSP;0.977
219.00	225.00	FOSP;0.983
232.50	241.50	FOSP;0.962
246.00	255.00	FOSP;0.950
259.50	264.00	FOSP;0.971
270.00	274.50	FOSP;0.966
276.00	280.50	FOSP;0.876
306.00	310.50	FOSP;0.530
321.00	325.50	FOSP;0.948
336.00	340.50	FOSP;0.840
352.50	357.00	FOSP;0.883
367.50	372.00	FOSP;0.912
384.00	388.50	FOSP;0.943
397.50	402.00	FOSP;0.789
414.00	418.50	FOSP;0.824
432.00	436.50	FOSP;0.796
450.00	453.00	FOSP;0.500
465.00	469.50	FOSP;0.825
484.50	492.00	FOSP;0.921
501.00	508.50	FOSP;0.911
514.50	519.00	FOSP;0.817
520.50	526.50	FOSP;0.970
535.50	540.00	FOSP;0.897
592.50	597.00	FOSP;0.728
10.50	15.00	GCSP;0.803
45.00	48.00	GCSP;0.715
226.50	229.50	GCSP;0.575
232.50	237.00	GCSP;0.651
243.00	247.50	GCSP;0.690
378.00	382.50	GCSP;0.627
396.00	399.00	GCSP;0.521
255.00	259.50	HASP;0.522
291.00	294.00	HASP;0.531
523.50	526.50	HASP;0.596
84.00	87.00	HETH;0.776
132.00	135.00	HETH;0.674
157.50	160.50	HETH;0.718
217.50	220.50	HETH;0.534
360.00	363.00	HETH;0.687
397.50	400.50	HETH;0.551
88.50	91.50	HOWR;0.677
34.50	37.50	LISP;0.566
52.50	57.00	LISP;0.762
87.00	91.50	LISP;0.541
103.50	108.00	LISP;0.611
118.50	123.00	LISP;0.893
136.50	141.00	LISP;0.631
153.00	157.50	LISP;0.773
171.00	175.50	LISP;0.753
187.50	192.00	LISP;0.910
205.50	210.00	LISP;0.833
222.00	228.00	LISP;0.970
258.00	262.50	LISP;0.904
273.00	277.50	LISP;0.714
279.00	282.00	LISP;0.500
289.50	295.50	LISP;0.647
306.00	310.50	LISP;0.820
319.50	322.50	LISP;0.500
325.50	328.50	LISP;0.500
331.50	336.00	LISP;0.665
346.50	351.00	LISP;0.824
360.00	367.50	LISP;0.836
388.50	391.50	LISP;0.734
402.00	406.50	LISP;0.940
516.00	520.50	LISP;0.500
532.50	535.50	LISP;0.740
544.50	549.00	LISP;0.511
160.50	163.50	MGWA;0.555
228.00	231.00	MGWA;0.663
267.00	270.00	MGWA;0.523
429.00	432.00	MGWA;0.554
474.00	477.00	MGWA;0.539
499.50	504.00	MAMU;0.857
499.50	502.50	MOBL;0.543
144.00	147.00	MOCH;0.545
198.00	201.00	MOCH;0.765
226.50	229.50	MOCH;0.609
372.00	375.00	MOCH;0.894
381.00	384.00	MOCH;0.681
423.00	426.00	MOCH;0.607
576.00	580.50	MOCH;0.801
387.00	390.00	MOWA;0.731
447.00	450.00	PROW;0.570
324.00	327.00	REVI;0.536
355.50	358.50	REVI;0.538
538.50	541.50	REVI;0.683
33.00	37.50	RUGR;0.650
513.00	516.00	RUGR;0.520
297.00	300.00	RUBL;0.611
435.00	438.00	RUBL;0.503
574.50	577.50	RUBL;0.578
36.00	39.00	SBIG;0.751
463.50	466.50	SNBU;0.540
501.00	505.50	SNBU;0.528
513.00	517.50	SNBU;0.790
18.00	22.50	SOSA;0.509
147.00	151.50	SOSA;0.806
160.50	165.00	SOSA;0.500
172.50	177.00	SOSA;0.608
184.50	189.00	SOSA;0.791
198.00	205.50	SOSA;0.938
214.50	219.00	SOSA;0.707
228.00	234.00	SOSA;0.768
240.00	244.50	SOSA;0.941
253.50	258.00	SOSA;0.507
265.50	270.00	SOSA;0.598
318.00	324.00	SOSA;0.602
429.00	433.50	SOSA;0.547
444.00	448.50	SOSA;0.803
474.00	478.50	SOSA;0.542
487.50	492.00	SOSA;0.830
558.00	562.50	SOSA;0.512
573.00	577.50	SOSA;0.825
588.00	592.50	SOSA;0.779
99.00	102.00	SOSP;0.807
165.00	169.50	SOSP;0.759
79.50	84.00	SPSA;0.719
526.50	529.50	SWHA;0.564
10.50	15.00	VATH;0.500
19.50	24.00	VATH;0.600
49.50	54.00	VATH;0.965
67.50	72.00	VATH;0.500
78.00	81.00	VATH;0.803
82.50	85.50	VATH;0.500
94.50	97.50	VATH;0.858
112.50	117.00	VATH;0.715
144.00	150.00	VATH;0.945
156.00	165.00	VATH;0.652
169.50	175.50	VATH;0.500
181.50	186.00	VATH;0.987
189.00	192.00	VATH;0.500
195.00	199.50	VATH;0.569
226.50	229.50	VATH;0.500
232.50	237.00	VATH;0.840
243.00	249.00	VATH;0.733
255.00	259.50	VATH;0.907
267.00	271.50	VATH;0.702
279.00	286.50	VATH;0.867
291.00	298.50	VATH;0.832
301.50	307.50	VATH;0.720
310.50	315.00	VATH;0.987
336.00	345.00	VATH;0.805
346.50	351.00	VATH;0.532
355.50	360.00	VATH;0.980
366.00	370.50	VATH;0.793
376.50	381.00	VATH;0.798
391.50	396.00	VATH;0.968
408.00	412.50	VATH;0.842
417.00	421.50	VATH;0.982
424.50	430.50	VATH;0.953
438.00	442.50	VATH;0.503
454.50	457.50	VATH;0.500
480.00	484.50	VATH;0.978
490.50	499.50	VATH;0.866
517.50	522.00	VATH;0.500
523.50	531.00	VATH;0.962
543.00	546.00	VATH;0.500
547.50	550.50	VATH;0.500
562.50	571.50	VATH;0.932
580.50	588.00	VATH;0.977
591.00	598.50	VATH;0.905
10.50	13.50	WCSP;0.536
117.00	120.00	WCSP;0.548
204.00	208.50	WCSP;0.599
219.00	222.00	WCSP;0.576
274.50	277.50	WCSP;0.587
286.50	289.50	WCSP;0.627
291.00	294.00	WCSP;0.564
10.50	15.00	WTSP;0.500
19.50	24.00	WTSP;0.976
33.00	37.50	WTSP;0.885
43.50	49.50	WTSP;0.918
54.00	60.00	WTSP;0.960
66.00	72.00	WTSP;0.971
81.00	93.00	WTSP;0.985
96.00	103.50	WTSP;0.975
106.50	109.50	WTSP;0.500
111.00	121.50	WTSP;0.908
129.00	133.50	WTSP;0.882
138.00	145.50	WTSP;0.997
151.50	156.00	WTSP;0.787
157.50	160.50	WTSP;0.500
162.00	181.50	WTSP;0.970
186.00	190.50	WTSP;0.931
195.00	201.00	WTSP;0.993
213.00	219.00	WTSP;0.983
223.50	229.50	WTSP;0.927
241.50	247.50	WTSP;0.752
253.50	258.00	WTSP;0.972
262.50	267.00	WTSP;0.993
271.50	276.00	WTSP;0.960
279.00	285.00	WTSP;0.975
288.00	294.00	WTSP;0.938
298.50	304.50	WTSP;0.993
313.50	319.50	WTSP;0.993
324.00	330.00	WTSP;0.984
334.50	342.00	WTSP;0.945
346.50	349.50	WTSP;0.500
357.00	361.50	WTSP;0.966
369.00	373.50	WTSP;0.995
378.00	382.50	WTSP;0.953
394.50	399.00	WTSP;0.964
408.00	414.00	WTSP;0.958
420.00	426.00	WTSP;0.989
436.50	441.00	WTSP;0.995
574.50	580.50	WTSP;0.679
585.00	591.00	WTSP;0.995
595.50	600.00	WTSP;0.986
109.50	112.50	WIFL;0.606
153.00	156.00	WIFL;0.597
0.00	4.50	WIWA;0.970
6.00	10.50	WIWA;0.993
13.50	19.50	WIWA;0.995
22.50	27.00	WIWA;0.993
28.50	34.50	WIWA;0.985
37.50	43.50	WIWA;0.995
46.50	51.00	WIWA;0.991
55.50	61.50	WIWA;0.993
63.00	69.00	WIWA;0.992
165.00	169.50	WIWA;0.500
174.00	180.00	WIWA;0.895
184.50	187.50	WIWA;0.500
342.00	348.00	WIWA;0.989
349.50	354.00	WIWA;0.985
358.50	363.00	WIWA;0.990
366.00	370.50	WIWA;0.991
373.50	378.00	WIWA;0.981
381.00	385.50	WIWA;0.984
390.00	394.50	WIWA;0.983
397.50	402.00	WIWA;0.972
406.50	411.00	WIWA;0.989
414.00	418.50	WIWA;0.991
423.00	427.50	WIWA;0.988
430.50	436.50	WIWA;0.989
439.50	444.00	WIWA;0.988
450.00	454.50	WIWA;0.986
459.00	463.50	WIWA;0.991
466.50	472.50	WIWA;0.991
475.50	481.50	WIWA;0.991
486.00	490.50	WIWA;0.989
496.50	501.00	WIWA;0.992
505.50	511.50	WIWA;0.989
517.50	523.50	WIWA;0.991
529.50	534.00	WIWA;0.991
540.00	544.50	WIWA;0.991
550.50	555.00	WIWA;0.989
567.00	571.50	WIWA;0.993
576.00	582.00	WIWA;0.992
589.50	594.00	WIWA;0.993
306.00	309.00	YRWA;0.682
346.50	351.00	YRWA;0.659
