114.00	118.50	AMAV;0.601
36.00	39.00	AMDI;0.728
219.00	222.00	AMDI;0.501
132.00	136.50	AMGP;0.676
184.50	187.50	AMGP;0.632
192.00	196.50	AMGP;0.755
204.00	207.00	AMGP;0.663
214.50	219.00	AMGP;0.916
261.00	264.00	AMGP;0.541
271.50	274.50	AMGP;0.744
277.50	280.50	AGOL;0.521
99.00	102.00	AMRO;0.532
229.50	232.50	AMRO;0.520
472.50	475.50	AMRO;0.525
570.00	573.00	AMRO;0.506
585.00	591.00	AMRO;0.945
595.50	598.50	AMRO;0.517
589.50	592.50	BAOR;0.832
561.00	564.00	BBPL;0.590
147.00	151.50	BHGR;0.700
150.00	153.00	BLJA;0.535
66.00	69.00	BRBL;0.692
310.50	313.50	BRBL;0.594
336.00	339.00	BRBL;0.545
109.50	114.00	BRTH;0.639
192.00	201.00	BRTH;0.701
237.00	240.00	BRTH;0.522
360.00	363.00	CATE;0.657
49.50	52.50	CAFI;0.650
108.00	111.00	CAFI;0.732
333.00	336.00	CAFI;0.538
574.50	577.50	CAFI;0.515
580.50	583.50	CONI;0.533
186.00	189.00	DEJU;0.642
457.50	460.50	DUNL;0.501
189.00	192.00	EAKI;0.513
37.50	40.50	EATO;0.525
67.50	70.50	EATO;0.516
87.00	90.00	EATO;0.556
96.00	99.00	EATO;0.651
106.50	109.50	EATO;0.508
186.00	189.00	EATO;0.532
396.00	399.00	EATO;0.501
415.50	418.50	EATO;0.641
426.00	429.00	EATO;0.694
576.00	579.00	EATO;0.588
228.00	231.00	FISP;0.642
265.50	268.50	FISP;0.778
331.50	334.50	FISP;0.589
370.50	373.50	FISP;0.504
417.00	420.00	FISP;0.542
1.50	6.00	FOSP;0.865
28.50	36.00	FOSP;0.981
37.50	43.50	FOSP;0.953
51.00	55.50	FOSP;0.938
60.00	64.50	FOSP;0.919
67.50	72.00	FOSP;0.759
78.00	81.00	FOSP;0.684
87.00	91.50	FOSP;0.578
106.50	111.00	FOSP;0.619
117.00	121.50	FOSP;0.701
129.00	133.50	FOSP;0.728
163.50	168.00	FOSP;0.851
175.50	180.00	FOSP;0.971
198.00	202.50	FOSP;0.500
210.00	213.00	FOSP;0.500
222.00	226.50	FOSP;0.906
250.50	258.00	FOSP;0.955
273.00	279.00	FOSP;0.873
288.00	291.00	FOSP;0.500
294.00	298.50	FOSP;0.942
300.00	304.50	FOSP;0.500
313.50	319.50	FOSP;0.949
337.50	342.00	FOSP;0.885
345.00	354.00	FOSP;0.969
357.00	363.00	FOSP;0.900
370.50	391.50	FOSP;0.918
397.50	403.50	FOSP;0.909
411.00	415.50	FOSP;0.925
423.00	427.50	FOSP;0.895
438.00	442.50	FOSP;0.819
453.00	457.50	FOSP;0.948
480.00	484.50	FOSP;0.971
502.50	507.00	FOSP;0.927
522.00	525.00	FOSP;0.500
526.50	531.00	FOSP;0.852
553.50	558.00	FOSP;0.853
564.00	570.00	FOSP;0.883
577.50	582.00	FOSP;0.943
589.50	597.00	FOSP;0.837
373.50	376.50	GCSP;0.688
591.00	595.50	GCSP;0.759
279.00	282.00	GCFL;0.541
0.00	4.50	GWTE;0.785
393.00	397.50	GWTE;0.736
76.50	81.00	HETH;0.750
139.50	144.00	HETH;0.633
177.00	180.00	HETH;0.610
198.00	202.50	HETH;0.619
276.00	279.00	HETH;0.537
301.50	304.50	HETH;0.586
561.00	564.00	LALO;0.657
187.50	192.00	LASP;0.819
202.50	205.50	LASP;0.562
232.50	235.50	LASP;0.557
246.00	249.00	LASP;0.587
63.00	67.50	LISP;0.598
172.50	175.50	LISP;0.508
187.50	190.50	LISP;0.634
231.00	234.00	LISP;0.658
244.50	249.00	LISP;0.584
103.50	108.00	MOBL;0.500
109.50	118.50	MOBL;0.643
124.50	129.00	MOBL;0.975
165.00	169.50	MOBL;0.589
171.00	178.50	MOBL;0.903
223.50	232.50	MOBL;0.956
237.00	244.50	MOBL;0.541
250.50	255.00	MOBL;0.520
531.00	535.50	MOBL;0.500
235.50	249.00	MOCH;0.746
297.00	300.00	MOCH;0.500
318.00	325.50	MOCH;0.703
333.00	336.00	MOCH;0.516
343.50	346.50	MOCH;0.500
351.00	354.00	MOCH;0.581
357.00	360.00	MOCH;0.773
363.00	367.50	MOCH;0.665
372.00	375.00	MOCH;0.500
382.50	388.50	MOCH;0.671
396.00	399.00	MOCH;0.500
406.50	409.50	MOCH;0.539
414.00	420.00	MOCH;0.654
441.00	444.00	MOCH;0.500
448.50	454.50	MOCH;0.539
460.50	465.00	MOCH;0.973
468.00	471.00	MOCH;0.500
484.50	487.50	MOCH;0.947
555.00	558.00	MOCH;0.500
565.50	568.50	MOCH;0.500
580.50	586.50	MOCH;0.993
592.50	597.00	MOCH;0.581
571.50	574.50	OSFL;0.632
400.50	403.50	OROR;0.537
303.00	306.00	PHVI;0.652
211.50	214.50	PIGR;0.666
108.00	111.00	PUFI;0.541
166.50	169.50	PUFI;0.540
172.50	177.00	PUFI;0.658
568.50	571.50	PUFI;0.548
70.50	73.50	REVI;0.502
132.00	135.00	REVI;0.654
303.00	306.00	REVI;0.595
376.50	379.50	RWBL;0.614
589.50	592.50	RBGR;0.602
63.00	67.50	RUTU;0.734
175.50	178.50	RUTU;0.545
334.50	337.50	RUTU;0.647
121.50	126.00	RUGR;0.514
228.00	231.00	RUGR;0.522
310.50	313.50	RUGR;0.537
364.50	367.50	RUGR;0.599
405.00	408.00	RUGR;0.661
490.50	495.00	RUGR;0.581
553.50	556.50	RUGR;0.566
381.00	384.00	RUBL;0.537
468.00	472.50	SBDO;0.859
562.50	565.50	SBDO;0.517
15.00	19.50	SNBU;0.555
400.50	403.50	SNBU;0.596
562.50	565.50	SNBU;0.596
258.00	261.00	SPSA;0.512
213.00	217.50	SPGR;0.678
568.50	571.50	TOSO;0.542
478.50	481.50	TUTI;0.572
201.00	204.00	VATH;0.802
513.00	516.00	VATH;0.509
424.50	429.00	VESP;0.676
237.00	241.50	WEME;0.637
54.00	57.00	WCSP;0.541
0.00	4.50	WTSP;0.991
10.50	15.00	WTSP;0.965
33.00	37.50	WTSP;0.965
46.50	51.00	WTSP;0.535
55.50	61.50	WTSP;0.993
225.00	231.00	WTSP;0.991
234.00	247.50	WTSP;0.988
252.00	256.50	WTSP;0.500
262.50	268.50	WTSP;0.984
282.00	289.50	WTSP;0.983
295.50	301.50	WTSP;0.956
304.50	312.00	WTSP;0.998
316.50	324.00	WTSP;0.994
328.50	336.00	WTSP;0.998
339.00	346.50	WTSP;0.998
348.00	360.00	WTSP;0.996
361.50	376.50	WTSP;0.992
384.00	387.00	WTSP;0.500
393.00	400.50	WTSP;0.993
402.00	420.00	WTSP;0.997
426.00	432.00	WTSP;0.995
439.50	444.00	WTSP;0.984
448.50	454.50	WTSP;0.995
459.00	465.00	WTSP;0.969
468.00	474.00	WTSP;0.985
481.50	487.50	WTSP;0.987
571.50	577.50	WTSP;0.986
580.50	585.00	WTSP;0.978
4.50	7.50	WIFL;0.560
