190.50	193.50	AGOL;0.817
12.00	16.50	AMRO;0.536
246.00	249.00	BAOR;0.561
258.00	261.00	BLOY;0.610
1.50	4.50	BLJA;0.509
283.50	286.50	BLJA;0.609
52.50	55.50	BHVI;0.695
148.50	151.50	BHVI;0.586
73.50	76.50	BRBL;0.658
244.50	247.50	BRTH;0.640
19.50	25.50	CHSW;0.703
30.00	33.00	CHSW;0.500
52.50	57.00	CHSW;0.894
64.50	69.00	CHSW;0.878
97.50	102.00	CHSW;0.602
111.00	115.50	CHSW;0.500
123.00	127.50	CHSW;0.561
133.50	138.00	CHSW;0.683
144.00	148.50	CHSW;0.847
184.50	190.50	CHSW;0.851
274.50	277.50	CHSW;0.671
291.00	294.00	CHSW;0.749
223.50	228.00	CHSP;0.956
84.00	88.50	EAME;0.735
148.50	151.50	EATO;0.699
51.00	60.00	FOSP;0.660
66.00	70.50	FOSP;0.713
75.00	79.50	FOSP;0.889
85.50	88.50	FOSP;0.574
127.50	135.00	FOSP;0.941
138.00	144.00	FOSP;0.924
150.00	154.50	FOSP;0.964
159.00	165.00	FOSP;0.943
180.00	184.50	FOSP;0.978
201.00	205.50	FOSP;0.689
214.50	219.00	FOSP;0.927
229.50	232.50	FOSP;0.500
243.00	247.50	FOSP;0.824
255.00	259.50	FOSP;0.930
268.50	273.00	FOSP;0.931
280.50	285.00	FOSP;0.802
294.00	298.50	FOSP;0.589
79.50	84.00	HASP;0.778
69.00	72.00	HETH;0.596
196.50	199.50	HETH;0.626
201.00	204.00	HETH;0.541
205.50	208.50	LOSH;0.508
58.50	63.00	MOBL;0.733
27.00	33.00	MOCH;0.976
49.50	52.50	MOCH;0.500
63.00	66.00	MOCH;0.500
69.00	72.00	MOCH;0.500
93.00	96.00	MOCH;0.500
105.00	108.00	MOCH;0.500
118.50	123.00	MOCH;0.500
153.00	156.00	MOCH;0.753
162.00	165.00	MOCH;0.500
199.50	202.50	MOCH;0.597
228.00	231.00	MOCH;0.500
241.50	244.50	MOCH;0.527
261.00	265.50	MOCH;0.777
289.50	294.00	MOCH;0.500
288.00	291.00	NOPA;0.632
205.50	208.50	RWBL;0.506
21.00	25.50	RUGR;0.656
79.50	82.50	RUGR;0.588
96.00	99.00	RUGR;0.726
145.50	150.00	RUGR;0.707
169.50	174.00	RUGR;0.644
214.50	219.00	RUGR;0.571
226.50	229.50	RUGR;0.536
246.00	252.00	RUGR;0.886
103.50	108.00	RUBL;0.769
259.50	262.50	RUBL;0.609
126.00	129.00	SNBU;0.530
163.50	168.00	SPSA;0.609
0.00	3.00	VATH;0.923
6.00	13.50	VATH;0.988
15.00	19.50	VATH;0.942
21.00	25.50	VATH;0.968
31.50	36.00	VATH;0.983
37.50	40.50	VATH;0.501
46.50	51.00	VATH;0.500
78.00	82.50	VATH;0.500
88.50	93.00	VATH;0.758
100.50	105.00	VATH;0.939
108.00	120.00	VATH;0.978
121.50	126.00	VATH;0.771
133.50	141.00	VATH;0.617
144.00	148.50	VATH;0.517
156.00	160.50	VATH;0.512
166.50	169.50	VATH;0.947
184.50	189.00	VATH;0.932
195.00	199.50	VATH;0.594
202.50	208.50	VATH;0.985
253.50	256.50	VATH;0.500
285.00	289.50	VATH;0.995
297.00	300.00	VATH;0.955
175.50	180.00	WEFL;0.966
282.00	285.00	WCSP;0.743
294.00	298.50	WCSP;0.692
28.50	33.00	WTSP;0.882
39.00	43.50	WTSP;0.993
48.00	52.50	WTSP;0.709
79.50	84.00	WTSP;0.899
90.00	96.00	WTSP;0.989
105.00	108.00	WTSP;0.500
118.50	123.00	WTSP;0.886
135.00	141.00	WTSP;0.714
198.00	202.50	WTSP;0.976
211.50	217.50	WTSP;0.993
228.00	231.00	WTSP;0.509
241.50	244.50	WTSP;0.536
261.00	265.50	WTSP;0.899
289.50	294.00	WTSP;0.500
133.50	136.50	WIFL;0.652
21.00	25.50	WIWA;0.675
64.50	69.00	WIWA;0.804
111.00	115.50	WIWA;0.905
133.50	138.00	WIWA;0.655
186.00	190.50	WIWA;0.921
205.50	210.00	WIWA;0.983
235.50	240.00	WIWA;0.984
276.00	280.50	WIWA;0.991
288.00	294.00	WIWA;0.979
168.00	171.00	WOTH;0.520
225.00	229.50	WOTH;0.736
