0.00	156.00	AMRO;0.997
160.50	211.50	AMRO;0.997
214.50	232.50	AMRO;0.985
234.00	276.00	AMRO;0.995
277.50	300.00	AMRO;0.995
297.00	300.00	BAOR;0.556
16.50	19.50	BHGR;0.563
33.00	36.00	BHGR;0.823
52.50	55.50	BHGR;0.596
88.50	91.50	BHGR;0.507
120.00	123.00	BHGR;0.696
126.00	129.00	BHGR;0.515
145.50	148.50	BHGR;0.580
181.50	186.00	BHGR;0.663
277.50	280.50	BHGR;0.515
52.50	55.50	BRSP;0.652
63.00	66.00	BRSP;0.536
195.00	198.00	BRSP;0.631
15.00	18.00	BRTH;0.732
21.00	24.00	BRTH;0.613
39.00	43.50	BRTH;0.605
52.50	57.00	BRTH;0.705
72.00	75.00	BRTH;0.530
88.50	91.50	BRTH;0.643
114.00	117.00	BRTH;0.566
124.50	127.50	BRTH;0.504
130.50	133.50	BRTH;0.577
147.00	150.00	BRTH;0.726
163.50	166.50	BRTH;0.522
168.00	172.50	BRTH;0.663
217.50	220.50	BRTH;0.543
229.50	232.50	BRTH;0.569
241.50	244.50	BRTH;0.533
261.00	265.50	BRTH;0.671
282.00	285.00	BRTH;0.510
45.00	48.00	CAFI;0.601
6.00	10.50	CHSP;0.659
15.00	19.50	CHSP;0.540
24.00	28.50	CHSP;0.792
31.50	36.00	CHSP;0.795
43.50	48.00	CHSP;0.667
49.50	54.00	CHSP;0.892
64.50	69.00	CHSP;0.818
75.00	78.00	CHSP;0.509
82.50	87.00	CHSP;0.638
93.00	99.00	CHSP;0.959
102.00	108.00	CHSP;0.988
109.50	114.00	CHSP;0.675
120.00	124.50	CHSP;0.739
135.00	139.50	CHSP;0.533
145.50	150.00	CHSP;0.885
154.50	160.50	CHSP;0.986
165.00	168.00	CHSP;0.500
171.00	175.50	CHSP;0.623
178.50	184.50	CHSP;0.791
187.50	193.50	CHSP;0.964
198.00	202.50	CHSP;0.898
205.50	210.00	CHSP;0.777
216.00	222.00	CHSP;0.941
228.00	240.00	CHSP;0.954
246.00	250.50	CHSP;0.913
255.00	259.50	CHSP;0.909
262.50	267.00	CHSP;0.775
271.50	277.50	CHSP;0.954
280.50	289.50	CHSP;0.929
295.50	300.00	CHSP;0.955
130.50	133.50	DEJU;0.618
157.50	160.50	DEJU;0.502
216.00	219.00	DEJU;0.565
285.00	288.00	EABL;0.553
9.00	12.00	EAME;0.528
18.00	21.00	EAME;0.552
27.00	30.00	EAME;0.570
34.50	37.50	EAME;0.878
43.50	49.50	EAME;0.620
67.50	70.50	EAME;0.648
76.50	79.50	EAME;0.692
106.50	109.50	EAME;0.721
112.50	115.50	EAME;0.662
123.00	126.00	EAME;0.870
174.00	177.00	EAME;0.741
181.50	184.50	EAME;0.582
204.00	207.00	EAME;0.627
231.00	234.00	EAME;0.614
249.00	252.00	EAME;0.536
258.00	261.00	EAME;0.648
265.50	268.50	EAME;0.646
288.00	291.00	EAME;0.571
15.00	18.00	FOSP;0.675
274.50	279.00	FOSP;0.826
282.00	286.50	FOSP;0.793
291.00	295.50	FOSP;0.870
231.00	234.00	GCSP;0.539
31.50	34.50	GRCA;0.516
39.00	43.50	GRCA;0.634
49.50	54.00	GRCA;0.506
0.00	3.00	LISP;0.500
31.50	34.50	LISP;0.500
42.00	45.00	LISP;0.500
85.50	90.00	LISP;0.565
97.50	100.50	LISP;0.500
108.00	112.50	LISP;0.941
118.50	123.00	LISP;0.943
129.00	133.50	LISP;0.500
153.00	157.50	LISP;0.975
168.00	171.00	LISP;0.500
177.00	181.50	LISP;0.959
213.00	217.50	LISP;0.795
225.00	231.00	LISP;0.978
19.50	24.00	MOBL;0.658
12.00	15.00	PIGR;0.504
1.50	4.50	PUFI;0.557
36.00	39.00	PUFI;0.612
54.00	57.00	PUFI;0.543
226.50	229.50	PUFI;0.520
67.50	70.50	REVI;0.507
109.50	112.50	REVI;0.780
150.00	153.00	REVI;0.508
243.00	246.00	REVI;0.503
96.00	99.00	ROWR;0.628
3.00	6.00	RBGR;0.559
79.50	82.50	RBGR;0.503
103.50	106.50	RBGR;0.717
189.00	192.00	RBGR;0.509
214.50	217.50	RBGR;0.743
30.00	33.00	RUTU;0.590
58.50	61.50	RUGR;0.628
99.00	102.00	RUGR;0.657
228.00	232.50	RUGR;0.830
235.50	238.50	RUGR;0.563
273.00	277.50	RUGR;0.640
286.50	289.50	RUGR;0.666
294.00	297.00	RUGR;0.748
204.00	207.00	SCTA;0.638
10.50	13.50	TBLO;0.610
33.00	37.50	TOSO;0.719
49.50	52.50	TOSO;0.501
55.50	58.50	TOSO;0.667
66.00	69.00	TOSO;0.570
76.50	79.50	TOSO;0.790
165.00	169.50	TOSO;0.627
183.00	187.50	TOSO;0.548
201.00	205.50	TOSO;0.627
219.00	222.00	TOSO;0.627
237.00	240.00	TOSO;0.624
270.00	273.00	TOSO;0.585
280.50	283.50	TOSO;0.544
45.00	48.00	WETA;0.607
210.00	213.00	WETA;0.725
16.50	21.00	WCSP;0.529
25.50	28.50	WCSP;0.500
37.50	45.00	WCSP;0.984
52.50	64.50	WCSP;0.991
132.00	136.50	WCSP;0.980
147.00	150.00	WCSP;0.500
283.50	286.50	WCSP;0.500
