90.00	93.00	AMDI;0.802
244.50	247.50	AMPI;0.594
84.00	88.50	AMRO;0.958
150.00	153.00	AMRO;0.546
52.50	57.00	BAOR;0.684
64.50	69.00	BAOR;0.672
253.50	256.50	BAOR;0.525
144.00	147.00	BCCH;0.653
159.00	162.00	BCCH;0.525
216.00	219.00	BCCH;0.750
115.50	118.50	BHVI;0.618
217.50	220.50	BRSP;0.865
3.00	6.00	CAFI;0.574
7.50	10.50	CAFI;0.695
58.50	61.50	CAFI;0.691
247.50	250.50	CAFI;0.500
261.00	265.50	CAFI;0.876
133.50	136.50	CHSW;0.688
268.50	271.50	CHSP;0.723
294.00	297.00	DEJU;0.577
99.00	102.00	DUNL;0.610
261.00	264.00	DUNL;0.510
6.00	9.00	EABL;0.635
255.00	258.00	FISP;0.522
187.50	192.00	FOSP;0.887
3.00	9.00	GCSP;0.975
19.50	25.50	GCSP;0.984
34.50	39.00	GCSP;0.996
49.50	54.00	GCSP;0.986
66.00	70.50	GCSP;0.984
79.50	84.00	GCSP;0.991
96.00	100.50	GCSP;0.997
108.00	112.50	GCSP;0.972
124.50	129.00	GCSP;0.601
141.00	145.50	GCSP;0.973
156.00	162.00	GCSP;0.984
171.00	175.50	GCSP;0.992
177.00	180.00	GCSP;0.518
199.50	205.50	GCSP;0.994
213.00	220.50	GCSP;0.987
226.50	232.50	GCSP;0.987
241.50	246.00	GCSP;0.981
259.50	264.00	GCSP;0.987
273.00	277.50	GCSP;0.986
286.50	292.50	GCSP;0.968
183.00	186.00	GRYE;0.509
63.00	66.00	HAWO;0.583
211.50	214.50	HETH;0.660
70.50	73.50	HOFI;0.514
135.00	138.00	HOFI;0.700
262.50	265.50	HOFI;0.540
270.00	273.00	HOFI;0.718
91.50	94.50	LASP;0.519
292.50	295.50	LASP;0.524
9.00	13.50	LISP;0.962
18.00	21.00	LISP;0.500
33.00	36.00	LISP;0.500
55.50	60.00	LISP;0.896
88.50	94.50	LISP;0.500
103.50	109.50	LISP;0.953
120.00	124.50	LISP;0.974
139.50	142.50	LISP;0.500
160.50	163.50	LISP;0.500
190.50	195.00	LISP;0.765
207.00	211.50	LISP;0.893
223.50	228.00	LISP;0.992
240.00	244.50	LISP;0.992
256.50	261.00	LISP;0.872
264.00	267.00	LISP;0.500
271.50	276.00	LISP;0.808
279.00	282.00	LISP;0.500
288.00	295.50	LISP;0.560
25.50	28.50	LOSH;0.564
216.00	219.00	MOCH;0.502
232.50	237.00	PISI;0.897
33.00	36.00	PUFI;0.515
100.50	103.50	PUFI;0.572
85.50	88.50	REVI;0.668
286.50	291.00	ROWR;0.619
0.00	58.50	RCKI;0.994
60.00	129.00	RCKI;0.988
130.50	135.00	RCKI;0.737
136.50	159.00	RCKI;0.987
165.00	171.00	RCKI;0.661
174.00	199.50	RCKI;0.995
204.00	208.50	RCKI;0.557
214.50	220.50	RCKI;0.500
229.50	234.00	RCKI;0.616
247.50	250.50	RCKI;0.500
255.00	259.50	RCKI;0.500
262.50	265.50	RCKI;0.500
268.50	286.50	RCKI;0.898
295.50	300.00	RCKI;0.519
63.00	66.00	RUTU;0.504
169.50	172.50	SAPH;0.769
30.00	33.00	SPSA;0.525
42.00	45.00	SWSP;0.525
174.00	177.00	SWSP;0.621
181.50	184.50	SWSP;0.540
252.00	255.00	SWSP;0.553
283.50	286.50	SWSP;0.553
264.00	267.00	TBLO;0.601
27.00	30.00	WAVI;0.515
69.00	76.50	WAVI;0.821
84.00	87.00	WAVI;0.568
279.00	282.00	WAVI;0.577
0.00	6.00	WCSP;0.985
42.00	46.50	WCSP;0.524
48.00	67.50	WCSP;0.990
163.50	168.00	WCSP;0.727
178.50	181.50	WCSP;0.915
202.50	207.00	WCSP;0.936
210.00	214.50	WCSP;0.540
217.50	222.00	WCSP;0.988
246.00	253.50	WCSP;0.642
291.00	300.00	WCSP;0.991
285.00	289.50	WTSP;0.648
127.50	132.00	WIWA;0.991
138.00	142.50	WIWA;0.981
144.00	150.00	WIWA;0.990
151.50	156.00	WIWA;0.985
157.50	162.00	WIWA;0.957
163.50	169.50	WIWA;0.988
171.00	177.00	WIWA;0.877
178.50	184.50	WIWA;0.853
187.50	193.50	WIWA;0.979
195.00	201.00	WIWA;0.975
204.00	208.50	WIWA;0.973
211.50	216.00	WIWA;0.989
219.00	223.50	WIWA;0.992
226.50	232.50	WIWA;0.975
235.50	240.00	WIWA;0.989
241.50	247.50	WIWA;0.985
250.50	255.00	WIWA;0.860
256.50	262.50	WIWA;0.885
265.50	270.00	WIWA;0.988
273.00	279.00	WIWA;0.989
283.50	288.00	WIWA;0.751
292.50	297.00	WIWA;0.500
