25.50	30.00	CAFI;0.725
39.00	43.50	CAFI;0.706
267.00	270.00	CAFI;0.827
166.50	169.50	DEJU;0.541
108.00	112.50	EATO;0.765
114.00	117.00	FOSP;0.508
9.00	12.00	LISP;0.500
39.00	42.00	LISP;0.500
67.50	72.00	LISP;0.710
108.00	112.50	LISP;0.500
136.50	141.00	LISP;0.500
153.00	157.50	LISP;0.587
166.50	171.00	LISP;0.834
180.00	186.00	LISP;0.974
195.00	199.50	LISP;0.907
210.00	214.50	LISP;0.688
226.50	229.50	LISP;0.583
253.50	258.00	LISP;0.907
268.50	271.50	LISP;0.500
282.00	286.50	LISP;0.500
57.00	61.50	MOCH;0.667
70.50	73.50	MOCH;0.513
78.00	82.50	MOCH;0.644
87.00	91.50	MOCH;0.635
120.00	123.00	MOCH;0.505
130.50	133.50	MOCH;0.738
154.50	159.00	MOCH;0.728
231.00	235.50	MOCH;0.596
240.00	244.50	PUFI;0.520
270.00	273.00	PUFI;0.517
270.00	273.00	REVI;0.568
70.50	73.50	RUTU;0.507
240.00	244.50	SNBU;0.545
82.50	85.50	SWSP;0.725
10.50	13.50	TBLO;0.515
183.00	186.00	TOSO;0.567
261.00	265.50	VATH;0.651
121.50	124.50	WEWP;0.566
114.00	117.00	WCSP;0.604
132.00	135.00	WCSP;0.963
144.00	148.50	WCSP;0.847
253.50	256.50	YRWA;0.643
