288.00	291.00	AGOL;0.693
168.00	171.00	ATSP;0.589
177.00	183.00	ATSP;0.808
187.50	192.00	ATSP;0.714
199.50	207.00	ATSP;0.752
3.00	6.00	CHSW;0.592
63.00	66.00	CHSW;0.690
226.50	229.50	CHSW;0.591
10.50	13.50	FISP;0.513
61.50	64.50	FISP;0.723
273.00	276.00	FISP;0.628
279.00	283.50	FOSP;0.564
33.00	36.00	GCSP;0.794
208.50	211.50	GCSP;0.659
252.00	256.50	GCSP;0.756
268.50	271.50	GCSP;0.644
63.00	69.00	HASP;0.813
3.00	7.50	MGWA;0.716
12.00	15.00	MOCH;0.505
21.00	24.00	MOCH;0.707
27.00	30.00	MOCH;0.873
43.50	46.50	MOCH;0.644
48.00	51.00	MOCH;0.822
58.50	61.50	MOCH;0.556
66.00	69.00	MOCH;0.558
84.00	88.50	MOCH;0.643
106.50	109.50	MOCH;0.545
151.50	154.50	MOCH;0.579
157.50	160.50	MOCH;0.533
252.00	255.00	MOCH;0.730
211.50	214.50	OCWA;0.662
229.50	232.50	OCWA;0.552
277.50	280.50	OCWA;0.689
247.50	250.50	PUFI;0.500
52.50	55.50	ROWR;0.683
193.50	196.50	ROWR;0.743
247.50	250.50	SAPH;0.577
283.50	288.00	SNBU;0.798
295.50	300.00	SNBU;0.868
133.50	136.50	SOSA;0.611
141.00	144.00	SOSA;0.604
147.00	150.00	SOSA;0.527
153.00	157.50	SOSA;0.753
166.50	175.50	SOSA;0.731
172.50	175.50	SOSP;0.507
225.00	228.00	SPSA;0.655
6.00	9.00	SWSP;0.614
136.50	139.50	SWSP;0.599
156.00	159.00	SWSP;0.541
12.00	19.50	VATH;0.861
28.50	31.50	VATH;0.535
54.00	58.50	VATH;0.979
81.00	85.50	VATH;0.701
103.50	106.50	VATH;0.500
112.50	115.50	VATH;0.500
139.50	144.00	VATH;0.915
229.50	234.00	VATH;0.919
205.50	210.00	WEFL;0.944
15.00	18.00	WCSP;0.510
69.00	73.50	WCSP;0.892
88.50	91.50	WCSP;0.733
108.00	112.50	WCSP;0.977
130.50	135.00	WCSP;0.975
159.00	163.50	WCSP;0.981
174.00	178.50	WCSP;0.968
190.50	196.50	WCSP;0.991
202.50	211.50	WCSP;0.909
214.50	217.50	WCSP;0.500
235.50	240.00	WCSP;0.994
253.50	258.00	WCSP;0.780
268.50	274.50	WCSP;0.915
280.50	283.50	WCSP;0.500
289.50	295.50	WCSP;0.973
1.50	18.00	WTSP;0.970
21.00	34.50	WTSP;0.991
39.00	49.50	WTSP;0.993
58.50	69.00	WTSP;0.990
78.00	93.00	WTSP;0.966
97.50	102.00	WTSP;0.836
106.50	109.50	WTSP;0.501
111.00	117.00	WTSP;0.983
133.50	177.00	WTSP;0.995
178.50	183.00	WTSP;0.500
186.00	195.00	WTSP;0.912
208.50	213.00	WTSP;0.526
234.00	237.00	WTSP;0.674
268.50	271.50	WTSP;0.500
291.00	295.50	WTSP;0.675
3.00	9.00	WIWA;0.777
16.50	21.00	WIWA;0.946
33.00	37.50	WIWA;0.922
45.00	49.50	WIWA;0.908
63.00	66.00	WIWA;0.522
75.00	79.50	WIWA;0.984
93.00	97.50	WIWA;0.958
103.50	108.00	WIWA;0.989
114.00	118.50	WIWA;0.989
124.50	129.00	WIWA;0.978
135.00	138.00	WIWA;0.634
142.50	148.50	WIWA;0.980
154.50	159.00	WIWA;0.973
165.00	169.50	WIWA;0.988
175.50	181.50	WIWA;0.985
210.00	214.50	WIWA;0.786
219.00	223.50	WIWA;0.990
228.00	232.50	WIWA;0.974
237.00	243.00	WIWA;0.962
247.50	252.00	WIWA;0.990
256.50	261.00	WIWA;0.987
265.50	271.50	WIWA;0.929
276.00	280.50	WIWA;0.612
285.00	289.50	WIWA;0.990
294.00	298.50	WIWA;0.929
184.50	187.50	YEWA;0.553
18.00	22.50	YRWA;0.992
30.00	34.50	YRWA;0.988
49.50	54.00	YRWA;0.993
72.00	76.50	YRWA;0.992
90.00	94.50	YRWA;0.993
109.50	114.00	YRWA;0.989
123.00	130.50	YRWA;0.980
136.50	141.00	YRWA;0.975
144.00	150.00	YRWA;0.984
153.00	156.00	YRWA;0.621
162.00	166.50	YRWA;0.989
171.00	174.00	YRWA;0.749
181.50	189.00	YRWA;0.989
199.50	205.50	YRWA;0.984
210.00	217.50	YRWA;0.878
222.00	226.50	YRWA;0.989
228.00	235.50	YRWA;0.988
255.00	259.50	YRWA;0.894
265.50	270.00	YRWA;0.873
274.50	283.50	YRWA;0.987
291.00	298.50	YRWA;0.993
171.00	174.00	YTWA;0.561
