79.50	82.50	AMDI;0.535
127.50	132.00	AMDI;0.769
255.00	258.00	AMDI;0.834
76.50	79.50	BEWR;0.606
292.50	295.50	BTNW;0.593
183.00	186.00	BOWA;0.503
18.00	21.00	BRSP;0.502
25.50	28.50	BRSP;0.537
112.50	117.00	BRSP;0.702
210.00	213.00	BRSP;0.678
136.50	139.50	CHSW;0.610
264.00	267.00	CHSW;0.561
0.00	3.00	CHSP;0.500
12.00	15.00	CHSP;0.500
18.00	24.00	CHSP;0.922
25.50	43.50	CHSP;0.990
46.50	49.50	CHSP;0.500
57.00	61.50	CHSP;0.500
70.50	73.50	CHSP;0.500
84.00	87.00	CHSP;0.500
103.50	106.50	CHSP;0.500
123.00	129.00	CHSP;0.670
133.50	138.00	CHSP;0.500
156.00	159.00	CHSP;0.500
171.00	177.00	CHSP;0.591
276.00	282.00	CHSP;0.569
0.00	3.00	EAME;0.565
21.00	24.00	EAME;0.607
27.00	30.00	EAME;0.627
82.50	85.50	EAME;0.535
160.50	165.00	EAWP;0.784
22.50	27.00	EVGR;0.665
4.50	12.00	FOSP;0.979
13.50	19.50	FOSP;0.970
21.00	27.00	FOSP;0.638
28.50	31.50	FOSP;0.500
36.00	40.50	FOSP;0.655
60.00	72.00	FOSP;0.982
81.00	84.00	FOSP;0.806
87.00	91.50	FOSP;0.914
126.00	129.00	FOSP;0.500
250.50	255.00	FOSP;0.818
256.50	261.00	FOSP;0.858
271.50	276.00	FOSP;0.979
1.50	7.50	GCSP;0.526
12.00	15.00	GCSP;0.746
28.50	33.00	GCSP;0.926
42.00	46.50	GCSP;0.841
78.00	84.00	GCSP;0.680
85.50	90.00	GCSP;0.687
103.50	108.00	GCSP;0.563
228.00	231.00	GCSP;0.523
289.50	292.50	GCSP;0.540
58.50	61.50	HASP;0.758
108.00	114.00	HASP;0.575
168.00	171.00	HASP;0.750
276.00	280.50	HASP;0.616
283.50	286.50	HASP;0.551
231.00	234.00	LASP;0.504
153.00	157.50	LISP;0.833
165.00	169.50	LISP;0.545
202.50	207.00	LISP;0.794
231.00	234.00	LISP;0.500
253.50	256.50	LISP;0.500
268.50	271.50	LISP;0.500
282.00	285.00	LISP;0.500
295.50	300.00	LISP;0.990
114.00	117.00	MAMU;0.610
10.50	15.00	MOCH;0.566
25.50	28.50	MOCH;0.500
42.00	45.00	MOCH;0.500
51.00	57.00	MOCH;0.698
73.50	76.50	MOCH;0.761
87.00	94.50	MOCH;0.531
97.50	100.50	MOCH;0.756
102.00	106.50	MOCH;0.674
114.00	117.00	MOCH;0.500
118.50	123.00	MOCH;0.500
129.00	133.50	MOCH;0.914
141.00	144.00	MOCH;0.501
145.50	148.50	MOCH;0.500
153.00	162.00	MOCH;0.747
166.50	178.50	MOCH;0.966
181.50	186.00	MOCH;0.923
187.50	201.00	MOCH;0.500
204.00	208.50	MOCH;0.500
211.50	217.50	MOCH;0.654
240.00	250.50	MOCH;0.956
252.00	256.50	MOCH;0.892
259.50	265.50	MOCH;0.637
268.50	273.00	MOCH;0.666
274.50	277.50	MOCH;0.500
279.00	282.00	MOCH;0.500
285.00	289.50	MOCH;0.935
292.50	295.50	NSHR;0.551
0.00	7.50	OCWA;0.865
21.00	24.00	OCWA;0.500
72.00	75.00	OCWA;0.500
84.00	87.00	OCWA;0.500
90.00	93.00	OCWA;0.500
94.50	99.00	OCWA;0.682
103.50	109.50	OCWA;0.811
123.00	130.50	OCWA;0.786
133.50	139.50	OCWA;0.500
145.50	150.00	OCWA;0.506
156.00	159.00	OCWA;0.500
163.50	166.50	OCWA;0.500
172.50	178.50	OCWA;0.500
184.50	187.50	OCWA;0.656
192.00	196.50	OCWA;0.663
264.00	267.00	OCWA;0.500
276.00	282.00	OCWA;0.766
256.50	259.50	PUFI;0.629
154.50	157.50	RUBL;0.649
274.50	277.50	RUBL;0.621
34.50	37.50	SAPH;0.627
87.00	90.00	SAPH;0.517
36.00	40.50	SNBU;0.801
46.50	51.00	TOSO;0.777
3.00	6.00	VATH;0.537
16.50	21.00	VATH;0.564
31.50	36.00	VATH;0.887
37.50	42.00	VATH;0.973
58.50	63.00	VATH;0.787
69.00	72.00	VATH;0.500
81.00	87.00	VATH;0.966
90.00	93.00	VATH;0.500
96.00	99.00	VATH;0.557
108.00	112.50	VATH;0.500
118.50	123.00	VATH;0.734
132.00	136.50	VATH;0.929
153.00	156.00	VATH;0.500
159.00	163.50	VATH;0.604
195.00	198.00	VATH;0.500
219.00	228.00	VATH;0.872
276.00	280.50	VATH;0.500
1.50	9.00	WCSP;0.729
30.00	34.50	WCSP;0.914
40.50	48.00	WCSP;0.707
51.00	55.50	WCSP;0.983
63.00	70.50	WCSP;0.849
75.00	81.00	WCSP;0.982
85.50	97.50	WCSP;0.984
99.00	108.00	WCSP;0.981
112.50	118.50	WCSP;0.825
121.50	129.00	WCSP;0.958
130.50	135.00	WCSP;0.989
141.00	148.50	WCSP;0.988
150.00	157.50	WCSP;0.981
168.00	172.50	WCSP;0.969
177.00	181.50	WCSP;0.989
189.00	195.00	WCSP;0.980
198.00	204.00	WCSP;0.988
205.50	211.50	WCSP;0.983
213.00	220.50	WCSP;0.978
228.00	231.00	WCSP;0.500
232.50	238.50	WCSP;0.872
243.00	247.50	WCSP;0.975
252.00	256.50	WCSP;0.644
261.00	265.50	WCSP;0.741
273.00	277.50	WCSP;0.500
280.50	285.00	WCSP;0.997
289.50	295.50	WCSP;0.974
0.00	10.50	WTSP;0.978
12.00	15.00	WTSP;0.500
16.50	21.00	WTSP;0.500
27.00	34.50	WTSP;0.633
40.50	48.00	WTSP;0.810
54.00	61.50	WTSP;0.998
66.00	81.00	WTSP;0.991
82.50	90.00	WTSP;0.795
91.50	97.50	WTSP;0.500
99.00	123.00	WTSP;0.996
133.50	162.00	WTSP;0.994
168.00	186.00	WTSP;0.956
187.50	202.50	WTSP;0.998
204.00	250.50	WTSP;0.985
252.00	256.50	WTSP;0.510
259.50	264.00	WTSP;0.604
265.50	274.50	WTSP;0.986
276.00	280.50	WTSP;0.679
283.50	294.00	WTSP;0.991
297.00	300.00	WTSP;0.894
