24.00	27.00	AMGP;0.679
267.00	271.50	AMGP;0.693
175.50	178.50	AGOL;0.533
0.00	9.00	AMRO;0.965
13.50	18.00	AMRO;0.608
21.00	30.00	AMRO;0.992
33.00	37.50	AMRO;0.906
40.50	43.50	AMRO;0.538
45.00	51.00	AMRO;0.989
52.50	58.50	AMRO;0.992
60.00	66.00	AMRO;0.980
67.50	72.00	AMRO;0.918
75.00	79.50	AMRO;0.929
81.00	85.50	AMRO;0.773
87.00	91.50	AMRO;0.820
100.50	106.50	AMRO;0.977
108.00	123.00	AMRO;0.980
124.50	129.00	AMRO;0.745
130.50	135.00	AMRO;0.770
136.50	141.00	AMRO;0.894
144.00	148.50	AMRO;0.774
159.00	162.00	AMRO;0.737
168.00	172.50	AMRO;0.970
180.00	183.00	AMRO;0.500
184.50	192.00	AMRO;0.977
193.50	198.00	AMRO;0.942
201.00	207.00	AMRO;0.982
210.00	213.00	AMRO;0.500
219.00	228.00	AMRO;0.963
229.50	232.50	AMRO;0.520
235.50	240.00	AMRO;0.905
243.00	247.50	AMRO;0.856
250.50	255.00	AMRO;0.940
258.00	262.50	AMRO;0.884
265.50	285.00	AMRO;0.986
288.00	291.00	AMRO;0.500
295.50	300.00	AMRO;0.938
103.50	108.00	ATSP;0.574
189.00	192.00	BAOR;0.891
277.50	280.50	BAOR;0.611
7.50	10.50	BRTH;0.611
289.50	292.50	CSWA;0.671
4.50	9.00	CHSP;0.509
12.00	16.50	CHSP;0.929
21.00	27.00	CHSP;0.872
28.50	34.50	CHSP;0.972
37.50	43.50	CHSP;0.801
46.50	52.50	CHSP;0.829
55.50	60.00	CHSP;0.848
64.50	69.00	CHSP;0.500
72.00	76.50	CHSP;0.825
78.00	82.50	CHSP;0.949
87.00	91.50	CHSP;0.906
96.00	99.00	CHSP;0.500
106.50	111.00	CHSP;0.945
123.00	127.50	CHSP;0.881
132.00	136.50	CHSP;0.931
139.50	145.50	CHSP;0.890
148.50	154.50	CHSP;0.883
157.50	163.50	CHSP;0.782
165.00	171.00	CHSP;0.893
174.00	178.50	CHSP;0.617
184.50	190.50	CHSP;0.689
195.00	198.00	CHSP;0.500
216.00	220.50	CHSP;0.740
225.00	228.00	CHSP;0.530
235.50	240.00	CHSP;0.576
247.50	250.50	CHSP;0.500
256.50	259.50	CHSP;0.692
264.00	268.50	CHSP;0.669
282.00	288.00	CHSP;0.920
291.00	294.00	CHSP;0.500
0.00	3.00	DEJU;0.594
24.00	27.00	DEJU;0.523
37.50	40.50	DEJU;0.582
90.00	93.00	DEJU;0.653
234.00	237.00	DEJU;0.636
196.50	199.50	EAME;0.539
247.50	250.50	EAME;0.648
82.50	85.50	GRCA;0.693
40.50	49.50	GWTE;0.683
60.00	63.00	GWTE;0.510
69.00	73.50	GWTE;0.915
112.50	115.50	GWTE;0.568
124.50	129.00	GWTE;0.634
199.50	204.00	GWTE;0.677
229.50	238.50	GWTE;0.836
277.50	280.50	GWTE;0.710
10.50	15.00	LISP;0.777
43.50	48.00	LISP;0.605
238.50	243.00	LISP;0.797
7.50	10.50	LOSH;0.501
121.50	124.50	LOSH;0.750
292.50	295.50	NAWA;0.607
249.00	252.00	NOFL;0.562
6.00	9.00	PAWA;0.500
13.50	16.50	PAWA;0.500
21.00	25.50	PAWA;0.599
28.50	33.00	PAWA;0.558
46.50	52.50	PAWA;0.627
55.50	60.00	PAWA;0.500
66.00	69.00	PAWA;0.500
70.50	76.50	PAWA;0.588
96.00	99.00	PAWA;0.500
106.50	111.00	PAWA;0.500
117.00	120.00	PAWA;0.500
123.00	127.50	PAWA;0.500
132.00	135.00	PAWA;0.512
141.00	145.50	PAWA;0.586
148.50	154.50	PAWA;0.804
157.50	163.50	PAWA;0.754
165.00	171.00	PAWA;0.699
172.50	177.00	PAWA;0.883
184.50	190.50	PAWA;0.706
205.50	208.50	PAWA;0.555
216.00	220.50	PAWA;0.500
225.00	229.50	PAWA;0.935
234.00	240.00	PAWA;0.500
244.50	249.00	PAWA;0.868
255.00	259.50	PAWA;0.500
264.00	268.50	PAWA;0.717
273.00	276.00	PAWA;0.500
282.00	288.00	PAWA;0.567
289.50	295.50	PAWA;0.500
1.50	4.50	PIGR;0.645
9.00	12.00	PIGR;0.558
270.00	273.00	PIGR;0.539
34.50	39.00	RWBL;0.989
10.50	15.00	ROWR;0.666
190.50	193.50	ROWR;0.510
213.00	217.50	RUTU;0.747
168.00	171.00	RUGR;0.557
172.50	175.50	RUGR;0.528
225.00	228.00	RUGR;0.544
213.00	216.00	SBDO;0.592
51.00	55.50	SPSA;0.967
94.50	100.50	SPSA;0.983
133.50	139.50	SPSA;0.988
175.50	183.00	SPSA;0.576
198.00	202.50	SPSA;0.764
243.00	249.00	SPSA;0.979
39.00	42.00	SPGR;0.560
30.00	33.00	VATH;0.682
294.00	297.00	WILL;0.536
3.00	7.50	WIWA;0.974
15.00	19.50	WIWA;0.956
27.00	31.50	WIWA;0.985
39.00	45.00	WIWA;0.986
52.50	57.00	WIWA;0.965
63.00	67.50	WIWA;0.988
79.50	84.00	WIWA;0.991
97.50	102.00	WIWA;0.988
114.00	118.50	WIWA;0.990
129.00	133.50	WIWA;0.991
145.50	150.00	WIWA;0.994
160.50	165.00	WIWA;0.992
177.00	181.50	WIWA;0.970
190.50	196.50	WIWA;0.966
205.50	211.50	WIWA;0.991
220.50	225.00	WIWA;0.978
238.50	244.50	WIWA;0.985
256.50	261.00	WIWA;0.972
273.00	279.00	WIWA;0.981
289.50	295.50	WIWA;0.971
