70.50	73.50	AMDI;0.572
100.50	103.50	AMDI;0.517
105.00	108.00	AMDI;0.554
154.50	159.00	AMDI;0.749
178.50	183.00	AMDI;0.805
204.00	207.00	AMDI;0.540
69.00	72.00	AMGP;0.576
54.00	57.00	AMRO;0.574
34.50	37.50	BAOR;0.506
268.50	271.50	BRSP;0.533
294.00	297.00	BRSP;0.686
25.50	28.50	BRTH;0.638
270.00	273.00	BRTH;0.736
18.00	22.50	CHSP;0.751
25.50	30.00	CHSP;0.950
102.00	106.50	CHSP;0.797
126.00	132.00	CHSP;0.980
133.50	139.50	CHSP;0.985
159.00	163.50	CHSP;0.575
171.00	177.00	CHSP;0.882
180.00	186.00	CHSP;0.987
190.50	195.00	CHSP;0.746
220.50	223.50	CHSP;0.500
231.00	237.00	CHSP;0.888
246.00	250.50	CHSP;0.803
252.00	255.00	CHSP;0.500
279.00	283.50	CHSP;0.771
286.50	289.50	CHSP;0.565
33.00	37.50	DEJU;0.906
46.50	49.50	EATO;0.592
94.50	97.50	EATO;0.587
112.50	115.50	EVGR;0.571
84.00	87.00	FISP;0.630
118.50	121.50	FISP;0.669
126.00	129.00	FISP;0.559
51.00	55.50	FOSP;0.712
72.00	75.00	FOSP;0.534
3.00	6.00	HASP;0.694
108.00	111.00	HASP;0.912
234.00	237.00	HETH;0.538
244.50	247.50	HETH;0.727
289.50	292.50	HOWR;0.586
72.00	75.00	LASP;0.658
0.00	3.00	LISP;0.577
27.00	31.50	LISP;0.915
40.50	49.50	LISP;0.933
55.50	61.50	LISP;0.956
70.50	76.50	LISP;0.530
85.50	90.00	LISP;0.843
94.50	97.50	LISP;0.500
100.50	103.50	LISP;0.662
105.00	109.50	LISP;0.500
114.00	118.50	LISP;0.807
129.00	135.00	LISP;0.903
145.50	150.00	LISP;0.780
160.50	165.00	LISP;0.987
168.00	172.50	LISP;0.863
175.50	180.00	LISP;0.984
207.00	211.50	LISP;0.955
214.50	219.00	LISP;0.612
222.00	228.00	LISP;0.992
238.50	243.00	LISP;0.807
255.00	259.50	LISP;0.881
265.50	268.50	LISP;0.500
271.50	276.00	LISP;0.957
277.50	280.50	LISP;0.500
286.50	292.50	LISP;0.942
0.00	6.00	MOCH;0.759
7.50	10.50	MOCH;0.594
15.00	21.00	MOCH;0.917
28.50	34.50	MOCH;0.874
43.50	46.50	MOCH;0.500
58.50	63.00	MOCH;0.656
64.50	67.50	MOCH;0.500
73.50	78.00	MOCH;0.963
81.00	84.00	MOCH;0.636
87.00	90.00	MOCH;0.500
96.00	100.50	MOCH;0.733
112.50	115.50	MOCH;0.588
117.00	121.50	MOCH;0.570
142.50	145.50	MOCH;0.815
157.50	160.50	MOCH;0.500
172.50	177.00	MOCH;0.778
183.00	186.00	MOCH;0.500
193.50	198.00	MOCH;0.778
210.00	213.00	MOCH;0.500
220.50	226.50	MOCH;0.500
228.00	234.00	MOCH;0.829
237.00	241.50	MOCH;0.595
244.50	247.50	MOCH;0.500
249.00	255.00	MOCH;0.722
261.00	267.00	MOCH;0.885
270.00	274.50	MOCH;0.876
279.00	285.00	MOCH;0.500
291.00	294.00	MOCH;0.500
295.50	298.50	MOCH;0.500
88.50	91.50	ROWR;0.607
117.00	120.00	ROWR;0.744
289.50	292.50	ROWR;0.546
142.50	145.50	RUTU;0.516
178.50	181.50	RUTU;0.638
193.50	196.50	RUTU;0.600
240.00	244.50	RUTU;0.698
18.00	21.00	RUGR;0.522
73.50	76.50	RUGR;0.568
220.50	223.50	RUGR;0.616
268.50	271.50	RUGR;0.507
139.50	144.00	SAPH;0.805
30.00	33.00	SBDO;0.504
9.00	12.00	SNBU;0.546
51.00	55.50	SNBU;0.760
192.00	195.00	SPGR;0.529
22.50	25.50	SWSP;0.503
108.00	111.00	SWSP;0.535
154.50	157.50	SWSP;0.692
19.50	22.50	VATH;0.661
72.00	75.00	WCSP;0.500
87.00	90.00	WCSP;0.500
154.50	159.00	WCSP;0.948
163.50	168.00	WCSP;0.992
181.50	184.50	WCSP;0.500
201.00	204.00	WCSP;0.905
210.00	214.50	WCSP;0.962
229.50	234.00	WCSP;0.569
249.00	253.50	WCSP;0.677
259.50	267.00	WCSP;0.596
283.50	288.00	WCSP;0.630
292.50	297.00	WCSP;0.920
0.00	10.50	WTSP;0.996
15.00	22.50	WTSP;0.854
28.50	36.00	WTSP;0.879
43.50	48.00	WTSP;0.957
58.50	66.00	WTSP;0.673
81.00	96.00	WTSP;0.996
97.50	115.50	WTSP;0.993
117.00	121.50	WTSP;0.888
123.00	133.50	WTSP;0.990
144.00	148.50	WTSP;0.934
153.00	156.00	WTSP;0.539
157.50	162.00	WTSP;0.803
169.50	175.50	WTSP;0.993
183.00	186.00	WTSP;0.500
193.50	204.00	WTSP;0.979
205.50	231.00	WTSP;0.997
232.50	246.00	WTSP;0.997
249.00	258.00	WTSP;0.993
261.00	280.50	WTSP;0.993
282.00	285.00	WTSP;0.657
291.00	298.50	WTSP;0.891
108.00	111.00	WIWA;0.554
153.00	156.00	WIWA;0.748
