21.00	27.00	AMDI;0.581
36.00	39.00	AMDI;0.578
84.00	87.00	AMDI;0.595
189.00	192.00	AMDI;0.545
205.50	208.50	AMDI;0.563
274.50	279.00	AMDI;0.819
238.50	241.50	ATSP;0.622
111.00	114.00	BRSP;0.540
40.50	45.00	CHSW;0.642
136.50	141.00	CHSW;0.579
31.50	34.50	CHSP;0.615
142.50	145.50	CHSP;0.658
181.50	184.50	CHSP;0.551
193.50	198.00	CHSP;0.726
204.00	208.50	CHSP;0.664
252.00	255.00	CHSP;0.589
0.00	6.00	CCSP;0.954
13.50	19.50	CCSP;0.989
21.00	25.50	CCSP;0.917
30.00	34.50	CCSP;0.978
37.50	42.00	CCSP;0.982
43.50	49.50	CCSP;0.991
51.00	55.50	CCSP;0.940
58.50	61.50	CCSP;0.500
66.00	70.50	CCSP;0.935
90.00	96.00	CCSP;0.983
136.50	139.50	CCSP;0.575
54.00	57.00	EAME;0.512
67.50	70.50	EAME;0.640
93.00	96.00	EAME;0.519
283.50	288.00	EAME;0.723
115.50	118.50	FISP;0.507
121.50	124.50	FISP;0.570
6.00	12.00	FOSP;0.861
25.50	30.00	FOSP;0.648
39.00	43.50	FOSP;0.568
55.50	60.00	FOSP;0.736
67.50	72.00	FOSP;0.850
81.00	85.50	FOSP;0.933
94.50	99.00	FOSP;0.799
111.00	115.50	FOSP;0.815
123.00	129.00	FOSP;0.951
139.50	144.00	FOSP;0.936
154.50	159.00	FOSP;0.500
169.50	174.00	FOSP;0.954
186.00	190.50	FOSP;0.914
229.50	234.00	FOSP;0.907
271.50	277.50	FOSP;0.927
58.50	61.50	GCSP;0.558
93.00	96.00	GCSP;0.501
19.50	22.50	HAFL;0.565
157.50	160.50	HOWR;0.515
36.00	39.00	LASP;0.508
22.50	25.50	LISP;0.674
84.00	88.50	LISP;0.609
108.00	112.50	LISP;0.571
144.00	148.50	LISP;0.585
276.00	279.00	LISP;0.591
208.50	211.50	LOWA;0.528
15.00	18.00	MOCH;0.500
46.50	51.00	MOCH;0.500
58.50	61.50	MOCH;0.500
64.50	69.00	MOCH;0.858
78.00	81.00	MOCH;0.611
87.00	91.50	MOCH;0.573
96.00	99.00	MOCH;0.541
102.00	105.00	MOCH;0.500
108.00	111.00	MOCH;0.500
115.50	123.00	MOCH;0.695
147.00	151.50	MOCH;0.567
157.50	160.50	MOCH;0.643
163.50	168.00	MOCH;0.759
172.50	177.00	MOCH;0.811
196.50	205.50	MOCH;0.774
217.50	220.50	MOCH;0.500
229.50	232.50	MOCH;0.500
258.00	261.00	MOCH;0.500
279.00	282.00	MOCH;0.634
24.00	27.00	NOCA;0.714
121.50	124.50	NOWA;0.722
151.50	154.50	NOWA;0.622
172.50	175.50	NOWA;0.609
214.50	217.50	NOWA;0.724
231.00	234.00	NOWA;0.543
246.00	249.00	NOWA;0.624
292.50	297.00	NOWA;0.887
234.00	240.00	PISI;0.991
24.00	27.00	RECR;0.598
138.00	142.50	RECR;0.573
99.00	103.50	RBNU;0.660
261.00	264.00	SAND;0.507
138.00	141.00	SNBU;0.573
135.00	138.00	SOSP;0.618
190.50	193.50	SOSP;0.771
61.50	64.50	SPTO;0.514
10.50	15.00	SWSP;0.554
19.50	22.50	SWSP;0.500
28.50	31.50	SWSP;0.500
33.00	37.50	SWSP;0.596
42.00	45.00	SWSP;0.500
46.50	52.50	SWSP;0.977
57.00	60.00	SWSP;0.500
63.00	67.50	SWSP;0.653
115.50	120.00	SWSP;0.600
129.00	135.00	SWSP;0.823
138.00	141.00	SWSP;0.500
144.00	148.50	SWSP;0.500
151.50	157.50	SWSP;0.663
165.00	169.50	SWSP;0.538
172.50	177.00	SWSP;0.500
183.00	187.50	SWSP;0.535
199.50	204.00	SWSP;0.500
214.50	220.50	SWSP;0.895
225.00	228.00	SWSP;0.500
232.50	235.50	SWSP;0.519
240.00	244.50	SWSP;0.689
247.50	252.00	SWSP;0.969
256.50	259.50	SWSP;0.500
262.50	267.00	SWSP;0.946
270.00	274.50	SWSP;0.736
277.50	282.00	SWSP;0.940
283.50	289.50	SWSP;0.616
294.00	298.50	SWSP;0.968
1.50	7.50	TEWA;0.944
9.00	15.00	TEWA;0.830
16.50	22.50	TEWA;0.893
25.50	31.50	TEWA;0.800
55.50	60.00	TEWA;0.500
63.00	67.50	TEWA;0.818
78.00	82.50	TEWA;0.941
85.50	90.00	TEWA;0.528
102.00	105.00	TEWA;0.500
108.00	112.50	TEWA;0.669
123.00	127.50	TEWA;0.534
129.00	133.50	TEWA;0.500
145.50	150.00	TEWA;0.919
159.00	163.50	TEWA;0.904
166.50	171.00	TEWA;0.678
207.00	213.00	TEWA;0.932
222.00	228.00	TEWA;0.879
255.00	259.50	TEWA;0.654
270.00	274.50	TEWA;0.801
226.50	231.00	VGSW;0.716
241.50	244.50	VGSW;0.540
181.50	184.50	WEFL;0.601
52.50	57.00	WCSP;0.953
58.50	63.00	WCSP;0.959
70.50	78.00	WCSP;0.981
79.50	82.50	WCSP;0.500
85.50	90.00	WCSP;0.786
94.50	105.00	WCSP;0.989
108.00	112.50	WCSP;0.693
136.50	139.50	WCSP;0.500
148.50	151.50	WCSP;0.500
159.00	165.00	WCSP;0.950
166.50	171.00	WCSP;0.515
174.00	178.50	WCSP;0.842
232.50	235.50	WCSP;0.500
241.50	244.50	WCSP;0.500
273.00	277.50	WCSP;0.550
13.50	16.50	WTSP;0.911
52.50	57.00	WTSP;0.719
58.50	64.50	WTSP;0.510
78.00	82.50	WTSP;0.748
85.50	93.00	WTSP;0.639
100.50	103.50	WTSP;0.500
115.50	123.00	WTSP;0.894
142.50	145.50	WTSP;0.500
147.00	151.50	WTSP;0.669
159.00	162.00	WTSP;0.500
165.00	169.50	WTSP;0.500
174.00	177.00	WTSP;0.530
201.00	205.50	WTSP;0.791
228.00	231.00	WTSP;0.500
259.50	264.00	WTSP;0.987
276.00	280.50	WTSP;0.984
16.50	21.00	WIWR;0.644
27.00	31.50	YRWA;0.802
49.50	54.00	YRWA;0.961
61.50	66.00	YRWA;0.739
75.00	79.50	YRWA;0.957
85.50	90.00	YRWA;0.666
192.00	196.50	YRWA;0.963
205.50	210.00	YRWA;0.923
219.00	223.50	YRWA;0.953
243.00	247.50	YRWA;0.500
280.50	285.00	YRWA;0.978
