16.50	21.00	ATSP;0.500
52.50	55.50	ATSP;0.848
61.50	66.00	ATSP;0.500
76.50	91.50	ATSP;0.973
220.50	225.00	ATSP;0.500
294.00	297.00	AMWO;0.592
97.50	100.50	BCCH;0.531
187.50	190.50	BCCH;0.557
85.50	88.50	BOCH;0.505
183.00	186.00	CAFI;0.758
3.00	7.50	CCLO;0.546
261.00	265.50	HOLA;0.589
292.50	295.50	LISP;0.649
9.00	12.00	PISI;0.500
132.00	150.00	PISI;0.993
261.00	268.50	PISI;0.977
0.00	4.50	RUGR;0.764
15.00	18.00	RUGR;0.533
21.00	24.00	RUGR;0.521
160.50	163.50	RUGR;0.734
213.00	216.00	RUGR;0.549
222.00	226.50	RUGR;0.806
235.50	238.50	RUGR;0.530
262.50	265.50	RUGR;0.538
273.00	276.00	RUGR;0.532
193.50	196.50	VESP;0.537
217.50	220.50	VESP;0.794
225.00	228.00	VESP;0.644
243.00	246.00	VESP;0.591
16.50	21.00	WEFL;0.500
52.50	57.00	WEFL;0.976
61.50	66.00	WEFL;0.849
75.00	87.00	WEFL;0.872
96.00	99.00	WEFL;0.500
223.50	226.50	WEME;0.583
85.50	90.00	WCSP;0.500
105.00	111.00	WCSP;0.892
115.50	120.00	WCSP;0.500
144.00	147.00	WCSP;0.500
153.00	160.50	WCSP;0.906
163.50	172.50	WCSP;0.777
76.50	79.50	YRWA;0.604
