175.50	178.50	AMDI;0.647
496.50	547.50	AMRO;0.989
552.00	556.50	AMRO;0.884
558.00	562.50	AMRO;0.944
564.00	568.50	AMRO;0.993
570.00	576.00	AMRO;0.976
580.50	600.00	AMRO;0.982
535.50	538.50	BAOR;0.541
556.50	559.50	BAOR;0.895
67.50	70.50	BEKI;0.796
133.50	138.00	BEKI;0.682
486.00	489.00	BLOY;0.559
369.00	372.00	BRSP;0.536
481.50	487.50	BRSP;0.932
39.00	43.50	CAFI;0.598
4.50	9.00	CHSP;0.505
13.50	19.50	CHSP;0.992
22.50	28.50	CHSP;0.991
39.00	45.00	CHSP;0.938
48.00	54.00	CHSP;0.986
58.50	64.50	CHSP;0.981
67.50	73.50	CHSP;0.984
79.50	84.00	CHSP;0.987
88.50	94.50	CHSP;0.983
97.50	103.50	CHSP;0.979
108.00	112.50	CHSP;0.852
118.50	121.50	CHSP;0.500
129.00	135.00	CHSP;0.831
141.00	147.00	CHSP;0.819
169.50	174.00	CHSP;0.780
184.50	189.00	CHSP;0.727
213.00	219.00	CHSP;0.933
223.50	229.50	CHSP;0.958
240.00	246.00	CHSP;0.833
256.50	261.00	CHSP;0.962
292.50	298.50	CHSP;0.972
307.50	313.50	CHSP;0.964
319.50	325.50	CHSP;0.918
336.00	342.00	CHSP;0.854
346.50	352.50	CHSP;0.866
358.50	363.00	CHSP;0.653
370.50	375.00	CHSP;0.905
379.50	385.50	CHSP;0.916
441.00	444.00	CHSP;0.500
447.00	453.00	CHSP;0.909
502.50	505.50	EABL;0.705
70.50	73.50	EAME;0.579
97.50	100.50	EAME;0.569
351.00	354.00	EAME;0.589
4.50	7.50	EATO;0.582
6.00	10.50	FOSP;0.922
16.50	21.00	FOSP;0.768
28.50	33.00	FOSP;0.863
43.50	48.00	FOSP;0.864
57.00	61.50	FOSP;0.919
70.50	75.00	FOSP;0.900
85.50	90.00	FOSP;0.757
97.50	103.50	FOSP;0.934
112.50	118.50	FOSP;0.625
159.00	163.50	FOSP;0.876
172.50	177.00	FOSP;0.861
351.00	357.00	FOSP;0.854
361.50	366.00	FOSP;0.500
373.50	378.00	FOSP;0.900
385.50	391.50	FOSP;0.906
399.00	405.00	FOSP;0.846
415.50	420.00	FOSP;0.874
444.00	450.00	FOSP;0.946
457.50	462.00	FOSP;0.500
465.00	471.00	FOSP;0.887
484.50	487.50	FOSP;0.500
532.50	537.00	FOSP;0.874
546.00	550.50	FOSP;0.799
559.50	564.00	FOSP;0.781
573.00	579.00	FOSP;0.954
370.50	373.50	GCSP;0.638
555.00	558.00	GWTE;0.588
474.00	477.00	HAWO;0.518
75.00	78.00	HASP;0.771
63.00	66.00	HETH;0.599
397.50	400.50	HETH;0.568
568.50	571.50	HETH;0.873
459.00	462.00	LASP;0.539
49.50	52.50	MOCH;0.519
63.00	66.00	MOCH;0.560
142.50	145.50	MOCH;0.801
195.00	199.50	MOCH;0.553
267.00	270.00	MOCH;0.624
379.50	382.50	MOCH;0.600
391.50	394.50	MOCH;0.610
421.50	424.50	MOCH;0.553
327.00	331.50	OSFL;0.852
54.00	57.00	PHVI;0.508
66.00	69.00	PUFI;0.541
84.00	88.50	RECR;0.743
112.50	117.00	RECR;0.516
159.00	162.00	RECR;0.695
171.00	174.00	RECR;0.693
372.00	375.00	RECR;0.658
399.00	402.00	RECR;0.561
414.00	417.00	RECR;0.730
444.00	447.00	RECR;0.658
496.50	499.50	RBGR;0.531
471.00	477.00	RUTU;0.716
22.50	25.50	RUGR;0.582
48.00	52.50	RUGR;0.526
154.50	157.50	RUGR;0.586
49.50	52.50	RUBL;0.515
520.50	525.00	SAND;0.792
18.00	21.00	SNBU;0.708
112.50	115.50	SNBU;0.508
159.00	163.50	SNBU;0.613
172.50	175.50	SNBU;0.548
399.00	405.00	SNBU;0.557
445.50	448.50	SNBU;0.527
468.00	471.00	SNBU;0.514
547.50	550.50	SNBU;0.581
417.00	420.00	SOSP;0.514
390.00	393.00	SPSA;0.530
513.00	516.00	SUTA;0.526
597.00	600.00	SUTA;0.608
550.50	553.50	SWHA;0.565
313.50	318.00	VATH;0.719
330.00	333.00	VATH;0.553
325.50	328.50	WEWP;0.641
217.50	222.00	WCSP;0.640
231.00	235.50	WCSP;0.766
268.50	271.50	WCSP;0.932
312.00	316.50	WCSP;0.593
343.50	348.00	WCSP;0.988
354.00	357.00	WCSP;0.500
367.50	373.50	WCSP;0.987
376.50	381.00	WCSP;0.954
388.50	394.50	WCSP;0.860
487.50	493.50	WCSP;0.987
21.00	25.50	WTSP;0.500
45.00	51.00	WTSP;0.974
54.00	58.50	WTSP;0.910
63.00	67.50	WTSP;0.592
75.00	81.00	WTSP;0.995
139.50	144.00	WTSP;0.991
369.00	372.00	WTSP;0.500
381.00	384.00	WTSP;0.500
388.50	393.00	WTSP;0.563
406.50	411.00	WTSP;0.652
481.50	484.50	WTSP;0.702
492.00	498.00	WTSP;0.921
505.50	511.50	WTSP;0.937
526.50	531.00	WTSP;0.969
538.50	541.50	WTSP;0.500
568.50	574.50	WTSP;0.927
579.00	583.50	WTSP;0.746
318.00	321.00	WIWA;0.620
376.50	379.50	WIWR;0.660
