157.50	160.50	AGOL;0.561
15.00	22.50	AMRO;0.995
45.00	69.00	AMRO;0.987
72.00	78.00	AMRO;0.895
150.00	153.00	ATSP;0.572
27.00	31.50	BLOY;0.552
280.50	283.50	BCCH;0.581
40.50	45.00	BTNW;0.641
10.50	15.00	BLPW;0.754
31.50	36.00	BLPW;0.677
46.50	51.00	BLPW;0.638
132.00	136.50	BLPW;0.676
6.00	9.00	CMWA;0.702
145.50	154.50	CMWA;0.738
43.50	46.50	CAFI;0.572
117.00	121.50	CHSW;0.932
159.00	165.00	CHSW;0.693
172.50	175.50	HASP;0.591
192.00	195.00	HESP;0.672
88.50	91.50	HETH;0.523
174.00	177.00	HETH;0.750
198.00	201.00	HETH;0.714
229.50	232.50	HETH;0.912
52.50	57.00	HOWA;0.902
88.50	94.50	MOCH;0.801
97.50	100.50	MOCH;0.500
133.50	138.00	MOCH;0.870
151.50	156.00	MOCH;0.500
171.00	177.00	MOCH;0.548
195.00	199.50	MOCH;0.682
205.50	211.50	MOCH;0.722
225.00	229.50	MOCH;0.508
231.00	235.50	MOCH;0.911
253.50	259.50	MOCH;0.500
267.00	270.00	MOCH;0.500
292.50	298.50	MOCH;0.977
249.00	252.00	OVEN;0.514
0.00	3.00	PAWR;0.609
4.50	7.50	PAWR;0.670
12.00	15.00	PAWR;0.644
21.00	25.50	PAWR;0.890
48.00	51.00	PAWR;0.565
70.50	75.00	PAWR;0.735
264.00	268.50	RUTU;0.848
1.50	6.00	SOSP;0.556
7.50	22.50	SOSP;0.900
33.00	42.00	SOSP;0.824
61.50	66.00	SOSP;0.888
67.50	84.00	SOSP;0.719
102.00	106.50	SOSP;0.671
108.00	115.50	SOSP;0.940
118.50	157.50	SOSP;0.963
166.50	171.00	SOSP;0.690
172.50	193.50	SOSP;0.979
202.50	207.00	SOSP;0.654
210.00	219.00	SOSP;0.789
223.50	229.50	SOSP;0.500
235.50	259.50	SOSP;0.932
271.50	276.00	SOSP;0.767
277.50	282.00	SOSP;0.686
286.50	291.00	SOSP;0.735
58.50	61.50	SUTA;0.572
120.00	123.00	SWSP;0.637
258.00	261.00	SWSP;0.530
279.00	282.00	SWSP;0.506
139.50	142.50	VATH;0.506
199.50	202.50	VATH;0.668
61.50	66.00	WCSP;0.862
85.50	90.00	WCSP;0.793
94.50	99.00	WCSP;0.745
109.50	118.50	WCSP;0.623
129.00	133.50	WCSP;0.500
141.00	147.00	WCSP;0.985
148.50	153.00	WCSP;0.711
154.50	159.00	WCSP;0.500
162.00	181.50	WCSP;0.873
186.00	195.00	WCSP;0.500
211.50	216.00	WCSP;0.924
226.50	231.00	WCSP;0.500
243.00	246.00	WCSP;0.500
252.00	256.50	WCSP;0.503
88.50	94.50	WTSP;0.902
96.00	102.00	WTSP;0.946
139.50	142.50	WTSP;0.500
171.00	175.50	WTSP;0.840
195.00	198.00	WTSP;0.500
205.50	211.50	WTSP;0.959
231.00	235.50	WTSP;0.964
243.00	246.00	WTSP;0.515
255.00	259.50	WTSP;0.898
267.00	274.50	WTSP;0.992
292.50	298.50	WTSP;0.956
117.00	120.00	WIWA;0.500
159.00	163.50	WIWA;0.732
208.50	213.00	WIWA;0.969
244.50	249.00	WIWA;0.984
274.50	279.00	WIWA;0.977
