396.00	400.50	AMRO;0.953
525.00	528.00	AMRO;0.500
532.50	541.50	AMRO;0.934
552.00	556.50	AMRO;0.500
558.00	564.00	AMRO;0.970
565.50	570.00	AMRO;0.694
585.00	588.00	AMRO;0.642
591.00	595.50	AMRO;0.500
375.00	378.00	ATSP;0.509
435.00	438.00	BAIS;0.615
72.00	75.00	BEWR;0.659
552.00	555.00	BEWR;0.519
222.00	225.00	BCCH;0.698
283.50	286.50	BCCH;0.652
312.00	315.00	BCCH;0.561
325.50	330.00	BHVI;0.724
462.00	465.00	BHVI;0.511
57.00	60.00	BRSP;0.537
99.00	102.00	BRSP;0.544
288.00	291.00	BRSP;0.577
312.00	315.00	BRSP;0.533
375.00	378.00	BRSP;0.883
468.00	472.50	BRSP;0.793
1.50	7.50	CHSP;0.967
10.50	15.00	CHSP;0.656
21.00	25.50	CHSP;0.868
30.00	34.50	CHSP;0.719
45.00	51.00	CHSP;0.909
54.00	58.50	CHSP;0.897
61.50	67.50	CHSP;0.500
72.00	76.50	CHSP;0.921
79.50	85.50	CHSP;0.890
88.50	93.00	CHSP;0.872
96.00	106.50	CHSP;0.911
111.00	117.00	CHSP;0.977
121.50	126.00	CHSP;0.937
129.00	135.00	CHSP;0.943
138.00	144.00	CHSP;0.958
147.00	153.00	CHSP;0.926
154.50	160.50	CHSP;0.931
165.00	171.00	CHSP;0.892
174.00	180.00	CHSP;0.581
183.00	187.50	CHSP;0.875
190.50	195.00	CHSP;0.927
202.50	205.50	CHSP;0.579
220.50	223.50	CHSP;0.585
237.00	240.00	CHSP;0.500
249.00	252.00	CHSP;0.671
255.00	259.50	CHSP;0.975
262.50	268.50	CHSP;0.976
270.00	273.00	CHSP;0.909
282.00	285.00	CHSP;0.663
288.00	292.50	CHSP;0.862
295.50	298.50	CHSP;0.847
312.00	315.00	CHSP;0.504
328.50	331.50	CHSP;0.500
346.50	352.50	CHSP;0.933
357.00	361.50	CHSP;0.928
363.00	369.00	CHSP;0.944
381.00	387.00	CHSP;0.796
391.50	396.00	CHSP;0.762
399.00	403.50	CHSP;0.500
408.00	412.50	CHSP;0.848
415.50	421.50	CHSP;0.919
433.50	438.00	CHSP;0.805
441.00	447.00	CHSP;0.928
459.00	465.00	CHSP;0.987
468.00	472.50	CHSP;0.511
483.00	487.50	CHSP;0.546
493.50	498.00	CHSP;0.861
501.00	507.00	CHSP;0.940
510.00	516.00	CHSP;0.973
526.50	531.00	CHSP;0.874
552.00	555.00	CHSP;0.566
570.00	574.50	CHSP;0.563
577.50	582.00	CHSP;0.795
585.00	591.00	CHSP;0.888
595.50	598.50	CHSP;0.500
219.00	222.00	CCSP;0.729
268.50	271.50	CCSP;0.692
274.50	277.50	CCSP;0.641
324.00	327.00	CCSP;0.797
363.00	366.00	EAME;0.583
385.50	388.50	EAME;0.785
196.50	199.50	EAPH;0.525
325.50	330.00	EATO;0.687
334.50	337.50	EATO;0.580
399.00	402.00	EATO;0.610
424.50	427.50	EATO;0.503
462.00	465.00	EATO;0.875
502.50	505.50	EATO;0.524
31.50	34.50	EAWP;0.540
88.50	91.50	FISP;0.519
99.00	102.00	FISP;0.703
130.50	133.50	FISP;0.742
144.00	147.00	FISP;0.515
163.50	166.50	FISP;0.500
289.50	292.50	FISP;0.607
0.00	4.50	FOSP;0.500
7.50	22.50	FOSP;0.983
25.50	37.50	FOSP;0.932
40.50	48.00	FOSP;0.782
51.00	54.00	FOSP;0.500
63.00	70.50	FOSP;0.780
73.50	81.00	FOSP;0.966
91.50	97.50	FOSP;0.837
103.50	112.50	FOSP;0.647
120.00	129.00	FOSP;0.944
130.50	135.00	FOSP;0.834
142.50	147.00	FOSP;0.540
153.00	157.50	FOSP;0.891
163.50	168.00	FOSP;0.963
172.50	189.00	FOSP;0.857
192.00	195.00	FOSP;0.500
202.50	205.50	FOSP;0.500
207.00	210.00	FOSP;0.500
214.50	217.50	FOSP;0.661
228.00	232.50	FOSP;0.949
234.00	238.50	FOSP;0.500
241.50	244.50	FOSP;0.509
255.00	258.00	FOSP;0.627
261.00	267.00	FOSP;0.835
274.50	279.00	FOSP;0.803
282.00	286.50	FOSP;0.500
288.00	292.50	FOSP;0.774
294.00	298.50	FOSP;0.770
303.00	306.00	FOSP;0.923
309.00	313.50	FOSP;0.892
316.50	324.00	FOSP;0.757
328.50	340.50	FOSP;0.832
342.00	348.00	FOSP;0.939
352.50	360.00	FOSP;0.953
366.00	399.00	FOSP;0.975
400.50	411.00	FOSP;0.989
412.50	417.00	FOSP;0.872
418.50	423.00	FOSP;0.852
424.50	429.00	FOSP;0.968
436.50	442.50	FOSP;0.965
450.00	457.50	FOSP;0.956
463.50	468.00	FOSP;0.949
469.50	474.00	FOSP;0.961
477.00	481.50	FOSP;0.985
486.00	489.00	FOSP;0.500
490.50	498.00	FOSP;0.959
499.50	508.50	FOSP;0.922
516.00	523.50	FOSP;0.988
529.50	534.00	FOSP;0.983
543.00	547.50	FOSP;0.996
550.50	553.50	FOSP;0.500
561.00	565.50	FOSP;0.960
568.50	573.00	FOSP;0.984
579.00	583.50	FOSP;0.987
588.00	597.00	FOSP;0.887
4.50	7.50	GCSP;0.670
27.00	30.00	GCSP;0.500
36.00	40.50	GCSP;0.612
42.00	46.50	GCSP;0.556
52.50	55.50	GCSP;0.500
57.00	61.50	GCSP;0.505
69.00	73.50	GCSP;0.500
102.00	115.50	GCSP;0.807
145.50	150.00	GCSP;0.500
169.50	172.50	GCSP;0.500
187.50	190.50	GCSP;0.500
193.50	196.50	GCSP;0.500
198.00	201.00	GCSP;0.500
210.00	213.00	GCSP;0.575
216.00	219.00	GCSP;0.500
222.00	226.50	GCSP;0.774
250.50	253.50	GCSP;0.714
265.50	268.50	GCSP;0.500
271.50	274.50	GCSP;0.500
277.50	280.50	GCSP;0.500
282.00	288.00	GCSP;0.519
291.00	295.50	GCSP;0.500
304.50	307.50	GCSP;0.500
312.00	315.00	GCSP;0.500
330.00	333.00	GCSP;0.500
337.50	340.50	GCSP;0.538
351.00	354.00	GCSP;0.540
358.50	361.50	GCSP;0.500
364.50	367.50	GCSP;0.500
372.00	379.50	GCSP;0.799
382.50	390.00	GCSP;0.608
396.00	400.50	GCSP;0.703
403.50	408.00	GCSP;0.849
420.00	423.00	GCSP;0.500
429.00	432.00	GCSP;0.500
447.00	451.50	GCSP;0.500
475.50	478.50	GCSP;0.500
514.50	517.50	GCSP;0.500
526.50	531.00	GCSP;0.560
570.00	573.00	GCSP;0.500
588.00	592.50	GCSP;0.579
597.00	600.00	GCSP;0.688
226.50	229.50	HASP;0.561
39.00	42.00	HETH;0.515
78.00	81.00	HETH;0.669
111.00	114.00	HETH;0.654
171.00	174.00	HETH;0.901
180.00	183.00	HETH;0.531
415.50	420.00	HETH;0.643
123.00	126.00	HOFI;0.553
82.50	87.00	LISP;0.793
115.50	120.00	LISP;0.840
184.50	189.00	LISP;0.830
219.00	223.50	LISP;0.742
432.00	435.00	LISP;0.500
474.00	477.00	LISP;0.500
481.50	486.00	LISP;0.536
499.50	502.50	LISP;0.500
507.00	511.50	LISP;0.810
517.50	520.50	LISP;0.500
535.50	541.50	LISP;0.500
547.50	552.00	LISP;0.948
595.50	600.00	LISP;0.788
51.00	54.00	MAMU;0.558
102.00	105.00	MAMU;0.512
511.50	514.50	MAMU;0.506
39.00	42.00	MOCH;0.506
358.50	361.50	MOCH;0.764
427.50	430.50	MOCH;0.810
444.00	447.00	MOCH;0.511
508.50	514.50	MOCH;0.594
555.00	559.50	MOCH;0.802
319.50	322.50	OSFL;0.565
45.00	48.00	OROR;0.680
66.00	69.00	PUFI;0.527
264.00	267.00	PUFI;0.619
418.50	421.50	PUFI;0.540
546.00	549.00	PUFI;0.503
24.00	27.00	RECR;0.555
409.50	412.50	REVI;0.612
309.00	312.00	RWBL;0.533
196.50	199.50	ROWR;0.582
207.00	210.00	ROWR;0.529
261.00	264.00	ROWR;0.519
565.50	568.50	RBGR;0.521
301.50	304.50	RCKI;0.616
6.00	9.00	RUGR;0.500
12.00	16.50	RUGR;0.725
40.50	48.00	RUGR;0.606
72.00	76.50	RUGR;0.656
79.50	82.50	RUGR;0.500
87.00	93.00	RUGR;0.725
102.00	105.00	RUGR;0.500
106.50	109.50	RUGR;0.500
121.50	126.00	RUGR;0.500
145.50	150.00	RUGR;0.508
153.00	159.00	RUGR;0.586
168.00	172.50	RUGR;0.500
178.50	187.50	RUGR;0.688
190.50	193.50	RUGR;0.500
195.00	199.50	RUGR;0.509
204.00	207.00	RUGR;0.500
208.50	217.50	RUGR;0.723
222.00	241.50	RUGR;0.521
247.50	250.50	RUGR;0.500
301.50	331.50	RUGR;0.829
333.00	337.50	RUGR;0.594
339.00	354.00	RUGR;0.939
357.00	364.50	RUGR;0.500
370.50	373.50	RUGR;0.500
405.00	408.00	RUGR;0.500
474.00	478.50	RUGR;0.585
510.00	519.00	RUGR;0.500
556.50	559.50	RUGR;0.500
570.00	574.50	RUGR;0.626
576.00	582.00	RUGR;0.500
583.50	588.00	RUGR;0.804
594.00	598.50	RUGR;0.680
3.00	6.00	RUBL;0.768
91.50	96.00	SAPH;0.670
550.50	553.50	SAPH;0.586
25.50	28.50	SNBU;0.784
66.00	69.00	SNBU;0.582
157.50	160.50	SNBU;0.626
174.00	178.50	SNBU;0.602
261.00	264.00	SNBU;0.565
453.00	456.00	SPTO;0.679
226.50	229.50	VATH;0.704
142.50	147.00	VESP;0.811
499.50	502.50	VESP;0.511
507.00	510.00	VESP;0.613
196.50	199.50	WEWP;0.602
328.50	331.50	WEWP;0.649
0.00	3.00	WCSP;0.967
6.00	10.50	WCSP;0.990
18.00	21.00	WCSP;0.500
27.00	46.50	WCSP;0.944
48.00	61.50	WCSP;0.961
63.00	67.50	WCSP;0.942
69.00	73.50	WCSP;0.947
76.50	81.00	WCSP;0.745
93.00	97.50	WCSP;0.679
99.00	103.50	WCSP;0.598
105.00	109.50	WCSP;0.817
135.00	139.50	WCSP;0.995
141.00	150.00	WCSP;0.843
169.50	175.50	WCSP;0.500
181.50	186.00	WCSP;0.500
193.50	222.00	WCSP;0.998
223.50	228.00	WCSP;0.994
231.00	250.50	WCSP;0.994
252.00	256.50	WCSP;0.994
258.00	264.00	WCSP;0.993
265.50	289.50	WCSP;0.994
291.00	303.00	WCSP;0.994
304.50	327.00	WCSP;0.995
330.00	343.50	WCSP;0.995
351.00	355.50	WCSP;0.965
360.00	364.50	WCSP;0.912
369.00	376.50	WCSP;0.991
381.00	385.50	WCSP;0.543
387.00	391.50	WCSP;0.891
397.50	402.00	WCSP;0.984
406.50	411.00	WCSP;0.962
414.00	426.00	WCSP;0.994
429.00	433.50	WCSP;0.993
439.50	444.00	WCSP;0.985
445.50	453.00	WCSP;0.990
454.50	460.50	WCSP;0.987
468.00	472.50	WCSP;0.925
475.50	480.00	WCSP;0.804
484.50	489.00	WCSP;0.992
492.00	496.50	WCSP;0.971
514.50	519.00	WCSP;0.971
528.00	531.00	WCSP;0.765
532.50	535.50	WCSP;0.500
546.00	549.00	WCSP;0.500
562.50	567.00	WCSP;0.582
570.00	576.00	WCSP;0.992
580.50	586.50	WCSP;0.985
588.00	592.50	WCSP;0.572
597.00	600.00	WCSP;0.500
4.50	7.50	WTSP;0.500
36.00	39.00	WTSP;0.500
57.00	60.00	WTSP;0.500
84.00	91.50	WTSP;0.995
96.00	102.00	WTSP;0.990
105.00	112.50	WTSP;0.816
117.00	123.00	WTSP;0.990
126.00	132.00	WTSP;0.993
133.50	136.50	WTSP;0.500
139.50	156.00	WTSP;0.991
159.00	166.50	WTSP;0.995
169.50	172.50	WTSP;0.500
174.00	177.00	WTSP;0.780
202.50	208.50	WTSP;0.963
210.00	219.00	WTSP;0.889
222.00	225.00	WTSP;0.585
243.00	246.00	WTSP;0.500
250.50	253.50	WTSP;0.500
255.00	259.50	WTSP;0.563
265.50	268.50	WTSP;0.500
270.00	274.50	WTSP;0.578
277.50	280.50	WTSP;0.500
292.50	295.50	WTSP;0.500
321.00	324.00	WTSP;0.500
337.50	340.50	WTSP;0.500
349.50	354.00	WTSP;0.767
358.50	364.50	WTSP;0.834
369.00	373.50	WTSP;0.528
381.00	388.50	WTSP;0.779
393.00	397.50	WTSP;0.984
405.00	408.00	WTSP;0.514
420.00	423.00	WTSP;0.503
435.00	438.00	WTSP;0.551
444.00	450.00	WTSP;0.848
466.50	471.00	WTSP;0.838
508.50	514.50	WTSP;0.878
555.00	559.50	WTSP;0.500
553.50	556.50	WILL;0.502
0.00	4.50	WIWA;0.994
9.00	15.00	WIWA;0.983
19.50	24.00	WIWA;0.990
28.50	33.00	WIWA;0.986
36.00	42.00	WIWA;0.993
46.50	52.50	WIWA;0.985
58.50	64.50	WIWA;0.990
67.50	73.50	WIWA;0.987
450.00	453.00	WIWA;0.500
456.00	460.50	WIWA;0.948
463.50	468.00	WIWA;0.875
471.00	477.00	WIWA;0.991
480.00	486.00	WIWA;0.992
487.50	493.50	WIWA;0.991
496.50	501.00	WIWA;0.991
505.50	510.00	WIWA;0.994
513.00	519.00	WIWA;0.992
522.00	526.50	WIWA;0.991
532.50	538.50	WIWA;0.988
544.50	549.00	WIWA;0.940
553.50	558.00	WIWA;0.991
564.00	570.00	WIWA;0.987
574.50	580.50	WIWA;0.995
589.50	594.00	WIWA;0.991
234.00	237.00	YBFL;0.564
241.50	244.50	YBFL;0.523
16.50	19.50	YRWA;0.711
