414.00	418.50	AMAV;0.622
9.00	13.50	AMDI;0.596
295.50	298.50	AMDI;0.605
156.00	159.00	AGOL;0.510
223.50	226.50	AMRE;0.500
261.00	265.50	AMRE;0.994
277.50	282.00	AMRE;0.990
214.50	217.50	BOCH;0.814
84.00	88.50	BRBL;0.847
505.50	510.00	CHSW;0.661
1.50	7.50	CHSP;0.928
10.50	16.50	CHSP;0.966
21.00	25.50	CHSP;0.684
28.50	34.50	CHSP;0.984
37.50	43.50	CHSP;0.961
46.50	52.50	CHSP;0.942
57.00	63.00	CHSP;0.969
66.00	72.00	CHSP;0.979
75.00	81.00	CHSP;0.960
207.00	211.50	CHSP;0.789
216.00	220.50	CHSP;0.500
387.00	391.50	CHSP;0.540
408.00	412.50	CHSP;0.685
436.50	441.00	CHSP;0.513
507.00	511.50	CHSP;0.727
516.00	520.50	CHSP;0.923
543.00	547.50	CHSP;0.645
586.50	591.00	CHSP;0.500
79.50	82.50	EAME;0.525
468.00	472.50	EAME;0.676
501.00	505.50	EAME;0.586
519.00	522.00	EAME;0.573
555.00	558.00	EAME;0.512
4.50	7.50	EATO;0.775
18.00	21.00	EATO;0.554
42.00	45.00	EATO;0.500
96.00	99.00	EATO;0.500
108.00	112.50	EATO;0.813
124.50	127.50	EATO;0.500
162.00	165.00	EATO;0.509
181.50	184.50	EATO;0.500
199.50	202.50	EATO;0.500
220.50	223.50	EATO;0.500
256.50	259.50	EATO;0.500
301.50	304.50	EATO;0.500
321.00	324.00	EATO;0.500
333.00	336.00	EATO;0.500
480.00	483.00	EATO;0.500
517.50	520.50	EATO;0.500
523.50	526.50	EATO;0.500
544.50	547.50	EATO;0.816
570.00	574.50	EATO;0.700
591.00	594.00	EATO;0.618
181.50	184.50	EAWP;0.727
208.50	213.00	EVGR;0.645
447.00	450.00	EVGR;0.579
93.00	96.00	FISP;0.513
463.50	466.50	FISP;0.783
6.00	10.50	FOSP;0.963
19.50	25.50	FOSP;0.973
34.50	39.00	FOSP;0.892
43.50	48.00	FOSP;0.874
49.50	55.50	FOSP;0.976
61.50	75.00	FOSP;0.957
79.50	84.00	FOSP;0.983
93.00	100.50	FOSP;0.958
111.00	115.50	FOSP;0.924
117.00	124.50	FOSP;0.527
126.00	130.50	FOSP;0.943
135.00	141.00	FOSP;0.981
145.50	150.00	FOSP;0.951
159.00	169.50	FOSP;0.854
172.50	178.50	FOSP;0.578
181.50	187.50	FOSP;0.871
190.50	195.00	FOSP;0.798
201.00	207.00	FOSP;0.989
211.50	216.00	FOSP;0.956
222.00	226.50	FOSP;0.995
240.00	249.00	FOSP;0.968
261.00	265.50	FOSP;0.679
276.00	279.00	FOSP;0.500
280.50	285.00	FOSP;0.757
286.50	291.00	FOSP;0.500
298.50	303.00	FOSP;0.922
318.00	327.00	FOSP;0.958
333.00	339.00	FOSP;0.862
354.00	364.50	FOSP;0.937
375.00	379.50	FOSP;0.951
394.50	399.00	FOSP;0.889
402.00	406.50	FOSP;0.606
423.00	427.50	FOSP;0.966
445.50	450.00	FOSP;0.685
465.00	469.50	FOSP;0.776
480.00	486.00	FOSP;0.732
490.50	495.00	FOSP;0.820
499.50	504.00	FOSP;0.822
510.00	525.00	FOSP;0.936
532.50	540.00	FOSP;0.827
546.00	550.50	FOSP;0.920
555.00	561.00	FOSP;0.926
568.50	573.00	FOSP;0.968
579.00	585.00	FOSP;0.910
592.50	597.00	FOSP;0.869
90.00	93.00	GCSP;0.578
268.50	271.50	GCSP;0.552
459.00	462.00	HASP;0.533
475.50	478.50	HASP;0.611
82.50	85.50	HETH;0.579
115.50	118.50	HETH;0.737
172.50	175.50	HETH;0.538
199.50	202.50	HETH;0.662
336.00	339.00	HETH;0.501
340.50	343.50	HETH;0.617
78.00	81.00	HOLA;0.711
279.00	283.50	HOFI;0.917
177.00	180.00	LALO;0.613
331.50	334.50	LISP;0.543
49.50	52.50	MOCH;0.500
88.50	91.50	MOCH;0.500
115.50	118.50	MOCH;0.500
231.00	234.00	MOCH;0.822
258.00	261.00	MOCH;0.560
267.00	273.00	MOCH;0.677
288.00	292.50	MOCH;0.991
307.50	310.50	MOCH;0.737
370.50	373.50	MOCH;0.500
421.50	424.50	MOCH;0.500
432.00	436.50	MOCH;0.778
474.00	481.50	MOCH;0.660
486.00	492.00	MOCH;0.500
496.50	499.50	MOCH;0.868
402.00	405.00	NOCA;0.606
220.50	223.50	OSFL;0.698
9.00	12.00	OCWA;0.606
117.00	120.00	OROR;0.626
159.00	162.00	OROR;0.517
483.00	486.00	OROR;0.611
82.50	85.50	PHVI;0.718
346.50	351.00	PIGR;0.561
205.50	208.50	PUFI;0.511
139.50	142.50	RUTU;0.745
447.00	451.50	RUTU;0.870
202.50	205.50	RUGR;0.644
249.00	253.50	RUGR;0.718
424.50	427.50	RUGR;0.761
385.50	390.00	RUBL;0.538
123.00	126.00	SESA;0.575
21.00	27.00	SNBU;0.669
60.00	67.50	SNBU;0.812
81.00	84.00	SNBU;0.500
96.00	99.00	SNBU;0.500
105.00	109.50	SNBU;0.501
117.00	121.50	SNBU;0.763
145.50	148.50	SNBU;0.500
159.00	168.00	SNBU;0.704
183.00	186.00	SNBU;0.500
187.50	190.50	SNBU;0.856
204.00	213.00	SNBU;0.554
262.50	270.00	SNBU;0.500
280.50	285.00	SNBU;0.668
297.00	301.50	SNBU;0.669
318.00	322.50	SNBU;0.830
354.00	360.00	SNBU;0.564
381.00	384.00	SNBU;0.500
400.50	406.50	SNBU;0.710
444.00	450.00	SNBU;0.566
466.50	469.50	SNBU;0.500
481.50	486.00	SNBU;0.500
499.50	504.00	SNBU;0.500
520.50	523.50	SNBU;0.500
534.00	537.00	SNBU;0.500
556.50	559.50	SNBU;0.500
568.50	573.00	SNBU;0.500
579.00	585.00	SNBU;0.500
1.50	4.50	SOSA;0.640
303.00	306.00	SPSA;0.569
345.00	348.00	SPSA;0.519
505.50	508.50	SWSP;0.550
69.00	73.50	VATH;0.599
151.50	156.00	VATH;0.659
135.00	138.00	VESP;0.559
277.50	280.50	VESP;0.510
300.00	303.00	VESP;0.509
511.50	516.00	VESP;0.608
535.50	538.50	VESP;0.533
24.00	27.00	WAVI;0.582
24.00	27.00	WCSP;0.500
40.50	46.50	WCSP;0.833
69.00	72.00	WCSP;0.500
82.50	85.50	WCSP;0.500
102.00	105.00	WCSP;0.500
112.50	115.50	WCSP;0.500
127.50	130.50	WCSP;0.500
136.50	141.00	WCSP;0.500
154.50	157.50	WCSP;0.500
175.50	178.50	WCSP;0.500
196.50	201.00	WCSP;0.960
204.00	207.00	WCSP;0.500
217.50	220.50	WCSP;0.500
259.50	262.50	WCSP;0.672
268.50	274.50	WCSP;0.887
286.50	289.50	WCSP;0.500
340.50	343.50	WCSP;0.500
403.50	408.00	WCSP;0.953
417.00	420.00	WCSP;0.938
424.50	433.50	WCSP;0.500
453.00	457.50	WCSP;0.817
88.50	93.00	WTSP;0.952
156.00	160.50	WTSP;0.500
225.00	232.50	WTSP;0.994
268.50	271.50	WTSP;0.513
288.00	291.00	WTSP;0.500
304.50	310.50	WTSP;0.987
337.50	342.00	WTSP;0.914
358.50	363.00	WTSP;0.987
367.50	373.50	WTSP;0.798
421.50	424.50	WTSP;0.561
432.00	436.50	WTSP;0.693
457.50	462.00	WTSP;0.929
471.00	481.50	WTSP;0.992
486.00	490.50	WTSP;0.977
493.50	499.50	WTSP;0.979
559.50	564.00	WTSP;0.989
570.00	574.50	WTSP;0.563
99.00	102.00	WIFL;0.771
243.00	246.00	WIFL;0.650
559.50	562.50	WIFL;0.526
583.50	586.50	WIFL;0.579
0.00	3.00	WIWA;0.986
7.50	12.00	WIWA;0.805
15.00	21.00	WIWA;0.993
25.50	30.00	WIWA;0.992
34.50	39.00	WIWA;0.896
513.00	516.00	WIWA;0.500
517.50	522.00	WIWA;0.991
525.00	529.50	WIWA;0.989
532.50	537.00	WIWA;0.993
540.00	546.00	WIWA;0.992
547.50	552.00	WIWA;0.991
556.50	561.00	WIWA;0.984
564.00	568.50	WIWA;0.989
193.50	198.00	YRWA;0.892
