223.50	228.00	AMDI;0.590
175.50	178.50	AGOL;0.505
120.00	123.00	BEWR;0.585
145.50	148.50	BEWR;0.538
238.50	241.50	BHVI;0.627
189.00	192.00	BRBL;0.578
37.50	40.50	BRSP;0.515
88.50	91.50	BRSP;0.726
94.50	99.00	BRSP;0.551
82.50	87.00	CHSW;0.764
19.50	30.00	CHSP;0.823
33.00	36.00	CHSP;0.500
39.00	42.00	CHSP;0.500
48.00	52.50	CHSP;0.862
55.50	60.00	CHSP;0.755
66.00	72.00	CHSP;0.970
76.50	82.50	CHSP;0.945
90.00	100.50	CHSP;0.926
102.00	106.50	CHSP;0.602
109.50	112.50	CHSP;0.500
123.00	132.00	CHSP;0.965
135.00	144.00	CHSP;0.573
151.50	156.00	CHSP;0.570
268.50	271.50	CHSP;0.500
88.50	91.50	DUNL;0.608
286.50	291.00	EAME;0.748
253.50	256.50	EVGR;0.515
166.50	169.50	FISP;0.560
6.00	12.00	FOSP;0.905
19.50	27.00	FOSP;0.542
48.00	51.00	FOSP;0.527
61.50	66.00	FOSP;0.651
75.00	81.00	FOSP;0.715
105.00	109.50	FOSP;0.977
117.00	121.50	FOSP;0.987
130.50	135.00	FOSP;0.948
142.50	148.50	FOSP;0.967
157.50	163.50	FOSP;0.974
172.50	177.00	FOSP;0.951
190.50	199.50	FOSP;0.984
207.00	211.50	FOSP;0.982
223.50	229.50	FOSP;0.927
244.50	252.00	FOSP;0.984
259.50	265.50	FOSP;0.937
271.50	276.00	FOSP;0.504
279.00	283.50	FOSP;0.984
288.00	291.00	FOSP;0.500
295.50	300.00	FOSP;0.974
21.00	24.00	GCSP;0.752
63.00	67.50	GCSP;0.671
87.00	90.00	GCSP;0.511
139.50	144.00	GCSP;0.700
231.00	234.00	GCSP;0.643
31.50	34.50	HAWO;0.562
153.00	156.00	HASP;0.584
180.00	183.00	HASP;0.575
289.50	292.50	HETH;0.515
73.50	76.50	LISP;0.533
4.50	7.50	MOCH;0.516
9.00	12.00	MOCH;0.500
13.50	16.50	MOCH;0.537
27.00	30.00	MOCH;0.537
37.50	40.50	MOCH;0.500
42.00	45.00	MOCH;0.500
58.50	61.50	MOCH;0.500
66.00	69.00	MOCH;0.582
73.50	76.50	MOCH;0.638
84.00	88.50	MOCH;0.566
91.50	96.00	MOCH;0.500
111.00	118.50	MOCH;0.525
129.00	132.00	MOCH;0.500
135.00	138.00	MOCH;0.508
139.50	144.00	MOCH;0.500
147.00	151.50	MOCH;0.911
162.00	166.50	MOCH;0.840
177.00	180.00	MOCH;0.500
181.50	184.50	MOCH;0.500
190.50	193.50	MOCH;0.500
196.50	199.50	MOCH;0.500
201.00	204.00	MOCH;0.640
210.00	214.50	MOCH;0.858
217.50	220.50	MOCH;0.621
238.50	241.50	MOCH;0.500
243.00	246.00	MOCH;0.795
249.00	252.00	MOCH;0.500
255.00	258.00	MOCH;0.732
270.00	273.00	MOCH;0.500
276.00	279.00	MOCH;0.515
286.50	289.50	MOCH;0.500
291.00	294.00	MOCH;0.500
127.50	130.50	NSHR;0.709
147.00	150.00	OCWA;0.778
154.50	157.50	OCWA;0.501
19.50	22.50	PUFI;0.501
4.50	9.00	RECR;0.576
31.50	36.00	RECR;0.500
103.50	108.00	RECR;0.582
130.50	133.50	RECR;0.500
156.00	160.50	RECR;0.677
171.00	175.50	RECR;0.775
205.50	210.00	RECR;0.766
223.50	228.00	RECR;0.590
244.50	247.50	RECR;0.500
277.50	282.00	RECR;0.781
294.00	298.50	RECR;0.616
103.50	106.50	RWBL;0.671
276.00	280.50	RUTU;0.595
40.50	45.00	RUGR;0.721
70.50	73.50	RUGR;0.643
16.50	21.00	SAPH;0.606
112.50	115.50	SNBU;0.508
237.00	240.00	SNBU;0.550
39.00	43.50	SWSP;0.941
49.50	52.50	SWSP;0.579
52.50	58.50	TEWA;0.823
150.00	153.00	TEWA;0.561
262.50	265.50	WAVI;0.606
84.00	87.00	WEWP;0.646
0.00	6.00	WCSP;0.990
9.00	12.00	WCSP;0.500
22.50	27.00	WCSP;0.943
28.50	33.00	WCSP;0.500
36.00	40.50	WCSP;0.904
42.00	48.00	WCSP;0.962
51.00	54.00	WCSP;0.987
57.00	61.50	WCSP;0.986
64.50	69.00	WCSP;0.955
72.00	76.50	WCSP;0.500
79.50	84.00	WCSP;0.983
87.00	91.50	WCSP;0.933
94.50	99.00	WCSP;0.987
100.50	105.00	WCSP;0.884
108.00	112.50	WCSP;0.986
124.50	129.00	WCSP;0.990
133.50	138.00	WCSP;0.882
166.50	171.00	WCSP;0.603
181.50	184.50	WCSP;0.500
196.50	199.50	WCSP;0.500
211.50	214.50	WCSP;0.500
220.50	225.00	WCSP;0.969
231.00	237.00	WCSP;0.993
240.00	243.00	WCSP;0.774
15.00	21.00	WTSP;0.992
28.50	39.00	WTSP;0.992
42.00	52.50	WTSP;0.994
60.00	66.00	WTSP;0.904
70.50	76.50	WTSP;0.851
85.50	102.00	WTSP;0.994
109.50	115.50	WTSP;0.820
121.50	126.00	WTSP;0.500
129.00	144.00	WTSP;0.713
145.50	160.50	WTSP;0.996
168.00	172.50	WTSP;0.985
175.50	180.00	WTSP;0.977
181.50	189.00	WTSP;0.992
196.50	204.00	WTSP;0.997
214.50	220.50	WTSP;0.996
228.00	234.00	WTSP;0.985
238.50	246.00	WTSP;0.995
256.50	261.00	WTSP;0.991
270.00	279.00	WTSP;0.996
288.00	294.00	WTSP;0.978
150.00	153.00	WIWA;0.530
