90.00	93.00	AMDI;0.542
201.00	204.00	AMGP;0.503
90.00	93.00	ATSP;0.500
96.00	103.50	ATSP;0.803
225.00	234.00	ATSP;0.824
237.00	240.00	ATSP;0.500
243.00	246.00	ATSP;0.500
192.00	196.50	BCCH;0.554
189.00	192.00	BTNW;0.516
183.00	187.50	BOCH;0.751
115.50	120.00	CCSP;0.646
238.50	243.00	CCSP;0.839
196.50	201.00	FISP;0.914
151.50	157.50	HAFL;0.965
163.50	168.00	HETH;0.708
183.00	207.00	HETH;0.958
208.50	213.00	HETH;0.500
244.50	247.50	HETH;0.500
232.50	235.50	PAWA;0.641
0.00	3.00	PROW;0.878
225.00	229.50	PROW;0.626
181.50	184.50	RUGR;0.538
237.00	241.50	RUGR;0.791
81.00	85.50	SPTO;0.662
48.00	52.50	VATH;0.961
58.50	63.00	VATH;0.987
81.00	90.00	VATH;0.992
115.50	120.00	VATH;0.676
126.00	132.00	VATH;0.990
181.50	184.50	VATH;0.500
214.50	219.00	VATH;0.989
238.50	243.00	VATH;0.631
258.00	262.50	VATH;0.995
228.00	231.00	WEFL;0.654
0.00	49.50	WCSP;0.991
51.00	117.00	WCSP;0.984
120.00	127.50	WCSP;0.707
129.00	153.00	WCSP;0.895
165.00	171.00	WCSP;0.849
177.00	184.50	WCSP;0.946
187.50	192.00	WCSP;0.873
198.00	201.00	WCSP;0.502
231.00	246.00	WCSP;0.877
