484.50	487.50	AMAV;0.568
489.00	492.00	AMAV;0.592
67.50	70.50	AMDI;0.576
489.00	492.00	AMGP;0.641
12.00	15.00	AMRO;0.500
31.50	36.00	AMRO;0.519
39.00	42.00	AMRO;0.500
52.50	55.50	AMRO;0.559
57.00	61.50	AMRO;0.500
64.50	67.50	AMRO;0.627
109.50	115.50	AMRO;0.500
118.50	123.00	AMRO;0.500
135.00	139.50	AMRO;0.500
172.50	180.00	AMRO;0.604
190.50	195.00	AMRO;0.568
211.50	214.50	AMRO;0.500
223.50	226.50	AMRO;0.500
231.00	237.00	AMRO;0.619
238.50	243.00	AMRO;0.500
252.00	256.50	AMRO;0.500
270.00	276.00	AMRO;0.957
277.50	282.00	AMRO;0.621
295.50	298.50	AMRO;0.500
303.00	307.50	AMRO;0.552
321.00	325.50	AMRO;0.680
327.00	334.50	AMRO;0.905
342.00	345.00	AMRO;0.500
355.50	361.50	AMRO;0.694
375.00	378.00	AMRO;0.500
387.00	393.00	AMRO;0.755
396.00	400.50	AMRO;0.673
406.50	409.50	AMRO;0.680
417.00	420.00	AMRO;0.500
424.50	430.50	AMRO;0.560
432.00	435.00	AMRO;0.500
445.50	448.50	AMRO;0.545
454.50	457.50	AMRO;0.500
465.00	469.50	AMRO;0.661
472.50	478.50	AMRO;0.583
492.00	502.50	AMRO;0.709
505.50	508.50	AMRO;0.500
513.00	525.00	AMRO;0.916
531.00	535.50	AMRO;0.561
538.50	544.50	AMRO;0.740
550.50	553.50	AMRO;0.500
574.50	577.50	AMRO;0.500
579.00	583.50	AMRO;0.633
597.00	600.00	AMRO;0.500
46.50	49.50	AMWI;0.526
361.50	364.50	AMWI;0.598
393.00	396.00	AMWI;0.508
519.00	522.00	AMWI;0.515
75.00	78.00	BAOR;0.565
91.50	94.50	BAOR;0.628
127.50	130.50	BAOR;0.581
255.00	258.00	BAOR;0.559
408.00	411.00	BAOR;0.669
456.00	459.00	BAOR;0.819
579.00	583.50	BAOR;0.663
183.00	187.50	BLOY;0.689
231.00	234.00	BLOY;0.519
393.00	397.50	BLOY;0.571
424.50	429.00	BLOY;0.596
484.50	487.50	BLOY;0.524
136.50	139.50	BBPL;0.527
165.00	168.00	BBPL;0.596
333.00	336.00	BBPL;0.664
114.00	118.50	BRSP;0.920
262.50	265.50	BUOR;0.610
403.50	406.50	BUOR;0.508
522.00	526.50	CHSW;0.659
537.00	540.00	CHSW;0.562
403.50	406.50	DEJU;0.560
120.00	123.00	EABL;0.559
157.50	162.00	EABL;0.658
250.50	253.50	EABL;0.658
256.50	259.50	EABL;0.608
516.00	520.50	EABL;0.943
532.50	535.50	EABL;0.522
102.00	105.00	EAME;0.525
214.50	217.50	EAME;0.571
418.50	421.50	EAME;0.584
31.50	34.50	FISP;0.768
48.00	52.50	FISP;0.924
58.50	61.50	FISP;0.680
169.50	172.50	FISP;0.593
183.00	186.00	FISP;0.640
249.00	253.50	FISP;0.941
294.00	297.00	FISP;0.536
510.00	513.00	FISP;0.683
3.00	9.00	FOSP;0.981
19.50	24.00	FOSP;0.979
34.50	40.50	FOSP;0.973
54.00	58.50	FOSP;0.985
70.50	76.50	FOSP;0.949
87.00	93.00	FOSP;0.988
94.50	97.50	FOSP;0.500
102.00	109.50	FOSP;0.937
123.00	127.50	FOSP;0.971
141.00	147.00	FOSP;0.966
156.00	159.00	FOSP;0.500
160.50	166.50	FOSP;0.972
174.00	184.50	FOSP;0.981
198.00	208.50	FOSP;0.972
216.00	223.50	FOSP;0.986
225.00	228.00	FOSP;0.551
246.00	252.00	FOSP;0.954
258.00	261.00	FOSP;0.500
264.00	270.00	FOSP;0.918
282.00	286.50	FOSP;0.922
300.00	304.50	FOSP;0.971
316.50	322.50	FOSP;0.914
339.00	343.50	FOSP;0.978
364.50	369.00	FOSP;0.971
381.00	387.00	FOSP;0.946
399.00	402.00	FOSP;0.500
418.50	424.50	FOSP;0.966
429.00	432.00	FOSP;0.500
441.00	447.00	FOSP;0.974
460.50	471.00	FOSP;0.973
475.50	480.00	FOSP;0.511
481.50	490.50	FOSP;0.954
499.50	504.00	FOSP;0.813
511.50	516.00	FOSP;0.694
523.50	526.50	FOSP;0.634
447.00	450.00	GCKI;0.576
289.50	292.50	GCSP;0.521
441.00	445.50	GCSP;0.635
555.00	558.00	GCSP;0.962
108.00	111.00	GRCA;0.784
414.00	417.00	GRCA;0.662
439.50	442.50	GRCA;0.646
151.50	156.00	GWTE;0.552
175.50	180.00	GWTE;0.666
190.50	193.50	GWTE;0.511
223.50	226.50	GWTE;0.567
295.50	298.50	GWTE;0.510
495.00	499.50	GWTE;0.697
15.00	19.50	HASP;0.718
370.50	373.50	HASP;0.824
564.00	567.00	HASP;0.503
588.00	592.50	HASP;0.760
9.00	12.00	HETH;0.500
33.00	36.00	HETH;0.927
277.50	280.50	HETH;0.500
298.50	301.50	HETH;0.769
321.00	325.50	HETH;0.917
334.50	339.00	HETH;0.637
343.50	346.50	HETH;0.500
352.50	357.00	HETH;0.500
390.00	393.00	HETH;0.801
423.00	427.50	HETH;0.899
490.50	495.00	HETH;0.500
541.50	544.50	HETH;0.500
81.00	84.00	LASP;0.519
478.50	481.50	LASP;0.685
10.50	15.00	LISP;0.841
24.00	28.50	LISP;0.975
51.00	55.50	LISP;0.569
60.00	63.00	LISP;0.729
79.50	85.50	LISP;0.561
93.00	97.50	LISP;0.816
132.00	136.50	LISP;0.982
145.50	150.00	LISP;0.911
157.50	162.00	LISP;0.767
172.50	175.50	LISP;0.500
184.50	189.00	LISP;0.977
196.50	199.50	LISP;0.664
252.00	256.50	LISP;0.784
268.50	273.00	LISP;0.961
282.00	286.50	LISP;0.660
295.50	300.00	LISP;0.972
310.50	316.50	LISP;0.977
325.50	330.00	LISP;0.969
337.50	342.00	LISP;0.725
348.00	352.50	LISP;0.511
361.50	364.50	LISP;0.973
373.50	378.00	LISP;0.965
385.50	390.00	LISP;0.980
399.00	405.00	LISP;0.990
409.50	415.50	LISP;0.960
426.00	430.50	LISP;0.824
451.50	456.00	LISP;0.500
478.50	481.50	LISP;0.500
490.50	495.00	LISP;0.633
504.00	508.50	LISP;0.975
517.50	520.50	LISP;0.500
532.50	537.00	LISP;0.743
561.00	565.50	LISP;0.967
571.50	577.50	LISP;0.991
580.50	586.50	LISP;0.984
595.50	600.00	LISP;0.984
228.00	231.00	LBDO;0.646
6.00	16.50	MAWA;0.951
24.00	27.00	MAWA;0.500
57.00	61.50	MAWA;0.500
85.50	90.00	MAWA;0.500
96.00	100.50	MAWA;0.575
102.00	105.00	MAWA;0.500
472.50	477.00	MOBL;0.666
40.50	43.50	MOCH;0.555
129.00	132.00	MOCH;0.512
139.50	142.50	MOCH;0.500
148.50	151.50	MOCH;0.500
154.50	157.50	MOCH;0.500
231.00	234.00	MOCH;0.500
238.50	241.50	MOCH;0.500
274.50	277.50	MOCH;0.520
292.50	295.50	MOCH;0.654
309.00	312.00	MOCH;0.500
315.00	319.50	MOCH;0.792
321.00	325.50	MOCH;0.500
331.50	339.00	MOCH;0.703
345.00	349.50	MOCH;0.758
351.00	354.00	MOCH;0.500
403.50	406.50	MOCH;0.500
439.50	442.50	MOCH;0.500
454.50	459.00	MOCH;0.875
546.00	549.00	MOCH;0.500
567.00	570.00	MOCH;0.500
13.50	18.00	NAWA;0.782
27.00	30.00	NAWA;0.559
39.00	42.00	NAWA;0.681
43.50	46.50	NAWA;0.522
51.00	54.00	NAWA;0.532
96.00	99.00	NAWA;0.532
111.00	115.50	NAWA;0.635
3.00	6.00	NOCA;0.685
178.50	181.50	NOCA;0.627
381.00	384.00	NOCA;0.744
561.00	564.00	OCWA;0.598
201.00	204.00	OROR;0.508
448.50	453.00	OROR;0.578
511.50	514.50	OROR;0.506
193.50	196.50	PIGR;0.545
226.50	229.50	PIGR;0.645
378.00	382.50	PIGR;0.769
430.50	433.50	PIGR;0.502
187.50	192.00	PISI;0.868
25.50	28.50	PUFI;0.511
70.50	73.50	PUFI;0.602
93.00	96.00	PUFI;0.660
103.50	106.50	PUFI;0.597
142.50	145.50	PUFI;0.536
160.50	163.50	PUFI;0.568
198.00	201.00	PUFI;0.734
204.00	208.50	PUFI;0.630
214.50	217.50	PUFI;0.552
282.00	286.50	PUFI;0.624
339.00	342.00	PUFI;0.644
349.50	352.50	PUFI;0.674
399.00	403.50	PUFI;0.965
409.50	412.50	PUFI;0.597
490.50	495.00	PUFI;0.567
121.50	124.50	RECR;0.521
441.00	444.00	RTHA;0.689
187.50	190.50	RWBL;0.834
244.50	247.50	RWBL;0.547
409.50	412.50	ROWR;0.541
111.00	115.50	RBGR;0.697
117.00	121.50	RBGR;0.583
126.00	129.00	RBGR;0.502
277.50	280.50	RBGR;0.529
327.00	330.00	RBGR;0.501
453.00	456.00	RBGR;0.729
496.50	499.50	RBGR;0.596
540.00	544.50	RBGR;0.671
514.50	517.50	SBDO;0.636
528.00	531.00	SBIG;0.506
193.50	196.50	SNBU;0.545
199.50	207.00	SNBU;0.838
214.50	219.00	SNBU;0.668
231.00	234.00	SNBU;0.557
316.50	319.50	SNBU;0.507
376.50	379.50	SNBU;0.517
487.50	490.50	SNBU;0.514
498.00	502.50	SNBU;0.787
523.50	526.50	SNBU;0.736
18.00	21.00	SOSP;0.617
78.00	82.50	SOSP;0.594
447.00	451.50	SOSP;0.577
135.00	138.00	SWHA;0.522
177.00	180.00	SWHA;0.547
328.50	331.50	SWHA;0.883
10.50	15.00	TOSO;0.679
66.00	69.00	TOSO;0.691
75.00	78.00	TOSO;0.609
217.50	220.50	TOSO;0.583
513.00	516.00	TOSO;0.607
214.50	217.50	VATH;0.548
343.50	348.00	VATH;0.535
355.50	358.50	VATH;0.607
73.50	76.50	VESP;0.529
84.00	87.00	VESP;0.648
225.00	228.00	VESP;0.552
61.50	64.50	WEFL;0.599
177.00	180.00	WEFL;0.853
7.50	10.50	WCSP;0.503
16.50	21.00	WCSP;0.725
51.00	54.00	WCSP;0.658
78.00	88.50	WCSP;0.730
129.00	132.00	WCSP;0.577
195.00	198.00	WCSP;0.643
228.00	232.50	WCSP;0.735
240.00	244.50	WCSP;0.737
0.00	4.50	WTSP;0.985
9.00	13.50	WTSP;0.500
27.00	34.50	WTSP;0.990
46.50	52.50	WTSP;0.989
55.50	61.50	WTSP;0.784
112.50	118.50	WTSP;0.988
126.00	130.50	WTSP;0.859
138.00	144.00	WTSP;0.969
150.00	157.50	WTSP;0.989
166.50	172.50	WTSP;0.990
181.50	186.00	WTSP;0.516
201.00	205.50	WTSP;0.785
211.50	216.00	WTSP;0.940
222.00	226.50	WTSP;0.993
229.50	232.50	WTSP;0.680
238.50	243.00	WTSP;0.500
259.50	264.00	WTSP;0.731
283.50	292.50	WTSP;0.957
294.00	297.00	WTSP;0.614
304.50	310.50	WTSP;0.988
315.00	319.50	WTSP;0.561
330.00	334.50	WTSP;0.899
345.00	349.50	WTSP;0.558
351.00	366.00	WTSP;0.721
372.00	381.00	WTSP;0.968
388.50	394.50	WTSP;0.562
405.00	409.50	WTSP;0.979
421.50	426.00	WTSP;0.584
427.50	432.00	WTSP;0.500
436.50	441.00	WTSP;0.797
442.50	448.50	WTSP;0.906
453.00	457.50	WTSP;0.767
466.50	477.00	WTSP;0.988
478.50	481.50	WTSP;0.500
490.50	498.00	WTSP;0.647
499.50	504.00	WTSP;0.516
505.50	513.00	WTSP;0.993
528.00	534.00	WTSP;0.847
541.50	544.50	WTSP;0.589
546.00	549.00	WTSP;0.500
555.00	558.00	WTSP;0.500
565.50	570.00	WTSP;0.793
576.00	580.50	WTSP;0.500
588.00	594.00	WTSP;0.874
76.50	79.50	WILL;0.535
304.50	307.50	WILL;0.518
495.00	498.00	WILL;0.605
471.00	475.50	WIWA;0.990
483.00	486.00	WIWA;0.500
502.50	507.00	WIWA;0.636
525.00	529.50	WIWA;0.992
534.00	538.50	WIWA;0.993
543.00	547.50	WIWA;0.994
552.00	556.50	WIWA;0.991
562.50	567.00	WIWA;0.991
570.00	574.50	WIWA;0.991
582.00	588.00	WIWA;0.988
592.50	597.00	WIWA;0.992
66.00	70.50	WIWR;0.605
