213.00	216.00	AMDI;0.632
93.00	96.00	BAOR;0.556
208.50	211.50	BEWR;0.549
15.00	18.00	BCCH;0.501
40.50	43.50	BTNW;0.592
217.50	220.50	BLPW;0.565
196.50	199.50	BHVI;0.682
225.00	229.50	BHVI;0.788
105.00	108.00	BRSP;0.567
217.50	220.50	BRSP;0.582
240.00	243.00	BRSP;0.519
180.00	183.00	CHSW;0.505
34.50	37.50	CHSP;0.547
54.00	57.00	CHSP;0.730
75.00	78.00	CHSP;0.928
153.00	156.00	CHSP;0.626
162.00	166.50	CHSP;0.786
265.50	270.00	CHSP;0.713
12.00	15.00	CCSP;0.574
73.50	76.50	CCSP;0.609
135.00	138.00	CCSP;0.713
142.50	145.50	CCSP;0.513
154.50	157.50	EATO;0.647
7.50	12.00	FOSP;0.972
19.50	24.00	FOSP;0.970
27.00	30.00	FOSP;0.537
33.00	37.50	FOSP;0.961
45.00	49.50	FOSP;0.956
58.50	63.00	FOSP;0.997
70.50	73.50	FOSP;0.500
91.50	96.00	FOSP;0.500
97.50	103.50	FOSP;0.981
111.00	117.00	FOSP;0.978
123.00	126.00	FOSP;0.500
127.50	133.50	FOSP;0.994
144.00	148.50	FOSP;0.968
156.00	165.00	FOSP;0.976
166.50	171.00	FOSP;0.903
172.50	180.00	FOSP;0.977
186.00	198.00	FOSP;0.960
201.00	214.50	FOSP;0.968
217.50	231.00	FOSP;0.978
234.00	238.50	FOSP;0.603
240.00	247.50	FOSP;0.951
252.00	264.00	FOSP;0.985
268.50	273.00	FOSP;0.803
277.50	282.00	FOSP;0.704
288.00	300.00	FOSP;0.970
6.00	9.00	GCSP;0.661
63.00	67.50	GCSP;0.955
70.50	73.50	GCSP;0.655
84.00	88.50	GCSP;0.702
94.50	97.50	GCSP;0.630
132.00	135.00	GCSP;0.546
214.50	217.50	GCSP;0.579
229.50	234.00	GCSP;0.716
237.00	240.00	GCSP;0.606
264.00	267.00	GCSP;0.704
285.00	288.00	GCSP;0.505
37.50	40.50	HASP;0.522
48.00	51.00	HASP;0.568
52.50	57.00	HASP;0.703
61.50	66.00	HASP;0.692
117.00	120.00	HASP;0.620
181.50	184.50	HASP;0.695
28.50	31.50	HETH;0.576
136.50	139.50	LISP;0.626
262.50	267.00	MAMU;0.658
252.00	255.00	OROR;0.506
0.00	3.00	PISI;0.806
4.50	9.00	PISI;0.500
12.00	19.50	PISI;0.970
28.50	31.50	PISI;0.728
40.50	45.00	PISI;0.910
48.00	51.00	PISI;0.500
54.00	57.00	PISI;0.567
66.00	72.00	PISI;0.967
75.00	78.00	PISI;0.717
82.50	85.50	PISI;0.598
87.00	112.50	PISI;0.996
114.00	121.50	PISI;0.933
123.00	127.50	PISI;0.913
130.50	157.50	PISI;0.995
216.00	220.50	PISI;0.780
223.50	240.00	PISI;0.981
271.50	298.50	PISI;0.964
123.00	126.00	PUFI;0.594
145.50	148.50	PUFI;0.540
195.00	198.00	PUFI;0.612
205.50	210.00	PUFI;0.563
226.50	229.50	PUFI;0.510
235.50	238.50	PUFI;0.530
84.00	87.00	RECR;0.545
225.00	228.00	RECR;0.638
4.50	7.50	ROWR;0.737
33.00	36.00	ROWR;0.788
39.00	42.00	ROWR;0.712
45.00	48.00	ROWR;0.638
73.50	76.50	ROWR;0.551
103.50	108.00	ROWR;0.688
150.00	153.00	ROWR;0.665
142.50	145.50	RUGR;0.580
123.00	126.00	SNBU;0.513
166.50	171.00	SNBU;0.659
153.00	157.50	SWSP;0.608
171.00	175.50	SWSP;0.705
178.50	183.00	SWSP;0.912
204.00	207.00	SWSP;0.584
48.00	51.00	VATH;0.811
61.50	64.50	VATH;0.514
0.00	3.00	VGSW;0.638
274.50	279.00	VGSW;0.725
283.50	286.50	VGSW;0.629
1.50	7.50	WCSP;0.982
9.00	15.00	WCSP;0.986
16.50	21.00	WCSP;0.989
24.00	28.50	WCSP;0.985
30.00	34.50	WCSP;0.968
36.00	48.00	WCSP;0.984
49.50	54.00	WCSP;0.987
55.50	61.50	WCSP;0.975
64.50	76.50	WCSP;0.985
78.00	90.00	WCSP;0.991
94.50	100.50	WCSP;0.995
102.00	108.00	WCSP;0.995
111.00	117.00	WCSP;0.970
118.50	123.00	WCSP;0.990
124.50	130.50	WCSP;0.988
132.00	138.00	WCSP;0.991
141.00	145.50	WCSP;0.992
147.00	151.50	WCSP;0.990
163.50	174.00	WCSP;0.996
177.00	181.50	WCSP;0.707
183.00	186.00	WCSP;0.980
192.00	196.50	WCSP;0.879
198.00	204.00	WCSP;0.995
207.00	211.50	WCSP;0.500
213.00	219.00	WCSP;0.989
223.50	234.00	WCSP;0.707
237.00	241.50	WCSP;0.990
253.50	258.00	WCSP;0.572
261.00	267.00	WCSP;0.966
268.50	274.50	WCSP;0.914
279.00	283.50	WCSP;0.989
285.00	289.50	WCSP;0.984
292.50	297.00	WCSP;0.803
3.00	19.50	WTSP;0.990
22.50	27.00	WTSP;0.866
28.50	34.50	WTSP;0.500
37.50	43.50	WTSP;0.817
49.50	52.50	WTSP;0.500
54.00	58.50	WTSP;0.500
70.50	79.50	WTSP;0.765
94.50	99.00	WTSP;0.500
102.00	106.50	WTSP;0.500
109.50	112.50	WTSP;0.603
115.50	121.50	WTSP;0.774
132.00	135.00	WTSP;0.523
139.50	142.50	WTSP;0.662
163.50	166.50	WTSP;0.500
168.00	174.00	WTSP;0.500
181.50	184.50	WTSP;0.727
214.50	219.00	WTSP;0.500
229.50	232.50	WTSP;0.519
237.00	240.00	WTSP;0.601
246.00	256.50	WTSP;0.990
258.00	265.50	WTSP;0.550
271.50	277.50	WTSP;0.996
208.50	211.50	WWCR;0.513
246.00	249.00	WIFL;0.770
