36.00	40.50	BLTU;0.664
78.00	81.00	BRSP;0.544
91.50	97.50	BRSP;0.715
106.50	111.00	BRSP;0.683
117.00	121.50	BRSP;0.600
123.00	127.50	CAFI;0.721
147.00	150.00	CAFI;0.520
193.50	196.50	CAFI;0.717
205.50	211.50	CAFI;0.640
217.50	220.50	CAFI;0.621
259.50	264.00	CAFI;0.827
42.00	48.00	CHSP;0.808
52.50	57.00	CHSP;0.820
61.50	64.50	CHSP;0.500
78.00	82.50	CHSP;0.768
91.50	97.50	CHSP;0.810
117.00	123.00	CHSP;0.581
126.00	132.00	CHSP;0.770
136.50	141.00	CHSP;0.778
159.00	163.50	CHSP;0.565
187.50	193.50	CHSP;0.741
198.00	202.50	CHSP;0.674
249.00	253.50	CHSP;0.613
235.50	238.50	DEJU;0.520
6.00	9.00	EATO;0.525
6.00	9.00	LISP;0.542
22.50	27.00	LISP;0.760
55.50	60.00	LISP;0.500
75.00	79.50	LISP;0.655
87.00	90.00	LISP;0.500
109.50	114.00	LISP;0.693
157.50	162.00	LISP;0.500
207.00	211.50	LISP;0.661
219.00	223.50	LISP;0.619
234.00	237.00	LISP;0.500
261.00	264.00	LISP;0.500
273.00	277.50	LISP;0.971
285.00	289.50	LISP;0.500
297.00	300.00	LISP;0.963
111.00	114.00	MOCH;0.549
123.00	126.00	PHVI;0.573
208.50	211.50	REVI;0.565
109.50	112.50	RWBL;0.545
217.50	220.50	ROWR;0.746
204.00	207.00	RUGR;0.564
148.50	151.50	TBLO;0.502
99.00	103.50	VATH;0.798
118.50	123.00	VATH;0.947
169.50	174.00	VATH;0.979
