273.00	276.00	AMDI;0.542
78.00	82.50	AMRO;0.648
84.00	87.00	AMRO;0.549
126.00	130.50	AMRO;0.927
235.50	241.50	AMRO;0.956
42.00	45.00	BLOY;0.536
198.00	201.00	BCCH;0.579
30.00	33.00	BHVI;0.528
117.00	120.00	CAFI;0.515
7.50	10.50	CCLO;0.552
157.50	160.50	CCSP;0.621
274.50	277.50	CCSP;0.516
240.00	244.50	DEJU;0.671
162.00	165.00	EAME;0.537
63.00	66.00	EATO;0.619
72.00	75.00	EATO;0.615
102.00	105.00	EATO;0.761
4.50	7.50	FISP;0.632
21.00	24.00	FISP;0.500
39.00	43.50	FISP;0.680
45.00	48.00	FISP;0.500
51.00	55.50	FISP;0.878
61.50	64.50	FISP;0.500
99.00	102.00	FISP;0.877
108.00	112.50	FISP;0.500
133.50	136.50	FISP;0.500
166.50	171.00	FISP;0.752
192.00	195.00	FISP;0.500
204.00	208.50	FISP;0.553
231.00	234.00	FISP;0.574
270.00	274.50	FISP;0.560
283.50	288.00	FISP;0.540
295.50	298.50	FISP;0.500
6.00	12.00	FOSP;0.577
15.00	19.50	FOSP;0.735
27.00	33.00	FOSP;0.973
39.00	43.50	FOSP;0.625
46.50	54.00	FOSP;0.833
73.50	78.00	FOSP;0.615
81.00	85.50	FOSP;0.596
87.00	93.00	FOSP;0.815
102.00	106.50	FOSP;0.569
114.00	118.50	FOSP;0.742
127.50	132.00	FOSP;0.794
138.00	147.00	FOSP;0.723
151.50	154.50	FOSP;0.500
157.50	166.50	FOSP;0.735
172.50	177.00	FOSP;0.889
181.50	184.50	FOSP;0.500
195.00	198.00	FOSP;0.500
207.00	217.50	FOSP;0.863
219.00	223.50	FOSP;0.936
229.50	235.50	FOSP;0.859
244.50	247.50	FOSP;0.554
256.50	261.00	FOSP;0.500
106.50	109.50	GCSP;0.501
213.00	216.00	GCSP;0.549
226.50	229.50	HASP;0.521
72.00	75.00	HETH;0.566
123.00	126.00	HETH;0.532
162.00	165.00	HETH;0.638
181.50	184.50	HETH;0.502
195.00	199.50	HETH;0.701
90.00	93.00	LALO;0.561
0.00	4.50	LISP;0.924
9.00	15.00	LISP;0.787
16.50	24.00	LISP;0.832
31.50	39.00	LISP;0.958
43.50	48.00	LISP;0.867
52.50	60.00	LISP;0.886
61.50	66.00	LISP;0.958
67.50	75.00	LISP;0.633
91.50	97.50	LISP;0.779
102.00	106.50	LISP;0.703
112.50	117.00	LISP;0.882
123.00	127.50	LISP;0.500
133.50	136.50	LISP;0.536
154.50	157.50	LISP;0.500
168.00	171.00	LISP;0.522
174.00	178.50	LISP;0.619
187.50	190.50	LISP;0.723
193.50	199.50	LISP;0.629
205.50	208.50	LISP;0.500
217.50	220.50	LISP;0.500
222.00	225.00	LISP;0.500
249.00	253.50	LISP;0.846
256.50	261.00	LISP;0.500
265.50	270.00	LISP;0.838
271.50	279.00	LISP;0.634
283.50	288.00	LISP;0.949
295.50	300.00	LISP;0.861
16.50	19.50	MOCH;0.649
27.00	30.00	MOCH;0.743
45.00	48.00	MOCH;0.500
49.50	52.50	MOCH;0.500
61.50	66.00	MOCH;0.500
69.00	72.00	MOCH;0.500
78.00	81.00	MOCH;0.778
88.50	91.50	MOCH;0.684
109.50	112.50	MOCH;0.748
121.50	130.50	MOCH;0.760
138.00	141.00	MOCH;0.540
150.00	153.00	MOCH;0.648
156.00	159.00	MOCH;0.873
181.50	184.50	MOCH;0.500
198.00	201.00	MOCH;0.500
213.00	216.00	MOCH;0.500
217.50	220.50	MOCH;0.568
231.00	234.00	MOCH;0.500
240.00	243.00	MOCH;0.500
244.50	247.50	MOCH;0.849
250.50	255.00	MOCH;0.610
258.00	261.00	MOCH;0.753
264.00	267.00	MOCH;0.500
271.50	274.50	MOCH;0.500
286.50	289.50	MOCH;0.538
297.00	300.00	MOCH;0.656
12.00	16.50	OSFL;0.529
130.50	133.50	REVI;0.588
259.50	262.50	REVI;0.714
10.50	15.00	ROWR;0.715
193.50	198.00	ROWR;0.671
220.50	223.50	ROWR;0.580
234.00	238.50	ROWR;0.597
273.00	276.00	RUTU;0.517
211.50	216.00	RUGR;0.528
217.50	220.50	RUGR;0.568
6.00	9.00	RUBL;0.565
286.50	289.50	TBLO;0.505
169.50	172.50	TOSO;0.539
1.50	6.00	VATH;0.672
30.00	34.50	VATH;0.907
61.50	64.50	VATH;0.500
79.50	84.00	VATH;0.984
100.50	105.00	VATH;0.798
111.00	115.50	VATH;0.983
144.00	150.00	VATH;0.988
171.00	177.00	VATH;0.987
192.00	196.50	VATH;0.779
201.00	204.00	VATH;0.555
223.50	228.00	VATH;0.637
252.00	255.00	VATH;0.503
277.50	282.00	VATH;0.935
289.50	294.00	VATH;0.747
81.00	85.50	VESP;0.752
138.00	142.50	VESP;0.629
210.00	213.00	VESP;0.570
232.50	235.50	VESP;0.509
198.00	201.00	WEWP;0.605
0.00	3.00	WCSP;0.500
40.50	43.50	WCSP;0.500
67.50	76.50	WCSP;0.593
82.50	85.50	WCSP;0.500
88.50	93.00	WCSP;0.500
102.00	105.00	WCSP;0.500
127.50	130.50	WCSP;0.500
133.50	136.50	WCSP;0.500
142.50	147.00	WCSP;0.973
148.50	153.00	WCSP;0.613
154.50	160.50	WCSP;0.981
162.00	168.00	WCSP;0.977
169.50	189.00	WCSP;0.989
192.00	204.00	WCSP;0.994
207.00	216.00	WCSP;0.986
217.50	222.00	WCSP;0.739
225.00	229.50	WCSP;0.609
231.00	237.00	WCSP;0.892
252.00	256.50	WCSP;0.742
264.00	267.00	WCSP;0.500
273.00	276.00	WCSP;0.645
0.00	7.50	WTSP;0.996
12.00	30.00	WTSP;0.996
34.50	46.50	WTSP;0.992
48.00	72.00	WTSP;0.999
73.50	81.00	WTSP;0.993
84.00	90.00	WTSP;0.995
94.50	102.00	WTSP;0.998
103.50	112.50	WTSP;0.999
115.50	145.50	WTSP;0.998
147.00	157.50	WTSP;0.997
159.00	163.50	WTSP;0.951
165.00	171.00	WTSP;0.987
175.50	187.50	WTSP;0.996
189.00	195.00	WTSP;0.994
201.00	210.00	WTSP;0.995
213.00	220.50	WTSP;0.990
226.50	234.00	WTSP;0.987
238.50	246.00	WTSP;0.995
250.50	265.50	WTSP;0.994
267.00	274.50	WTSP;0.992
279.00	286.50	WTSP;0.990
289.50	300.00	WTSP;0.993
34.50	37.50	WWCR;0.507
43.50	48.00	YRWA;0.953
67.50	70.50	YRWA;0.503
