153.00	156.00	AMDI;0.641
205.50	210.00	AMRO;0.553
258.00	262.50	AMRO;0.961
271.50	276.00	AMRO;0.712
33.00	39.00	ATSP;0.982
217.50	220.50	BAOR;0.575
297.00	300.00	BAOR;0.565
121.50	124.50	BRSP;0.571
234.00	237.00	CHSW;0.522
273.00	276.00	CHSW;0.532
118.50	123.00	CHSP;0.800
171.00	177.00	CHSP;0.941
201.00	207.00	CHSP;0.975
211.50	216.00	CHSP;0.891
228.00	234.00	CHSP;0.990
238.50	244.50	CHSP;0.988
256.50	261.00	CHSP;0.968
268.50	274.50	CHSP;0.819
280.50	288.00	CHSP;0.997
292.50	298.50	CHSP;0.972
112.50	115.50	EAME;0.518
133.50	136.50	EAME;0.590
171.00	175.50	EAME;0.593
30.00	33.00	EATO;0.613
43.50	48.00	EATO;0.682
57.00	60.00	EATO;0.550
22.50	25.50	EVGR;0.560
6.00	10.50	FISP;0.955
100.50	103.50	FISP;0.593
112.50	115.50	FISP;0.523
132.00	135.00	FISP;0.568
19.50	24.00	FOSP;0.769
31.50	36.00	FOSP;0.783
43.50	48.00	FOSP;0.691
52.50	61.50	FOSP;0.863
64.50	69.00	FOSP;0.938
72.00	79.50	FOSP;0.948
82.50	93.00	FOSP;0.984
96.00	106.50	FOSP;0.942
121.50	126.00	FOSP;0.689
135.00	139.50	FOSP;0.758
144.00	150.00	FOSP;0.990
151.50	154.50	FOSP;0.652
157.50	162.00	FOSP;0.500
166.50	171.00	FOSP;0.946
183.00	190.50	FOSP;0.961
198.00	204.00	FOSP;0.944
213.00	219.00	FOSP;0.575
225.00	232.50	FOSP;0.500
240.00	244.50	FOSP;0.649
253.50	258.00	FOSP;0.920
268.50	273.00	FOSP;0.809
279.00	288.00	FOSP;0.739
297.00	300.00	FOSP;0.866
64.50	67.50	GCSP;0.657
48.00	51.00	GRCA;0.501
256.50	259.50	GCTH;0.706
244.50	249.00	GRYE;0.763
30.00	33.00	HETH;0.858
70.50	73.50	HETH;0.716
111.00	114.00	HETH;0.676
268.50	271.50	HETH;0.572
283.50	288.00	HETH;0.676
289.50	292.50	HETH;0.548
108.00	112.50	HOLA;0.553
52.50	55.50	HOFI;0.605
79.50	82.50	HOWR;0.713
18.00	22.50	LASP;0.589
97.50	100.50	LASP;0.554
138.00	142.50	LASP;0.676
198.00	201.00	LASP;0.615
249.00	252.00	LASP;0.536
18.00	21.00	LISP;0.637
48.00	51.00	LISP;0.530
63.00	66.00	LISP;0.505
78.00	82.50	LISP;0.817
264.00	267.00	LISP;0.585
9.00	12.00	MOCH;0.855
115.50	118.50	MOCH;0.542
126.00	129.00	MOCH;0.653
210.00	214.50	MOCH;0.581
289.50	292.50	MOCH;0.840
265.50	270.00	OROR;0.683
18.00	22.50	PUFI;0.719
58.50	63.00	PUFI;0.693
73.50	76.50	PUFI;0.511
219.00	222.00	PUFI;0.617
255.00	258.00	PUFI;0.517
265.50	270.00	PUFI;0.612
183.00	187.50	REVI;0.609
285.00	289.50	REVI;0.762
291.00	294.00	REVI;0.504
277.50	280.50	RBGR;0.668
84.00	87.00	RUGR;0.517
96.00	99.00	RUGR;0.762
166.50	169.50	RUGR;0.513
163.50	166.50	SBDO;0.651
189.00	192.00	SBDO;0.621
67.50	72.00	SNBU;0.592
214.50	217.50	SNBU;0.687
237.00	240.00	SNBU;0.547
252.00	255.00	SNBU;0.690
1.50	4.50	TBLO;0.525
234.00	238.50	TOSO;0.532
286.50	289.50	TOSO;0.566
93.00	96.00	VESP;0.667
121.50	126.00	WCSP;0.836
226.50	229.50	WCSP;0.538
253.50	258.00	WCSP;0.617
3.00	10.50	WTSP;0.990
90.00	94.50	WTSP;0.986
99.00	103.50	WTSP;0.812
106.50	112.50	WTSP;0.883
114.00	123.00	WTSP;0.978
126.00	133.50	WTSP;0.997
139.50	145.50	WTSP;0.980
150.00	154.50	WTSP;0.929
165.00	169.50	WTSP;0.906
210.00	214.50	WTSP;0.835
286.50	291.00	WTSP;0.970
12.00	18.00	WIWA;0.996
27.00	31.50	WIWA;0.994
43.50	48.00	WIWA;0.936
57.00	61.50	WIWA;0.987
75.00	79.50	WIWA;0.985
93.00	99.00	WIWA;0.991
106.50	111.00	WIWA;0.986
115.50	120.00	WIWA;0.989
123.00	129.00	WIWA;0.995
132.00	138.00	WIWA;0.989
141.00	147.00	WIWA;0.993
151.50	156.00	WIWA;0.992
168.00	172.50	WIWA;0.991
175.50	181.50	WIWA;0.993
186.00	190.50	WIWA;0.983
195.00	201.00	WIWA;0.995
202.50	208.50	WIWA;0.990
213.00	217.50	WIWA;0.964
222.00	228.00	WIWA;0.992
231.00	235.50	WIWA;0.988
241.50	244.50	WIWA;0.505
249.00	255.00	WIWA;0.983
274.50	279.00	WIWA;0.992
292.50	298.50	WIWA;0.943
