228.00	232.50	AMDI;0.644
46.50	49.50	AMGP;0.754
63.00	66.00	AMGP;0.530
0.00	18.00	AMRO;0.993
19.50	34.50	AMRO;0.991
36.00	40.50	AMRO;0.713
43.50	49.50	AMRO;0.770
51.00	63.00	AMRO;0.930
64.50	70.50	AMRO;0.983
72.00	76.50	AMRO;0.981
78.00	85.50	AMRO;0.996
87.00	94.50	AMRO;0.970
96.00	106.50	AMRO;0.967
109.50	115.50	AMRO;0.984
117.00	130.50	AMRO;0.991
133.50	139.50	AMRO;0.970
141.00	145.50	AMRO;0.874
147.00	162.00	AMRO;0.957
163.50	168.00	AMRO;0.859
202.50	207.00	AMRO;0.500
249.00	252.00	AMRO;0.500
276.00	279.00	AMRO;0.598
93.00	96.00	BAOR;0.929
190.50	195.00	BBPL;0.947
144.00	147.00	BRSP;0.564
163.50	166.50	BRSP;0.504
193.50	199.50	BRSP;0.622
207.00	210.00	BRSP;0.540
271.50	274.50	BRSP;0.580
291.00	294.00	BRSP;0.524
132.00	136.50	CHSW;0.607
144.00	150.00	CHSP;0.834
160.50	166.50	CHSP;0.852
171.00	177.00	CHSP;0.941
181.50	187.50	CHSP;0.901
193.50	199.50	CHSP;0.825
204.00	210.00	CHSP;0.830
213.00	219.00	CHSP;0.604
247.50	252.00	CHSP;0.500
259.50	265.50	CHSP;0.833
271.50	277.50	CHSP;0.692
280.50	285.00	CHSP;0.713
291.00	295.50	CHSP;0.721
175.50	178.50	DEJU;0.561
148.50	151.50	EAME;0.550
186.00	189.00	EAME;0.571
247.50	253.50	EAME;0.503
264.00	267.00	EAME;0.523
283.50	286.50	EAME;0.741
294.00	297.00	EAME;0.879
201.00	204.00	EATO;0.630
85.50	88.50	GCSP;0.528
289.50	294.00	GCSP;0.666
0.00	3.00	GWTE;0.589
19.50	24.00	GWTE;0.673
52.50	61.50	GWTE;0.661
111.00	114.00	GWTE;0.511
136.50	139.50	GWTE;0.681
142.50	145.50	GWTE;0.508
157.50	162.00	GWTE;0.754
24.00	28.50	HASP;0.770
33.00	36.00	HASP;0.513
55.50	58.50	HETH;0.531
145.50	148.50	HETH;0.518
195.00	202.50	HETH;0.759
219.00	222.00	HETH;0.615
252.00	255.00	HETH;0.920
258.00	261.00	HETH;0.617
292.50	295.50	HOWA;0.529
100.50	105.00	LISP;0.717
184.50	189.00	LISP;0.851
288.00	291.00	LISP;0.619
9.00	12.00	LOSH;0.610
211.50	216.00	MAMU;0.547
229.50	234.00	MAMU;0.506
55.50	58.50	MOCH;0.687
66.00	69.00	MOCH;0.537
129.00	132.00	MOCH;0.863
144.00	147.00	MOCH;0.502
172.50	177.00	MOCH;0.676
282.00	285.00	MOCH;0.601
10.50	13.50	OVEN;0.571
168.00	171.00	OVEN;0.576
178.50	181.50	OVEN;0.603
181.50	184.50	PAWA;0.514
106.50	133.50	PISI;0.972
88.50	91.50	PUFI;0.565
163.50	166.50	RBGR;0.625
1.50	4.50	RUGR;0.500
10.50	16.50	RUGR;0.500
18.00	30.00	RUGR;0.689
43.50	46.50	RUGR;0.500
49.50	60.00	RUGR;0.500
66.00	81.00	RUGR;0.836
123.00	127.50	RUGR;0.500
129.00	133.50	RUGR;0.796
138.00	142.50	RUGR;0.500
288.00	298.50	RUGR;0.640
84.00	87.00	SOSA;0.540
210.00	214.50	SOSA;0.529
264.00	267.00	SOSA;0.510
49.50	54.00	SWTH;0.555
120.00	123.00	SWTH;0.500
138.00	142.50	SWTH;0.713
145.50	148.50	SWTH;0.500
166.50	174.00	SWTH;0.758
175.50	180.00	SWTH;0.643
187.50	192.00	SWTH;0.955
193.50	198.00	SWTH;0.864
201.00	205.50	SWTH;0.859
207.00	211.50	SWTH;0.704
214.50	220.50	SWTH;0.852
232.50	237.00	SWTH;0.597
241.50	244.50	SWTH;0.500
100.50	103.50	SWSP;0.529
105.00	108.00	SWSP;0.556
120.00	123.00	SWSP;0.521
136.50	141.00	SWSP;0.775
187.50	195.00	SWSP;0.713
12.00	16.50	TEWA;0.529
70.50	75.00	TEWA;0.500
79.50	84.00	TEWA;0.541
97.50	103.50	TEWA;0.614
159.00	162.00	TEWA;0.500
211.50	300.00	TEWA;0.992
60.00	63.00	TOSO;0.507
78.00	81.00	WCSP;0.500
85.50	90.00	WCSP;0.946
94.50	99.00	WCSP;0.892
112.50	117.00	WCSP;0.997
121.50	124.50	WCSP;0.540
130.50	135.00	WCSP;0.897
139.50	144.00	WCSP;0.629
204.00	216.00	WCSP;0.864
217.50	222.00	WCSP;0.904
270.00	274.50	WCSP;0.967
276.00	286.50	WCSP;0.919
24.00	28.50	WTSP;0.572
33.00	39.00	WTSP;0.980
43.50	49.50	WTSP;0.847
67.50	72.00	WTSP;0.930
76.50	81.00	WTSP;0.699
85.50	88.50	WTSP;0.500
90.00	94.50	WTSP;0.761
102.00	106.50	WTSP;0.500
111.00	118.50	WTSP;0.780
127.50	130.50	WTSP;0.500
136.50	142.50	WTSP;0.936
148.50	154.50	WTSP;0.921
159.00	163.50	WTSP;0.877
172.50	175.50	WTSP;0.500
181.50	186.00	WTSP;0.813
208.50	214.50	WTSP;0.949
220.50	226.50	WTSP;0.986
231.00	237.00	WTSP;0.986
241.50	249.00	WTSP;0.978
255.00	259.50	WTSP;0.931
267.00	271.50	WTSP;0.956
279.00	285.00	WTSP;0.856
289.50	294.00	WTSP;0.576
