48.00	52.50	AMAV;0.646
178.50	181.50	AMDI;0.573
1.50	6.00	AMRO;0.979
57.00	60.00	BEWR;0.512
136.50	139.50	BBPL;0.527
43.50	46.50	BCCH;0.509
187.50	190.50	BCCH;0.691
270.00	273.00	BCCH;0.837
3.00	6.00	BRSP;0.500
22.50	27.00	BRSP;0.500
28.50	31.50	BRSP;0.500
34.50	37.50	BRSP;0.526
42.00	45.00	BRSP;0.500
52.50	57.00	BRSP;0.500
61.50	64.50	BRSP;0.500
84.00	87.00	BRSP;0.500
94.50	97.50	BRSP;0.500
102.00	108.00	BRSP;0.703
115.50	118.50	BRSP;0.500
123.00	132.00	BRSP;0.855
142.50	145.50	BRSP;0.568
151.50	157.50	BRSP;0.500
163.50	166.50	BRSP;0.500
171.00	174.00	BRSP;0.603
184.50	196.50	BRSP;0.816
198.00	202.50	BRSP;0.739
208.50	211.50	BRSP;0.586
219.00	225.00	BRSP;0.500
232.50	235.50	BRSP;0.500
240.00	243.00	BRSP;0.500
246.00	271.50	BRSP;0.790
274.50	285.00	BRSP;0.516
286.50	289.50	BRSP;0.808
292.50	295.50	BRSP;0.500
90.00	94.50	CHSW;0.807
12.00	15.00	CHSP;0.585
28.50	33.00	CHSP;0.508
34.50	40.50	CHSP;0.987
96.00	100.50	CHSP;0.501
124.50	127.50	CHSP;0.500
129.00	133.50	CHSP;0.650
186.00	189.00	CHSP;0.500
192.00	195.00	CHSP;0.635
198.00	202.50	CHSP;0.565
205.50	211.50	CHSP;0.949
213.00	217.50	CHSP;0.962
220.50	225.00	CHSP;0.797
240.00	243.00	CHSP;0.702
246.00	252.00	CHSP;0.976
253.50	258.00	CHSP;0.875
261.00	264.00	CHSP;0.569
268.50	273.00	CHSP;0.933
276.00	285.00	CHSP;0.682
292.50	300.00	CHSP;0.965
0.00	4.50	CCSP;0.541
7.50	12.00	CCSP;0.500
21.00	25.50	CCSP;0.815
28.50	31.50	CCSP;0.775
33.00	37.50	CCSP;0.895
39.00	43.50	CCSP;0.500
45.00	49.50	CCSP;0.537
54.00	57.00	CCSP;0.500
58.50	64.50	CCSP;0.833
67.50	75.00	CCSP;0.586
78.00	81.00	CCSP;0.500
85.50	90.00	CCSP;0.719
91.50	97.50	CCSP;0.525
99.00	103.50	CCSP;0.500
108.00	111.00	CCSP;0.500
112.50	117.00	CCSP;0.524
120.00	124.50	CCSP;0.514
126.00	129.00	CCSP;0.500
135.00	138.00	CCSP;0.500
142.50	145.50	CCSP;0.724
147.00	151.50	CCSP;0.570
154.50	159.00	CCSP;0.528
168.00	172.50	CCSP;0.536
175.50	178.50	CCSP;0.500
184.50	187.50	CCSP;0.755
198.00	201.00	CCSP;0.652
204.00	207.00	CCSP;0.500
210.00	214.50	CCSP;0.795
216.00	219.00	CCSP;0.500
223.50	228.00	CCSP;0.500
232.50	235.50	CCSP;0.854
237.00	243.00	CCSP;0.500
246.00	249.00	CCSP;0.822
250.50	255.00	CCSP;0.562
258.00	262.50	CCSP;0.547
267.00	270.00	CCSP;0.748
271.50	276.00	CCSP;0.613
277.50	282.00	CCSP;0.500
283.50	288.00	CCSP;0.649
292.50	295.50	CCSP;0.500
297.00	300.00	CCSP;0.591
10.50	13.50	EATO;0.691
165.00	168.00	EATO;0.522
228.00	231.00	EATO;0.739
240.00	243.00	EATO;0.520
256.50	261.00	EAWP;0.718
22.50	28.50	FOSP;0.804
51.00	60.00	FOSP;0.845
84.00	91.50	FOSP;0.801
94.50	97.50	FOSP;0.500
100.50	106.50	FOSP;0.938
109.50	114.00	FOSP;0.879
117.00	123.00	FOSP;0.972
135.00	139.50	FOSP;0.745
144.00	153.00	FOSP;0.883
163.50	166.50	FOSP;0.500
172.50	177.00	FOSP;0.974
180.00	183.00	FOSP;0.500
193.50	198.00	FOSP;0.615
210.00	216.00	FOSP;0.825
225.00	229.50	FOSP;0.830
241.50	246.00	FOSP;0.896
288.00	292.50	FOSP;0.704
0.00	3.00	GCSP;0.500
6.00	10.50	GCSP;0.500
13.50	16.50	GCSP;0.500
19.50	30.00	GCSP;0.510
31.50	36.00	GCSP;0.630
39.00	43.50	GCSP;0.781
45.00	48.00	GCSP;0.500
52.50	55.50	GCSP;0.541
58.50	61.50	GCSP;0.500
64.50	81.00	GCSP;0.720
84.00	88.50	GCSP;0.553
91.50	94.50	GCSP;0.500
99.00	102.00	GCSP;0.500
105.00	109.50	GCSP;0.552
112.50	115.50	GCSP;0.500
118.50	123.00	GCSP;0.520
126.00	129.00	GCSP;0.500
130.50	136.50	GCSP;0.787
139.50	144.00	GCSP;0.539
147.00	150.00	GCSP;0.500
153.00	157.50	GCSP;0.500
168.00	171.00	GCSP;0.619
175.50	178.50	GCSP;0.500
181.50	184.50	GCSP;0.500
189.00	192.00	GCSP;0.500
195.00	199.50	GCSP;0.500
201.00	205.50	GCSP;0.535
208.50	213.00	GCSP;0.653
214.50	219.00	GCSP;0.500
243.00	246.00	GCSP;0.500
250.50	253.50	GCSP;0.614
256.50	259.50	GCSP;0.500
262.50	268.50	GCSP;0.543
271.50	274.50	GCSP;0.500
277.50	282.00	GCSP;0.500
283.50	288.00	GCSP;0.500
289.50	292.50	GCSP;0.500
294.00	300.00	GCSP;0.846
138.00	141.00	HASP;0.521
153.00	156.00	HASP;0.722
222.00	225.00	HASP;0.546
243.00	246.00	HASP;0.590
159.00	162.00	HETH;0.558
138.00	141.00	LASP;0.520
6.00	10.50	LISP;0.895
16.50	22.50	LISP;0.982
30.00	34.50	LISP;0.967
43.50	51.00	LISP;0.921
63.00	67.50	LISP;0.952
90.00	93.00	LISP;0.500
105.00	108.00	LISP;0.500
123.00	127.50	LISP;0.549
132.00	135.00	LISP;0.500
142.50	145.50	LISP;0.500
186.00	190.50	LISP;0.583
201.00	204.00	LISP;0.653
234.00	238.50	LISP;0.866
243.00	246.00	LISP;0.505
273.00	279.00	LISP;0.500
286.50	291.00	LISP;0.711
4.50	7.50	MOCH;0.568
55.50	58.50	MOCH;0.540
151.50	154.50	MOCH;0.758
174.00	177.00	MOCH;0.640
280.50	283.50	MOCH;0.529
103.50	106.50	PUFI;0.570
138.00	141.00	REVI;0.505
4.50	9.00	ROWR;0.673
18.00	22.50	ROWR;0.629
42.00	46.50	ROWR;0.933
193.50	198.00	SNBU;0.522
75.00	78.00	SOSP;0.688
115.50	118.50	SOSP;0.551
243.00	246.00	VESP;0.537
259.50	262.50	VESP;0.541
129.00	132.00	WEWP;0.801
0.00	49.50	WCSP;0.996
51.00	57.00	WCSP;0.967
58.50	64.50	WCSP;0.983
66.00	90.00	WCSP;0.994
91.50	97.50	WCSP;0.991
99.00	105.00	WCSP;0.973
106.50	111.00	WCSP;0.986
112.50	117.00	WCSP;0.980
120.00	124.50	WCSP;0.986
126.00	132.00	WCSP;0.995
133.50	138.00	WCSP;0.995
139.50	145.50	WCSP;0.989
147.00	151.50	WCSP;0.979
154.50	181.50	WCSP;0.991
183.00	187.50	WCSP;0.982
189.00	207.00	WCSP;0.991
208.50	214.50	WCSP;0.927
216.00	222.00	WCSP;0.994
223.50	228.00	WCSP;0.983
229.50	235.50	WCSP;0.993
237.00	241.50	WCSP;0.973
243.00	249.00	WCSP;0.986
250.50	256.50	WCSP;0.976
258.00	262.50	WCSP;0.984
264.00	270.00	WCSP;0.991
271.50	276.00	WCSP;0.950
277.50	295.50	WCSP;0.989
297.00	300.00	WCSP;0.836
0.00	10.50	WTSP;0.831
12.00	16.50	WTSP;0.706
19.50	28.50	WTSP;0.689
31.50	34.50	WTSP;0.500
45.00	54.00	WTSP;0.984
58.50	63.00	WTSP;0.545
64.50	70.50	WTSP;0.603
73.50	102.00	WTSP;0.990
105.00	123.00	WTSP;0.912
126.00	135.00	WTSP;0.922
138.00	150.00	WTSP;0.872
153.00	157.50	WTSP;0.730
166.50	169.50	WTSP;0.666
175.50	178.50	WTSP;0.500
180.00	184.50	WTSP;0.957
192.00	213.00	WTSP;0.982
214.50	232.50	WTSP;0.986
235.50	240.00	WTSP;0.500
243.00	259.50	WTSP;0.886
261.00	267.00	WTSP;0.828
271.50	274.50	WTSP;0.500
277.50	286.50	WTSP;0.518
289.50	294.00	WTSP;0.632
132.00	135.00	YRWA;0.558
