22.50	28.50	ATSP;0.958
39.00	45.00	ATSP;0.997
46.50	49.50	ATSP;0.686
61.50	64.50	ATSP;0.500
69.00	72.00	ATSP;0.500
99.00	102.00	ATSP;0.500
109.50	112.50	ATSP;0.500
361.50	364.50	ATSP;0.500
418.50	421.50	ATSP;0.500
574.50	579.00	ATSP;0.500
396.00	399.00	BANS;0.575
307.50	310.50	BARS;0.534
27.00	30.00	CHSW;0.594
394.50	397.50	CHSW;0.752
496.50	499.50	CHSW;0.547
549.00	552.00	CHSW;0.541
229.50	234.00	DUFL;0.795
345.00	348.00	EVGR;0.500
1.50	6.00	FOSP;0.873
48.00	52.50	FOSP;0.733
61.50	64.50	FOSP;0.500
88.50	93.00	FOSP;0.869
99.00	103.50	FOSP;0.500
403.50	406.50	GCSP;0.784
28.50	33.00	GWWA;0.566
37.50	42.00	GWWA;0.949
33.00	39.00	GRSP;0.680
43.50	48.00	GRSP;0.827
54.00	57.00	HETH;0.735
513.00	516.00	HOLA;0.920
543.00	546.00	HOLA;0.806
537.00	540.00	HOSP;0.530
337.50	340.50	MOCH;0.618
379.50	384.00	MOCH;0.813
21.00	24.00	OVEN;0.611
517.50	520.50	OVEN;0.504
66.00	69.00	PISI;0.658
73.50	81.00	PISI;0.996
103.50	115.50	PISI;0.895
138.00	151.50	PISI;0.988
153.00	156.00	PISI;0.756
162.00	193.50	PISI;0.993
229.50	244.50	PISI;0.996
252.00	256.50	PISI;0.500
307.50	345.00	PISI;0.998
381.00	385.50	PISI;0.578
396.00	414.00	PISI;0.998
417.00	432.00	PISI;0.767
438.00	442.50	PISI;0.969
453.00	474.00	PISI;0.998
484.50	513.00	PISI;0.995
514.50	526.50	PISI;0.959
529.50	534.00	PISI;0.966
537.00	549.00	PISI;0.985
571.50	576.00	PISI;0.730
577.50	600.00	PISI;0.999
0.00	4.50	RECR;0.736
91.50	94.50	REVI;0.556
64.50	67.50	RBGR;0.631
193.50	196.50	RUTU;0.509
34.50	37.50	SAVS;0.511
57.00	60.00	SOSA;0.500
67.50	72.00	SOSA;0.582
81.00	85.50	SOSA;0.823
94.50	99.00	SOSA;0.618
121.50	126.00	SOSA;0.923
135.00	139.50	SOSA;0.500
156.00	160.50	SOSA;0.768
169.50	174.00	SOSA;0.665
186.00	190.50	SOSA;0.500
204.00	208.50	SOSA;0.932
219.00	223.50	SOSA;0.960
232.50	237.00	SOSA;0.500
246.00	250.50	SOSA;0.904
262.50	267.00	SOSA;0.983
276.00	280.50	SOSA;0.970
289.50	294.00	SOSA;0.952
303.00	307.50	SOSA;0.909
318.00	324.00	SOSA;0.703
333.00	337.50	SOSA;0.500
346.50	351.00	SOSA;0.950
360.00	364.50	SOSA;0.681
373.50	378.00	SOSA;0.530
387.00	393.00	SOSA;0.500
402.00	406.50	SOSA;0.500
418.50	423.00	SOSA;0.834
441.00	445.50	SOSA;0.500
474.00	478.50	SOSA;0.501
574.50	577.50	SOSA;0.500
28.50	31.50	SWSP;0.580
207.00	210.00	SWSP;0.580
244.50	247.50	SWSP;0.506
375.00	379.50	SWSP;0.590
423.00	427.50	SWSP;0.594
430.50	435.00	SWSP;0.862
472.50	477.00	SWSP;0.595
480.00	484.50	SWSP;0.685
547.50	550.50	SWSP;0.764
562.50	565.50	SWSP;0.557
570.00	573.00	SWSP;0.595
576.00	580.50	SWSP;0.648
585.00	588.00	SWSP;0.521
243.00	247.50	VGSW;0.673
337.50	342.00	VGSW;0.678
396.00	399.00	VGSW;0.520
453.00	456.00	VGSW;0.714
24.00	27.00	WCSP;0.500
51.00	66.00	WCSP;0.962
69.00	76.50	WCSP;0.924
85.50	93.00	WCSP;0.500
123.00	126.00	WCSP;0.500
337.50	340.50	WCSP;0.500
366.00	370.50	WCSP;0.703
52.50	57.00	WTSP;0.548
58.50	61.50	WTSP;0.514
70.50	73.50	WTSP;0.542
402.00	405.00	WTSP;0.504
388.50	391.50	YRWA;0.547
