172.50	175.50	BRSP;0.516
213.00	216.00	BRSP;0.655
225.00	228.00	BRSP;0.509
246.00	249.00	BRSP;0.557
16.50	19.50	CHSW;0.593
105.00	108.00	CHSW;0.630
117.00	121.50	CHSP;0.933
126.00	130.50	CHSP;0.795
172.50	175.50	CHSP;0.500
181.50	187.50	CHSP;0.927
192.00	198.00	CHSP;0.979
201.00	211.50	CHSP;0.961
213.00	220.50	CHSP;0.979
222.00	226.50	CHSP;0.849
229.50	234.00	CHSP;0.942
237.00	243.00	CHSP;0.799
246.00	252.00	CHSP;0.869
253.50	258.00	CHSP;0.941
261.00	267.00	CHSP;0.958
270.00	276.00	CHSP;0.839
279.00	283.50	CHSP;0.875
286.50	292.50	CHSP;0.977
294.00	300.00	CHSP;0.972
150.00	154.50	EAME;0.800
153.00	156.00	EVGR;0.576
187.50	190.50	FISP;0.753
198.00	201.00	FISP;0.513
234.00	237.00	FISP;0.725
282.00	285.00	FISP;0.555
40.50	43.50	FOSP;0.529
96.00	99.00	GCSP;0.601
153.00	156.00	GCSP;0.535
181.50	186.00	GCSP;0.793
250.50	253.50	GCSP;0.517
241.50	244.50	HETH;0.563
46.50	49.50	MAWA;0.656
180.00	183.00	MAWA;0.567
9.00	13.50	MOCH;0.652
43.50	48.00	MOCH;0.500
51.00	55.50	MOCH;0.538
63.00	66.00	MOCH;0.599
72.00	75.00	MOCH;0.957
90.00	97.50	MOCH;0.684
102.00	105.00	MOCH;0.500
109.50	114.00	MOCH;0.500
120.00	126.00	MOCH;0.793
129.00	135.00	MOCH;0.500
142.50	150.00	MOCH;0.925
156.00	159.00	MOCH;0.500
160.50	165.00	MOCH;0.643
166.50	169.50	MOCH;0.500
172.50	178.50	MOCH;0.601
187.50	190.50	MOCH;0.500
198.00	202.50	MOCH;0.627
222.00	231.00	MOCH;0.677
234.00	237.00	MOCH;0.548
246.00	249.00	MOCH;0.500
250.50	259.50	MOCH;0.586
276.00	279.00	MOCH;0.900
280.50	285.00	MOCH;0.789
210.00	213.00	PISI;0.548
217.50	220.50	PISI;0.501
238.50	241.50	PUFI;0.559
28.50	31.50	RWBL;0.502
112.50	115.50	ROWR;0.580
25.50	28.50	RUGR;0.513
189.00	192.00	RUGR;0.623
229.50	234.00	RUGR;0.717
163.50	169.50	SNBU;0.847
25.50	28.50	SWSP;0.559
210.00	213.00	TRES;0.598
178.50	181.50	VESP;0.654
7.50	12.00	WCSP;0.992
13.50	19.50	WCSP;0.991
22.50	28.50	WCSP;0.969
30.00	43.50	WCSP;0.996
48.00	57.00	WCSP;0.960
64.50	67.50	WCSP;0.500
73.50	78.00	WCSP;0.978
82.50	87.00	WCSP;0.555
91.50	94.50	WCSP;0.500
96.00	99.00	WCSP;0.500
100.50	105.00	WCSP;0.500
109.50	114.00	WCSP;0.953
123.00	127.50	WCSP;0.949
138.00	141.00	WCSP;0.579
145.50	148.50	WCSP;0.500
151.50	156.00	WCSP;0.500
157.50	162.00	WCSP;0.958
175.50	183.00	WCSP;0.500
189.00	193.50	WCSP;0.952
199.50	202.50	WCSP;0.608
211.50	216.00	WCSP;0.648
235.50	240.00	WCSP;0.741
246.00	250.50	WCSP;0.500
267.00	271.50	WCSP;0.500
277.50	282.00	WCSP;0.909
6.00	9.00	WTSP;0.814
19.50	24.00	WTSP;0.989
33.00	39.00	WTSP;0.979
45.00	48.00	WTSP;0.500
60.00	67.50	WTSP;0.985
79.50	85.50	WTSP;0.992
90.00	94.50	WTSP;0.653
99.00	105.00	WTSP;0.992
114.00	120.00	WTSP;0.986
129.00	141.00	WTSP;0.993
142.50	148.50	WTSP;0.987
153.00	159.00	WTSP;0.995
168.00	174.00	WTSP;0.992
181.50	186.00	WTSP;0.642
187.50	190.50	WTSP;0.500
198.00	202.50	WTSP;0.674
211.50	216.00	WTSP;0.848
222.00	231.00	WTSP;0.603
240.00	243.00	WTSP;0.500
252.00	259.50	WTSP;0.534
265.50	270.00	WTSP;0.977
276.00	279.00	WTSP;0.500
280.50	283.50	WTSP;0.500
4.50	9.00	WIWA;0.984
57.00	61.50	WIWA;0.992
85.50	90.00	WIWA;0.979
102.00	108.00	WIWA;0.990
114.00	120.00	WIWA;0.992
135.00	139.50	WIWA;0.993
145.50	150.00	WIWA;0.990
156.00	160.50	WIWA;0.988
166.50	172.50	WIWA;0.861
175.50	180.00	WIWA;0.984
184.50	190.50	WIWA;0.991
195.00	199.50	WIWA;0.978
205.50	210.00	WIWA;0.971
219.00	223.50	WIWA;0.989
231.00	237.00	WIWA;0.987
243.00	247.50	WIWA;0.987
255.00	259.50	WIWA;0.985
267.00	271.50	WIWA;0.980
277.50	282.00	WIWA;0.984
291.00	295.50	WIWA;0.993
214.50	217.50	WOTH;0.705
270.00	273.00	YEWA;0.607
46.50	51.00	YRWA;0.809
148.50	151.50	YRWA;0.907
202.50	207.00	YRWA;0.698
228.00	231.00	YRWA;0.520
270.00	273.00	YRWA;0.650
