9.00	12.00	AMAV;0.522
51.00	54.00	ATSP;0.670
97.50	100.50	BAOR;0.530
174.00	177.00	BAOR;0.578
199.50	202.50	BARS;0.517
187.50	190.50	BBWA;0.662
285.00	288.00	BEWR;0.606
28.50	31.50	CHSW;0.500
37.50	40.50	CHSW;0.712
46.50	51.00	CHSW;0.816
55.50	58.50	CHSW;0.723
75.00	78.00	CHSW;0.575
93.00	96.00	CHSW;0.768
102.00	105.00	CHSW;0.822
138.00	141.00	CHSW;0.731
166.50	169.50	CHSW;0.585
192.00	195.00	CHSW;0.814
246.00	249.00	CHSW;0.741
270.00	273.00	CHSW;0.500
276.00	279.00	CHSW;0.643
78.00	82.50	DEJU;0.815
109.50	112.50	DEJU;0.783
124.50	127.50	DEJU;0.552
142.50	145.50	DEJU;0.679
87.00	90.00	EATO;0.634
217.50	222.00	EATO;0.688
234.00	238.50	EATO;0.740
1.50	6.00	FOSP;0.601
25.50	30.00	FOSP;0.500
45.00	49.50	FOSP;0.641
58.50	63.00	FOSP;0.795
72.00	76.50	FOSP;0.888
88.50	93.00	FOSP;0.961
105.00	109.50	FOSP;0.595
135.00	138.00	FOSP;0.500
163.50	168.00	FOSP;0.571
195.00	199.50	FOSP;0.886
208.50	213.00	FOSP;0.886
214.50	219.00	FOSP;0.810
222.00	228.00	FOSP;0.867
235.50	244.50	FOSP;0.875
253.50	258.00	FOSP;0.567
270.00	274.50	FOSP;0.668
283.50	292.50	FOSP;0.676
294.00	297.00	FOSP;0.500
13.50	18.00	HETH;0.734
18.00	22.50	LISP;0.912
33.00	36.00	LISP;0.500
43.50	48.00	LISP;0.834
63.00	67.50	LISP;0.601
78.00	82.50	LISP;0.676
93.00	96.00	LISP;0.898
108.00	112.50	LISP;0.860
123.00	127.50	LISP;0.823
153.00	157.50	LISP;0.668
183.00	187.50	LISP;0.844
217.50	220.50	LISP;0.559
232.50	237.00	LISP;0.614
250.50	255.00	LISP;0.828
283.50	288.00	LISP;0.928
136.50	139.50	MOCH;0.597
145.50	148.50	MOCH;0.581
207.00	210.00	MOCH;0.917
27.00	30.00	OROR;0.536
226.50	229.50	OROR;0.742
90.00	93.00	PIGR;0.632
162.00	165.00	PIGR;0.729
0.00	3.00	RUGR;0.599
19.50	22.50	RUGR;0.601
48.00	52.50	RUGR;0.633
121.50	126.00	RUGR;0.708
226.50	229.50	RUGR;0.542
33.00	36.00	RUBL;0.735
81.00	84.00	SESA;0.585
126.00	129.00	SESA;0.721
27.00	31.50	SBDO;0.587
291.00	294.00	SBDO;0.707
241.50	244.50	SNBU;0.571
255.00	258.00	SNBU;0.594
274.50	279.00	SNBU;0.695
288.00	292.50	SNBU;0.780
294.00	297.00	SNBU;0.547
174.00	177.00	UPSA;0.524
21.00	25.50	VATH;0.752
42.00	46.50	VATH;0.901
54.00	58.50	VATH;0.990
64.50	69.00	VATH;0.500
73.50	78.00	VATH;0.955
0.00	3.00	WCSP;0.620
7.50	10.50	WCSP;0.737
24.00	27.00	WCSP;0.874
34.50	39.00	WCSP;0.952
46.50	49.50	WCSP;0.563
73.50	76.50	WCSP;0.546
147.00	150.00	WCSP;0.579
223.50	226.50	WCSP;0.503
10.50	15.00	WTSP;0.500
97.50	103.50	WTSP;0.991
106.50	111.00	WTSP;0.500
117.00	121.50	WTSP;0.988
126.00	130.50	WTSP;0.941
136.50	141.00	WTSP;0.959
144.00	148.50	WTSP;0.753
165.00	168.00	WTSP;0.500
195.00	198.00	WTSP;0.500
207.00	211.50	WTSP;0.577
151.50	154.50	WWCR;0.646
4.50	9.00	WIWA;0.989
12.00	18.00	WIWA;0.991
21.00	25.50	WIWA;0.991
30.00	34.50	WIWA;0.994
37.50	43.50	WIWA;0.991
48.00	52.50	WIWA;0.989
55.50	61.50	WIWA;0.992
66.00	70.50	WIWA;0.989
75.00	81.00	WIWA;0.992
84.00	90.00	WIWA;0.991
94.50	99.00	WIWA;0.990
103.50	108.00	WIWA;0.990
111.00	115.50	WIWA;0.989
120.00	124.50	WIWA;0.992
130.50	135.00	WIWA;0.992
139.50	144.00	WIWA;0.986
148.50	154.50	WIWA;0.992
159.00	163.50	WIWA;0.994
166.50	172.50	WIWA;0.988
175.50	181.50	WIWA;0.989
184.50	189.00	WIWA;0.995
193.50	198.00	WIWA;0.994
201.00	207.00	WIWA;0.992
210.00	216.00	WIWA;0.992
219.00	223.50	WIWA;0.988
228.00	232.50	WIWA;0.990
237.00	241.50	WIWA;0.991
246.00	252.00	WIWA;0.991
256.50	262.50	WIWA;0.995
267.00	273.00	WIWA;0.994
277.50	282.00	WIWA;0.992
286.50	291.00	WIWA;0.988
295.50	300.00	WIWA;0.992
243.00	246.00	WIWR;0.622
52.50	57.00	YRWA;0.944
64.50	67.50	YRWA;0.689
106.50	109.50	YRWA;0.500
114.00	117.00	YRWA;0.500
132.00	136.50	YRWA;0.835
142.50	145.50	YRWA;0.500
150.00	153.00	YRWA;0.500
166.50	169.50	YRWA;0.500
174.00	177.00	YRWA;0.500
181.50	186.00	YRWA;0.500
192.00	195.00	YRWA;0.883
211.50	216.00	YRWA;0.766
253.50	258.00	YRWA;0.968
