165.00	168.00	AMDI;0.673
43.50	46.50	AMGP;0.661
18.00	28.50	AMRO;0.639
33.00	36.00	AMRO;0.500
39.00	48.00	AMRO;0.762
52.50	55.50	AMRO;0.500
66.00	109.50	AMRO;0.975
172.50	177.00	AMRO;0.500
180.00	184.50	AMRO;0.779
187.50	193.50	AMRO;0.592
195.00	211.50	AMRO;0.859
222.00	226.50	AMRO;0.500
231.00	235.50	AMRO;0.620
247.50	250.50	AMRO;0.503
252.00	255.00	AMRO;0.500
256.50	264.00	AMRO;0.865
270.00	273.00	AMRO;0.500
297.00	300.00	AMRO;0.500
69.00	72.00	AMWI;0.527
109.50	112.50	BAOR;0.792
189.00	193.50	BAOR;0.710
196.50	201.00	BAOR;0.839
25.50	33.00	BLOY;0.647
58.50	72.00	BLOY;0.680
100.50	103.50	BLOY;0.500
171.00	180.00	BLOY;0.759
223.50	228.00	BLOY;0.614
229.50	232.50	BLOY;0.500
235.50	240.00	BLOY;0.877
246.00	249.00	BLOY;0.500
250.50	255.00	BLOY;0.812
264.00	268.50	BLOY;0.500
288.00	292.50	BLOY;0.500
90.00	94.50	BBPL;0.706
73.50	76.50	BCCH;0.550
123.00	126.00	BCCH;0.633
160.50	163.50	BCCH;0.538
258.00	261.00	BCCH;0.570
33.00	37.50	CAFI;0.832
60.00	63.00	CAFI;0.542
129.00	132.00	CAFI;0.561
174.00	178.50	DUNL;0.639
195.00	199.50	DUNL;0.681
292.50	295.50	DUNL;0.583
42.00	45.00	EABL;0.638
132.00	136.50	EAME;0.810
21.00	25.50	FISP;0.812
136.50	141.00	FISP;0.862
111.00	114.00	FOSP;0.568
120.00	124.50	FOSP;0.910
283.50	286.50	FOSP;0.613
291.00	294.00	FOSP;0.574
91.50	94.50	GOEA;0.599
0.00	3.00	GCSP;0.577
40.50	43.50	GWTE;0.645
64.50	70.50	GWTE;0.826
181.50	184.50	GWTE;0.554
204.00	207.00	GWTE;0.500
288.00	291.00	GWTE;0.526
297.00	300.00	GWTE;0.603
4.50	7.50	HASP;0.580
36.00	39.00	HASP;0.893
58.50	61.50	HASP;0.643
135.00	138.00	HASP;0.571
6.00	10.50	HETH;0.500
28.50	31.50	HETH;0.658
69.00	75.00	HETH;0.779
76.50	94.50	HETH;0.968
111.00	118.50	HETH;0.500
126.00	136.50	HETH;0.949
139.50	144.00	HETH;0.782
145.50	154.50	HETH;0.864
157.50	165.00	HETH;0.961
184.50	189.00	HETH;0.500
213.00	217.50	HETH;0.976
220.50	226.50	HETH;0.974
231.00	256.50	HETH;0.993
258.00	267.00	HETH;0.978
270.00	274.50	HETH;0.986
276.00	283.50	HETH;0.997
285.00	297.00	HETH;0.982
1.50	6.00	LISP;0.987
16.50	21.00	LISP;0.988
34.50	39.00	LISP;0.834
49.50	54.00	LISP;0.555
61.50	66.00	LISP;0.881
79.50	85.50	LISP;0.944
93.00	102.00	LISP;0.928
105.00	111.00	LISP;0.876
117.00	123.00	LISP;0.797
124.50	135.00	LISP;0.888
138.00	145.50	LISP;0.987
153.00	157.50	LISP;0.994
165.00	171.00	LISP;0.986
178.50	183.00	LISP;0.747
192.00	196.50	LISP;0.974
204.00	208.50	LISP;0.937
216.00	220.50	LISP;0.970
228.00	232.50	LISP;0.991
241.50	246.00	LISP;0.988
255.00	259.50	LISP;0.978
267.00	277.50	LISP;0.985
280.50	285.00	LISP;0.971
294.00	298.50	LISP;0.562
184.50	189.00	MAMU;0.893
223.50	226.50	MAMU;0.589
264.00	268.50	MAMU;0.723
6.00	10.50	MOCH;0.956
24.00	27.00	MOCH;0.500
45.00	49.50	MOCH;0.738
90.00	93.00	MOCH;0.500
102.00	106.50	MOCH;0.521
117.00	120.00	MOCH;0.500
123.00	126.00	MOCH;0.500
129.00	133.50	MOCH;0.500
169.50	174.00	MOCH;0.612
207.00	210.00	MOCH;0.500
213.00	217.50	MOCH;0.500
220.50	223.50	MOCH;0.688
229.50	234.00	MOCH;0.974
238.50	241.50	MOCH;0.500
252.00	256.50	MOCH;0.500
262.50	265.50	MOCH;0.781
133.50	138.00	PIGR;0.761
81.00	84.00	PUFI;0.578
93.00	97.50	PUFI;0.691
106.50	109.50	PUFI;0.534
225.00	229.50	PUFI;0.931
232.50	235.50	PUFI;0.556
247.50	252.00	PUFI;0.576
85.50	90.00	RBGR;0.608
187.50	190.50	RBGR;0.589
216.00	219.00	RUGR;0.663
165.00	168.00	RUBL;0.549
219.00	222.00	RUBL;0.616
76.50	81.00	SAND;0.773
112.50	115.50	SBDO;0.582
4.50	7.50	SWHA;0.544
265.50	268.50	TOSO;0.520
279.00	282.00	TOSO;0.773
114.00	118.50	WEME;0.644
145.50	150.00	WEME;0.797
213.00	216.00	WEME;0.505
238.50	241.50	WEME;0.549
252.00	256.50	WEME;0.541
0.00	6.00	WTSP;0.500
9.00	25.50	WTSP;0.970
36.00	42.00	WTSP;0.994
45.00	52.50	WTSP;0.997
58.50	64.50	WTSP;0.982
73.50	79.50	WTSP;0.993
103.50	106.50	WTSP;0.500
135.00	141.00	WTSP;0.885
169.50	175.50	WTSP;0.777
103.50	106.50	WILL;0.502
