553.50	556.50	BLOY;0.551
580.50	585.00	BBPL;0.560
69.00	73.50	BTNW;0.663
25.50	28.50	BHVI;0.570
589.50	592.50	BHVI;0.758
493.50	496.50	BRBL;0.622
109.50	112.50	CAFI;0.617
36.00	39.00	CHSW;0.684
66.00	69.00	CHSW;0.727
90.00	94.50	CHSW;0.820
115.50	121.50	CHSW;0.642
130.50	133.50	CHSW;0.507
283.50	288.00	EAME;0.590
573.00	576.00	EAME;0.682
25.50	28.50	EATO;0.605
93.00	96.00	EATO;0.610
154.50	159.00	EATO;0.739
366.00	369.00	EATO;0.523
495.00	498.00	EATO;0.528
504.00	507.00	EATO;0.510
516.00	519.00	EATO;0.527
538.50	541.50	EATO;0.708
589.50	592.50	EATO;0.551
328.50	331.50	EVGR;0.556
10.50	13.50	FISP;0.500
36.00	39.00	FISP;0.500
85.50	90.00	FISP;0.588
127.50	130.50	FISP;0.781
141.00	144.00	FISP;0.500
151.50	154.50	FISP;0.533
180.00	183.00	FISP;0.500
184.50	189.00	FISP;0.592
196.50	201.00	FISP;0.819
204.00	211.50	FISP;0.927
288.00	291.00	FISP;0.500
318.00	321.00	FISP;0.831
331.50	336.00	FISP;0.693
340.50	345.00	FISP;0.803
349.50	358.50	FISP;0.631
360.00	364.50	FISP;0.719
375.00	381.00	FISP;0.699
385.50	388.50	FISP;0.500
393.00	397.50	FISP;0.682
399.00	406.50	FISP;0.500
409.50	412.50	FISP;0.500
421.50	427.50	FISP;0.568
430.50	433.50	FISP;0.500
447.00	450.00	FISP;0.500
499.50	502.50	FISP;0.500
555.00	559.50	FISP;0.500
579.00	582.00	FISP;0.520
0.00	9.00	FOSP;0.980
27.00	34.50	FOSP;0.811
42.00	45.00	FOSP;0.500
78.00	85.50	FOSP;0.687
93.00	96.00	FOSP;0.612
121.50	126.00	FOSP;0.872
138.00	141.00	FOSP;0.500
154.50	162.00	FOSP;0.645
169.50	174.00	FOSP;0.501
199.50	204.00	FOSP;0.752
216.00	220.50	FOSP;0.500
229.50	234.00	FOSP;0.567
246.00	250.50	FOSP;0.859
259.50	264.00	FOSP;0.730
280.50	283.50	FOSP;0.636
301.50	306.00	FOSP;0.767
325.50	330.00	FOSP;0.981
333.00	337.50	FOSP;0.596
343.50	348.00	FOSP;0.805
366.00	373.50	FOSP;0.592
379.50	382.50	FOSP;0.500
387.00	391.50	FOSP;0.500
402.00	406.50	FOSP;0.853
408.00	414.00	FOSP;0.725
433.50	438.00	FOSP;0.704
450.00	454.50	FOSP;0.960
463.50	466.50	FOSP;0.500
469.50	474.00	FOSP;0.786
484.50	489.00	FOSP;0.885
495.00	499.50	FOSP;0.894
501.00	511.50	FOSP;0.932
517.50	522.00	FOSP;0.958
528.00	537.00	FOSP;0.951
538.50	547.50	FOSP;0.922
549.00	553.50	FOSP;0.778
559.50	573.00	FOSP;0.960
574.50	579.00	FOSP;0.894
580.50	585.00	FOSP;0.632
591.00	595.50	FOSP;0.916
33.00	37.50	GCSP;0.500
61.50	66.00	GCSP;0.658
70.50	73.50	GCSP;0.500
87.00	90.00	GCSP;0.500
94.50	99.00	GCSP;0.944
142.50	147.00	GCSP;0.533
177.00	180.00	GCSP;0.500
205.50	208.50	GCSP;0.500
214.50	219.00	GCSP;0.502
267.00	270.00	GCSP;0.500
366.00	373.50	GCSP;0.662
385.50	391.50	GCSP;0.500
396.00	400.50	GCSP;0.909
439.50	444.00	GCSP;0.642
457.50	462.00	GCSP;0.824
505.50	508.50	GCSP;0.500
520.50	523.50	GCSP;0.500
528.00	532.50	GCSP;0.500
538.50	541.50	GCSP;0.500
556.50	561.00	GCSP;0.500
573.00	576.00	GCSP;0.513
577.50	580.50	GCSP;0.600
597.00	600.00	GCSP;0.797
237.00	241.50	HASP;0.553
0.00	3.00	HETH;0.500
106.50	111.00	HETH;0.765
121.50	124.50	HETH;0.531
144.00	148.50	HETH;0.865
154.50	157.50	HETH;0.500
169.50	174.00	HETH;0.500
198.00	202.50	HETH;0.807
213.00	217.50	HETH;0.543
229.50	234.00	HETH;0.617
244.50	249.00	HETH;0.721
259.50	264.00	HETH;0.827
265.50	271.50	HETH;0.930
279.00	283.50	HETH;0.666
303.00	306.00	HETH;0.500
343.50	348.00	HETH;0.740
366.00	373.50	HETH;0.500
384.00	388.50	HETH;0.527
400.50	405.00	HETH;0.500
432.00	436.50	HETH;0.852
469.50	474.00	HETH;0.510
504.00	507.00	HETH;0.542
516.00	519.00	HETH;0.500
531.00	534.00	HETH;0.676
562.50	567.00	HETH;0.500
580.50	585.00	HETH;0.500
252.00	255.00	KILL;0.688
465.00	468.00	LALO;0.619
93.00	96.00	LASP;0.576
42.00	46.50	MAMU;0.571
397.50	402.00	MAMU;0.620
7.50	10.50	MOCH;0.527
12.00	16.50	MOCH;0.903
25.50	28.50	MOCH;0.796
37.50	43.50	MOCH;0.548
48.00	51.00	MOCH;0.712
54.00	58.50	MOCH;0.757
63.00	66.00	MOCH;0.500
84.00	87.00	MOCH;0.500
88.50	91.50	MOCH;0.714
106.50	109.50	MOCH;0.769
117.00	123.00	MOCH;0.863
142.50	147.00	MOCH;0.638
151.50	154.50	MOCH;0.500
159.00	162.00	MOCH;0.500
165.00	168.00	MOCH;0.882
189.00	192.00	MOCH;0.566
195.00	198.00	MOCH;0.586
205.50	208.50	MOCH;0.500
214.50	217.50	MOCH;0.605
223.50	229.50	MOCH;0.978
235.50	238.50	MOCH;0.500
265.50	270.00	MOCH;0.500
274.50	277.50	MOCH;0.604
289.50	292.50	MOCH;0.500
295.50	298.50	MOCH;0.500
301.50	306.00	MOCH;0.525
307.50	312.00	MOCH;0.783
313.50	316.50	MOCH;0.500
324.00	328.50	MOCH;0.922
339.00	342.00	MOCH;0.500
348.00	354.00	MOCH;0.500
363.00	366.00	MOCH;0.500
372.00	376.50	MOCH;0.500
379.50	384.00	MOCH;0.648
385.50	388.50	MOCH;0.500
406.50	409.50	MOCH;0.500
415.50	418.50	MOCH;0.500
430.50	433.50	MOCH;0.500
451.50	454.50	MOCH;0.595
480.00	486.00	MOCH;0.826
489.00	492.00	MOCH;0.500
496.50	501.00	MOCH;0.500
519.00	526.50	MOCH;0.544
547.50	552.00	MOCH;0.500
576.00	582.00	MOCH;0.645
586.50	589.50	MOCH;0.500
592.50	595.50	MOCH;0.500
72.00	76.50	OCWA;0.808
262.50	265.50	PHVI;0.513
453.00	456.00	PHVI;0.790
156.00	159.00	REVI;0.507
232.50	235.50	REVI;0.559
262.50	265.50	REVI;0.574
346.50	349.50	REVI;0.701
106.50	111.00	RUGR;0.572
163.50	168.00	RUGR;0.895
183.00	190.50	RUGR;0.655
193.50	198.00	RUGR;0.675
199.50	207.00	RUGR;0.758
267.00	270.00	RUGR;0.586
292.50	297.00	RUGR;0.651
253.50	258.00	RUBL;0.792
271.50	274.50	RUBL;0.524
405.00	408.00	RUBL;0.585
535.50	538.50	RUBL;0.516
49.50	52.50	SNBU;0.500
85.50	90.00	SNBU;0.500
130.50	133.50	SNBU;0.500
387.00	390.00	SNBU;0.631
409.50	414.00	SNBU;0.500
457.50	466.50	SNBU;0.981
490.50	495.00	SNBU;0.856
517.50	520.50	SNBU;0.500
526.50	529.50	SNBU;0.500
543.00	547.50	SNBU;0.694
568.50	573.00	SNBU;0.500
585.00	589.50	SNBU;0.696
189.00	192.00	SPGR;0.504
96.00	100.50	SWSP;0.780
133.50	136.50	SWSP;0.561
558.00	562.50	SWSP;0.582
565.50	570.00	SWSP;0.825
588.00	592.50	SWSP;0.702
73.50	76.50	VATH;0.662
243.00	247.50	VATH;0.681
283.50	286.50	VATH;0.752
426.00	429.00	VATH;0.553
583.50	588.00	VATH;0.561
334.50	337.50	VESP;0.524
508.50	511.50	VESP;0.563
13.50	18.00	WCSP;0.987
78.00	82.50	WCSP;0.655
106.50	111.00	WCSP;0.613
301.50	306.00	WCSP;0.601
367.50	370.50	WCSP;0.587
1.50	6.00	WTSP;0.648
7.50	15.00	WTSP;0.994
19.50	27.00	WTSP;0.997
28.50	39.00	WTSP;0.988
43.50	51.00	WTSP;0.988
54.00	66.00	WTSP;0.994
69.00	75.00	WTSP;0.927
76.50	81.00	WTSP;0.979
84.00	90.00	WTSP;0.974
93.00	99.00	WTSP;0.650
102.00	108.00	WTSP;0.993
112.50	123.00	WTSP;0.995
124.50	130.50	WTSP;0.996
136.50	154.50	WTSP;0.998
160.50	168.00	WTSP;0.997
169.50	175.50	WTSP;0.995
177.00	199.50	WTSP;0.998
201.00	228.00	WTSP;0.996
232.50	238.50	WTSP;0.990
253.50	258.00	WTSP;0.564
267.00	276.00	WTSP;0.991
277.50	283.50	WTSP;0.990
285.00	291.00	WTSP;0.994
294.00	298.50	WTSP;0.987
301.50	304.50	WTSP;0.671
306.00	319.50	WTSP;0.991
322.50	328.50	WTSP;0.993
330.00	336.00	WTSP;0.990
339.00	345.00	WTSP;0.980
348.00	352.50	WTSP;0.955
354.00	366.00	WTSP;0.999
367.50	403.50	WTSP;0.996
405.00	409.50	WTSP;0.975
412.50	418.50	WTSP;0.991
420.00	426.00	WTSP;0.981
427.50	433.50	WTSP;0.981
438.00	442.50	WTSP;0.986
448.50	453.00	WTSP;0.990
457.50	462.00	WTSP;0.826
466.50	472.50	WTSP;0.993
477.00	481.50	WTSP;0.991
486.00	492.00	WTSP;0.994
511.50	516.00	WTSP;0.970
519.00	522.00	WTSP;0.500
523.50	528.00	WTSP;0.573
538.50	541.50	WTSP;0.500
547.50	552.00	WTSP;0.980
556.50	561.00	WTSP;0.915
567.00	571.50	WTSP;0.988
577.50	580.50	WTSP;0.500
586.50	591.00	WTSP;0.988
594.00	597.00	WTSP;0.635
577.50	580.50	WIFL;0.809
0.00	4.50	WIWA;0.991
7.50	12.00	WIWA;0.992
15.00	19.50	WIWA;0.990
22.50	27.00	WIWA;0.980
30.00	34.50	WIWA;0.991
37.50	42.00	WIWA;0.989
45.00	49.50	WIWA;0.982
52.50	57.00	WIWA;0.991
60.00	64.50	WIWA;0.985
67.50	72.00	WIWA;0.991
90.00	93.00	WIWA;0.526
96.00	99.00	WIWA;0.500
109.50	114.00	WIWA;0.969
117.00	120.00	WIWA;0.691
132.00	136.50	WIWA;0.879
145.50	151.50	WIWA;0.955
198.00	202.50	WIWA;0.941
205.50	208.50	WIWA;0.500
537.00	540.00	WIWA;0.823
543.00	547.50	WIWA;0.500
550.50	555.00	WIWA;0.822
558.00	561.00	WIWA;0.500
595.50	600.00	WIWA;0.632
178.50	183.00	YRWA;0.977
229.50	234.00	YRWA;0.741
241.50	246.00	YRWA;0.952
