115.50	118.50	BRSP;0.516
40.50	43.50	CHSW;0.581
171.00	174.00	CHSW;0.836
213.00	216.00	CHSW;0.719
231.00	234.00	CHSW;0.536
154.50	160.50	CHSP;0.966
183.00	187.50	CHSP;0.982
243.00	247.50	CHSP;0.981
265.50	271.50	CHSP;0.991
273.00	277.50	CHSP;0.507
114.00	117.00	EAME;0.558
123.00	126.00	EAME;0.598
52.50	55.50	EATO;0.638
145.50	148.50	EATO;0.554
3.00	7.50	FOSP;0.908
13.50	24.00	FOSP;0.981
25.50	30.00	FOSP;0.750
33.00	42.00	FOSP;0.932
46.50	52.50	FOSP;0.909
54.00	58.50	FOSP;0.669
64.50	72.00	FOSP;0.884
75.00	85.50	FOSP;0.988
93.00	102.00	FOSP;0.900
106.50	111.00	FOSP;0.949
112.50	115.50	FOSP;0.548
118.50	123.00	FOSP;0.873
124.50	138.00	FOSP;0.916
145.50	156.00	FOSP;0.954
159.00	169.50	FOSP;0.894
177.00	186.00	FOSP;0.929
192.00	202.50	FOSP;0.754
205.50	210.00	FOSP;0.665
237.00	244.50	FOSP;0.500
246.00	255.00	FOSP;0.730
262.50	267.00	FOSP;0.655
268.50	271.50	FOSP;0.500
274.50	280.50	FOSP;0.867
283.50	286.50	FOSP;0.500
9.00	12.00	GCSP;0.572
4.50	7.50	HETH;0.522
31.50	34.50	HETH;0.707
66.00	69.00	HETH;0.638
105.00	108.00	HETH;0.715
145.50	148.50	HETH;0.510
175.50	178.50	HETH;0.731
1.50	4.50	MOCH;0.702
150.00	153.00	OSFL;0.583
220.50	225.00	OSFL;0.803
82.50	85.50	PUFI;0.565
193.50	196.50	PUFI;0.519
198.00	201.00	PUFI;0.513
196.50	199.50	RECR;0.550
142.50	147.00	RUTU;0.726
265.50	268.50	RUTU;0.581
54.00	58.50	SAPH;0.689
57.00	60.00	SBDO;0.752
249.00	252.00	SBDO;0.541
25.50	30.00	SNBU;0.500
36.00	39.00	SNBU;0.500
40.50	45.00	SNBU;0.801
48.00	52.50	SNBU;0.711
67.50	72.00	SNBU;0.500
75.00	79.50	SNBU;0.619
82.50	85.50	SNBU;0.500
96.00	105.00	SNBU;0.693
123.00	130.50	SNBU;0.641
165.00	169.50	SNBU;0.680
172.50	178.50	SNBU;0.547
180.00	183.00	SNBU;0.500
198.00	202.50	SNBU;0.587
241.50	244.50	SNBU;0.500
246.00	253.50	SNBU;0.776
262.50	267.00	SNBU;0.849
274.50	279.00	SNBU;0.749
282.00	285.00	SNBU;0.500
289.50	292.50	SNBU;0.500
88.50	93.00	SOSA;0.985
190.50	195.00	SOSA;0.987
202.50	207.00	SOSA;0.981
216.00	220.50	SOSA;0.978
244.50	249.00	SOSA;0.880
261.00	265.50	SOSA;0.977
285.00	289.50	SOSA;0.500
24.00	28.50	SPSA;0.663
111.00	115.50	SPSA;0.618
288.00	292.50	SPSA;0.638
18.00	21.00	SWSP;0.695
42.00	46.50	SWSP;0.803
84.00	87.00	SWSP;0.501
139.50	144.00	SWSP;0.813
150.00	153.00	SWSP;0.779
222.00	226.50	SWSP;0.758
45.00	48.00	TOSO;0.512
72.00	76.50	VATH;0.847
16.50	19.50	VESP;0.579
189.00	192.00	VESP;0.614
207.00	210.00	VESP;0.526
64.50	67.50	WCSP;0.577
118.50	121.50	WCSP;0.531
1.50	6.00	WTSP;0.622
169.50	174.00	WTSP;0.655
70.50	73.50	WIFL;0.774
4.50	10.50	WIWA;0.995
16.50	22.50	WIWA;0.990
28.50	34.50	WIWA;0.988
40.50	45.00	WIWA;0.530
49.50	54.00	WIWA;0.977
70.50	75.00	WIWA;0.977
82.50	90.00	WIWA;0.972
91.50	96.00	WIWA;0.964
102.00	106.50	WIWA;0.991
120.00	124.50	WIWA;0.737
129.00	133.50	WIWA;0.979
138.00	142.50	WIWA;0.850
148.50	153.00	WIWA;0.950
157.50	162.00	WIWA;0.961
168.00	172.50	WIWA;0.786
178.50	184.50	WIWA;0.989
189.00	193.50	WIWA;0.971
201.00	205.50	WIWA;0.983
210.00	214.50	WIWA;0.986
222.00	226.50	WIWA;0.872
232.50	237.00	WIWA;0.986
270.00	274.50	WIWA;0.785
291.00	295.50	WIWA;0.991
226.50	229.50	WIWR;0.680
