6.00	10.50	BCCH;0.686
16.50	21.00	BCCH;0.727
34.50	39.00	BCCH;0.802
73.50	78.00	BCCH;0.682
102.00	105.00	BCCH;0.575
139.50	142.50	BCCH;0.840
151.50	154.50	BCCH;0.518
159.00	163.50	BCCH;0.627
180.00	184.50	BCCH;0.567
195.00	198.00	BCCH;0.616
222.00	225.00	BCCH;0.620
282.00	285.00	BCCH;0.546
111.00	114.00	EATO;0.528
174.00	177.00	EATO;0.522
111.00	115.50	FOSP;0.686
199.50	204.00	FOSP;0.959
0.00	3.00	HETH;0.862
6.00	28.50	HETH;0.990
34.50	46.50	HETH;0.832
54.00	69.00	HETH;0.969
73.50	81.00	HETH;0.886
84.00	88.50	HETH;0.500
102.00	105.00	HETH;0.666
109.50	124.50	HETH;0.864
129.00	151.50	HETH;0.982
153.00	156.00	HETH;0.500
157.50	165.00	HETH;0.814
174.00	177.00	HETH;0.500
180.00	184.50	HETH;0.768
190.50	199.50	HETH;0.959
202.50	207.00	HETH;0.579
211.50	216.00	HETH;0.500
219.00	228.00	HETH;0.990
229.50	238.50	HETH;0.793
250.50	255.00	HETH;0.526
279.00	286.50	HETH;0.550
295.50	300.00	HETH;0.975
138.00	141.00	LALO;0.571
142.50	145.50	MAMU;0.699
225.00	228.00	MAMU;0.778
9.00	18.00	MOCH;0.687
19.50	22.50	MOCH;0.516
31.50	43.50	MOCH;0.744
52.50	57.00	MOCH;0.744
63.00	66.00	MOCH;0.500
69.00	81.00	MOCH;0.787
87.00	90.00	MOCH;0.516
94.50	102.00	MOCH;0.500
103.50	106.50	MOCH;0.658
112.50	121.50	MOCH;0.707
129.00	136.50	MOCH;0.758
139.50	142.50	MOCH;0.500
145.50	156.00	MOCH;0.897
172.50	177.00	MOCH;0.500
180.00	184.50	MOCH;0.500
190.50	196.50	MOCH;0.567
202.50	207.00	MOCH;0.526
211.50	216.00	MOCH;0.882
229.50	234.00	MOCH;0.865
268.50	273.00	MOCH;0.554
279.00	291.00	MOCH;0.600
295.50	300.00	MOCH;0.913
123.00	126.00	RWBL;0.628
232.50	235.50	RWBL;0.823
285.00	288.00	RWBL;0.739
10.50	13.50	RUBL;0.626
27.00	31.50	RUBL;0.661
87.00	91.50	RUBL;0.708
144.00	148.50	RUBL;0.704
156.00	159.00	RUBL;0.689
226.50	231.00	RUBL;0.694
85.50	88.50	WTSP;0.562
