66.00	69.00	AMDI;0.507
301.50	304.50	AMDI;0.540
441.00	444.00	AMDI;0.614
202.50	205.50	AMGP;0.502
376.50	379.50	AMGP;0.569
19.50	24.00	AMRO;0.826
312.00	316.50	AMRO;0.609
325.50	328.50	AMRO;0.619
510.00	514.50	ATSP;0.958
348.00	351.00	AMWO;0.589
547.50	550.50	AMWO;0.559
138.00	141.00	BAOR;0.502
253.50	258.00	BAOR;0.695
241.50	244.50	BEWR;0.527
0.00	3.00	BLOY;0.500
184.50	189.00	BLOY;0.500
193.50	196.50	BLOY;0.817
249.00	253.50	BLOY;0.744
273.00	276.00	BLOY;0.500
286.50	291.00	BLOY;0.620
309.00	313.50	BLOY;0.884
325.50	330.00	BLOY;0.663
373.50	376.50	BLOY;0.817
411.00	415.50	BLOY;0.500
438.00	441.00	BLOY;0.516
453.00	457.50	BLOY;0.963
463.50	466.50	BLOY;0.500
249.00	253.50	BBPL;0.559
327.00	330.00	BBPL;0.672
373.50	378.00	BBPL;0.664
460.50	465.00	BBPL;0.757
237.00	240.00	BRSP;0.515
88.50	91.50	BRCR;0.747
112.50	118.50	BRCR;0.914
169.50	174.00	CHSW;0.647
190.50	195.00	CHSW;0.632
204.00	207.00	CHSW;0.557
273.00	276.00	CHSW;0.594
303.00	307.50	CHSW;0.736
334.50	337.50	CHSW;0.576
340.50	343.50	CHSW;0.509
352.50	355.50	CHSW;0.652
358.50	361.50	CHSW;0.593
399.00	402.00	CHSW;0.653
34.50	40.50	CHSP;0.922
87.00	91.50	CHSP;0.634
121.50	124.50	CHSP;0.500
189.00	192.00	CHSP;0.500
237.00	243.00	CHSP;0.574
273.00	276.00	CHSP;0.500
289.50	294.00	CHSP;0.500
298.50	303.00	CHSP;0.500
363.00	366.00	CHSP;0.500
415.50	421.50	CHSP;0.871
484.50	489.00	CHSP;0.913
493.50	496.50	CHSP;0.500
556.50	562.50	CHSP;0.910
568.50	573.00	CHSP;0.500
579.00	583.50	CHSP;0.829
591.00	597.00	CHSP;0.609
27.00	30.00	DEJU;0.564
88.50	91.50	DEJU;0.620
415.50	418.50	DEJU;0.506
19.50	22.50	DUNL;0.649
369.00	372.00	DUFL;0.502
136.50	141.00	EAME;0.695
484.50	487.50	EAME;0.732
78.00	82.50	EVGR;0.570
100.50	103.50	FISP;0.734
0.00	3.00	FOSP;0.762
15.00	19.50	FOSP;0.754
39.00	43.50	FOSP;0.930
60.00	66.00	FOSP;0.940
67.50	70.50	FOSP;0.514
78.00	82.50	FOSP;0.582
91.50	96.00	FOSP;0.500
138.00	141.00	FOSP;0.500
165.00	169.50	FOSP;0.920
331.50	336.00	FOSP;0.500
348.00	351.00	FOSP;0.500
109.50	112.50	GCSP;0.596
9.00	13.50	GWTE;0.550
97.50	100.50	HASP;0.556
103.50	106.50	HASP;0.694
151.50	154.50	HASP;0.654
435.00	438.00	HASP;0.714
529.50	532.50	HASP;0.639
54.00	57.00	HETH;0.512
460.50	463.50	HETH;0.545
135.00	138.00	HOWR;0.623
93.00	96.00	LASP;0.743
405.00	408.00	LASP;0.518
1.50	6.00	LISP;0.981
43.50	46.50	LISP;0.500
63.00	69.00	LISP;0.983
84.00	87.00	LISP;0.500
105.00	109.50	LISP;0.862
135.00	139.50	LISP;0.500
153.00	157.50	LISP;0.631
178.50	181.50	LISP;0.503
204.00	208.50	LISP;0.975
226.50	229.50	LISP;0.500
244.50	250.50	LISP;0.961
264.00	268.50	LISP;0.785
283.50	288.00	LISP;0.926
301.50	306.00	LISP;0.744
324.00	328.50	LISP;0.735
345.00	349.50	LISP;0.712
364.50	370.50	LISP;0.979
384.00	388.50	LISP;0.879
402.00	408.00	LISP;0.924
423.00	426.00	LISP;0.719
439.50	445.50	LISP;0.891
457.50	462.00	LISP;0.948
475.50	480.00	LISP;0.500
490.50	495.00	LISP;0.931
507.00	511.50	LISP;0.941
525.00	529.50	LISP;0.888
544.50	549.00	LISP;0.977
559.50	564.00	LISP;0.940
577.50	582.00	LISP;0.968
592.50	598.50	LISP;0.970
172.50	175.50	LOSH;0.682
370.50	373.50	MGWA;0.514
114.00	118.50	MAMU;0.543
349.50	352.50	MAMU;0.524
22.50	25.50	MOCH;0.514
30.00	33.00	MOCH;0.500
48.00	57.00	MOCH;0.935
58.50	61.50	MOCH;0.611
82.50	85.50	MOCH;0.554
88.50	91.50	MOCH;0.500
96.00	99.00	MOCH;0.730
103.50	106.50	MOCH;0.508
108.00	111.00	MOCH;0.500
147.00	151.50	MOCH;0.500
256.50	261.00	MOCH;0.500
315.00	319.50	MOCH;0.500
361.50	366.00	MOCH;0.717
426.00	429.00	MOCH;0.569
453.00	457.50	MOCH;0.500
468.00	471.00	MOCH;0.788
472.50	475.50	MOCH;0.634
484.50	487.50	MOCH;0.879
493.50	496.50	MOCH;0.500
522.00	526.50	MOCH;0.639
556.50	559.50	MOCH;0.500
586.50	591.00	MOCH;0.595
241.50	244.50	OCWA;0.550
333.00	336.00	OROR;0.531
339.00	342.00	PHVI;0.643
576.00	579.00	PHVI;0.614
477.00	480.00	PISI;0.610
195.00	198.00	PUFI;0.566
135.00	138.00	ROWR;0.768
421.50	424.50	ROWR;0.699
39.00	42.00	RUGR;0.673
49.50	52.50	RUGR;0.575
157.50	160.50	RUGR;0.510
363.00	367.50	RUGR;0.659
37.50	40.50	RUBL;0.676
73.50	76.50	RUBL;0.579
108.00	111.00	RUBL;0.523
321.00	324.00	RUBL;0.503
426.00	430.50	RUBL;0.561
453.00	456.00	RUBL;0.513
588.00	591.00	RUBL;0.595
0.00	3.00	SNBU;0.500
39.00	43.50	SNBU;0.500
60.00	64.50	SNBU;0.500
66.00	70.50	SNBU;0.849
78.00	82.50	SNBU;0.598
118.50	123.00	SNBU;0.939
136.50	139.50	SNBU;0.500
316.50	321.00	SNBU;0.734
331.50	334.50	SNBU;0.716
429.00	433.50	SNBU;0.500
483.00	487.50	SNBU;0.675
226.50	229.50	SOSP;0.548
36.00	39.00	SPSA;0.712
76.50	79.50	SPSA;0.773
115.50	118.50	SPGR;0.519
528.00	532.50	SPGR;0.814
534.00	537.00	SPGR;0.562
427.50	430.50	SWTH;0.588
214.50	217.50	SWSP;0.757
304.50	307.50	SWSP;0.667
333.00	336.00	SWSP;0.800
343.50	346.50	SWSP;0.518
352.50	355.50	SWSP;0.535
9.00	13.50	TOSO;0.665
540.00	544.50	WEFL;0.973
556.50	561.00	WEWP;0.626
85.50	88.50	WCSP;0.531
117.00	121.50	WCSP;0.967
168.00	171.00	WCSP;0.581
21.00	27.00	WTSP;0.938
30.00	37.50	WTSP;0.998
43.50	61.50	WTSP;0.997
69.00	75.00	WTSP;0.998
84.00	90.00	WTSP;0.931
93.00	103.50	WTSP;0.992
105.00	112.50	WTSP;0.956
114.00	120.00	WTSP;0.725
151.50	156.00	WTSP;0.500
276.00	280.50	WTSP;0.500
315.00	319.50	WTSP;0.500
423.00	429.00	WTSP;0.584
435.00	441.00	WTSP;0.995
448.50	460.50	WTSP;0.997
469.50	478.50	WTSP;0.998
481.50	487.50	WTSP;0.996
522.00	526.50	WTSP;0.868
529.50	535.50	WTSP;0.994
595.50	600.00	WTSP;0.988
109.50	112.50	WIWA;0.645
169.50	174.00	WIWA;0.500
180.00	184.50	WIWA;0.922
190.50	195.00	WIWA;0.500
202.50	205.50	WIWA;0.946
213.00	216.00	WIWA;0.500
222.00	225.00	WIWA;0.500
255.00	258.00	WIWA;0.523
274.50	279.00	WIWA;0.981
283.50	288.00	WIWA;0.943
292.50	297.00	WIWA;0.982
313.50	318.00	WIWA;0.988
322.50	327.00	WIWA;0.978
331.50	337.50	WIWA;0.528
340.50	346.50	WIWA;0.971
351.00	355.50	WIWA;0.903
360.00	364.50	WIWA;0.984
369.00	373.50	WIWA;0.901
378.00	382.50	WIWA;0.985
387.00	391.50	WIWA;0.961
396.00	400.50	WIWA;0.989
405.00	411.00	WIWA;0.987
460.50	463.50	WOTH;0.522
111.00	115.50	YRWA;0.815
130.50	135.00	YRWA;0.961
159.00	163.50	YRWA;0.979
193.50	198.00	YRWA;0.980
210.00	214.50	YRWA;0.961
247.50	252.00	YRWA;0.944
265.50	270.00	YRWA;0.873
300.00	303.00	YRWA;0.500
322.50	325.50	YRWA;0.500
427.50	432.00	YRWA;0.500
