78.00	81.00	AMDI;0.570
129.00	132.00	AMDI;0.632
243.00	247.50	AMDI;0.871
261.00	264.00	AMDI;0.593
196.50	201.00	BCCH;0.721
31.50	37.50	BRSP;0.612
51.00	54.00	BRSP;0.722
63.00	66.00	BRSP;0.582
70.50	73.50	BRSP;0.612
135.00	141.00	BRSP;0.759
223.50	226.50	BRSP;0.618
238.50	241.50	BRSP;0.602
243.00	250.50	BRSP;0.797
258.00	261.00	BRSP;0.553
19.50	22.50	CARW;0.538
0.00	9.00	CHSP;0.990
21.00	45.00	CHSP;0.993
46.50	54.00	CHSP;0.988
70.50	75.00	CHSP;0.576
81.00	84.00	CHSP;0.500
99.00	106.50	CHSP;0.757
109.50	115.50	CHSP;0.500
117.00	121.50	CHSP;0.500
124.50	129.00	CHSP;0.519
130.50	154.50	CHSP;0.981
156.00	165.00	CHSP;0.961
166.50	175.50	CHSP;0.987
183.00	189.00	CHSP;0.984
192.00	214.50	CHSP;0.983
217.50	222.00	CHSP;0.644
223.50	235.50	CHSP;0.981
238.50	259.50	CHSP;0.987
264.00	282.00	CHSP;0.933
283.50	288.00	CHSP;0.879
0.00	9.00	DEJU;0.533
58.50	61.50	DEJU;0.500
69.00	76.50	DEJU;0.742
81.00	85.50	DEJU;0.893
97.50	103.50	DEJU;0.781
109.50	129.00	DEJU;0.979
130.50	145.50	DEJU;0.891
150.00	156.00	DEJU;0.847
160.50	166.50	DEJU;0.902
169.50	177.00	DEJU;0.806
190.50	193.50	DEJU;0.500
195.00	207.00	DEJU;0.822
210.00	226.50	DEJU;0.721
228.00	231.00	DEJU;0.632
273.00	276.00	DEJU;0.500
15.00	18.00	EAME;0.511
64.50	67.50	EAME;0.531
139.50	142.50	EAME;0.579
157.50	160.50	EAME;0.504
214.50	219.00	EAME;0.687
270.00	274.50	EAME;0.642
184.50	187.50	EATO;0.515
40.50	43.50	FOSP;0.500
51.00	55.50	FOSP;0.500
64.50	69.00	FOSP;0.612
72.00	76.50	FOSP;0.500
87.00	91.50	FOSP;0.817
109.50	112.50	FOSP;0.500
118.50	121.50	FOSP;0.500
139.50	150.00	FOSP;0.806
153.00	162.00	FOSP;0.946
163.50	166.50	FOSP;0.567
168.00	172.50	FOSP;0.794
174.00	178.50	FOSP;0.745
181.50	186.00	FOSP;0.902
193.50	198.00	FOSP;0.688
204.00	211.50	FOSP;0.952
216.00	223.50	FOSP;0.960
231.00	237.00	FOSP;0.963
244.50	249.00	FOSP;0.981
252.00	256.50	FOSP;0.642
271.50	274.50	FOSP;0.604
277.50	282.00	FOSP;0.803
283.50	288.00	FOSP;0.674
10.50	15.00	GCSP;0.765
16.50	19.50	GCSP;0.569
24.00	28.50	GCSP;0.922
31.50	34.50	GCSP;0.595
37.50	42.00	GCSP;0.878
46.50	51.00	GCSP;0.616
60.00	72.00	GCSP;0.636
75.00	78.00	GCSP;0.500
81.00	85.50	GCSP;0.500
99.00	102.00	GCSP;0.500
130.50	136.50	GCSP;0.592
171.00	175.50	GCSP;0.658
178.50	183.00	GCSP;0.575
186.00	192.00	GCSP;0.798
196.50	201.00	GCSP;0.553
214.50	220.50	GCSP;0.617
237.00	240.00	GCSP;0.811
271.50	274.50	GCSP;0.500
276.00	279.00	GCSP;0.500
288.00	291.00	GCSP;0.500
295.50	300.00	GCSP;0.500
289.50	292.50	HASP;0.500
87.00	90.00	LASP;0.588
7.50	18.00	LISP;0.981
34.50	37.50	LISP;0.500
45.00	49.50	LISP;0.911
55.50	61.50	LISP;0.964
87.00	90.00	LISP;0.500
96.00	100.50	LISP;0.983
106.50	112.50	LISP;0.991
127.50	132.00	LISP;0.854
148.50	153.00	LISP;0.839
159.00	165.00	LISP;0.955
171.00	174.00	LISP;0.500
181.50	184.50	LISP;0.500
190.50	195.00	LISP;0.539
201.00	205.50	LISP;0.614
243.00	247.50	LISP;0.500
261.00	265.50	LISP;0.726
271.50	276.00	LISP;0.536
117.00	121.50	MAMU;0.696
6.00	9.00	MOCH;0.500
18.00	22.50	MOCH;0.758
40.50	43.50	MOCH;0.500
49.50	57.00	MOCH;0.570
96.00	99.00	MOCH;0.566
100.50	105.00	MOCH;0.500
111.00	115.50	MOCH;0.667
126.00	129.00	MOCH;0.612
133.50	136.50	MOCH;0.500
177.00	187.50	MOCH;0.945
189.00	192.00	MOCH;0.500
196.50	201.00	MOCH;0.500
229.50	232.50	MOCH;0.500
241.50	244.50	MOCH;0.854
250.50	253.50	MOCH;0.500
267.00	270.00	MOCH;0.500
274.50	277.50	MOCH;0.500
285.00	292.50	MOCH;0.500
295.50	298.50	MOCH;0.500
73.50	76.50	OCWA;0.868
82.50	85.50	OCWA;0.637
100.50	103.50	OCWA;0.551
120.00	123.00	OCWA;0.683
163.50	166.50	OCWA;0.529
174.00	177.00	OCWA;0.703
213.00	217.50	OCWA;0.636
222.00	225.00	OCWA;0.510
157.50	160.50	OROR;0.613
195.00	198.00	OROR;0.505
252.00	256.50	OROR;0.617
280.50	283.50	PHVI;0.663
79.50	88.50	PISI;0.970
90.00	97.50	PISI;0.983
193.50	196.50	PUFI;0.536
165.00	168.00	REVI;0.795
102.00	105.00	RUBL;0.522
15.00	19.50	SNBU;0.597
87.00	93.00	SNBU;0.810
174.00	178.50	SNBU;0.769
204.00	207.00	SNBU;0.568
243.00	246.00	SNBU;0.503
250.50	255.00	SNBU;0.563
43.50	46.50	SPTO;0.536
210.00	214.50	SWTH;0.938
289.50	292.50	VATH;0.556
7.50	10.50	WCSP;0.500
12.00	16.50	WCSP;0.987
18.00	22.50	WCSP;0.955
25.50	30.00	WCSP;0.990
31.50	36.00	WCSP;0.546
39.00	42.00	WCSP;0.594
46.50	51.00	WCSP;0.753
54.00	58.50	WCSP;0.987
60.00	72.00	WCSP;0.994
75.00	79.50	WCSP;0.998
81.00	88.50	WCSP;0.993
103.50	112.50	WCSP;0.968
115.50	120.00	WCSP;0.970
121.50	126.00	WCSP;0.991
130.50	138.00	WCSP;0.850
142.50	151.50	WCSP;0.986
163.50	166.50	WCSP;0.622
171.00	174.00	WCSP;0.500
175.50	183.00	WCSP;0.918
186.00	193.50	WCSP;0.993
211.50	219.00	WCSP;0.574
228.00	231.00	WCSP;0.500
235.50	243.00	WCSP;0.998
246.00	250.50	WCSP;0.500
256.50	261.00	WCSP;0.975
267.00	271.50	WCSP;0.983
276.00	280.50	WCSP;0.945
288.00	291.00	WCSP;0.521
294.00	300.00	WCSP;0.993
6.00	15.00	WTSP;0.704
16.50	22.50	WTSP;0.666
30.00	36.00	WTSP;0.739
42.00	46.50	WTSP;0.972
52.50	57.00	WTSP;0.951
60.00	69.00	WTSP;0.500
75.00	78.00	WTSP;0.500
82.50	85.50	WTSP;0.500
94.50	99.00	WTSP;0.964
102.00	109.50	WTSP;0.966
120.00	123.00	WTSP;0.500
126.00	129.00	WTSP;0.500
130.50	136.50	WTSP;0.500
141.00	144.00	WTSP;0.500
171.00	175.50	WTSP;0.500
178.50	184.50	WTSP;0.812
196.50	201.00	WTSP;0.628
213.00	216.00	WTSP;0.714
220.50	231.00	WTSP;0.943
237.00	241.50	WTSP;0.730
247.50	255.00	WTSP;0.978
264.00	279.00	WTSP;0.991
285.00	292.50	WTSP;0.982
295.50	298.50	WTSP;0.558
97.50	100.50	WWCR;0.503
202.50	207.00	WWCR;0.640
