427.50	430.50	AMDI;0.507
484.50	487.50	AMDI;0.516
550.50	553.50	AMDI;0.571
544.50	547.50	AMGP;0.636
112.50	117.00	AMRO;0.538
118.50	129.00	AMRO;0.850
138.00	154.50	AMRO;0.983
157.50	163.50	AMRO;0.943
174.00	178.50	AMRO;0.731
187.50	190.50	AMRO;0.746
333.00	336.00	AMRO;0.500
343.50	348.00	AMRO;0.524
357.00	361.50	AMRO;0.698
388.50	393.00	AMRO;0.500
400.50	405.00	AMRO;0.520
429.00	432.00	AMRO;0.500
450.00	457.50	AMRO;0.750
118.50	121.50	BAOR;0.529
139.50	142.50	BAOR;0.618
147.00	150.00	BAOR;0.692
201.00	204.00	BAOR;0.547
492.00	495.00	BAOR;0.596
16.50	19.50	BCCH;0.500
34.50	39.00	BCCH;0.599
72.00	76.50	BCCH;0.612
165.00	168.00	BCCH;0.500
312.00	316.50	BCCH;0.572
360.00	364.50	BCCH;0.902
384.00	388.50	BCCH;0.762
432.00	435.00	BCCH;0.500
456.00	460.50	BCCH;0.500
462.00	466.50	BCCH;0.765
478.50	483.00	BCCH;0.699
513.00	517.50	BCCH;0.806
522.00	525.00	BHGR;0.502
90.00	93.00	BLPW;0.646
522.00	525.00	BLPW;0.559
580.50	583.50	BLPW;0.615
64.50	67.50	BRSP;0.589
73.50	76.50	BRSP;0.588
79.50	84.00	BRSP;0.602
363.00	366.00	BRSP;0.633
511.50	519.00	BRSP;0.887
594.00	597.00	BRSP;0.581
91.50	96.00	CHSW;0.500
97.50	102.00	CHSW;0.716
241.50	244.50	CHSW;0.500
264.00	267.00	CHSW;0.500
283.50	288.00	CHSW;0.769
291.00	295.50	CHSW;0.931
313.50	318.00	CHSW;0.730
337.50	342.00	CHSW;0.572
346.50	351.00	CHSW;0.902
354.00	358.50	CHSW;0.597
361.50	364.50	CHSW;0.500
369.00	373.50	CHSW;0.500
385.50	390.00	CHSW;0.500
421.50	424.50	CHSW;0.500
427.50	432.00	CHSW;0.679
436.50	441.00	CHSW;0.500
445.50	450.00	CHSW;0.500
462.00	465.00	CHSW;0.510
469.50	474.00	CHSW;0.667
486.00	490.50	CHSW;0.500
591.00	597.00	CHSW;0.500
0.00	4.50	CHSP;0.877
6.00	12.00	CHSP;0.966
13.50	19.50	CHSP;0.968
22.50	28.50	CHSP;0.992
30.00	36.00	CHSP;0.984
39.00	45.00	CHSP;0.989
48.00	54.00	CHSP;0.919
57.00	70.50	CHSP;0.960
72.00	82.50	CHSP;0.929
84.00	90.00	CHSP;0.989
93.00	99.00	CHSP;0.977
102.00	108.00	CHSP;0.908
111.00	115.50	CHSP;0.806
118.50	123.00	CHSP;0.500
126.00	139.50	CHSP;0.978
141.00	145.50	CHSP;0.920
147.00	153.00	CHSP;0.996
154.50	166.50	CHSP;0.990
169.50	174.00	CHSP;0.989
175.50	181.50	CHSP;0.981
184.50	189.00	CHSP;0.982
190.50	196.50	CHSP;0.965
198.00	204.00	CHSP;0.891
205.50	211.50	CHSP;0.983
214.50	219.00	CHSP;0.968
220.50	225.00	CHSP;0.711
228.00	234.00	CHSP;0.989
235.50	241.50	CHSP;0.983
243.00	247.50	CHSP;0.928
250.50	255.00	CHSP;0.772
256.50	262.50	CHSP;0.840
264.00	270.00	CHSP;0.941
271.50	276.00	CHSP;0.904
277.50	283.50	CHSP;0.967
285.00	291.00	CHSP;0.976
292.50	298.50	CHSP;0.976
301.50	313.50	CHSP;0.985
316.50	322.50	CHSP;0.991
325.50	330.00	CHSP;0.936
333.00	337.50	CHSP;0.961
340.50	345.00	CHSP;0.961
348.00	354.00	CHSP;0.985
357.00	363.00	CHSP;0.858
364.50	369.00	CHSP;0.969
372.00	385.50	CHSP;0.990
387.00	393.00	CHSP;0.912
394.50	399.00	CHSP;0.922
402.00	406.50	CHSP;0.949
408.00	421.50	CHSP;0.992
423.00	430.50	CHSP;0.995
432.00	438.00	CHSP;0.978
441.00	447.00	CHSP;0.951
448.50	454.50	CHSP;0.979
456.00	462.00	CHSP;0.953
463.50	469.50	CHSP;0.988
471.00	477.00	CHSP;0.987
480.00	486.00	CHSP;0.963
487.50	493.50	CHSP;0.973
495.00	499.50	CHSP;0.819
502.50	507.00	CHSP;0.901
508.50	514.50	CHSP;0.985
516.00	522.00	CHSP;0.960
523.50	529.50	CHSP;0.983
531.00	537.00	CHSP;0.880
540.00	544.50	CHSP;0.652
547.50	552.00	CHSP;0.960
553.50	564.00	CHSP;0.989
565.50	571.50	CHSP;0.737
573.00	579.00	CHSP;0.976
580.50	585.00	CHSP;0.629
588.00	592.50	CHSP;0.977
594.00	600.00	CHSP;0.990
100.50	103.50	CCSP;0.509
210.00	216.00	CCSP;0.991
565.50	568.50	CCSP;0.585
0.00	4.50	DEJU;0.500
6.00	12.00	DEJU;0.500
13.50	19.50	DEJU;0.500
25.50	28.50	DEJU;0.500
33.00	36.00	DEJU;0.570
39.00	42.00	DEJU;0.612
43.50	46.50	DEJU;0.652
55.50	58.50	DEJU;0.593
60.00	63.00	DEJU;0.549
67.50	70.50	DEJU;0.500
73.50	76.50	DEJU;0.500
78.00	81.00	DEJU;0.500
87.00	90.00	DEJU;0.527
102.00	108.00	DEJU;0.740
109.50	115.50	DEJU;0.500
121.50	124.50	DEJU;0.714
129.00	145.50	DEJU;0.663
147.00	150.00	DEJU;0.500
151.50	160.50	DEJU;0.674
162.00	166.50	DEJU;0.588
168.00	171.00	DEJU;0.500
172.50	181.50	DEJU;0.551
187.50	193.50	DEJU;0.500
199.50	204.00	DEJU;0.500
205.50	211.50	DEJU;0.500
217.50	223.50	DEJU;0.596
228.00	235.50	DEJU;0.500
243.00	249.00	DEJU;0.501
253.50	262.50	DEJU;0.506
264.00	270.00	DEJU;0.500
271.50	280.50	DEJU;0.500
292.50	298.50	DEJU;0.500
304.50	310.50	DEJU;0.504
316.50	319.50	DEJU;0.500
324.00	327.00	DEJU;0.500
330.00	342.00	DEJU;0.717
348.00	351.00	DEJU;0.633
355.50	363.00	DEJU;0.540
367.50	373.50	DEJU;0.500
375.00	378.00	DEJU;0.551
382.50	385.50	DEJU;0.558
387.00	399.00	DEJU;0.841
405.00	421.50	DEJU;0.966
423.00	426.00	DEJU;0.500
427.50	430.50	DEJU;0.500
432.00	435.00	DEJU;0.500
436.50	439.50	DEJU;0.500
444.00	447.00	DEJU;0.809
448.50	454.50	DEJU;0.500
456.00	462.00	DEJU;0.540
463.50	469.50	DEJU;0.578
474.00	477.00	DEJU;0.516
483.00	486.00	DEJU;0.500
487.50	493.50	DEJU;0.571
498.00	507.00	DEJU;0.839
516.00	522.00	DEJU;0.566
523.50	526.50	DEJU;0.660
532.50	541.50	DEJU;0.938
543.00	549.00	DEJU;0.723
558.00	562.50	DEJU;0.500
565.50	571.50	DEJU;0.833
576.00	579.00	DEJU;0.500
583.50	586.50	DEJU;0.572
589.50	594.00	DEJU;0.537
108.00	111.00	EABL;0.506
19.50	22.50	EAME;0.523
135.00	138.00	EAME;0.510
258.00	261.00	EAME;0.580
340.50	343.50	EAME;0.604
538.50	543.00	EAME;0.619
562.50	565.50	EAME;0.576
349.50	352.50	EATO;0.591
558.00	561.00	EATO;0.632
0.00	3.00	FOSP;0.500
10.50	18.00	FOSP;0.958
21.00	25.50	FOSP;0.967
30.00	33.00	FOSP;0.500
34.50	40.50	FOSP;0.809
45.00	51.00	FOSP;0.940
67.50	75.00	FOSP;0.878
78.00	81.00	FOSP;0.500
118.50	123.00	FOSP;0.559
133.50	136.50	FOSP;0.500
148.50	153.00	FOSP;0.500
193.50	198.00	FOSP;0.625
202.50	205.50	FOSP;0.500
213.00	217.50	FOSP;0.607
226.50	231.00	FOSP;0.642
234.00	241.50	FOSP;0.823
249.00	253.50	FOSP;0.529
258.00	264.00	FOSP;0.794
265.50	273.00	FOSP;0.772
274.50	283.50	FOSP;0.500
289.50	294.00	FOSP;0.775
310.50	313.50	FOSP;0.500
319.50	324.00	FOSP;0.723
330.00	334.50	FOSP;0.808
342.00	346.50	FOSP;0.862
351.00	354.00	FOSP;0.530
367.50	372.00	FOSP;0.817
378.00	382.50	FOSP;0.965
391.50	396.00	FOSP;0.945
403.50	406.50	FOSP;0.500
418.50	423.00	FOSP;0.981
439.50	444.00	FOSP;0.749
457.50	462.00	FOSP;0.559
469.50	474.00	FOSP;0.500
475.50	480.00	FOSP;0.812
490.50	495.00	FOSP;0.750
504.00	508.50	FOSP;0.738
528.00	534.00	FOSP;0.627
541.50	544.50	FOSP;0.558
550.50	555.00	FOSP;0.812
561.00	565.50	FOSP;0.773
570.00	576.00	FOSP;0.802
585.00	589.50	FOSP;0.709
19.50	24.00	GCSP;0.792
33.00	36.00	GCSP;0.927
55.50	60.00	GCSP;0.541
61.50	67.50	GCSP;0.932
169.50	172.50	GCSP;0.500
453.00	456.00	GCSP;0.500
493.50	496.50	GRCA;0.588
3.00	9.00	HETH;0.500
18.00	21.00	HETH;0.813
49.50	54.00	HETH;0.519
55.50	60.00	HETH;0.500
73.50	78.00	HETH;0.586
88.50	91.50	HETH;0.738
127.50	130.50	HETH;0.500
177.00	180.00	HETH;0.648
217.50	220.50	HETH;0.500
255.00	259.50	HETH;0.821
313.50	319.50	HETH;0.564
336.00	340.50	HETH;0.575
360.00	364.50	HETH;0.515
385.50	388.50	HETH;0.500
402.00	406.50	HETH;0.668
426.00	429.00	HETH;0.500
436.50	445.50	HETH;0.889
453.00	460.50	HETH;0.787
463.50	466.50	HETH;0.500
472.50	475.50	HETH;0.500
478.50	484.50	HETH;0.926
526.50	534.00	HETH;0.596
544.50	547.50	HETH;0.500
558.00	562.50	HETH;0.500
570.00	573.00	HOLA;0.509
217.50	220.50	HOWR;0.543
306.00	310.50	LASP;0.765
352.50	357.00	LASP;0.604
12.00	16.50	LISP;0.767
27.00	31.50	LISP;0.718
63.00	66.00	LISP;0.500
69.00	75.00	LISP;0.500
78.00	88.50	LISP;0.590
99.00	103.50	LISP;0.500
186.00	190.50	LISP;0.510
282.00	288.00	LISP;0.577
289.50	294.00	LISP;0.500
304.50	309.00	LISP;0.889
321.00	325.50	LISP;0.921
330.00	333.00	LISP;0.570
354.00	360.00	LISP;0.500
363.00	366.00	LISP;0.524
367.50	370.50	LISP;0.500
400.50	405.00	LISP;0.941
427.50	433.50	LISP;0.500
439.50	442.50	LISP;0.500
484.50	487.50	LISP;0.500
546.00	552.00	LISP;0.762
567.00	571.50	LISP;0.500
406.50	409.50	LBCU;0.541
502.50	505.50	MAMU;0.666
106.50	111.00	MOBL;0.847
391.50	394.50	MOBL;0.606
405.00	408.00	MOBL;0.726
468.00	472.50	MOBL;0.594
16.50	19.50	MOCH;0.500
88.50	91.50	MOCH;0.561
177.00	180.00	MOCH;0.500
234.00	237.00	MOCH;0.500
255.00	259.50	MOCH;0.795
315.00	319.50	MOCH;0.889
333.00	336.00	MOCH;0.500
346.50	351.00	MOCH;0.500
397.50	400.50	MOCH;0.500
424.50	427.50	MOCH;0.500
453.00	457.50	MOCH;0.591
462.00	465.00	MOCH;0.500
498.00	502.50	MOCH;0.907
526.50	531.00	MOCH;0.689
273.00	277.50	NOCA;0.627
288.00	291.00	NOCA;0.511
139.50	142.50	OCWA;0.654
1.50	4.50	OROR;0.659
120.00	123.00	OROR;0.648
259.50	262.50	OROR;0.514
394.50	397.50	OROR;0.531
457.50	460.50	OROR;0.625
492.00	495.00	OROR;0.656
6.00	12.00	PAWA;0.687
16.50	19.50	PAWA;0.664
28.50	31.50	PAWA;0.500
33.00	36.00	PAWA;0.500
48.00	54.00	PAWA;0.623
58.50	61.50	PAWA;0.500
64.50	70.50	PAWA;0.557
73.50	76.50	PAWA;0.500
84.00	87.00	PAWA;0.500
93.00	99.00	PAWA;0.500
102.00	105.00	PAWA;0.500
108.00	115.50	PAWA;0.500
120.00	123.00	PAWA;0.500
126.00	135.00	PAWA;0.500
154.50	160.50	PAWA;0.500
205.50	211.50	PAWA;0.828
213.00	216.00	PAWA;0.500
220.50	226.50	PAWA;0.533
238.50	241.50	PAWA;0.500
243.00	247.50	PAWA;0.500
250.50	255.00	PAWA;0.544
256.50	259.50	PAWA;0.500
264.00	270.00	PAWA;0.836
285.00	288.00	PAWA;0.776
295.50	298.50	PAWA;0.500
301.50	307.50	PAWA;0.500
316.50	319.50	PAWA;0.500
325.50	330.00	PAWA;0.500
340.50	343.50	PAWA;0.500
358.50	361.50	PAWA;0.531
408.00	411.00	PAWA;0.500
414.00	417.00	PAWA;0.500
463.50	466.50	PAWA;0.500
480.00	486.00	PAWA;0.627
496.50	499.50	PAWA;0.500
501.00	505.50	PAWA;0.635
508.50	514.50	PAWA;0.500
516.00	519.00	PAWA;0.500
532.50	538.50	PAWA;0.500
540.00	544.50	PAWA;0.635
547.50	552.00	PAWA;0.500
565.50	571.50	PAWA;0.500
576.00	579.00	PAWA;0.500
580.50	585.00	PAWA;0.805
597.00	600.00	PAWA;0.500
202.50	205.50	PIGR;0.621
252.00	255.00	PIGR;0.596
423.00	427.50	PIGR;0.700
36.00	39.00	PUFI;0.517
193.50	198.00	PUFI;0.606
226.50	229.50	PUFI;0.626
276.00	279.00	PUFI;0.520
283.50	286.50	PUFI;0.689
345.00	348.00	PUFI;0.540
417.00	420.00	PUFI;0.619
427.50	432.00	PUFI;0.836
79.50	82.50	REVI;0.537
111.00	117.00	RBGR;0.701
138.00	141.00	RBGR;0.650
151.50	154.50	RBGR;0.530
244.50	249.00	RUTU;0.633
166.50	169.50	SAPH;0.533
148.50	153.00	SNBU;0.717
193.50	196.50	SNBU;0.535
226.50	229.50	SNBU;0.683
274.50	277.50	SNBU;0.553
279.00	283.50	SNBU;0.775
298.50	303.00	SNBU;0.559
319.50	322.50	SNBU;0.519
541.50	546.00	SNBU;0.697
570.00	574.50	SNBU;0.553
399.00	402.00	SOSA;0.572
291.00	294.00	SOSP;0.554
435.00	438.00	SPSA;0.589
253.50	256.50	SWSP;0.586
268.50	271.50	SWSP;0.507
315.00	318.00	SWSP;0.530
337.50	342.00	SWSP;0.679
109.50	112.50	TOSO;0.631
124.50	127.50	TOSO;0.500
199.50	202.50	TOSO;0.536
250.50	253.50	VESP;0.504
586.50	589.50	VESP;0.526
444.00	447.00	WEME;0.618
37.50	42.00	WCSP;0.719
238.50	241.50	WCSP;0.757
333.00	336.00	WCSP;0.573
504.00	508.50	WCSP;0.720
585.00	589.50	WCSP;0.704
312.00	315.00	WTSP;0.501
100.50	103.50	WILL;0.563
91.50	96.00	WIWA;0.849
99.00	102.00	WIWA;0.541
105.00	109.50	WIWA;0.934
136.50	141.00	WIWA;0.877
142.50	147.00	WIWA;0.991
151.50	156.00	WIWA;0.988
163.50	168.00	WIWA;0.993
172.50	178.50	WIWA;0.990
181.50	187.50	WIWA;0.989
189.00	193.50	WIWA;0.988
198.00	202.50	WIWA;0.841
213.00	217.50	WIWA;0.853
222.00	226.50	WIWA;0.781
232.50	235.50	WIWA;0.734
246.00	252.00	WIWA;0.992
253.50	258.00	WIWA;0.924
261.00	265.50	WIWA;0.967
268.50	273.00	WIWA;0.579
276.00	280.50	WIWA;0.710
298.50	303.00	WIWA;0.918
313.50	316.50	WIWA;0.500
493.50	498.00	WIWA;0.786
556.50	561.00	WIWA;0.891
568.50	571.50	WIWA;0.500
580.50	583.50	WIWA;0.500
592.50	597.00	WIWA;0.986
