81.00	84.00	AMGP;0.597
114.00	118.50	AMGP;0.570
133.50	136.50	AMGP;0.737
153.00	156.00	AMGP;0.519
238.50	241.50	AMGP;0.647
259.50	264.00	AMGP;0.712
285.00	288.00	AMGP;0.551
75.00	78.00	AMRO;0.550
144.00	147.00	AMRO;0.699
268.50	273.00	AMRO;0.639
294.00	297.00	AMRO;0.581
15.00	18.00	BLOY;0.557
1.50	4.50	BCCH;0.552
18.00	21.00	BCCH;0.587
34.50	37.50	BRSP;0.657
64.50	67.50	CHSW;0.568
42.00	46.50	FISP;0.588
114.00	118.50	FISP;0.661
139.50	142.50	FISP;0.530
270.00	273.00	FISP;0.544
3.00	7.50	FOSP;0.901
70.50	76.50	FOSP;0.914
4.50	9.00	GCSP;0.636
19.50	22.50	GCSP;0.513
37.50	42.00	GCSP;0.958
109.50	112.50	GCSP;0.590
154.50	159.00	GCSP;0.692
57.00	60.00	HASP;0.525
162.00	165.00	HASP;0.525
222.00	225.00	HASP;0.579
247.50	250.50	HASP;0.799
111.00	114.00	INBU;0.737
37.50	42.00	LISP;0.813
52.50	57.00	LISP;0.868
178.50	183.00	LISP;0.875
189.00	193.50	LISP;0.753
244.50	247.50	LOSH;0.699
19.50	24.00	MAMU;0.557
75.00	81.00	MAMU;0.770
88.50	93.00	MAMU;0.752
97.50	102.00	MAMU;0.654
118.50	123.00	MAMU;0.500
133.50	136.50	MAMU;0.500
156.00	163.50	MAMU;0.500
168.00	175.50	MAMU;0.776
193.50	198.00	MAMU;0.519
207.00	210.00	MAMU;0.500
228.00	232.50	MAMU;0.500
243.00	246.00	MAMU;0.500
250.50	255.00	MAMU;0.733
264.00	268.50	MAMU;0.763
276.00	280.50	MAMU;0.500
291.00	295.50	MAMU;0.843
1.50	4.50	MOCH;0.500
15.00	22.50	MOCH;0.754
36.00	39.00	MOCH;0.695
43.50	46.50	MOCH;0.500
49.50	55.50	MOCH;0.657
61.50	72.00	MOCH;0.794
87.00	90.00	MOCH;0.500
100.50	103.50	MOCH;0.500
124.50	130.50	MOCH;0.661
132.00	135.00	MOCH;0.726
136.50	139.50	MOCH;0.621
153.00	157.50	MOCH;0.500
159.00	162.00	MOCH;0.500
166.50	169.50	MOCH;0.663
181.50	184.50	MOCH;0.500
189.00	192.00	MOCH;0.794
193.50	196.50	MOCH;0.500
199.50	202.50	MOCH;0.500
213.00	216.00	MOCH;0.500
220.50	223.50	MOCH;0.543
258.00	261.00	MOCH;0.825
283.50	291.00	MOCH;0.846
82.50	85.50	OSPR;0.604
228.00	231.00	PUFI;0.506
240.00	243.00	PUFI;0.589
67.50	72.00	RUGR;0.604
150.00	153.00	SNBU;0.508
240.00	243.00	SNBU;0.650
51.00	54.00	SPSA;0.514
237.00	240.00	SWHA;0.568
147.00	150.00	SWSP;0.564
175.50	178.50	SWSP;0.580
12.00	19.50	VATH;0.764
24.00	30.00	VATH;0.653
33.00	39.00	VATH;0.867
40.50	45.00	VATH;0.500
46.50	51.00	VATH;0.500
57.00	60.00	VATH;0.500
66.00	69.00	VATH;0.500
105.00	112.50	VATH;0.786
117.00	124.50	VATH;0.623
130.50	135.00	VATH;0.921
150.00	154.50	VATH;0.500
160.50	165.00	VATH;0.685
177.00	181.50	VATH;0.755
183.00	186.00	VATH;0.500
195.00	199.50	VATH;0.728
201.00	205.50	VATH;0.668
226.50	229.50	VATH;0.500
240.00	244.50	VATH;0.500
255.00	262.50	VATH;0.972
285.00	289.50	VATH;0.909
295.50	300.00	VATH;0.987
217.50	220.50	VESP;0.592
97.50	100.50	VGSW;0.683
6.00	10.50	WCSP;0.979
12.00	15.00	WCSP;0.500
19.50	24.00	WCSP;0.973
31.50	39.00	WCSP;0.963
45.00	49.50	WCSP;0.966
60.00	63.00	WCSP;0.500
64.50	67.50	WCSP;0.545
69.00	73.50	WCSP;0.627
79.50	85.50	WCSP;0.696
99.00	103.50	WCSP;0.964
111.00	114.00	WCSP;0.500
121.50	126.00	WCSP;0.938
133.50	138.00	WCSP;0.641
162.00	165.00	WCSP;0.500
168.00	172.50	WCSP;0.931
180.00	184.50	WCSP;0.929
190.50	196.50	WCSP;0.994
205.50	210.00	WCSP;0.979
217.50	222.00	WCSP;0.894
229.50	234.00	WCSP;0.982
241.50	246.00	WCSP;0.965
253.50	258.00	WCSP;0.980
265.50	270.00	WCSP;0.500
277.50	282.00	WCSP;0.973
289.50	294.00	WCSP;0.964
0.00	72.00	WTSP;0.996
79.50	84.00	WTSP;0.880
87.00	91.50	WTSP;0.934
97.50	133.50	WTSP;0.996
136.50	172.50	WTSP;0.997
177.00	192.00	WTSP;0.993
196.50	228.00	WTSP;0.998
231.00	238.50	WTSP;0.997
243.00	261.00	WTSP;0.999
262.50	292.50	WTSP;0.998
294.00	300.00	WTSP;0.766
1.50	6.00	WIWA;0.872
12.00	16.50	WIWA;0.908
22.50	27.00	WIWA;0.971
43.50	48.00	WIWA;0.810
54.00	58.50	WIWA;0.805
66.00	70.50	WIWA;0.926
75.00	79.50	WIWA;0.979
85.50	90.00	WIWA;0.986
94.50	99.00	WIWA;0.983
106.50	109.50	WIWA;0.500
115.50	120.00	WIWA;0.815
126.00	129.00	WIWA;0.500
135.00	139.50	WIWA;0.984
145.50	150.00	WIWA;0.834
154.50	159.00	WIWA;0.674
166.50	171.00	WIWA;0.952
175.50	180.00	WIWA;0.752
186.00	190.50	WIWA;0.973
195.00	199.50	WIWA;0.947
225.00	229.50	WIWA;0.930
235.50	240.00	WIWA;0.728
246.00	250.50	WIWA;0.770
255.00	259.50	WIWA;0.500
276.00	280.50	WIWA;0.932
