87.00	91.50	AMRO;0.914
132.00	139.50	AMRO;0.687
516.00	519.00	AMRO;0.677
535.50	538.50	AMRO;0.603
568.50	574.50	AMRO;0.651
39.00	42.00	BCCH;0.629
120.00	123.00	BCCH;0.624
141.00	144.00	BCCH;0.709
183.00	186.00	BCCH;0.608
286.50	289.50	BCCH;0.676
240.00	244.50	BTNW;0.753
31.50	34.50	BRSP;0.543
88.50	93.00	BRSP;0.622
111.00	114.00	BRSP;0.513
189.00	192.00	BRSP;0.665
219.00	222.00	BRSP;0.606
279.00	282.00	BRSP;0.526
312.00	315.00	BRSP;0.634
531.00	535.50	BRSP;0.876
537.00	540.00	BRSP;0.545
222.00	225.00	BUOR;0.524
81.00	84.00	CHSW;0.747
1.50	6.00	CHSP;0.982
10.50	15.00	CHSP;0.983
19.50	24.00	CHSP;0.956
28.50	34.50	CHSP;0.988
39.00	42.00	CHSP;0.500
57.00	61.50	CHSP;0.927
66.00	72.00	CHSP;0.978
78.00	84.00	CHSP;0.943
87.00	91.50	CHSP;0.918
96.00	102.00	CHSP;0.983
108.00	112.50	CHSP;0.987
115.50	121.50	CHSP;0.993
126.00	130.50	CHSP;0.978
135.00	141.00	CHSP;0.992
145.50	151.50	CHSP;0.990
157.50	160.50	CHSP;0.651
165.00	171.00	CHSP;0.978
177.00	181.50	CHSP;0.615
187.50	192.00	CHSP;0.982
195.00	201.00	CHSP;0.985
208.50	211.50	CHSP;0.500
217.50	222.00	CHSP;0.662
228.00	232.50	CHSP;0.730
237.00	243.00	CHSP;0.986
247.50	253.50	CHSP;0.979
258.00	262.50	CHSP;0.976
267.00	271.50	CHSP;0.953
277.50	282.00	CHSP;0.583
285.00	291.00	CHSP;0.975
294.00	300.00	CHSP;0.639
303.00	309.00	CHSP;0.973
316.50	321.00	CHSP;0.906
330.00	334.50	CHSP;0.850
337.50	343.50	CHSP;0.968
349.50	355.50	CHSP;0.865
358.50	364.50	CHSP;0.969
367.50	373.50	CHSP;0.977
376.50	382.50	CHSP;0.973
385.50	391.50	CHSP;0.980
394.50	400.50	CHSP;0.991
403.50	409.50	CHSP;0.985
412.50	418.50	CHSP;0.976
421.50	427.50	CHSP;0.977
430.50	436.50	CHSP;0.975
439.50	447.00	CHSP;0.983
451.50	457.50	CHSP;0.976
460.50	465.00	CHSP;0.729
471.00	477.00	CHSP;0.989
481.50	487.50	CHSP;0.957
490.50	496.50	CHSP;0.994
499.50	505.50	CHSP;0.990
508.50	516.00	CHSP;0.983
519.00	525.00	CHSP;0.988
528.00	534.00	CHSP;0.979
538.50	544.50	CHSP;0.988
547.50	553.50	CHSP;0.984
556.50	564.00	CHSP;0.988
577.50	582.00	CHSP;0.879
589.50	595.50	CHSP;0.827
19.50	22.50	CCSP;0.697
57.00	60.00	DEJU;0.759
460.50	463.50	DEJU;0.693
147.00	150.00	EAME;0.538
420.00	423.00	EAME;0.609
490.50	493.50	EAME;0.641
520.50	523.50	EAME;0.650
114.00	118.50	EVGR;0.813
4.50	9.00	FISP;0.704
15.00	18.00	FISP;0.545
33.00	37.50	FISP;0.644
108.00	111.00	FISP;0.548
169.50	172.50	FISP;0.564
201.00	204.00	FISP;0.627
21.00	25.50	FOSP;0.894
52.50	55.50	FOSP;0.500
58.50	63.00	FOSP;0.969
70.50	75.00	FOSP;0.500
79.50	85.50	FOSP;0.982
90.00	94.50	FOSP;0.695
100.50	105.00	FOSP;0.802
114.00	117.00	FOSP;0.500
124.50	127.50	FOSP;0.638
133.50	136.50	FOSP;0.684
147.00	151.50	FOSP;0.946
157.50	160.50	FOSP;0.802
168.00	171.00	FOSP;0.500
189.00	193.50	FOSP;0.781
208.50	211.50	FOSP;0.500
220.50	223.50	FOSP;0.500
237.00	241.50	FOSP;0.625
244.50	249.00	FOSP;0.631
268.50	273.00	FOSP;0.714
307.50	310.50	FOSP;0.772
327.00	331.50	FOSP;0.691
334.50	339.00	FOSP;0.500
342.00	346.50	FOSP;0.500
355.50	364.50	FOSP;0.961
369.00	375.00	FOSP;0.944
382.50	388.50	FOSP;0.919
397.50	403.50	FOSP;0.955
414.00	418.50	FOSP;0.955
420.00	424.50	FOSP;0.500
427.50	433.50	FOSP;0.820
444.00	450.00	FOSP;0.602
477.00	481.50	FOSP;0.864
492.00	499.50	FOSP;0.598
510.00	514.50	FOSP;0.778
520.50	531.00	FOSP;0.888
574.50	579.00	FOSP;0.697
583.50	588.00	FOSP;0.500
589.50	594.00	FOSP;0.500
7.50	10.50	GCSP;0.763
16.50	19.50	GCSP;0.528
103.50	106.50	GCSP;0.584
267.00	270.00	GCSP;0.510
279.00	282.00	GCSP;0.521
295.50	298.50	GCSP;0.696
304.50	309.00	GCSP;0.670
313.50	318.00	GCSP;0.679
331.50	334.50	GCSP;0.730
496.50	499.50	GCSP;0.563
39.00	42.00	HASP;0.518
286.50	289.50	HASP;0.689
250.50	253.50	HETH;0.507
427.50	430.50	HETH;0.689
444.00	448.50	HETH;0.738
495.00	498.00	HETH;0.599
186.00	189.00	LOSH;0.588
138.00	142.50	MAMU;0.572
244.50	247.50	MOCH;0.506
519.00	522.00	MOCH;0.540
6.00	9.00	NOPA;0.788
36.00	39.00	OSFL;0.526
307.50	310.50	OCWA;0.510
435.00	438.00	OCWA;0.537
556.50	559.50	OCWA;0.547
492.00	495.00	OROR;0.523
112.50	115.50	PUFI;0.545
213.00	216.00	RWBL;0.538
217.50	220.50	RWBL;0.656
78.00	81.00	ROWR;0.562
195.00	198.00	ROWR;0.523
561.00	564.00	ROWR;0.609
28.50	31.50	RUGR;0.508
204.00	207.00	RUGR;0.524
472.50	475.50	RUGR;0.564
559.50	562.50	RUGR;0.515
262.50	265.50	RUBL;0.601
298.50	301.50	RUBL;0.561
547.50	550.50	RUBL;0.519
12.00	16.50	SNBU;0.833
43.50	48.00	SNBU;0.544
220.50	223.50	SNBU;0.596
447.00	450.00	SNBU;0.729
118.50	121.50	TOSO;0.755
243.00	246.00	TOWA;0.829
4.50	7.50	VATH;0.556
30.00	37.50	VATH;0.676
54.00	58.50	VATH;0.713
61.50	64.50	VATH;0.863
82.50	85.50	VATH;0.529
97.50	100.50	VATH;0.576
102.00	105.00	VATH;0.500
109.50	114.00	VATH;0.939
117.00	120.00	VATH;0.500
124.50	129.00	VATH;0.903
145.50	148.50	VATH;0.500
150.00	154.50	VATH;0.854
160.50	165.00	VATH;0.500
172.50	175.50	VATH;0.500
183.00	186.00	VATH;0.500
211.50	217.50	VATH;0.820
219.00	222.00	VATH;0.500
232.50	237.00	VATH;0.879
261.00	265.50	VATH;0.836
301.50	306.00	VATH;0.960
316.50	324.00	VATH;0.850
334.50	337.50	VATH;0.500
364.50	369.00	VATH;0.903
373.50	376.50	VATH;0.500
409.50	420.00	VATH;0.810
424.50	429.00	VATH;0.691
474.00	478.50	VATH;0.707
484.50	487.50	VATH;0.559
529.50	534.00	VATH;0.647
537.00	541.50	VATH;0.971
559.50	562.50	VATH;0.500
564.00	568.50	VATH;0.934
573.00	577.50	VATH;0.500
591.00	595.50	VATH;0.881
241.50	246.00	VASW;0.769
124.50	127.50	VESP;0.609
0.00	3.00	WCSP;0.994
7.50	13.50	WCSP;0.990
16.50	22.50	WCSP;0.993
25.50	36.00	WCSP;0.992
40.50	45.00	WCSP;0.993
48.00	55.50	WCSP;0.996
60.00	79.50	WCSP;0.996
84.00	97.50	WCSP;0.994
99.00	117.00	WCSP;0.995
120.00	126.00	WCSP;0.997
127.50	133.50	WCSP;0.993
139.50	147.00	WCSP;0.995
151.50	168.00	WCSP;1.000
174.00	178.50	WCSP;0.994
184.50	189.00	WCSP;0.995
192.00	211.50	WCSP;1.000
214.50	222.00	WCSP;0.995
223.50	234.00	WCSP;0.993
238.50	244.50	WCSP;0.998
252.00	258.00	WCSP;0.997
264.00	285.00	WCSP;0.997
288.00	292.50	WCSP;0.996
295.50	319.50	WCSP;0.995
324.00	330.00	WCSP;0.997
333.00	346.50	WCSP;0.987
348.00	352.50	WCSP;0.945
355.50	360.00	WCSP;0.578
370.50	375.00	WCSP;0.500
381.00	387.00	WCSP;0.862
396.00	403.50	WCSP;0.892
409.50	415.50	WCSP;0.988
429.00	433.50	WCSP;0.500
445.50	450.00	WCSP;0.808
466.50	472.50	WCSP;0.991
480.00	484.50	WCSP;0.980
495.00	502.50	WCSP;0.989
505.50	510.00	WCSP;0.973
513.00	516.00	WCSP;0.500
517.50	520.50	WCSP;0.500
525.00	529.50	WCSP;0.985
543.00	547.50	WCSP;0.978
555.00	559.50	WCSP;0.974
570.00	576.00	WCSP;0.992
586.50	592.50	WCSP;0.989
4.50	7.50	WTSP;0.500
15.00	19.50	WTSP;0.974
45.00	49.50	WTSP;0.817
61.50	64.50	WTSP;0.763
103.50	106.50	WTSP;0.500
109.50	112.50	WTSP;0.500
153.00	156.00	WTSP;0.567
168.00	177.00	WTSP;0.854
193.50	196.50	WTSP;0.500
205.50	214.50	WTSP;0.989
216.00	219.00	WTSP;0.500
232.50	235.50	WTSP;0.500
259.50	265.50	WTSP;0.666
270.00	274.50	WTSP;0.681
304.50	307.50	WTSP;0.500
315.00	319.50	WTSP;0.644
331.50	334.50	WTSP;0.500
352.50	357.00	WTSP;0.738
390.00	396.00	WTSP;0.992
408.00	412.50	WTSP;0.989
421.50	426.00	WTSP;0.500
432.00	435.00	WTSP;0.500
438.00	442.50	WTSP;0.983
450.00	457.50	WTSP;0.962
466.50	469.50	WTSP;0.500
487.50	492.00	WTSP;0.721
496.50	499.50	WTSP;0.500
502.50	507.00	WTSP;0.849
514.50	520.50	WTSP;0.832
546.00	549.00	WTSP;0.759
576.00	583.50	WTSP;0.981
595.50	600.00	WTSP;0.979
22.50	25.50	WIWA;0.500
43.50	46.50	WIWA;0.525
54.00	58.50	WIWA;0.977
72.00	76.50	WIWA;0.992
82.50	87.00	WIWA;0.983
118.50	123.00	WIWA;0.976
130.50	135.00	WIWA;0.992
145.50	148.50	WIWA;0.829
156.00	160.50	WIWA;0.917
169.50	175.50	WIWA;0.990
208.50	213.00	WIWA;0.989
222.00	225.00	WIWA;0.500
234.00	240.00	WIWA;0.989
246.00	250.50	WIWA;0.985
256.50	261.00	WIWA;0.987
268.50	273.00	WIWA;0.975
282.00	286.50	WIWA;0.982
294.00	298.50	WIWA;0.985
306.00	310.50	WIWA;0.946
318.00	322.50	WIWA;0.983
330.00	334.50	WIWA;0.961
340.50	345.00	WIWA;0.986
351.00	357.00	WIWA;0.987
361.50	367.50	WIWA;0.992
375.00	379.50	WIWA;0.990
387.00	391.50	WIWA;0.957
400.50	406.50	WIWA;0.991
418.50	423.00	WIWA;0.989
433.50	438.00	WIWA;0.977
448.50	454.50	WIWA;0.989
462.00	468.00	WIWA;0.989
475.50	480.00	WIWA;0.989
487.50	493.50	WIWA;0.986
501.00	505.50	WIWA;0.870
513.00	519.00	WIWA;0.991
526.50	531.00	WIWA;0.982
541.50	546.00	WIWA;0.981
553.50	559.50	WIWA;0.991
564.00	570.00	WIWA;0.991
574.50	579.00	WIWA;0.982
585.00	589.50	WIWA;0.982
594.00	598.50	WIWA;0.991
321.00	324.00	YRWA;0.832
