22.50	25.50	AMDI;0.508
13.50	16.50	BCCH;0.610
208.50	211.50	BRSP;0.867
69.00	72.00	EAME;0.592
87.00	90.00	EVGR;0.658
174.00	177.00	FISP;0.504
241.50	244.50	FISP;0.702
69.00	75.00	FOSP;0.805
103.50	108.00	FOSP;0.503
151.50	156.00	FOSP;0.500
159.00	163.50	FOSP;0.878
267.00	271.50	FOSP;0.937
79.50	82.50	GCSP;0.524
117.00	121.50	GCSP;0.651
150.00	153.00	GCSP;0.521
13.50	16.50	MOCH;0.553
31.50	36.00	MOCH;0.944
51.00	54.00	MOCH;0.867
66.00	70.50	MOCH;0.793
72.00	76.50	MOCH;0.961
87.00	90.00	MOCH;0.500
109.50	114.00	MOCH;0.716
123.00	127.50	MOCH;0.949
132.00	135.00	MOCH;0.500
150.00	153.00	MOCH;0.500
174.00	177.00	MOCH;0.500
193.50	198.00	MOCH;0.525
223.50	229.50	MOCH;0.700
241.50	244.50	MOCH;0.500
274.50	279.00	MOCH;0.760
69.00	72.00	NOCA;0.549
22.50	25.50	OROR;0.545
36.00	39.00	RECR;0.508
91.50	94.50	ROWR;0.770
120.00	123.00	RUTU;0.582
162.00	165.00	RUGR;0.504
112.50	115.50	RUBL;0.648
85.50	88.50	SNBU;0.675
151.50	156.00	SOSP;0.920
268.50	271.50	SOSP;0.503
145.50	148.50	SPGR;0.532
202.50	207.00	SPGR;0.590
243.00	246.00	SPGR;0.667
235.50	238.50	WEFL;0.656
276.00	279.00	WEME;0.910
102.00	105.00	WEWP;0.582
15.00	19.50	WCSP;0.975
33.00	37.50	WCSP;0.802
52.50	57.00	WCSP;0.986
72.00	78.00	WCSP;0.989
88.50	99.00	WCSP;0.970
124.50	129.00	WCSP;0.989
132.00	136.50	WCSP;0.530
142.50	147.00	WCSP;0.726
160.50	165.00	WCSP;0.971
175.50	180.00	WCSP;0.926
193.50	198.00	WCSP;0.982
210.00	213.00	WCSP;0.500
228.00	238.50	WCSP;0.979
243.00	246.00	WCSP;0.824
87.00	91.50	WTSP;0.677
151.50	154.50	WTSP;0.654
226.50	229.50	WTSP;0.618
