312.00	315.00	AMDI;0.501
406.50	409.50	AGOL;0.626
40.50	45.00	AMRO;0.969
300.00	304.50	AMRO;0.784
370.50	373.50	ATSP;0.624
349.50	354.00	BARS;0.775
292.50	295.50	BLTE;0.588
339.00	342.00	BCCH;0.535
84.00	87.00	BRSP;0.697
199.50	202.50	BRSP;0.625
9.00	13.50	CHSP;0.621
72.00	76.50	CHSP;0.961
82.50	88.50	CHSP;0.860
96.00	103.50	CHSP;0.964
136.50	142.50	CHSP;0.890
150.00	156.00	CHSP;0.707
165.00	171.00	CHSP;0.872
172.50	178.50	CHSP;0.992
180.00	192.00	CHSP;0.995
193.50	207.00	CHSP;0.989
210.00	214.50	CHSP;0.785
216.00	222.00	CHSP;0.985
223.50	229.50	CHSP;0.976
231.00	238.50	CHSP;0.983
243.00	249.00	CHSP;0.972
252.00	258.00	CHSP;0.980
262.50	267.00	CHSP;0.907
270.00	276.00	CHSP;0.966
282.00	286.50	CHSP;0.723
306.00	310.50	CHSP;0.500
385.50	390.00	CHSP;0.812
436.50	439.50	CHSP;0.500
450.00	457.50	CHSP;0.977
462.00	466.50	CHSP;0.671
477.00	483.00	CHSP;0.654
519.00	522.00	CHSP;0.576
526.50	531.00	CHSP;0.936
558.00	561.00	CHSP;0.500
564.00	570.00	CHSP;0.963
10.50	13.50	DEJU;0.501
171.00	174.00	EAME;0.629
190.50	193.50	EAME;0.810
256.50	259.50	EAME;0.637
142.50	145.50	EATO;0.560
336.00	339.00	EATO;0.876
390.00	393.00	EATO;0.604
573.00	576.00	EATO;0.878
577.50	580.50	EUST;0.506
147.00	150.00	EVGR;0.584
183.00	186.00	EVGR;0.583
0.00	3.00	FISP;0.802
195.00	198.00	FISP;0.543
6.00	9.00	FOSP;0.500
28.50	33.00	FOSP;0.949
49.50	54.00	FOSP;0.662
78.00	82.50	FOSP;0.518
97.50	102.00	FOSP;0.660
111.00	114.00	FOSP;0.500
123.00	127.50	FOSP;0.542
139.50	144.00	FOSP;0.841
154.50	160.50	FOSP;0.588
163.50	166.50	FOSP;0.500
174.00	178.50	FOSP;0.658
208.50	213.00	FOSP;0.500
225.00	229.50	FOSP;0.530
247.50	253.50	FOSP;0.806
259.50	264.00	FOSP;0.957
267.00	271.50	FOSP;0.840
303.00	307.50	FOSP;0.640
315.00	318.00	FOSP;0.500
325.50	330.00	FOSP;0.833
337.50	342.00	FOSP;0.548
351.00	357.00	FOSP;0.899
363.00	367.50	FOSP;0.584
378.00	382.50	FOSP;0.827
391.50	396.00	FOSP;0.883
402.00	414.00	FOSP;0.906
420.00	430.50	FOSP;0.763
432.00	436.50	FOSP;0.744
438.00	442.50	FOSP;0.738
459.00	465.00	FOSP;0.970
471.00	477.00	FOSP;0.853
486.00	496.50	FOSP;0.959
501.00	505.50	FOSP;0.753
514.50	519.00	FOSP;0.559
538.50	544.50	FOSP;0.772
547.50	559.50	FOSP;0.985
568.50	573.00	FOSP;0.760
574.50	579.00	FOSP;0.852
580.50	585.00	FOSP;0.534
591.00	597.00	FOSP;0.960
54.00	58.50	GCSP;0.599
67.50	70.50	GCSP;0.635
100.50	103.50	GCSP;0.571
447.00	450.00	GCSP;0.784
358.50	361.50	HAFL;0.532
1.50	4.50	HASP;0.709
240.00	243.00	HETH;0.511
162.00	165.00	HOLA;0.517
162.00	165.00	HOFI;0.521
549.00	552.00	HOFI;0.523
55.50	60.00	LESA;0.620
469.50	472.50	LESA;0.504
48.00	51.00	LISP;0.500
60.00	66.00	LISP;0.500
78.00	84.00	LISP;0.933
93.00	97.50	LISP;0.631
123.00	126.00	LISP;0.565
241.50	244.50	LISP;0.662
265.50	268.50	LISP;0.500
271.50	276.00	LISP;0.907
294.00	300.00	LISP;0.920
312.00	316.50	LISP;0.529
325.50	330.00	LISP;0.690
364.50	369.00	LISP;0.841
465.00	468.00	LISP;0.527
493.50	496.50	LISP;0.500
528.00	532.50	LISP;0.605
544.50	549.00	LISP;0.739
567.00	571.50	LISP;0.672
585.00	588.00	LISP;0.500
7.50	10.50	MOCH;0.531
15.00	18.00	MOCH;0.622
36.00	39.00	MOCH;0.560
172.50	180.00	MOCH;0.585
192.00	195.00	MOCH;0.820
198.00	201.00	MOCH;0.556
280.50	283.50	MOCH;0.616
363.00	366.00	MOCH;0.687
445.50	451.50	MOCH;0.719
334.50	339.00	NAWA;0.632
109.50	114.00	NOCA;0.901
180.00	184.50	NOCA;0.637
499.50	502.50	NOCA;0.573
333.00	336.00	NSHR;0.603
31.50	36.00	OROR;0.758
111.00	114.00	OROR;0.627
174.00	178.50	OROR;0.680
225.00	229.50	OROR;0.565
351.00	354.00	OROR;0.605
409.50	414.00	OROR;0.557
423.00	426.00	OROR;0.676
438.00	441.00	OROR;0.572
472.50	477.00	OROR;0.557
486.00	490.50	OROR;0.603
538.50	543.00	OROR;0.669
562.50	567.00	PAWA;0.729
169.50	172.50	PISI;0.500
237.00	241.50	PISI;0.880
247.50	253.50	PISI;0.852
258.00	265.50	PISI;0.979
276.00	324.00	PISI;0.996
325.50	328.50	PISI;0.500
336.00	339.00	PISI;0.599
343.50	360.00	PISI;0.500
369.00	393.00	PISI;0.988
414.00	423.00	PISI;0.980
457.50	462.00	PISI;0.540
463.50	471.00	PISI;0.954
507.00	517.50	PISI;0.998
561.00	565.50	PISI;0.945
582.00	594.00	PISI;0.950
595.50	600.00	PISI;0.931
163.50	166.50	PUFI;0.511
304.50	307.50	PUFI;0.528
351.00	354.00	PUFI;0.501
412.50	415.50	PUFI;0.505
465.00	468.00	PUFI;0.593
507.00	510.00	PUFI;0.824
582.00	585.00	PUFI;0.520
547.50	550.50	RECR;0.571
444.00	447.00	RWBL;0.672
579.00	582.00	RWBL;0.500
52.50	55.50	RUBL;0.502
55.50	60.00	SAND;0.650
258.00	262.50	SAND;0.566
280.50	285.00	SAND;0.632
286.50	298.50	SAND;0.742
345.00	351.00	SAND;0.656
355.50	358.50	SAND;0.666
373.50	378.00	SAND;0.841
127.50	132.00	SNBU;0.568
183.00	186.00	SNBU;0.517
258.00	262.50	SNBU;0.624
379.50	382.50	SNBU;0.578
427.50	432.00	SNBU;0.691
462.00	465.00	SNBU;0.537
540.00	543.00	SNBU;0.561
532.50	535.50	SOSA;0.600
583.50	586.50	TOSO;0.620
354.00	357.00	VESP;0.676
588.00	591.00	VGSW;0.555
112.50	115.50	WAVI;0.581
313.50	316.50	WAVI;0.535
148.50	151.50	WEWP;0.510
19.50	24.00	WCSP;0.500
30.00	33.00	WCSP;0.500
39.00	42.00	WCSP;0.500
54.00	58.50	WCSP;0.500
64.50	72.00	WCSP;0.500
82.50	85.50	WCSP;0.987
100.50	105.00	WCSP;0.946
115.50	120.00	WCSP;0.746
126.00	129.00	WCSP;0.500
130.50	135.00	WCSP;0.919
159.00	162.00	WCSP;0.500
196.50	201.00	WCSP;0.510
205.50	210.00	WCSP;0.669
214.50	219.00	WCSP;0.946
228.00	232.50	WCSP;0.987
240.00	244.50	WCSP;0.786
276.00	280.50	WCSP;0.603
297.00	301.50	WCSP;0.982
315.00	318.00	WCSP;0.500
321.00	325.50	WCSP;0.981
327.00	349.50	WCSP;0.994
354.00	357.00	WCSP;0.500
435.00	438.00	WCSP;0.522
441.00	445.50	WCSP;0.500
447.00	450.00	WCSP;0.500
594.00	597.00	WCSP;0.500
0.00	9.00	WTSP;0.998
15.00	25.50	WTSP;0.992
33.00	39.00	WTSP;0.997
54.00	58.50	WTSP;0.861
63.00	70.50	WTSP;0.500
73.50	79.50	WTSP;0.858
81.00	84.00	WTSP;0.500
85.50	90.00	WTSP;0.939
105.00	109.50	WTSP;0.500
115.50	118.50	WTSP;0.500
150.00	154.50	WTSP;0.500
172.50	175.50	WTSP;0.508
192.00	198.00	WTSP;0.839
210.00	214.50	WTSP;0.878
240.00	243.00	WTSP;0.500
276.00	279.00	WTSP;0.500
441.00	445.50	WTSP;0.500
447.00	451.50	WTSP;0.500
156.00	160.50	YRWA;0.992
291.00	297.00	YRWA;0.992
346.50	351.00	YRWA;0.910
396.00	399.00	YRWA;0.500
571.50	576.00	YRWA;0.850
