165.00	168.00	AMDI;0.505
22.50	27.00	AMRO;0.944
165.00	168.00	AMRO;0.773
67.50	70.50	ATSP;0.590
40.50	43.50	BBPL;0.504
84.00	87.00	BRBL;0.515
294.00	297.00	BRBL;0.647
75.00	78.00	CHSW;0.825
7.50	10.50	DEJU;0.532
66.00	69.00	DEJU;0.759
42.00	45.00	EAME;0.672
229.50	232.50	EAME;0.651
4.50	7.50	EATO;0.685
42.00	45.00	EATO;0.709
123.00	126.00	EATO;0.673
148.50	153.00	EATO;0.680
180.00	183.00	EATO;0.548
219.00	222.00	EATO;0.521
232.50	235.50	EATO;0.706
109.50	112.50	EVGR;0.567
268.50	271.50	EVGR;0.947
144.00	147.00	FISP;0.576
154.50	157.50	FISP;0.821
186.00	189.00	FISP;0.507
1.50	9.00	FOSP;0.764
10.50	16.50	FOSP;0.963
22.50	37.50	FOSP;0.934
43.50	48.00	FOSP;0.945
54.00	66.00	FOSP;0.938
67.50	76.50	FOSP;0.915
85.50	105.00	FOSP;0.985
111.00	117.00	FOSP;0.992
124.50	129.00	FOSP;0.933
130.50	135.00	FOSP;0.717
136.50	141.00	FOSP;0.953
148.50	154.50	FOSP;0.895
157.50	166.50	FOSP;0.962
169.50	180.00	FOSP;0.957
181.50	184.50	FOSP;0.884
189.00	199.50	FOSP;0.946
202.50	207.00	FOSP;0.954
211.50	225.00	FOSP;0.963
229.50	243.00	FOSP;0.959
244.50	256.50	FOSP;0.993
258.00	282.00	FOSP;0.979
283.50	291.00	FOSP;0.867
295.50	300.00	FOSP;0.995
3.00	6.00	HASP;0.518
81.00	84.00	HOLA;0.517
70.50	73.50	LASP;0.659
16.50	24.00	LISP;0.860
25.50	28.50	LISP;0.500
120.00	124.50	LISP;0.623
252.00	255.00	LISP;0.692
279.00	285.00	LISP;0.995
288.00	294.00	LISP;0.993
78.00	82.50	MAMU;0.860
15.00	18.00	MOCH;0.703
145.50	148.50	MOCH;0.794
175.50	178.50	MOCH;0.503
148.50	151.50	OSFL;0.546
64.50	67.50	OCWA;0.520
229.50	232.50	OROR;0.604
255.00	258.00	PIGR;0.598
187.50	190.50	PUFI;0.619
247.50	250.50	REVI;0.596
3.00	6.00	RUGR;0.599
82.50	85.50	RUGR;0.571
108.00	111.00	RUGR;0.743
247.50	250.50	RUGR;0.542
156.00	163.50	SBDO;0.749
28.50	31.50	SNBU;0.529
52.50	55.50	SNBU;0.763
132.00	135.00	SNBU;0.513
213.00	217.50	SNBU;0.662
265.50	270.00	SNBU;0.837
76.50	79.50	SWSP;0.536
3.00	7.50	VATH;0.726
18.00	22.50	VATH;0.975
46.50	51.00	VATH;0.950
60.00	64.50	VATH;0.679
91.50	96.00	VATH;0.500
109.50	112.50	VATH;0.816
117.00	126.00	VATH;0.613
141.00	144.00	VATH;0.500
193.50	196.50	VATH;0.607
198.00	202.50	VATH;0.875
208.50	211.50	VATH;0.500
217.50	222.00	VATH;0.690
225.00	229.50	VATH;0.500
232.50	237.00	VATH;0.664
243.00	247.50	VATH;0.911
253.50	258.00	VATH;0.745
265.50	270.00	VATH;0.500
273.00	276.00	VATH;0.500
291.00	294.00	VATH;0.500
42.00	45.00	VESP;0.585
0.00	3.00	WCSP;0.700
69.00	72.00	WCSP;0.571
156.00	159.00	WCSP;0.532
195.00	199.50	WCSP;0.964
205.50	208.50	WCSP;0.526
285.00	288.00	WCSP;0.607
0.00	3.00	WTSP;0.500
13.50	18.00	WTSP;0.681
36.00	42.00	WTSP;0.991
54.00	57.00	WTSP;0.500
76.50	84.00	WTSP;0.977
126.00	139.50	WTSP;0.994
141.00	147.00	WTSP;0.996
151.50	159.00	WTSP;0.994
166.50	172.50	WTSP;0.983
183.00	192.00	WTSP;0.976
0.00	4.50	WIWA;0.970
46.50	51.00	WIWA;0.956
76.50	79.50	WIWA;0.500
82.50	87.00	WIWA;0.976
90.00	94.50	WIWA;0.947
97.50	108.00	WIWA;0.990
114.00	118.50	WIWA;0.965
127.50	132.00	WIWA;0.984
171.00	175.50	WIWA;0.795
178.50	183.00	WIWA;0.991
189.00	193.50	WIWA;0.988
205.50	210.00	WIWA;0.914
