1.50	6.00	AMRO;0.922
9.00	13.50	AMRO;0.692
15.00	19.50	AMRO;0.976
22.50	27.00	AMRO;0.500
28.50	31.50	AMRO;0.802
33.00	36.00	AMRO;0.500
37.50	49.50	AMRO;0.962
58.50	61.50	AMRO;0.797
69.00	112.50	AMRO;0.960
115.50	136.50	AMRO;0.971
139.50	172.50	AMRO;0.944
174.00	183.00	AMRO;0.984
184.50	192.00	AMRO;0.987
193.50	204.00	AMRO;0.858
205.50	220.50	AMRO;0.932
222.00	259.50	AMRO;0.990
265.50	280.50	AMRO;0.986
283.50	319.50	AMRO;0.999
324.00	334.50	AMRO;0.615
336.00	430.50	AMRO;0.988
432.00	453.00	AMRO;0.873
456.00	459.00	AMRO;0.500
460.50	465.00	AMRO;0.614
469.50	486.00	AMRO;0.979
487.50	502.50	AMRO;0.956
504.00	519.00	AMRO;0.989
525.00	532.50	AMRO;0.804
534.00	543.00	AMRO;0.568
544.50	600.00	AMRO;0.991
0.00	3.00	BAEA;0.636
46.50	49.50	BAOR;0.584
66.00	72.00	BAOR;0.732
135.00	138.00	BAOR;0.500
148.50	151.50	BAOR;0.522
213.00	216.00	BAOR;0.501
279.00	282.00	BAOR;0.510
324.00	327.00	BAOR;0.562
388.50	391.50	BAOR;0.568
472.50	477.00	BAOR;0.657
486.00	489.00	BAOR;0.628
592.50	595.50	BAOR;0.578
532.50	535.50	BBPL;0.552
1.50	4.50	BCCH;0.500
39.00	43.50	BCCH;0.500
55.50	58.50	BCCH;0.666
66.00	70.50	BCCH;0.772
79.50	84.00	BCCH;0.509
87.00	90.00	BCCH;0.500
220.50	223.50	BCCH;0.500
237.00	241.50	BCCH;0.500
252.00	255.00	BCCH;0.500
256.50	261.00	BCCH;0.585
276.00	280.50	BCCH;0.500
304.50	307.50	BCCH;0.582
325.50	328.50	BCCH;0.500
333.00	337.50	BCCH;0.500
343.50	346.50	BCCH;0.500
363.00	367.50	BCCH;0.891
441.00	444.00	BCCH;0.617
531.00	535.50	BCCH;0.776
24.00	27.00	BHGR;0.500
37.50	45.00	BHGR;0.692
96.00	100.50	BHGR;0.592
117.00	120.00	BHGR;0.500
123.00	127.50	BHGR;0.571
144.00	148.50	BHGR;0.500
154.50	162.00	BHGR;0.814
202.50	214.50	BHGR;0.500
223.50	226.50	BHGR;0.500
238.50	243.00	BHGR;0.500
256.50	259.50	BHGR;0.500
265.50	270.00	BHGR;0.500
280.50	285.00	BHGR;0.591
325.50	330.00	BHGR;0.757
331.50	339.00	BHGR;0.560
364.50	369.00	BHGR;0.500
370.50	378.00	BHGR;0.606
430.50	433.50	BHGR;0.500
438.00	442.50	BHGR;0.745
445.50	451.50	BHGR;0.765
538.50	541.50	BHGR;0.509
547.50	555.00	BHGR;0.542
568.50	571.50	BHGR;0.500
9.00	12.00	BRSP;0.500
15.00	18.00	BRSP;0.500
21.00	24.00	BRSP;0.500
25.50	30.00	BRSP;0.624
43.50	48.00	BRSP;0.729
52.50	55.50	BRSP;0.576
96.00	99.00	BRSP;0.500
126.00	130.50	BRSP;0.682
133.50	136.50	BRSP;0.500
142.50	145.50	BRSP;0.500
147.00	153.00	BRSP;0.500
154.50	159.00	BRSP;0.761
163.50	168.00	BRSP;0.774
171.00	177.00	BRSP;0.971
186.00	192.00	BRSP;0.958
204.00	207.00	BRSP;0.500
213.00	216.00	BRSP;0.500
229.50	232.50	BRSP;0.500
253.50	256.50	BRSP;0.500
280.50	283.50	BRSP;0.500
298.50	301.50	BRSP;0.500
313.50	316.50	BRSP;0.500
327.00	333.00	BRSP;0.500
346.50	351.00	BRSP;0.500
367.50	370.50	BRSP;0.500
385.50	391.50	BRSP;0.500
393.00	400.50	BRSP;0.654
402.00	405.00	BRSP;0.521
409.50	412.50	BRSP;0.574
511.50	523.50	BRSP;0.525
544.50	547.50	BRSP;0.500
561.00	567.00	BRSP;0.500
571.50	574.50	BRSP;0.500
580.50	583.50	BRSP;0.500
586.50	592.50	BRSP;0.657
43.50	46.50	BRTH;0.669
202.50	207.00	BRTH;0.823
210.00	213.00	BRTH;0.673
465.00	469.50	BRTH;0.614
466.50	469.50	CAFI;0.571
6.00	21.00	CHSP;0.984
25.50	31.50	CHSP;0.956
36.00	40.50	CHSP;0.816
45.00	51.00	CHSP;0.878
54.00	60.00	CHSP;0.887
81.00	85.50	CHSP;0.641
90.00	106.50	CHSP;0.994
108.00	117.00	CHSP;0.996
118.50	132.00	CHSP;0.963
133.50	184.50	CHSP;0.994
189.00	210.00	CHSP;0.997
214.50	228.00	CHSP;0.998
229.50	235.50	CHSP;0.635
238.50	243.00	CHSP;0.819
244.50	250.50	CHSP;0.783
253.50	259.50	CHSP;0.781
261.00	267.00	CHSP;0.606
270.00	274.50	CHSP;0.755
280.50	285.00	CHSP;0.759
289.50	294.00	CHSP;0.837
298.50	304.50	CHSP;0.883
312.00	315.00	CHSP;0.500
319.50	324.00	CHSP;0.577
334.50	339.00	CHSP;0.684
343.50	349.50	CHSP;0.978
360.00	364.50	CHSP;0.606
367.50	372.00	CHSP;0.500
376.50	381.00	CHSP;0.640
385.50	390.00	CHSP;0.647
393.00	399.00	CHSP;0.899
402.00	408.00	CHSP;0.942
411.00	417.00	CHSP;0.968
429.00	435.00	CHSP;0.923
447.00	453.00	CHSP;0.846
456.00	459.00	CHSP;0.500
492.00	498.00	CHSP;0.715
499.50	507.00	CHSP;0.840
511.50	517.50	CHSP;0.764
519.00	523.50	CHSP;0.646
529.50	534.00	CHSP;0.676
546.00	550.50	CHSP;0.500
552.00	559.50	CHSP;0.999
564.00	579.00	CHSP;0.998
580.50	588.00	CHSP;0.993
589.50	597.00	CHSP;0.992
330.00	334.50	CCSP;0.594
348.00	351.00	CCSP;0.500
424.50	427.50	CCSP;0.500
435.00	439.50	CCSP;0.657
445.50	448.50	CCSP;0.500
475.50	478.50	CCSP;0.500
558.00	573.00	CCSP;0.983
577.50	582.00	CCSP;0.986
586.50	591.00	CCSP;0.983
594.00	600.00	CCSP;0.990
39.00	42.00	DEJU;0.726
49.50	52.50	DEJU;0.577
57.00	60.00	DEJU;0.691
121.50	124.50	DEJU;0.561
204.00	210.00	DEJU;0.650
213.00	216.00	DEJU;0.698
225.00	228.00	DEJU;0.572
232.50	235.50	DEJU;0.680
261.00	264.00	DEJU;0.583
334.50	340.50	DEJU;0.610
354.00	357.00	DEJU;0.554
369.00	373.50	DEJU;0.828
402.00	405.00	DEJU;0.749
414.00	417.00	DEJU;0.653
222.00	225.00	EABL;0.524
348.00	352.50	EABL;0.968
468.00	471.00	EABL;0.617
0.00	4.50	EAME;0.615
90.00	93.00	EATO;0.508
183.00	187.50	FOSP;0.975
283.50	286.50	GRCA;0.503
57.00	60.00	HASP;0.590
0.00	6.00	HETH;0.678
10.50	15.00	HETH;0.500
22.50	28.50	HETH;0.957
52.50	57.00	HETH;0.583
66.00	70.50	HETH;0.638
72.00	75.00	HETH;0.500
79.50	84.00	HETH;0.873
97.50	100.50	HETH;0.500
111.00	118.50	HETH;0.578
136.50	139.50	HETH;0.500
153.00	156.00	HETH;0.500
168.00	171.00	HETH;0.500
205.50	208.50	HETH;0.500
220.50	223.50	HETH;0.620
229.50	232.50	HETH;0.500
237.00	241.50	HETH;0.754
250.50	255.00	HETH;0.500
256.50	265.50	HETH;0.719
286.50	292.50	HETH;0.500
300.00	309.00	HETH;0.931
312.00	318.00	HETH;0.907
321.00	331.50	HETH;0.973
333.00	337.50	HETH;0.500
343.50	346.50	HETH;0.500
358.50	361.50	HETH;0.500
363.00	366.00	HETH;0.500
381.00	388.50	HETH;0.618
459.00	463.50	HETH;0.500
531.00	535.50	HETH;0.775
408.00	411.00	HOLA;0.513
4.50	9.00	LISP;0.871
19.50	24.00	LISP;0.759
64.50	69.00	LISP;0.983
88.50	93.00	LISP;0.652
106.50	109.50	LISP;0.500
139.50	144.00	LISP;0.961
220.50	225.00	LISP;0.587
234.00	238.50	LISP;0.912
294.00	298.50	LISP;0.557
307.50	310.50	LISP;0.681
334.50	339.00	LISP;0.500
348.00	357.00	LISP;0.871
364.50	372.00	LISP;0.690
379.50	387.00	LISP;0.880
391.50	396.00	LISP;0.500
400.50	403.50	LISP;0.988
405.00	409.50	LISP;0.917
415.50	424.50	LISP;0.970
432.00	441.00	LISP;0.886
450.00	454.50	LISP;0.655
463.50	472.50	LISP;0.934
481.50	486.00	LISP;0.559
496.50	499.50	LISP;0.874
508.50	513.00	LISP;0.776
514.50	517.50	LISP;0.500
522.00	526.50	LISP;0.946
543.00	546.00	LISP;0.707
568.50	573.00	LISP;0.638
141.00	144.00	MAWA;0.542
250.50	255.00	MAMU;0.559
115.50	118.50	MOBL;0.522
454.50	459.00	MOBL;0.565
466.50	469.50	MOBL;0.553
550.50	553.50	MOBL;0.783
1.50	4.50	MOCH;0.641
24.00	28.50	MOCH;0.675
31.50	34.50	MOCH;0.780
195.00	198.00	MOCH;0.548
213.00	216.00	MOCH;0.554
220.50	223.50	MOCH;0.516
312.00	315.00	MOCH;0.523
334.50	337.50	MOCH;0.549
381.00	384.00	MOCH;0.596
441.00	444.00	MOCH;0.646
460.50	463.50	MOCH;0.979
507.00	510.00	MOCH;0.508
483.00	487.50	OSPR;0.863
241.50	273.00	PAWR;0.776
274.50	277.50	PAWR;0.629
357.00	361.50	PAWR;0.685
481.50	496.50	PAWR;0.873
499.50	504.00	PAWR;0.635
562.50	567.00	PAWR;0.520
286.50	300.00	PAWA;0.922
501.00	504.00	PAWA;0.527
550.50	553.50	PAWA;0.699
579.00	582.00	PAWA;0.532
70.50	75.00	PISI;0.780
186.00	189.00	PUFI;0.581
232.50	235.50	PUFI;0.629
453.00	456.00	PUFI;0.759
9.00	13.50	RBGR;0.500
16.50	21.00	RBGR;0.916
24.00	31.50	RBGR;0.769
37.50	40.50	RBGR;0.500
72.00	76.50	RBGR;0.604
81.00	85.50	RBGR;0.500
93.00	100.50	RBGR;0.607
117.00	120.00	RBGR;0.726
123.00	127.50	RBGR;0.520
150.00	153.00	RBGR;0.500
159.00	166.50	RBGR;0.522
174.00	177.00	RBGR;0.500
202.50	219.00	RBGR;0.658
222.00	226.50	RBGR;0.513
256.50	259.50	RBGR;0.500
280.50	285.00	RBGR;0.693
292.50	298.50	RBGR;0.500
304.50	309.00	RBGR;0.500
319.50	324.00	RBGR;0.500
325.50	328.50	RBGR;0.500
331.50	336.00	RBGR;0.679
337.50	340.50	RBGR;0.500
342.00	351.00	RBGR;0.500
364.50	373.50	RBGR;0.636
388.50	397.50	RBGR;0.792
408.00	415.50	RBGR;0.730
417.00	424.50	RBGR;0.502
426.00	441.00	RBGR;0.956
445.50	453.00	RBGR;0.687
454.50	460.50	RBGR;0.701
475.50	480.00	RBGR;0.500
499.50	502.50	RBGR;0.500
511.50	516.00	RBGR;0.500
520.50	529.50	RBGR;0.737
534.00	537.00	RBGR;0.500
538.50	541.50	RBGR;0.620
543.00	552.00	RBGR;0.551
568.50	573.00	RBGR;0.510
579.00	583.50	RBGR;0.500
61.50	66.00	RCKI;0.928
444.00	447.00	RUTU;0.591
358.50	361.50	RUGR;0.635
403.50	406.50	RUGR;0.511
306.00	309.00	SAND;0.612
264.00	267.00	SBDO;0.763
268.50	271.50	SBDO;0.679
279.00	282.00	SBDO;0.641
289.50	292.50	SBDO;0.548
324.00	327.00	SBDO;0.578
486.00	489.00	SBDO;0.602
535.50	538.50	SBDO;0.651
592.50	595.50	SBDO;0.819
397.50	400.50	SOSP;0.542
453.00	459.00	SWSP;0.862
472.50	477.00	SWSP;0.743
496.50	505.50	SWSP;0.726
105.00	109.50	TBLO;0.634
91.50	94.50	TOSO;0.571
295.50	298.50	TOSO;0.509
316.50	319.50	TOSO;0.765
331.50	336.00	TOSO;0.674
360.00	363.00	TOSO;0.508
460.50	463.50	TOSO;0.587
483.00	486.00	TOSO;0.563
502.50	507.00	TOSO;0.860
516.00	520.50	TOSO;0.568
528.00	532.50	TOSO;0.702
3.00	7.50	VATH;0.783
12.00	16.50	VATH;0.978
21.00	25.50	VATH;0.988
27.00	31.50	VATH;0.625
34.50	39.00	VATH;0.978
43.50	48.00	VATH;0.500
51.00	55.50	VATH;0.984
57.00	64.50	VATH;0.996
69.00	108.00	VATH;0.993
112.50	117.00	VATH;0.792
121.50	127.50	VATH;0.981
133.50	138.00	VATH;0.983
142.50	151.50	VATH;0.868
159.00	163.50	VATH;0.506
165.00	169.50	VATH;0.801
174.00	178.50	VATH;0.965
190.50	196.50	VATH;0.976
292.50	297.00	VATH;0.500
366.00	370.50	VATH;0.500
523.50	529.50	VATH;0.976
360.00	364.50	WAVI;0.738
486.00	489.00	WAVI;0.745
525.00	528.00	WAVI;0.546
0.00	3.00	WEME;0.643
78.00	87.00	WCSP;0.983
91.50	96.00	WCSP;0.975
97.50	100.50	WCSP;0.500
196.50	199.50	WCSP;0.500
201.00	205.50	WCSP;0.810
210.00	214.50	WCSP;0.981
217.50	222.00	WCSP;0.834
226.50	232.50	WCSP;0.834
240.00	244.50	WCSP;0.990
298.50	303.00	WCSP;0.500
309.00	313.50	WCSP;0.741
318.00	322.50	WCSP;0.970
328.50	331.50	WCSP;0.788
340.50	345.00	WCSP;0.951
351.00	363.00	WCSP;0.955
372.00	378.00	WCSP;0.500
381.00	384.00	WCSP;0.500
517.50	522.00	WCSP;0.500
528.00	532.50	WCSP;0.500
534.00	538.50	WCSP;0.500
3.00	10.50	WTSP;0.942
18.00	22.50	WTSP;0.899
31.50	36.00	WTSP;0.500
51.00	55.50	WTSP;0.500
63.00	67.50	WTSP;0.500
85.50	90.00	WTSP;0.500
97.50	100.50	WTSP;0.500
103.50	106.50	WTSP;0.500
115.50	121.50	WTSP;0.942
129.00	135.00	WTSP;0.996
145.50	151.50	WTSP;0.993
162.00	168.00	WTSP;0.947
180.00	184.50	WTSP;0.716
195.00	205.50	WTSP;0.880
225.00	231.00	WTSP;0.994
261.00	264.00	WTSP;0.500
277.50	288.00	WTSP;0.945
291.00	294.00	WTSP;0.624
298.50	301.50	WTSP;0.500
309.00	312.00	WTSP;0.500
313.50	316.50	WTSP;0.500
327.00	330.00	WTSP;0.500
370.50	373.50	WTSP;0.500
438.00	444.00	WTSP;0.947
456.00	462.00	WTSP;0.991
477.00	484.50	WTSP;0.997
505.50	510.00	WTSP;0.696
349.50	354.00	WWCR;0.509
226.50	237.00	WIWA;0.679
240.00	279.00	WIWA;0.843
285.00	294.00	WIWA;0.594
297.00	301.50	WIWA;0.500
481.50	505.50	WIWA;0.949
549.00	553.50	WIWA;0.825
558.00	562.50	WIWA;0.500
579.00	582.00	WIWA;0.500
489.00	492.00	WOTH;0.652
382.50	385.50	YRWA;0.532
