219.00	222.00	AMDI;0.649
259.50	264.00	AMDI;0.531
327.00	331.50	AMDI;0.802
340.50	345.00	AMDI;0.827
354.00	358.50	AMDI;0.640
382.50	385.50	AMDI;0.595
468.00	472.50	AMDI;0.656
538.50	541.50	AMDI;0.589
162.00	202.50	AMRO;0.993
205.50	216.00	AMRO;0.997
217.50	261.00	AMRO;0.968
267.00	270.00	AMRO;0.500
274.50	279.00	AMRO;0.560
280.50	283.50	AMRO;0.510
289.50	294.00	AMRO;0.943
295.50	300.00	AMRO;0.781
312.00	316.50	AMRO;0.930
319.50	324.00	AMRO;0.784
327.00	330.00	AMRO;0.500
334.50	337.50	AMRO;0.649
339.00	342.00	AMRO;0.706
345.00	352.50	AMRO;0.911
361.50	364.50	AMRO;0.500
367.50	370.50	AMRO;0.607
373.50	379.50	AMRO;0.559
381.00	385.50	AMRO;0.709
388.50	397.50	AMRO;0.981
403.50	408.00	AMRO;0.691
417.00	421.50	AMRO;0.750
508.50	513.00	AMRO;0.536
519.00	525.00	AMRO;0.978
529.50	534.00	AMRO;0.926
537.00	541.50	AMRO;0.730
546.00	558.00	AMRO;0.904
561.00	567.00	AMRO;0.897
162.00	165.00	BAOR;0.524
229.50	232.50	BAOR;0.662
4.50	7.50	BEWR;0.555
18.00	21.00	BEWR;0.706
31.50	34.50	BEWR;0.537
313.50	316.50	BEWR;0.528
397.50	400.50	BEWR;0.528
553.50	556.50	BEWR;0.523
303.00	306.00	BBPL;0.531
1.50	4.50	BCCH;0.692
7.50	10.50	BCCH;0.574
21.00	24.00	BCCH;0.847
72.00	75.00	BCCH;0.871
252.00	255.00	BCCH;0.749
268.50	271.50	BCCH;0.573
283.50	286.50	BCCH;0.503
394.50	399.00	BCCH;0.861
505.50	508.50	BCCH;0.649
31.50	34.50	BRSP;0.823
39.00	42.00	BRSP;0.604
46.50	49.50	BRSP;0.676
61.50	64.50	BRSP;0.538
70.50	75.00	CHSW;0.606
91.50	94.50	CHSW;0.605
126.00	129.00	CHSW;0.500
153.00	156.00	CHSW;0.500
198.00	201.00	CHSW;0.500
220.50	223.50	CHSW;0.500
339.00	342.00	CHSW;0.500
349.50	354.00	CHSW;0.756
366.00	369.00	CHSW;0.518
376.50	382.50	CHSW;0.500
391.50	396.00	CHSW;0.500
438.00	441.00	CHSW;0.724
486.00	490.50	CHSW;0.500
505.50	508.50	CHSW;0.500
513.00	516.00	CHSW;0.500
520.50	526.50	CHSW;0.500
531.00	535.50	CHSW;0.867
541.50	544.50	CHSW;0.500
553.50	558.00	CHSW;0.909
4.50	7.50	CCSP;0.733
39.00	42.00	CCSP;0.767
97.50	100.50	CCSP;0.686
264.00	267.00	CCSP;0.877
6.00	9.00	DEJU;0.732
150.00	154.50	DEJU;0.846
160.50	163.50	DEJU;0.798
313.50	316.50	DEJU;0.541
412.50	415.50	DEJU;0.500
579.00	582.00	DEJU;0.600
121.50	124.50	EAME;0.558
39.00	42.00	EATO;0.507
54.00	57.00	EATO;0.665
126.00	129.00	EATO;0.506
370.50	373.50	EATO;0.576
84.00	88.50	FISP;0.839
325.50	328.50	FISP;0.504
336.00	339.00	FISP;0.631
451.50	454.50	FISP;0.646
0.00	7.50	FOSP;0.756
12.00	18.00	FOSP;0.810
25.50	30.00	FOSP;0.933
40.50	45.00	FOSP;0.947
49.50	52.50	FOSP;0.926
55.50	60.00	FOSP;0.896
61.50	66.00	FOSP;0.891
67.50	72.00	FOSP;0.882
75.00	79.50	FOSP;0.659
87.00	91.50	FOSP;0.521
100.50	105.00	FOSP;0.682
115.50	118.50	FOSP;0.867
121.50	124.50	FOSP;0.500
127.50	130.50	FOSP;0.604
133.50	142.50	FOSP;0.897
150.00	153.00	FOSP;0.500
162.00	166.50	FOSP;0.859
186.00	192.00	FOSP;0.933
204.00	207.00	FOSP;0.533
213.00	217.50	FOSP;0.682
226.50	231.00	FOSP;0.656
265.50	270.00	FOSP;0.576
271.50	276.00	FOSP;0.745
279.00	282.00	FOSP;0.500
304.50	309.00	FOSP;0.660
318.00	322.50	FOSP;0.944
330.00	334.50	FOSP;0.823
346.50	349.50	FOSP;0.500
372.00	376.50	FOSP;0.873
384.00	388.50	FOSP;0.500
412.50	415.50	FOSP;0.500
424.50	429.00	FOSP;0.878
444.00	448.50	FOSP;0.740
457.50	462.00	FOSP;0.632
471.00	475.50	FOSP;0.716
484.50	489.00	FOSP;0.770
499.50	504.00	FOSP;0.769
514.50	519.00	FOSP;0.836
528.00	532.50	FOSP;0.864
1.50	6.00	GCSP;0.633
87.00	91.50	GCSP;0.641
94.50	97.50	GCSP;0.834
99.00	103.50	GCSP;0.978
109.50	115.50	GCSP;0.601
121.50	126.00	GCSP;0.716
148.50	151.50	GCSP;0.599
261.00	264.00	GCSP;0.542
300.00	304.50	GCSP;0.588
357.00	360.00	GCSP;0.535
565.50	568.50	GCSP;0.553
220.50	223.50	GRCA;0.528
297.00	301.50	GRCA;0.729
375.00	379.50	GRCA;0.611
420.00	423.00	GRCA;0.505
484.50	487.50	GRCA;0.519
79.50	82.50	HASP;0.725
87.00	90.00	HASP;0.503
0.00	3.00	HETH;0.542
10.50	13.50	HETH;0.572
48.00	51.00	HETH;0.967
112.50	115.50	HETH;0.631
199.50	202.50	HETH;0.515
228.00	231.00	HETH;0.535
423.00	427.50	HETH;0.883
457.50	460.50	HETH;0.542
513.00	516.00	HETH;0.915
384.00	388.50	LASP;0.689
136.50	147.00	LISP;0.896
169.50	172.50	LISP;0.717
456.00	459.00	LISP;0.550
130.50	133.50	MOCH;0.508
250.50	253.50	MOCH;0.661
258.00	261.00	MOCH;0.606
318.00	321.00	MOCH;0.679
355.50	358.50	MOCH;0.548
363.00	366.00	MOCH;0.803
400.50	403.50	MOCH;0.654
432.00	435.00	MOCH;0.561
436.50	439.50	MOCH;0.608
483.00	486.00	MOCH;0.525
499.50	502.50	MOCH;0.652
513.00	516.00	MOCH;0.633
561.00	564.00	MOCH;0.897
276.00	279.00	OSFL;0.525
381.00	385.50	OSFL;0.610
414.00	417.00	OCWA;0.650
564.00	567.00	PUFI;0.561
387.00	390.00	REVI;0.696
412.50	417.00	REVI;0.744
244.50	247.50	RBGR;0.516
367.50	370.50	RBGR;0.511
417.00	420.00	RBGR;0.527
142.50	148.50	RUHU;0.986
6.00	9.00	RUBL;0.521
33.00	36.00	RUBL;0.572
145.50	148.50	SNBU;0.589
42.00	46.50	SOSA;0.790
82.50	87.00	SOSA;0.828
108.00	114.00	SOSA;0.962
192.00	196.50	SOSA;0.500
205.50	210.00	SOSA;0.732
219.00	223.50	SOSA;0.585
259.50	264.00	SOSA;0.679
327.00	331.50	SOSA;0.500
340.50	345.00	SOSA;0.500
354.00	358.50	SOSA;0.756
382.50	387.00	SOSA;0.500
468.00	471.00	SOSA;0.500
537.00	541.50	SOSA;0.500
408.00	411.00	SPSA;0.545
415.50	418.50	SPSA;0.527
163.50	168.00	SWSP;0.695
199.50	204.00	SWSP;0.713
205.50	210.00	SWSP;0.650
393.00	396.00	SWSP;0.504
153.00	157.50	VATH;0.924
280.50	283.50	VATH;0.500
322.50	325.50	VATH;0.500
331.50	334.50	VATH;0.546
364.50	367.50	VATH;0.500
379.50	388.50	VATH;0.690
390.00	394.50	VATH;0.855
415.50	418.50	VATH;0.500
438.00	441.00	VATH;0.500
466.50	471.00	VATH;0.960
475.50	478.50	VATH;0.500
504.00	508.50	VATH;0.747
544.50	549.00	VATH;0.565
579.00	582.00	VATH;0.500
597.00	600.00	VATH;0.780
1.50	13.50	WCSP;0.991
15.00	19.50	WCSP;0.985
22.50	27.00	WCSP;0.992
28.50	34.50	WCSP;0.991
36.00	42.00	WCSP;0.981
43.50	49.50	WCSP;0.991
51.00	70.50	WCSP;0.992
73.50	78.00	WCSP;0.994
81.00	85.50	WCSP;0.992
88.50	93.00	WCSP;0.991
94.50	100.50	WCSP;0.994
114.00	118.50	WCSP;0.991
123.00	127.50	WCSP;0.992
132.00	136.50	WCSP;0.990
142.50	147.00	WCSP;0.941
148.50	153.00	WCSP;0.986
156.00	162.00	WCSP;0.990
166.50	171.00	WCSP;0.808
174.00	180.00	WCSP;0.986
184.50	189.00	WCSP;0.968
192.00	198.00	WCSP;0.984
201.00	207.00	WCSP;0.992
208.50	213.00	WCSP;0.990
216.00	220.50	WCSP;0.987
223.50	228.00	WCSP;0.992
231.00	237.00	WCSP;0.992
238.50	244.50	WCSP;0.993
246.00	252.00	WCSP;0.994
253.50	258.00	WCSP;0.992
261.00	267.00	WCSP;0.994
270.00	276.00	WCSP;0.992
277.50	282.00	WCSP;0.990
285.00	289.50	WCSP;0.995
292.50	297.00	WCSP;0.993
300.00	307.50	WCSP;0.989
309.00	315.00	WCSP;0.993
319.50	324.00	WCSP;0.977
328.50	333.00	WCSP;0.991
336.00	342.00	WCSP;0.994
345.00	349.50	WCSP;0.983
358.50	363.00	WCSP;0.988
369.00	373.50	WCSP;0.992
400.50	405.00	WCSP;0.990
411.00	415.50	WCSP;0.850
420.00	424.50	WCSP;0.951
429.00	433.50	WCSP;0.900
442.50	447.00	WCSP;0.685
453.00	460.50	WCSP;0.956
462.00	466.50	WCSP;0.979
471.00	477.00	WCSP;0.994
484.50	489.00	WCSP;0.615
495.00	499.50	WCSP;0.924
507.00	511.50	WCSP;0.991
516.00	520.50	WCSP;0.988
526.50	531.00	WCSP;0.986
535.50	547.50	WCSP;0.993
550.50	555.00	WCSP;0.996
558.00	562.50	WCSP;0.989
565.50	571.50	WCSP;0.989
574.50	580.50	WCSP;0.983
583.50	588.00	WCSP;0.989
592.50	597.00	WCSP;0.995
7.50	10.50	WTSP;0.500
28.50	31.50	WTSP;0.500
36.00	40.50	WTSP;0.809
43.50	48.00	WTSP;0.500
61.50	64.50	WTSP;0.500
69.00	75.00	WTSP;0.899
78.00	82.50	WTSP;0.978
84.00	88.50	WTSP;0.500
90.00	97.50	WTSP;0.985
102.00	115.50	WTSP;0.963
117.00	121.50	WTSP;0.992
124.50	129.00	WTSP;0.985
130.50	135.00	WTSP;0.500
138.00	145.50	WTSP;0.912
147.00	151.50	WTSP;0.935
154.50	160.50	WTSP;0.989
172.50	178.50	WTSP;0.880
192.00	195.00	WTSP;0.500
207.00	210.00	WTSP;0.500
238.50	259.50	WTSP;0.991
261.00	264.00	WTSP;0.731
265.50	273.00	WTSP;0.992
274.50	280.50	WTSP;0.992
282.00	286.50	WTSP;0.993
288.00	295.50	WTSP;0.995
297.00	304.50	WTSP;0.997
306.00	312.00	WTSP;0.990
315.00	319.50	WTSP;0.993
322.50	339.00	WTSP;0.994
342.00	348.00	WTSP;0.998
351.00	357.00	WTSP;0.992
360.00	378.00	WTSP;0.995
385.50	391.50	WTSP;0.992
397.50	403.50	WTSP;0.836
406.50	414.00	WTSP;0.995
418.50	424.50	WTSP;0.992
429.00	435.00	WTSP;0.958
439.50	445.50	WTSP;0.971
450.00	454.50	WTSP;0.977
459.00	465.00	WTSP;0.992
466.50	475.50	WTSP;0.936
483.00	489.00	WTSP;0.945
496.50	502.50	WTSP;0.993
508.50	514.50	WTSP;0.996
523.50	529.50	WTSP;0.996
534.00	540.00	WTSP;0.972
546.00	552.00	WTSP;0.995
559.50	562.50	WTSP;0.500
565.50	577.50	WTSP;0.989
579.00	585.00	WTSP;0.993
589.50	595.50	WTSP;0.990
76.50	81.00	WIWA;0.978
91.50	96.00	WIWA;0.500
120.00	124.50	WIWA;0.977
127.50	132.00	WIWA;0.731
199.50	204.00	WIWA;0.667
205.50	210.00	WIWA;0.568
214.50	219.00	WIWA;0.878
222.00	226.50	WIWA;0.967
234.00	238.50	WIWA;0.980
241.50	246.00	WIWA;0.941
351.00	355.50	WIWA;0.746
357.00	361.50	WIWA;0.971
363.00	367.50	WIWA;0.988
370.50	375.00	WIWA;0.977
376.50	382.50	WIWA;0.990
384.00	388.50	WIWA;0.590
391.50	396.00	WIWA;0.652
405.00	409.50	WIWA;0.898
427.50	432.00	WIWA;0.953
438.00	444.00	WIWA;0.987
448.50	453.00	WIWA;0.988
487.50	490.50	WIWA;0.500
492.00	496.50	WIWA;0.883
502.50	508.50	WIWA;0.977
511.50	514.50	WIWA;0.500
517.50	525.00	WIWA;0.988
532.50	538.50	WIWA;0.984
541.50	544.50	WIWA;0.700
555.00	561.00	WIWA;0.986
567.00	580.50	WIWA;0.990
582.00	589.50	WIWA;0.990
591.00	597.00	WIWA;0.854
54.00	57.00	YRWA;0.610
82.50	87.00	YRWA;0.632
105.00	108.00	YRWA;0.523
126.00	129.00	YRWA;0.500
151.50	154.50	YRWA;0.500
159.00	163.50	YRWA;0.835
388.50	393.00	YRWA;0.624
405.00	409.50	YRWA;0.790
414.00	417.00	YRWA;0.692
421.50	426.00	YRWA;0.927
