145.50	148.50	AMRO;0.620
157.50	163.50	AMRO;0.527
213.00	217.50	AMRO;0.767
295.50	298.50	AMRO;0.554
3.00	7.50	ATSP;0.711
69.00	75.00	ATSP;0.637
135.00	138.00	ATSP;0.525
186.00	190.50	ATSP;0.593
234.00	237.00	BAIS;0.754
295.50	298.50	BOWA;0.805
15.00	18.00	BRSP;0.629
30.00	34.50	BRSP;0.829
46.50	49.50	BHCO;0.726
171.00	175.50	CAJA;0.917
280.50	283.50	CAJA;0.640
252.00	255.00	CAFI;0.643
144.00	148.50	CBCH;0.834
160.50	165.00	CBCH;0.885
159.00	163.50	COPO;0.833
195.00	198.00	COPO;0.522
0.00	3.00	DEJU;0.994
16.50	21.00	DEJU;0.695
48.00	51.00	DEJU;0.982
70.50	73.50	DEJU;0.500
85.50	90.00	DEJU;0.940
111.00	115.50	DEJU;0.757
208.50	211.50	EAKI;0.545
180.00	183.00	EAME;0.552
202.50	207.00	EAME;0.813
123.00	126.00	FISP;0.655
58.50	61.50	FOSP;0.732
70.50	73.50	FOSP;0.574
178.50	183.00	FOSP;0.709
255.00	258.00	FOSP;0.509
256.50	259.50	GCSP;0.652
147.00	150.00	HETH;0.573
60.00	63.00	LASP;0.625
118.50	121.50	MAMU;0.534
84.00	87.00	MOCH;0.500
96.00	99.00	MOCH;0.500
102.00	106.50	MOCH;0.934
114.00	132.00	MOCH;0.746
133.50	136.50	MOCH;0.500
139.50	144.00	MOCH;0.645
157.50	160.50	MOCH;0.500
168.00	172.50	MOCH;0.663
196.50	199.50	MOCH;0.717
201.00	205.50	MOCH;0.615
222.00	229.50	MOCH;0.500
240.00	244.50	MOCH;0.500
246.00	249.00	MOCH;0.500
250.50	253.50	MOCH;0.500
262.50	274.50	MOCH;0.947
277.50	280.50	MOCH;0.671
292.50	297.00	MOCH;0.522
165.00	168.00	NOPI;0.709
249.00	252.00	OSFL;0.503
109.50	117.00	PISI;0.980
141.00	145.50	PISI;0.605
163.50	168.00	PISI;0.977
187.50	192.00	PISI;0.855
193.50	196.50	PISI;0.695
177.00	180.00	RECR;0.522
58.50	61.50	REVI;0.506
151.50	154.50	SAND;0.525
37.50	43.50	SNBU;0.749
180.00	183.00	SNBU;0.509
51.00	54.00	SPSA;0.545
238.50	243.00	SPPI;0.564
252.00	255.00	SWSP;0.525
67.50	72.00	TOSO;0.647
135.00	139.50	WEFL;0.875
66.00	69.00	WCSP;0.525
85.50	88.50	WCSP;0.738
97.50	102.00	WCSP;0.930
115.50	118.50	WCSP;0.844
75.00	78.00	WTSP;0.500
81.00	87.00	WTSP;0.973
88.50	93.00	WTSP;0.987
96.00	100.50	WTSP;0.500
102.00	106.50	WTSP;0.657
121.50	132.00	WTSP;0.884
133.50	144.00	WTSP;0.959
150.00	159.00	WTSP;0.978
168.00	174.00	WTSP;0.991
198.00	205.50	WTSP;0.955
222.00	228.00	WTSP;0.976
240.00	244.50	WTSP;0.500
250.50	255.00	WTSP;0.758
258.00	261.00	WTSP;0.500
262.50	268.50	WTSP;0.977
270.00	274.50	WTSP;0.946
277.50	283.50	WTSP;0.959
292.50	297.00	WTSP;0.886
136.50	145.50	YRWA;0.585
147.00	154.50	YRWA;0.990
160.50	165.00	YRWA;0.970
174.00	180.00	YRWA;0.990
