12.00	16.50	AMRO;0.500
25.50	28.50	AMRO;0.500
58.50	61.50	AMRO;0.500
69.00	79.50	AMRO;0.840
81.00	85.50	AMRO;0.572
87.00	91.50	AMRO;0.873
117.00	120.00	AMRO;0.500
129.00	135.00	AMRO;0.919
139.50	144.00	AMRO;0.500
153.00	157.50	AMRO;0.543
168.00	171.00	AMRO;0.500
174.00	178.50	AMRO;0.569
180.00	184.50	AMRO;0.648
193.50	198.00	AMRO;0.763
199.50	207.00	AMRO;0.647
211.50	220.50	AMRO;0.755
240.00	244.50	AMRO;0.854
255.00	259.50	AMRO;0.500
268.50	273.00	AMRO;0.713
277.50	280.50	AMRO;0.500
283.50	286.50	AMRO;0.500
289.50	294.00	AMRO;0.807
174.00	177.00	BAOR;0.524
283.50	286.50	BAOR;0.840
174.00	178.50	BLOY;0.635
75.00	78.00	BBPL;0.550
241.50	244.50	BHVI;0.517
253.50	256.50	CAGU;0.533
223.50	226.50	CAFI;0.550
42.00	46.50	DEJU;0.749
124.50	127.50	DEJU;0.676
139.50	142.50	DOWO;0.803
121.50	124.50	EAME;0.519
244.50	247.50	EAME;0.566
283.50	286.50	EAME;0.667
291.00	295.50	EAME;0.683
123.00	126.00	EATO;0.546
10.50	13.50	FISP;0.500
18.00	27.00	FISP;0.904
31.50	34.50	FISP;0.500
39.00	43.50	FISP;0.588
46.50	51.00	FISP;0.717
54.00	58.50	FISP;0.570
63.00	70.50	FISP;0.500
76.50	82.50	FISP;0.682
87.00	90.00	FISP;0.500
102.00	109.50	FISP;0.606
120.00	123.00	FISP;0.598
129.00	132.00	FISP;0.500
136.50	141.00	FISP;0.871
147.00	150.00	FISP;0.500
171.00	175.50	FISP;0.816
183.00	187.50	FISP;0.500
189.00	196.50	FISP;0.694
207.00	211.50	FISP;0.592
213.00	217.50	FISP;0.835
220.50	225.00	FISP;0.628
231.00	234.00	FISP;0.500
237.00	241.50	FISP;0.597
252.00	255.00	FISP;0.500
256.50	267.00	FISP;0.556
268.50	271.50	FISP;0.616
288.00	291.00	FISP;0.500
294.00	298.50	FISP;0.500
1.50	7.50	FOSP;0.888
10.50	15.00	FOSP;0.547
19.50	22.50	FOSP;0.500
31.50	39.00	FOSP;0.500
40.50	43.50	FOSP;0.503
48.00	52.50	FOSP;0.500
55.50	58.50	FOSP;0.500
64.50	70.50	FOSP;0.500
90.00	94.50	FOSP;0.861
100.50	105.00	FOSP;0.764
112.50	117.00	FOSP;0.916
123.00	127.50	FOSP;0.614
151.50	154.50	FOSP;0.500
159.00	162.00	FOSP;0.621
165.00	169.50	FOSP;0.947
208.50	211.50	FOSP;0.500
235.50	241.50	FOSP;0.500
243.00	249.00	FOSP;0.624
250.50	253.50	FOSP;0.500
261.00	267.00	FOSP;0.647
273.00	277.50	FOSP;0.906
279.00	283.50	FOSP;0.943
285.00	289.50	FOSP;0.969
297.00	300.00	FOSP;0.790
0.00	7.50	GCSP;0.811
10.50	13.50	GCSP;0.500
18.00	25.50	GCSP;0.560
36.00	39.00	GCSP;0.500
40.50	43.50	GCSP;0.500
52.50	55.50	GCSP;0.500
67.50	70.50	GCSP;0.500
84.00	90.00	GCSP;0.622
99.00	105.00	GCSP;0.773
126.00	129.00	GCSP;0.500
135.00	138.00	GCSP;0.643
144.00	147.00	GCSP;0.500
148.50	159.00	GCSP;0.873
160.50	165.00	GCSP;0.500
172.50	175.50	GCSP;0.500
190.50	193.50	GCSP;0.500
235.50	238.50	GCSP;0.500
262.50	265.50	GCSP;0.500
277.50	282.00	GCSP;0.500
88.50	91.50	GWTE;0.548
33.00	36.00	HETH;0.622
123.00	127.50	HETH;0.736
234.00	238.50	HETH;0.973
40.50	43.50	KILL;0.504
247.50	252.00	KILL;0.639
61.50	66.00	LISP;0.675
70.50	75.00	LISP;0.731
132.00	136.50	LISP;0.922
142.50	145.50	LISP;0.532
0.00	4.50	MAMU;0.681
9.00	12.00	MAMU;0.569
18.00	21.00	MAMU;0.656
184.50	189.00	MOBL;0.744
15.00	18.00	MOCH;0.588
129.00	132.00	MOCH;0.553
199.50	202.50	MOCH;0.649
231.00	234.00	MOCH;0.581
96.00	100.50	PIGR;0.819
295.50	298.50	PIGR;0.569
34.50	39.00	PUFI;0.644
139.50	142.50	PUFI;0.654
204.00	208.50	PUFI;0.554
210.00	213.00	PUFI;0.617
222.00	226.50	PUFI;0.521
280.50	285.00	PUFI;0.709
84.00	87.00	REVI;0.515
91.50	96.00	REVI;0.750
69.00	72.00	RBGR;0.674
217.50	222.00	SEPL;0.636
210.00	213.00	SNBU;0.527
243.00	246.00	SNBU;0.531
42.00	45.00	SWSP;0.763
55.50	58.50	SWSP;0.518
66.00	69.00	SWSP;0.695
73.50	76.50	SWSP;0.525
103.50	106.50	SWSP;0.515
226.50	229.50	SWSP;0.611
252.00	255.00	SWSP;0.589
88.50	91.50	TOSO;0.537
187.50	190.50	TOSO;0.502
211.50	214.50	TOSO;0.503
256.50	259.50	TOSO;0.542
160.50	163.50	WCSP;0.505
261.00	264.00	WCSP;0.633
0.00	34.50	WTSP;0.999
36.00	42.00	WTSP;0.996
43.50	64.50	WTSP;0.997
66.00	73.50	WTSP;0.994
75.00	114.00	WTSP;0.997
117.00	123.00	WTSP;0.997
126.00	132.00	WTSP;0.994
133.50	141.00	WTSP;0.925
142.50	166.50	WTSP;0.992
168.00	174.00	WTSP;0.992
175.50	202.50	WTSP;0.999
204.00	216.00	WTSP;0.989
219.00	225.00	WTSP;0.989
228.00	234.00	WTSP;0.993
235.50	240.00	WTSP;0.914
246.00	274.50	WTSP;0.997
276.00	282.00	WTSP;0.902
292.50	298.50	WTSP;0.937
288.00	291.00	WIFL;0.513
40.50	43.50	WIWA;0.500
57.00	60.00	WIWA;0.500
85.50	90.00	WIWA;0.617
94.50	99.00	WIWA;0.827
102.00	106.50	WIWA;0.516
109.50	114.00	WIWA;0.680
126.00	130.50	WIWA;0.816
135.00	139.50	WIWA;0.931
142.50	148.50	WIWA;0.948
150.00	154.50	WIWA;0.905
162.00	166.50	WIWA;0.922
169.50	174.00	WIWA;0.984
241.50	246.00	WIWA;0.944
250.50	255.00	WIWA;0.500
