43.50	46.50	AMDI;0.617
178.50	181.50	AMDI;0.513
334.50	339.00	AMPI;0.896
64.50	69.00	AMRO;0.658
483.00	487.50	AMRO;0.980
534.00	537.00	AMRO;0.874
553.50	556.50	AMRO;0.555
568.50	571.50	AMRO;0.536
291.00	294.00	AMWI;0.695
75.00	78.00	BAOR;0.582
147.00	150.00	BRSP;0.679
199.50	204.00	BRSP;0.545
208.50	213.00	BRSP;0.500
229.50	238.50	BRSP;0.670
247.50	252.00	BRSP;0.646
253.50	259.50	BRSP;0.614
261.00	267.00	BRSP;0.637
268.50	273.00	BRSP;0.839
274.50	280.50	BRSP;0.564
283.50	294.00	BRSP;0.500
298.50	304.50	BRSP;0.680
306.00	312.00	BRSP;0.620
313.50	316.50	BRSP;0.500
318.00	321.00	BRSP;0.500
324.00	328.50	BRSP;0.500
331.50	336.00	BRSP;0.500
339.00	345.00	BRSP;0.519
346.50	352.50	BRSP;0.699
354.00	360.00	BRSP;0.745
361.50	367.50	BRSP;0.656
369.00	375.00	BRSP;0.657
378.00	384.00	BRSP;0.549
385.50	388.50	BRSP;0.548
394.50	399.00	BRSP;0.500
402.00	405.00	BRSP;0.500
412.50	415.50	BRSP;0.500
418.50	424.50	BRSP;0.735
441.00	447.00	BRSP;0.698
450.00	456.00	BRSP;0.703
459.00	465.00	BRSP;0.647
466.50	472.50	BRSP;0.705
474.00	480.00	BRSP;0.652
484.50	489.00	BRSP;0.758
492.00	498.00	BRSP;0.753
501.00	507.00	BRSP;0.542
510.00	523.50	BRSP;0.782
526.50	531.00	BRSP;0.588
532.50	538.50	BRSP;0.809
541.50	547.50	BRSP;0.717
550.50	555.00	BRSP;0.500
558.00	564.00	BRSP;0.814
565.50	571.50	BRSP;0.500
573.00	579.00	BRSP;0.635
580.50	586.50	BRSP;0.682
589.50	595.50	BRSP;0.567
142.50	145.50	CAFI;0.504
138.00	142.50	CHSP;0.861
190.50	195.00	CHSP;0.935
199.50	204.00	CHSP;0.500
208.50	213.00	CHSP;0.579
229.50	235.50	CHSP;0.767
249.00	252.00	CHSP;0.500
253.50	259.50	CHSP;0.755
261.00	267.00	CHSP;0.666
268.50	271.50	CHSP;0.500
276.00	280.50	CHSP;0.913
283.50	288.00	CHSP;0.500
291.00	297.00	CHSP;0.911
298.50	304.50	CHSP;0.793
306.00	312.00	CHSP;0.901
315.00	319.50	CHSP;0.959
324.00	328.50	CHSP;0.772
331.50	336.00	CHSP;0.878
346.50	352.50	CHSP;0.622
354.00	358.50	CHSP;0.556
361.50	367.50	CHSP;0.755
369.00	375.00	CHSP;0.909
378.00	384.00	CHSP;0.903
385.50	391.50	CHSP;0.910
394.50	399.00	CHSP;0.662
402.00	408.00	CHSP;0.925
418.50	424.50	CHSP;0.910
435.00	439.50	CHSP;0.776
442.50	445.50	CHSP;0.729
450.00	456.00	CHSP;0.529
459.00	463.50	CHSP;0.759
466.50	472.50	CHSP;0.699
474.00	480.00	CHSP;0.891
484.50	489.00	CHSP;0.500
492.00	495.00	CHSP;0.500
501.00	507.00	CHSP;0.675
517.50	522.00	CHSP;0.550
532.50	538.50	CHSP;0.621
541.50	546.00	CHSP;0.674
550.50	555.00	CHSP;0.899
558.00	564.00	CHSP;0.716
565.50	570.00	CHSP;0.778
573.00	579.00	CHSP;0.885
591.00	595.50	CHSP;0.624
321.00	324.00	DEJU;0.579
381.00	384.00	DEJU;0.510
445.50	450.00	DEJU;0.684
223.50	226.50	DUNL;0.511
480.00	484.50	EAME;0.728
52.50	57.00	FISP;0.775
102.00	105.00	FISP;0.712
408.00	412.50	FISP;0.590
430.50	433.50	FISP;0.700
439.50	442.50	FISP;0.607
519.00	522.00	FISP;0.798
109.50	112.50	FOSP;0.803
154.50	159.00	FOSP;0.689
480.00	483.00	GCSP;0.532
201.00	204.00	GWWA;0.531
483.00	487.50	GWTE;0.580
147.00	150.00	HASP;0.746
507.00	510.00	HASP;0.514
553.50	556.50	HASP;0.744
9.00	12.00	HOLA;0.530
357.00	360.00	HOWR;0.515
6.00	10.50	LISP;0.574
22.50	28.50	LISP;0.989
42.00	46.50	LISP;0.652
60.00	64.50	LISP;0.770
76.50	81.00	LISP;0.575
93.00	99.00	LISP;0.993
109.50	114.00	LISP;0.865
127.50	132.00	LISP;0.787
162.00	166.50	LISP;0.500
180.00	184.50	LISP;0.581
198.00	202.50	LISP;0.744
216.00	220.50	LISP;0.977
252.00	256.50	LISP;0.966
288.00	292.50	LISP;0.736
304.50	309.00	LISP;0.972
321.00	327.00	LISP;0.966
339.00	343.50	LISP;0.963
355.50	360.00	LISP;0.613
373.50	379.50	LISP;0.994
391.50	396.00	LISP;0.709
409.50	414.00	LISP;0.672
426.00	430.50	LISP;0.986
444.00	448.50	LISP;0.930
462.00	465.00	LISP;0.500
478.50	481.50	LISP;0.570
493.50	498.00	LISP;0.549
511.50	516.00	LISP;0.587
528.00	532.50	LISP;0.500
562.50	567.00	LISP;0.871
580.50	585.00	LISP;0.896
4.50	9.00	MOCH;0.643
21.00	25.50	MOCH;0.899
37.50	43.50	MOCH;0.958
52.50	58.50	MOCH;0.500
66.00	73.50	MOCH;0.920
82.50	94.50	MOCH;0.853
96.00	100.50	MOCH;0.500
102.00	105.00	MOCH;0.500
112.50	115.50	MOCH;0.851
117.00	124.50	MOCH;0.893
133.50	138.00	MOCH;0.507
150.00	153.00	MOCH;0.516
159.00	162.00	MOCH;0.500
165.00	169.50	MOCH;0.500
175.50	180.00	MOCH;0.963
183.00	186.00	MOCH;0.500
193.50	196.50	MOCH;0.500
210.00	216.00	MOCH;0.987
223.50	226.50	MOCH;0.500
228.00	231.00	MOCH;0.500
274.50	279.00	MOCH;0.603
297.00	306.00	MOCH;0.960
312.00	316.50	MOCH;0.581
318.00	322.50	MOCH;0.928
325.50	331.50	MOCH;0.922
358.50	361.50	MOCH;0.500
372.00	375.00	MOCH;0.500
378.00	382.50	MOCH;0.500
390.00	394.50	MOCH;0.688
400.50	403.50	MOCH;0.542
406.50	414.00	MOCH;0.882
423.00	427.50	MOCH;0.812
433.50	436.50	MOCH;0.500
438.00	441.00	MOCH;0.500
451.50	457.50	MOCH;0.915
459.00	462.00	MOCH;0.500
465.00	469.50	MOCH;0.530
471.00	477.00	MOCH;0.885
486.00	492.00	MOCH;0.721
501.00	508.50	MOCH;0.500
514.50	526.50	MOCH;0.705
528.00	531.00	MOCH;0.500
537.00	543.00	MOCH;0.976
547.50	550.50	MOCH;0.884
573.00	576.00	MOCH;0.503
586.50	589.50	MOCH;0.500
334.50	337.50	OCWA;0.735
73.50	78.00	OROR;0.570
258.00	261.00	OROR;0.655
577.50	580.50	PUFI;0.638
178.50	181.50	RECR;0.547
141.00	145.50	REVI;0.618
25.50	28.50	ROWR;0.565
376.50	379.50	ROWR;0.678
144.00	148.50	RUTU;0.541
234.00	237.00	RUTU;0.506
268.50	273.00	RUTU;0.899
286.50	289.50	RUTU;0.541
475.50	480.00	RUTU;0.696
493.50	496.50	RUTU;0.513
510.00	513.00	RUTU;0.657
579.00	582.00	RUTU;0.608
102.00	106.50	RUGR;0.614
337.50	340.50	RUGR;0.534
424.50	427.50	RUGR;0.595
451.50	456.00	RUGR;0.768
117.00	120.00	RUBL;0.574
372.00	375.00	RUBL;0.703
64.50	69.00	SAND;0.798
6.00	10.50	SOSA;0.614
42.00	45.00	SOSA;0.607
112.50	115.50	SOSA;0.550
154.50	159.00	SPSA;0.531
468.00	471.00	TOSO;0.705
546.00	550.50	TOSO;0.626
130.50	133.50	VATH;0.828
81.00	84.00	WEFL;0.836
0.00	3.00	WCSP;0.500
9.00	15.00	WCSP;0.552
87.00	90.00	WCSP;0.500
99.00	109.50	WCSP;0.998
184.50	193.50	WCSP;0.890
237.00	277.50	WCSP;0.997
280.50	292.50	WCSP;0.984
411.00	415.50	WCSP;0.556
474.00	477.00	WCSP;0.500
21.00	24.00	WTSP;0.500
27.00	33.00	WTSP;0.500
37.50	42.00	WTSP;0.752
43.50	48.00	WTSP;0.549
52.50	57.00	WTSP;0.558
66.00	73.50	WTSP;0.577
84.00	88.50	WTSP;0.575
90.00	94.50	WTSP;0.937
96.00	105.00	WTSP;0.994
112.50	124.50	WTSP;0.989
126.00	130.50	WTSP;0.988
133.50	138.00	WTSP;0.500
147.00	153.00	WTSP;0.991
159.00	169.50	WTSP;0.994
177.00	180.00	WTSP;0.571
183.00	186.00	WTSP;0.500
193.50	198.00	WTSP;0.913
211.50	217.50	WTSP;0.865
225.00	232.50	WTSP;0.995
247.50	250.50	WTSP;0.500
261.00	264.00	WTSP;0.500
274.50	279.00	WTSP;0.709
297.00	304.50	WTSP;0.515
312.00	316.50	WTSP;0.728
318.00	321.00	WTSP;0.831
327.00	330.00	WTSP;0.784
390.00	396.00	WTSP;0.512
397.50	418.50	WTSP;0.994
423.00	427.50	WTSP;0.551
429.00	433.50	WTSP;0.902
435.00	444.00	WTSP;0.938
448.50	463.50	WTSP;0.869
465.00	468.00	WTSP;0.533
469.50	475.50	WTSP;0.522
480.00	483.00	WTSP;0.500
486.00	489.00	WTSP;0.500
498.00	520.50	WTSP;0.996
522.00	534.00	WTSP;0.994
535.50	538.50	WTSP;0.500
544.50	550.50	WTSP;0.973
553.50	559.50	WTSP;0.996
565.50	576.00	WTSP;0.970
577.50	580.50	WTSP;0.500
582.00	592.50	WTSP;0.995
303.00	306.00	WIWR;0.522
310.50	315.00	YRWA;0.696
333.00	337.50	YRWA;0.899
456.00	459.00	YRWA;0.573
