253.50	256.50	BAOR;0.638
9.00	12.00	BEWR;0.661
294.00	297.00	BEWR;0.700
166.50	169.50	BCCH;0.547
52.50	55.50	BHVI;0.631
70.50	73.50	BHVI;0.589
79.50	82.50	BRSP;0.509
135.00	138.00	BRSP;0.604
145.50	148.50	BRSP;0.507
204.00	207.00	BRSP;0.512
264.00	267.00	BRSP;0.561
0.00	3.00	CHSP;0.554
162.00	166.50	CHSP;0.882
172.50	181.50	CHSP;0.969
187.50	202.50	CHSP;0.973
207.00	210.00	CHSP;0.500
223.50	228.00	CHSP;0.719
253.50	256.50	CHSP;0.669
259.50	262.50	CHSP;0.500
87.00	90.00	CCSP;0.561
135.00	138.00	CCSP;0.527
192.00	195.00	EAME;0.747
163.50	166.50	EATO;0.745
285.00	289.50	EATO;0.672
207.00	210.00	EVGR;0.515
1.50	4.50	FOSP;0.500
6.00	12.00	FOSP;0.957
27.00	31.50	FOSP;0.893
40.50	46.50	FOSP;0.935
51.00	54.00	FOSP;0.655
55.50	60.00	FOSP;0.978
61.50	66.00	FOSP;0.817
67.50	76.50	FOSP;0.981
81.00	85.50	FOSP;0.969
91.50	96.00	FOSP;0.500
97.50	105.00	FOSP;0.990
108.00	114.00	FOSP;0.970
118.50	123.00	FOSP;0.891
124.50	130.50	FOSP;0.975
136.50	144.00	FOSP;0.974
156.00	162.00	FOSP;0.891
165.00	169.50	FOSP;0.932
174.00	180.00	FOSP;0.558
181.50	187.50	FOSP;0.977
193.50	201.00	FOSP;0.586
204.00	208.50	FOSP;0.505
211.50	216.00	FOSP;0.937
217.50	223.50	FOSP;0.936
228.00	232.50	FOSP;0.794
238.50	243.00	FOSP;0.967
256.50	262.50	FOSP;0.970
274.50	279.00	FOSP;0.903
283.50	288.00	FOSP;0.599
291.00	295.50	FOSP;0.831
16.50	19.50	GCSP;0.549
63.00	66.00	GCSP;0.540
73.50	76.50	GCSP;0.604
121.50	124.50	GCSP;0.601
127.50	133.50	GCSP;0.934
171.00	174.00	GCSP;0.571
201.00	204.00	GCSP;0.592
213.00	217.50	GCSP;0.765
249.00	252.00	GCSP;0.521
255.00	258.00	GCSP;0.526
4.50	7.50	HASP;0.503
12.00	15.00	HASP;0.520
21.00	24.00	HASP;0.524
46.50	49.50	HASP;0.804
52.50	55.50	HASP;0.534
84.00	87.00	HASP;0.555
144.00	147.00	HASP;0.506
243.00	246.00	HASP;0.530
288.00	291.00	HASP;0.501
210.00	213.00	LASP;0.573
243.00	246.00	LASP;0.532
297.00	300.00	LASP;0.593
9.00	13.50	LISP;0.500
39.00	43.50	LISP;0.959
79.50	84.00	LISP;0.500
106.50	109.50	LISP;0.861
151.50	154.50	LISP;0.684
172.50	175.50	LISP;0.500
178.50	183.00	LISP;0.714
189.00	193.50	LISP;0.821
199.50	202.50	LISP;0.745
208.50	213.00	LISP;0.648
220.50	225.00	LISP;0.776
231.00	234.00	LISP;0.500
241.50	244.50	LISP;0.500
259.50	264.00	LISP;0.599
270.00	274.50	LISP;0.500
282.00	286.50	LISP;0.826
294.00	300.00	LISP;0.759
30.00	34.50	MAMU;0.679
235.50	241.50	MOCH;0.823
246.00	249.00	MOCH;0.613
288.00	291.00	MOCH;0.505
25.50	28.50	NOCA;0.882
67.50	70.50	NOCA;0.527
108.00	111.00	NOCA;0.546
118.50	121.50	NOCA;0.618
256.50	259.50	NOCA;0.531
61.50	64.50	OROR;0.569
174.00	180.00	OROR;0.754
205.50	208.50	OROR;0.554
252.00	255.00	OROR;0.898
37.50	40.50	PIGR;0.733
40.50	45.00	PUFI;0.532
51.00	54.00	PUFI;0.755
81.00	85.50	PUFI;0.691
93.00	96.00	PUFI;0.530
109.50	112.50	PUFI;0.649
139.50	142.50	PUFI;0.644
172.50	177.00	PUFI;0.770
195.00	201.00	PUFI;0.616
241.50	244.50	PUFI;0.698
18.00	22.50	RECR;0.735
25.50	28.50	RECR;0.526
6.00	9.00	ROWR;0.609
36.00	39.00	ROWR;0.519
67.50	70.50	ROWR;0.721
78.00	81.00	ROWR;0.737
133.50	138.00	ROWR;0.668
264.00	267.00	ROWR;0.703
58.50	61.50	SBDO;0.506
51.00	54.00	SNBU;0.546
91.50	94.50	SNBU;0.647
108.00	112.50	SNBU;0.563
138.00	141.00	SNBU;0.514
177.00	180.00	SNBU;0.505
229.50	232.50	SNBU;0.539
4.50	7.50	SPGR;0.551
223.50	226.50	SWHA;0.618
0.00	3.00	SWSP;0.769
90.00	94.50	SWSP;0.618
117.00	120.00	SWSP;0.585
148.50	154.50	SWSP;0.914
162.00	166.50	SWSP;0.607
171.00	175.50	SWSP;0.500
189.00	192.00	SWSP;0.500
199.50	202.50	SWSP;0.500
222.00	226.50	SWSP;0.500
271.50	276.00	SWSP;0.937
295.50	300.00	SWSP;0.500
46.50	49.50	VATH;0.622
93.00	96.00	VATH;0.676
111.00	114.00	VATH;0.756
244.50	247.50	VATH;0.563
253.50	256.50	VATH;0.682
265.50	270.00	VATH;0.956
1.50	9.00	WCSP;1.000
12.00	16.50	WCSP;0.972
22.50	27.00	WCSP;0.984
31.50	39.00	WCSP;0.988
43.50	52.50	WCSP;0.979
54.00	58.50	WCSP;0.991
63.00	82.50	WCSP;0.980
85.50	90.00	WCSP;0.970
94.50	99.00	WCSP;0.965
100.50	108.00	WCSP;0.977
109.50	117.00	WCSP;0.983
120.00	130.50	WCSP;0.986
133.50	138.00	WCSP;0.960
142.50	148.50	WCSP;0.973
153.00	163.50	WCSP;0.984
168.00	172.50	WCSP;0.992
184.50	190.50	WCSP;0.986
201.00	207.00	WCSP;0.997
208.50	213.00	WCSP;0.500
214.50	219.00	WCSP;0.954
226.50	231.00	WCSP;0.987
249.00	255.00	WCSP;0.966
261.00	267.00	WCSP;0.992
282.00	286.50	WCSP;0.787
289.50	294.00	WCSP;0.953
4.50	7.50	WTSP;0.500
12.00	19.50	WTSP;0.978
21.00	37.50	WTSP;0.961
48.00	57.00	WTSP;0.974
60.00	64.50	WTSP;0.993
73.50	78.00	WTSP;0.510
79.50	82.50	WTSP;0.500
84.00	87.00	WTSP;0.547
88.50	93.00	WTSP;0.998
120.00	124.50	WTSP;0.668
129.00	136.50	WTSP;0.892
142.50	156.00	WTSP;0.997
157.50	165.00	WTSP;0.600
168.00	175.50	WTSP;0.672
183.00	192.00	WTSP;0.597
193.50	202.50	WTSP;0.961
207.00	213.00	WTSP;0.973
216.00	229.50	WTSP;0.795
231.00	240.00	WTSP;0.992
243.00	252.00	WTSP;0.968
253.50	259.50	WTSP;0.888
261.00	273.00	WTSP;0.994
277.50	285.00	WTSP;0.998
286.50	292.50	WTSP;0.922
295.50	300.00	WTSP;0.817
108.00	111.00	WWCR;0.672
205.50	208.50	WWCR;0.579
222.00	225.00	WWCR;0.539
