238.50	241.50	AMDI;0.557
244.50	247.50	AMDI;0.544
271.50	274.50	AMDI;0.574
285.00	288.00	AMDI;0.565
292.50	295.50	AMDI;0.536
0.00	82.50	AMRO;0.997
84.00	97.50	AMRO;0.977
115.50	121.50	AMRO;0.729
124.50	129.00	AMRO;0.960
130.50	148.50	AMRO;0.940
151.50	154.50	AMRO;0.500
172.50	177.00	AMRO;0.677
181.50	184.50	AMRO;0.500
12.00	15.00	BAOR;0.515
135.00	138.00	BAOR;0.506
141.00	148.50	BAOR;0.644
90.00	93.00	BHGR;0.524
54.00	57.00	BTNW;0.624
244.50	247.50	BTNW;0.562
105.00	108.00	BRSP;0.512
109.50	114.00	BRSP;0.593
1.50	4.50	BRTH;0.541
36.00	39.00	BRTH;0.722
58.50	61.50	BRTH;0.587
63.00	66.00	BRTH;0.508
69.00	72.00	BRTH;0.501
118.50	121.50	BRTH;0.557
118.50	121.50	CHSW;0.534
139.50	142.50	CHSW;0.631
40.50	43.50	DEJU;0.556
73.50	76.50	DEJU;0.610
111.00	115.50	EATO;0.593
6.00	12.00	FOSP;0.812
13.50	18.00	FOSP;0.500
24.00	31.50	FOSP;0.601
37.50	42.00	FOSP;0.540
46.50	51.00	FOSP;0.858
58.50	61.50	FOSP;0.573
63.00	67.50	FOSP;0.858
75.00	78.00	FOSP;0.500
81.00	87.00	FOSP;0.808
106.50	111.00	FOSP;0.734
129.00	133.50	FOSP;0.737
138.00	145.50	FOSP;0.603
162.00	166.50	FOSP;0.985
174.00	183.00	FOSP;0.739
189.00	198.00	FOSP;0.949
222.00	226.50	FOSP;0.860
238.50	243.00	FOSP;0.590
255.00	259.50	FOSP;0.643
273.00	277.50	FOSP;0.544
289.50	292.50	FOSP;0.500
154.50	162.00	GCSP;0.628
48.00	51.00	GRCA;0.606
79.50	85.50	GRCA;0.552
7.50	10.50	GRYE;0.719
31.50	34.50	GRYE;0.822
87.00	90.00	GRYE;0.875
157.50	160.50	HETH;0.697
67.50	72.00	HOFI;0.564
130.50	135.00	LESA;0.682
42.00	45.00	LISP;0.966
75.00	78.00	LISP;0.656
111.00	114.00	LISP;0.566
204.00	207.00	LISP;0.559
34.50	37.50	MOBL;0.517
42.00	46.50	MOBL;0.964
54.00	58.50	MOBL;0.758
132.00	136.50	MOCH;0.612
169.50	172.50	NOPI;0.590
24.00	28.50	PUFI;0.780
69.00	72.00	PUFI;0.548
75.00	78.00	PUFI;0.507
7.50	10.50	REVI;0.616
27.00	30.00	RBGR;0.532
39.00	43.50	RBGR;0.634
90.00	93.00	RBGR;0.614
63.00	66.00	RUGR;0.623
90.00	94.50	RUGR;0.590
243.00	247.50	RUGR;0.648
267.00	270.00	RUGR;0.508
235.50	238.50	RUBL;0.510
291.00	295.50	RUBL;0.619
183.00	186.00	SBIG;0.540
4.50	9.00	SNBU;0.559
69.00	72.00	SNBU;0.626
127.50	132.00	SNBU;0.919
177.00	183.00	SNBU;0.688
151.50	154.50	SOSA;0.501
175.50	180.00	SOSA;0.687
207.00	210.00	SOSA;0.507
232.50	235.50	SOSA;0.507
0.00	4.50	SUTA;0.786
21.00	24.00	SUTA;0.514
40.50	43.50	SWSP;0.594
151.50	157.50	SWSP;0.961
166.50	171.00	SWSP;0.779
1.50	6.00	VATH;0.932
12.00	15.00	VATH;0.500
30.00	33.00	VATH;0.500
159.00	163.50	VATH;0.529
172.50	175.50	VATH;0.500
180.00	186.00	VATH;0.933
211.50	216.00	VATH;0.682
217.50	222.00	VATH;0.500
226.50	229.50	VATH;0.805
246.00	253.50	VATH;0.500
276.00	279.00	VATH;0.500
288.00	291.00	VATH;0.574
57.00	60.00	VESP;0.501
9.00	12.00	WCSP;0.500
13.50	21.00	WCSP;0.959
27.00	31.50	WCSP;0.711
48.00	52.50	WCSP;0.611
61.50	67.50	WCSP;0.500
73.50	76.50	WCSP;0.500
82.50	87.00	WCSP;0.500
97.50	111.00	WCSP;0.957
115.50	118.50	WCSP;0.803
121.50	126.00	WCSP;0.500
129.00	133.50	WCSP;0.613
136.50	147.00	WCSP;0.983
148.50	151.50	WCSP;0.500
157.50	160.50	WCSP;0.500
163.50	168.00	WCSP;0.595
174.00	183.00	WCSP;0.825
184.50	189.00	WCSP;0.790
190.50	193.50	WCSP;0.500
195.00	198.00	WCSP;0.500
237.00	240.00	WCSP;0.500
244.50	249.00	WCSP;0.603
271.50	276.00	WCSP;0.696
282.00	285.00	WCSP;0.538
291.00	295.50	WCSP;0.522
0.00	6.00	WTSP;0.918
16.50	19.50	WTSP;0.762
24.00	27.00	WTSP;0.500
31.50	36.00	WTSP;0.954
51.00	60.00	WTSP;0.804
67.50	76.50	WTSP;0.881
78.00	90.00	WTSP;0.996
91.50	121.50	WTSP;0.998
123.00	129.00	WTSP;0.977
132.00	142.50	WTSP;0.822
144.00	180.00	WTSP;0.995
183.00	300.00	WTSP;1.000
178.50	181.50	WWCR;0.502
6.00	9.00	WIWA;0.500
18.00	22.50	WIWA;0.974
43.50	49.50	WIWA;0.988
111.00	117.00	WIWA;0.989
118.50	124.50	WIWA;0.992
126.00	130.50	WIWA;0.987
133.50	138.00	WIWA;0.984
139.50	150.00	WIWA;0.986
