0.00	126.00	AMRO;0.996
127.50	259.50	AMRO;0.999
261.00	283.50	AMRO;0.965
285.00	300.00	AMRO;0.983
168.00	172.50	ATSP;0.820
193.50	198.00	ATSP;0.562
138.00	141.00	BAOR;0.524
0.00	10.50	BHGR;0.690
13.50	21.00	BHGR;0.721
24.00	39.00	BHGR;0.853
43.50	46.50	BHGR;0.500
48.00	58.50	BHGR;0.922
61.50	64.50	BHGR;0.500
69.00	72.00	BHGR;0.500
73.50	76.50	BHGR;0.500
78.00	81.00	BHGR;0.500
84.00	88.50	BHGR;0.500
96.00	106.50	BHGR;0.514
111.00	124.50	BHGR;0.538
127.50	132.00	BHGR;0.827
133.50	136.50	BHGR;0.500
145.50	148.50	BHGR;0.500
157.50	162.00	BHGR;0.695
166.50	181.50	BHGR;0.690
196.50	201.00	BHGR;0.836
204.00	208.50	BHGR;0.853
238.50	243.00	BHGR;0.500
258.00	261.00	BHGR;0.500
270.00	276.00	BHGR;0.533
279.00	282.00	BHGR;0.500
285.00	289.50	BHGR;0.534
294.00	300.00	BHGR;0.500
228.00	231.00	BTNW;0.772
264.00	267.00	BTNW;0.629
288.00	291.00	BTNW;0.614
195.00	199.50	BOWA;0.660
40.50	43.50	BRSP;0.817
111.00	115.50	BRSP;0.690
247.50	250.50	BRSP;0.552
267.00	270.00	BRSP;0.537
283.50	286.50	BRSP;0.794
21.00	24.00	BRTH;0.590
27.00	30.00	BRTH;0.548
31.50	37.50	BRTH;0.625
49.50	61.50	BRTH;0.748
63.00	66.00	BRTH;0.662
75.00	81.00	BRTH;0.760
100.50	105.00	BRTH;0.793
121.50	127.50	BRTH;0.880
132.00	135.00	BRTH;0.588
154.50	157.50	BRTH;0.562
159.00	162.00	BRTH;0.549
169.50	172.50	BRTH;0.650
196.50	199.50	BRTH;0.632
253.50	256.50	BRTH;0.508
274.50	277.50	BRTH;0.748
288.00	291.00	BRTH;0.604
36.00	40.50	CAFI;0.562
217.50	220.50	CAFI;0.724
126.00	129.00	CAVI;0.618
87.00	91.50	CHSP;0.904
112.50	115.50	CHSP;0.569
231.00	234.00	CCSP;0.774
274.50	277.50	CCSP;0.611
291.00	294.00	CCSP;0.564
288.00	291.00	GRCA;0.509
9.00	13.50	LISP;0.971
49.50	54.00	LISP;0.579
90.00	94.50	LISP;0.628
100.50	103.50	LISP;0.500
106.50	109.50	LISP;0.500
117.00	121.50	LISP;0.828
130.50	135.00	LISP;0.628
144.00	148.50	LISP;0.971
171.00	174.00	LISP;0.500
183.00	187.50	LISP;0.957
211.50	216.00	LISP;0.550
225.00	229.50	LISP;0.939
240.00	243.00	LISP;0.500
247.50	250.50	LISP;0.704
252.00	258.00	LISP;0.991
279.00	282.00	LISP;0.500
294.00	298.50	LISP;0.573
79.50	84.00	MOBL;0.674
175.50	178.50	MOCH;0.542
79.50	82.50	PESA;0.689
1.50	4.50	PIGR;0.874
82.50	87.00	PIGR;0.613
274.50	280.50	PISI;0.540
36.00	39.00	PUFI;0.548
126.00	129.00	PUFI;0.670
156.00	160.50	PUFI;0.583
190.50	193.50	PUFI;0.522
63.00	66.00	REVI;0.502
244.50	247.50	ROWR;0.540
252.00	255.00	ROWR;0.508
259.50	262.50	ROWR;0.545
0.00	7.50	RBGR;0.699
10.50	21.00	RBGR;0.832
24.00	30.00	RBGR;0.672
39.00	42.00	RBGR;0.586
43.50	48.00	RBGR;0.548
52.50	57.00	RBGR;0.500
58.50	63.00	RBGR;0.717
67.50	72.00	RBGR;0.691
81.00	85.50	RBGR;0.955
88.50	91.50	RBGR;0.500
93.00	96.00	RBGR;0.500
108.00	120.00	RBGR;0.770
127.50	133.50	RBGR;0.918
139.50	142.50	RBGR;0.500
156.00	162.00	RBGR;0.782
169.50	174.00	RBGR;0.540
184.50	189.00	RBGR;0.500
196.50	201.00	RBGR;0.500
207.00	213.00	RBGR;0.500
214.50	219.00	RBGR;0.671
240.00	246.00	RBGR;0.500
7.50	16.50	RUGR;0.708
24.00	28.50	RUGR;0.649
33.00	43.50	RUGR;0.847
49.50	57.00	RUGR;0.500
61.50	66.00	RUGR;0.500
76.50	79.50	RUGR;0.562
102.00	105.00	RUGR;0.500
111.00	114.00	RUGR;0.500
115.50	120.00	RUGR;0.605
121.50	124.50	RUGR;0.500
141.00	144.00	RUGR;0.507
148.50	151.50	RUGR;0.500
172.50	175.50	RUGR;0.500
183.00	186.00	RUGR;0.500
189.00	192.00	RUGR;0.500
193.50	198.00	RUGR;0.500
204.00	207.00	RUGR;0.500
225.00	228.00	RUGR;0.500
247.50	253.50	RUGR;0.865
255.00	258.00	RUGR;0.500
261.00	265.50	RUGR;0.757
273.00	283.50	RUGR;0.561
288.00	294.00	RUGR;0.500
220.50	223.50	RUBL;0.530
234.00	237.00	RUBL;0.577
271.50	274.50	RUBL;0.522
18.00	22.50	SBDO;0.589
141.00	145.50	SBDO;0.678
252.00	255.00	SBDO;0.564
40.50	45.00	SUTA;0.799
51.00	55.50	SUTA;0.820
84.00	90.00	SUTA;0.628
18.00	22.50	TOSO;0.728
36.00	43.50	TOSO;0.655
51.00	54.00	TOSO;0.610
63.00	66.00	TOSO;0.519
70.50	73.50	TOSO;0.533
91.50	94.50	TOSO;0.506
103.50	106.50	TOSO;0.683
145.50	150.00	TOSO;0.525
157.50	160.50	TOSO;0.676
162.00	166.50	TOSO;0.669
171.00	174.00	TOSO;0.583
267.00	271.50	TOSO;0.709
276.00	283.50	TOSO;0.724
295.50	300.00	TOSO;0.627
219.00	222.00	VESP;0.639
85.50	90.00	WETA;0.579
148.50	153.00	WETA;0.508
229.50	232.50	WETA;0.597
193.50	210.00	WCSP;0.985
213.00	219.00	WCSP;0.985
222.00	226.50	WCSP;0.989
228.00	234.00	WCSP;0.959
235.50	240.00	WCSP;0.986
241.50	255.00	WCSP;0.988
256.50	262.50	WCSP;0.988
264.00	270.00	WCSP;0.987
271.50	277.50	WCSP;0.989
280.50	286.50	WCSP;0.990
288.00	294.00	WCSP;0.982
297.00	300.00	WCSP;0.981
261.00	264.00	WTSP;0.574
160.50	163.50	YTVI;0.637
