516.00	519.00	ACFL;0.517
162.00	166.50	AMDI;0.803
213.00	216.00	AMDI;0.536
333.00	336.00	AMDI;0.640
202.50	205.50	AMGP;0.537
459.00	462.00	AMGP;0.533
121.50	124.50	AGOL;0.547
316.50	319.50	AGOL;0.571
136.50	139.50	ATSP;0.510
184.50	189.00	ATSP;0.673
498.00	501.00	ANHU;0.686
295.50	298.50	BARS;0.543
235.50	240.00	BEWR;0.659
16.50	21.00	BCCH;0.617
313.50	316.50	BOCH;0.539
88.50	91.50	BRBL;0.565
451.50	456.00	BRSP;0.618
66.00	69.00	CAFI;0.518
147.00	151.50	CHSW;0.604
181.50	186.00	CHSW;0.697
211.50	214.50	CHSW;0.513
267.00	270.00	CHSW;0.519
82.50	85.50	DUFL;0.517
340.50	345.00	DUFL;0.887
169.50	174.00	EAKI;0.582
210.00	213.00	EAKI;0.575
265.50	270.00	EAKI;0.733
286.50	289.50	EAKI;0.657
465.00	469.50	EATO;0.943
478.50	481.50	EATO;0.622
486.00	490.50	EATO;0.666
508.50	511.50	EATO;0.542
63.00	67.50	FOSP;0.803
76.50	81.00	FOSP;0.927
90.00	94.50	FOSP;0.749
103.50	108.00	FOSP;0.968
118.50	123.00	FOSP;0.946
138.00	142.50	FOSP;0.788
382.50	391.50	FOSP;0.635
460.50	465.00	FOSP;0.500
466.50	471.00	FOSP;0.603
472.50	477.00	FOSP;0.750
487.50	490.50	FOSP;0.500
495.00	499.50	FOSP;0.882
502.50	514.50	FOSP;0.956
516.00	529.50	FOSP;0.923
532.50	538.50	FOSP;0.791
550.50	555.00	FOSP;0.557
573.00	577.50	FOSP;0.801
478.50	481.50	HETH;0.609
508.50	511.50	HETH;0.810
516.00	519.00	HETH;0.500
534.00	537.00	HETH;0.734
3.00	7.50	HOLA;0.575
97.50	100.50	HOLA;0.663
114.00	118.50	HOLA;0.547
169.50	172.50	HOLA;0.760
306.00	312.00	HOLA;0.854
574.50	579.00	HOLA;0.962
591.00	594.00	HOLA;0.577
159.00	162.00	HOSP;0.646
322.50	325.50	HOSP;0.525
13.50	18.00	HOWR;0.635
15.00	18.00	LISP;0.500
27.00	31.50	LISP;0.500
40.50	43.50	LISP;0.500
52.50	57.00	LISP;0.658
67.50	72.00	LISP;0.500
94.50	99.00	LISP;0.938
108.00	111.00	LISP;0.856
115.50	120.00	LISP;0.500
148.50	153.00	LISP;0.838
162.00	166.50	LISP;0.500
187.50	190.50	LISP;0.708
199.50	204.00	LISP;0.981
213.00	216.00	LISP;0.500
226.50	231.00	LISP;0.789
354.00	358.50	LISP;0.557
364.50	369.00	LISP;0.601
378.00	382.50	LISP;0.903
385.50	388.50	LISP;0.500
390.00	397.50	LISP;0.728
402.00	405.00	LISP;0.500
408.00	412.50	LISP;0.935
423.00	426.00	LISP;0.578
439.50	444.00	LISP;0.500
471.00	474.00	LISP;0.500
484.50	487.50	LISP;0.500
499.50	504.00	LISP;0.934
513.00	517.50	LISP;0.895
387.00	394.50	MGWA;0.829
13.50	16.50	MOCH;0.553
504.00	507.00	OSFL;0.734
414.00	417.00	PHVI;0.575
0.00	15.00	PISI;0.989
18.00	21.00	PISI;0.500
22.50	27.00	PISI;0.792
99.00	115.50	PISI;0.998
127.50	150.00	PISI;0.956
151.50	160.50	PISI;0.675
166.50	189.00	PISI;0.972
190.50	195.00	PISI;0.726
208.50	211.50	PISI;0.500
214.50	355.50	PISI;0.999
358.50	369.00	PISI;0.983
400.50	405.00	PISI;0.527
409.50	430.50	PISI;0.985
475.50	490.50	PISI;0.997
502.50	505.50	PISI;0.500
532.50	543.00	PISI;0.987
582.00	586.50	PISI;0.979
588.00	592.50	PISI;0.929
138.00	141.00	PUFI;0.501
457.50	460.50	PUFI;0.526
535.50	538.50	PUFI;0.505
571.50	574.50	RECR;0.609
52.50	55.50	ROWR;0.500
349.50	352.50	ROWR;0.500
378.00	381.00	ROWR;0.500
393.00	396.00	ROWR;0.752
408.00	412.50	ROWR;0.500
421.50	426.00	ROWR;0.772
439.50	444.00	ROWR;0.703
454.50	459.00	ROWR;0.697
469.50	474.00	ROWR;0.790
499.50	504.00	ROWR;0.531
513.00	517.50	ROWR;0.500
594.00	598.50	ROWR;0.511
454.50	457.50	RUTU;0.558
469.50	472.50	RUTU;0.664
84.00	88.50	RUGR;0.598
114.00	117.00	RUGR;0.590
549.00	552.00	SAPH;0.511
349.50	352.50	SESA;0.582
504.00	508.50	SNBU;0.651
519.00	523.50	SNBU;0.593
550.50	555.00	SNBU;0.601
222.00	225.00	SOSA;0.506
333.00	337.50	SOSA;0.592
451.50	456.00	SOSP;0.742
462.00	465.00	SOSP;0.513
75.00	78.00	SPSA;0.540
88.50	91.50	SPSA;0.532
6.00	10.50	SWSP;0.773
19.50	24.00	SWSP;0.524
46.50	51.00	SWSP;0.885
67.50	70.50	SWSP;0.500
73.50	78.00	SWSP;0.741
79.50	84.00	SWSP;0.886
85.50	90.00	SWSP;0.783
114.00	118.50	SWSP;0.877
121.50	124.50	SWSP;0.500
133.50	138.00	SWSP;0.721
160.50	165.00	SWSP;0.541
175.50	180.00	SWSP;0.662
183.00	187.50	SWSP;0.598
196.50	202.50	SWSP;0.932
204.00	207.00	SWSP;0.500
216.00	220.50	SWSP;0.508
274.50	277.50	SWSP;0.500
285.00	288.00	SWSP;0.617
294.00	297.00	SWSP;0.625
310.50	315.00	SWSP;0.500
357.00	360.00	SWSP;0.500
432.00	436.50	SWSP;0.883
447.00	450.00	SWSP;0.500
459.00	463.50	SWSP;0.774
465.00	468.00	SWSP;0.500
472.50	477.00	SWSP;0.696
478.50	483.00	SWSP;0.500
492.00	496.50	SWSP;0.500
507.00	511.50	SWSP;0.500
520.50	525.00	SWSP;0.727
526.50	531.00	SWSP;0.811
541.50	546.00	SWSP;0.724
555.00	559.50	SWSP;0.890
562.50	567.00	SWSP;0.508
583.50	588.00	SWSP;0.541
592.50	595.50	SWSP;0.500
60.00	63.00	VGSW;0.519
142.50	145.50	VGSW;0.589
205.50	210.00	VGSW;0.614
225.00	228.00	VGSW;0.611
586.50	591.00	VGSW;0.895
99.00	102.00	WEFL;0.514
456.00	465.00	WCSP;0.974
67.50	72.00	WTSP;0.607
555.00	561.00	WTSP;0.688
357.00	360.00	WIWR;0.554
507.00	510.00	WIWR;0.538
540.00	544.50	WIWR;0.555
129.00	133.50	YBFL;0.511
121.50	126.00	YRWA;0.689
333.00	336.00	YRWA;0.559
