142.50	145.50	BEWR;0.585
12.00	15.00	BCCH;0.540
178.50	181.50	BTNW;0.758
190.50	195.00	BTNW;0.613
217.50	220.50	BTNW;0.643
162.00	165.00	BRSP;0.523
240.00	243.00	BRSP;0.513
72.00	75.00	CHSW;0.503
81.00	84.00	CHSW;0.657
148.50	153.00	CHSP;0.695
189.00	193.50	CHSP;0.854
208.50	213.00	CHSP;0.718
255.00	258.00	CHSP;0.522
276.00	279.00	CHSP;0.627
285.00	288.00	CHSP;0.639
195.00	199.50	COHA;0.602
136.50	139.50	EAME;0.626
154.50	157.50	EAME;0.511
103.50	106.50	EVGR;0.833
195.00	198.00	EVGR;0.505
63.00	66.00	FISP;0.607
114.00	117.00	FISP;0.557
129.00	132.00	FISP;0.515
202.50	205.50	FISP;0.555
250.50	253.50	FISP;0.550
69.00	72.00	FOSP;0.500
93.00	96.00	FOSP;0.500
106.50	111.00	FOSP;0.500
117.00	121.50	FOSP;0.808
123.00	127.50	FOSP;0.846
136.50	144.00	FOSP;0.508
156.00	160.50	FOSP;0.799
174.00	180.00	FOSP;0.913
187.50	192.00	FOSP;0.941
196.50	199.50	FOSP;0.500
213.00	217.50	FOSP;0.974
226.50	229.50	FOSP;0.500
232.50	237.00	FOSP;0.735
249.00	253.50	FOSP;0.636
271.50	274.50	FOSP;0.783
282.00	286.50	FOSP;0.500
292.50	298.50	FOSP;0.886
3.00	6.00	GCSP;0.707
22.50	27.00	GCSP;0.622
33.00	36.00	GCSP;0.676
43.50	46.50	GCSP;0.516
52.50	55.50	GCSP;0.662
61.50	64.50	GCSP;0.516
91.50	94.50	GCSP;0.687
96.00	99.00	GCSP;0.524
129.00	132.00	GCSP;0.669
192.00	195.00	GCSP;0.508
202.50	205.50	GCSP;0.599
220.50	223.50	GCSP;0.516
225.00	228.00	GCSP;0.541
231.00	234.00	GCSP;0.577
277.50	280.50	GCSP;0.645
289.50	292.50	GCSP;0.501
169.50	172.50	HASP;0.528
240.00	243.00	HASP;0.568
226.50	229.50	LISP;0.514
19.50	22.50	MOCH;0.551
238.50	241.50	MOCH;0.663
244.50	247.50	MOCH;0.775
282.00	285.00	MOCH;0.510
138.00	141.00	OROR;0.616
6.00	9.00	ROWR;0.519
166.50	169.50	RUBL;0.599
126.00	129.00	SBDO;0.516
0.00	3.00	SNBU;0.773
37.50	42.00	SNBU;0.653
60.00	64.50	SNBU;0.538
84.00	88.50	SNBU;0.744
100.50	103.50	SNBU;0.514
117.00	120.00	SNBU;0.555
156.00	159.00	SNBU;0.566
172.50	177.00	SNBU;0.775
214.50	217.50	SNBU;0.554
270.00	274.50	SNBU;0.575
33.00	36.00	SWSP;0.510
49.50	54.00	SWSP;0.938
57.00	61.50	SWSP;0.854
73.50	76.50	SWSP;0.574
115.50	118.50	SWSP;0.510
123.00	126.00	SWSP;0.715
265.50	270.00	TOSO;0.820
46.50	51.00	VATH;0.647
82.50	87.00	VATH;0.943
93.00	97.50	VATH;0.847
103.50	108.00	VATH;0.806
153.00	156.00	VATH;0.606
181.50	186.00	VATH;0.701
192.00	196.50	VATH;0.500
4.50	12.00	WCSP;0.993
13.50	18.00	WCSP;0.994
19.50	28.50	WCSP;0.988
34.50	39.00	WCSP;0.990
42.00	49.50	WCSP;0.994
54.00	58.50	WCSP;0.989
64.50	73.50	WCSP;0.992
75.00	81.00	WCSP;0.992
85.50	93.00	WCSP;0.989
97.50	102.00	WCSP;0.991
109.50	114.00	WCSP;0.989
120.00	124.50	WCSP;0.994
130.50	135.00	WCSP;0.990
139.50	148.50	WCSP;0.985
150.00	165.00	WCSP;0.990
168.00	175.50	WCSP;0.990
178.50	187.50	WCSP;0.992
190.50	198.00	WCSP;0.988
202.50	210.00	WCSP;0.994
211.50	216.00	WCSP;0.979
217.50	226.50	WCSP;0.992
231.00	235.50	WCSP;0.973
241.50	250.50	WCSP;0.991
252.00	265.50	WCSP;0.998
268.50	283.50	WCSP;0.992
286.50	294.00	WCSP;0.995
3.00	6.00	WTSP;0.500
27.00	31.50	WTSP;0.958
33.00	36.00	WTSP;0.500
43.50	46.50	WTSP;0.631
52.50	55.50	WTSP;0.500
57.00	60.00	WTSP;0.500
96.00	99.00	WTSP;0.511
102.00	111.00	WTSP;0.859
114.00	117.00	WTSP;0.500
129.00	132.00	WTSP;0.500
138.00	142.50	WTSP;0.814
147.00	150.00	WTSP;0.539
165.00	172.50	WTSP;0.500
190.50	195.00	WTSP;0.514
198.00	201.00	WTSP;0.500
202.50	205.50	WTSP;0.500
220.50	223.50	WTSP;0.500
235.50	243.00	WTSP;0.991
244.50	249.00	WTSP;0.500
262.50	268.50	WTSP;0.854
277.50	288.00	WTSP;0.682
295.50	300.00	WTSP;0.969
72.00	75.00	WIWA;0.654
79.50	82.50	WIWA;0.832
228.00	231.00	WIWR;0.631
