15.00	18.00	AMWO;0.504
39.00	42.00	AMWO;0.742
190.50	193.50	CAFI;0.510
196.50	199.50	CHSP;0.717
204.00	207.00	CHSP;0.733
93.00	96.00	EAME;0.619
78.00	81.00	FISP;0.779
10.50	13.50	HETH;0.511
210.00	213.00	HOLA;0.500
10.50	16.50	MOCH;0.985
22.50	28.50	MOCH;0.850
36.00	39.00	MOCH;0.500
49.50	54.00	MOCH;0.721
64.50	69.00	MOCH;0.838
91.50	94.50	MOCH;0.705
114.00	117.00	MOCH;0.512
159.00	163.50	MOCH;0.927
169.50	174.00	MOCH;0.968
192.00	196.50	MOCH;0.861
207.00	210.00	MOCH;0.500
217.50	222.00	MOCH;0.875
229.50	234.00	MOCH;0.500
240.00	243.00	MOCH;0.775
271.50	276.00	MOCH;0.500
277.50	280.50	MOCH;0.787
174.00	178.50	PISI;0.500
180.00	193.50	PISI;0.990
75.00	78.00	RUGR;0.584
162.00	165.00	RUBL;0.749
192.00	195.00	RUBL;0.549
130.50	135.00	SPSA;0.674
0.00	3.00	TOWA;0.659
117.00	120.00	TOWA;0.600
24.00	28.50	WCSP;0.768
36.00	40.50	WCSP;0.944
51.00	54.00	WCSP;0.530
91.50	96.00	WCSP;0.823
114.00	120.00	WCSP;0.972
135.00	139.50	WCSP;0.967
148.50	153.00	WCSP;0.856
171.00	175.50	WCSP;0.976
181.50	186.00	WCSP;0.961
193.50	198.00	WCSP;0.944
207.00	211.50	WCSP;0.986
219.00	223.50	WCSP;0.858
229.50	234.00	WCSP;0.982
241.50	246.00	WCSP;0.916
279.00	282.00	WCSP;0.958
283.50	295.50	WCSP;0.944
36.00	39.00	WTSP;0.516
160.50	163.50	WTSP;0.696
