237.00	240.00	AMDI;0.501
382.50	385.50	AMGP;0.607
76.50	79.50	ATSP;0.518
519.00	522.00	BAOR;0.536
525.00	528.00	BAOR;0.525
535.50	538.50	BAOR;0.521
345.00	348.00	BBPL;0.772
96.00	99.00	BCCH;0.530
168.00	172.50	BTNW;0.576
438.00	442.50	BTNW;0.652
262.50	265.50	BHVI;0.743
411.00	414.00	BHVI;0.548
528.00	531.00	BHVI;0.626
574.50	577.50	BHVI;0.505
220.50	225.00	BOCH;0.611
405.00	409.50	BRSP;0.589
412.50	417.00	BRSP;0.829
63.00	66.00	BHCO;0.516
492.00	495.00	BHCO;0.576
165.00	169.50	CAFI;0.789
553.50	556.50	CONI;0.588
565.50	568.50	CONI;0.719
379.50	382.50	DUNL;0.775
78.00	82.50	EAME;0.674
490.50	493.50	EAME;0.507
48.00	54.00	EATO;0.557
229.50	232.50	EATO;0.533
289.50	292.50	EATO;0.561
304.50	307.50	EATO;0.535
357.00	360.00	EATO;0.687
375.00	378.00	EATO;0.634
394.50	397.50	EATO;0.542
417.00	420.00	EATO;0.573
519.00	523.50	EATO;0.668
528.00	531.00	EATO;0.503
540.00	543.00	EATO;0.507
549.00	552.00	EATO;0.642
574.50	577.50	EATO;0.649
240.00	243.00	EAWP;0.570
498.00	502.50	EAWP;0.718
31.50	34.50	EVGR;0.612
43.50	46.50	EVGR;0.512
577.50	580.50	EVGR;0.615
121.50	124.50	FISP;0.722
358.50	361.50	FISP;0.527
396.00	399.00	FISP;0.586
496.50	499.50	FISP;0.689
0.00	4.50	FOSP;0.500
6.00	16.50	FOSP;0.798
22.50	33.00	FOSP;0.500
37.50	45.00	FOSP;0.677
52.50	55.50	FOSP;0.500
58.50	63.00	FOSP;0.809
72.00	76.50	FOSP;0.500
81.00	85.50	FOSP;0.922
87.00	94.50	FOSP;0.500
97.50	103.50	FOSP;0.837
105.00	109.50	FOSP;0.922
114.00	121.50	FOSP;0.755
142.50	150.00	FOSP;0.695
156.00	159.00	FOSP;0.563
160.50	165.00	FOSP;0.818
166.50	169.50	FOSP;0.500
175.50	183.00	FOSP;0.868
187.50	195.00	FOSP;0.809
202.50	207.00	FOSP;0.768
216.00	220.50	FOSP;0.628
228.00	234.00	FOSP;0.824
241.50	244.50	FOSP;0.500
246.00	250.50	FOSP;0.500
261.00	265.50	FOSP;0.553
268.50	276.00	FOSP;0.853
277.50	286.50	FOSP;0.835
291.00	294.00	FOSP;0.887
295.50	313.50	FOSP;0.950
316.50	321.00	FOSP;0.967
325.50	330.00	FOSP;0.996
333.00	345.00	FOSP;0.934
346.50	351.00	FOSP;0.966
355.50	364.50	FOSP;0.967
367.50	381.00	FOSP;0.954
382.50	390.00	FOSP;0.769
397.50	412.50	FOSP;0.852
418.50	423.00	FOSP;0.858
433.50	438.00	FOSP;0.949
448.50	459.00	FOSP;0.981
462.00	471.00	FOSP;0.974
477.00	483.00	FOSP;0.836
486.00	493.50	FOSP;0.690
498.00	505.50	FOSP;0.940
510.00	517.50	FOSP;0.940
519.00	532.50	FOSP;0.817
534.00	538.50	FOSP;0.846
540.00	546.00	FOSP;0.976
550.50	555.00	FOSP;0.885
559.50	567.00	FOSP;0.894
571.50	579.00	FOSP;0.873
583.50	589.50	FOSP;0.912
13.50	16.50	GCSP;0.500
22.50	31.50	GCSP;0.655
48.00	51.00	GCSP;0.500
55.50	60.00	GCSP;0.767
67.50	70.50	GCSP;0.500
73.50	78.00	GCSP;0.500
93.00	96.00	GCSP;0.500
97.50	100.50	GCSP;0.500
102.00	106.50	GCSP;0.744
108.00	111.00	GCSP;0.500
120.00	124.50	GCSP;0.500
129.00	132.00	GCSP;0.804
136.50	145.50	GCSP;0.528
159.00	166.50	GCSP;0.917
184.50	189.00	GCSP;0.978
190.50	199.50	GCSP;0.584
201.00	205.50	GCSP;0.859
207.00	211.50	GCSP;0.631
217.50	222.00	GCSP;0.720
223.50	226.50	GCSP;0.500
232.50	235.50	GCSP;0.500
241.50	246.00	GCSP;0.598
247.50	252.00	GCSP;0.500
255.00	259.50	GCSP;0.709
274.50	282.00	GCSP;0.616
285.00	289.50	GCSP;0.516
303.00	306.00	GCSP;0.500
312.00	316.50	GCSP;0.500
322.50	325.50	GCSP;0.500
331.50	337.50	GCSP;0.586
340.50	343.50	GCSP;0.500
348.00	355.50	GCSP;0.500
358.50	363.00	GCSP;0.513
393.00	396.00	GCSP;0.511
399.00	405.00	GCSP;0.727
409.50	412.50	GCSP;0.500
436.50	441.00	GCSP;0.871
447.00	450.00	GCSP;0.500
454.50	462.00	GCSP;0.500
465.00	468.00	GCSP;0.500
481.50	484.50	GCSP;0.500
489.00	492.00	GCSP;0.500
498.00	501.00	GCSP;0.500
514.50	517.50	GCSP;0.500
549.00	553.50	GCSP;0.567
561.00	567.00	GCSP;0.500
586.50	591.00	GCSP;0.749
595.50	600.00	GCSP;0.740
9.00	12.00	HETH;0.500
28.50	31.50	HETH;0.500
61.50	64.50	HETH;0.500
72.00	76.50	HETH;0.843
79.50	82.50	HETH;0.500
85.50	90.00	HETH;0.722
94.50	97.50	HETH;0.537
112.50	117.00	HETH;0.848
123.00	126.00	HETH;0.500
127.50	135.00	HETH;0.500
145.50	150.00	HETH;0.572
160.50	163.50	HETH;0.500
171.00	174.00	HETH;0.500
181.50	186.00	HETH;0.500
187.50	192.00	HETH;0.500
216.00	219.00	HETH;0.500
246.00	250.50	HETH;0.500
259.50	264.00	HETH;0.843
286.50	289.50	HETH;0.500
294.00	297.00	HETH;0.717
300.00	303.00	HETH;0.500
319.50	324.00	HETH;0.912
336.00	342.00	HETH;0.803
345.00	349.50	HETH;0.500
351.00	355.50	HETH;0.500
367.50	375.00	HETH;0.736
388.50	394.50	HETH;0.500
418.50	421.50	HETH;0.500
445.50	456.00	HETH;0.840
457.50	460.50	HETH;0.653
472.50	484.50	HETH;0.976
492.00	495.00	HETH;0.500
508.50	511.50	HETH;0.500
531.00	534.00	HETH;0.500
544.50	549.00	HETH;0.807
552.00	556.50	HETH;0.955
570.00	573.00	HETH;0.500
580.50	586.50	HETH;0.594
522.00	526.50	HOFI;0.577
573.00	576.00	HOFI;0.523
61.50	64.50	LALO;0.520
585.00	588.00	LALO;0.527
199.50	204.00	LISP;0.917
237.00	240.00	LISP;0.539
121.50	124.50	MAMU;0.527
463.50	468.00	MAMU;0.544
21.00	24.00	MOCH;0.559
28.50	31.50	MOCH;0.500
34.50	42.00	MOCH;0.980
43.50	55.50	MOCH;0.910
66.00	70.50	MOCH;0.836
73.50	78.00	MOCH;0.789
85.50	88.50	MOCH;0.607
94.50	99.00	MOCH;0.601
109.50	115.50	MOCH;0.895
123.00	126.00	MOCH;0.606
129.00	133.50	MOCH;0.583
135.00	138.00	MOCH;0.500
141.00	144.00	MOCH;0.976
151.50	162.00	MOCH;0.914
171.00	180.00	MOCH;0.628
181.50	184.50	MOCH;0.500
189.00	192.00	MOCH;0.500
193.50	201.00	MOCH;0.959
208.50	211.50	MOCH;0.500
225.00	228.00	MOCH;0.500
237.00	240.00	MOCH;0.869
247.50	250.50	MOCH;0.500
252.00	262.50	MOCH;0.917
270.00	273.00	MOCH;0.500
276.00	280.50	MOCH;0.772
283.50	288.00	MOCH;0.514
294.00	297.00	MOCH;0.500
300.00	303.00	MOCH;0.500
304.50	307.50	MOCH;0.500
310.50	316.50	MOCH;0.688
328.50	333.00	MOCH;0.574
339.00	343.50	MOCH;0.528
351.00	354.00	MOCH;0.931
363.00	367.50	MOCH;0.500
397.50	400.50	MOCH;0.568
415.50	420.00	MOCH;0.613
424.50	427.50	MOCH;0.500
445.50	448.50	MOCH;0.500
456.00	460.50	MOCH;0.500
468.00	471.00	MOCH;0.598
496.50	499.50	MOCH;0.748
508.50	513.00	MOCH;0.500
514.50	517.50	MOCH;0.500
519.00	522.00	MOCH;0.500
531.00	534.00	MOCH;0.500
540.00	549.00	MOCH;0.534
550.50	561.00	MOCH;0.939
565.50	568.50	MOCH;0.500
570.00	573.00	MOCH;0.695
579.00	582.00	MOCH;0.582
583.50	586.50	MOCH;0.500
592.50	595.50	MOCH;0.500
4.50	7.50	NOCA;0.645
520.50	523.50	OROR;0.502
528.00	531.00	OROR;0.546
318.00	321.00	PUFI;0.583
205.50	208.50	RECR;0.551
544.50	547.50	REVI;0.555
199.50	204.00	ROWR;0.676
535.50	538.50	RUGR;0.635
567.00	570.00	RUBL;0.562
126.00	129.00	SAVS;0.604
4.50	9.00	SAPH;0.658
292.50	297.00	SAPH;0.610
6.00	10.50	SNBU;0.570
22.50	27.00	SNBU;0.856
37.50	42.00	SNBU;0.527
60.00	64.50	SNBU;0.500
73.50	76.50	SNBU;0.500
82.50	85.50	SNBU;0.500
90.00	94.50	SNBU;0.500
105.00	112.50	SNBU;0.522
154.50	159.00	SNBU;0.905
178.50	183.00	SNBU;0.766
205.50	210.00	SNBU;0.932
226.50	232.50	SNBU;0.943
249.00	252.00	SNBU;0.598
255.00	259.50	SNBU;0.638
291.00	295.50	SNBU;0.903
300.00	304.50	SNBU;0.658
309.00	313.50	SNBU;0.500
316.50	321.00	SNBU;0.665
336.00	340.50	SNBU;0.500
360.00	363.00	SNBU;0.500
375.00	384.00	SNBU;0.511
397.50	402.00	SNBU;0.500
405.00	409.50	SNBU;0.500
450.00	454.50	SNBU;0.500
475.50	480.00	SNBU;0.623
489.00	493.50	SNBU;0.576
508.50	511.50	SNBU;0.500
522.00	528.00	SNBU;0.500
532.50	538.50	SNBU;0.664
573.00	576.00	SNBU;0.500
330.00	333.00	SOSP;0.763
382.50	385.50	SOSP;0.511
513.00	517.50	SOSP;0.661
537.00	540.00	TOSO;0.515
18.00	22.50	VATH;0.847
33.00	36.00	VATH;0.612
117.00	120.00	VATH;0.505
159.00	163.50	VATH;0.840
216.00	220.50	VATH;0.950
313.50	318.00	VATH;0.944
342.00	346.50	VATH;0.834
364.50	367.50	VATH;0.500
379.50	384.00	VATH;0.849
390.00	394.50	VATH;0.677
435.00	442.50	VATH;0.621
471.00	477.00	VATH;0.975
504.00	507.00	VATH;0.500
537.00	540.00	VATH;0.509
556.50	561.00	VATH;0.975
588.00	591.00	VATH;0.500
594.00	597.00	VATH;0.604
37.50	40.50	VESP;0.524
499.50	502.50	VESP;0.521
252.00	255.00	WEWP;0.641
9.00	12.00	WCSP;0.500
13.50	16.50	WCSP;0.500
24.00	27.00	WCSP;0.706
28.50	33.00	WCSP;0.699
39.00	42.00	WCSP;0.500
43.50	51.00	WCSP;0.787
54.00	63.00	WCSP;0.821
78.00	82.50	WCSP;0.500
85.50	90.00	WCSP;0.872
91.50	97.50	WCSP;0.728
99.00	106.50	WCSP;0.500
108.00	111.00	WCSP;0.600
114.00	118.50	WCSP;0.894
130.50	135.00	WCSP;0.895
142.50	150.00	WCSP;0.586
159.00	165.00	WCSP;0.500
168.00	171.00	WCSP;0.500
175.50	184.50	WCSP;0.695
187.50	193.50	WCSP;0.611
202.50	207.00	WCSP;0.688
214.50	217.50	WCSP;0.500
229.50	235.50	WCSP;0.847
246.00	252.00	WCSP;0.959
261.00	267.00	WCSP;0.500
270.00	279.00	WCSP;0.990
283.50	286.50	WCSP;0.500
295.50	301.50	WCSP;0.768
309.00	312.00	WCSP;0.500
322.50	333.00	WCSP;0.700
334.50	337.50	WCSP;0.500
340.50	348.00	WCSP;0.940
360.00	363.00	WCSP;0.500
367.50	376.50	WCSP;0.956
385.50	390.00	WCSP;0.894
403.50	408.00	WCSP;0.500
414.00	417.00	WCSP;0.841
438.00	441.00	WCSP;0.500
447.00	450.00	WCSP;0.604
457.50	462.00	WCSP;0.915
465.00	468.00	WCSP;0.677
477.00	483.00	WCSP;0.883
499.50	502.50	WCSP;0.553
511.50	514.50	WCSP;0.500
531.00	534.00	WCSP;0.500
559.50	562.50	WCSP;0.524
564.00	567.00	WCSP;0.500
571.50	577.50	WCSP;0.515
592.50	595.50	WCSP;0.500
3.00	7.50	WTSP;0.970
10.50	15.00	WTSP;0.979
18.00	24.00	WTSP;0.988
25.50	30.00	WTSP;0.892
33.00	37.50	WTSP;0.985
40.50	54.00	WTSP;0.965
55.50	61.50	WTSP;0.989
64.50	69.00	WTSP;0.996
73.50	78.00	WTSP;0.910
82.50	87.00	WTSP;0.992
93.00	97.50	WTSP;0.772
100.50	115.50	WTSP;0.970
118.50	124.50	WTSP;0.966
129.00	133.50	WTSP;0.513
136.50	142.50	WTSP;0.961
151.50	157.50	WTSP;0.983
159.00	162.00	WTSP;0.500
163.50	168.00	WTSP;0.500
172.50	178.50	WTSP;0.989
184.50	189.00	WTSP;0.503
195.00	199.50	WTSP;0.946
211.50	217.50	WTSP;0.954
223.50	228.00	WTSP;0.997
232.50	238.50	WTSP;0.996
244.50	250.50	WTSP;0.981
253.50	262.50	WTSP;0.934
265.50	273.00	WTSP;0.995
274.50	280.50	WTSP;0.908
286.50	291.00	WTSP;0.981
297.00	306.00	WTSP;0.885
312.00	316.50	WTSP;0.533
319.50	328.50	WTSP;0.994
333.00	337.50	WTSP;0.500
339.00	346.50	WTSP;0.926
348.00	352.50	WTSP;0.974
354.00	357.00	WTSP;0.623
361.50	367.50	WTSP;0.998
384.00	388.50	WTSP;0.994
391.50	450.00	WTSP;0.998
451.50	460.50	WTSP;0.773
465.00	478.50	WTSP;0.993
480.00	529.50	WTSP;0.998
531.00	534.00	WTSP;0.500
537.00	543.00	WTSP;0.941
546.00	553.50	WTSP;0.500
558.00	565.50	WTSP;0.791
567.00	573.00	WTSP;0.992
577.50	582.00	WTSP;0.970
586.50	600.00	WTSP;0.990
70.50	75.00	WIWA;0.686
357.00	361.50	WIWA;0.928
504.00	508.50	WIWA;0.634
526.50	529.50	WIWA;0.669
537.00	541.50	WIWA;0.936
547.50	552.00	WIWA;0.955
570.00	573.00	WIWA;0.713
382.50	385.50	WOTH;0.597
