85.50	88.50	AMDI;0.523
247.50	250.50	AMGP;0.773
273.00	277.50	AMGP;0.553
0.00	13.50	AMRO;0.792
16.50	42.00	AMRO;0.993
43.50	66.00	AMRO;0.987
72.00	76.50	AMRO;0.500
79.50	85.50	AMRO;0.798
90.00	115.50	AMRO;0.990
117.00	151.50	AMRO;0.978
153.00	208.50	AMRO;0.993
213.00	226.50	AMRO;0.991
229.50	300.00	AMRO;0.996
144.00	147.00	BAOR;0.527
126.00	129.00	BBPL;0.779
60.00	63.00	BHVI;0.648
136.50	139.50	BRSP;0.710
174.00	177.00	BRSP;0.599
195.00	198.00	BRSP;0.540
240.00	244.50	BRSP;0.835
261.00	264.00	BRSP;0.625
280.50	285.00	BRSP;0.588
36.00	39.00	BRTH;0.576
81.00	84.00	BRTH;0.676
1.50	6.00	CHSP;0.631
18.00	21.00	CHSP;0.645
58.50	61.50	CHSP;0.576
66.00	70.50	CHSP;0.689
136.50	141.00	CHSP;0.754
165.00	168.00	CHSP;0.620
250.50	255.00	CHSP;0.569
259.50	262.50	CHSP;0.511
75.00	78.00	DEJU;0.672
279.00	282.00	DEJU;0.537
192.00	196.50	EABL;0.590
244.50	247.50	EABL;0.550
97.50	100.50	EATO;0.606
184.50	187.50	EATO;0.530
205.50	208.50	EATO;0.508
232.50	235.50	EVGR;0.508
0.00	3.00	FOSP;0.723
4.50	9.00	FOSP;0.678
10.50	19.50	FOSP;0.785
24.00	30.00	FOSP;0.887
37.50	45.00	FOSP;0.796
48.00	52.50	FOSP;0.561
54.00	60.00	FOSP;0.892
69.00	76.50	FOSP;0.946
82.50	90.00	FOSP;0.974
93.00	96.00	FOSP;0.500
97.50	103.50	FOSP;0.919
112.50	121.50	FOSP;0.968
132.00	138.00	FOSP;0.959
150.00	154.50	FOSP;0.876
165.00	172.50	FOSP;0.898
186.00	190.50	FOSP;0.956
205.50	210.00	FOSP;0.780
213.00	216.00	FOSP;0.500
226.50	231.00	FOSP;0.923
243.00	249.00	FOSP;0.874
267.00	271.50	FOSP;0.940
285.00	289.50	FOSP;0.905
153.00	156.00	GRCA;0.520
184.50	189.00	GRCA;0.507
183.00	186.00	GWTE;0.507
219.00	222.00	GWTE;0.566
229.50	234.00	GWTE;0.524
256.50	261.00	GWTE;0.652
9.00	12.00	HETH;0.626
126.00	129.00	HOLA;0.509
0.00	4.50	LASP;0.569
13.50	16.50	LASP;0.681
1.50	4.50	LISP;0.500
13.50	18.00	LISP;0.500
22.50	27.00	LISP;0.905
28.50	31.50	LISP;0.500
39.00	43.50	LISP;0.500
51.00	55.50	LISP;0.863
64.50	67.50	LISP;0.500
75.00	79.50	LISP;0.656
88.50	91.50	LISP;0.500
102.00	105.00	LISP;0.669
114.00	118.50	LISP;0.806
121.50	124.50	LISP;0.500
127.50	132.00	LISP;0.948
141.00	145.50	LISP;0.767
156.00	160.50	LISP;0.881
169.50	174.00	LISP;0.950
183.00	187.50	LISP;0.674
196.50	201.00	LISP;0.934
210.00	214.50	LISP;0.942
223.50	228.00	LISP;0.966
250.50	253.50	LISP;0.500
262.50	267.00	LISP;0.900
276.00	280.50	LISP;0.933
288.00	292.50	LISP;0.563
72.00	76.50	MAMU;0.601
204.00	207.00	OCWA;0.594
165.00	168.00	OROR;0.515
207.00	210.00	OROR;0.748
103.50	108.00	PIGR;0.761
202.50	205.50	PIGR;0.579
3.00	6.00	PUFI;0.510
15.00	18.00	PUFI;0.570
52.50	55.50	PUFI;0.512
102.00	105.00	PUFI;0.501
127.50	130.50	PUFI;0.577
223.50	226.50	PUFI;0.522
259.50	262.50	PUFI;0.562
283.50	286.50	PUFI;0.689
150.00	153.00	REVI;0.502
280.50	283.50	REVI;0.518
88.50	91.50	ROWR;0.500
114.00	117.00	ROWR;0.500
181.50	186.00	ROWR;0.688
195.00	199.50	ROWR;0.939
208.50	213.00	ROWR;0.777
237.00	241.50	ROWR;0.903
249.00	252.00	ROWR;0.500
10.50	13.50	RBGR;0.533
94.50	97.50	RBGR;0.556
45.00	48.00	RUGR;0.564
79.50	82.50	RUGR;0.568
96.00	99.00	RUGR;0.588
133.50	138.00	RUGR;0.750
171.00	175.50	RUGR;0.796
214.50	217.50	RUGR;0.524
220.50	225.00	RUGR;0.661
213.00	216.00	SNBU;0.659
289.50	294.00	SNBU;0.695
27.00	30.00	SOSP;0.586
1.50	9.00	TOSO;0.545
22.50	33.00	TOSO;0.559
36.00	42.00	TOSO;0.546
57.00	61.50	TOSO;0.687
64.50	69.00	TOSO;0.826
78.00	84.00	TOSO;0.588
91.50	96.00	TOSO;0.500
102.00	108.00	TOSO;0.909
111.00	114.00	TOSO;0.500
120.00	124.50	TOSO;0.524
129.00	139.50	TOSO;0.500
141.00	145.50	TOSO;0.568
156.00	163.50	TOSO;0.715
165.00	169.50	TOSO;0.614
172.50	175.50	TOSO;0.500
178.50	181.50	TOSO;0.500
183.00	187.50	TOSO;0.560
198.00	201.00	TOSO;0.500
202.50	208.50	TOSO;0.500
213.00	222.00	TOSO;0.714
231.00	238.50	TOSO;0.528
246.00	253.50	TOSO;0.500
255.00	258.00	TOSO;0.500
259.50	262.50	TOSO;0.500
270.00	279.00	TOSO;0.500
10.50	13.50	WAVI;0.585
64.50	67.50	WAVI;0.517
216.00	219.00	WCSP;0.521
234.00	238.50	WCSP;0.682
258.00	261.00	WCSP;0.873
274.50	277.50	WCSP;0.719
9.00	13.50	WTSP;0.889
34.50	39.00	WTSP;0.669
175.50	178.50	WWCR;0.515
172.50	175.50	WILL;0.538
256.50	259.50	WILL;0.653
