135.00	138.00	AMDI;0.523
153.00	156.00	AMDI;0.619
168.00	171.00	AMDI;0.604
16.50	19.50	BCCH;0.629
222.00	225.00	BCCH;0.520
3.00	6.00	BRSP;0.557
3.00	6.00	CCSP;0.534
66.00	69.00	CCSP;0.782
91.50	94.50	CCSP;0.530
100.50	103.50	CCSP;0.720
196.50	199.50	CCSP;0.606
178.50	181.50	DUNL;0.506
243.00	246.00	EAME;0.506
286.50	289.50	EAME;0.802
84.00	87.00	FOSP;0.705
288.00	291.00	FOSP;0.565
168.00	171.00	HETH;0.728
262.50	265.50	HETH;0.629
7.50	10.50	MOCH;0.807
16.50	19.50	MOCH;0.500
24.00	27.00	MOCH;0.506
39.00	42.00	MOCH;0.500
97.50	100.50	MOCH;0.500
105.00	108.00	MOCH;0.500
159.00	162.00	MOCH;0.542
186.00	189.00	MOCH;0.500
222.00	228.00	MOCH;0.631
240.00	243.00	MOCH;0.500
252.00	256.50	MOCH;0.952
262.50	267.00	MOCH;0.776
28.50	33.00	PIGR;0.547
279.00	282.00	PIGR;0.509
0.00	6.00	PISI;0.955
279.00	282.00	PUFI;0.654
286.50	289.50	RECR;0.537
39.00	42.00	ROWR;0.565
126.00	129.00	ROWR;0.584
196.50	199.50	ROWR;0.565
237.00	240.00	ROWR;0.700
132.00	135.00	RUGR;0.556
288.00	292.50	SNBU;0.839
0.00	6.00	WCSP;0.987
9.00	13.50	WCSP;0.989
18.00	22.50	WCSP;0.994
24.00	30.00	WCSP;0.993
31.50	36.00	WCSP;0.992
40.50	45.00	WCSP;0.986
46.50	52.50	WCSP;0.990
55.50	61.50	WCSP;0.992
63.00	69.00	WCSP;0.991
72.00	78.00	WCSP;0.987
81.00	85.50	WCSP;0.983
88.50	94.50	WCSP;0.990
99.00	103.50	WCSP;0.992
106.50	111.00	WCSP;0.989
114.00	118.50	WCSP;0.991
123.00	127.50	WCSP;0.990
133.50	138.00	WCSP;0.951
142.50	147.00	WCSP;0.977
154.50	157.50	WCSP;0.963
160.50	165.00	WCSP;0.977
169.50	174.00	WCSP;0.965
177.00	181.50	WCSP;0.989
186.00	192.00	WCSP;0.990
193.50	199.50	WCSP;0.985
201.00	207.00	WCSP;0.990
208.50	213.00	WCSP;0.984
214.50	220.50	WCSP;0.985
223.50	226.50	WCSP;0.500
228.00	232.50	WCSP;0.500
234.00	240.00	WCSP;0.983
244.50	249.00	WCSP;0.986
253.50	258.00	WCSP;0.989
295.50	300.00	WCSP;0.970
