231.00	235.50	AMDI;0.783
255.00	258.00	AMDI;0.503
160.50	163.50	AMGP;0.528
6.00	10.50	AMRO;0.977
42.00	46.50	AMRO;0.685
52.50	57.00	AMRO;0.737
63.00	66.00	AMRO;0.500
79.50	87.00	AMRO;0.726
90.00	96.00	AMRO;0.655
97.50	105.00	AMRO;0.593
108.00	112.50	AMRO;0.897
117.00	120.00	AMRO;0.500
121.50	124.50	AMRO;0.500
132.00	136.50	AMRO;0.663
141.00	145.50	AMRO;0.676
147.00	151.50	AMRO;0.500
162.00	165.00	AMRO;0.500
171.00	175.50	AMRO;0.500
183.00	187.50	AMRO;0.500
127.50	132.00	BAOR;0.649
282.00	285.00	BAOR;0.556
159.00	162.00	BEWR;0.544
28.50	31.50	BLOY;0.746
81.00	85.50	BLOY;0.758
106.50	111.00	BLOY;0.685
114.00	118.50	BLOY;0.941
141.00	145.50	BLOY;0.500
147.00	151.50	BLOY;0.500
169.50	174.00	BLOY;0.802
181.50	184.50	BLOY;0.500
66.00	70.50	BBPL;0.715
201.00	204.00	BRSP;0.576
169.50	174.00	CHSW;0.728
192.00	195.00	CHSW;0.576
258.00	261.00	CHSW;0.549
52.50	55.50	CCSP;0.626
237.00	240.00	EAME;0.607
34.50	37.50	FISP;0.530
54.00	57.00	FISP;0.539
262.50	265.50	FISP;0.674
15.00	19.50	FOSP;0.965
24.00	28.50	FOSP;0.500
36.00	40.50	FOSP;0.751
55.50	60.00	FOSP;0.546
70.50	73.50	FOSP;0.506
109.50	114.00	FOSP;0.917
138.00	144.00	FOSP;0.884
157.50	162.00	FOSP;0.705
174.00	178.50	FOSP;0.899
204.00	208.50	FOSP;0.660
222.00	226.50	FOSP;0.939
237.00	240.00	FOSP;0.500
243.00	246.00	FOSP;0.500
253.50	258.00	FOSP;0.595
264.00	270.00	FOSP;0.624
279.00	283.50	FOSP;0.700
289.50	292.50	FOSP;0.539
0.00	4.50	GCSP;0.845
19.50	22.50	GCSP;0.564
34.50	39.00	GCSP;0.757
54.00	57.00	GCSP;0.545
60.00	64.50	GCSP;0.549
73.50	76.50	GCSP;0.569
207.00	211.50	GCSP;0.704
220.50	223.50	GCSP;0.607
234.00	240.00	GCSP;0.560
166.50	171.00	HASP;0.816
214.50	217.50	HASP;0.520
282.00	285.00	HASP;0.608
48.00	51.00	HETH;0.678
237.00	241.50	HOFI;0.641
267.00	271.50	LASP;0.696
27.00	30.00	LISP;0.877
186.00	189.00	LISP;0.522
34.50	39.00	MAMU;0.686
99.00	102.00	MAMU;0.577
150.00	154.50	MAMU;0.632
48.00	51.00	MOCH;0.622
130.50	133.50	MOCH;0.546
147.00	150.00	MOCH;0.616
172.50	175.50	MOCH;0.698
196.50	199.50	MOCH;0.638
258.00	264.00	MOCH;0.702
285.00	292.50	MOCH;0.637
295.50	300.00	MOCH;0.664
85.50	88.50	PUFI;0.597
265.50	268.50	PUFI;0.539
91.50	94.50	REVI;0.524
85.50	88.50	RBGU;0.605
33.00	36.00	ROWR;0.712
60.00	63.00	ROWR;0.561
231.00	234.00	ROWR;0.552
54.00	57.00	RUGR;0.555
66.00	70.50	RUGR;0.732
91.50	96.00	RUGR;0.647
42.00	45.00	SNBU;0.506
70.50	73.50	SNBU;0.736
174.00	178.50	SNBU;0.565
202.50	207.00	SNBU;0.784
253.50	258.00	SNBU;0.786
264.00	267.00	SNBU;0.543
289.50	292.50	SNBU;0.554
190.50	193.50	SOSP;0.594
177.00	180.00	SWSP;0.523
190.50	193.50	SWSP;0.743
205.50	210.00	SWSP;0.525
258.00	262.50	SWSP;0.759
100.50	103.50	TOSO;0.613
132.00	135.00	TOSO;0.606
277.50	280.50	VESP;0.572
100.50	103.50	WAVI;0.519
79.50	82.50	WEWP;0.555
220.50	223.50	WEWP;0.503
1.50	7.50	WCSP;0.978
10.50	18.00	WCSP;0.996
21.00	28.50	WCSP;0.970
30.00	36.00	WCSP;0.977
39.00	43.50	WCSP;0.992
49.50	54.00	WCSP;0.982
55.50	72.00	WCSP;0.980
73.50	81.00	WCSP;0.989
87.00	99.00	WCSP;0.983
103.50	109.50	WCSP;0.975
112.50	117.00	WCSP;0.956
123.00	127.50	WCSP;0.997
135.00	141.00	WCSP;0.985
142.50	148.50	WCSP;0.986
151.50	162.00	WCSP;0.980
165.00	172.50	WCSP;0.983
177.00	183.00	WCSP;0.968
187.50	193.50	WCSP;0.996
198.00	204.00	WCSP;0.984
208.50	222.00	WCSP;0.987
223.50	234.00	WCSP;0.981
238.50	243.00	WCSP;0.995
255.00	262.50	WCSP;0.619
273.00	279.00	WCSP;0.983
291.00	295.50	WCSP;0.959
0.00	3.00	WTSP;0.500
7.50	12.00	WTSP;0.994
13.50	16.50	WTSP;0.500
18.00	24.00	WTSP;0.948
28.50	33.00	WTSP;0.500
43.50	63.00	WTSP;0.996
64.50	69.00	WTSP;0.825
72.00	76.50	WTSP;0.500
94.50	97.50	WTSP;0.500
100.50	106.50	WTSP;0.971
111.00	114.00	WTSP;0.500
117.00	120.00	WTSP;0.500
127.50	132.00	WTSP;0.618
138.00	145.50	WTSP;0.590
147.00	154.50	WTSP;0.657
163.50	171.00	WTSP;0.904
177.00	187.50	WTSP;0.958
192.00	205.50	WTSP;0.994
208.50	211.50	WTSP;0.500
213.00	217.50	WTSP;0.948
220.50	223.50	WTSP;0.500
234.00	237.00	WTSP;0.500
250.50	255.00	WTSP;0.923
258.00	276.00	WTSP;0.988
283.50	289.50	WTSP;0.991
295.50	300.00	WTSP;0.566
238.50	241.50	WWCR;0.644
1.50	4.50	WIWA;0.512
148.50	153.00	WIWA;0.987
157.50	160.50	WIWA;0.561
198.00	202.50	WIWA;0.943
207.00	210.00	WIWA;0.635
216.00	219.00	WIWA;0.615
259.50	262.50	WIWA;0.542
