58.50	61.50	AMDI;0.516
120.00	123.00	ATSP;0.529
28.50	31.50	BAOR;0.656
18.00	21.00	BLOY;0.888
118.50	121.50	BOWA;0.662
6.00	9.00	BRSP;0.758
103.50	108.00	CHSW;0.819
196.50	201.00	CHSW;0.688
115.50	120.00	EAKI;0.929
289.50	292.50	EAME;0.569
109.50	112.50	EATO;0.707
1.50	4.50	FISP;0.528
114.00	117.00	FISP;0.668
126.00	130.50	FISP;0.936
291.00	294.00	FOSP;0.531
223.50	226.50	GCKI;0.676
3.00	6.00	GCSP;0.551
60.00	63.00	GCSP;0.519
40.50	43.50	MOCH;0.660
58.50	63.00	MOCH;0.753
114.00	117.00	MOCH;0.536
157.50	160.50	MOCH;0.562
174.00	177.00	MOCH;0.820
225.00	228.00	MOCH;0.500
63.00	67.50	OCWA;0.634
207.00	210.00	RUBL;0.592
267.00	271.50	RUBL;0.574
274.50	279.00	SNBU;0.601
291.00	294.00	SNBU;0.533
124.50	127.50	SWSP;0.501
132.00	136.50	SWSP;0.690
178.50	183.00	SWSP;0.571
196.50	201.00	SWSP;0.589
0.00	3.00	TOWA;0.585
157.50	160.50	VASW;0.693
220.50	223.50	VGSW;0.524
265.50	268.50	VGSW;0.634
139.50	142.50	WEFL;0.503
3.00	7.50	WCSP;0.984
52.50	55.50	WCSP;0.585
61.50	64.50	WCSP;0.500
115.50	118.50	WCSP;0.500
130.50	133.50	WCSP;0.517
154.50	159.00	WCSP;0.985
1.50	6.00	WTSP;0.620
22.50	28.50	WTSP;0.992
40.50	46.50	WTSP;0.925
58.50	61.50	WTSP;0.500
79.50	85.50	WTSP;0.969
112.50	117.00	WTSP;0.919
126.00	130.50	WTSP;0.500
157.50	163.50	WTSP;0.822
175.50	180.00	WTSP;0.897
198.00	208.50	WTSP;0.997
214.50	219.00	WTSP;0.983
223.50	231.00	WTSP;0.995
237.00	241.50	WTSP;0.731
249.00	253.50	WTSP;0.985
31.50	36.00	WIWA;0.762
45.00	49.50	WIWA;0.812
54.00	58.50	WIWA;0.922
82.50	87.00	WIWA;0.897
111.00	115.50	WIWA;0.784
123.00	127.50	WIWA;0.799
132.00	136.50	WIWA;0.600
150.00	154.50	WIWA;0.918
178.50	183.00	WIWA;0.575
187.50	193.50	WIWA;0.988
196.50	199.50	WIWA;0.500
0.00	4.50	YRWA;0.985
21.00	25.50	YRWA;0.992
33.00	37.50	YRWA;0.994
49.50	54.00	YRWA;0.987
63.00	67.50	YRWA;0.864
73.50	78.00	YRWA;0.994
84.00	88.50	YRWA;0.991
96.00	100.50	YRWA;0.983
106.50	111.00	YRWA;0.990
117.00	121.50	YRWA;0.931
129.00	133.50	YRWA;0.987
141.00	145.50	YRWA;0.991
153.00	157.50	YRWA;0.886
166.50	171.00	YRWA;0.959
220.50	225.00	YRWA;0.500
231.00	235.50	YRWA;0.818
240.00	244.50	YRWA;0.892
262.50	267.00	YRWA;0.907
280.50	285.00	YRWA;0.571
