73.50	78.00	AMRO;0.998
3.00	6.00	BEWR;0.657
243.00	247.50	BRSP;0.602
22.50	27.00	CHSW;0.664
33.00	36.00	EATO;0.571
106.50	109.50	EATO;0.722
139.50	142.50	EATO;0.579
181.50	184.50	EATO;0.823
238.50	241.50	EATO;0.891
1.50	7.50	FOSP;0.864
18.00	21.00	FOSP;0.703
31.50	36.00	FOSP;0.686
45.00	51.00	FOSP;0.933
61.50	70.50	FOSP;0.852
78.00	82.50	FOSP;0.946
87.00	96.00	FOSP;0.844
108.00	111.00	FOSP;0.940
112.50	115.50	FOSP;0.500
123.00	127.50	FOSP;0.624
132.00	136.50	FOSP;0.962
141.00	145.50	FOSP;0.891
156.00	160.50	FOSP;0.891
169.50	174.00	FOSP;0.894
183.00	192.00	FOSP;0.941
196.50	201.00	FOSP;0.884
210.00	214.50	FOSP;0.964
217.50	222.00	FOSP;0.906
223.50	228.00	FOSP;0.937
240.00	243.00	FOSP;0.919
253.50	258.00	FOSP;0.897
280.50	285.00	FOSP;0.957
292.50	297.00	FOSP;0.962
76.50	79.50	HETH;0.841
139.50	142.50	HETH;0.900
283.50	286.50	LALO;0.530
226.50	229.50	LISP;0.601
244.50	249.00	LISP;0.841
291.00	294.00	LISP;0.737
192.00	195.00	MGWA;0.614
279.00	282.00	MGWA;0.509
241.50	244.50	PHVI;0.752
45.00	48.00	PUFI;0.605
123.00	126.00	REVI;0.517
72.00	75.00	RUTU;0.529
273.00	277.50	RUTU;0.539
0.00	4.50	SNBU;0.604
45.00	48.00	SNBU;0.500
66.00	70.50	SNBU;0.903
85.50	91.50	SNBU;0.809
111.00	115.50	SNBU;0.717
132.00	135.00	SNBU;0.500
163.50	168.00	SNBU;0.936
217.50	222.00	SNBU;0.518
246.00	250.50	SNBU;0.789
280.50	283.50	SNBU;0.500
145.50	150.00	SOSA;0.828
169.50	172.50	SOSA;0.584
192.00	196.50	SOSA;0.695
213.00	217.50	SOSA;0.956
234.00	238.50	SOSA;0.763
265.50	268.50	SOSA;0.509
15.00	22.50	VATH;0.719
60.00	64.50	VATH;0.958
100.50	105.00	VATH;0.850
109.50	112.50	VATH;0.500
114.00	117.00	VATH;0.768
138.00	141.00	VATH;0.500
160.50	168.00	VATH;0.957
174.00	180.00	VATH;0.616
190.50	199.50	VATH;0.981
204.00	211.50	VATH;0.963
228.00	232.50	VATH;0.500
235.50	240.00	VATH;0.974
264.00	268.50	VATH;0.965
270.00	274.50	VATH;0.884
276.00	280.50	VATH;0.556
289.50	292.50	VATH;0.500
295.50	300.00	VATH;0.500
90.00	93.00	WEME;0.621
61.50	66.00	WCSP;0.868
91.50	96.00	WCSP;0.592
187.50	190.50	WCSP;0.642
232.50	235.50	WCSP;0.866
243.00	246.00	WCSP;0.615
294.00	298.50	WCSP;0.748
216.00	219.00	WTSP;0.866
33.00	36.00	WIWA;0.531
256.50	259.50	YRWA;0.684
267.00	270.00	YRWA;0.733
