30.00	33.00	AMDI;0.572
267.00	270.00	AMDI;0.597
22.50	25.50	AMGP;0.523
100.50	103.50	AMRO;0.609
187.50	190.50	BCCH;0.521
9.00	12.00	BRSP;0.612
78.00	82.50	BRSP;0.639
40.50	43.50	CAFI;0.506
156.00	159.00	CBCH;0.634
0.00	3.00	FISP;0.500
9.00	12.00	FISP;0.592
93.00	96.00	FISP;0.500
120.00	124.50	FISP;0.500
136.50	141.00	FISP;0.962
156.00	159.00	FISP;0.504
165.00	168.00	FISP;0.500
180.00	184.50	FISP;0.856
196.50	199.50	FISP;0.500
216.00	222.00	FISP;0.740
288.00	291.00	FISP;0.500
295.50	300.00	FISP;0.903
241.50	246.00	FOSP;0.685
103.50	106.50	GCSP;0.543
196.50	199.50	HASP;0.570
247.50	252.00	HOWR;0.768
135.00	139.50	LISP;0.839
189.00	193.50	LISP;0.832
207.00	211.50	LISP;0.948
228.00	231.00	LISP;0.500
247.50	250.50	LISP;0.536
286.50	291.00	LISP;0.775
0.00	7.50	MOCH;0.805
10.50	16.50	MOCH;0.650
60.00	67.50	MOCH;0.500
69.00	78.00	MOCH;0.930
79.50	88.50	MOCH;0.874
90.00	100.50	MOCH;0.581
115.50	121.50	MOCH;0.555
123.00	130.50	MOCH;0.771
132.00	135.00	MOCH;0.500
144.00	151.50	MOCH;0.621
159.00	165.00	MOCH;0.629
166.50	169.50	MOCH;0.500
174.00	184.50	MOCH;0.774
186.00	192.00	MOCH;0.942
201.00	210.00	MOCH;0.681
216.00	226.50	MOCH;0.733
229.50	232.50	MOCH;0.724
238.50	243.00	MOCH;0.932
250.50	253.50	MOCH;0.511
258.00	264.00	MOCH;0.704
270.00	277.50	MOCH;0.815
280.50	288.00	MOCH;0.927
291.00	297.00	MOCH;0.771
25.50	28.50	PUFI;0.510
66.00	69.00	RUGR;0.535
279.00	282.00	RUGR;0.559
1.50	4.50	RUBL;0.514
172.50	175.50	RUBL;0.696
243.00	247.50	RUBL;0.859
262.50	265.50	RUBL;0.582
294.00	297.00	RUBL;0.547
241.50	246.00	SNBU;0.756
256.50	259.50	SNBU;0.558
246.00	249.00	SWTH;0.512
132.00	135.00	VATH;0.562
4.50	7.50	WCSP;0.612
12.00	16.50	WCSP;0.967
19.50	24.00	WCSP;0.671
27.00	31.50	WCSP;0.812
33.00	39.00	WCSP;0.989
42.00	46.50	WCSP;0.557
57.00	60.00	WCSP;0.969
63.00	69.00	WCSP;0.998
72.00	76.50	WCSP;0.519
78.00	82.50	WCSP;0.788
87.00	91.50	WCSP;0.978
94.50	97.50	WCSP;0.967
103.50	108.00	WCSP;0.671
111.00	115.50	WCSP;0.894
123.00	129.00	WCSP;0.727
198.00	202.50	WCSP;0.955
204.00	208.50	WCSP;0.921
210.00	214.50	WCSP;0.984
217.50	220.50	WCSP;0.980
223.50	229.50	WCSP;0.987
231.00	237.00	WCSP;0.987
0.00	12.00	WTSP;0.971
19.50	22.50	WTSP;0.500
33.00	36.00	WTSP;0.563
43.50	46.50	WTSP;0.500
55.50	63.00	WTSP;0.743
69.00	100.50	WTSP;0.998
103.50	109.50	WTSP;0.968
112.50	118.50	WTSP;0.980
120.00	135.00	WTSP;0.992
136.50	141.00	WTSP;0.500
144.00	199.50	WTSP;0.997
201.00	210.00	WTSP;0.911
216.00	222.00	WTSP;0.616
229.50	243.00	WTSP;0.860
249.00	267.00	WTSP;0.993
273.00	279.00	WTSP;0.971
280.50	289.50	WTSP;0.988
292.50	300.00	WTSP;0.584
