63.00	66.00	AMDI;0.523
87.00	90.00	AMDI;0.645
150.00	153.00	AMDI;0.543
202.50	205.50	AMDI;0.522
186.00	190.50	ATSP;0.605
19.50	22.50	BCCH;0.584
58.50	61.50	BCCH;0.584
115.50	120.00	BCCH;0.948
282.00	285.00	BCCH;0.525
76.50	79.50	BRSP;0.658
49.50	52.50	CHSW;0.559
54.00	57.00	EAME;0.633
99.00	102.00	EAME;0.511
247.50	250.50	FISP;0.506
0.00	3.00	FOSP;0.596
15.00	19.50	FOSP;0.925
33.00	37.50	FOSP;0.910
42.00	46.50	FOSP;0.564
54.00	60.00	FOSP;0.892
70.50	75.00	FOSP;0.905
84.00	88.50	FOSP;0.948
99.00	105.00	FOSP;0.982
117.00	123.00	FOSP;0.868
133.50	138.00	FOSP;0.895
142.50	147.00	FOSP;0.694
150.00	154.50	FOSP;0.862
163.50	171.00	FOSP;0.881
180.00	186.00	FOSP;0.976
202.50	207.00	FOSP;0.980
222.00	226.50	FOSP;0.731
240.00	246.00	FOSP;0.967
262.50	268.50	FOSP;0.957
285.00	289.50	FOSP;0.961
9.00	13.50	GCSP;0.682
160.50	163.50	GCSP;0.561
174.00	178.50	GCSP;0.603
193.50	199.50	GCSP;0.884
220.50	225.00	GCSP;0.870
282.00	285.00	GCSP;0.504
277.50	282.00	GRYE;0.666
105.00	108.00	HASP;0.618
123.00	126.00	HASP;0.710
205.50	210.00	HASP;0.677
97.50	100.50	HETH;0.586
63.00	66.00	LESA;0.728
7.50	10.50	MOCH;0.584
19.50	22.50	MOCH;0.783
48.00	52.50	MOCH;0.883
58.50	61.50	MOCH;0.691
90.00	93.00	MOCH;0.500
112.50	115.50	MOCH;0.536
127.50	130.50	MOCH;0.509
196.50	201.00	MOCH;0.620
216.00	219.00	MOCH;0.650
228.00	232.50	MOCH;0.791
237.00	240.00	MOCH;0.618
246.00	249.00	MOCH;0.594
258.00	261.00	MOCH;0.547
270.00	273.00	MOCH;0.550
276.00	279.00	MOCH;0.508
54.00	57.00	NOCA;0.629
180.00	183.00	NOCA;0.794
178.50	181.50	NOHA;0.520
99.00	102.00	PUFI;0.539
148.50	151.50	RECR;0.697
133.50	136.50	ROWR;0.517
262.50	265.50	ROWR;0.515
157.50	160.50	RBGR;0.525
27.00	30.00	RUGR;0.510
49.50	52.50	RUBL;0.638
189.00	192.00	SWSP;0.568
276.00	280.50	SWSP;0.643
280.50	283.50	VATH;0.692
222.00	226.50	VESP;0.569
142.50	145.50	WEWP;0.562
274.50	279.00	WEWP;0.733
10.50	18.00	WCSP;0.992
21.00	25.50	WCSP;0.988
27.00	37.50	WCSP;0.987
39.00	43.50	WCSP;0.899
54.00	57.00	WCSP;0.805
58.50	61.50	WCSP;0.500
63.00	67.50	WCSP;0.622
69.00	79.50	WCSP;0.955
81.00	100.50	WCSP;0.982
106.50	165.00	WCSP;0.997
166.50	174.00	WCSP;0.980
175.50	181.50	WCSP;1.000
183.00	196.50	WCSP;0.993
199.50	204.00	WCSP;0.970
205.50	217.50	WCSP;0.998
223.50	228.00	WCSP;0.882
231.00	243.00	WCSP;0.895
244.50	247.50	WCSP;0.624
253.50	258.00	WCSP;0.982
259.50	264.00	WCSP;0.985
271.50	277.50	WCSP;0.985
0.00	15.00	WTSP;0.999
16.50	22.50	WTSP;0.998
24.00	31.50	WTSP;0.994
34.50	51.00	WTSP;0.996
57.00	82.50	WTSP;0.999
88.50	99.00	WTSP;0.997
105.00	114.00	WTSP;0.975
123.00	136.50	WTSP;0.995
138.00	145.50	WTSP;0.865
151.50	178.50	WTSP;0.996
184.50	204.00	WTSP;0.992
205.50	235.50	WTSP;0.997
237.00	241.50	WTSP;0.981
243.00	265.50	WTSP;0.993
268.50	274.50	WTSP;0.870
276.00	286.50	WTSP;0.969
289.50	300.00	WTSP;0.989
276.00	279.00	WIWA;0.624
