3.00	7.50	AMAV;0.668
66.00	70.50	AMDI;0.651
93.00	96.00	AMDI;0.507
196.50	199.50	AMDI;0.538
85.50	88.50	AMGP;0.615
162.00	165.00	BEWR;0.506
244.50	247.50	BEWR;0.530
115.50	120.00	BCCH;0.559
82.50	85.50	BRSP;0.599
87.00	91.50	BRSP;0.768
103.50	106.50	BRSP;0.507
106.50	111.00	CAFI;0.546
253.50	256.50	CHSW;0.533
1.50	4.50	CHSP;0.500
12.00	18.00	CHSP;0.856
28.50	34.50	CHSP;0.541
36.00	43.50	CHSP;0.524
48.00	54.00	CHSP;0.942
55.50	63.00	CHSP;0.880
66.00	72.00	CHSP;0.969
78.00	82.50	CHSP;0.920
87.00	93.00	CHSP;0.924
99.00	108.00	CHSP;0.968
114.00	118.50	CHSP;0.500
121.50	126.00	CHSP;0.709
136.50	142.50	CHSP;0.747
145.50	151.50	CHSP;0.884
154.50	159.00	CHSP;0.500
168.00	172.50	CHSP;0.668
187.50	192.00	CHSP;0.782
214.50	219.00	CHSP;0.512
237.00	243.00	CHSP;0.768
253.50	262.50	CHSP;0.870
264.00	268.50	CHSP;0.672
270.00	276.00	CHSP;0.864
279.00	283.50	CHSP;0.720
295.50	300.00	CHSP;0.885
96.00	99.00	DEJU;0.569
111.00	115.50	DEJU;0.886
214.50	217.50	DEJU;0.502
1.50	6.00	DUFL;0.587
235.50	238.50	EAME;0.507
240.00	243.00	EAME;0.655
255.00	259.50	EAME;0.653
274.50	277.50	EAME;0.686
150.00	154.50	FISP;0.679
267.00	270.00	FOSP;0.613
283.50	288.00	FOSP;0.942
12.00	15.00	GCSP;0.500
31.50	34.50	GCSP;0.500
37.50	43.50	GCSP;0.627
48.00	51.00	GCSP;0.500
54.00	58.50	GCSP;0.785
64.50	69.00	GCSP;0.718
70.50	76.50	GCSP;0.844
81.00	85.50	GCSP;0.640
102.00	106.50	GCSP;0.915
115.50	118.50	GCSP;0.500
141.00	144.00	GCSP;0.700
175.50	178.50	GCSP;0.500
193.50	198.00	GCSP;0.660
232.50	237.00	GCSP;0.811
250.50	255.00	GCSP;0.913
282.00	285.00	GCSP;0.500
19.50	22.50	GRCA;0.629
180.00	184.50	HOLA;0.906
0.00	3.00	LISP;0.621
7.50	13.50	LISP;0.848
18.00	21.00	LISP;0.782
25.50	30.00	LISP;0.974
33.00	37.50	LISP;0.754
42.00	46.50	LISP;0.950
58.50	64.50	LISP;0.617
66.00	70.50	LISP;0.500
76.50	81.00	LISP;0.985
94.50	99.00	LISP;0.989
127.50	132.00	LISP;0.827
144.00	147.00	LISP;0.595
160.50	165.00	LISP;0.790
177.00	181.50	LISP;0.849
184.50	187.50	LISP;0.500
193.50	199.50	LISP;0.929
211.50	216.00	LISP;0.966
228.00	232.50	LISP;0.780
244.50	249.00	LISP;0.631
261.00	265.50	LISP;0.862
277.50	282.00	LISP;0.951
292.50	297.00	LISP;0.973
13.50	16.50	MOCH;0.659
21.00	25.50	MOCH;0.538
46.50	51.00	MOCH;0.907
72.00	75.00	MOCH;0.545
267.00	270.00	OROR;0.552
118.50	123.00	PIGR;0.754
130.50	145.50	PISI;0.990
151.50	156.00	PISI;0.795
157.50	162.00	PISI;0.687
163.50	168.00	PISI;0.500
169.50	180.00	PISI;0.990
213.00	252.00	PISI;0.994
255.00	268.50	PISI;0.983
129.00	132.00	RCKI;0.714
247.50	252.00	RCKI;0.761
16.50	19.50	RUTU;0.572
123.00	127.50	RUTU;0.538
139.50	142.50	RUTU;0.544
250.50	253.50	RUGR;0.594
282.00	286.50	RUGR;0.720
16.50	19.50	SBDO;0.537
31.50	34.50	SBDO;0.640
61.50	66.00	SNBU;0.897
235.50	240.00	SNBU;0.856
274.50	279.00	SNBU;0.782
253.50	256.50	SWSP;0.679
75.00	78.00	TBLO;0.626
40.50	45.00	TOSO;0.789
199.50	204.00	VESP;0.765
37.50	40.50	WCSP;0.598
64.50	69.00	WCSP;0.616
240.00	243.00	WCSP;0.515
10.50	15.00	WTSP;0.957
21.00	24.00	WTSP;0.757
31.50	34.50	WTSP;0.537
73.50	76.50	WTSP;0.594
