555.00	558.00	AMGP;0.574
307.50	310.50	AMRO;0.828
306.00	309.00	BAOR;0.680
202.50	205.50	BCCH;0.500
238.50	243.00	BCCH;0.682
246.00	250.50	BCCH;0.562
258.00	262.50	BCCH;0.500
265.50	270.00	BCCH;0.500
277.50	282.00	BCCH;0.602
283.50	286.50	BCCH;0.500
295.50	300.00	BCCH;0.932
303.00	307.50	BCCH;0.516
315.00	319.50	BCCH;0.701
324.00	327.00	BCCH;0.500
334.50	337.50	BCCH;0.500
340.50	343.50	BCCH;0.500
363.00	367.50	BCCH;0.500
382.50	387.00	BCCH;0.500
397.50	400.50	BCCH;0.500
403.50	408.00	BCCH;0.650
417.00	421.50	BCCH;0.575
430.50	435.00	BCCH;0.636
436.50	441.00	BCCH;0.528
448.50	453.00	BCCH;0.755
456.00	460.50	BCCH;0.539
468.00	472.50	BCCH;0.802
475.50	480.00	BCCH;0.722
489.00	493.50	BCCH;0.718
498.00	502.50	BCCH;0.861
514.50	519.00	BCCH;0.648
532.50	537.00	BCCH;0.776
543.00	547.50	BCCH;0.583
552.00	555.00	BCCH;0.500
565.50	574.50	BCCH;0.805
586.50	591.00	BCCH;0.719
594.00	598.50	BCCH;0.500
523.50	526.50	BRBL;0.543
442.50	445.50	BHCO;0.604
151.50	154.50	CAFI;0.530
274.50	279.00	FISP;0.638
426.00	429.00	FOSP;0.659
202.50	205.50	HETH;0.500
208.50	213.00	HETH;0.657
216.00	220.50	HETH;0.500
228.00	231.00	HETH;0.500
235.50	241.50	HETH;0.759
246.00	250.50	HETH;0.789
258.00	262.50	HETH;0.594
265.50	270.00	HETH;0.500
274.50	282.00	HETH;0.681
285.00	289.50	HETH;0.716
295.50	300.00	HETH;0.500
303.00	307.50	HETH;0.808
310.50	318.00	HETH;0.500
322.50	327.00	HETH;0.675
337.50	345.00	HETH;0.907
358.50	367.50	HETH;0.981
370.50	378.00	HETH;0.839
382.50	387.00	HETH;0.930
391.50	408.00	HETH;0.938
409.50	414.00	HETH;0.529
417.00	421.50	HETH;0.799
430.50	441.00	HETH;0.936
445.50	460.50	HETH;0.988
465.00	484.50	HETH;0.981
486.00	498.00	HETH;0.979
499.50	502.50	HETH;0.500
505.50	510.00	HETH;0.984
514.50	519.00	HETH;0.611
526.50	529.50	HETH;0.500
534.00	537.00	HETH;0.500
540.00	556.50	HETH;0.973
561.00	574.50	HETH;0.939
579.00	583.50	HETH;0.500
586.50	591.00	HETH;0.724
223.50	228.00	LESA;0.524
249.00	252.00	MAMU;0.907
286.50	289.50	MAMU;0.740
297.00	301.50	MAMU;0.689
342.00	346.50	MAMU;0.860
478.50	481.50	MAMU;0.703
201.00	205.50	MOCH;0.740
208.50	211.50	MOCH;0.500
235.50	243.00	MOCH;0.598
246.00	249.00	MOCH;0.500
253.50	262.50	MOCH;0.703
265.50	270.00	MOCH;0.646
273.00	285.00	MOCH;0.970
310.50	319.50	MOCH;0.789
333.00	343.50	MOCH;0.711
369.00	376.50	MOCH;0.818
385.50	403.50	MOCH;0.758
409.50	418.50	MOCH;0.906
427.50	433.50	MOCH;0.500
445.50	451.50	MOCH;0.769
463.50	472.50	MOCH;0.890
498.00	502.50	MOCH;0.500
505.50	513.00	MOCH;0.914
525.00	529.50	MOCH;0.892
532.50	537.00	MOCH;0.500
538.50	546.00	MOCH;0.780
547.50	550.50	MOCH;0.500
561.00	570.00	MOCH;0.517
583.50	586.50	MOCH;0.500
594.00	598.50	MOCH;0.764
231.00	235.50	MODO;0.711
255.00	259.50	MODO;0.620
439.50	442.50	PUFI;0.519
237.00	240.00	RWBL;0.502
312.00	316.50	RWBL;0.706
412.50	415.50	RWBL;0.821
484.50	489.00	RWBL;0.671
372.00	375.00	RBGU;0.679
525.00	528.00	RBGU;0.528
132.00	135.00	RTHU;0.539
408.00	411.00	RTHU;0.523
270.00	274.50	RUBL;0.712
280.50	285.00	RUBL;0.747
424.50	429.00	SNBU;0.834
439.50	444.00	SNBU;0.610
522.00	526.50	SPSA;0.953
91.50	96.00	WEFL;0.810
97.50	100.50	WEFL;0.720
123.00	127.50	WEFL;0.500
151.50	156.00	WEFL;0.500
241.50	246.00	WEFL;0.890
298.50	303.00	WEFL;0.671
87.00	91.50	WCSP;0.858
100.50	105.00	WCSP;0.957
109.50	114.00	WCSP;0.970
118.50	123.00	WCSP;0.922
127.50	132.00	WCSP;0.981
136.50	142.50	WCSP;0.871
144.00	148.50	WCSP;0.812
156.00	163.50	WCSP;0.938
228.00	232.50	WCSP;0.500
237.00	241.50	WCSP;0.893
303.00	307.50	WCSP;0.600
592.50	595.50	WCSP;0.500
231.00	235.50	WOTH;0.600
375.00	379.50	WOTH;0.954
451.50	454.50	WOTH;0.665
