297.00	300.00	ACFL;0.660
214.50	217.50	AMDI;0.595
246.00	249.00	AMDI;0.543
166.50	169.50	ANHU;0.861
61.50	64.50	BCCH;0.698
124.50	127.50	BCCH;0.867
256.50	261.00	BCCH;0.593
271.50	276.00	BCCH;0.587
39.00	43.50	BRSP;0.658
57.00	61.50	BRSP;0.536
118.50	121.50	BRSP;0.522
157.50	162.00	BRSP;0.571
165.00	168.00	BRSP;0.599
171.00	174.00	BRSP;0.531
178.50	181.50	BRSP;0.851
186.00	190.50	BRSP;0.759
196.50	199.50	BRSP;0.596
208.50	211.50	BRSP;0.636
226.50	229.50	BRSP;0.584
253.50	256.50	BRSP;0.702
291.00	295.50	BRSP;0.684
39.00	43.50	CHSP;0.576
46.50	51.00	CHSP;0.500
57.00	61.50	CHSP;0.818
66.00	72.00	CHSP;0.989
73.50	79.50	CHSP;0.995
82.50	88.50	CHSP;0.978
90.00	102.00	CHSP;0.965
103.50	108.00	CHSP;0.500
109.50	115.50	CHSP;0.901
117.00	123.00	CHSP;0.964
126.00	132.00	CHSP;0.979
133.50	139.50	CHSP;0.913
142.50	148.50	CHSP;0.984
150.00	154.50	CHSP;0.641
157.50	160.50	CHSP;0.500
165.00	171.00	CHSP;0.984
178.50	183.00	CHSP;0.705
186.00	192.00	CHSP;0.901
193.50	199.50	CHSP;0.955
201.00	207.00	CHSP;0.986
210.00	214.50	CHSP;0.988
219.00	225.00	CHSP;0.968
228.00	232.50	CHSP;0.549
237.00	243.00	CHSP;0.876
244.50	250.50	CHSP;0.966
253.50	259.50	CHSP;0.797
265.50	268.50	CHSP;0.500
7.50	10.50	DEJU;0.500
46.50	51.00	DEJU;0.500
60.00	63.00	DEJU;0.500
66.00	72.00	DEJU;0.507
73.50	76.50	DEJU;0.762
85.50	102.00	DEJU;0.914
106.50	112.50	DEJU;0.567
117.00	124.50	DEJU;0.707
129.00	132.00	DEJU;0.531
133.50	139.50	DEJU;0.815
144.00	148.50	DEJU;0.500
150.00	156.00	DEJU;0.654
157.50	162.00	DEJU;0.626
165.00	171.00	DEJU;0.522
174.00	177.00	DEJU;0.500
186.00	192.00	DEJU;0.942
196.50	199.50	DEJU;0.500
201.00	204.00	DEJU;0.500
211.50	216.00	DEJU;0.729
219.00	225.00	DEJU;0.946
229.50	232.50	DEJU;0.500
237.00	243.00	DEJU;0.861
244.50	247.50	DEJU;0.660
256.50	259.50	DEJU;0.500
1.50	4.50	FISP;0.625
48.00	51.00	FISP;0.500
54.00	58.50	FISP;0.876
81.00	85.50	FISP;0.912
156.00	159.00	FISP;0.500
163.50	168.00	FISP;0.773
187.50	192.00	FISP;0.509
226.50	229.50	FISP;0.517
250.50	255.00	FISP;0.500
34.50	39.00	GCSP;0.943
145.50	150.00	GCSP;0.572
222.00	225.00	GCSP;0.669
238.50	241.50	GCSP;0.515
48.00	52.50	GRSP;0.586
60.00	63.00	HASP;0.804
157.50	160.50	HASP;0.583
193.50	196.50	HASP;0.668
205.50	208.50	HASP;0.529
262.50	267.00	HASP;0.510
33.00	36.00	HETH;0.759
103.50	106.50	HETH;0.639
4.50	9.00	LISP;0.981
22.50	25.50	LISP;0.500
40.50	43.50	LISP;0.500
73.50	78.00	LISP;0.768
88.50	91.50	LISP;0.500
169.50	172.50	LISP;0.500
199.50	204.00	LISP;0.535
216.00	220.50	LISP;0.974
247.50	250.50	LISP;0.524
279.00	283.50	LISP;0.754
294.00	298.50	LISP;0.873
1.50	4.50	MOCH;0.530
6.00	9.00	MOCH;0.500
10.50	13.50	MOCH;0.922
16.50	19.50	MOCH;0.500
25.50	31.50	MOCH;0.639
43.50	49.50	MOCH;0.500
57.00	64.50	MOCH;0.884
69.00	72.00	MOCH;0.567
76.50	82.50	MOCH;0.789
84.00	90.00	MOCH;0.692
96.00	99.00	MOCH;0.854
102.00	105.00	MOCH;0.500
106.50	114.00	MOCH;0.539
123.00	130.50	MOCH;0.539
138.00	142.50	MOCH;0.721
160.50	166.50	MOCH;0.758
172.50	178.50	MOCH;0.729
183.00	186.00	MOCH;0.698
189.00	192.00	MOCH;0.500
193.50	201.00	MOCH;0.500
210.00	214.50	MOCH;0.747
217.50	223.50	MOCH;0.500
231.00	235.50	MOCH;0.552
238.50	243.00	MOCH;0.500
273.00	276.00	MOCH;0.500
4.50	7.50	PUFI;0.509
40.50	43.50	RUTU;0.522
190.50	195.00	RUGR;0.740
87.00	90.00	RUBL;0.665
106.50	109.50	RUBL;0.542
198.00	201.00	RUBL;0.602
202.50	205.50	RUBL;0.725
216.00	219.00	RUBL;0.574
10.50	15.00	SOSP;0.710
18.00	21.00	SOSP;0.593
274.50	277.50	SPGR;0.591
12.00	15.00	VATH;0.552
183.00	186.00	VATH;0.547
136.50	139.50	WEWP;0.557
7.50	12.00	WCSP;0.672
19.50	31.50	WCSP;0.998
73.50	78.00	WCSP;0.821
84.00	88.50	WCSP;0.795
105.00	108.00	WCSP;0.500
151.50	154.50	WCSP;0.822
162.00	165.00	WCSP;0.905
174.00	178.50	WCSP;0.920
187.50	190.50	WCSP;0.500
199.50	211.50	WCSP;0.984
216.00	219.00	WCSP;0.500
228.00	231.00	WCSP;0.746
262.50	265.50	WCSP;0.500
282.00	286.50	WCSP;0.946
292.50	297.00	WCSP;0.800
0.00	21.00	WTSP;0.998
28.50	42.00	WTSP;0.994
45.00	51.00	WTSP;0.925
54.00	67.50	WTSP;0.993
69.00	75.00	WTSP;0.932
76.50	88.50	WTSP;0.991
93.00	109.50	WTSP;0.995
111.00	117.00	WTSP;0.979
120.00	136.50	WTSP;0.998
138.00	141.00	WTSP;0.500
145.50	150.00	WTSP;0.566
153.00	168.00	WTSP;0.989
171.00	217.50	WTSP;0.997
219.00	235.50	WTSP;0.995
238.50	243.00	WTSP;0.500
249.00	255.00	WTSP;0.977
262.50	267.00	WTSP;0.753
271.50	276.00	WTSP;0.500
292.50	297.00	WTSP;0.500
69.00	73.50	YRWA;0.987
81.00	85.50	YRWA;0.855
100.50	105.00	YRWA;0.994
127.50	132.00	YRWA;0.979
141.00	145.50	YRWA;0.994
151.50	156.00	YRWA;0.813
169.50	174.00	YRWA;0.897
234.00	238.50	YRWA;0.958
252.00	256.50	YRWA;0.907
265.50	270.00	YRWA;0.985
289.50	294.00	YRWA;0.830
