225.00	228.00	AGOL;0.507
24.00	27.00	ATSP;0.500
199.50	204.00	ATSP;0.981
82.50	85.50	BAOR;0.509
0.00	3.00	BCCH;0.656
34.50	40.50	BRSP;0.784
183.00	187.50	BRSP;0.601
220.50	226.50	CHSP;0.972
250.50	255.00	CHSP;0.938
225.00	228.00	DEJU;0.506
18.00	21.00	EAME;0.558
223.50	226.50	EAME;0.566
9.00	12.00	FISP;0.510
49.50	52.50	FISP;0.704
96.00	99.00	FISP;0.604
163.50	166.50	FISP;0.509
1.50	7.50	FOSP;0.955
18.00	24.00	FOSP;0.969
36.00	40.50	FOSP;0.743
46.50	49.50	FOSP;0.500
51.00	55.50	FOSP;0.836
64.50	69.00	FOSP;0.964
72.00	76.50	FOSP;0.889
79.50	85.50	FOSP;0.883
87.00	102.00	FOSP;0.815
108.00	112.50	FOSP;0.815
115.50	121.50	FOSP;0.971
126.00	139.50	FOSP;0.881
144.00	150.00	FOSP;0.940
154.50	159.00	FOSP;0.690
163.50	169.50	FOSP;0.891
175.50	178.50	FOSP;0.500
184.50	187.50	FOSP;0.873
196.50	199.50	FOSP;0.500
204.00	210.00	FOSP;0.964
217.50	222.00	FOSP;0.834
223.50	226.50	FOSP;0.579
0.00	3.00	GCSP;0.683
16.50	21.00	GCSP;0.984
94.50	97.50	GCSP;0.533
247.50	250.50	GCSP;0.807
261.00	264.00	GCSP;0.652
169.50	172.50	HASP;0.605
192.00	195.00	HETH;0.545
214.50	217.50	HETH;0.619
103.50	108.00	HOLA;0.684
291.00	294.00	HOLA;0.739
0.00	3.00	MOCH;0.500
9.00	13.50	MOCH;0.684
22.50	25.50	MOCH;0.500
43.50	48.00	MOCH;0.846
49.50	52.50	MOCH;0.500
57.00	61.50	MOCH;0.711
63.00	66.00	MOCH;0.953
70.50	73.50	MOCH;0.500
94.50	97.50	MOCH;0.802
99.00	102.00	MOCH;0.500
115.50	120.00	MOCH;0.500
144.00	147.00	MOCH;0.500
148.50	151.50	MOCH;0.755
153.00	156.00	MOCH;0.697
162.00	166.50	MOCH;0.935
174.00	177.00	MOCH;0.771
180.00	183.00	MOCH;0.606
184.50	189.00	MOCH;0.500
195.00	198.00	MOCH;0.500
201.00	204.00	MOCH;0.500
214.50	220.50	MOCH;0.500
240.00	244.50	MOCH;0.974
246.00	253.50	MOCH;0.672
265.50	274.50	MOCH;0.907
289.50	292.50	NSHR;0.504
54.00	57.00	OCWA;0.603
82.50	85.50	OROR;0.531
154.50	159.00	OROR;0.737
103.50	106.50	PISI;0.853
168.00	174.00	PISI;0.718
279.00	285.00	PISI;0.936
58.50	63.00	PUFI;0.712
64.50	67.50	PUFI;0.562
109.50	114.00	PUFI;0.575
87.00	90.00	RECR;0.505
124.50	129.00	RECR;0.642
1.50	6.00	SNBU;0.547
88.50	93.00	SNBU;0.700
109.50	114.00	SNBU;0.726
126.00	130.50	SNBU;0.712
132.00	139.50	SNBU;0.653
154.50	159.00	SNBU;0.887
175.50	180.00	SNBU;0.833
195.00	199.50	SNBU;0.660
219.00	222.00	SNBU;0.591
234.00	238.50	SNBU;0.572
247.50	252.00	SNBU;0.530
277.50	282.00	SNBU;0.623
40.50	43.50	TOSO;0.519
201.00	204.00	WEFL;0.672
10.50	15.00	WCSP;0.845
21.00	25.50	WCSP;0.562
31.50	42.00	WCSP;0.809
174.00	177.00	WCSP;0.508
186.00	189.00	WCSP;0.500
192.00	195.00	WCSP;0.710
228.00	232.50	WCSP;0.500
238.50	243.00	WCSP;0.789
271.50	274.50	WCSP;0.500
9.00	13.50	WTSP;0.500
21.00	25.50	WTSP;0.500
45.00	48.00	WTSP;0.500
57.00	60.00	WTSP;0.500
94.50	100.50	WTSP;0.955
118.50	124.50	WTSP;0.995
141.00	147.00	WTSP;0.990
150.00	156.00	WTSP;0.995
163.50	166.50	WTSP;0.500
169.50	177.00	WTSP;0.996
180.00	187.50	WTSP;0.650
192.00	202.50	WTSP;0.995
210.00	220.50	WTSP;0.993
231.00	235.50	WTSP;0.555
238.50	244.50	WTSP;0.942
246.00	252.00	WTSP;0.621
262.50	273.00	WTSP;0.994
297.00	300.00	WTSP;0.913
75.00	78.00	WIFL;0.759
166.50	171.00	WIWR;0.602
6.00	10.50	YRWA;0.995
67.50	72.00	YRWA;0.983
82.50	87.00	YRWA;0.990
100.50	105.00	YRWA;0.992
114.00	118.50	YRWA;0.826
127.50	132.00	YRWA;0.991
142.50	145.50	YRWA;0.500
166.50	171.00	YRWA;0.500
181.50	186.00	YRWA;0.966
196.50	201.00	YRWA;0.989
211.50	217.50	YRWA;0.988
222.00	229.50	YRWA;0.627
235.50	240.00	YRWA;0.973
259.50	264.00	YRWA;0.796
282.00	286.50	YRWA;0.982
294.00	298.50	YRWA;0.990
