427.50	433.50	AMDI;0.957
448.50	451.50	BTNW;0.525
468.00	471.00	BTNW;0.608
139.50	142.50	BHVI;0.507
589.50	592.50	BRBL;0.542
391.50	394.50	BRSP;0.604
94.50	97.50	CHSW;0.515
174.00	180.00	CHSW;0.600
4.50	9.00	CHSP;0.612
21.00	27.00	CHSP;0.881
30.00	34.50	CHSP;0.500
39.00	45.00	CHSP;0.892
48.00	54.00	CHSP;0.864
58.50	63.00	CHSP;0.559
69.00	75.00	CHSP;0.895
79.50	84.00	CHSP;0.825
88.50	93.00	CHSP;0.795
106.50	111.00	CHSP;0.513
117.00	120.00	CHSP;0.500
180.00	184.50	CHSP;0.856
195.00	199.50	CHSP;0.721
318.00	321.00	CHSP;0.560
357.00	361.50	CHSP;0.684
373.50	376.50	CHSP;0.569
393.00	397.50	CHSP;0.850
403.50	408.00	CHSP;0.910
420.00	424.50	CHSP;0.593
444.00	448.50	CHSP;0.500
462.00	466.50	CHSP;0.604
481.50	486.00	CHSP;0.847
492.00	495.00	CHSP;0.500
499.50	502.50	CHSP;0.500
507.00	510.00	CHSP;0.500
546.00	549.00	CHSP;0.656
561.00	564.00	CHSP;0.500
580.50	585.00	CHSP;0.557
586.50	591.00	CHSP;0.881
595.50	600.00	CHSP;0.689
42.00	45.00	DEJU;0.635
51.00	54.00	DEJU;0.543
117.00	121.50	DEJU;0.661
195.00	199.50	DEJU;0.600
318.00	321.00	DEJU;0.528
472.50	475.50	DEJU;0.518
567.00	571.50	DEJU;0.688
483.00	486.00	EAME;0.605
78.00	81.00	EATO;0.754
139.50	142.50	EATO;0.636
189.00	192.00	EATO;0.614
205.50	208.50	EATO;0.668
274.50	277.50	EATO;0.574
576.00	579.00	EATO;0.806
43.50	48.00	EAWP;0.669
6.00	12.00	FOSP;0.957
18.00	24.00	FOSP;0.837
61.50	69.00	FOSP;0.897
75.00	79.50	FOSP;0.820
84.00	88.50	FOSP;0.919
96.00	102.00	FOSP;0.886
109.50	115.50	FOSP;0.963
124.50	130.50	FOSP;0.976
132.00	136.50	FOSP;0.930
141.00	145.50	FOSP;0.956
156.00	160.50	FOSP;0.982
172.50	177.00	FOSP;0.977
190.50	195.00	FOSP;0.952
207.00	211.50	FOSP;0.900
238.50	243.00	FOSP;0.769
261.00	265.50	FOSP;0.845
276.00	280.50	FOSP;0.860
298.50	303.00	FOSP;0.858
316.50	325.50	FOSP;0.953
354.00	358.50	FOSP;0.949
375.00	381.00	FOSP;0.866
394.50	400.50	FOSP;0.900
414.00	420.00	FOSP;0.976
432.00	438.00	FOSP;0.935
453.00	459.00	FOSP;0.933
478.50	487.50	FOSP;0.967
499.50	505.50	FOSP;0.945
523.50	529.50	FOSP;0.843
540.00	544.50	FOSP;0.929
556.50	561.00	FOSP;0.935
577.50	582.00	FOSP;0.845
591.00	595.50	FOSP;0.807
4.50	7.50	GCSP;0.669
82.50	85.50	GCSP;0.612
561.00	564.00	HETH;0.654
199.50	202.50	HOWR;0.537
52.50	55.50	LISP;0.520
64.50	67.50	LISP;0.877
265.50	268.50	MOCH;0.781
397.50	400.50	MOCH;0.527
447.00	450.00	MOCH;0.531
456.00	459.00	MOCH;0.519
471.00	474.00	OCWA;0.684
471.00	474.00	PAWA;0.588
573.00	577.50	PAWA;0.674
411.00	414.00	PISI;0.500
492.00	499.50	PISI;0.821
504.00	508.50	PISI;0.981
583.50	591.00	PISI;0.996
154.50	157.50	RWBL;0.512
225.00	231.00	RUGR;0.803
240.00	246.00	RUGR;0.689
258.00	261.00	RUGR;0.683
297.00	301.50	RUGR;0.635
358.50	361.50	RUGR;0.512
487.50	490.50	RUBL;0.759
507.00	510.00	RUBL;0.734
570.00	573.00	RUBL;0.725
580.50	583.50	RUBL;0.647
13.50	18.00	SNBU;0.559
27.00	36.00	SNBU;0.780
42.00	46.50	SNBU;0.553
55.50	60.00	SNBU;0.935
96.00	100.50	SNBU;0.653
108.00	112.50	SNBU;0.888
120.00	124.50	SNBU;0.878
346.50	351.00	SNBU;0.593
352.50	355.50	SNBU;0.500
523.50	526.50	SNBU;0.500
568.50	571.50	SNBU;0.500
24.00	27.00	SWSP;0.590
58.50	63.00	SWSP;0.684
69.00	72.00	SWSP;0.518
123.00	126.00	SWSP;0.634
153.00	156.00	SWSP;0.511
165.00	169.50	SWSP;0.829
175.50	180.00	SWSP;0.816
363.00	367.50	SWSP;0.597
289.50	292.50	VESP;0.542
339.00	343.50	VESP;0.667
339.00	342.00	WEME;0.614
483.00	486.00	WEME;0.588
4.50	7.50	WCSP;0.500
10.50	15.00	WCSP;0.747
18.00	22.50	WCSP;0.650
25.50	30.00	WCSP;0.968
34.50	39.00	WCSP;0.812
60.00	63.00	WCSP;0.545
82.50	85.50	WCSP;0.500
100.50	105.00	WCSP;0.991
112.50	115.50	WCSP;0.500
175.50	178.50	WCSP;0.500
241.50	244.50	WCSP;0.500
289.50	292.50	WCSP;0.500
316.50	319.50	WCSP;0.500
322.50	325.50	WCSP;0.500
340.50	343.50	WCSP;0.500
348.00	352.50	WCSP;0.500
357.00	360.00	WCSP;0.500
391.50	394.50	WCSP;0.500
397.50	400.50	WCSP;0.500
426.00	430.50	WCSP;0.500
435.00	438.00	WCSP;0.500
439.50	444.00	WCSP;0.645
448.50	453.00	WCSP;0.980
456.00	462.00	WCSP;0.969
468.00	472.50	WCSP;0.842
478.50	481.50	WCSP;0.500
484.50	487.50	WCSP;0.505
489.00	493.50	WCSP;0.988
498.00	501.00	WCSP;0.500
508.50	513.00	WCSP;0.963
516.00	519.00	WCSP;0.572
526.50	529.50	WCSP;0.500
535.50	540.00	WCSP;0.985
543.00	547.50	WCSP;0.981
552.00	556.50	WCSP;0.975
559.50	567.00	WCSP;0.981
571.50	576.00	WCSP;0.954
582.00	586.50	WCSP;0.977
594.00	598.50	WCSP;0.931
51.00	54.00	WTSP;0.550
70.50	73.50	WTSP;0.675
91.50	96.00	WTSP;0.710
424.50	429.00	WTSP;0.729
432.00	435.00	WTSP;0.834
594.00	597.00	WIFL;0.749
24.00	28.50	WIWA;0.508
31.50	36.00	WIWA;0.740
57.00	61.50	WIWA;0.854
66.00	72.00	WIWA;0.965
85.50	90.00	WIWA;0.671
96.00	99.00	WIWA;0.500
120.00	126.00	WIWA;0.868
129.00	133.50	WIWA;0.987
138.00	142.50	WIWA;0.963
153.00	156.00	WIWA;0.500
165.00	169.50	WIWA;0.764
175.50	180.00	WIWA;0.500
189.00	192.00	WIWA;0.704
363.00	367.50	WIWA;0.562
78.00	81.00	WOTH;0.588
