168.00	172.50	AMRO;0.852
211.50	214.50	AMRO;0.557
268.50	271.50	BEWR;0.535
270.00	273.00	BCCH;0.600
138.00	142.50	BRSP;0.844
171.00	175.50	CHSW;0.603
250.50	255.00	CHSW;0.699
258.00	262.50	CHSW;0.588
271.50	274.50	CHSW;0.528
0.00	3.00	CHSP;0.926
49.50	55.50	CHSP;0.978
58.50	64.50	CHSP;0.993
66.00	72.00	CHSP;0.984
73.50	79.50	CHSP;0.996
82.50	88.50	CHSP;0.986
90.00	96.00	CHSP;0.980
97.50	103.50	CHSP;0.988
106.50	112.50	CHSP;0.979
115.50	121.50	CHSP;0.980
124.50	130.50	CHSP;0.963
132.00	139.50	CHSP;0.982
141.00	147.00	CHSP;0.979
150.00	156.00	CHSP;0.995
160.50	165.00	CHSP;0.957
168.00	174.00	CHSP;0.984
175.50	180.00	CHSP;0.957
181.50	193.50	CHSP;0.985
199.50	204.00	CHSP;0.500
210.00	214.50	CHSP;0.500
217.50	223.50	CHSP;0.968
226.50	232.50	CHSP;0.911
247.50	252.00	CHSP;0.733
256.50	259.50	CHSP;0.500
276.00	282.00	CHSP;0.865
295.50	300.00	CHSP;0.977
60.00	63.00	EAME;0.759
265.50	268.50	EAME;0.630
262.50	265.50	EVGR;0.508
205.50	208.50	FISP;0.638
61.50	66.00	FOSP;0.950
121.50	126.00	FOSP;0.794
136.50	141.00	FOSP;0.640
199.50	207.00	FOSP;0.500
231.00	234.00	FOSP;0.500
265.50	271.50	FOSP;0.918
277.50	282.00	FOSP;0.691
291.00	295.50	FOSP;0.700
28.50	31.50	GCSP;0.546
66.00	69.00	GCSP;0.624
79.50	84.00	GCSP;0.753
196.50	199.50	GCSP;0.635
232.50	235.50	GCSP;0.665
238.50	241.50	GCSP;0.622
256.50	259.50	GCSP;0.537
261.00	264.00	GCSP;0.549
229.50	234.00	GWTE;0.580
27.00	30.00	HASP;0.581
31.50	34.50	HASP;0.833
105.00	108.00	HASP;0.571
258.00	261.00	HASP;0.651
237.00	240.00	HOSP;0.518
19.50	24.00	LISP;0.761
118.50	123.00	LISP;0.918
208.50	211.50	MOBL;0.550
4.50	7.50	MOCH;0.500
13.50	19.50	MOCH;0.500
30.00	33.00	MOCH;0.710
34.50	37.50	MOCH;0.860
45.00	48.00	MOCH;0.568
64.50	75.00	MOCH;0.500
79.50	82.50	MOCH;0.500
129.00	133.50	MOCH;0.975
156.00	159.00	MOCH;0.761
166.50	169.50	MOCH;0.500
177.00	183.00	MOCH;0.820
186.00	190.50	MOCH;0.500
193.50	198.00	MOCH;0.882
204.00	208.50	MOCH;0.500
256.50	259.50	MOCH;0.500
261.00	264.00	MOCH;0.692
270.00	273.00	MOCH;0.628
280.50	285.00	MOCH;0.585
294.00	297.00	MOCH;0.500
7.50	10.50	NSHR;0.684
283.50	286.50	NSHR;0.647
1.50	6.00	NOWA;0.561
15.00	18.00	NOWA;0.856
45.00	48.00	NOWA;0.753
87.00	90.00	NOWA;0.500
94.50	97.50	NOWA;0.500
130.50	135.00	NOWA;0.500
157.50	160.50	NOWA;0.547
165.00	168.00	NOWA;0.500
178.50	181.50	NOWA;0.604
214.50	217.50	NOWA;0.678
249.00	253.50	NOWA;0.857
264.00	268.50	NOWA;0.578
285.00	288.00	NOWA;0.500
81.00	84.00	OROR;0.521
163.50	166.50	PISI;0.500
238.50	256.50	PISI;0.983
82.50	85.50	PUFI;0.601
289.50	294.00	RECR;0.737
210.00	214.50	RBGR;0.786
112.50	115.50	SNBU;0.507
202.50	207.00	SNBU;0.704
216.00	220.50	SNBU;0.965
223.50	226.50	SNBU;0.739
279.00	282.00	SNBU;0.591
96.00	99.00	SOSP;0.530
78.00	81.00	SPSA;0.567
3.00	7.50	SWSP;0.720
16.50	21.00	SWSP;0.923
24.00	28.50	SWSP;0.599
37.50	42.00	SWSP;0.739
46.50	49.50	SWSP;0.500
81.00	85.50	SWSP;0.500
88.50	91.50	SWSP;0.677
96.00	99.00	SWSP;0.500
102.00	106.50	SWSP;0.539
109.50	114.00	SWSP;0.919
123.00	127.50	SWSP;0.500
130.50	135.00	SWSP;0.547
138.00	141.00	SWSP;0.500
157.50	162.00	SWSP;0.593
165.00	169.50	SWSP;0.551
172.50	177.00	SWSP;0.538
178.50	183.00	SWSP;0.642
186.00	190.50	SWSP;0.581
193.50	196.50	SWSP;0.500
201.00	205.50	SWSP;0.808
214.50	219.00	SWSP;0.764
228.00	232.50	SWSP;0.631
235.50	240.00	SWSP;0.812
243.00	247.50	SWSP;0.500
250.50	253.50	SWSP;0.500
256.50	261.00	SWSP;0.616
264.00	268.50	SWSP;0.500
271.50	276.00	SWSP;0.717
279.00	282.00	SWSP;0.500
292.50	297.00	SWSP;0.952
1.50	6.00	TEWA;0.741
180.00	184.50	TEWA;0.562
264.00	268.50	TEWA;0.564
46.50	51.00	VATH;0.879
165.00	168.00	VATH;0.690
243.00	246.00	VGSW;0.509
208.50	211.50	WEKI;0.550
283.50	286.50	WEME;0.666
4.50	9.00	WCSP;0.563
18.00	21.00	WCSP;0.572
28.50	33.00	WCSP;0.557
46.50	51.00	WCSP;0.949
66.00	69.00	WCSP;0.500
87.00	90.00	WCSP;0.500
106.50	109.50	WCSP;0.500
111.00	115.50	WCSP;0.500
127.50	130.50	WCSP;0.500
154.50	157.50	WCSP;0.632
186.00	190.50	WCSP;0.642
196.50	201.00	WCSP;0.958
231.00	238.50	WCSP;0.981
244.50	247.50	WCSP;0.500
252.00	256.50	WCSP;0.500
282.00	285.00	WCSP;0.500
294.00	297.00	WCSP;0.500
28.50	37.50	WTSP;0.988
48.00	51.00	WTSP;0.500
66.00	69.00	WTSP;0.500
79.50	88.50	WTSP;0.607
93.00	97.50	WTSP;0.596
105.00	109.50	WTSP;0.877
127.50	132.00	WTSP;0.672
139.50	144.00	WTSP;0.955
153.00	157.50	WTSP;0.807
163.50	166.50	WTSP;0.500
174.00	178.50	WTSP;0.542
180.00	186.00	WTSP;0.946
187.50	190.50	WTSP;0.500
192.00	201.00	WTSP;0.927
220.50	225.00	WTSP;0.928
232.50	235.50	WTSP;0.500
256.50	262.50	WTSP;0.921
268.50	271.50	WTSP;0.724
280.50	285.00	WTSP;0.500
292.50	297.00	WTSP;0.500
21.00	33.00	YRWA;0.979
39.00	45.00	YRWA;0.981
52.50	57.00	YRWA;0.993
64.50	69.00	YRWA;0.950
100.50	106.50	YRWA;0.991
114.00	118.50	YRWA;0.993
126.00	130.50	YRWA;0.500
135.00	139.50	YRWA;0.958
142.50	148.50	YRWA;0.962
159.00	163.50	YRWA;0.991
172.50	177.00	YRWA;0.982
286.50	291.00	YRWA;0.990
