195.00	198.00	AMRO;0.797
247.50	250.50	AMRO;0.578
259.50	262.50	AMRO;0.614
78.00	85.50	ATSP;0.692
229.50	232.50	ATSP;0.793
264.00	267.00	ATSP;0.711
102.00	105.00	BCCH;0.519
49.50	54.00	BTNW;0.606
204.00	207.00	BWWA;0.605
1.50	4.50	CHSW;0.569
15.00	19.50	CHSW;0.597
39.00	43.50	CHSW;0.552
91.50	96.00	CHSW;0.815
160.50	163.50	CHSW;0.534
168.00	172.50	CHSW;0.618
187.50	192.00	CHSW;0.539
201.00	204.00	CHSW;0.542
208.50	213.00	FISP;0.634
202.50	210.00	FOSP;0.981
211.50	220.50	FOSP;0.987
222.00	235.50	FOSP;0.906
238.50	243.00	FOSP;0.975
265.50	300.00	FOSP;0.993
7.50	12.00	GCSP;0.535
115.50	118.50	GCSP;0.646
219.00	222.00	GCSP;0.614
21.00	25.50	HETH;0.699
103.50	106.50	HOWA;0.512
118.50	121.50	HOLA;0.606
237.00	240.00	HOLA;0.641
142.50	147.00	LISP;0.951
192.00	196.50	LISP;0.955
232.50	237.00	LISP;0.961
244.50	249.00	LISP;0.975
256.50	261.00	LISP;0.918
268.50	273.00	LISP;0.938
276.00	279.00	LISP;0.500
282.00	286.50	LISP;0.685
292.50	297.00	LISP;0.926
21.00	24.00	MOCH;0.636
219.00	222.00	MOCH;0.693
4.50	7.50	OCWA;0.500
52.50	61.50	OCWA;0.813
202.50	207.00	OCWA;0.500
208.50	213.00	OCWA;0.906
1.50	6.00	PISI;0.500
37.50	40.50	PISI;0.500
46.50	88.50	PISI;0.998
91.50	94.50	PISI;0.500
120.00	136.50	PISI;0.999
171.00	180.00	PISI;0.924
187.50	192.00	PISI;0.606
193.50	202.50	PISI;0.926
213.00	228.00	PISI;0.877
237.00	240.00	PISI;0.500
241.50	246.00	PISI;0.959
247.50	253.50	PISI;0.698
271.50	289.50	PISI;0.990
195.00	198.00	PUFI;0.517
247.50	250.50	PUFI;0.511
28.50	33.00	RWBL;0.734
55.50	58.50	RUGR;0.557
61.50	64.50	RUGR;0.537
276.00	280.50	SNBU;0.636
108.00	111.00	SOSP;0.646
222.00	226.50	SOSP;0.786
231.00	234.00	SOSP;0.530
240.00	243.00	SOSP;0.579
7.50	13.50	SWSP;0.680
24.00	28.50	SWSP;0.500
33.00	36.00	SWSP;0.508
39.00	43.50	SWSP;0.653
46.50	51.00	SWSP;0.500
54.00	57.00	SWSP;0.500
61.50	66.00	SWSP;0.560
69.00	73.50	SWSP;0.634
85.50	88.50	SWSP;0.500
99.00	103.50	SWSP;0.568
105.00	111.00	SWSP;0.578
112.50	117.00	SWSP;0.877
120.00	124.50	SWSP;0.730
133.50	138.00	SWSP;0.714
139.50	144.00	SWSP;0.803
147.00	151.50	SWSP;0.720
153.00	159.00	SWSP;0.639
160.50	165.00	SWSP;0.695
181.50	186.00	SWSP;0.728
195.00	199.50	SWSP;0.640
204.00	207.00	SWSP;0.500
210.00	214.50	SWSP;0.500
253.50	256.50	SWSP;0.500
259.50	265.50	SWSP;0.766
60.00	63.00	TEWA;0.596
84.00	87.00	TEWA;0.594
91.50	94.50	VGSW;0.636
166.50	169.50	VGSW;0.577
201.00	204.00	VGSW;0.649
87.00	90.00	WCSP;0.500
106.50	109.50	WCSP;0.565
139.50	142.50	WCSP;0.500
151.50	156.00	WCSP;0.994
163.50	168.00	WCSP;0.990
178.50	187.50	WCSP;0.985
190.50	195.00	WCSP;0.963
207.00	211.50	WCSP;0.970
219.00	225.00	WCSP;0.989
241.50	246.00	WCSP;0.928
250.50	255.00	WCSP;0.544
262.50	265.50	WCSP;0.500
267.00	270.00	WCSP;0.975
138.00	141.00	WTSP;0.718
240.00	243.00	WTSP;0.649
279.00	282.00	WTSP;0.554
87.00	90.00	WIWA;0.640
136.50	139.50	YBFL;0.539
256.50	259.50	YRWA;0.826
292.50	295.50	YRWA;0.763
