0.00	3.00	AMDI;0.537
112.50	115.50	AMDI;0.679
330.00	333.00	AMDI;0.525
9.00	12.00	AMRO;0.500
30.00	33.00	AMRO;0.500
36.00	43.50	AMRO;0.500
45.00	49.50	AMRO;0.725
58.50	63.00	AMRO;0.948
70.50	75.00	AMRO;0.585
93.00	97.50	AMRO;0.796
126.00	130.50	AMRO;0.500
216.00	220.50	AMRO;0.785
225.00	229.50	AMRO;0.745
304.50	309.00	AMRO;0.616
310.50	315.00	AMRO;0.916
318.00	321.00	AMRO;0.500
324.00	328.50	AMRO;0.944
354.00	357.00	AMRO;0.851
402.00	406.50	AMRO;0.762
409.50	420.00	AMRO;0.956
436.50	441.00	AMRO;0.574
457.50	462.00	AMRO;0.784
465.00	468.00	AMRO;0.500
511.50	516.00	AMRO;0.968
541.50	546.00	AMRO;0.626
576.00	580.50	AMRO;0.500
583.50	588.00	AMRO;0.747
595.50	600.00	AMRO;0.500
355.50	358.50	BAOR;0.836
469.50	472.50	BAOR;0.665
6.00	9.00	BCCH;0.608
250.50	255.00	BLJA;0.810
46.50	49.50	BRSP;0.526
300.00	303.00	BRSP;0.545
318.00	322.50	BRSP;0.657
342.00	345.00	BRSP;0.647
19.50	22.50	BRCR;0.522
78.00	81.00	BRTH;0.562
145.50	148.50	BRTH;0.578
346.50	349.50	BRTH;0.501
183.00	186.00	BHCO;0.718
30.00	33.00	CAFI;0.512
10.50	13.50	CHSW;0.507
19.50	24.00	CHSW;0.703
418.50	423.00	CHSW;0.554
429.00	432.00	CHSW;0.511
484.50	489.00	CHSW;0.726
46.50	49.50	CHSP;0.500
55.50	58.50	CHSP;0.500
123.00	127.50	CHSP;0.585
157.50	162.00	CHSP;0.500
168.00	172.50	CHSP;0.771
190.50	195.00	CHSP;0.505
208.50	213.00	CHSP;0.713
291.00	295.50	CHSP;0.500
300.00	304.50	CHSP;0.500
310.50	313.50	CHSP;0.849
318.00	324.00	CHSP;0.596
342.00	348.00	CHSP;0.650
358.50	363.00	CHSP;0.500
376.50	381.00	CHSP;0.500
384.00	388.50	CHSP;0.670
393.00	397.50	CHSP;0.539
409.50	414.00	CHSP;0.500
427.50	432.00	CHSP;0.689
525.00	529.50	CHSP;0.722
535.50	538.50	CHSP;0.718
544.50	550.50	CHSP;0.935
570.00	576.00	CHSP;0.990
588.00	594.00	CHSP;0.991
57.00	60.00	DEJU;0.708
132.00	135.00	DEJU;0.523
148.50	151.50	DEJU;0.709
180.00	183.00	DEJU;0.762
193.50	196.50	DEJU;0.548
213.00	216.00	DEJU;0.615
226.50	229.50	DEJU;0.526
321.00	324.00	DEJU;0.653
376.50	381.00	DEJU;0.647
393.00	397.50	DEJU;0.785
547.50	550.50	DEJU;0.512
57.00	60.00	EABL;0.548
327.00	330.00	EAME;0.578
108.00	111.00	FISP;0.673
328.50	333.00	FISP;0.530
361.50	366.00	FISP;0.886
220.50	223.50	FOSP;0.602
235.50	238.50	FOSP;0.690
328.50	331.50	FOSP;0.742
406.50	411.00	FOSP;0.905
433.50	436.50	FOSP;0.723
552.00	555.00	FOSP;0.605
438.00	441.00	GCSP;0.529
216.00	219.00	GRCA;0.541
69.00	73.50	GWTE;0.661
202.50	205.50	GWTE;0.510
304.50	309.00	GWTE;0.636
402.00	406.50	GWTE;0.629
463.50	468.00	GWTE;0.660
537.00	540.00	HASP;0.751
27.00	31.50	HETH;0.826
292.50	295.50	HETH;0.553
526.50	529.50	HETH;0.673
597.00	600.00	HETH;0.593
249.00	252.00	HOLA;0.673
265.50	268.50	HOLA;0.608
367.50	370.50	HOLA;0.607
333.00	336.00	HOWR;0.513
193.50	196.50	KILL;0.521
0.00	4.50	LISP;0.866
7.50	10.50	LISP;0.674
15.00	21.00	LISP;0.978
31.50	37.50	LISP;0.953
39.00	42.00	LISP;0.500
48.00	52.50	LISP;0.991
61.50	67.50	LISP;0.950
73.50	78.00	LISP;0.636
79.50	84.00	LISP;0.980
85.50	90.00	LISP;0.500
97.50	103.50	LISP;0.961
114.00	118.50	LISP;0.957
126.00	135.00	LISP;0.979
147.00	151.50	LISP;0.966
162.00	168.00	LISP;0.961
178.50	183.00	LISP;0.956
193.50	199.50	LISP;0.962
211.50	217.50	LISP;0.984
223.50	228.00	LISP;0.757
229.50	234.00	LISP;0.991
246.00	252.00	LISP;0.982
262.50	267.00	LISP;0.983
277.50	283.50	LISP;0.987
295.50	301.50	LISP;0.988
313.50	318.00	LISP;0.919
330.00	336.00	LISP;0.971
348.00	352.50	LISP;0.918
364.50	369.00	LISP;0.960
382.50	387.00	LISP;0.844
399.00	403.50	LISP;0.738
414.00	418.50	LISP;0.831
432.00	436.50	LISP;0.641
447.00	451.50	LISP;0.952
463.50	466.50	LISP;0.718
477.00	481.50	LISP;0.980
493.50	496.50	LISP;0.772
507.00	511.50	LISP;0.702
522.00	526.50	LISP;0.939
540.00	544.50	LISP;0.795
553.50	558.00	LISP;0.982
570.00	574.50	LISP;0.532
586.50	591.00	LISP;0.752
495.00	498.00	LOSH;0.642
501.00	504.00	LBCU;0.523
141.00	145.50	MOBL;0.798
208.50	213.00	MOBL;0.568
3.00	9.00	MOCH;0.944
12.00	15.00	MOCH;0.500
25.50	30.00	MOCH;0.912
42.00	46.50	MOCH;0.939
61.50	64.50	MOCH;0.500
66.00	72.00	MOCH;0.793
75.00	81.00	MOCH;0.755
99.00	105.00	MOCH;0.969
108.00	111.00	MOCH;0.500
124.50	127.50	MOCH;0.687
133.50	138.00	MOCH;0.780
171.00	178.50	MOCH;0.811
187.50	190.50	MOCH;0.831
217.50	220.50	MOCH;0.500
232.50	235.50	MOCH;0.500
289.50	298.50	MOCH;0.562
312.00	316.50	MOCH;0.500
330.00	333.00	MOCH;0.500
340.50	343.50	MOCH;0.500
345.00	348.00	MOCH;0.568
357.00	363.00	MOCH;0.518
375.00	381.00	MOCH;0.640
391.50	397.50	MOCH;0.960
423.00	427.50	MOCH;0.856
441.00	444.00	MOCH;0.548
468.00	474.00	MOCH;0.784
496.50	501.00	MOCH;0.708
504.00	508.50	MOCH;0.785
525.00	535.50	MOCH;0.910
543.00	547.50	MOCH;0.759
564.00	567.00	MOCH;0.538
576.00	579.00	MOCH;0.500
595.50	600.00	MOCH;0.845
132.00	135.00	NSHR;0.596
72.00	76.50	OCWA;0.906
7.50	12.00	PUFI;0.927
28.50	33.00	PUFI;0.908
39.00	43.50	PUFI;0.638
73.50	78.00	PUFI;0.544
85.50	90.00	PUFI;0.548
126.00	130.50	PUFI;0.576
138.00	142.50	PUFI;0.500
151.50	154.50	PUFI;0.500
175.50	178.50	PUFI;0.883
187.50	192.00	PUFI;0.601
223.50	228.00	PUFI;0.529
235.50	238.50	PUFI;0.500
298.50	301.50	PUFI;0.500
327.00	330.00	PUFI;0.500
381.00	384.00	PUFI;0.500
406.50	409.50	PUFI;0.500
418.50	421.50	PUFI;0.500
432.00	436.50	PUFI;0.592
513.00	516.00	PUFI;0.500
379.50	384.00	RECR;0.794
405.00	409.50	RECR;0.616
298.50	301.50	ROWR;0.705
367.50	370.50	ROWR;0.633
51.00	54.00	RUTU;0.727
66.00	69.00	RUTU;0.815
147.00	151.50	RUTU;0.670
165.00	168.00	RUTU;0.556
445.50	448.50	RUTU;0.631
475.50	478.50	RUTU;0.671
493.50	496.50	RUTU;0.505
538.50	541.50	RUTU;0.567
585.00	588.00	RUTU;0.501
264.00	268.50	RUGR;0.549
397.50	400.50	RUGR;0.543
69.00	72.00	RUBL;0.525
105.00	108.00	RUBL;0.761
121.50	124.50	RUBL;0.643
135.00	138.00	RUBL;0.635
528.00	532.50	RUBL;0.603
87.00	90.00	SBDO;0.627
187.50	192.00	SBDO;0.661
237.00	240.00	SBDO;0.606
259.50	262.50	SBDO;0.511
327.00	330.00	SNBU;0.534
379.50	384.00	SNBU;0.578
405.00	408.00	SNBU;0.567
552.00	555.00	SNBU;0.577
37.50	42.00	SOSA;0.739
150.00	153.00	SOSA;0.503
255.00	259.50	SPSA;0.913
22.50	25.50	SWSP;0.624
217.50	220.50	TOSO;0.528
529.50	534.00	TOSO;0.636
316.50	319.50	VATH;0.788
333.00	336.00	VATH;0.646
352.50	357.00	VATH;0.892
595.50	600.00	VEER;0.597
12.00	18.00	WTSP;0.986
25.50	31.50	WTSP;0.946
40.50	49.50	WTSP;0.832
51.00	57.00	WTSP;0.989
60.00	63.00	WTSP;0.762
66.00	70.50	WTSP;0.991
75.00	81.00	WTSP;0.970
82.50	88.50	WTSP;0.970
90.00	96.00	WTSP;0.892
99.00	103.50	WTSP;0.909
105.00	111.00	WTSP;0.946
115.50	120.00	WTSP;0.944
135.00	141.00	WTSP;0.976
150.00	153.00	WTSP;0.500
174.00	178.50	WTSP;0.880
184.50	189.00	WTSP;0.982
216.00	220.50	WTSP;0.583
232.50	237.00	WTSP;0.909
249.00	252.00	WTSP;0.500
264.00	268.50	WTSP;0.704
294.00	298.50	WTSP;0.955
312.00	316.50	WTSP;0.645
328.50	337.50	WTSP;0.517
340.50	349.50	WTSP;0.919
357.00	366.00	WTSP;0.979
375.00	381.00	WTSP;0.920
391.50	396.00	WTSP;0.868
408.00	412.50	WTSP;0.927
423.00	427.50	WTSP;0.808
438.00	442.50	WTSP;0.667
468.00	472.50	WTSP;0.704
496.50	499.50	WTSP;0.500
520.50	526.50	WTSP;0.997
528.00	535.50	WTSP;0.626
537.00	543.00	WTSP;0.996
547.50	550.50	WTSP;0.500
564.00	570.00	WTSP;0.992
576.00	580.50	WTSP;0.974
592.50	598.50	WTSP;0.995
40.50	45.00	WIWA;0.823
52.50	55.50	WIWA;0.534
18.00	21.00	WIWR;0.511
181.50	186.00	YRWA;0.960
