348.00	351.00	AMRO;0.550
355.50	358.50	AMRO;0.508
112.50	115.50	BAOR;0.516
6.00	9.00	BEWR;0.820
0.00	3.00	BCCH;0.547
546.00	549.00	BCCH;0.509
97.50	100.50	BTNW;0.555
33.00	37.50	BRCR;0.570
436.50	439.50	BRTH;0.522
78.00	81.00	EAME;0.669
4.50	9.00	EATO;0.500
28.50	31.50	EATO;0.500
36.00	39.00	EATO;0.914
58.50	66.00	EATO;0.907
70.50	76.50	EATO;0.500
82.50	87.00	EATO;0.567
96.00	99.00	EATO;0.500
109.50	112.50	EATO;0.700
126.00	130.50	EATO;0.917
145.50	148.50	EATO;0.500
261.00	264.00	EATO;0.500
265.50	268.50	EATO;0.571
285.00	288.00	EATO;0.555
343.50	346.50	EATO;0.500
394.50	399.00	EATO;0.500
34.50	37.50	FISP;0.500
177.00	180.00	FISP;0.500
204.00	207.00	FISP;0.500
211.50	214.50	FISP;0.528
225.00	229.50	FISP;0.645
234.00	237.00	FISP;0.655
241.50	244.50	FISP;0.718
250.50	253.50	FISP;0.916
259.50	262.50	FISP;0.500
270.00	273.00	FISP;0.613
279.00	282.00	FISP;0.782
286.50	289.50	FISP;0.500
301.50	306.00	FISP;0.542
336.00	339.00	FISP;0.500
364.50	367.50	FISP;0.544
381.00	385.50	FISP;0.645
390.00	394.50	FISP;0.750
591.00	594.00	FISP;0.500
0.00	9.00	FOSP;0.720
10.50	19.50	FOSP;0.895
25.50	36.00	FOSP;0.964
37.50	58.50	FOSP;0.977
60.00	99.00	FOSP;0.991
102.00	132.00	FOSP;0.915
135.00	160.50	FOSP;0.979
166.50	171.00	FOSP;0.815
192.00	196.50	FOSP;0.543
262.50	267.00	FOSP;0.946
286.50	291.00	FOSP;0.889
300.00	309.00	FOSP;0.665
310.50	315.00	FOSP;0.764
321.00	325.50	FOSP;0.831
328.50	334.50	FOSP;0.976
340.50	348.00	FOSP;0.851
358.50	363.00	FOSP;0.882
370.50	375.00	FOSP;0.500
378.00	382.50	FOSP;0.500
394.50	403.50	FOSP;0.943
409.50	414.00	FOSP;0.688
438.00	442.50	FOSP;0.916
580.50	585.00	FOSP;0.826
586.50	592.50	FOSP;0.834
6.00	9.00	GCSP;0.521
21.00	25.50	GCSP;0.772
69.00	72.00	GCSP;0.597
123.00	126.00	GCSP;0.605
162.00	165.00	GCSP;0.538
181.50	186.00	GCSP;0.855
253.50	258.00	GCSP;0.627
280.50	283.50	GCSP;0.598
300.00	304.50	GCSP;0.723
307.50	310.50	GCSP;0.608
343.50	346.50	GCSP;0.692
508.50	513.00	GCSP;0.704
124.50	127.50	HETH;0.902
400.50	403.50	HETH;0.572
100.50	103.50	HOFI;0.858
126.00	129.00	HOFI;0.742
97.50	100.50	LALO;0.523
319.50	324.00	LASP;0.743
331.50	334.50	LASP;0.536
367.50	372.00	LISP;0.570
10.50	15.00	MOCH;0.738
16.50	19.50	MOCH;0.694
27.00	31.50	MOCH;0.500
61.50	64.50	MOCH;0.500
73.50	76.50	MOCH;0.500
82.50	85.50	MOCH;0.500
105.00	108.00	MOCH;0.566
117.00	121.50	MOCH;0.642
124.50	127.50	MOCH;0.500
130.50	136.50	MOCH;0.971
145.50	148.50	MOCH;0.500
153.00	156.00	MOCH;0.500
162.00	165.00	MOCH;0.500
168.00	172.50	MOCH;0.900
184.50	187.50	MOCH;0.500
190.50	193.50	MOCH;0.500
199.50	202.50	MOCH;0.528
219.00	225.00	MOCH;0.509
241.50	244.50	MOCH;0.500
246.00	249.00	MOCH;0.573
252.00	258.00	MOCH;0.935
261.00	264.00	MOCH;0.500
274.50	277.50	MOCH;0.500
283.50	286.50	MOCH;0.500
295.50	298.50	MOCH;0.980
300.00	303.00	MOCH;0.500
304.50	307.50	MOCH;0.709
313.50	318.00	MOCH;0.655
324.00	327.00	MOCH;0.500
337.50	343.50	MOCH;0.708
346.50	354.00	MOCH;0.540
355.50	358.50	MOCH;0.761
364.50	367.50	MOCH;0.585
369.00	372.00	MOCH;0.500
373.50	379.50	MOCH;0.500
382.50	385.50	MOCH;0.500
391.50	394.50	MOCH;0.500
399.00	402.00	MOCH;0.500
405.00	411.00	MOCH;0.626
414.00	418.50	MOCH;0.523
424.50	427.50	MOCH;0.881
432.00	436.50	MOCH;0.871
448.50	459.00	MOCH;0.983
462.00	471.00	MOCH;0.861
481.50	489.00	MOCH;0.739
490.50	501.00	MOCH;0.818
504.00	510.00	MOCH;0.745
511.50	519.00	MOCH;0.790
520.50	523.50	MOCH;0.500
537.00	540.00	MOCH;0.876
546.00	550.50	MOCH;0.665
556.50	559.50	MOCH;0.500
562.50	565.50	MOCH;0.793
567.00	570.00	MOCH;0.779
579.00	582.00	MOCH;0.500
583.50	586.50	MOCH;0.500
591.00	594.00	MOCH;0.500
139.50	142.50	NOCA;0.696
282.00	285.00	NOCA;0.568
303.00	306.00	NOCA;0.503
61.50	64.50	OROR;0.522
196.50	199.50	PIGR;0.520
55.50	58.50	PUFI;0.590
141.00	144.00	PUFI;0.579
1.50	4.50	REVI;0.701
15.00	18.00	RUGR;0.508
130.50	133.50	RUGR;0.538
187.50	190.50	RUGR;0.561
403.50	408.00	RUGR;0.552
414.00	417.00	RUGR;0.796
522.00	525.00	RUGR;0.722
549.00	553.50	RUGR;0.781
117.00	120.00	SAND;0.507
82.50	85.50	SAVS;0.542
114.00	117.00	SAVS;0.514
79.50	82.50	SNBU;0.553
43.50	49.50	SOSP;0.660
87.00	91.50	SOSP;0.913
54.00	57.00	SPGR;0.508
18.00	22.50	VATH;0.619
108.00	111.00	VATH;0.500
190.50	198.00	VATH;0.759
226.50	229.50	VATH;0.690
244.50	249.00	VATH;0.500
406.50	409.50	VATH;0.500
441.00	445.50	VATH;0.979
520.50	525.00	VATH;0.985
544.50	549.00	VATH;0.761
553.50	556.50	VATH;0.500
559.50	564.00	VATH;0.969
456.00	460.50	WEWP;0.739
499.50	504.00	WEWP;0.805
3.00	7.50	WCSP;0.857
16.50	21.00	WCSP;0.995
28.50	34.50	WCSP;0.985
39.00	49.50	WCSP;0.874
51.00	57.00	WCSP;0.648
63.00	67.50	WCSP;0.698
75.00	84.00	WCSP;0.825
85.50	88.50	WCSP;0.500
91.50	96.00	WCSP;0.500
97.50	100.50	WCSP;0.500
102.00	106.50	WCSP;0.718
112.50	115.50	WCSP;0.500
118.50	121.50	WCSP;0.500
124.50	127.50	WCSP;0.500
154.50	159.00	WCSP;0.500
166.50	171.00	WCSP;0.550
192.00	196.50	WCSP;0.862
288.00	291.00	WCSP;0.500
310.50	315.00	WCSP;0.851
321.00	325.50	WCSP;0.550
378.00	382.50	WCSP;0.585
394.50	399.00	WCSP;0.537
474.00	477.00	WCSP;0.500
510.00	514.50	WCSP;0.946
549.00	553.50	WCSP;0.854
577.50	585.00	WCSP;0.982
586.50	589.50	WCSP;0.500
592.50	595.50	WCSP;0.918
0.00	6.00	WTSP;0.991
7.50	18.00	WTSP;0.994
19.50	30.00	WTSP;1.000
34.50	37.50	WTSP;0.589
42.00	73.50	WTSP;0.998
82.50	94.50	WTSP;0.969
108.00	120.00	WTSP;0.993
121.50	126.00	WTSP;0.675
130.50	135.00	WTSP;0.979
138.00	142.50	WTSP;0.984
151.50	157.50	WTSP;0.989
160.50	165.00	WTSP;0.938
168.00	172.50	WTSP;0.500
174.00	180.00	WTSP;0.991
181.50	262.50	WTSP;1.000
264.00	322.50	WTSP;0.998
324.00	330.00	WTSP;0.999
333.00	394.50	WTSP;0.996
403.50	411.00	WTSP;0.997
414.00	429.00	WTSP;0.992
432.00	436.50	WTSP;0.866
442.50	456.00	WTSP;0.987
457.50	465.00	WTSP;0.986
466.50	475.50	WTSP;0.991
478.50	501.00	WTSP;0.993
504.00	513.00	WTSP;0.816
514.50	522.00	WTSP;0.995
525.00	531.00	WTSP;0.992
534.00	538.50	WTSP;0.992
541.50	549.00	WTSP;0.995
553.50	559.50	WTSP;0.994
564.00	570.00	WTSP;0.996
576.00	580.50	WTSP;0.946
585.00	589.50	WTSP;0.917
591.00	594.00	WTSP;0.500
289.50	292.50	WWCR;0.595
121.50	124.50	WIFL;0.534
346.50	349.50	WIFL;0.586
