357.00	367.50	AMPI;0.796
369.00	372.00	AMPI;0.528
535.50	543.00	ATSP;0.674
46.50	51.00	BLOY;0.766
213.00	217.50	BCCH;0.692
166.50	171.00	BTNW;0.821
181.50	184.50	BTNW;0.675
190.50	198.00	BRSP;0.998
559.50	562.50	CAVI;0.564
184.50	189.00	CHSW;0.966
220.50	225.00	CHSW;0.803
241.50	244.50	CHSW;0.666
252.00	256.50	CHSW;0.500
258.00	261.00	CHSW;0.500
262.50	267.00	CHSW;0.720
271.50	276.00	CHSW;0.732
280.50	285.00	CHSW;0.500
291.00	297.00	CHSW;0.946
303.00	306.00	CHSW;0.500
322.50	325.50	CHSW;0.500
375.00	379.50	CHSW;0.686
394.50	399.00	CHSW;0.683
435.00	439.50	CHSW;0.529
462.00	465.00	CHSW;0.500
471.00	477.00	CHSW;0.824
483.00	487.50	CHSW;0.503
582.00	586.50	CHSW;0.500
219.00	226.50	CHSP;0.840
4.50	9.00	EAME;0.651
22.50	25.50	EAME;0.578
565.50	568.50	EATO;0.689
129.00	133.50	FISP;0.660
4.50	9.00	FOSP;0.523
24.00	28.50	FOSP;0.934
42.00	45.00	FOSP;0.500
69.00	73.50	FOSP;0.935
193.50	196.50	FOSP;0.500
541.50	546.00	FOSP;0.661
556.50	561.00	FOSP;0.949
567.00	571.50	FOSP;0.958
577.50	583.50	FOSP;0.957
588.00	592.50	FOSP;0.937
420.00	423.00	HASP;0.609
445.50	448.50	HASP;0.558
21.00	24.00	MALL;0.507
48.00	51.00	MAMU;0.551
180.00	183.00	MAMU;0.587
58.50	63.00	MOCH;0.840
76.50	79.50	MOCH;0.541
102.00	106.50	MOCH;0.500
114.00	118.50	MOCH;0.667
129.00	133.50	MOCH;0.609
160.50	165.00	MOCH;0.530
175.50	181.50	MOCH;0.974
193.50	198.00	MOCH;0.500
214.50	217.50	MOCH;0.500
225.00	228.00	MOCH;0.500
259.50	264.00	MOCH;0.689
265.50	268.50	MOCH;0.500
274.50	279.00	MOCH;0.879
280.50	285.00	MOCH;0.956
301.50	307.50	MOCH;0.967
310.50	313.50	MOCH;0.500
324.00	327.00	MOCH;0.500
334.50	339.00	MOCH;0.974
349.50	354.00	MOCH;0.775
403.50	409.50	MOCH;0.592
430.50	433.50	MOCH;0.800
498.00	502.50	MOCH;0.538
519.00	522.00	MOCH;0.538
532.50	535.50	MOCH;0.500
549.00	553.50	MOCH;0.576
561.00	565.50	MOCH;0.500
570.00	579.00	MOCH;0.793
582.00	585.00	MOCH;0.500
586.50	591.00	MOCH;0.649
594.00	597.00	MOCH;0.500
450.00	453.00	OCWA;0.651
183.00	186.00	PAWA;0.589
6.00	9.00	PUFI;0.512
180.00	183.00	PUFI;0.550
42.00	46.50	RECR;0.659
112.50	115.50	RWBL;0.566
361.50	364.50	RUGR;0.505
366.00	370.50	RUGR;0.709
414.00	417.00	RUGR;0.517
79.50	82.50	RUBL;0.556
4.50	7.50	SNBU;0.512
42.00	45.00	SNBU;0.508
69.00	73.50	SNBU;0.574
555.00	558.00	SNBU;0.825
333.00	337.50	SPGR;0.698
264.00	267.00	SWSP;0.576
436.50	439.50	SWSP;0.525
27.00	31.50	VATH;0.920
144.00	147.00	VATH;0.531
507.00	511.50	VATH;0.818
129.00	136.50	WEFL;0.872
63.00	70.50	WCSP;0.500
78.00	82.50	WCSP;0.818
123.00	126.00	WCSP;0.500
192.00	198.00	WCSP;0.500
255.00	259.50	WCSP;0.962
294.00	303.00	WCSP;0.880
363.00	367.50	WCSP;0.967
370.50	385.50	WCSP;0.996
409.50	423.00	WCSP;0.990
432.00	436.50	WCSP;0.982
447.00	451.50	WCSP;0.885
466.50	472.50	WCSP;0.967
525.00	531.00	WCSP;0.971
537.00	540.00	WCSP;0.500
589.50	594.00	WCSP;0.500
60.00	64.50	WTSP;0.500
76.50	79.50	WTSP;0.500
129.00	132.00	WTSP;0.500
160.50	165.00	WTSP;0.500
177.00	180.00	WTSP;0.500
213.00	216.00	WTSP;0.582
276.00	279.00	WTSP;0.500
280.50	285.00	WTSP;0.760
286.50	291.00	WTSP;0.500
301.50	306.00	WTSP;0.779
309.00	313.50	WTSP;0.976
349.50	354.00	WTSP;0.781
388.50	394.50	WTSP;0.993
403.50	409.50	WTSP;0.986
420.00	426.00	WTSP;0.984
430.50	433.50	WTSP;0.500
445.50	451.50	WTSP;0.756
507.00	510.00	WTSP;0.500
513.00	519.00	WTSP;0.982
534.00	538.50	WTSP;0.981
540.00	544.50	WTSP;0.500
546.00	553.50	WTSP;0.998
561.00	567.00	WTSP;0.721
570.00	579.00	WTSP;0.991
588.00	591.00	WTSP;0.500
562.50	567.00	WITU;0.505
211.50	216.00	WIWA;0.513
241.50	247.50	WIWA;0.958
252.00	256.50	WIWA;0.904
262.50	265.50	WIWA;0.596
271.50	276.00	WIWA;0.500
376.50	379.50	WIWA;0.512
394.50	397.50	WIWA;0.500
435.00	439.50	WIWA;0.500
460.50	465.00	WIWA;0.860
472.50	475.50	WIWA;0.500
484.50	487.50	WIWA;0.500
559.50	562.50	YTVI;0.545
