135.00	138.00	AMAV;0.590
37.50	42.00	AMDI;0.622
7.50	12.00	AMRO;0.795
19.50	37.50	AMRO;0.841
48.00	57.00	AMRO;0.948
61.50	69.00	AMRO;0.982
73.50	88.50	AMRO;0.862
91.50	96.00	AMRO;0.847
100.50	105.00	AMRO;0.500
117.00	124.50	AMRO;0.573
127.50	130.50	AMRO;0.500
141.00	150.00	AMRO;0.843
151.50	156.00	AMRO;0.524
157.50	162.00	AMRO;0.742
168.00	186.00	AMRO;0.979
187.50	192.00	AMRO;0.731
199.50	204.00	AMRO;0.774
205.50	214.50	AMRO;0.742
219.00	222.00	AMRO;0.637
226.50	234.00	AMRO;0.632
259.50	267.00	AMRO;0.565
271.50	291.00	AMRO;0.729
294.00	298.50	AMRO;0.600
208.50	211.50	BAOR;0.553
264.00	267.00	BAOR;0.524
289.50	294.00	BAOR;0.905
42.00	45.00	BEWR;0.607
181.50	184.50	BEWR;0.818
102.00	106.50	BHGR;0.624
0.00	10.50	BRSP;0.975
15.00	21.00	BRSP;0.500
22.50	28.50	BRSP;0.500
30.00	40.50	BRSP;0.976
45.00	51.00	BRSP;0.862
55.50	61.50	BRSP;0.875
70.50	76.50	BRSP;0.851
79.50	90.00	BRSP;0.925
93.00	99.00	BRSP;0.940
102.00	114.00	BRSP;0.947
117.00	121.50	BRSP;0.595
123.00	133.50	BRSP;0.900
135.00	142.50	BRSP;0.738
150.00	157.50	BRSP;0.804
159.00	162.00	BRSP;0.500
163.50	172.50	BRSP;0.558
175.50	180.00	BRSP;0.887
186.00	193.50	BRSP;0.832
195.00	198.00	BRSP;0.862
199.50	208.50	BRSP;0.561
211.50	217.50	BRSP;0.500
223.50	228.00	BRSP;0.500
229.50	249.00	BRSP;0.923
250.50	256.50	BRSP;0.931
258.00	277.50	BRSP;0.904
280.50	295.50	BRSP;0.766
43.50	48.00	CCLO;0.558
121.50	126.00	CHSW;0.819
145.50	150.00	CHSW;0.526
0.00	15.00	CHSP;0.973
100.50	108.00	CHSP;0.747
123.00	144.00	CHSP;0.995
154.50	166.50	CHSP;0.991
169.50	183.00	CHSP;0.989
186.00	229.50	CHSP;0.997
231.00	249.00	CHSP;0.907
255.00	279.00	CHSP;0.903
282.00	288.00	CHSP;0.750
289.50	295.50	CHSP;0.918
297.00	300.00	CHSP;0.681
6.00	9.00	DEJU;0.570
39.00	42.00	DEJU;0.522
120.00	123.00	EABL;0.537
187.50	192.00	EABL;0.769
63.00	67.50	FOSP;0.621
76.50	79.50	FOSP;0.530
88.50	91.50	FOSP;0.632
112.50	117.00	FOSP;0.876
36.00	39.00	GOEA;0.532
30.00	33.00	GCKI;0.688
156.00	159.00	GRCA;0.601
19.50	24.00	GWTE;0.563
48.00	52.50	GWTE;0.796
85.50	88.50	GWTE;0.528
228.00	231.00	GWTE;0.509
258.00	262.50	HETH;0.596
39.00	42.00	LASP;0.562
75.00	78.00	LASP;0.526
15.00	22.50	LISP;0.881
27.00	31.50	LISP;0.995
37.50	45.00	LISP;0.962
67.50	70.50	LISP;0.500
82.50	87.00	LISP;0.879
97.50	102.00	LISP;0.500
106.50	111.00	LISP;0.585
115.50	120.00	LISP;0.950
222.00	226.50	LISP;0.668
229.50	232.50	LISP;0.500
240.00	243.00	LISP;0.500
253.50	258.00	LISP;0.962
279.00	283.50	LISP;0.873
288.00	292.50	LISP;0.615
295.50	300.00	LISP;0.542
58.50	61.50	MAMU;0.721
114.00	117.00	NSHR;0.532
99.00	102.00	OCWA;0.576
133.50	136.50	OCWA;0.521
75.00	79.50	OROR;0.891
87.00	91.50	PUFI;0.546
195.00	199.50	PUFI;0.629
96.00	100.50	RBGU;0.694
24.00	27.00	ROWR;0.633
79.50	84.00	ROWR;0.576
150.00	153.00	ROWR;0.533
9.00	12.00	RBGR;0.526
16.50	21.00	RBGR;0.662
78.00	82.50	RBGR;0.670
181.50	184.50	RBGR;0.573
274.50	279.00	RBGR;0.668
78.00	81.00	RUGR;0.600
91.50	96.00	RUGR;0.765
115.50	120.00	RUGR;0.697
126.00	129.00	RUGR;0.504
196.50	199.50	RUGR;0.624
88.50	91.50	SNBU;0.727
12.00	15.00	SPTO;0.557
76.50	79.50	SPGR;0.514
217.50	220.50	SUTA;0.513
42.00	46.50	SWSP;0.653
123.00	126.00	SWSP;0.663
145.50	148.50	SWSP;0.557
174.00	177.00	SWSP;0.535
184.50	189.00	SWSP;0.644
234.00	237.00	SWSP;0.668
246.00	250.50	SWSP;0.624
259.50	262.50	SWSP;0.625
270.00	274.50	SWSP;0.537
282.00	285.00	SWSP;0.752
295.50	298.50	SWSP;0.626
10.50	27.00	TOSO;0.592
43.50	48.00	TOSO;0.500
64.50	81.00	TOSO;0.828
90.00	94.50	TOSO;0.500
102.00	105.00	TOSO;0.500
123.00	126.00	TOSO;0.500
127.50	130.50	TOSO;0.500
132.00	136.50	TOSO;0.500
141.00	153.00	TOSO;0.959
165.00	177.00	TOSO;0.961
207.00	211.50	TOSO;0.500
217.50	220.50	TOSO;0.500
223.50	243.00	TOSO;0.943
249.00	252.00	TOSO;0.500
277.50	282.00	TOSO;0.768
283.50	288.00	TOSO;0.500
291.00	295.50	TOSO;0.500
297.00	300.00	TOSO;0.500
54.00	58.50	VESP;0.839
13.50	16.50	WEFL;0.730
48.00	51.00	WEWP;0.625
25.50	28.50	WCSP;0.524
240.00	243.00	WCSP;0.868
225.00	231.00	WTSP;0.994
247.50	252.00	WTSP;0.836
286.50	289.50	WILL;0.534
93.00	97.50	WIWA;0.596
133.50	136.50	WIWA;0.513
142.50	147.00	WIWA;0.983
247.50	250.50	WIWA;0.619
280.50	283.50	WIWA;0.638
