228.00	231.00	AMDI;0.650
15.00	19.50	AMRO;0.827
51.00	57.00	AMRO;0.987
61.50	69.00	AMRO;0.941
78.00	84.00	AMRO;0.991
85.50	90.00	AMRO;0.982
94.50	100.50	AMRO;0.897
102.00	106.50	AMRO;0.938
112.50	117.00	AMRO;0.530
163.50	166.50	AMRO;0.500
172.50	177.00	AMRO;0.535
178.50	183.00	AMRO;0.904
186.00	190.50	AMRO;0.714
195.00	199.50	AMRO;0.623
201.00	207.00	AMRO;0.937
249.00	253.50	AMRO;0.889
262.50	268.50	AMRO;0.977
271.50	276.00	AMRO;0.959
288.00	292.50	AMRO;0.947
298.50	301.50	AMRO;0.500
331.50	337.50	AMRO;0.958
346.50	351.00	AMRO;0.836
354.00	363.00	AMRO;0.500
367.50	370.50	AMRO;0.500
372.00	376.50	AMRO;0.615
418.50	423.00	AMRO;0.500
430.50	436.50	AMRO;0.968
588.00	592.50	AMRO;0.507
45.00	49.50	ATSP;0.714
370.50	375.00	BANS;0.811
238.50	241.50	BEWR;0.507
375.00	378.00	BEWR;0.564
513.00	516.00	BBPL;0.544
292.50	295.50	BTNW;0.644
324.00	327.00	BTNW;0.521
394.50	397.50	BTNW;0.509
423.00	426.00	BTNW;0.616
522.00	525.00	BHVI;0.595
477.00	480.00	BRBL;0.600
0.00	4.50	BRSP;0.500
22.50	25.50	BRSP;0.500
31.50	34.50	BRSP;0.500
39.00	52.50	BRSP;0.535
54.00	57.00	BRSP;0.500
58.50	64.50	BRSP;0.841
78.00	85.50	BRSP;0.500
93.00	96.00	BRSP;0.500
103.50	108.00	BRSP;0.500
109.50	114.00	BRSP;0.500
118.50	123.00	BRSP;0.500
126.00	130.50	BRSP;0.500
136.50	141.00	BRSP;0.967
145.50	150.00	BRSP;0.500
171.00	175.50	BRSP;0.500
213.00	217.50	BRSP;0.603
223.50	226.50	BRSP;0.500
259.50	264.00	BRSP;0.602
268.50	273.00	BRSP;0.540
303.00	306.00	BRSP;0.500
307.50	310.50	BRSP;0.500
316.50	319.50	BRSP;0.500
325.50	330.00	BRSP;0.500
334.50	342.00	BRSP;0.853
345.00	351.00	BRSP;0.500
355.50	360.00	BRSP;0.612
373.50	379.50	BRSP;0.582
384.00	391.50	BRSP;0.500
393.00	400.50	BRSP;0.570
403.50	406.50	BRSP;0.500
459.00	462.00	BRSP;0.500
463.50	466.50	BRSP;0.500
472.50	477.00	BRSP;0.608
480.00	484.50	BRSP;0.500
487.50	493.50	BRSP;0.500
501.00	505.50	BRSP;0.579
508.50	514.50	BRSP;0.561
516.00	519.00	BRSP;0.500
520.50	525.00	BRSP;0.500
528.00	531.00	BRSP;0.500
582.00	586.50	BRSP;0.500
424.50	429.00	CBCH;0.641
0.00	13.50	CHSP;0.873
15.00	21.00	CHSP;0.818
22.50	28.50	CHSP;0.841
46.50	51.00	CHSP;0.500
52.50	57.00	CHSP;0.500
60.00	64.50	CHSP;0.623
78.00	82.50	CHSP;0.790
87.00	91.50	CHSP;0.500
93.00	99.00	CHSP;0.661
103.50	106.50	CHSP;0.722
109.50	114.00	CHSP;0.500
118.50	121.50	CHSP;0.593
127.50	130.50	CHSP;0.500
145.50	150.00	CHSP;0.660
153.00	159.00	CHSP;0.787
162.00	166.50	CHSP;0.782
171.00	175.50	CHSP;0.682
205.50	208.50	CHSP;0.500
213.00	216.00	CHSP;0.500
222.00	226.50	CHSP;0.500
229.50	234.00	CHSP;0.646
240.00	243.00	CHSP;0.500
286.50	289.50	CHSP;0.500
294.00	300.00	CHSP;0.864
303.00	312.00	CHSP;0.500
325.50	330.00	CHSP;0.500
337.50	342.00	CHSP;0.500
345.00	349.50	CHSP;0.696
355.50	360.00	CHSP;0.640
376.50	400.50	CHSP;0.968
402.00	406.50	CHSP;0.658
409.50	415.50	CHSP;0.767
420.00	426.00	CHSP;0.846
433.50	438.00	CHSP;0.694
441.00	445.50	CHSP;0.790
463.50	468.00	CHSP;0.576
472.50	477.00	CHSP;0.500
480.00	486.00	CHSP;0.742
490.50	495.00	CHSP;0.580
508.50	519.00	CHSP;0.590
522.00	525.00	CHSP;0.500
534.00	538.50	CHSP;0.581
582.00	585.00	CHSP;0.500
597.00	600.00	CHSP;0.664
543.00	547.50	CLSW;0.659
3.00	21.00	DEJU;0.901
22.50	28.50	DEJU;0.923
43.50	57.00	DEJU;0.508
58.50	61.50	DEJU;0.500
69.00	72.00	DEJU;0.500
82.50	85.50	DEJU;0.500
87.00	99.00	DEJU;0.790
102.00	108.00	DEJU;0.684
109.50	115.50	DEJU;0.649
117.00	123.00	DEJU;0.963
126.00	129.00	DEJU;0.649
145.50	151.50	DEJU;0.620
153.00	159.00	DEJU;0.631
162.00	165.00	DEJU;0.532
187.50	190.50	DEJU;0.500
207.00	210.00	DEJU;0.500
222.00	226.50	DEJU;0.617
229.50	235.50	DEJU;0.754
252.00	255.00	DEJU;0.500
258.00	262.50	DEJU;0.573
276.00	280.50	DEJU;0.512
285.00	291.00	DEJU;0.500
295.50	300.00	DEJU;0.500
303.00	306.00	DEJU;0.500
307.50	313.50	DEJU;0.796
315.00	318.00	DEJU;0.500
327.00	330.00	DEJU;0.500
337.50	340.50	DEJU;0.500
345.00	349.50	DEJU;0.666
372.00	376.50	DEJU;0.500
382.50	387.00	DEJU;0.518
388.50	394.50	DEJU;0.537
402.00	405.00	DEJU;0.777
409.50	412.50	DEJU;0.500
420.00	423.00	DEJU;0.500
426.00	429.00	DEJU;0.500
439.50	442.50	DEJU;0.500
457.50	462.00	DEJU;0.593
490.50	496.50	DEJU;0.523
508.50	513.00	DEJU;0.500
514.50	517.50	DEJU;0.500
520.50	525.00	DEJU;0.588
526.50	531.00	DEJU;0.500
535.50	538.50	DEJU;0.500
595.50	598.50	DEJU;0.594
54.00	58.50	DUFL;0.770
309.00	313.50	DUFL;0.763
205.50	210.00	EAME;0.709
486.00	490.50	EAME;0.553
495.00	499.50	EAME;0.713
514.50	520.50	EAME;0.685
528.00	532.50	EAME;0.693
580.50	583.50	EAME;0.548
351.00	354.00	EATO;0.561
522.00	525.00	EATO;0.541
36.00	39.00	FOSP;0.500
231.00	235.50	FOSP;0.718
267.00	270.00	FOSP;0.500
300.00	304.50	FOSP;0.784
312.00	316.50	FOSP;0.725
352.50	357.00	FOSP;0.801
367.50	373.50	FOSP;0.986
379.50	391.50	FOSP;0.982
397.50	403.50	FOSP;0.930
415.50	421.50	FOSP;0.897
427.50	433.50	FOSP;0.956
442.50	448.50	FOSP;0.936
450.00	454.50	FOSP;0.536
486.00	490.50	FOSP;0.715
523.50	528.00	FOSP;0.774
540.00	543.00	FOSP;0.599
303.00	307.50	GCSP;0.951
49.50	52.50	GRCA;0.557
334.50	337.50	GRCA;0.535
358.50	361.50	GRCA;0.812
366.00	369.00	GRCA;0.702
526.50	529.50	GRCA;0.590
63.00	66.00	GWTE;0.532
85.50	90.00	GWTE;0.849
517.50	522.00	LISP;0.799
537.00	541.50	LISP;0.920
234.00	237.00	MOCH;0.662
453.00	457.50	OCWA;0.635
465.00	468.00	OCWA;0.513
483.00	486.00	OCWA;0.659
490.50	496.50	OCWA;0.832
193.50	196.50	OROR;0.639
486.00	490.50	OROR;0.652
435.00	438.00	PAWA;0.664
535.50	540.00	PHVI;0.678
27.00	46.50	PISI;0.998
51.00	54.00	PISI;0.500
55.50	60.00	PISI;0.740
64.50	81.00	PISI;0.999
106.50	117.00	PISI;0.987
220.50	226.50	PISI;0.828
244.50	336.00	PISI;0.998
360.00	379.50	PISI;0.999
402.00	411.00	PISI;0.876
412.50	424.50	PISI;0.947
435.00	442.50	PISI;0.867
447.00	460.50	PISI;0.790
472.50	477.00	PISI;0.500
478.50	483.00	PISI;0.835
490.50	511.50	PISI;0.997
513.00	517.50	PISI;0.764
528.00	532.50	PISI;0.728
543.00	547.50	PISI;0.523
175.50	178.50	RWBL;0.539
328.50	331.50	RWBL;0.588
477.00	480.00	RWBL;0.549
175.50	178.50	ROWR;0.586
346.50	349.50	RBGR;0.522
213.00	217.50	RUGR;0.580
229.50	232.50	RUGR;0.510
247.50	252.00	RUGR;0.519
306.00	310.50	RUGR;0.657
384.00	387.00	RUGR;0.591
510.00	513.00	RUGR;0.542
118.50	121.50	RUBL;0.614
475.50	478.50	SAND;0.553
427.50	430.50	SNBU;0.627
450.00	453.00	SPGR;0.513
552.00	555.00	SPGR;0.510
585.00	588.00	SPGR;0.563
595.50	600.00	SPGR;0.794
63.00	66.00	TOSO;0.529
382.50	385.50	VESP;0.511
487.50	492.00	VESP;0.650
193.50	196.50	WEME;0.571
34.50	39.00	WCSP;0.671
103.50	109.50	WCSP;0.974
111.00	117.00	WCSP;0.984
120.00	124.50	WCSP;0.979
127.50	133.50	WCSP;0.983
135.00	141.00	WCSP;0.967
142.50	148.50	WCSP;0.978
150.00	154.50	WCSP;0.976
157.50	162.00	WCSP;0.977
165.00	169.50	WCSP;0.981
172.50	177.00	WCSP;0.986
180.00	186.00	WCSP;0.984
189.00	193.50	WCSP;0.988
196.50	201.00	WCSP;0.982
214.50	219.00	WCSP;0.985
225.00	231.00	WCSP;0.985
237.00	241.50	WCSP;0.500
249.00	253.50	WCSP;0.718
268.50	273.00	WCSP;0.786
280.50	285.00	WCSP;0.500
292.50	297.00	WCSP;0.826
304.50	309.00	WCSP;0.596
324.00	328.50	WCSP;0.744
334.50	339.00	WCSP;0.794
340.50	343.50	WCSP;0.500
364.50	367.50	WCSP;0.847
373.50	378.00	WCSP;0.568
384.00	393.00	WCSP;0.903
394.50	399.00	WCSP;0.500
403.50	408.00	WCSP;0.972
414.00	418.50	WCSP;0.830
423.00	427.50	WCSP;0.942
444.00	447.00	WCSP;0.500
309.00	312.00	WTSP;0.875
342.00	345.00	WOTH;0.543
