9.00	12.00	AMDI;0.513
76.50	79.50	AMGP;0.594
100.50	103.50	AMGP;0.586
0.00	4.50	AMRO;0.572
10.50	18.00	AMRO;0.687
21.00	30.00	AMRO;0.901
31.50	39.00	AMRO;0.817
40.50	51.00	AMRO;0.993
54.00	93.00	AMRO;0.935
94.50	99.00	AMRO;0.789
102.00	111.00	AMRO;0.958
112.50	121.50	AMRO;0.958
123.00	126.00	AMRO;0.504
127.50	154.50	AMRO;0.995
156.00	180.00	AMRO;0.981
181.50	186.00	AMRO;0.778
187.50	190.50	AMRO;0.500
192.00	222.00	AMRO;0.955
243.00	247.50	AMRO;0.500
250.50	286.50	AMRO;0.989
288.00	292.50	AMRO;0.755
294.00	297.00	AMRO;0.708
102.00	105.00	BCCH;0.512
217.50	220.50	BCCH;0.713
0.00	55.50	CHSP;0.995
57.00	69.00	CHSP;0.987
70.50	76.50	CHSP;0.984
78.00	136.50	CHSP;0.993
138.00	157.50	CHSP;0.995
159.00	177.00	CHSP;0.994
178.50	190.50	CHSP;0.988
192.00	198.00	CHSP;0.987
199.50	205.50	CHSP;0.986
207.00	213.00	CHSP;0.991
214.50	219.00	CHSP;0.987
220.50	226.50	CHSP;0.993
228.00	240.00	CHSP;0.993
241.50	253.50	CHSP;0.993
255.00	261.00	CHSP;0.986
262.50	274.50	CHSP;0.979
276.00	300.00	CHSP;0.992
241.50	244.50	CCSP;0.682
49.50	52.50	DEJU;0.513
84.00	87.00	DEJU;0.580
231.00	234.00	DEJU;0.507
1.50	6.00	FOSP;0.550
7.50	12.00	FOSP;0.793
18.00	33.00	FOSP;0.958
34.50	37.50	FOSP;0.500
40.50	45.00	FOSP;0.726
55.50	60.00	FOSP;0.810
70.50	75.00	FOSP;0.812
142.50	147.00	FOSP;0.500
24.00	27.00	GCSP;0.585
60.00	63.00	GCSP;0.662
109.50	112.50	GCSP;0.704
162.00	165.00	GCSP;0.521
198.00	201.00	GCSP;0.524
205.50	208.50	GCSP;0.560
211.50	214.50	GCSP;0.555
231.00	235.50	GCSP;0.634
265.50	268.50	GRCA;0.681
271.50	274.50	GRCA;0.744
279.00	285.00	GRCA;0.762
288.00	291.00	GRCA;0.656
292.50	300.00	GRCA;0.719
54.00	57.00	GWTE;0.610
90.00	96.00	GWTE;0.713
135.00	138.00	LEFL;0.599
21.00	24.00	MAMU;0.572
196.50	199.50	MAMU;0.557
169.50	172.50	MOCH;0.563
142.50	147.00	PIGR;0.604
39.00	42.00	PUFI;0.583
121.50	126.00	PUFI;0.719
169.50	172.50	RBGR;0.520
7.50	10.50	SNBU;0.535
40.50	43.50	SNBU;0.603
69.00	72.00	SNBU;0.741
36.00	39.00	SUTA;0.506
10.50	13.50	TOSO;0.502
45.00	48.00	TOSO;0.527
51.00	55.50	TOSO;0.530
123.00	126.00	TOSO;0.573
142.50	145.50	TOSO;0.547
157.50	162.00	TOSO;0.523
177.00	180.00	TOSO;0.576
283.50	286.50	TOSO;0.563
3.00	6.00	VESP;0.546
3.00	6.00	WCSP;0.735
7.50	13.50	WCSP;0.994
24.00	33.00	WCSP;0.500
40.50	49.50	WCSP;0.831
52.50	57.00	WCSP;0.969
60.00	64.50	WCSP;0.991
67.50	70.50	WCSP;0.865
73.50	78.00	WCSP;0.989
81.00	85.50	WCSP;0.971
88.50	93.00	WCSP;0.969
96.00	100.50	WCSP;0.947
103.50	108.00	WCSP;0.898
109.50	114.00	WCSP;0.837
133.50	138.00	WCSP;0.938
148.50	153.00	WCSP;0.985
154.50	159.00	WCSP;0.986
162.00	168.00	WCSP;0.985
171.00	175.50	WCSP;0.868
177.00	181.50	WCSP;0.972
184.50	195.00	WCSP;0.974
199.50	204.00	WCSP;0.950
205.50	217.50	WCSP;0.948
219.00	223.50	WCSP;0.985
225.00	231.00	WCSP;0.977
232.50	237.00	WCSP;0.986
238.50	244.50	WCSP;0.987
246.00	250.50	WCSP;0.986
253.50	258.00	WCSP;0.987
259.50	264.00	WCSP;0.986
267.00	271.50	WCSP;0.980
274.50	279.00	WCSP;0.985
286.50	295.50	WCSP;0.980
297.00	300.00	WCSP;0.860
3.00	7.50	WTSP;0.797
13.50	18.00	WTSP;0.981
22.50	28.50	WTSP;0.726
31.50	37.50	WTSP;0.626
42.00	48.00	WTSP;0.500
52.50	55.50	WTSP;0.500
58.50	61.50	WTSP;0.500
66.00	70.50	WTSP;0.500
73.50	76.50	WTSP;0.500
81.00	85.50	WTSP;0.500
96.00	100.50	WTSP;0.597
114.00	120.00	WTSP;0.968
126.00	129.00	WTSP;0.500
135.00	138.00	WTSP;0.500
142.50	145.50	WTSP;0.522
162.00	165.00	WTSP;0.506
169.50	174.00	WTSP;0.771
177.00	186.00	WTSP;0.696
189.00	193.50	WTSP;0.663
198.00	201.00	WTSP;0.500
231.00	235.50	WTSP;0.510
238.50	241.50	WTSP;0.805
244.50	247.50	WTSP;0.500
252.00	255.00	WTSP;0.513
282.00	289.50	WTSP;0.786
157.50	160.50	YBFL;0.516
198.00	201.00	YRWA;0.515
