258.00	264.00	ANHU;0.625
270.00	274.50	ANHU;0.519
280.50	285.00	ANHU;0.672
444.00	447.00	ANHU;0.559
448.50	451.50	ANHU;0.578
483.00	486.00	ANHU;0.537
510.00	514.50	ANHU;0.634
196.50	201.00	BAWW;0.850
214.50	219.00	BWWA;0.648
346.50	351.00	BWWA;0.777
33.00	37.50	CHSP;0.539
70.50	73.50	CHSP;0.521
247.50	250.50	CHSP;0.523
267.00	270.00	CHSP;0.642
343.50	346.50	CHSP;0.530
349.50	354.00	DEJU;0.624
370.50	373.50	DEJU;0.517
67.50	72.00	FISP;0.685
213.00	216.00	FISP;0.521
348.00	351.00	FISP;0.613
352.50	357.00	FISP;0.921
447.00	450.00	FISP;0.677
474.00	477.00	FISP;0.532
492.00	496.50	FISP;0.623
507.00	511.50	FISP;0.622
187.50	190.50	GRSP;0.500
330.00	334.50	GRSP;0.608
268.50	271.50	RTHU;0.564
69.00	72.00	RUGR;0.531
217.50	220.50	RUGR;0.664
301.50	304.50	RUGR;0.583
367.50	370.50	RUGR;0.607
553.50	556.50	RUGR;0.510
559.50	562.50	RUGR;0.606
22.50	25.50	RUHU;0.535
72.00	76.50	RUHU;0.576
79.50	82.50	RUHU;0.633
90.00	93.00	RUHU;0.623
102.00	105.00	RUHU;0.649
261.00	267.00	RUHU;0.659
280.50	288.00	RUHU;0.684
292.50	295.50	RUHU;0.572
525.00	529.50	RUHU;0.595
595.50	598.50	RUHU;0.660
348.00	351.00	SAVS;0.529
552.00	555.00	SAVS;0.626
411.00	415.50	SPGR;0.851
