246.00	249.00	AMDI;0.669
295.50	298.50	AMDI;0.502
367.50	370.50	AMDI;0.588
451.50	454.50	AMDI;0.620
526.50	529.50	AMDI;0.509
549.00	555.00	AMDI;0.804
387.00	390.00	AMGP;0.637
183.00	186.00	AMRO;0.500
193.50	198.00	AMRO;0.500
213.00	216.00	AMRO;0.500
222.00	226.50	AMRO;0.743
229.50	234.00	AMRO;0.964
240.00	246.00	AMRO;0.755
249.00	255.00	AMRO;0.728
291.00	294.00	AMRO;0.521
354.00	360.00	AMRO;0.898
405.00	409.50	AMRO;0.693
450.00	454.50	AMRO;0.917
459.00	462.00	AMRO;0.674
492.00	496.50	AMRO;0.546
301.50	304.50	ANHU;0.534
154.50	157.50	ARTE;0.539
207.00	210.00	BEWR;0.506
78.00	82.50	BLTU;0.774
481.50	486.00	BBPL;0.560
0.00	3.00	BCCH;0.500
9.00	12.00	BCCH;0.500
16.50	21.00	BCCH;0.962
31.50	34.50	BCCH;0.826
39.00	43.50	BCCH;0.946
48.00	51.00	BCCH;0.500
73.50	78.00	BCCH;0.946
300.00	303.00	BCCH;0.537
322.50	325.50	BCCH;0.500
403.50	406.50	BCCH;0.500
414.00	417.00	BCCH;0.500
69.00	72.00	BLJA;0.707
51.00	54.00	BHVI;0.842
12.00	15.00	BRSP;0.555
244.50	247.50	BUOR;0.516
163.50	166.50	CHSW;0.549
336.00	339.00	CHSW;0.822
382.50	385.50	CHSW;0.632
394.50	397.50	CHSW;0.741
573.00	576.00	CHSW;0.803
543.00	546.00	CCSP;0.536
211.50	214.50	DEJU;0.640
87.00	90.00	EAME;0.721
544.50	547.50	EAME;0.606
469.50	472.50	EATO;0.555
496.50	499.50	EATO;0.501
87.00	90.00	FISP;0.633
99.00	102.00	FISP;0.501
111.00	114.00	FISP;0.532
121.50	126.00	FISP;0.767
196.50	199.50	FISP;0.711
54.00	57.00	FOSP;0.500
88.50	93.00	FOSP;0.894
126.00	130.50	FOSP;0.551
142.50	147.00	FOSP;0.500
156.00	160.50	FOSP;0.700
171.00	174.00	FOSP;0.500
186.00	189.00	FOSP;0.500
262.50	267.00	FOSP;0.736
274.50	280.50	FOSP;0.824
292.50	297.00	FOSP;0.898
307.50	312.00	FOSP;0.944
318.00	324.00	FOSP;0.934
331.50	342.00	FOSP;0.972
346.50	354.00	FOSP;0.926
358.50	363.00	FOSP;0.924
370.50	375.00	FOSP;0.752
384.00	388.50	FOSP;0.785
408.00	412.50	FOSP;0.744
423.00	426.00	FOSP;0.500
441.00	445.50	FOSP;0.806
463.50	468.00	FOSP;0.690
489.00	492.00	FOSP;0.500
508.50	513.00	FOSP;0.840
525.00	531.00	FOSP;0.929
540.00	543.00	FOSP;0.500
553.50	558.00	FOSP;0.915
571.50	576.00	FOSP;0.699
48.00	51.00	GCSP;0.536
87.00	90.00	GCSP;0.658
129.00	133.50	GCSP;0.824
322.50	325.50	HASP;0.502
378.00	381.00	HASP;0.701
541.50	544.50	HASP;0.609
0.00	12.00	HETH;0.982
18.00	30.00	HETH;0.992
39.00	43.50	HETH;0.887
49.50	63.00	HETH;0.992
67.50	76.50	HETH;0.886
192.00	196.50	HETH;0.562
201.00	204.00	HETH;0.500
259.50	262.50	HETH;0.500
289.50	294.00	HETH;0.500
363.00	369.00	HETH;0.500
396.00	399.00	HETH;0.500
412.50	415.50	HETH;0.500
433.50	436.50	HETH;0.500
444.00	447.00	HETH;0.500
460.50	465.00	HETH;0.783
477.00	481.50	HETH;0.657
544.50	547.50	HETH;0.500
487.50	490.50	KILL;0.534
178.50	183.00	LISP;0.581
247.50	250.50	LISP;0.578
297.00	300.00	LISP;0.723
312.00	316.50	LISP;0.570
345.00	348.00	LISP;0.590
549.00	552.00	LISP;0.722
565.50	570.00	LISP;0.900
238.50	241.50	MAMU;0.723
10.50	16.50	MOCH;0.624
19.50	24.00	MOCH;0.500
31.50	42.00	MOCH;0.517
54.00	60.00	MOCH;0.507
70.50	73.50	MOCH;0.500
75.00	79.50	MOCH;0.500
85.50	88.50	MOCH;0.816
91.50	96.00	MOCH;0.923
97.50	100.50	MOCH;0.524
109.50	112.50	MOCH;0.500
129.00	135.00	MOCH;0.500
145.50	150.00	MOCH;0.951
153.00	157.50	MOCH;0.966
172.50	178.50	MOCH;0.500
180.00	184.50	MOCH;0.830
187.50	190.50	MOCH;0.937
201.00	204.00	MOCH;0.500
213.00	216.00	MOCH;0.782
223.50	226.50	MOCH;0.500
232.50	237.00	MOCH;0.653
240.00	243.00	MOCH;0.714
264.00	267.00	MOCH;0.500
282.00	286.50	MOCH;0.955
289.50	294.00	MOCH;0.945
297.00	301.50	MOCH;0.650
304.50	309.00	MOCH;0.938
315.00	319.50	MOCH;0.930
322.50	336.00	MOCH;0.951
340.50	345.00	MOCH;0.586
354.00	357.00	MOCH;0.615
363.00	369.00	MOCH;0.500
393.00	396.00	MOCH;0.500
400.50	408.00	MOCH;0.655
409.50	423.00	MOCH;0.733
424.50	433.50	MOCH;0.500
435.00	439.50	MOCH;0.906
444.00	447.00	MOCH;0.500
448.50	451.50	MOCH;0.528
456.00	460.50	MOCH;0.878
477.00	481.50	MOCH;0.500
486.00	489.00	MOCH;0.500
490.50	493.50	MOCH;0.500
496.50	501.00	MOCH;0.599
507.00	510.00	MOCH;0.500
522.00	526.50	MOCH;0.500
531.00	534.00	MOCH;0.698
550.50	553.50	MOCH;0.500
556.50	559.50	MOCH;0.500
583.50	586.50	MOCH;0.500
312.00	316.50	MOWA;0.557
270.00	273.00	NOFL;0.526
235.50	238.50	NSHR;0.638
529.50	532.50	OCWA;0.586
54.00	57.00	OROR;0.569
262.50	265.50	PUFI;0.629
384.00	387.00	PUFI;0.517
510.00	513.00	PUFI;0.535
439.50	444.00	RECR;0.626
462.00	465.00	RECR;0.536
525.00	528.00	RECR;0.529
3.00	9.00	RUGR;0.905
15.00	18.00	RUGR;0.550
4.50	9.00	RUBL;0.903
12.00	16.50	RUBL;0.500
21.00	24.00	RUBL;0.500
27.00	31.50	RUBL;0.680
36.00	40.50	RUBL;0.500
43.50	48.00	RUBL;0.725
55.50	58.50	RUBL;0.596
61.50	66.00	RUBL;0.977
70.50	73.50	RUBL;0.500
145.50	148.50	RUBL;0.500
201.00	205.50	RUBL;0.500
282.00	285.00	RUBL;0.500
484.50	489.00	SEPL;0.564
387.00	390.00	SBDO;0.536
88.50	91.50	SNBU;0.500
99.00	103.50	SNBU;0.500
111.00	115.50	SNBU;0.703
126.00	130.50	SNBU;0.535
141.00	147.00	SNBU;0.819
154.50	160.50	SNBU;0.598
169.50	174.00	SNBU;0.857
184.50	189.00	SNBU;0.587
262.50	268.50	SNBU;0.573
274.50	280.50	SNBU;0.678
292.50	297.00	SNBU;0.521
307.50	312.00	SNBU;0.626
318.00	324.00	SNBU;0.500
331.50	337.50	SNBU;0.668
346.50	351.00	SNBU;0.516
358.50	363.00	SNBU;0.608
370.50	375.00	SNBU;0.746
384.00	388.50	SNBU;0.782
406.50	412.50	SNBU;0.708
423.00	427.50	SNBU;0.543
439.50	445.50	SNBU;0.662
462.00	468.00	SNBU;0.796
489.00	493.50	SNBU;0.601
508.50	513.00	SNBU;0.643
525.00	531.00	SNBU;0.500
553.50	558.00	SNBU;0.500
570.00	576.00	SNBU;0.719
328.50	331.50	SOSA;0.588
379.50	384.00	SOSA;0.680
583.50	586.50	SOSA;0.614
295.50	298.50	SOSP;0.590
421.50	424.50	SPSA;0.557
195.00	199.50	SUTA;0.638
160.50	165.00	SWSP;0.745
283.50	288.00	SWSP;0.572
498.00	502.50	SWSP;0.559
357.00	360.00	VESP;0.508
226.50	229.50	WEWP;0.558
40.50	45.00	WCSP;0.609
46.50	51.00	WCSP;0.760
57.00	61.50	WCSP;0.843
63.00	66.00	WCSP;0.500
69.00	76.50	WCSP;0.746
85.50	90.00	WCSP;0.752
96.00	118.50	WCSP;0.987
123.00	126.00	WCSP;0.500
130.50	135.00	WCSP;0.967
151.50	156.00	WCSP;0.500
174.00	178.50	WCSP;0.663
181.50	186.00	WCSP;0.969
189.00	196.50	WCSP;0.969
198.00	202.50	WCSP;0.891
204.00	208.50	WCSP;0.980
214.50	219.00	WCSP;0.979
225.00	229.50	WCSP;0.753
232.50	237.00	WCSP;0.807
241.50	247.50	WCSP;0.973
258.00	261.00	WCSP;0.500
265.50	270.00	WCSP;0.895
298.50	303.00	WCSP;0.919
324.00	330.00	WCSP;0.500
364.50	369.00	WCSP;0.667
394.50	399.00	WCSP;0.920
405.00	408.00	WCSP;0.500
409.50	414.00	WCSP;0.780
424.50	427.50	WCSP;0.545
490.50	495.00	WCSP;0.941
507.00	511.50	WCSP;0.635
520.50	525.00	WCSP;0.500
526.50	531.00	WCSP;0.503
535.50	546.00	WCSP;0.976
550.50	555.00	WCSP;0.670
586.50	592.50	WCSP;0.965
13.50	16.50	WTSP;0.500
19.50	22.50	WTSP;0.500
48.00	52.50	WTSP;0.500
54.00	57.00	WTSP;0.500
75.00	82.50	WTSP;0.944
91.50	96.00	WTSP;0.500
99.00	102.00	WTSP;0.500
106.50	111.00	WTSP;0.500
112.50	115.50	WTSP;0.500
121.50	126.00	WTSP;0.500
130.50	133.50	WTSP;0.500
172.50	178.50	WTSP;0.982
180.00	184.50	WTSP;0.500
189.00	192.00	WTSP;0.500
196.50	199.50	WTSP;0.577
223.50	226.50	WTSP;0.500
232.50	237.00	WTSP;0.733
240.00	244.50	WTSP;0.597
253.50	261.00	WTSP;0.993
265.50	268.50	WTSP;0.500
297.00	301.50	WTSP;0.657
316.50	319.50	WTSP;0.500
324.00	328.50	WTSP;0.859
351.00	355.50	WTSP;0.943
378.00	382.50	WTSP;0.638
400.50	408.00	WTSP;0.840
414.00	423.00	WTSP;0.959
424.50	438.00	WTSP;0.942
445.50	450.00	WTSP;0.995
487.50	490.50	WTSP;0.500
493.50	498.00	WTSP;0.865
508.50	511.50	WTSP;0.500
516.00	525.00	WTSP;0.989
529.50	534.00	WTSP;0.500
555.00	559.50	WTSP;0.962
585.00	591.00	WTSP;0.971
102.00	106.50	WIWA;0.846
160.50	165.00	WIWA;0.654
283.50	288.00	WIWA;0.761
391.50	396.00	WIWA;0.960
417.00	420.00	WIWA;0.500
438.00	442.50	WIWA;0.647
448.50	451.50	WIWA;0.500
459.00	462.00	WIWA;0.500
478.50	483.00	WIWA;0.918
489.00	493.50	WIWA;0.527
498.00	502.50	WIWA;0.694
519.00	523.50	WIWA;0.792
564.00	568.50	WIWA;0.984
574.50	579.00	WIWA;0.991
585.00	589.50	WIWA;0.941
244.50	247.50	YRWA;0.570
258.00	262.50	YRWA;0.719
277.50	282.00	YRWA;0.975
297.00	301.50	YRWA;0.500
351.00	355.50	YRWA;0.731
364.50	369.00	YRWA;0.983
504.00	508.50	YRWA;0.986
513.00	517.50	YRWA;0.989
529.50	532.50	YRWA;0.500
544.50	547.50	YRWA;0.500
553.50	558.00	YRWA;0.987
568.50	573.00	YRWA;0.585
579.00	585.00	YRWA;0.986
591.00	595.50	YRWA;0.984
