226.50	231.00	AMDI;0.628
0.00	7.50	AMRO;0.965
13.50	21.00	AMRO;0.967
28.50	36.00	AMRO;0.884
37.50	42.00	AMRO;0.956
45.00	52.50	AMRO;0.990
60.00	73.50	AMRO;0.975
79.50	87.00	AMRO;0.964
94.50	99.00	AMRO;0.828
105.00	109.50	AMRO;0.500
111.00	118.50	AMRO;0.915
106.50	109.50	BAOR;0.505
436.50	439.50	BCCH;0.569
493.50	496.50	BCCH;0.590
6.00	9.00	BRTH;0.541
130.50	135.00	CARW;0.550
198.00	201.00	CARW;0.562
145.50	148.50	CAFI;0.674
589.50	594.00	CHSW;0.805
120.00	123.00	CHSP;0.500
130.50	135.00	CHSP;0.590
153.00	157.50	CHSP;0.672
162.00	165.00	CHSP;0.500
172.50	177.00	CHSP;0.842
195.00	201.00	CHSP;0.934
208.50	214.50	CHSP;0.603
241.50	247.50	CHSP;0.981
315.00	319.50	CHSP;0.617
334.50	339.00	CHSP;0.500
349.50	354.00	CHSP;0.829
559.50	562.50	CHSP;0.500
349.50	352.50	DUNL;0.634
432.00	435.00	DUNL;0.573
93.00	96.00	EABL;0.603
121.50	126.00	EAME;0.624
180.00	183.00	EATO;0.756
391.50	394.50	EATO;0.680
558.00	561.00	EATO;0.506
580.50	583.50	EATO;0.627
592.50	595.50	FISP;0.738
6.00	12.00	FOSP;0.962
19.50	25.50	FOSP;0.963
34.50	39.00	FOSP;0.950
49.50	52.50	FOSP;0.500
58.50	63.00	FOSP;0.951
69.00	72.00	FOSP;0.521
73.50	82.50	FOSP;0.959
88.50	97.50	FOSP;0.976
99.00	103.50	FOSP;0.500
106.50	112.50	FOSP;0.961
121.50	127.50	FOSP;0.995
141.00	153.00	FOSP;0.996
163.50	172.50	FOSP;0.924
181.50	186.00	FOSP;0.984
187.50	193.50	FOSP;0.923
213.00	217.50	FOSP;0.772
228.00	235.50	FOSP;0.960
246.00	252.00	FOSP;0.986
258.00	262.50	FOSP;0.920
267.00	271.50	FOSP;0.500
276.00	289.50	FOSP;0.951
297.00	301.50	FOSP;0.986
306.00	310.50	FOSP;0.843
321.00	325.50	FOSP;0.980
342.00	346.50	FOSP;0.914
358.50	363.00	FOSP;0.912
376.50	381.00	FOSP;0.956
393.00	397.50	FOSP;0.977
421.50	429.00	FOSP;0.953
444.00	448.50	FOSP;0.974
463.50	469.50	FOSP;0.959
480.00	484.50	FOSP;0.990
498.00	502.50	FOSP;0.965
514.50	520.50	FOSP;0.987
546.00	550.50	FOSP;0.912
556.50	559.50	FOSP;0.730
564.00	570.00	FOSP;0.949
573.00	576.00	FOSP;0.580
582.00	591.00	FOSP;0.985
117.00	120.00	GCSP;0.542
156.00	160.50	GCSP;0.802
166.50	169.50	GCSP;0.550
256.50	261.00	GCSP;0.808
301.50	304.50	GCSP;0.563
324.00	327.00	GCSP;0.604
346.50	351.00	GCSP;0.674
417.00	420.00	GCSP;0.858
426.00	429.00	GCSP;0.508
507.00	510.00	GCSP;0.597
522.00	525.00	GCSP;0.524
529.50	532.50	GCSP;0.543
541.50	544.50	GCSP;0.732
576.00	579.00	GCSP;0.664
111.00	114.00	GWTE;0.625
27.00	30.00	HASP;0.579
291.00	295.50	HASP;0.594
310.50	313.50	HASP;0.641
529.50	532.50	HASP;0.581
73.50	76.50	HOFI;0.522
304.50	307.50	HOFI;0.609
0.00	3.00	MOBL;0.771
42.00	45.00	MOCH;0.500
51.00	54.00	MOCH;0.500
117.00	121.50	MOCH;0.500
139.50	142.50	MOCH;0.718
168.00	171.00	MOCH;0.500
192.00	196.50	MOCH;0.912
202.50	207.00	MOCH;0.500
223.50	228.00	MOCH;0.509
234.00	237.00	MOCH;0.500
249.00	256.50	MOCH;0.709
292.50	295.50	MOCH;0.500
300.00	303.00	MOCH;0.500
336.00	339.00	MOCH;0.640
357.00	360.00	MOCH;0.618
366.00	369.00	MOCH;0.785
403.50	408.00	MOCH;0.500
432.00	435.00	MOCH;0.523
439.50	442.50	MOCH;0.586
447.00	450.00	MOCH;0.500
454.50	457.50	MOCH;0.500
469.50	474.00	MOCH;0.980
517.50	520.50	MOCH;0.500
541.50	544.50	MOCH;0.500
562.50	565.50	MOCH;0.818
570.00	573.00	MOCH;0.525
574.50	579.00	MOCH;0.500
33.00	36.00	OSFL;0.572
58.50	61.50	OSFL;0.676
162.00	166.50	OROR;0.573
274.50	279.00	OROR;0.644
376.50	379.50	OROR;0.588
19.50	22.50	PISI;0.500
63.00	69.00	PISI;0.957
171.00	178.50	PISI;0.765
199.50	229.50	PISI;0.997
27.00	30.00	PUFI;0.661
34.50	37.50	PUFI;0.623
463.50	466.50	PUFI;0.602
136.50	141.00	RECR;0.658
187.50	190.50	RECR;0.537
226.50	231.00	RECR;0.705
279.00	282.00	RECR;0.787
295.50	298.50	RECR;0.810
496.50	499.50	RECR;0.546
535.50	540.00	RECR;0.725
585.00	588.00	RECR;0.528
328.50	331.50	RWBL;0.566
333.00	336.00	ROWR;0.540
451.50	454.50	ROWR;0.558
3.00	7.50	RBGR;0.750
13.50	16.50	RBGR;0.549
28.50	31.50	RBGR;0.617
46.50	49.50	RBGR;0.674
550.50	553.50	RUTU;0.541
37.50	43.50	RUGR;0.856
226.50	229.50	RUGR;0.553
237.00	241.50	RUGR;0.627
94.50	97.50	SNBU;0.533
168.00	172.50	SNBU;0.570
187.50	192.00	SNBU;0.619
571.50	576.00	SNBU;0.934
585.00	589.50	SNBU;0.710
16.50	19.50	SUTA;0.538
31.50	34.50	SUTA;0.784
114.00	118.50	SUTA;0.658
27.00	30.00	VATH;0.612
177.00	180.00	VESP;0.590
178.50	181.50	WEWP;0.623
30.00	34.50	WCSP;0.500
36.00	40.50	WCSP;0.500
42.00	46.50	WCSP;0.978
52.50	55.50	WCSP;0.501
58.50	66.00	WCSP;0.587
70.50	75.00	WCSP;0.981
91.50	94.50	WCSP;0.500
123.00	127.50	WCSP;0.500
144.00	147.00	WCSP;0.500
150.00	154.50	WCSP;0.946
156.00	160.50	WCSP;0.668
163.50	169.50	WCSP;0.683
175.50	178.50	WCSP;0.910
183.00	186.00	WCSP;0.825
229.50	232.50	WCSP;0.500
234.00	238.50	WCSP;0.829
267.00	271.50	WCSP;0.767
286.50	291.00	WCSP;0.500
300.00	304.50	WCSP;0.500
307.50	310.50	WCSP;0.500
322.50	327.00	WCSP;0.958
330.00	334.50	WCSP;0.993
337.50	343.50	WCSP;0.986
345.00	351.00	WCSP;0.500
352.50	358.50	WCSP;0.991
361.50	366.00	WCSP;0.993
372.00	376.50	WCSP;0.993
381.00	385.50	WCSP;0.986
388.50	394.50	WCSP;0.976
396.00	403.50	WCSP;0.987
408.00	414.00	WCSP;0.993
415.50	423.00	WCSP;0.990
427.50	433.50	WCSP;0.976
438.00	442.50	WCSP;0.984
448.50	453.00	WCSP;0.989
459.00	465.00	WCSP;0.987
472.50	477.00	WCSP;0.982
483.00	489.00	WCSP;0.992
495.00	499.50	WCSP;0.879
507.00	511.50	WCSP;0.960
519.00	523.50	WCSP;0.982
531.00	535.50	WCSP;0.981
543.00	547.50	WCSP;0.990
553.50	558.00	WCSP;0.992
564.00	568.50	WCSP;0.968
577.50	586.50	WCSP;0.990
588.00	592.50	WCSP;0.989
597.00	600.00	WCSP;0.954
10.50	16.50	WTSP;0.995
18.00	21.00	WTSP;0.500
25.50	31.50	WTSP;0.771
42.00	45.00	WTSP;0.529
118.50	121.50	WTSP;0.500
157.50	162.00	WTSP;0.769
165.00	169.50	WTSP;0.546
174.00	178.50	WTSP;0.825
184.50	187.50	WTSP;0.526
216.00	219.00	WTSP;0.500
223.50	228.00	WTSP;0.500
234.00	237.00	WTSP;0.500
249.00	253.50	WTSP;0.500
255.00	259.50	WTSP;0.991
285.00	295.50	WTSP;0.668
300.00	303.00	WTSP;0.500
309.00	313.50	WTSP;0.621
337.50	345.00	WTSP;0.761
363.00	369.00	WTSP;0.983
381.00	385.50	WTSP;0.541
387.00	391.50	WTSP;0.825
403.50	409.50	WTSP;0.780
429.00	435.00	WTSP;0.973
459.00	462.00	WTSP;0.500
471.00	474.00	WTSP;0.877
493.50	498.00	WTSP;0.548
522.00	528.00	WTSP;0.994
538.50	544.50	WTSP;0.995
552.00	555.00	WTSP;0.500
559.50	565.50	WTSP;0.941
574.50	579.00	WTSP;0.500
592.50	597.00	WTSP;0.500
340.50	343.50	WWCR;0.930
361.50	364.50	WIFL;0.610
549.00	552.00	WIFL;0.822
27.00	30.00	WIWA;0.743
72.00	76.50	YRWA;0.795
82.50	87.00	YRWA;0.837
