70.50	75.00	AMDI;0.806
480.00	483.00	AMDI;0.533
3.00	9.00	AMRO;0.997
10.50	18.00	AMRO;0.987
21.00	25.50	AMRO;0.817
28.50	61.50	AMRO;0.995
63.00	103.50	AMRO;0.990
105.00	117.00	AMRO;0.965
118.50	171.00	AMRO;0.999
172.50	210.00	AMRO;0.996
211.50	219.00	AMRO;0.993
220.50	231.00	AMRO;0.992
232.50	244.50	AMRO;0.987
246.00	252.00	AMRO;0.958
253.50	258.00	AMRO;0.959
259.50	268.50	AMRO;0.990
270.00	282.00	AMRO;0.944
283.50	288.00	AMRO;0.995
291.00	295.50	AMRO;0.985
298.50	309.00	AMRO;0.992
312.00	331.50	AMRO;0.980
333.00	337.50	AMRO;0.944
339.00	358.50	AMRO;0.990
360.00	384.00	AMRO;0.996
385.50	397.50	AMRO;0.995
399.00	403.50	AMRO;0.953
405.00	411.00	AMRO;0.990
412.50	418.50	AMRO;0.982
420.00	432.00	AMRO;0.992
433.50	459.00	AMRO;0.985
462.00	468.00	AMRO;0.932
469.50	475.50	AMRO;0.974
477.00	483.00	AMRO;0.973
486.00	492.00	AMRO;0.965
495.00	499.50	AMRO;0.993
501.00	507.00	AMRO;0.997
528.00	534.00	AMRO;0.988
535.50	541.50	AMRO;0.989
543.00	549.00	AMRO;0.989
550.50	558.00	AMRO;0.945
559.50	564.00	AMRO;0.864
568.50	588.00	AMRO;0.990
589.50	600.00	AMRO;0.988
7.50	10.50	BAOR;0.750
79.50	82.50	BAOR;0.500
85.50	88.50	BAOR;0.500
93.00	96.00	BAOR;0.500
115.50	118.50	BAOR;0.500
129.00	141.00	BAOR;0.583
142.50	145.50	BAOR;0.500
157.50	160.50	BAOR;0.500
177.00	181.50	BAOR;0.702
222.00	228.00	BAOR;0.553
238.50	241.50	BAOR;0.500
279.00	286.50	BAOR;0.791
349.50	352.50	BAOR;0.798
378.00	381.00	BAOR;0.626
396.00	399.00	BAOR;0.500
436.50	439.50	BAOR;0.500
490.50	493.50	BAOR;0.534
535.50	538.50	BAOR;0.500
546.00	549.00	BAOR;0.500
580.50	583.50	BAOR;0.500
595.50	598.50	BAOR;0.500
16.50	19.50	BCCH;0.647
136.50	139.50	BCCH;0.742
217.50	222.00	BCCH;0.595
289.50	292.50	BCCH;0.687
90.00	93.00	BHGR;0.546
127.50	132.00	BHGR;0.674
217.50	220.50	BRBL;0.646
72.00	75.00	BRSP;0.578
310.50	313.50	BRSP;0.512
34.50	37.50	BRTH;0.588
19.50	22.50	CAFI;0.704
358.50	361.50	CAFI;0.708
111.00	115.50	CHSP;0.822
436.50	441.00	CHSP;0.638
159.00	162.00	DEJU;0.585
436.50	441.00	DEJU;0.500
445.50	456.00	DEJU;0.973
457.50	463.50	DEJU;0.974
466.50	472.50	DEJU;0.928
480.00	490.50	DEJU;0.939
552.00	556.50	DEJU;0.825
568.50	571.50	DEJU;0.551
573.00	592.50	DEJU;0.962
594.00	597.00	DEJU;0.500
325.50	328.50	EABL;0.508
237.00	241.50	EAME;0.651
4.50	7.50	GCSP;0.500
16.50	21.00	GCSP;0.872
30.00	33.00	GCSP;0.500
42.00	46.50	GCSP;0.959
54.00	58.50	GCSP;0.992
67.50	70.50	GCSP;0.515
106.50	111.00	GCSP;0.983
123.00	127.50	GCSP;0.783
135.00	139.50	GCSP;0.990
147.00	153.00	GCSP;0.984
162.00	166.50	GCSP;0.942
175.50	180.00	GCSP;0.983
217.50	220.50	GCSP;0.614
231.00	235.50	GCSP;0.885
244.50	249.00	GCSP;0.985
258.00	261.00	GCSP;0.500
273.00	276.00	GCSP;0.694
288.00	292.50	GCSP;0.982
300.00	304.50	GCSP;0.685
342.00	346.50	GCSP;0.980
369.00	373.50	GCSP;0.965
382.50	387.00	GCSP;0.983
396.00	400.50	GCSP;0.949
417.00	421.50	GCSP;0.974
429.00	433.50	GCSP;0.986
441.00	445.50	GCSP;0.968
454.50	459.00	GCSP;0.899
493.50	498.00	GCSP;0.824
507.00	511.50	GCSP;0.990
519.00	523.50	GCSP;0.866
546.00	550.50	GCSP;0.913
558.00	562.50	GCSP;0.922
595.50	600.00	GCSP;0.675
67.50	70.50	GRCA;0.583
235.50	238.50	GWTE;0.606
348.00	351.00	GWTE;0.581
373.50	376.50	GWTE;0.596
465.00	469.50	GWTE;0.557
489.00	492.00	GWTE;0.815
493.50	498.00	GWTE;0.647
529.50	534.00	GWTE;0.714
552.00	556.50	GWTE;0.616
577.50	585.00	GWTE;0.622
300.00	304.50	HASP;0.506
358.50	361.50	HASP;0.516
385.50	388.50	HASP;0.660
171.00	174.00	HETH;0.702
276.00	279.00	HETH;0.521
474.00	477.00	HETH;0.673
121.50	124.50	LESA;0.611
36.00	39.00	LOSH;0.519
7.50	10.50	MOCH;0.788
403.50	406.50	MOCH;0.596
295.50	298.50	NOHA;0.542
60.00	63.00	PIGR;0.684
432.00	435.00	PIGR;0.572
58.50	61.50	PUFI;0.506
96.00	99.00	PUFI;0.566
358.50	361.50	PUFI;0.586
82.50	85.50	REVI;0.515
117.00	120.00	REVI;0.559
64.50	67.50	RBGR;0.508
73.50	76.50	RBGR;0.582
123.00	126.00	RBGR;0.512
133.50	138.00	RBGR;0.654
211.50	214.50	RBGR;0.557
225.00	228.00	RBGR;0.693
240.00	243.00	RBGR;0.709
277.50	282.00	RBGR;0.569
559.50	562.50	RBGR;0.570
582.00	585.00	RBGR;0.572
202.50	205.50	RUGR;0.649
474.00	477.00	RUGR;0.510
475.50	478.50	SNBU;0.692
504.00	507.00	TOSO;0.514
97.50	100.50	TUTI;0.784
595.50	598.50	TUTI;0.527
22.50	27.00	WCSP;0.933
36.00	39.00	WCSP;0.537
51.00	54.00	WCSP;0.500
70.50	75.00	WCSP;0.549
78.00	81.00	WCSP;0.684
84.00	88.50	WCSP;0.856
102.00	106.50	WCSP;0.597
144.00	147.00	WCSP;0.506
165.00	168.00	WCSP;0.835
190.50	195.00	WCSP;0.688
198.00	202.50	WCSP;0.837
210.00	213.00	WCSP;0.500
267.00	271.50	WCSP;0.636
307.50	312.00	WCSP;0.981
324.00	328.50	WCSP;0.500
474.00	477.00	WCSP;0.500
136.50	139.50	WTSP;0.619
150.00	153.00	WTSP;0.502
223.50	226.50	WTSP;0.611
526.50	531.00	WTSP;0.955
