46.50	49.50	AMGP;0.785
133.50	136.50	AMGP;0.580
48.00	52.50	AMRO;0.500
55.50	78.00	AMRO;0.947
79.50	85.50	AMRO;0.524
91.50	94.50	AMRO;0.500
120.00	123.00	AMRO;0.513
130.50	138.00	AMRO;0.826
142.50	147.00	AMRO;0.629
151.50	156.00	AMRO;0.660
174.00	178.50	AMRO;0.632
183.00	187.50	AMRO;0.520
132.00	135.00	BAOR;0.571
181.50	184.50	BAOR;0.532
69.00	73.50	BLOY;0.788
151.50	154.50	BLOY;0.531
184.50	187.50	BLOY;0.536
72.00	75.00	BBPL;0.589
255.00	259.50	BCCH;0.767
211.50	214.50	BRSP;0.687
28.50	33.00	BUOR;0.617
160.50	165.00	CHSW;0.517
253.50	256.50	CHSW;0.661
82.50	85.50	DUNL;0.580
279.00	283.50	DUNL;0.653
214.50	217.50	EATO;0.635
247.50	250.50	EATO;0.592
6.00	10.50	EAWP;0.702
43.50	46.50	EAWP;0.534
142.50	147.00	FISP;0.882
249.00	253.50	FOSP;0.876
43.50	46.50	GCSP;0.601
136.50	139.50	GCSP;0.518
157.50	160.50	HASP;0.525
189.00	192.00	HASP;0.684
211.50	214.50	HASP;0.577
243.00	247.50	HASP;0.609
172.50	175.50	HETH;0.684
291.00	295.50	HETH;0.693
205.50	210.00	LESA;0.563
283.50	286.50	LISP;0.508
102.00	105.00	LBDO;0.525
79.50	84.00	MAMU;0.586
94.50	97.50	MAMU;0.526
186.00	190.50	MAMU;0.904
1.50	7.50	MOCH;0.562
10.50	15.00	MOCH;0.959
19.50	25.50	MOCH;0.730
36.00	40.50	MOCH;0.500
46.50	49.50	MOCH;0.500
58.50	63.00	MOCH;0.872
66.00	70.50	MOCH;0.869
84.00	87.00	MOCH;0.500
94.50	103.50	MOCH;0.617
112.50	120.00	MOCH;0.559
124.50	129.00	MOCH;0.500
136.50	139.50	MOCH;0.500
165.00	168.00	MOCH;0.500
169.50	172.50	MOCH;0.705
175.50	178.50	MOCH;0.500
193.50	198.00	MOCH;0.513
204.00	207.00	MOCH;0.635
244.50	247.50	MOCH;0.500
253.50	256.50	MOCH;0.500
270.00	273.00	MOCH;0.500
297.00	300.00	MOCH;0.500
93.00	96.00	OSFL;0.677
114.00	117.00	OSFL;0.606
186.00	189.00	OSFL;0.655
111.00	114.00	PIGR;0.516
84.00	87.00	PUFI;0.523
175.50	180.00	PUFI;0.679
283.50	288.00	ROWR;0.611
240.00	243.00	RBGR;0.506
115.50	120.00	RUGR;0.715
0.00	3.00	RUBL;0.706
18.00	21.00	RUBL;0.635
109.50	112.50	SNBU;0.512
235.50	240.00	SNBU;0.816
264.00	268.50	SNBU;0.665
195.00	198.00	SOSP;0.621
76.50	81.00	SPSA;0.655
184.50	187.50	SUTA;0.559
52.50	57.00	SWSP;0.664
85.50	90.00	SWSP;0.500
106.50	111.00	SWSP;0.780
120.00	124.50	SWSP;0.816
130.50	135.00	SWSP;0.614
141.00	145.50	SWSP;0.877
151.50	156.00	SWSP;0.764
162.00	165.00	SWSP;0.779
172.50	175.50	SWSP;0.563
181.50	184.50	SWSP;0.500
201.00	205.50	SWSP;0.500
208.50	213.00	SWSP;0.500
216.00	222.00	SWSP;0.733
225.00	229.50	SWSP;0.933
232.50	237.00	SWSP;0.675
241.50	246.00	SWSP;0.981
250.50	256.50	SWSP;0.918
259.50	265.50	SWSP;0.979
271.50	276.00	SWSP;0.980
280.50	285.00	SWSP;0.994
289.50	295.50	SWSP;0.878
66.00	69.00	TOSO;0.549
76.50	79.50	TOSO;0.517
220.50	225.00	TOSO;0.972
267.00	270.00	VATH;0.549
279.00	282.00	WEWP;0.567
3.00	7.50	WCSP;0.845
21.00	25.50	WCSP;0.970
36.00	40.50	WCSP;0.657
43.50	48.00	WCSP;0.906
55.50	60.00	WCSP;0.988
73.50	76.50	WCSP;0.500
87.00	91.50	WCSP;0.938
117.00	121.50	WCSP;0.875
129.00	133.50	WCSP;0.985
138.00	142.50	WCSP;0.986
145.50	150.00	WCSP;0.984
154.50	159.00	WCSP;0.978
163.50	168.00	WCSP;0.585
174.00	177.00	WCSP;0.942
183.00	186.00	WCSP;0.929
192.00	196.50	WCSP;0.990
199.50	204.00	WCSP;0.964
208.50	216.00	WCSP;0.981
217.50	222.00	WCSP;0.794
228.00	231.00	WCSP;0.704
237.00	241.50	WCSP;0.967
246.00	250.50	WCSP;0.982
286.50	289.50	WCSP;0.500
19.50	24.00	WTSP;0.654
36.00	40.50	WTSP;0.500
43.50	48.00	WTSP;0.500
58.50	63.00	WTSP;0.765
72.00	75.00	WTSP;0.667
85.50	88.50	WTSP;0.500
96.00	103.50	WTSP;0.752
112.50	118.50	WTSP;0.761
124.50	130.50	WTSP;0.500
135.00	139.50	WTSP;0.840
157.50	168.00	WTSP;0.996
169.50	175.50	WTSP;0.990
180.00	184.50	WTSP;0.907
189.00	198.00	WTSP;0.824
201.00	207.00	WTSP;0.728
211.50	216.00	WTSP;0.727
223.50	228.00	WTSP;0.822
229.50	234.00	WTSP;0.676
243.00	247.50	WTSP;0.545
255.00	259.50	WTSP;0.809
267.00	270.00	WTSP;0.500
276.00	279.00	WTSP;0.500
286.50	292.50	WTSP;0.993
297.00	300.00	WTSP;0.778
235.50	238.50	WWCR;0.596
216.00	220.50	WIWA;0.686
259.50	262.50	WIWA;0.708
