72.00	75.00	AMAV;0.529
102.00	105.00	AMAV;0.512
280.50	286.50	AMAV;0.714
222.00	225.00	AMDI;0.515
291.00	294.00	AGOL;0.562
243.00	246.00	BAEA;0.560
432.00	435.00	GBHE;0.604
282.00	285.00	GRYE;0.512
244.50	247.50	HETH;0.541
238.50	241.50	HOLA;0.589
396.00	400.50	HOLA;0.658
9.00	13.50	PISI;0.761
52.50	67.50	PISI;0.993
96.00	105.00	PISI;0.975
219.00	229.50	PISI;0.652
243.00	247.50	PISI;0.500
292.50	295.50	PISI;0.500
390.00	394.50	PISI;0.702
351.00	355.50	RUTU;0.764
330.00	333.00	RUGR;0.501
373.50	376.50	RUGR;0.614
405.00	408.00	RUGR;0.506
378.00	381.00	TBLO;0.517
220.50	225.00	VGSW;0.601
