340.50	343.50	AGOL;0.559
477.00	480.00	AGOL;0.535
310.50	313.50	AMKE;0.558
559.50	562.50	AMPI;0.574
483.00	487.50	BANS;0.698
133.50	136.50	BCCH;0.693
150.00	153.00	BCCH;0.536
192.00	201.00	BRSP;0.820
202.50	207.00	BRSP;0.671
504.00	507.00	CHSW;0.711
6.00	10.50	CHSP;0.500
16.50	22.50	CHSP;0.974
42.00	48.00	CHSP;0.881
49.50	55.50	CHSP;0.964
61.50	64.50	CHSP;0.500
69.00	73.50	CHSP;0.731
82.50	87.00	CHSP;0.538
114.00	118.50	CHSP;0.793
126.00	129.00	CHSP;0.500
135.00	139.50	CHSP;0.788
142.50	147.00	CHSP;0.603
154.50	160.50	CHSP;0.871
163.50	169.50	CHSP;0.975
174.00	180.00	CHSP;0.925
181.50	187.50	CHSP;0.921
205.50	211.50	CHSP;0.979
214.50	220.50	CHSP;0.930
222.00	228.00	CHSP;0.562
232.50	238.50	CHSP;0.896
244.50	249.00	CHSP;0.848
312.00	318.00	CHSP;0.956
408.00	414.00	CHSP;0.755
450.00	454.50	CHSP;0.812
517.50	522.00	CHSP;0.500
523.50	528.00	CHSP;0.553
544.50	549.00	CHSP;0.851
106.50	109.50	EATO;0.579
21.00	25.50	FISP;0.500
45.00	49.50	FISP;0.500
67.50	72.00	FISP;0.500
78.00	82.50	FISP;0.730
90.00	93.00	FISP;0.500
115.50	120.00	FISP;0.895
126.00	130.50	FISP;0.642
139.50	142.50	FISP;0.500
180.00	184.50	FISP;0.857
190.50	195.00	FISP;0.606
202.50	207.00	FISP;0.623
240.00	243.00	FISP;0.500
249.00	253.50	FISP;0.756
270.00	274.50	FISP;0.637
322.50	327.00	FISP;0.500
348.00	351.00	FISP;0.500
378.00	381.00	FISP;0.500
426.00	430.50	FISP;0.500
499.50	502.50	FISP;0.500
523.50	526.50	FISP;0.500
565.50	570.00	FISP;0.666
10.50	16.50	FOSP;0.544
27.00	30.00	FOSP;0.500
33.00	37.50	FOSP;0.611
46.50	51.00	FOSP;0.500
64.50	69.00	FOSP;0.777
73.50	78.00	FOSP;0.610
79.50	85.50	FOSP;0.843
97.50	108.00	FOSP;0.979
112.50	117.00	FOSP;0.669
127.50	135.00	FOSP;0.564
363.00	367.50	FOSP;0.801
573.00	576.00	FOSP;0.500
63.00	67.50	GCSP;0.567
126.00	129.00	GCSP;0.598
132.00	135.00	GCSP;0.655
249.00	252.00	GCSP;0.537
87.00	90.00	HASP;0.620
231.00	235.50	HETH;0.815
568.50	571.50	HOLA;0.617
501.00	504.00	KILL;0.822
7.50	12.00	MOCH;0.795
19.50	24.00	MOCH;0.966
25.50	28.50	MOCH;0.500
45.00	48.00	MOCH;0.577
58.50	61.50	MOCH;0.535
67.50	72.00	MOCH;0.855
90.00	93.00	MOCH;0.506
94.50	97.50	MOCH;0.587
120.00	123.00	MOCH;0.500
133.50	136.50	MOCH;0.680
138.00	142.50	MOCH;0.794
147.00	150.00	MOCH;0.500
156.00	162.00	MOCH;0.865
163.50	166.50	MOCH;0.822
186.00	195.00	MOCH;0.843
202.50	207.00	MOCH;0.532
216.00	222.00	MOCH;0.679
231.00	235.50	MOCH;0.660
238.50	243.00	MOCH;0.979
249.00	253.50	MOCH;0.500
256.50	262.50	MOCH;0.884
268.50	274.50	MOCH;0.796
282.00	285.00	MOCH;0.500
294.00	298.50	MOCH;0.696
307.50	312.00	MOCH;0.942
322.50	327.00	MOCH;0.648
334.50	339.00	MOCH;0.619
348.00	352.50	MOCH;0.744
358.50	361.50	MOCH;0.500
369.00	372.00	MOCH;0.580
373.50	382.50	MOCH;0.775
390.00	394.50	MOCH;0.855
397.50	403.50	MOCH;0.899
411.00	415.50	MOCH;0.788
426.00	430.50	MOCH;0.896
435.00	445.50	MOCH;0.931
478.50	483.00	MOCH;0.914
496.50	502.50	MOCH;0.888
510.00	514.50	MOCH;0.601
517.50	520.50	MOCH;0.500
523.50	526.50	MOCH;0.500
532.50	535.50	MOCH;0.500
537.00	540.00	MOCH;0.746
553.50	558.00	MOCH;0.500
565.50	570.00	MOCH;0.500
579.00	586.50	MOCH;0.500
114.00	117.00	NOHA;0.518
132.00	135.00	OROR;0.603
174.00	178.50	PIGR;0.644
0.00	3.00	PISI;0.668
21.00	25.50	PISI;0.500
220.50	232.50	PISI;0.993
355.50	360.00	PISI;0.556
477.00	495.00	PISI;0.982
510.00	516.00	PISI;0.895
28.50	33.00	PUFI;0.694
10.50	13.50	RECR;0.508
97.50	100.50	RECR;0.534
168.00	171.00	RUGR;0.517
567.00	571.50	RUGR;0.665
189.00	192.00	RUBL;0.592
357.00	361.50	RUBL;0.784
369.00	372.00	RUBL;0.613
103.50	106.50	SAPH;0.668
262.50	267.00	SAPH;0.844
361.50	366.00	SAPH;0.569
571.50	576.00	SAPH;0.501
10.50	16.50	SNBU;0.868
27.00	37.50	SNBU;0.702
46.50	52.50	SNBU;0.766
63.00	69.00	SNBU;0.624
84.00	87.00	SNBU;0.510
99.00	108.00	SNBU;0.541
114.00	117.00	SNBU;0.500
264.00	268.50	SNBU;0.821
331.50	336.00	SNBU;0.506
346.50	349.50	SNBU;0.500
363.00	367.50	SNBU;0.500
193.50	196.50	SOSP;0.573
106.50	109.50	SPTO;0.594
538.50	541.50	SWSP;0.660
568.50	573.00	SWSP;0.799
42.00	45.00	VATH;0.650
421.50	424.50	VATH;0.505
7.50	12.00	WCSP;0.586
21.00	25.50	WCSP;0.697
45.00	48.00	WCSP;0.500
58.50	61.50	WCSP;0.500
73.50	78.00	WCSP;0.608
91.50	94.50	WCSP;0.759
102.00	106.50	WCSP;0.848
115.50	120.00	WCSP;0.754
127.50	132.00	WCSP;0.500
139.50	142.50	WCSP;0.500
147.00	151.50	WCSP;0.958
202.50	207.00	WCSP;0.707
219.00	222.00	WCSP;0.500
258.00	261.00	WCSP;0.500
295.50	300.00	WCSP;0.831
309.00	312.00	WCSP;0.500
334.50	337.50	WCSP;0.500
378.00	382.50	WCSP;0.500
402.00	406.50	WCSP;0.893
412.50	417.00	WCSP;0.906
562.50	567.00	WCSP;0.500
15.00	18.00	WTSP;0.500
24.00	28.50	WTSP;0.671
30.00	36.00	WTSP;0.994
42.00	49.50	WTSP;0.509
52.50	61.50	WTSP;0.997
69.00	72.00	WTSP;0.547
75.00	82.50	WTSP;0.973
85.50	97.50	WTSP;0.995
109.50	115.50	WTSP;0.996
118.50	123.00	WTSP;0.500
130.50	135.00	WTSP;0.914
138.00	142.50	WTSP;0.500
145.50	150.00	WTSP;0.979
156.00	166.50	WTSP;0.995
180.00	184.50	WTSP;0.500
196.50	207.00	WTSP;0.994
217.50	220.50	WTSP;0.700
250.50	253.50	WTSP;0.500
258.00	261.00	WTSP;0.500
270.00	273.00	WTSP;0.500
294.00	297.00	WTSP;0.608
322.50	325.50	WTSP;0.500
334.50	339.00	WTSP;0.500
376.50	381.00	WTSP;0.500
390.00	394.50	WTSP;0.622
397.50	406.50	WTSP;0.956
421.50	426.00	WTSP;0.595
427.50	430.50	WTSP;0.500
435.00	439.50	WTSP;0.589
441.00	445.50	WTSP;0.500
490.50	502.50	WTSP;0.992
508.50	526.50	WTSP;0.997
532.50	540.00	WTSP;0.993
550.50	556.50	WTSP;0.994
565.50	570.00	WTSP;0.536
579.00	585.00	WTSP;0.623
594.00	598.50	WTSP;0.533
220.50	223.50	YRWA;0.500
279.00	282.00	YRWA;0.722
297.00	301.50	YRWA;0.500
310.50	313.50	YRWA;0.500
324.00	330.00	YRWA;0.967
336.00	340.50	YRWA;0.987
354.00	358.50	YRWA;0.830
366.00	370.50	YRWA;0.983
517.50	523.50	YRWA;0.975
528.00	532.50	YRWA;0.809
540.00	544.50	YRWA;0.986
553.50	558.00	YRWA;0.976
562.50	567.00	YRWA;0.952
576.00	580.50	YRWA;0.849
588.00	592.50	YRWA;0.500
