165.00	168.00	AMDI;0.698
280.50	283.50	AMDI;0.514
544.50	547.50	AMDI;0.646
481.50	486.00	ATSP;0.778
69.00	72.00	BEWR;0.628
178.50	181.50	BCCH;0.571
40.50	43.50	BTNW;0.511
55.50	60.00	BTNW;0.566
273.00	276.00	BTNW;0.565
562.50	567.00	BRSP;0.573
213.00	216.00	BHCO;0.555
232.50	235.50	BHCO;0.754
415.50	418.50	BHCO;0.553
0.00	3.00	CHSP;0.626
10.50	15.00	CHSP;0.652
24.00	27.00	CHSP;0.571
33.00	36.00	CHSP;0.704
43.50	46.50	CHSP;0.599
52.50	55.50	CHSP;0.532
61.50	64.50	CHSP;0.507
70.50	73.50	CHSP;0.533
79.50	82.50	CHSP;0.521
88.50	91.50	CHSP;0.720
97.50	100.50	CHSP;0.644
106.50	109.50	CHSP;0.646
118.50	121.50	CHSP;0.524
127.50	130.50	CHSP;0.545
157.50	162.00	CHSP;0.562
186.00	190.50	CHSP;0.767
283.50	286.50	CHSP;0.630
315.00	319.50	CHSP;0.761
390.00	394.50	CHSP;0.791
409.50	415.50	CHSP;0.948
0.00	4.50	DEJU;0.967
9.00	15.00	DEJU;0.912
22.50	28.50	DEJU;0.959
31.50	37.50	DEJU;0.950
42.00	48.00	DEJU;0.957
51.00	57.00	DEJU;0.980
60.00	66.00	DEJU;0.986
69.00	75.00	DEJU;0.959
78.00	84.00	DEJU;0.982
87.00	93.00	DEJU;0.948
96.00	102.00	DEJU;0.984
105.00	111.00	DEJU;0.929
115.50	123.00	DEJU;0.916
126.00	132.00	DEJU;0.956
136.50	141.00	DEJU;0.500
166.50	169.50	DEJU;0.500
187.50	192.00	DEJU;0.648
210.00	213.00	DEJU;0.500
223.50	226.50	DEJU;0.500
246.00	249.00	DEJU;0.500
315.00	321.00	DEJU;0.807
339.00	343.50	DEJU;0.500
351.00	354.00	DEJU;0.660
391.50	396.00	DEJU;0.660
411.00	415.50	DEJU;0.795
441.00	447.00	DEJU;0.500
468.00	472.50	DEJU;0.500
487.50	492.00	DEJU;0.507
493.50	499.50	DEJU;0.640
547.50	550.50	DEJU;0.500
82.50	85.50	EATO;0.585
250.50	253.50	EATO;0.899
442.50	445.50	EATO;0.538
352.50	357.00	EVGR;0.856
15.00	18.00	FISP;0.500
24.00	27.00	FISP;0.573
48.00	51.00	FISP;0.500
75.00	78.00	FISP;0.500
133.50	136.50	FISP;0.500
142.50	147.00	FISP;0.535
174.00	178.50	FISP;0.500
193.50	196.50	FISP;0.500
226.50	231.00	FISP;0.873
235.50	240.00	FISP;0.743
246.00	249.00	FISP;0.500
261.00	265.50	FISP;0.500
277.50	280.50	FISP;0.500
322.50	325.50	FISP;0.500
366.00	370.50	FISP;0.862
375.00	378.00	FISP;0.572
388.50	393.00	FISP;0.502
438.00	441.00	FISP;0.500
463.50	466.50	FISP;0.500
469.50	474.00	FISP;0.546
477.00	480.00	FISP;0.500
486.00	489.00	FISP;0.500
490.50	493.50	FISP;0.846
495.00	498.00	FISP;0.500
499.50	502.50	FISP;0.500
514.50	519.00	FISP;0.785
525.00	528.00	FISP;0.500
535.50	538.50	FISP;0.505
552.00	555.00	FISP;0.573
556.50	559.50	FISP;0.500
565.50	568.50	FISP;0.500
573.00	576.00	FISP;0.500
585.00	588.00	FISP;0.530
591.00	597.00	FISP;0.899
4.50	7.50	FOSP;0.500
16.50	22.50	FOSP;0.788
27.00	36.00	FOSP;0.612
39.00	43.50	FOSP;0.567
51.00	58.50	FOSP;0.531
67.50	72.00	FOSP;0.686
84.00	88.50	FOSP;0.948
91.50	97.50	FOSP;0.804
102.00	106.50	FOSP;0.916
111.00	115.50	FOSP;0.834
162.00	166.50	FOSP;0.727
168.00	174.00	FOSP;0.664
187.50	204.00	FOSP;0.933
211.50	214.50	FOSP;0.613
217.50	223.50	FOSP;0.922
235.50	238.50	FOSP;0.500
240.00	244.50	FOSP;0.937
247.50	262.50	FOSP;0.931
265.50	274.50	FOSP;0.975
279.00	283.50	FOSP;0.566
289.50	292.50	FOSP;0.845
297.00	304.50	FOSP;0.970
313.50	318.00	FOSP;0.826
324.00	333.00	FOSP;0.936
334.50	337.50	FOSP;0.500
340.50	345.00	FOSP;0.904
357.00	361.50	FOSP;0.957
370.50	375.00	FOSP;0.956
382.50	387.00	FOSP;0.964
394.50	399.00	FOSP;0.508
405.00	411.00	FOSP;0.731
420.00	424.50	FOSP;0.720
436.50	441.00	FOSP;0.531
448.50	457.50	FOSP;0.895
463.50	468.00	FOSP;0.927
477.00	486.00	FOSP;0.660
493.50	498.00	FOSP;0.564
511.50	516.00	FOSP;0.743
574.50	579.00	FOSP;0.593
0.00	12.00	GCSP;0.691
18.00	22.50	GCSP;0.500
27.00	31.50	GCSP;0.500
54.00	58.50	GCSP;0.500
82.50	87.00	GCSP;0.690
112.50	115.50	GCSP;0.500
132.00	136.50	GCSP;0.703
141.00	145.50	GCSP;0.500
166.50	171.00	GCSP;0.974
174.00	180.00	GCSP;0.878
184.50	187.50	GCSP;0.656
225.00	229.50	GCSP;0.873
234.00	240.00	GCSP;0.848
244.50	250.50	GCSP;0.882
261.00	264.00	GCSP;0.500
279.00	282.00	GCSP;0.500
312.00	316.50	GCSP;0.847
333.00	339.00	GCSP;0.774
343.50	351.00	GCSP;0.661
364.50	370.50	GCSP;0.622
387.00	393.00	GCSP;0.584
441.00	444.00	GCSP;0.500
448.50	453.00	GCSP;0.658
468.00	471.00	GCSP;0.637
493.50	496.50	GCSP;0.500
553.50	558.00	GCSP;0.500
561.00	564.00	GCSP;0.500
570.00	573.00	GCSP;0.610
591.00	597.00	GCSP;0.530
346.50	349.50	HETH;0.654
73.50	76.50	HOLA;0.843
400.50	403.50	HOLA;0.556
6.00	9.00	LISP;0.719
189.00	192.00	LISP;0.615
195.00	199.50	LISP;0.984
360.00	364.50	MGWA;0.638
36.00	40.50	MAWA;0.584
234.00	237.00	MAMU;0.559
267.00	270.00	MAMU;0.503
0.00	3.00	MOCH;0.500
7.50	10.50	MOCH;0.500
27.00	30.00	MOCH;0.500
39.00	42.00	MOCH;0.500
57.00	60.00	MOCH;0.500
69.00	72.00	MOCH;0.500
111.00	124.50	MOCH;0.966
142.50	147.00	MOCH;0.500
150.00	153.00	MOCH;0.558
156.00	159.00	MOCH;0.572
174.00	181.50	MOCH;0.778
210.00	213.00	MOCH;0.500
229.50	232.50	MOCH;0.500
237.00	240.00	MOCH;0.500
246.00	250.50	MOCH;0.500
255.00	258.00	MOCH;0.500
309.00	312.00	MOCH;0.500
322.50	325.50	MOCH;0.500
336.00	339.00	MOCH;0.500
346.50	349.50	MOCH;0.737
411.00	417.00	MOCH;0.875
420.00	423.00	MOCH;0.500
430.50	438.00	MOCH;0.893
441.00	448.50	MOCH;0.500
459.00	462.00	MOCH;0.500
468.00	474.00	MOCH;0.514
478.50	484.50	MOCH;0.792
487.50	490.50	MOCH;0.575
496.50	502.50	MOCH;0.500
507.00	511.50	MOCH;0.500
516.00	520.50	MOCH;0.500
525.00	531.00	MOCH;0.567
552.00	555.00	MOCH;0.500
574.50	577.50	MOCH;0.500
594.00	597.00	MOCH;0.500
94.50	97.50	OSFL;0.684
120.00	123.00	OCWA;0.737
487.50	490.50	OCWA;0.625
549.00	552.00	OCWA;0.501
586.50	589.50	OCWA;0.629
595.50	598.50	OCWA;0.695
187.50	190.50	OROR;0.501
265.50	270.00	OROR;0.580
394.50	397.50	OROR;0.619
408.00	411.00	OROR;0.519
478.50	481.50	OROR;0.664
277.50	280.50	PUFI;0.523
135.00	139.50	RECR;0.638
238.50	241.50	RWBL;0.501
232.50	235.50	RUBL;0.785
415.50	418.50	RUBL;0.527
42.00	46.50	SAPH;0.662
180.00	183.00	SAPH;0.720
63.00	66.00	SSHA;0.510
577.50	580.50	SBDO;0.569
16.50	21.00	SNBU;0.500
33.00	36.00	SNBU;0.500
111.00	114.00	SNBU;0.500
160.50	166.50	SNBU;0.868
169.50	174.00	SNBU;0.500
180.00	184.50	SNBU;0.521
198.00	204.00	SNBU;0.982
217.50	222.00	SNBU;0.536
240.00	243.00	SNBU;0.500
255.00	262.50	SNBU;0.521
277.50	285.00	SNBU;0.500
288.00	292.50	SNBU;0.620
297.00	309.00	SNBU;0.745
315.00	318.00	SNBU;0.500
324.00	328.50	SNBU;0.664
333.00	337.50	SNBU;0.500
357.00	361.50	SNBU;0.645
369.00	372.00	SNBU;0.500
385.50	390.00	SNBU;0.824
394.50	399.00	SNBU;0.500
400.50	403.50	SNBU;0.500
405.00	411.00	SNBU;0.632
433.50	438.00	SNBU;0.873
465.00	468.00	SNBU;0.500
478.50	481.50	SNBU;0.500
510.00	514.50	SNBU;0.610
54.00	58.50	SOSA;0.500
75.00	79.50	SOSA;0.971
85.50	90.00	SOSA;0.916
186.00	190.50	SOSA;0.500
198.00	201.00	SOSA;0.500
256.50	261.00	SOSA;0.560
267.00	271.50	SOSA;0.972
279.00	283.50	SOSA;0.939
291.00	295.50	SOSA;0.988
303.00	307.50	SOSA;0.991
313.50	318.00	SOSA;0.503
325.50	330.00	SOSA;0.930
361.50	364.50	SOSA;0.500
384.00	388.50	SOSA;0.500
418.50	421.50	SOSA;0.500
432.00	435.00	SOSA;0.500
444.00	448.50	SOSA;0.571
481.50	486.00	SOSA;0.500
519.00	523.50	SOSA;0.759
340.50	343.50	SWSP;0.777
558.00	562.50	SWSP;0.822
568.50	571.50	SWSP;0.508
577.50	580.50	SWSP;0.642
466.50	469.50	TOWA;0.813
3.00	7.50	VATH;0.500
76.50	81.00	VATH;0.681
99.00	103.50	VATH;0.766
181.50	186.00	VATH;0.830
195.00	198.00	VATH;0.500
204.00	208.50	VATH;0.500
232.50	235.50	VATH;0.500
258.00	261.00	VATH;0.500
322.50	325.50	VATH;0.741
331.50	343.50	VATH;0.863
360.00	364.50	VATH;0.761
396.00	400.50	VATH;0.706
415.50	420.00	VATH;0.978
451.50	457.50	VATH;0.551
492.00	495.00	VATH;0.693
519.00	522.00	VATH;0.500
526.50	531.00	VATH;0.500
151.50	154.50	VESP;0.567
213.00	216.00	VESP;0.613
6.00	9.00	WCSP;0.500
25.50	30.00	WCSP;0.792
36.00	40.50	WCSP;0.700
48.00	52.50	WCSP;0.918
57.00	63.00	WCSP;0.971
64.50	72.00	WCSP;0.937
151.50	154.50	WCSP;0.500
175.50	178.50	WCSP;0.500
211.50	216.00	WCSP;0.698
220.50	223.50	WCSP;0.500
241.50	244.50	WCSP;0.500
253.50	256.50	WCSP;0.500
273.00	276.00	WCSP;0.500
279.00	282.00	WCSP;0.500
289.50	294.00	WCSP;0.500
328.50	331.50	WCSP;0.500
370.50	373.50	WCSP;0.514
394.50	397.50	WCSP;0.500
424.50	429.00	WCSP;0.536
439.50	444.00	WCSP;0.500
450.00	457.50	WCSP;0.500
556.50	559.50	WCSP;0.515
561.00	567.00	WCSP;0.914
574.50	577.50	WCSP;0.500
586.50	591.00	WCSP;0.882
0.00	18.00	WTSP;0.988
21.00	27.00	WTSP;0.991
28.50	34.50	WTSP;0.947
36.00	42.00	WTSP;0.990
45.00	51.00	WTSP;0.995
55.50	58.50	WTSP;0.500
63.00	69.00	WTSP;0.941
72.00	81.00	WTSP;0.998
82.50	87.00	WTSP;0.856
90.00	96.00	WTSP;0.995
99.00	105.00	WTSP;0.993
108.00	136.50	WTSP;0.992
139.50	145.50	WTSP;0.973
147.00	160.50	WTSP;0.996
172.50	180.00	WTSP;0.958
183.00	187.50	WTSP;0.887
195.00	198.00	WTSP;0.500
207.00	213.00	WTSP;0.999
214.50	219.00	WTSP;0.990
225.00	231.00	WTSP;0.864
234.00	240.00	WTSP;0.901
243.00	249.00	WTSP;0.966
253.50	258.00	WTSP;0.925
262.50	268.50	WTSP;0.995
274.50	282.00	WTSP;0.995
285.00	291.00	WTSP;0.997
294.00	298.50	WTSP;0.983
306.00	312.00	WTSP;0.994
318.00	324.00	WTSP;0.995
333.00	339.00	WTSP;0.924
343.50	349.50	WTSP;0.971
354.00	360.00	WTSP;0.994
364.50	369.00	WTSP;0.936
372.00	385.50	WTSP;0.995
387.00	393.00	WTSP;0.949
397.50	402.00	WTSP;0.986
403.50	406.50	WTSP;0.500
408.00	412.50	WTSP;0.995
414.00	421.50	WTSP;0.990
427.50	433.50	WTSP;0.993
438.00	444.00	WTSP;0.951
445.50	451.50	WTSP;0.998
456.00	466.50	WTSP;0.994
468.00	519.00	WTSP;0.999
520.50	559.50	WTSP;0.999
561.00	577.50	WTSP;0.995
579.00	586.50	WTSP;0.997
588.00	595.50	WTSP;0.998
597.00	600.00	WTSP;0.991
273.00	276.00	WIFL;0.592
337.50	342.00	WIWA;0.765
343.50	352.50	WIWA;0.983
363.00	367.50	WIWA;0.841
402.00	408.00	WIWA;0.989
421.50	426.00	WIWA;0.701
429.00	433.50	WIWA;0.582
457.50	462.00	WIWA;0.966
487.50	492.00	WIWA;0.500
517.50	522.00	WIWA;0.975
567.00	571.50	WIWA;0.857
577.50	580.50	WIWA;0.640
585.00	589.50	WIWA;0.610
331.50	334.50	YBFL;0.507
153.00	156.00	YRWA;0.640
