73.50	76.50	AMDI;0.591
75.00	78.00	BAIS;0.648
135.00	138.00	BTNW;0.656
91.50	94.50	BRSP;0.662
0.00	3.00	CHSW;0.557
85.50	88.50	CHSW;0.535
237.00	240.00	CHSW;0.516
282.00	285.00	CHSW;0.526
3.00	6.00	CHSP;0.500
90.00	93.00	CHSP;0.500
103.50	108.00	CHSP;0.739
117.00	121.50	CHSP;0.978
129.00	135.00	CHSP;0.979
138.00	156.00	CHSP;0.990
159.00	175.50	CHSP;0.982
177.00	187.50	CHSP;0.978
190.50	196.50	CHSP;0.975
199.50	205.50	CHSP;0.981
211.50	217.50	CHSP;0.981
223.50	229.50	CHSP;0.954
247.50	255.00	CHSP;0.979
264.00	270.00	CHSP;0.935
277.50	283.50	CHSP;0.982
288.00	294.00	CHSP;0.984
16.50	19.50	CONI;0.745
129.00	132.00	DEJU;0.585
136.50	139.50	DEJU;0.624
144.00	150.00	DEJU;0.845
157.50	160.50	DEJU;0.662
163.50	168.00	DEJU;0.653
177.00	180.00	DEJU;0.663
184.50	189.00	DEJU;0.808
190.50	193.50	DEJU;0.541
82.50	85.50	EAME;0.562
4.50	9.00	EATO;0.568
61.50	64.50	EATO;0.667
93.00	96.00	EATO;0.511
1.50	22.50	FOSP;0.954
30.00	36.00	FOSP;0.985
37.50	42.00	FOSP;0.899
43.50	63.00	FOSP;0.995
66.00	75.00	FOSP;0.700
82.50	88.50	FOSP;0.936
93.00	100.50	FOSP;0.827
108.00	112.50	FOSP;0.893
114.00	118.50	FOSP;0.778
120.00	127.50	FOSP;0.916
133.50	144.00	FOSP;0.955
148.50	153.00	FOSP;0.900
171.00	175.50	FOSP;0.848
187.50	192.00	FOSP;0.925
201.00	207.00	FOSP;0.910
216.00	222.00	FOSP;0.811
232.50	247.50	FOSP;0.852
255.00	261.00	FOSP;0.908
262.50	270.00	FOSP;0.958
274.50	279.00	FOSP;0.959
285.00	289.50	FOSP;0.931
297.00	300.00	FOSP;0.598
7.50	10.50	HASP;0.607
61.50	64.50	HOLA;0.529
288.00	291.00	LALO;0.515
279.00	283.50	LESA;0.701
76.50	79.50	MOCH;0.514
201.00	204.00	OSFL;0.797
196.50	201.00	OCWA;0.576
174.00	177.00	PHVI;0.518
235.50	238.50	PHVI;0.557
129.00	132.00	PIWA;0.750
136.50	141.00	PIWA;0.639
144.00	150.00	PIWA;0.792
157.50	162.00	PIWA;0.692
163.50	169.50	PIWA;0.885
177.00	181.50	PIWA;0.648
186.00	189.00	PIWA;0.500
9.00	12.00	PUFI;0.589
294.00	297.00	RECR;0.533
67.50	70.50	SAPH;0.504
1.50	4.50	SNBU;0.513
10.50	13.50	SNBU;0.529
37.50	40.50	SNBU;0.507
51.00	55.50	SNBU;0.759
67.50	70.50	SNBU;0.542
139.50	142.50	SNBU;0.579
238.50	241.50	SNBU;0.542
244.50	249.00	SNBU;0.640
268.50	273.00	SNBU;0.596
154.50	157.50	SOSA;0.557
189.00	193.50	SOSA;0.938
205.50	210.00	SOSA;0.600
216.00	220.50	SOSA;0.721
223.50	228.00	SOSA;0.772
231.00	235.50	SOSA;0.674
0.00	3.00	SWSP;0.510
27.00	31.50	SWSP;0.500
42.00	45.00	SWSP;0.500
52.50	57.00	SWSP;0.721
70.50	75.00	SWSP;0.643
85.50	88.50	SWSP;0.500
99.00	103.50	SWSP;0.919
112.50	117.00	SWSP;0.868
126.00	130.50	SWSP;0.618
142.50	145.50	SWSP;0.500
153.00	157.50	SWSP;0.500
178.50	181.50	SWSP;0.500
196.50	199.50	SWSP;0.500
226.50	231.00	SWSP;0.500
237.00	240.00	SWSP;0.615
259.50	264.00	SWSP;0.821
273.00	276.00	SWSP;0.500
282.00	286.50	SWSP;0.827
7.50	16.50	VATH;0.732
25.50	31.50	VATH;0.988
67.50	72.00	VATH;0.633
79.50	84.00	VATH;0.942
90.00	94.50	VATH;0.556
102.00	108.00	VATH;0.923
109.50	114.00	VATH;0.500
118.50	123.00	VATH;0.555
136.50	142.50	VATH;0.797
147.00	151.50	VATH;0.500
157.50	162.00	VATH;0.764
180.00	187.50	VATH;0.704
190.50	193.50	VATH;0.500
208.50	213.00	VATH;0.802
216.00	219.00	VATH;0.500
270.00	274.50	VATH;0.795
282.00	286.50	VATH;0.721
291.00	297.00	VATH;0.754
15.00	18.00	VESP;0.529
60.00	63.00	VESP;0.511
115.50	118.50	VESP;0.511
240.00	244.50	VESP;0.741
6.00	9.00	WCSP;0.664
31.50	34.50	WCSP;0.544
96.00	99.00	WCSP;0.558
133.50	138.00	WCSP;0.629
217.50	220.50	WCSP;0.528
76.50	82.50	WTSP;0.962
87.00	94.50	WTSP;0.946
99.00	102.00	WTSP;0.542
198.00	201.00	WTSP;0.723
126.00	129.00	WIFL;0.778
0.00	3.00	WIWA;0.500
40.50	45.00	WIWA;0.819
70.50	73.50	WIWA;0.535
112.50	115.50	WIWA;0.761
127.50	130.50	WIWA;0.500
141.00	145.50	WIWA;0.555
153.00	157.50	WIWA;0.500
178.50	183.00	WIWA;0.500
196.50	201.00	WIWA;0.907
207.00	211.50	WIWA;0.967
226.50	231.00	WIWA;0.585
237.00	240.00	WIWA;0.500
259.50	264.00	WIWA;0.672
271.50	276.00	WIWA;0.946
184.50	187.50	YRWA;0.518
249.00	252.00	YRWA;0.571
