106.50	114.00	AMGP;0.669
223.50	226.50	AMGP;0.544
474.00	477.00	AMGP;0.522
1.50	6.00	AMRO;0.500
40.50	45.00	AMRO;0.834
61.50	66.00	AMRO;0.500
94.50	99.00	AMRO;0.628
114.00	118.50	AMRO;0.545
247.50	258.00	AMRO;0.814
267.00	280.50	AMRO;0.880
312.00	316.50	AMRO;0.500
327.00	331.50	AMRO;0.532
334.50	339.00	AMRO;0.537
342.00	346.50	AMRO;0.556
348.00	351.00	AMRO;0.603
379.50	382.50	AMRO;0.500
390.00	394.50	AMRO;0.500
400.50	403.50	AMRO;0.500
411.00	415.50	AMRO;0.685
417.00	424.50	AMRO;0.906
426.00	429.00	AMRO;0.500
433.50	436.50	AMRO;0.500
486.00	489.00	AMRO;0.500
508.50	513.00	AMRO;0.500
531.00	537.00	AMRO;0.923
540.00	543.00	AMRO;0.517
582.00	586.50	AMRO;0.667
171.00	175.50	ATSP;0.638
549.00	552.00	AMWO;0.612
115.50	124.50	BAOR;0.675
247.50	255.00	BAOR;0.500
259.50	264.00	BAOR;0.943
267.00	273.00	BAOR;0.786
306.00	313.50	BAOR;0.921
324.00	328.50	BAOR;0.690
336.00	340.50	BAOR;0.500
342.00	346.50	BAOR;0.567
390.00	394.50	BAOR;0.524
397.50	400.50	BAOR;0.500
471.00	475.50	BAOR;0.500
531.00	534.00	BAOR;0.500
540.00	543.00	BAOR;0.500
571.50	576.00	BAOR;0.500
289.50	294.00	BLRA;0.824
87.00	90.00	BBPL;0.509
393.00	396.00	BTNW;0.530
289.50	294.00	BLJA;0.677
352.50	355.50	BRSP;0.606
531.00	535.50	BRSP;0.624
207.00	210.00	BHCO;0.500
228.00	232.50	BHCO;0.500
235.50	240.00	BHCO;0.717
310.50	316.50	BHCO;0.788
319.50	325.50	BHCO;0.500
354.00	358.50	BHCO;0.753
361.50	366.00	BHCO;0.536
379.50	384.00	BHCO;0.550
385.50	388.50	BHCO;0.500
396.00	399.00	BHCO;0.516
414.00	418.50	BHCO;0.500
423.00	429.00	BHCO;0.855
459.00	463.50	BHCO;0.500
466.50	471.00	BHCO;0.500
477.00	481.50	BHCO;0.500
502.50	508.50	BHCO;0.659
511.50	517.50	BHCO;0.809
520.50	525.00	BHCO;0.591
529.50	535.50	BHCO;0.640
547.50	553.50	BHCO;0.500
558.00	562.50	BHCO;0.843
579.00	583.50	BHCO;0.850
574.50	577.50	CAGU;0.551
151.50	156.00	CHSP;0.606
183.00	186.00	CHSP;0.576
204.00	210.00	CHSP;0.722
387.00	390.00	CHSP;0.647
468.00	472.50	CHSP;0.654
388.50	391.50	DEJU;0.600
471.00	474.00	EAME;0.709
382.50	385.50	FISP;0.555
184.50	189.00	FOSP;0.815
144.00	148.50	GRYE;0.596
115.50	118.50	GWTE;0.573
270.00	276.00	GWTE;0.838
340.50	345.00	GWTE;0.648
426.00	429.00	GWTE;0.545
520.50	525.00	GWTE;0.597
573.00	576.00	GWTE;0.558
582.00	586.50	GWTE;0.663
19.50	24.00	HETH;0.816
360.00	363.00	HETH;0.602
373.50	378.00	HETH;0.605
288.00	291.00	LESA;0.600
411.00	414.00	LBDO;0.629
427.50	432.00	LBDO;0.913
493.50	496.50	MALL;0.614
147.00	151.50	MAMU;0.518
327.00	331.50	MAMU;0.532
9.00	13.50	MOCH;0.692
18.00	22.50	MOCH;0.500
30.00	34.50	MOCH;0.736
243.00	247.50	MOCH;0.553
280.50	285.00	MOCH;0.500
331.50	334.50	MOCH;0.500
336.00	340.50	MOCH;0.586
349.50	354.00	MOCH;0.845
364.50	369.00	MOCH;0.804
373.50	378.00	MOCH;0.825
382.50	385.50	MOCH;0.500
469.50	472.50	MOCH;0.500
459.00	463.50	OCWA;0.519
103.50	108.00	PIGR;0.560
453.00	457.50	PUFI;0.691
471.00	475.50	PUFI;0.539
198.00	201.00	RUGR;0.524
424.50	427.50	RUGR;0.517
558.00	561.00	RUGR;0.533
9.00	13.50	RUBL;0.683
21.00	24.00	RUBL;0.641
285.00	289.50	RUBL;0.782
331.50	334.50	RUBL;0.602
352.50	355.50	RUBL;0.632
399.00	402.00	SAND;0.635
432.00	436.50	SAND;0.661
346.50	349.50	SAPH;0.522
271.50	274.50	SBDO;0.508
327.00	331.50	SBDO;0.684
15.00	19.50	SNBU;0.726
208.50	213.00	SNBU;0.805
454.50	457.50	SNBU;0.630
526.50	531.00	SNBU;0.970
577.50	580.50	SNBU;0.552
472.50	475.50	SPSA;0.517
124.50	127.50	SWHA;0.543
406.50	411.00	SWHA;0.567
517.50	522.00	SWSP;0.579
10.50	15.00	TOSO;0.500
61.50	67.50	TOSO;0.547
133.50	136.50	TOSO;0.500
238.50	243.00	TOSO;0.962
252.00	255.00	TOSO;0.500
261.00	268.50	TOSO;0.636
289.50	294.00	TOSO;0.500
304.50	307.50	TOSO;0.500
310.50	316.50	TOSO;0.500
324.00	328.50	TOSO;0.500
330.00	333.00	TOSO;0.500
334.50	342.00	TOSO;0.517
355.50	358.50	TOSO;0.500
406.50	411.00	TOSO;0.500
421.50	426.00	TOSO;0.500
427.50	430.50	TOSO;0.500
460.50	465.00	TOSO;0.850
478.50	481.50	TOSO;0.500
568.50	571.50	TOSO;0.500
171.00	175.50	WEFL;0.803
91.50	96.00	WCSP;0.500
159.00	163.50	WCSP;0.784
184.50	189.00	WCSP;0.512
199.50	202.50	WCSP;0.500
336.00	340.50	WCSP;0.500
345.00	348.00	WCSP;0.500
358.50	363.00	WCSP;0.851
382.50	387.00	WCSP;0.811
391.50	396.00	WCSP;0.781
316.50	321.00	WILL;0.937
340.50	345.00	WILL;0.784
130.50	133.50	YBFL;0.599
