132.00	135.00	AMDI;0.537
249.00	252.00	AMDI;0.608
84.00	88.50	AMRO;0.597
141.00	145.50	AMRO;0.641
204.00	208.50	BRSP;0.587
225.00	228.00	BRSP;0.563
249.00	252.00	BRSP;0.514
276.00	279.00	BRSP;0.555
280.50	283.50	BRSP;0.643
291.00	294.00	BRSP;0.575
117.00	121.50	CHSW;0.660
238.50	241.50	CHSW;0.661
103.50	165.00	CHSP;0.969
168.00	177.00	CHSP;0.944
178.50	202.50	CHSP;0.902
204.00	219.00	CHSP;0.855
220.50	231.00	CHSP;0.894
232.50	237.00	CHSP;0.969
238.50	252.00	CHSP;0.804
253.50	258.00	CHSP;0.781
262.50	271.50	CHSP;0.938
273.00	285.00	CHSP;0.660
286.50	300.00	CHSP;0.949
30.00	33.00	DEJU;0.500
106.50	117.00	DEJU;0.865
121.50	129.00	DEJU;0.778
130.50	133.50	DEJU;0.584
135.00	138.00	DEJU;0.589
141.00	156.00	DEJU;0.686
159.00	162.00	DEJU;0.787
169.50	175.50	DEJU;0.500
178.50	187.50	DEJU;0.803
193.50	198.00	DEJU;0.619
211.50	219.00	DEJU;0.803
220.50	225.00	DEJU;0.642
228.00	231.00	DEJU;0.500
237.00	243.00	DEJU;0.575
244.50	253.50	DEJU;0.500
262.50	268.50	DEJU;0.638
270.00	273.00	DEJU;0.500
274.50	282.00	DEJU;0.584
286.50	297.00	DEJU;0.557
0.00	3.00	FISP;0.552
24.00	27.00	FISP;0.545
34.50	37.50	FISP;0.696
117.00	120.00	FISP;0.563
163.50	168.00	FISP;0.905
268.50	273.00	FISP;0.676
61.50	66.00	FOSP;0.616
70.50	73.50	FOSP;0.793
75.00	79.50	FOSP;0.797
19.50	22.50	GCSP;0.557
250.50	253.50	GCSP;0.610
1.50	4.50	LISP;0.500
15.00	19.50	LISP;0.911
30.00	34.50	LISP;0.711
57.00	61.50	LISP;0.853
72.00	76.50	LISP;0.788
117.00	121.50	LISP;0.500
160.50	165.00	LISP;0.901
174.00	178.50	LISP;0.938
190.50	193.50	LISP;0.500
219.00	223.50	LISP;0.943
235.50	238.50	LISP;0.500
249.00	252.00	LISP;0.500
277.50	282.00	LISP;0.825
87.00	91.50	MAWR;0.718
0.00	3.00	MOCH;0.548
7.50	12.00	MOCH;0.832
15.00	21.00	MOCH;0.536
24.00	28.50	MOCH;0.500
42.00	45.00	MOCH;0.761
51.00	55.50	MOCH;0.503
64.50	69.00	MOCH;0.799
93.00	96.00	MOCH;0.573
114.00	117.00	MOCH;0.599
118.50	124.50	MOCH;0.644
139.50	142.50	MOCH;0.500
162.00	171.00	MOCH;0.746
199.50	205.50	MOCH;0.551
223.50	231.00	MOCH;0.760
232.50	235.50	MOCH;0.500
240.00	246.00	MOCH;0.800
247.50	250.50	MOCH;0.500
253.50	256.50	MOCH;0.867
258.00	261.00	MOCH;0.609
264.00	267.00	MOCH;0.500
271.50	274.50	MOCH;0.890
282.00	285.00	MOCH;0.500
19.50	24.00	RECR;0.662
60.00	64.50	RECR;0.541
249.00	253.50	RUTU;0.518
127.50	132.00	SAND;0.790
61.50	66.00	SNBU;0.548
75.00	79.50	SNBU;0.640
85.50	90.00	SNBU;0.677
181.50	184.50	SNBU;0.648
204.00	210.00	SNBU;0.705
291.00	294.00	SNBU;0.744
58.50	61.50	SOSA;0.532
67.50	70.50	SWSP;0.594
87.00	90.00	SWSP;0.571
136.50	141.00	SWSP;0.647
147.00	150.00	SWSP;0.575
208.50	211.50	SWSP;0.546
217.50	222.00	SWSP;0.669
282.00	285.00	SWSP;0.562
199.50	202.50	WEWP;0.681
0.00	3.00	WTSP;0.877
4.50	12.00	WTSP;0.997
15.00	43.50	WTSP;0.997
49.50	57.00	WTSP;0.853
81.00	85.50	WTSP;0.925
93.00	97.50	WTSP;0.787
102.00	106.50	WTSP;0.500
111.00	124.50	WTSP;0.983
129.00	135.00	WTSP;0.987
138.00	142.50	WTSP;0.578
162.00	166.50	WTSP;0.610
168.00	171.00	WTSP;0.500
175.50	183.00	WTSP;0.827
184.50	189.00	WTSP;0.883
192.00	196.50	WTSP;0.551
201.00	205.50	WTSP;0.825
208.50	211.50	WTSP;0.500
223.50	231.00	WTSP;0.620
240.00	250.50	WTSP;0.993
252.00	259.50	WTSP;0.988
264.00	267.00	WTSP;0.500
268.50	277.50	WTSP;0.987
282.00	288.00	WTSP;0.991
292.50	300.00	WTSP;0.992
66.00	72.00	WIWA;0.730
78.00	81.00	WIWA;0.500
97.50	102.00	WIWA;0.971
106.50	111.00	WIWA;0.894
127.50	132.00	WIWA;0.931
136.50	141.00	WIWA;0.705
156.00	160.50	WIWA;0.852
166.50	171.00	WIWA;0.938
175.50	180.00	WIWA;0.887
186.00	190.50	WIWA;0.977
196.50	201.00	WIWA;0.971
207.00	211.50	WIWA;0.818
217.50	222.00	WIWA;0.642
229.50	234.00	WIWA;0.991
240.00	244.50	WIWA;0.935
258.00	262.50	WIWA;0.939
271.50	276.00	WIWA;0.889
282.00	286.50	WIWA;0.909
1.50	6.00	WIWR;0.797
