0.00	3.00	AMGP;0.552
243.00	246.00	BCCH;0.544
180.00	183.00	BRSP;0.605
21.00	24.00	CHSW;0.527
123.00	126.00	CHSW;0.583
261.00	265.50	CHSW;0.724
213.00	216.00	EAME;0.615
19.50	22.50	FISP;0.500
30.00	34.50	FISP;0.500
67.50	70.50	FISP;0.769
142.50	147.00	FISP;0.940
177.00	183.00	FISP;0.746
192.00	196.50	FISP;0.869
213.00	219.00	FOSP;0.941
232.50	237.00	FOSP;0.978
268.50	274.50	FOSP;0.964
292.50	298.50	FOSP;0.975
285.00	288.00	HETH;0.546
22.50	25.50	MOCH;0.538
57.00	60.00	MOCH;0.684
126.00	129.00	MOCH;0.666
168.00	171.00	MOCH;0.837
195.00	199.50	MOCH;0.642
244.50	247.50	MOCH;0.721
231.00	234.00	RECR;0.746
292.50	295.50	RECR;0.614
153.00	156.00	SPSA;0.640
1.50	6.00	SWSP;0.551
34.50	39.00	SWSP;0.893
46.50	49.50	SWSP;0.685
57.00	60.00	SWSP;0.613
70.50	75.00	SWSP;0.744
84.00	87.00	SWSP;0.606
81.00	84.00	TOWA;0.523
18.00	21.00	VATH;0.618
0.00	4.50	WCSP;0.939
13.50	16.50	WCSP;0.500
19.50	24.00	WCSP;0.945
30.00	34.50	WCSP;0.820
42.00	45.00	WCSP;0.500
55.50	61.50	WCSP;0.741
64.50	72.00	WCSP;0.962
81.00	85.50	WCSP;0.803
105.00	108.00	WCSP;0.903
117.00	121.50	WCSP;0.982
127.50	132.00	WCSP;0.987
144.00	147.00	WCSP;0.504
156.00	160.50	WCSP;0.980
165.00	169.50	WCSP;0.976
178.50	184.50	WCSP;0.927
193.50	196.50	WCSP;0.500
207.00	211.50	WCSP;0.981
295.50	300.00	WCSP;0.987
1.50	6.00	WIWA;0.500
10.50	15.00	WIWA;0.856
22.50	25.50	WIWA;0.798
34.50	37.50	WIWA;0.500
45.00	49.50	WIWA;0.577
57.00	61.50	WIWA;0.500
70.50	73.50	WIWA;0.621
82.50	87.00	WIWA;0.907
100.50	103.50	WIWA;0.883
112.50	118.50	WIWA;0.987
123.00	129.00	WIWA;0.990
133.50	139.50	WIWA;0.992
145.50	150.00	WIWA;0.989
157.50	162.00	WIWA;0.992
169.50	175.50	WIWA;0.991
0.00	3.00	YRWA;0.940
13.50	18.00	YRWA;0.986
25.50	30.00	YRWA;0.985
36.00	42.00	YRWA;0.989
48.00	52.50	YRWA;0.986
58.50	64.50	YRWA;0.986
72.00	76.50	YRWA;0.984
85.50	90.00	YRWA;0.913
97.50	102.00	YRWA;0.986
