168.00	172.50	AMDI;0.704
289.50	294.00	AMRO;0.863
295.50	300.00	AMRO;0.960
31.50	34.50	BLOY;0.530
58.50	61.50	BCCH;0.634
78.00	81.00	BCCH;0.610
172.50	175.50	BCCH;0.632
4.50	7.50	BRSP;0.550
22.50	25.50	BRSP;0.509
27.00	31.50	BRSP;0.660
48.00	52.50	BRSP;0.952
219.00	222.00	BRSP;0.673
235.50	238.50	BRSP;0.568
256.50	259.50	BRSP;0.564
273.00	276.00	BRSP;0.501
256.50	261.00	CHSP;0.622
43.50	46.50	CCSP;0.585
282.00	285.00	DEJU;0.503
138.00	141.00	EAME;0.693
235.50	238.50	EAME;0.615
195.00	198.00	FISP;0.660
261.00	264.00	FISP;0.708
273.00	276.00	FISP;0.663
0.00	4.50	FOSP;0.966
19.50	24.00	FOSP;0.900
34.50	39.00	FOSP;0.649
43.50	48.00	FOSP;0.856
49.50	54.00	FOSP;0.904
64.50	69.00	FOSP;0.939
81.00	85.50	FOSP;0.969
88.50	93.00	FOSP;0.638
97.50	103.50	FOSP;0.989
111.00	120.00	FOSP;0.876
138.00	142.50	FOSP;0.796
151.50	157.50	FOSP;0.945
165.00	169.50	FOSP;0.937
184.50	190.50	FOSP;0.744
201.00	205.50	FOSP;0.820
216.00	220.50	FOSP;0.950
229.50	235.50	FOSP;0.855
237.00	240.00	FOSP;0.500
247.50	252.00	FOSP;0.941
261.00	265.50	FOSP;0.837
274.50	279.00	FOSP;0.500
33.00	36.00	GCSP;0.525
63.00	67.50	GCSP;0.588
130.50	133.50	GCSP;0.600
163.50	168.00	GCSP;0.665
204.00	207.00	GCSP;0.585
169.50	172.50	HASP;0.588
129.00	132.00	HETH;0.564
154.50	157.50	LASP;0.566
10.50	15.00	LISP;0.928
25.50	28.50	LISP;0.612
37.50	42.00	LISP;0.853
51.00	55.50	LISP;0.649
67.50	70.50	LISP;0.500
79.50	84.00	LISP;0.656
108.00	112.50	LISP;0.606
126.00	129.00	LISP;0.613
141.00	144.00	LISP;0.500
154.50	159.00	LISP;0.818
168.00	174.00	LISP;0.784
184.50	187.50	LISP;0.837
198.00	202.50	LISP;0.760
211.50	216.00	LISP;0.931
226.50	231.00	LISP;0.671
240.00	244.50	LISP;0.928
253.50	256.50	LISP;0.500
265.50	271.50	LISP;0.980
282.00	285.00	LISP;0.531
295.50	300.00	LISP;0.733
9.00	12.00	MOCH;0.500
19.50	28.50	MOCH;0.544
33.00	36.00	MOCH;0.684
43.50	46.50	MOCH;0.500
58.50	61.50	MOCH;0.713
63.00	67.50	MOCH;0.500
75.00	79.50	MOCH;0.781
93.00	96.00	MOCH;0.500
117.00	121.50	MOCH;0.576
123.00	130.50	MOCH;0.505
135.00	139.50	MOCH;0.500
144.00	148.50	MOCH;0.860
162.00	168.00	MOCH;0.647
169.50	178.50	MOCH;0.712
180.00	184.50	MOCH;0.876
192.00	198.00	MOCH;0.500
199.50	211.50	MOCH;0.981
214.50	217.50	MOCH;0.761
220.50	229.50	MOCH;0.537
243.00	247.50	MOCH;0.601
255.00	261.00	MOCH;0.525
268.50	273.00	MOCH;0.669
277.50	280.50	MOCH;0.775
288.00	291.00	MOCH;0.791
4.50	7.50	OCWA;0.588
138.00	142.50	PUFI;0.560
97.50	100.50	RECR;0.718
229.50	232.50	RECR;0.589
124.50	127.50	ROWR;0.502
198.00	201.00	ROWR;0.769
177.00	180.00	RUGR;0.553
238.50	243.00	RUGR;0.798
127.50	130.50	RUBL;0.562
190.50	193.50	SAPH;0.622
231.00	235.50	SNBU;0.701
247.50	252.00	SNBU;0.618
187.50	190.50	WEWP;0.641
208.50	211.50	WEWP;0.554
6.00	13.50	WCSP;0.986
15.00	19.50	WCSP;0.984
24.00	33.00	WCSP;0.989
34.50	58.50	WCSP;0.991
60.00	64.50	WCSP;0.986
69.00	78.00	WCSP;0.995
79.50	84.00	WCSP;0.948
94.50	99.00	WCSP;0.986
102.00	105.00	WCSP;0.500
108.00	111.00	WCSP;0.500
115.50	133.50	WCSP;0.964
139.50	147.00	WCSP;0.763
148.50	153.00	WCSP;0.717
157.50	169.50	WCSP;0.988
184.50	189.00	WCSP;0.500
201.00	205.50	WCSP;0.500
210.00	214.50	WCSP;0.988
216.00	222.00	WCSP;0.954
229.50	243.00	WCSP;0.985
0.00	3.00	WTSP;0.605
6.00	12.00	WTSP;0.997
13.50	31.50	WTSP;0.994
36.00	49.50	WTSP;0.837
52.50	66.00	WTSP;0.986
73.50	78.00	WTSP;0.562
84.00	90.00	WTSP;0.996
91.50	97.50	WTSP;0.972
102.00	111.00	WTSP;0.996
112.50	139.50	WTSP;0.992
141.00	153.00	WTSP;0.987
154.50	165.00	WTSP;0.996
171.00	187.50	WTSP;0.935
189.00	198.00	WTSP;0.991
199.50	204.00	WTSP;0.825
205.50	229.50	WTSP;0.988
234.00	241.50	WTSP;0.831
244.50	249.00	WTSP;0.865
255.00	264.00	WTSP;0.994
268.50	273.00	WTSP;0.500
279.00	283.50	WTSP;0.903
288.00	292.50	WTSP;0.561
