369.00	372.00	AMDI;0.516
385.50	388.50	AMDI;0.591
447.00	450.00	AMDI;0.539
453.00	457.50	ATSP;0.663
220.50	223.50	BEWR;0.580
321.00	324.00	BEWR;0.549
360.00	364.50	BEWR;0.898
88.50	91.50	BCCH;0.711
276.00	280.50	BCCH;0.635
39.00	42.00	BRSP;0.623
54.00	57.00	BRSP;0.614
66.00	69.00	BRSP;0.633
100.50	103.50	BRSP;0.632
142.50	145.50	BRSP;0.533
330.00	333.00	BRSP;0.710
405.00	408.00	BRSP;0.560
456.00	460.50	BRSP;0.811
10.50	13.50	CAFI;0.520
528.00	532.50	CHSW;0.725
565.50	568.50	CHSW;0.517
586.50	589.50	CHSW;0.510
27.00	36.00	CHSP;0.976
37.50	43.50	CHSP;0.545
45.00	57.00	CHSP;0.974
58.50	64.50	CHSP;0.991
66.00	72.00	CHSP;0.986
84.00	90.00	CHSP;0.984
96.00	102.00	CHSP;0.927
108.00	112.50	CHSP;0.989
126.00	132.00	CHSP;0.854
142.50	150.00	CHSP;0.956
151.50	157.50	CHSP;0.967
160.50	166.50	CHSP;0.975
169.50	174.00	CHSP;0.584
180.00	184.50	CHSP;0.592
187.50	192.00	CHSP;0.785
235.50	238.50	CHSP;0.761
322.50	331.50	CHSP;0.983
351.00	355.50	CHSP;0.628
390.00	396.00	CHSP;0.989
399.00	403.50	CHSP;0.737
405.00	424.50	CHSP;0.990
432.00	438.00	CHSP;0.967
451.50	456.00	CHSP;0.881
468.00	472.50	CHSP;0.924
478.50	484.50	CHSP;0.845
493.50	498.00	CHSP;0.818
555.00	565.50	CHSP;0.719
115.50	118.50	EAME;0.558
577.50	582.00	EAME;0.812
82.50	85.50	EATO;0.538
288.00	291.00	EVGR;0.513
129.00	133.50	FISP;0.569
298.50	303.00	FISP;0.726
7.50	12.00	FOSP;0.753
21.00	24.00	FOSP;0.539
78.00	84.00	FOSP;0.931
91.50	99.00	FOSP;0.936
105.00	111.00	FOSP;0.965
115.50	120.00	FOSP;0.694
121.50	130.50	FOSP;0.979
135.00	141.00	FOSP;0.994
159.00	163.50	FOSP;0.982
172.50	178.50	FOSP;0.981
183.00	186.00	FOSP;0.500
192.00	198.00	FOSP;0.974
205.50	211.50	FOSP;0.962
217.50	223.50	FOSP;0.984
231.00	237.00	FOSP;0.989
246.00	252.00	FOSP;0.962
259.50	268.50	FOSP;0.986
273.00	276.00	FOSP;0.500
280.50	286.50	FOSP;0.954
301.50	307.50	FOSP;0.981
313.50	322.50	FOSP;0.968
342.00	348.00	FOSP;0.991
366.00	372.00	FOSP;0.980
385.50	391.50	FOSP;0.988
400.50	406.50	FOSP;0.984
426.00	430.50	FOSP;0.979
442.50	447.00	FOSP;0.970
498.00	501.00	FOSP;0.500
511.50	514.50	FOSP;0.500
531.00	535.50	FOSP;0.500
577.50	582.00	FOSP;0.612
3.00	7.50	GCSP;0.531
15.00	21.00	GCSP;0.558
25.50	30.00	GCSP;0.562
36.00	42.00	GCSP;0.553
48.00	51.00	GCSP;0.500
52.50	58.50	GCSP;0.600
63.00	66.00	GCSP;0.743
73.50	81.00	GCSP;0.649
90.00	93.00	GCSP;0.500
99.00	103.50	GCSP;0.639
115.50	123.00	GCSP;0.500
127.50	132.00	GCSP;0.500
135.00	138.00	GCSP;0.582
142.50	153.00	GCSP;0.500
157.50	160.50	GCSP;0.500
165.00	168.00	GCSP;0.500
180.00	184.50	GCSP;0.500
202.50	205.50	GCSP;0.500
211.50	217.50	GCSP;0.637
225.00	231.00	GCSP;0.500
237.00	240.00	GCSP;0.500
246.00	249.00	GCSP;0.500
262.50	265.50	GCSP;0.500
276.00	279.00	GCSP;0.500
288.00	291.00	GCSP;0.500
295.50	303.00	GCSP;0.676
312.00	316.50	GCSP;0.774
324.00	331.50	GCSP;0.500
336.00	343.50	GCSP;0.965
381.00	385.50	GCSP;0.883
394.50	397.50	GCSP;0.500
417.00	421.50	GCSP;0.500
429.00	433.50	GCSP;0.837
478.50	481.50	GCSP;0.500
510.00	513.00	GCSP;0.500
532.50	537.00	GCSP;0.542
546.00	549.00	GCSP;0.510
568.50	571.50	GCSP;0.500
597.00	600.00	GCSP;0.500
235.50	238.50	GCFL;0.511
267.00	270.00	GCFL;0.697
75.00	78.00	HASP;0.547
381.00	384.00	HASP;0.513
567.00	570.00	HASP;0.546
339.00	342.00	HETH;0.513
477.00	480.00	HOWR;0.532
102.00	105.00	LAZB;0.556
316.50	319.50	LESA;0.510
0.00	3.00	LISP;0.560
10.50	13.50	LISP;0.500
21.00	27.00	LISP;0.894
33.00	37.50	LISP;0.646
45.00	49.50	LISP;0.541
81.00	85.50	LISP;0.670
94.50	99.00	LISP;0.527
118.50	123.00	LISP;0.500
130.50	133.50	LISP;0.500
279.00	282.00	LISP;0.500
298.50	303.00	LISP;0.552
321.00	324.00	LISP;0.500
331.50	337.50	LISP;0.884
346.50	351.00	LISP;0.884
358.50	361.50	LISP;0.917
384.00	387.00	LISP;0.617
397.50	402.00	LISP;0.776
411.00	415.50	LISP;0.852
423.00	427.50	LISP;0.629
436.50	441.00	LISP;0.946
448.50	453.00	LISP;0.784
462.00	466.50	LISP;0.983
475.50	480.00	LISP;0.766
487.50	493.50	LISP;0.979
502.50	507.00	LISP;0.841
516.00	520.50	LISP;0.988
529.50	534.00	LISP;0.658
543.00	547.50	LISP;0.543
561.00	564.00	LISP;0.500
468.00	471.00	MAMU;0.501
0.00	3.00	MOCH;0.500
18.00	21.00	MOCH;0.500
39.00	43.50	MOCH;0.500
82.50	85.50	MOCH;0.500
87.00	93.00	MOCH;0.588
100.50	105.00	MOCH;0.500
130.50	136.50	MOCH;0.578
138.00	142.50	MOCH;0.945
144.00	153.00	MOCH;0.541
216.00	220.50	MOCH;0.500
252.00	255.00	MOCH;0.500
261.00	267.00	MOCH;0.503
276.00	280.50	MOCH;0.847
295.50	300.00	MOCH;0.500
306.00	310.50	MOCH;0.500
324.00	328.50	MOCH;0.734
381.00	384.00	MOCH;0.500
393.00	399.00	MOCH;0.819
406.50	409.50	MOCH;0.500
417.00	426.00	MOCH;0.775
454.50	457.50	MOCH;0.500
466.50	469.50	MOCH;0.500
478.50	481.50	MOCH;0.592
490.50	493.50	MOCH;0.500
532.50	537.00	MOCH;0.500
570.00	573.00	MOCH;0.500
583.50	588.00	MOCH;0.500
591.00	600.00	MOCH;0.611
91.50	94.50	NOCA;0.673
114.00	117.00	PISI;0.500
120.00	124.50	PISI;0.972
163.50	220.50	PISI;0.999
222.00	232.50	PISI;0.796
304.50	309.00	PISI;0.880
379.50	388.50	PISI;0.500
390.00	394.50	PISI;0.666
408.00	412.50	PISI;0.656
430.50	436.50	PISI;0.949
438.00	442.50	PISI;0.728
564.00	579.00	PISI;0.965
592.50	598.50	PISI;0.978
105.00	109.50	PUFI;0.668
78.00	82.50	RECR;0.622
435.00	439.50	REVI;0.790
114.00	117.00	ROWR;0.689
118.50	121.50	SBDO;0.520
259.50	264.00	SNBU;0.896
286.50	291.00	SNBU;0.784
496.50	501.00	SNBU;0.517
531.00	535.50	SNBU;0.627
546.00	550.50	SNBU;0.711
354.00	357.00	SOSP;0.514
289.50	294.00	SPGR;0.607
96.00	100.50	SWTH;0.813
13.50	16.50	SWSP;0.500
33.00	39.00	SWSP;0.891
42.00	46.50	SWSP;0.502
118.50	121.50	SWSP;0.500
133.50	136.50	SWSP;0.500
139.50	144.00	SWSP;0.500
244.50	247.50	SWSP;0.500
340.50	343.50	SWSP;0.500
355.50	358.50	SWSP;0.500
376.50	379.50	SWSP;0.500
382.50	385.50	SWSP;0.548
439.50	442.50	SWSP;0.635
459.00	463.50	SWSP;0.936
474.00	478.50	SWSP;0.500
505.50	510.00	SWSP;0.954
520.50	525.00	SWSP;0.619
528.00	532.50	SWSP;0.644
535.50	540.00	SWSP;0.559
543.00	546.00	SWSP;0.500
552.00	555.00	SWSP;0.500
558.00	562.50	SWSP;0.500
580.50	585.00	SWSP;0.500
588.00	592.50	SWSP;0.898
3.00	9.00	TEWA;0.927
18.00	22.50	TEWA;0.912
25.50	31.50	TEWA;0.792
42.00	46.50	TEWA;0.558
48.00	52.50	TEWA;0.500
72.00	76.50	TEWA;0.567
124.50	129.00	TEWA;0.517
130.50	136.50	TEWA;0.907
139.50	144.00	TEWA;0.854
147.00	151.50	TEWA;0.932
154.50	159.00	TEWA;0.902
169.50	172.50	TEWA;0.500
192.00	196.50	TEWA;0.602
199.50	208.50	TEWA;0.903
219.00	223.50	TEWA;0.805
240.00	247.50	TEWA;0.924
267.00	271.50	TEWA;0.829
339.00	343.50	TEWA;0.809
354.00	358.50	TEWA;0.518
411.00	415.50	TEWA;0.817
417.00	423.00	TEWA;0.826
474.00	477.00	TEWA;0.500
513.00	517.50	TEWA;0.875
520.50	525.00	TEWA;0.566
534.00	540.00	TEWA;0.801
543.00	547.50	TEWA;0.842
550.50	555.00	TEWA;0.788
558.00	562.50	TEWA;0.764
573.00	577.50	TEWA;0.500
580.50	586.50	TEWA;0.847
588.00	591.00	TEWA;0.500
163.50	166.50	VATH;0.559
447.00	450.00	VESP;0.717
187.50	190.50	VGSW;0.690
211.50	217.50	VGSW;0.660
151.50	154.50	WEWP;0.724
591.00	594.00	WEWP;0.591
1.50	9.00	WCSP;0.972
10.50	24.00	WCSP;0.997
28.50	33.00	WCSP;0.897
36.00	43.50	WCSP;0.991
49.50	54.00	WCSP;0.993
55.50	60.00	WCSP;0.500
63.00	69.00	WCSP;0.997
72.00	79.50	WCSP;0.993
87.00	93.00	WCSP;0.743
96.00	106.50	WCSP;0.983
111.00	117.00	WCSP;0.959
123.00	127.50	WCSP;0.703
135.00	138.00	WCSP;0.500
141.00	148.50	WCSP;0.935
150.00	154.50	WCSP;0.731
157.50	160.50	WCSP;0.500
165.00	171.00	WCSP;0.998
177.00	181.50	WCSP;0.963
186.00	189.00	WCSP;0.500
208.50	211.50	WCSP;0.500
213.00	219.00	WCSP;0.680
220.50	232.50	WCSP;0.988
237.00	243.00	WCSP;0.918
250.50	255.00	WCSP;0.738
256.50	261.00	WCSP;0.971
262.50	267.00	WCSP;0.920
268.50	277.50	WCSP;0.992
285.00	292.50	WCSP;0.991
295.50	304.50	WCSP;0.563
309.00	316.50	WCSP;0.955
328.50	333.00	WCSP;0.904
348.00	357.00	WCSP;0.967
360.00	364.50	WCSP;0.952
370.50	375.00	WCSP;0.784
429.00	433.50	WCSP;0.790
454.50	459.00	WCSP;0.500
492.00	496.50	WCSP;0.848
532.50	535.50	WCSP;0.500
549.00	552.00	WCSP;0.500
571.50	576.00	WCSP;0.716
583.50	588.00	WCSP;0.656
597.00	600.00	WCSP;0.674
3.00	7.50	WTSP;0.500
15.00	18.00	WTSP;0.635
22.50	30.00	WTSP;0.629
36.00	43.50	WTSP;0.500
46.50	51.00	WTSP;0.879
52.50	66.00	WTSP;0.967
75.00	79.50	WTSP;0.917
81.00	84.00	WTSP;0.500
88.50	94.50	WTSP;0.948
99.00	108.00	WTSP;0.987
111.00	115.50	WTSP;0.705
127.50	132.00	WTSP;0.908
138.00	147.00	WTSP;0.665
157.50	162.00	WTSP;0.500
165.00	168.00	WTSP;0.552
177.00	184.50	WTSP;0.517
213.00	217.50	WTSP;0.794
222.00	229.50	WTSP;0.590
249.00	253.50	WTSP;0.614
288.00	292.50	WTSP;0.552
313.50	316.50	WTSP;0.500
327.00	331.50	WTSP;0.753
340.50	343.50	WTSP;0.500
358.50	361.50	WTSP;0.763
370.50	375.00	WTSP;0.500
382.50	385.50	WTSP;0.500
417.00	421.50	WTSP;0.500
430.50	433.50	WTSP;0.500
453.00	456.00	WTSP;0.500
478.50	483.00	WTSP;0.548
519.00	522.00	WTSP;0.500
532.50	535.50	WTSP;0.500
567.00	571.50	WTSP;0.502
193.50	196.50	WIWA;0.594
202.50	208.50	WIWA;0.694
220.50	223.50	WIWA;0.664
241.50	244.50	WIWA;0.694
417.00	420.00	YRWA;0.524
