10.50	13.50	AGOL;0.506
145.50	148.50	AGOL;0.549
7.50	10.50	AMRO;0.763
148.50	151.50	AMRO;0.730
274.50	279.00	AMRO;0.571
286.50	291.00	AMRO;0.896
15.00	18.00	BAOR;0.500
117.00	120.00	BAOR;0.683
99.00	102.00	BEWR;0.544
243.00	246.00	BEWR;0.505
18.00	21.00	BCCH;0.601
63.00	66.00	BRSP;0.528
0.00	3.00	CHSP;0.682
9.00	13.50	CHSP;0.979
19.50	27.00	CHSP;0.994
33.00	39.00	CHSP;0.985
46.50	51.00	CHSP;0.716
54.00	58.50	CHSP;0.762
63.00	70.50	CHSP;0.971
73.50	79.50	CHSP;0.858
84.00	91.50	CHSP;0.963
94.50	102.00	CHSP;0.710
106.50	112.50	CHSP;0.989
118.50	124.50	CHSP;0.908
129.00	135.00	CHSP;0.925
141.00	145.50	CHSP;0.826
151.50	157.50	CHSP;0.947
162.00	175.50	CHSP;0.964
178.50	184.50	CHSP;0.911
187.50	195.00	CHSP;0.922
198.00	204.00	CHSP;0.942
208.50	214.50	CHSP;0.968
219.00	225.00	CHSP;0.953
229.50	234.00	CHSP;0.704
237.00	243.00	CHSP;0.820
249.00	255.00	CHSP;0.924
259.50	265.50	CHSP;0.949
270.00	274.50	CHSP;0.969
291.00	295.50	CHSP;0.500
16.50	21.00	EAME;0.673
96.00	99.00	EAME;0.710
127.50	130.50	EATO;0.756
171.00	174.00	EATO;0.600
187.50	190.50	FISP;0.593
217.50	222.00	FISP;0.584
0.00	4.50	FOSP;0.912
12.00	15.00	FOSP;0.500
18.00	25.50	FOSP;0.936
33.00	37.50	FOSP;0.957
45.00	49.50	FOSP;0.848
51.00	60.00	FOSP;0.904
64.50	69.00	FOSP;0.928
75.00	81.00	FOSP;0.907
87.00	91.50	FOSP;0.744
96.00	105.00	FOSP;0.941
114.00	118.50	FOSP;0.923
129.00	132.00	FOSP;0.815
139.50	144.00	FOSP;0.824
157.50	162.00	FOSP;0.787
172.50	177.00	FOSP;0.797
195.00	202.50	FOSP;0.917
216.00	220.50	FOSP;0.817
228.00	232.50	FOSP;0.902
240.00	252.00	FOSP;0.878
265.50	268.50	FOSP;0.500
277.50	282.00	FOSP;0.959
291.00	294.00	FOSP;0.500
273.00	276.00	GRYE;0.506
43.50	46.50	HETH;0.793
127.50	130.50	HETH;0.562
159.00	162.00	HETH;0.519
121.50	126.00	LISP;0.571
16.50	19.50	MAMU;0.536
178.50	181.50	MOCH;0.785
186.00	190.50	MOCH;0.748
205.50	208.50	MOCH;0.834
219.00	223.50	MOCH;0.788
250.50	253.50	MOCH;0.500
291.00	294.00	MOCH;0.500
123.00	126.00	OROR;0.505
90.00	93.00	PHVI;0.538
3.00	6.00	PUFI;0.556
58.50	61.50	ROWR;0.681
0.00	3.00	RUGR;0.570
39.00	42.00	RUGR;0.643
150.00	153.00	RUGR;0.533
16.50	19.50	SNBU;0.604
234.00	238.50	SOSP;0.563
156.00	159.00	SWSP;0.500
160.50	165.00	SWSP;0.828
166.50	171.00	SWSP;0.717
178.50	183.00	SWSP;0.602
192.00	198.00	SWSP;0.890
222.00	226.50	SWSP;0.500
228.00	232.50	SWSP;0.502
234.00	238.50	SWSP;0.781
241.50	247.50	SWSP;0.653
253.50	259.50	SWSP;0.985
262.50	265.50	SWSP;0.500
273.00	277.50	SWSP;0.943
286.50	289.50	SWSP;0.500
294.00	298.50	SWSP;0.719
40.50	43.50	VATH;0.502
61.50	66.00	VATH;0.891
112.50	117.00	VATH;0.979
267.00	271.50	VATH;0.745
285.00	289.50	VATH;0.935
124.50	127.50	WAVI;0.719
0.00	4.50	WCSP;0.958
12.00	16.50	WCSP;0.991
19.50	24.00	WCSP;0.794
42.00	49.50	WCSP;0.510
57.00	60.00	WCSP;0.500
76.50	82.50	WCSP;0.828
88.50	91.50	WCSP;0.500
102.00	105.00	WCSP;0.500
118.50	123.00	WCSP;0.525
132.00	136.50	WCSP;0.500
207.00	211.50	WCSP;0.844
216.00	219.00	WCSP;0.500
247.50	250.50	WCSP;0.500
268.50	273.00	WCSP;0.965
280.50	285.00	WCSP;0.876
291.00	295.50	WCSP;0.580
10.50	13.50	WTSP;0.500
40.50	45.00	WTSP;0.500
153.00	157.50	WTSP;0.610
174.00	180.00	WTSP;0.997
183.00	189.00	WTSP;0.994
201.00	207.00	WTSP;0.997
216.00	222.00	WTSP;0.967
231.00	237.00	WTSP;0.995
250.50	256.50	WTSP;0.984
265.50	271.50	WTSP;0.994
288.00	294.00	WTSP;0.995
154.50	159.00	WIWA;0.623
166.50	169.50	WIWA;0.506
178.50	181.50	WIWA;0.565
192.00	195.00	WIWA;0.599
223.50	226.50	WIWA;0.706
