250.50	253.50	AGOL;0.687
0.00	7.50	AMRO;0.977
10.50	21.00	AMRO;0.988
25.50	33.00	AMRO;0.974
39.00	46.50	AMRO;0.990
178.50	184.50	AMRO;0.984
187.50	196.50	AMRO;0.982
195.00	199.50	AMWO;0.705
78.00	81.00	BAOR;0.742
108.00	111.00	BEKI;0.545
114.00	118.50	BEKI;0.856
270.00	273.00	BEKI;0.626
222.00	225.00	BHVI;0.522
234.00	237.00	BHVI;0.619
264.00	267.00	BHVI;0.638
280.50	285.00	BHVI;0.959
291.00	294.00	BHVI;0.724
0.00	3.00	BRSP;0.500
7.50	12.00	BRSP;0.500
31.50	36.00	BRSP;0.559
43.50	46.50	BRSP;0.500
49.50	61.50	BRSP;0.811
78.00	87.00	BRSP;0.591
88.50	91.50	BRSP;0.530
93.00	105.00	BRSP;0.728
108.00	112.50	BRSP;0.500
114.00	129.00	BRSP;0.815
130.50	147.00	BRSP;0.627
150.00	157.50	BRSP;0.816
159.00	166.50	BRSP;0.788
169.50	172.50	BRSP;0.500
178.50	187.50	BRSP;0.604
189.00	193.50	BRSP;0.685
202.50	208.50	BRSP;0.615
213.00	219.00	BRSP;0.523
220.50	225.00	BRSP;0.500
231.00	234.00	BRSP;0.500
252.00	255.00	BRSP;0.532
262.50	265.50	BRSP;0.500
268.50	271.50	BRSP;0.521
283.50	286.50	BRSP;0.500
294.00	298.50	BRSP;0.573
183.00	186.00	BRTH;0.625
292.50	295.50	CHSW;0.537
0.00	3.00	CHSP;0.500
7.50	13.50	CHSP;0.968
19.50	25.50	CHSP;0.978
31.50	36.00	CHSP;0.756
43.50	49.50	CHSP;0.931
51.00	61.50	CHSP;0.971
67.50	84.00	CHSP;0.982
88.50	99.00	CHSP;0.955
100.50	108.00	CHSP;0.869
109.50	115.50	CHSP;0.933
120.00	127.50	CHSP;0.954
130.50	148.50	CHSP;0.864
150.00	157.50	CHSP;0.876
159.00	166.50	CHSP;0.926
169.50	187.50	CHSP;0.883
189.00	196.50	CHSP;0.854
202.50	208.50	CHSP;0.878
214.50	220.50	CHSP;0.937
222.00	226.50	CHSP;0.631
231.00	237.00	CHSP;0.969
244.50	247.50	CHSP;0.500
252.00	259.50	CHSP;0.931
262.50	268.50	CHSP;0.949
273.00	279.00	CHSP;0.971
283.50	289.50	CHSP;0.966
294.00	300.00	CHSP;0.958
58.50	61.50	DEJU;0.521
78.00	81.00	DEJU;0.551
88.50	91.50	DEJU;0.579
97.50	100.50	DEJU;0.585
120.00	123.00	DEJU;0.650
184.50	187.50	DEJU;0.507
231.00	234.00	DEJU;0.540
243.00	246.00	DEJU;0.501
139.50	142.50	EAME;0.532
36.00	39.00	EATO;0.670
163.50	166.50	EATO;0.562
264.00	267.00	EATO;0.503
37.50	42.00	FOSP;0.970
55.50	60.00	FOSP;0.585
66.00	69.00	FOSP;0.944
75.00	78.00	FOSP;0.500
141.00	144.00	FOSP;0.653
210.00	214.50	FOSP;0.992
222.00	228.00	FOSP;0.945
234.00	238.50	FOSP;0.660
246.00	252.00	FOSP;0.843
261.00	270.00	FOSP;0.937
271.50	276.00	FOSP;0.500
279.00	282.00	FOSP;0.500
285.00	288.00	FOSP;0.500
289.50	294.00	FOSP;0.777
295.50	300.00	FOSP;0.533
7.50	10.50	GCSP;0.507
76.50	79.50	GCSP;0.730
0.00	3.00	GRCA;0.511
16.50	22.50	GRCA;0.693
25.50	28.50	GRCA;0.507
39.00	42.00	GRCA;0.558
24.00	28.50	HETH;0.712
63.00	67.50	HETH;0.970
144.00	147.00	HETH;0.701
24.00	27.00	MOCH;0.518
78.00	81.00	MOCH;0.647
115.50	120.00	MOCH;0.888
145.50	150.00	MOCH;0.699
207.00	211.50	MOCH;0.963
271.50	274.50	NOCA;0.556
196.50	199.50	OCWA;0.572
55.50	58.50	OROR;0.511
262.50	265.50	OROR;0.582
285.00	288.00	OROR;0.677
295.50	300.00	OROR;0.719
205.50	210.00	PAWA;0.685
3.00	9.00	PISI;0.934
12.00	28.50	PISI;0.990
171.00	181.50	PISI;0.846
184.50	192.00	PISI;0.712
193.50	198.00	PISI;0.766
199.50	204.00	PISI;0.817
208.50	211.50	PISI;0.500
213.00	232.50	PISI;0.999
235.50	253.50	PISI;0.998
258.00	261.00	PISI;0.500
40.50	43.50	RBGR;0.535
264.00	267.00	RUGR;0.506
1.50	4.50	SNBU;0.639
67.50	70.50	SNBU;0.598
75.00	78.00	SNBU;0.573
85.50	88.50	SPSA;0.555
163.50	168.00	SPGR;0.707
283.50	286.50	SWSP;0.661
127.50	132.00	WEFL;0.958
15.00	18.00	WCSP;0.500
60.00	64.50	WCSP;0.576
144.00	147.00	WCSP;0.500
151.50	156.00	WCSP;0.500
162.00	165.00	WCSP;0.500
193.50	198.00	WCSP;0.933
217.50	222.00	WCSP;0.500
228.00	231.00	WCSP;0.500
237.00	240.00	WCSP;0.500
271.50	276.00	WCSP;0.500
282.00	286.50	WCSP;0.889
292.50	297.00	WCSP;0.848
42.00	45.00	WTSP;0.579
58.50	63.00	WTSP;0.914
91.50	94.50	WTSP;0.577
115.50	118.50	WTSP;0.645
