270.00	273.00	AGOL;0.655
18.00	22.50	AMPI;0.660
129.00	132.00	BASA;0.563
97.50	102.00	BCCH;0.657
100.50	114.00	BRSP;0.916
213.00	216.00	BRSP;0.518
169.50	172.50	CHSP;0.629
289.50	294.00	CHSP;0.838
172.50	175.50	EAME;0.679
180.00	183.00	EAME;0.646
141.00	144.00	EATO;0.501
12.00	15.00	EAWP;0.537
22.50	27.00	EAWP;0.500
33.00	43.50	EAWP;0.878
45.00	51.00	EAWP;0.714
63.00	70.50	EAWP;0.779
82.50	106.50	EAWP;0.920
108.00	112.50	EAWP;0.814
123.00	132.00	EAWP;0.839
141.00	144.00	EAWP;0.608
145.50	148.50	EAWP;0.500
232.50	235.50	EAWP;0.500
156.00	160.50	EVGR;0.685
204.00	207.00	EVGR;0.732
0.00	3.00	FOSP;0.852
13.50	19.50	FOSP;0.956
28.50	34.50	FOSP;0.954
42.00	46.50	FOSP;0.978
57.00	61.50	FOSP;0.925
75.00	81.00	FOSP;0.882
102.00	105.00	FOSP;0.500
112.50	126.00	FOSP;0.887
130.50	135.00	FOSP;0.965
136.50	145.50	FOSP;0.846
150.00	156.00	FOSP;0.900
160.50	171.00	FOSP;0.888
172.50	177.00	FOSP;0.555
178.50	184.50	FOSP;0.900
189.00	196.50	FOSP;0.795
186.00	189.00	GCSP;0.733
153.00	156.00	HASP;0.683
259.50	264.00	HASP;0.657
1.50	4.50	HETH;0.740
63.00	66.00	HETH;0.659
67.50	70.50	HETH;0.910
273.00	276.00	HETH;0.506
282.00	285.00	HETH;0.753
88.50	93.00	LESA;0.795
228.00	231.00	LESA;0.504
297.00	300.00	LISP;0.764
186.00	189.00	MOCH;0.563
223.50	228.00	MOCH;0.860
249.00	255.00	MOCH;0.606
1.50	6.00	PISI;0.542
25.50	30.00	PISI;0.739
180.00	183.00	PUFI;0.562
40.50	43.50	RECR;0.778
246.00	250.50	RECR;0.528
19.50	22.50	RUGR;0.556
120.00	124.50	RUGR;0.655
277.50	280.50	RUGR;0.516
214.50	219.00	RUBL;0.811
187.50	192.00	SAPH;0.597
0.00	3.00	SNBU;0.705
31.50	34.50	SNBU;0.524
114.00	124.50	SNBU;0.643
138.00	141.00	SNBU;0.732
151.50	156.00	SNBU;0.636
160.50	163.50	SNBU;0.633
165.00	171.00	SNBU;0.888
180.00	183.00	SNBU;0.559
192.00	195.00	SNBU;0.542
202.50	207.00	SNBU;0.856
103.50	108.00	SOSP;0.529
100.50	103.50	SPGR;0.554
189.00	193.50	SWSP;0.699
198.00	202.50	SWSP;0.968
229.50	234.00	SWSP;0.709
222.00	229.50	VESP;0.659
102.00	105.00	WCSP;0.596
142.50	147.00	WCSP;0.960
133.50	139.50	WTSP;0.987
153.00	159.00	WTSP;0.995
183.00	187.50	WTSP;0.885
249.00	253.50	WTSP;0.944
255.00	258.00	WTSP;0.500
259.50	264.00	WTSP;0.940
280.50	283.50	WTSP;0.500
294.00	298.50	WTSP;0.988
90.00	93.00	YBFL;0.513
106.50	109.50	YBFL;0.587
54.00	58.50	YRWA;0.984
64.50	69.00	YRWA;0.788
91.50	96.00	YRWA;0.925
171.00	175.50	YRWA;0.993
184.50	187.50	YRWA;0.589
195.00	199.50	YRWA;0.960
210.00	214.50	YRWA;0.988
