13.50	16.50	AMDI;0.583
24.00	27.00	AMDI;0.594
78.00	82.50	AMDI;0.525
241.50	244.50	AMDI;0.653
276.00	280.50	AMDI;0.716
360.00	363.00	AMDI;0.550
478.50	481.50	AMDI;0.535
507.00	511.50	AMDI;0.720
205.50	208.50	AMGP;0.625
525.00	528.00	AMGP;0.586
25.50	28.50	AGOL;0.549
405.00	408.00	AMRO;0.639
25.50	28.50	ATSP;0.534
52.50	58.50	ATSP;0.500
64.50	69.00	ATSP;0.673
75.00	79.50	ATSP;0.500
85.50	90.00	ATSP;0.500
138.00	142.50	ATSP;0.866
157.50	163.50	ATSP;0.681
174.00	178.50	ATSP;0.500
213.00	217.50	ATSP;0.500
223.50	228.00	ATSP;0.974
238.50	249.00	ATSP;0.500
271.50	277.50	ATSP;0.789
279.00	283.50	ATSP;0.857
303.00	310.50	ATSP;0.970
318.00	328.50	ATSP;0.999
342.00	346.50	ATSP;0.888
360.00	363.00	ATSP;0.500
399.00	402.00	ATSP;0.500
418.50	423.00	ATSP;0.876
451.50	454.50	ATSP;0.500
501.00	505.50	ATSP;0.500
535.50	543.00	ATSP;0.969
547.50	558.00	ATSP;0.991
562.50	571.50	ATSP;0.973
574.50	589.50	ATSP;0.995
52.50	55.50	BANS;0.780
447.00	450.00	BCCH;0.534
429.00	433.50	BLPW;0.837
469.50	472.50	BHVI;0.606
514.50	517.50	BHVI;0.507
442.50	447.00	BOWA;0.788
82.50	85.50	BRSP;0.500
90.00	93.00	BRSP;0.500
162.00	165.00	BRSP;0.500
175.50	184.50	BRSP;0.765
225.00	228.00	BRSP;0.500
229.50	234.00	BRSP;0.981
240.00	243.00	BRSP;0.500
262.50	265.50	BRSP;0.500
268.50	273.00	BRSP;0.533
312.00	315.00	BRSP;0.500
339.00	342.00	BRSP;0.500
355.50	358.50	BRSP;0.500
391.50	394.50	BRSP;0.500
412.50	417.00	BRSP;0.500
426.00	435.00	BRSP;0.615
444.00	448.50	BRSP;0.500
492.00	496.50	BRSP;0.821
511.50	516.00	BRSP;0.500
546.00	550.50	BRSP;0.500
582.00	592.50	BRSP;0.616
597.00	600.00	BRSP;0.500
160.50	163.50	BRTH;0.699
438.00	441.00	BUSH;0.652
91.50	96.00	CAFI;0.606
228.00	231.00	CAFI;0.573
340.50	343.50	CAFI;0.544
438.00	441.00	CEDW;0.546
355.50	360.00	CHSW;0.527
175.50	181.50	CHSP;0.962
189.00	193.50	CHSP;0.842
261.00	267.00	CHSP;0.810
336.00	342.00	CHSP;0.955
355.50	361.50	CHSP;0.500
391.50	397.50	CHSP;0.946
424.50	427.50	CHSP;0.500
444.00	450.00	CHSP;0.952
454.50	459.00	CHSP;0.735
487.50	490.50	CHSP;0.500
511.50	516.00	CHSP;0.500
543.00	550.50	CHSP;0.888
573.00	577.50	CHSP;0.880
583.50	586.50	CHSP;0.500
109.50	117.00	CLNU;0.985
538.50	543.00	CCSP;0.831
420.00	423.00	EAME;0.532
561.00	564.00	EAME;0.567
370.50	373.50	EATO;0.546
400.50	403.50	EATO;0.600
433.50	436.50	EATO;0.638
226.50	229.50	FISP;0.541
411.00	414.00	FISP;0.520
426.00	430.50	FISP;0.605
181.50	184.50	FOSP;0.500
343.50	348.00	FOSP;0.855
357.00	361.50	FOSP;0.840
370.50	376.50	FOSP;0.922
384.00	387.00	FOSP;0.500
400.50	406.50	FOSP;0.821
435.00	439.50	FOSP;0.899
460.50	463.50	FOSP;0.600
472.50	478.50	FOSP;0.944
489.00	493.50	FOSP;0.918
516.00	520.50	FOSP;0.959
556.50	565.50	FOSP;0.932
52.50	55.50	GCSP;0.560
79.50	82.50	GCSP;0.668
85.50	88.50	GCSP;0.517
97.50	102.00	GCSP;0.533
118.50	121.50	GCSP;0.532
145.50	148.50	GCSP;0.658
159.00	162.00	GCSP;0.506
262.50	267.00	GCSP;0.777
274.50	279.00	GCSP;0.631
282.00	285.00	GCSP;0.692
298.50	303.00	GCSP;0.757
541.50	544.50	GCSP;0.503
585.00	588.00	GCSP;0.787
594.00	597.00	GCSP;0.667
541.50	546.00	GWWA;0.755
388.50	391.50	GRSP;0.515
429.00	432.00	GRSP;0.513
232.50	235.50	HAWO;0.557
117.00	120.00	HASP;0.501
184.50	187.50	HASP;0.502
100.50	105.00	HETH;0.880
147.00	150.00	HETH;0.623
412.50	415.50	HETH;0.673
559.50	562.50	HETH;0.516
532.50	535.50	HOLA;0.505
495.00	499.50	HOFI;0.690
27.00	30.00	KILL;0.617
30.00	34.50	LESA;0.556
277.50	282.00	LESA;0.703
6.00	9.00	LISP;0.500
31.50	34.50	LISP;0.500
76.50	79.50	LISP;0.500
91.50	96.00	LISP;0.750
103.50	108.00	LISP;0.826
112.50	117.00	LISP;0.679
150.00	153.00	LISP;0.562
162.00	166.50	LISP;0.970
189.00	193.50	LISP;0.858
208.50	213.00	LISP;0.746
217.50	222.00	LISP;0.834
225.00	228.00	LISP;0.500
234.00	238.50	LISP;0.819
241.50	246.00	LISP;0.688
247.50	250.50	LISP;0.500
268.50	271.50	LISP;0.592
277.50	280.50	LISP;0.500
283.50	288.00	LISP;0.676
292.50	301.50	LISP;0.714
313.50	316.50	LISP;0.500
325.50	330.00	LISP;0.528
337.50	342.00	LISP;0.888
364.50	367.50	LISP;0.500
376.50	381.00	LISP;0.746
393.00	397.50	LISP;0.500
411.00	415.50	LISP;0.500
424.50	429.00	LISP;0.571
439.50	444.00	LISP;0.500
453.00	457.50	LISP;0.654
465.00	468.00	LISP;0.500
480.00	483.00	LISP;0.500
493.50	498.00	LISP;0.948
526.50	531.00	LISP;0.934
540.00	544.50	LISP;0.500
549.00	553.50	LISP;0.517
232.50	235.50	LBDO;0.514
40.50	45.00	MAWA;0.656
1.50	4.50	MOCH;0.776
21.00	24.00	MOCH;0.500
64.50	67.50	MOCH;0.500
94.50	97.50	MOCH;0.511
130.50	133.50	MOCH;0.500
184.50	190.50	MOCH;0.560
226.50	229.50	MOCH;0.500
238.50	241.50	MOCH;0.500
249.00	252.00	MOCH;0.500
262.50	268.50	MOCH;0.500
274.50	277.50	MOCH;0.500
289.50	294.00	MOCH;0.569
295.50	298.50	MOCH;0.537
304.50	309.00	MOCH;0.675
316.50	322.50	MOCH;0.500
351.00	355.50	MOCH;0.759
364.50	369.00	MOCH;0.500
381.00	385.50	MOCH;0.898
403.50	408.00	MOCH;0.500
415.50	418.50	MOCH;0.506
445.50	450.00	MOCH;0.643
469.50	474.00	MOCH;0.509
489.00	492.00	MOCH;0.554
501.00	507.00	MOCH;0.854
522.00	526.50	MOCH;0.500
558.00	565.50	MOCH;0.500
571.50	577.50	MOCH;0.604
586.50	589.50	MOCH;0.500
592.50	597.00	MOCH;0.500
64.50	69.00	OCWA;0.608
3.00	10.50	PISI;0.837
19.50	34.50	PISI;0.839
39.00	43.50	PISI;0.500
48.00	78.00	PISI;0.997
81.00	99.00	PISI;0.996
105.00	112.50	PISI;0.761
144.00	157.50	PISI;0.951
166.50	181.50	PISI;0.995
183.00	187.50	PISI;0.933
195.00	199.50	PISI;0.641
202.50	207.00	PISI;0.816
213.00	217.50	PISI;0.556
237.00	241.50	PISI;0.708
265.50	271.50	PISI;0.981
273.00	277.50	PISI;0.770
291.00	294.00	PISI;0.500
298.50	301.50	PISI;0.500
321.00	325.50	PISI;0.500
328.50	339.00	PISI;0.941
342.00	345.00	PISI;0.500
346.50	358.50	PISI;0.946
361.50	366.00	PISI;0.538
367.50	372.00	PISI;0.600
387.00	391.50	PISI;0.683
394.50	400.50	PISI;0.993
403.50	408.00	PISI;0.692
438.00	442.50	PISI;0.500
463.50	468.00	PISI;0.651
486.00	489.00	PISI;0.500
582.00	586.50	PISI;0.500
591.00	600.00	PISI;0.532
1.50	9.00	PUFI;0.989
33.00	36.00	PUFI;0.500
39.00	42.00	PUFI;0.500
46.50	51.00	PUFI;0.547
76.50	81.00	PUFI;0.765
91.50	94.50	PUFI;0.500
108.00	111.00	PUFI;0.825
196.50	201.00	PUFI;0.859
247.50	252.00	PUFI;0.500
292.50	297.00	PUFI;0.500
339.00	342.00	PUFI;0.500
357.00	360.00	PUFI;0.500
378.00	381.00	PUFI;0.500
391.50	396.00	PUFI;0.500
453.00	460.50	PUFI;0.531
469.50	472.50	PUFI;0.540
475.50	480.00	PUFI;0.500
504.00	508.50	PUFI;0.500
340.50	343.50	REVI;0.542
460.50	465.00	REVI;0.833
367.50	370.50	RUTU;0.526
516.00	519.00	RUGR;0.502
361.50	364.50	SAND;0.538
589.50	592.50	SAND;0.501
448.50	453.00	SBDO;0.730
357.00	361.50	SNBU;0.622
466.50	471.00	SNBU;0.610
183.00	186.00	SOSA;0.600
417.00	421.50	SOSA;0.688
304.50	307.50	SOSP;0.682
117.00	120.00	TBLO;0.556
343.50	348.00	VESP;0.781
372.00	376.50	VESP;0.646
46.50	51.00	WAVI;0.649
157.50	160.50	WEFL;0.506
373.50	378.00	WEFL;0.986
519.00	522.00	WEFL;0.646
534.00	537.00	WEFL;0.668
586.50	589.50	WEFL;0.647
579.00	582.00	WEME;0.532
10.50	15.00	WCSP;0.985
22.50	27.00	WCSP;0.896
37.50	42.00	WCSP;0.955
52.50	57.00	WCSP;0.671
66.00	70.50	WCSP;0.991
79.50	85.50	WCSP;0.987
96.00	105.00	WCSP;0.796
118.50	123.00	WCSP;0.980
127.50	136.50	WCSP;0.974
138.00	142.50	WCSP;0.500
144.00	150.00	WCSP;0.830
154.50	165.00	WCSP;0.976
171.00	175.50	WCSP;0.986
180.00	190.50	WCSP;0.994
225.00	231.00	WCSP;0.500
232.50	237.00	WCSP;0.595
238.50	244.50	WCSP;0.575
249.00	255.00	WCSP;0.995
256.50	267.00	WCSP;0.985
274.50	277.50	WCSP;0.500
279.00	285.00	WCSP;0.988
288.00	292.50	WCSP;0.880
298.50	303.00	WCSP;0.897
309.00	315.00	WCSP;0.984
316.50	319.50	WCSP;0.500
331.50	334.50	WCSP;0.500
345.00	349.50	WCSP;0.831
354.00	358.50	WCSP;0.735
360.00	363.00	WCSP;0.511
372.00	376.50	WCSP;0.859
382.50	391.50	WCSP;0.979
396.00	399.00	WCSP;0.500
405.00	409.50	WCSP;0.500
417.00	420.00	WCSP;0.500
442.50	447.00	WCSP;0.687
474.00	478.50	WCSP;0.500
484.50	489.00	WCSP;0.500
498.00	501.00	WCSP;0.500
510.00	514.50	WCSP;0.954
517.50	520.50	WCSP;0.500
522.00	526.50	WCSP;0.708
529.50	534.00	WCSP;0.787
537.00	543.00	WCSP;0.661
550.50	561.00	WCSP;0.973
565.50	573.00	WCSP;0.982
582.00	600.00	WCSP;0.990
0.00	3.00	WTSP;0.980
79.50	82.50	WTSP;0.500
84.00	88.50	WTSP;0.681
97.50	102.00	WTSP;0.939
180.00	183.00	WTSP;0.500
225.00	229.50	WTSP;0.525
232.50	235.50	WTSP;0.500
238.50	243.00	WTSP;0.928
249.00	252.00	WTSP;0.500
282.00	286.50	WTSP;0.500
315.00	322.50	WTSP;0.586
324.00	327.00	WTSP;0.500
352.50	355.50	WTSP;0.795
379.50	384.00	WTSP;0.500
405.00	408.00	WTSP;0.633
409.50	414.00	WTSP;0.983
427.50	430.50	WTSP;0.500
432.00	436.50	WTSP;0.728
445.50	450.00	WTSP;0.514
471.00	474.00	WTSP;0.500
480.00	486.00	WTSP;0.944
498.00	507.00	WTSP;0.993
514.50	517.50	WTSP;0.500
537.00	544.50	WTSP;0.500
573.00	576.00	WTSP;0.500
588.00	591.00	WTSP;0.516
594.00	597.00	WTSP;0.500
240.00	243.00	WIWR;0.709
22.50	28.50	YRWA;0.985
34.50	40.50	YRWA;0.995
54.00	58.50	YRWA;0.973
72.00	76.50	YRWA;0.947
136.50	141.00	YRWA;0.993
157.50	162.00	YRWA;0.983
169.50	174.00	YRWA;0.973
186.00	190.50	YRWA;0.500
288.00	292.50	YRWA;0.500
300.00	304.50	YRWA;0.992
322.50	327.00	YRWA;0.561
