61.50	64.50	AMGP;0.597
21.00	24.00	AGOL;0.674
147.00	150.00	AGOL;0.603
0.00	63.00	AMRO;0.991
64.50	100.50	AMRO;0.992
102.00	124.50	AMRO;0.993
126.00	132.00	AMRO;0.985
133.50	153.00	AMRO;0.994
154.50	195.00	AMRO;1.000
196.50	207.00	AMRO;0.983
208.50	213.00	AMRO;0.570
214.50	225.00	AMRO;0.909
226.50	280.50	AMRO;0.995
282.00	288.00	AMRO;0.989
292.50	298.50	AMRO;0.983
76.50	79.50	BAOR;0.537
82.50	85.50	BAOR;0.772
174.00	177.00	BAOR;0.578
184.50	187.50	BAOR;0.700
189.00	192.00	BAOR;0.649
208.50	211.50	BAOR;0.539
274.50	277.50	BAOR;0.706
45.00	48.00	BHGR;0.519
256.50	259.50	BTNW;0.645
265.50	268.50	BTNW;0.565
28.50	31.50	BRTH;0.556
15.00	19.50	CHSP;0.787
13.50	18.00	GWTE;0.681
294.00	298.50	GWTE;0.572
166.50	169.50	LEYE;0.512
10.50	13.50	NOHA;0.625
16.50	19.50	NOHA;0.590
124.50	127.50	NOHA;0.543
195.00	199.50	NOHA;0.927
63.00	66.00	PHVI;0.756
21.00	24.00	PIGR;0.678
27.00	30.00	PIGR;0.687
94.50	97.50	PIGR;0.571
157.50	163.50	PIGR;0.641
222.00	226.50	PIGR;0.536
85.50	88.50	PUFI;0.553
225.00	228.00	PUFI;0.551
136.50	139.50	REVI;0.846
174.00	177.00	RBGR;0.718
220.50	223.50	RBGR;0.561
183.00	186.00	RCKI;0.503
166.50	169.50	RUTU;0.653
33.00	36.00	RUGR;0.557
84.00	87.00	RUGR;0.624
124.50	127.50	RUGR;0.601
165.00	169.50	RUGR;0.707
181.50	184.50	RUGR;0.614
3.00	7.50	RUBL;0.896
243.00	249.00	RUBL;0.810
279.00	282.00	RUBL;0.508
295.50	298.50	RUBL;0.667
9.00	12.00	SNBU;0.775
111.00	115.50	SNBU;0.969
30.00	33.00	SUTA;0.637
40.50	43.50	SUTA;0.574
154.50	159.00	SUTA;0.574
163.50	168.00	SUTA;0.735
198.00	201.00	SUTA;0.656
178.50	181.50	SWSP;0.804
225.00	228.00	SWSP;0.603
21.00	24.00	TOSO;0.655
99.00	102.00	TOSO;0.591
252.00	255.00	TUTI;0.540
37.50	42.00	WCSP;0.969
237.00	243.00	WCSP;0.500
244.50	247.50	WCSP;0.500
249.00	253.50	WCSP;0.826
256.50	261.00	WCSP;0.957
265.50	270.00	WCSP;0.834
271.50	276.00	WCSP;0.965
279.00	285.00	WCSP;0.983
288.00	292.50	WCSP;0.988
297.00	300.00	WCSP;0.982
60.00	63.00	WWCR;0.504
100.50	103.50	WIWA;0.895
112.50	117.00	WIWA;0.970
130.50	135.00	WIWA;0.745
187.50	190.50	WIWA;0.623
225.00	228.00	WIWA;0.566
