375.00	379.50	ATSP;0.574
0.00	4.50	FOSP;0.666
115.50	120.00	FOSP;0.938
174.00	178.50	FOSP;0.516
204.00	208.50	FOSP;0.500
273.00	277.50	FOSP;0.727
310.50	313.50	FOSP;0.500
322.50	327.00	FOSP;0.500
336.00	340.50	FOSP;0.514
444.00	448.50	FOSP;0.798
457.50	462.00	FOSP;0.873
567.00	570.00	GCSP;0.572
309.00	312.00	HETH;0.816
334.50	337.50	HETH;0.875
390.00	393.00	HETH;0.609
372.00	376.50	MOCH;0.645
559.50	562.50	MOCH;0.559
565.50	568.50	MOCH;0.591
577.50	582.00	MOCH;0.727
384.00	387.00	RECR;0.579
24.00	27.00	RUGR;0.573
21.00	25.50	RUBL;0.594
88.50	93.00	RUBL;0.580
352.50	355.50	RUBL;0.502
79.50	84.00	SNBU;0.620
457.50	460.50	SNBU;0.647
226.50	229.50	WEFL;0.911
204.00	208.50	WCSP;0.500
232.50	237.00	WCSP;0.758
310.50	313.50	WCSP;0.500
336.00	340.50	WCSP;0.697
391.50	396.00	WCSP;0.926
406.50	409.50	WCSP;0.727
561.00	565.50	WCSP;0.666
567.00	570.00	WCSP;0.500
571.50	576.00	WCSP;0.951
256.50	259.50	WTSP;0.596
372.00	375.00	WTSP;0.689
565.50	568.50	WTSP;0.503
571.50	574.50	WTSP;0.592
583.50	588.00	WTSP;0.666
