3.00	9.00	AMRO;0.811
57.00	70.50	AMRO;0.641
75.00	78.00	AMRO;0.500
85.50	88.50	AMRO;0.500
90.00	94.50	AMRO;0.706
99.00	109.50	AMRO;0.849
111.00	117.00	AMRO;0.547
121.50	148.50	AMRO;0.962
153.00	165.00	AMRO;0.895
169.50	175.50	AMRO;0.646
183.00	189.00	AMRO;0.581
192.00	199.50	AMRO;0.520
244.50	249.00	AMRO;0.979
259.50	265.50	AMRO;0.648
360.00	366.00	AMRO;0.803
385.50	390.00	AMRO;0.959
417.00	427.50	AMRO;0.865
433.50	436.50	AMRO;0.730
439.50	450.00	AMRO;0.943
453.00	457.50	AMRO;0.500
478.50	481.50	AMRO;0.500
484.50	492.00	AMRO;0.656
505.50	513.00	AMRO;0.500
142.50	145.50	BAOR;0.561
169.50	172.50	BAOR;0.624
271.50	274.50	BLTU;0.523
372.00	375.00	BBPL;0.702
421.50	424.50	BCCH;0.852
487.50	490.50	BCCH;0.506
171.00	175.50	BTNW;0.817
181.50	184.50	BTNW;0.533
504.00	507.00	BLJA;0.521
589.50	592.50	BRSP;0.554
235.50	238.50	BUOR;0.721
378.00	381.00	CHSW;0.584
217.50	222.00	CHSP;0.818
45.00	48.00	DEJU;0.512
216.00	219.00	DEJU;0.587
220.50	223.50	DEJU;0.777
390.00	394.50	DEJU;0.865
522.00	526.50	DEJU;0.623
40.50	43.50	EAME;0.559
58.50	61.50	EAME;0.578
529.50	532.50	EAME;0.731
360.00	363.00	EAPH;0.582
28.50	31.50	EATO;0.551
48.00	51.00	EATO;0.529
187.50	190.50	EATO;0.588
199.50	202.50	EATO;0.621
214.50	217.50	EATO;0.543
292.50	295.50	EATO;0.542
324.00	327.00	EATO;0.768
454.50	459.00	EATO;0.549
462.00	465.00	EATO;0.569
481.50	484.50	EATO;0.525
505.50	508.50	EATO;0.518
546.00	549.00	EATO;0.625
583.50	586.50	EATO;0.814
591.00	594.00	EATO;0.518
262.50	265.50	EVGR;0.510
10.50	15.00	FISP;0.663
33.00	36.00	FISP;0.618
109.50	112.50	FISP;0.547
124.50	127.50	FISP;0.642
138.00	141.00	FISP;0.525
205.50	208.50	FISP;0.647
231.00	235.50	FISP;0.596
589.50	592.50	FISP;0.549
1.50	6.00	FOSP;0.605
9.00	12.00	FOSP;0.524
13.50	22.50	FOSP;0.803
30.00	33.00	FOSP;0.606
40.50	49.50	FOSP;0.946
69.00	76.50	FOSP;0.900
84.00	88.50	FOSP;0.500
96.00	102.00	FOSP;0.944
111.00	114.00	FOSP;0.512
115.50	123.00	FOSP;0.810
124.50	135.00	FOSP;0.884
148.50	154.50	FOSP;0.911
160.50	171.00	FOSP;0.932
172.50	183.00	FOSP;0.986
184.50	189.00	FOSP;0.747
190.50	205.50	FOSP;0.836
207.00	211.50	FOSP;0.939
225.00	228.00	FOSP;0.516
231.00	235.50	FOSP;0.516
237.00	241.50	FOSP;0.830
252.00	259.50	FOSP;0.913
265.50	270.00	FOSP;0.674
277.50	283.50	FOSP;0.898
289.50	298.50	FOSP;0.864
307.50	312.00	FOSP;0.909
319.50	324.00	FOSP;0.749
325.50	330.00	FOSP;0.878
337.50	342.00	FOSP;0.783
348.00	352.50	FOSP;0.832
354.00	358.50	FOSP;0.915
367.50	372.00	FOSP;0.901
381.00	385.50	FOSP;0.926
397.50	403.50	FOSP;0.903
412.50	417.00	FOSP;0.701
423.00	433.50	FOSP;0.767
436.50	441.00	FOSP;0.886
451.50	459.00	FOSP;0.933
462.00	468.00	FOSP;0.500
472.50	477.00	FOSP;0.954
478.50	483.00	FOSP;0.897
492.00	504.00	FOSP;0.846
507.00	510.00	FOSP;0.500
520.50	525.00	FOSP;0.846
529.50	535.50	FOSP;0.923
537.00	541.50	FOSP;0.665
549.00	558.00	FOSP;0.929
559.50	562.50	FOSP;0.500
585.00	589.50	FOSP;0.912
595.50	600.00	FOSP;0.954
7.50	12.00	GCSP;0.895
19.50	25.50	GCSP;0.914
30.00	33.00	GCSP;0.500
42.00	46.50	GCSP;0.572
54.00	58.50	GCSP;0.931
76.50	79.50	GCSP;0.500
93.00	97.50	GCSP;0.712
223.50	226.50	GCSP;0.500
318.00	321.00	GCSP;0.500
486.00	490.50	GCSP;0.500
507.00	510.00	GCSP;0.500
546.00	552.00	GCSP;0.708
573.00	577.50	GCSP;0.600
154.50	157.50	HASP;0.573
27.00	30.00	HETH;0.765
57.00	60.00	HETH;0.502
129.00	133.50	HETH;0.601
199.50	202.50	HETH;0.510
223.50	226.50	HETH;0.524
576.00	579.00	HETH;0.611
457.50	460.50	LALO;0.536
577.50	580.50	LESA;0.514
214.50	219.00	LISP;0.848
511.50	516.00	LISP;0.682
571.50	576.00	LISP;0.869
97.50	100.50	MOCH;0.532
244.50	247.50	MOCH;0.966
394.50	397.50	MOCH;0.734
504.00	507.00	MOCH;0.526
526.50	529.50	MOCH;0.893
4.50	7.50	OSFL;0.558
70.50	73.50	OSFL;0.512
78.00	82.50	OSFL;0.768
168.00	171.00	OSFL;0.697
264.00	267.00	OSFL;0.732
391.50	396.00	OSFL;0.597
430.50	435.00	OSFL;0.974
30.00	33.00	OROR;0.599
70.50	73.50	OROR;0.599
492.00	495.00	OROR;0.641
105.00	109.50	PIGR;0.827
348.00	352.50	PUFI;0.568
76.50	79.50	RBGU;0.590
4.50	9.00	RUBL;0.929
316.50	319.50	RUBL;0.521
519.00	522.00	RUBL;0.556
109.50	114.00	SAPH;0.610
231.00	234.00	SAPH;0.526
591.00	594.00	SSHA;0.551
87.00	90.00	SBDO;0.608
100.50	103.50	SBDO;0.505
117.00	120.00	SBDO;0.778
121.50	126.00	SBDO;0.674
475.50	478.50	SBDO;0.585
483.00	486.00	SBDO;0.605
1.50	6.00	SNBU;0.747
13.50	16.50	SNBU;0.815
45.00	51.00	SNBU;0.857
69.00	73.50	SNBU;0.702
289.50	292.50	SNBU;0.586
319.50	324.00	SNBU;0.675
399.00	403.50	SNBU;0.610
429.00	432.00	SNBU;0.587
463.50	468.00	SNBU;0.689
555.00	558.00	SNBU;0.550
300.00	304.50	SPSA;0.526
382.50	387.00	SPSA;0.818
409.50	412.50	SWHA;0.543
1.50	6.00	SWSP;0.731
16.50	21.00	SWSP;0.626
36.00	39.00	SWSP;0.647
43.50	48.00	SWSP;0.500
54.00	57.00	SWSP;0.500
60.00	66.00	SWSP;0.945
75.00	78.00	SWSP;0.500
85.50	88.50	SWSP;0.500
94.50	99.00	SWSP;0.500
195.00	198.00	SWSP;0.500
202.50	207.00	SWSP;0.571
247.50	252.00	SWSP;0.822
253.50	256.50	SWSP;0.500
265.50	270.00	SWSP;0.558
282.00	285.00	SWSP;0.500
288.00	292.50	SWSP;0.677
294.00	300.00	SWSP;0.865
310.50	313.50	SWSP;0.500
351.00	354.00	SWSP;0.500
360.00	363.00	SWSP;0.601
390.00	393.00	SWSP;0.500
471.00	474.00	SWSP;0.500
115.50	118.50	TOSO;0.530
133.50	136.50	TOSO;0.596
12.00	15.00	VATH;0.684
25.50	28.50	VATH;0.500
49.50	54.00	VATH;0.947
79.50	84.00	VATH;0.952
88.50	93.00	VATH;0.724
100.50	105.00	VATH;0.562
108.00	112.50	VATH;0.689
153.00	157.50	VATH;0.971
169.50	172.50	VATH;0.500
181.50	186.00	VATH;0.661
205.50	213.00	VATH;0.864
240.00	243.00	VATH;0.500
247.50	252.00	VATH;0.500
273.00	277.50	VATH;0.955
283.50	286.50	VATH;0.500
298.50	309.00	VATH;0.928
327.00	331.50	VATH;0.875
334.50	339.00	VATH;0.680
340.50	343.50	VATH;0.500
345.00	349.50	VATH;0.521
357.00	360.00	VATH;0.500
364.50	367.50	VATH;0.500
373.50	378.00	VATH;0.864
388.50	393.00	VATH;0.845
433.50	436.50	VATH;0.500
475.50	480.00	VATH;0.792
540.00	544.50	VATH;0.975
556.50	561.00	VATH;0.972
562.50	565.50	VATH;0.500
570.00	573.00	VATH;0.839
595.50	598.50	VATH;0.500
12.00	15.00	VESP;0.500
238.50	241.50	VESP;0.506
532.50	535.50	VESP;0.611
58.50	61.50	WEME;0.532
15.00	18.00	WCSP;0.500
22.50	27.00	WCSP;0.979
39.00	42.00	WCSP;0.500
55.50	60.00	WCSP;0.500
97.50	102.00	WCSP;0.500
111.00	114.00	WCSP;0.500
115.50	120.00	WCSP;0.581
132.00	135.00	WCSP;0.500
148.50	151.50	WCSP;0.500
160.50	165.00	WCSP;0.955
171.00	175.50	WCSP;0.748
181.50	186.00	WCSP;0.976
192.00	196.50	WCSP;0.984
210.00	213.00	WCSP;0.500
214.50	222.00	WCSP;0.784
225.00	234.00	WCSP;0.977
240.00	244.50	WCSP;0.952
355.50	358.50	WCSP;0.500
396.00	399.00	WCSP;0.500
519.00	522.00	WCSP;0.500
529.50	534.00	WCSP;0.976
576.00	579.00	WCSP;0.500
0.00	3.00	WTSP;0.973
7.50	13.50	WTSP;0.961
19.50	25.50	WTSP;0.848
30.00	36.00	WTSP;0.988
39.00	48.00	WTSP;0.987
52.50	58.50	WTSP;0.834
64.50	72.00	WTSP;0.992
79.50	87.00	WTSP;0.994
91.50	97.50	WTSP;0.971
106.50	112.50	WTSP;0.994
120.00	126.00	WTSP;0.996
133.50	141.00	WTSP;0.993
145.50	150.00	WTSP;0.991
157.50	163.50	WTSP;0.993
186.00	192.00	WTSP;0.996
202.50	208.50	WTSP;0.986
210.00	213.00	WTSP;0.500
225.00	232.50	WTSP;0.994
238.50	246.00	WTSP;0.945
252.00	258.00	WTSP;0.992
267.00	271.50	WTSP;0.823
318.00	321.00	WTSP;0.500
394.50	400.50	WTSP;0.980
402.00	408.00	WTSP;0.990
409.50	415.50	WTSP;0.977
418.50	423.00	WTSP;0.989
426.00	430.50	WTSP;0.994
433.50	439.50	WTSP;0.993
441.00	445.50	WTSP;0.982
448.50	454.50	WTSP;0.986
457.50	462.00	WTSP;0.984
466.50	472.50	WTSP;0.984
477.00	481.50	WTSP;0.989
484.50	501.00	WTSP;0.994
502.50	507.00	WTSP;0.918
510.00	519.00	WTSP;0.997
520.50	528.00	WTSP;0.995
534.00	540.00	WTSP;0.991
546.00	552.00	WTSP;0.950
556.50	565.50	WTSP;0.951
571.50	579.00	WTSP;0.965
585.00	591.00	WTSP;0.993
0.00	6.00	WIWA;0.611
16.50	21.00	WIWA;0.662
25.50	30.00	WIWA;0.990
33.00	39.00	WIWA;0.918
43.50	46.50	WIWA;0.500
52.50	57.00	WIWA;0.894
60.00	64.50	WIWA;0.500
72.00	78.00	WIWA;0.941
82.50	87.00	WIWA;0.958
93.00	99.00	WIWA;0.850
103.50	108.00	WIWA;0.980
112.50	117.00	WIWA;0.985
193.50	198.00	WIWA;0.741
202.50	207.00	WIWA;0.756
222.00	226.50	WIWA;0.971
232.50	237.00	WIWA;0.992
241.50	246.00	WIWA;0.969
250.50	255.00	WIWA;0.988
264.00	270.00	WIWA;0.679
274.50	277.50	WIWA;0.500
280.50	285.00	WIWA;0.952
286.50	292.50	WIWA;0.733
294.00	300.00	WIWA;0.767
304.50	307.50	WIWA;0.827
309.00	315.00	WIWA;0.983
322.50	328.50	WIWA;0.978
330.00	334.50	WIWA;0.991
340.50	345.00	WIWA;0.991
348.00	354.00	WIWA;0.981
357.00	361.50	WIWA;0.990
366.00	370.50	WIWA;0.990
378.00	384.00	WIWA;0.960
388.50	393.00	WIWA;0.986
397.50	402.00	WIWA;0.751
492.00	495.00	WIWA;0.500
502.50	507.00	WIWA;0.938
10.50	13.50	WOTH;0.911
63.00	66.00	WOTH;0.519
