274.50	277.50	AMGP;0.523
12.00	15.00	AMRO;0.544
24.00	40.50	AMRO;0.993
42.00	52.50	AMRO;0.995
54.00	72.00	AMRO;0.995
75.00	84.00	AMRO;0.996
90.00	99.00	AMRO;0.959
103.50	112.50	AMRO;0.991
114.00	120.00	AMRO;0.993
124.50	132.00	AMRO;0.921
135.00	144.00	AMRO;0.969
154.50	160.50	AMRO;0.926
168.00	180.00	AMRO;0.975
183.00	187.50	AMRO;0.658
192.00	216.00	AMRO;0.992
217.50	222.00	AMRO;0.945
226.50	234.00	AMRO;0.932
241.50	250.50	AMRO;0.987
261.00	265.50	AMRO;0.847
52.50	55.50	BAOR;0.692
124.50	127.50	BAOR;0.648
147.00	150.00	BAOR;0.598
159.00	162.00	BAOR;0.901
279.00	282.00	BEWR;0.513
234.00	237.00	BCCH;0.904
184.50	190.50	BHVI;0.761
231.00	234.00	BHVI;0.532
288.00	291.00	BHVI;0.539
85.50	90.00	CAFI;0.689
211.50	214.50	CAFI;0.525
21.00	24.00	CAVI;0.534
192.00	195.00	CHSP;0.524
187.50	190.50	EATO;0.784
207.00	210.00	EATO;0.700
0.00	3.00	FOSP;0.500
109.50	114.00	FOSP;0.704
147.00	150.00	FOSP;0.500
151.50	159.00	FOSP;0.560
163.50	171.00	FOSP;0.848
178.50	183.00	FOSP;0.756
189.00	193.50	FOSP;0.942
208.50	213.00	FOSP;0.819
219.00	225.00	FOSP;0.952
232.50	244.50	FOSP;0.979
247.50	252.00	FOSP;0.892
255.00	258.00	FOSP;0.500
264.00	268.50	FOSP;0.932
270.00	274.50	FOSP;0.500
277.50	283.50	FOSP;0.687
288.00	294.00	FOSP;0.949
295.50	300.00	FOSP;0.835
231.00	234.00	GRCA;0.654
292.50	295.50	GRCA;0.568
43.50	51.00	GWTE;0.757
52.50	61.50	GWTE;0.511
67.50	70.50	GWTE;0.500
78.00	81.00	GWTE;0.500
106.50	109.50	GWTE;0.670
124.50	132.00	GWTE;0.775
136.50	141.00	GWTE;0.644
171.00	175.50	GWTE;0.926
184.50	187.50	GWTE;0.500
193.50	198.00	GWTE;0.501
202.50	207.00	GWTE;0.792
217.50	220.50	GWTE;0.500
228.00	231.00	GWTE;0.500
66.00	69.00	HETH;0.646
294.00	298.50	HETH;0.831
91.50	94.50	LASP;0.698
120.00	123.00	LASP;0.527
9.00	13.50	LISP;0.993
22.50	27.00	LISP;0.990
34.50	40.50	LISP;0.987
46.50	52.50	LISP;0.989
60.00	66.00	LISP;0.992
73.50	79.50	LISP;0.995
90.00	94.50	LISP;0.962
103.50	108.00	LISP;0.963
118.50	123.00	LISP;0.983
132.00	138.00	LISP;0.967
148.50	153.00	LISP;0.972
163.50	169.50	LISP;0.995
181.50	186.00	LISP;0.992
196.50	201.00	LISP;0.952
213.00	217.50	LISP;0.996
229.50	234.00	LISP;0.985
244.50	249.00	LISP;0.943
259.50	265.50	LISP;0.705
64.50	67.50	MOCH;0.670
0.00	3.00	OROR;0.559
196.50	199.50	OROR;0.552
1.50	9.00	PISI;0.958
12.00	22.50	PISI;0.994
169.50	184.50	PISI;0.947
186.00	189.00	PISI;0.500
216.00	220.50	PISI;0.953
222.00	228.00	PISI;0.749
252.00	289.50	PISI;1.000
291.00	297.00	PISI;0.719
37.50	40.50	PUFI;0.529
147.00	150.00	PUFI;0.522
177.00	180.00	PUFI;0.560
184.50	187.50	PUFI;0.548
216.00	219.00	PUFI;0.616
184.50	187.50	REVI;0.523
234.00	237.00	REVI;0.527
12.00	15.00	ROWR;0.500
88.50	93.00	ROWR;0.995
102.00	106.50	ROWR;0.985
117.00	121.50	ROWR;0.990
132.00	135.00	ROWR;0.500
147.00	150.00	ROWR;0.500
163.50	168.00	ROWR;0.508
180.00	184.50	ROWR;0.500
213.00	217.50	ROWR;0.500
294.00	297.00	SAND;0.547
151.50	159.00	SOSP;0.861
168.00	171.00	SOSP;0.519
81.00	84.00	SPGR;0.525
43.50	46.50	SUTA;0.542
117.00	120.00	SUTA;0.513
75.00	79.50	TOSO;0.638
133.50	138.00	TOSO;0.795
175.50	178.50	TOSO;0.563
192.00	199.50	TOSO;0.726
201.00	207.00	TOSO;0.785
228.00	231.00	TOSO;0.568
246.00	249.00	TOSO;0.572
250.50	253.50	TRES;0.510
10.50	15.00	WCSP;0.500
66.00	69.00	WCSP;0.500
76.50	81.00	WCSP;0.987
156.00	163.50	WCSP;0.864
178.50	183.00	WCSP;0.500
189.00	193.50	WCSP;0.513
199.50	204.00	WCSP;0.546
217.50	222.00	WCSP;0.982
235.50	238.50	WCSP;0.616
243.00	247.50	WCSP;0.979
249.00	252.00	WCSP;0.500
256.50	261.00	WCSP;0.919
285.00	291.00	WCSP;0.991
295.50	300.00	WCSP;0.979
238.50	243.00	WIWR;0.627
