159.00	163.50	AMAV;0.619
25.50	28.50	AMDI;0.524
220.50	223.50	AMGP;0.505
75.00	79.50	AMRO;0.778
90.00	93.00	AMRO;0.577
468.00	471.00	AMRO;0.701
505.50	508.50	AMRO;0.589
532.50	535.50	AMRO;0.523
571.50	574.50	AMRO;0.540
583.50	586.50	AMRO;0.619
7.50	16.50	ATSP;0.771
18.00	22.50	ATSP;0.500
43.50	46.50	ATSP;0.500
216.00	219.00	ATSP;0.500
331.50	336.00	ATSP;0.500
345.00	349.50	ATSP;0.500
423.00	427.50	ATSP;0.700
508.50	513.00	ATSP;0.715
520.50	537.00	ATSP;0.787
565.50	570.00	ATSP;0.775
576.00	580.50	ATSP;0.500
586.50	591.00	ATSP;0.500
597.00	600.00	ATSP;0.500
250.50	253.50	BEWR;0.589
583.50	588.00	BTNW;0.745
234.00	237.00	BOWA;0.509
97.50	103.50	BRSP;0.637
289.50	294.00	BRSP;0.627
346.50	351.00	BRSP;0.587
352.50	357.00	BRSP;0.664
415.50	418.50	BWHA;0.547
64.50	69.00	BRCR;0.592
430.50	433.50	BRCR;0.806
520.50	526.50	BRCR;0.774
4.50	9.00	CHSW;0.740
94.50	99.00	CHSW;0.580
102.00	106.50	CHSW;0.661
150.00	153.00	CHSW;0.547
157.50	160.50	CHSW;0.507
162.00	165.00	CHSW;0.625
169.50	174.00	CHSW;0.647
214.50	219.00	CHSW;0.733
220.50	225.00	CHSW;0.575
276.00	280.50	CHSW;0.639
349.50	354.00	CHSW;0.575
357.00	360.00	CHSW;0.593
442.50	447.00	CHSW;0.857
457.50	460.50	CHSW;0.542
487.50	490.50	CHSW;0.675
507.00	511.50	CHSW;0.798
522.00	526.50	CHSW;0.736
586.50	591.00	CHSW;0.661
97.50	102.00	CHSP;0.575
109.50	112.50	CHSP;0.547
204.00	208.50	CHSP;0.767
288.00	291.00	CHSP;0.535
297.00	301.50	CHSP;0.832
334.50	339.00	CHSP;0.763
346.50	349.50	CHSP;0.598
343.50	348.00	CCSP;0.795
375.00	378.00	CCSP;0.607
246.00	249.00	EAKI;0.564
520.50	523.50	FISP;0.623
199.50	204.00	FOSP;0.947
216.00	220.50	FOSP;0.775
7.50	12.00	GCSP;0.500
21.00	25.50	GCSP;0.903
33.00	37.50	GCSP;0.500
85.50	90.00	GCSP;0.736
97.50	102.00	GCSP;0.500
112.50	118.50	GCSP;0.500
255.00	259.50	GCSP;0.564
270.00	274.50	GCSP;0.860
280.50	285.00	GCSP;0.500
292.50	295.50	GCSP;0.500
306.00	309.00	GCSP;0.500
319.50	324.00	GCSP;0.631
330.00	334.50	GCSP;0.659
339.00	343.50	GCSP;0.510
351.00	354.00	GCSP;0.500
363.00	367.50	GCSP;0.552
372.00	375.00	GCSP;0.500
388.50	393.00	GCSP;0.500
399.00	403.50	GCSP;0.500
412.50	415.50	GCSP;0.500
481.50	484.50	GCSP;0.524
493.50	496.50	GCSP;0.500
514.50	517.50	GCSP;0.807
526.50	531.00	GCSP;0.500
540.00	544.50	GCSP;0.833
579.00	583.50	GCSP;0.500
592.50	597.00	GCSP;0.500
468.00	471.00	GRCA;0.669
339.00	342.00	HASP;0.520
9.00	13.50	LISP;0.939
42.00	45.00	LISP;0.835
58.50	63.00	LISP;0.963
73.50	78.00	LISP;0.962
88.50	96.00	LISP;0.976
106.50	111.00	LISP;0.869
117.00	121.50	LISP;0.673
124.50	127.50	LISP;0.500
139.50	142.50	LISP;0.500
154.50	162.00	LISP;0.992
166.50	171.00	LISP;0.990
178.50	183.00	LISP;0.988
190.50	195.00	LISP;0.980
202.50	207.00	LISP;0.894
247.50	256.50	LISP;0.983
267.00	271.50	LISP;0.928
279.00	283.50	LISP;0.976
354.00	357.00	LISP;0.500
367.50	372.00	LISP;0.981
387.00	391.50	LISP;0.757
409.50	414.00	LISP;0.654
418.50	423.00	LISP;0.598
427.50	432.00	LISP;0.997
439.50	444.00	LISP;0.987
451.50	457.50	LISP;0.991
465.00	469.50	LISP;0.986
477.00	483.00	LISP;0.992
490.50	495.00	LISP;0.991
502.50	508.50	LISP;0.991
517.50	522.00	LISP;0.978
529.50	534.00	LISP;0.979
543.00	547.50	LISP;0.988
556.50	561.00	LISP;0.962
568.50	573.00	LISP;0.980
580.50	586.50	LISP;0.987
594.00	598.50	LISP;0.973
189.00	192.00	LOSH;0.725
31.50	36.00	MGWA;0.989
172.50	177.00	MOCH;0.681
436.50	441.00	MOCH;0.916
457.50	460.50	MOCH;0.536
333.00	337.50	OCWA;0.881
447.00	450.00	PAWR;0.548
573.00	576.00	PAWR;0.670
345.00	349.50	PAWA;0.682
424.50	429.00	PAWA;0.792
447.00	450.00	PAWA;0.524
469.50	472.50	PAWA;0.577
13.50	76.50	PISI;0.998
78.00	87.00	PISI;0.923
106.50	157.50	PISI;0.999
193.50	205.50	PISI;0.991
222.00	267.00	PISI;0.999
307.50	336.00	PISI;0.998
351.00	354.00	PISI;0.500
357.00	424.50	PISI;0.999
496.50	505.50	PISI;0.998
510.00	517.50	PISI;0.536
519.00	523.50	PISI;0.711
525.00	529.50	PISI;0.783
546.00	576.00	PISI;0.997
582.00	586.50	PISI;0.500
591.00	600.00	PISI;0.894
478.50	483.00	PUFI;0.873
505.50	508.50	PUFI;0.531
532.50	535.50	PUFI;0.666
546.00	549.00	PUFI;0.583
558.00	561.00	PUFI;0.617
231.00	234.00	RWBL;0.508
9.00	13.50	ROWR;0.652
24.00	27.00	ROWR;0.500
40.50	45.00	ROWR;0.629
105.00	109.50	ROWR;0.964
127.50	130.50	ROWR;0.500
177.00	180.00	ROWR;0.956
190.50	193.50	ROWR;0.500
204.00	207.00	ROWR;0.500
252.00	256.50	ROWR;0.865
268.50	271.50	ROWR;0.557
352.50	357.00	ROWR;0.500
366.00	370.50	ROWR;0.939
409.50	417.00	ROWR;0.628
484.50	487.50	ROWR;0.500
496.50	499.50	ROWR;0.500
507.00	513.00	ROWR;0.500
118.50	121.50	RUHU;0.544
574.50	579.00	SAVS;0.688
300.00	303.00	SNBU;0.550
345.00	348.00	SOSP;0.677
402.00	405.00	SOSP;0.528
0.00	3.00	SWSP;0.538
4.50	9.00	SWSP;0.581
12.00	15.00	SWSP;0.500
37.50	42.00	SWSP;0.500
63.00	66.00	SWSP;0.500
75.00	79.50	SWSP;0.696
82.50	87.00	SWSP;0.500
94.50	99.00	SWSP;0.727
102.00	106.50	SWSP;0.500
139.50	144.00	SWSP;0.500
156.00	160.50	SWSP;0.807
162.00	168.00	SWSP;0.903
169.50	174.00	SWSP;0.500
177.00	181.50	SWSP;0.544
183.00	189.00	SWSP;0.815
193.50	198.00	SWSP;0.590
207.00	211.50	SWSP;0.632
214.50	217.50	SWSP;0.500
220.50	225.00	SWSP;0.596
226.50	229.50	SWSP;0.500
241.50	244.50	SWSP;0.500
255.00	259.50	SWSP;0.583
268.50	273.00	SWSP;0.852
276.00	280.50	SWSP;0.830
291.00	295.50	SWSP;0.844
298.50	303.00	SWSP;0.596
357.00	361.50	SWSP;0.500
372.00	376.50	SWSP;0.676
385.50	390.00	SWSP;0.666
421.50	426.00	SWSP;0.761
435.00	442.50	SWSP;0.721
444.00	454.50	SWSP;0.881
457.50	463.50	SWSP;0.994
469.50	477.00	SWSP;0.988
480.00	483.00	SWSP;0.500
486.00	490.50	SWSP;0.731
493.50	505.50	SWSP;0.884
507.00	511.50	SWSP;0.514
514.50	519.00	SWSP;0.642
537.00	541.50	SWSP;0.631
552.00	556.50	SWSP;0.586
391.50	394.50	TOWA;0.532
310.50	313.50	TRES;0.519
577.50	582.00	VASW;0.748
315.00	318.00	VESP;0.528
37.50	40.50	VGSW;0.677
115.50	118.50	VGSW;0.509
321.00	324.00	VGSW;0.507
358.50	361.50	VGSW;0.519
18.00	21.00	WEFL;0.566
64.50	72.00	WEFL;0.632
330.00	342.00	WEFL;0.930
508.50	511.50	WEFL;0.541
532.50	537.00	WEFL;0.855
12.00	18.00	WCSP;0.699
99.00	102.00	WCSP;0.558
114.00	117.00	WCSP;0.515
187.50	192.00	WCSP;0.852
211.50	214.50	WCSP;0.500
235.50	238.50	WCSP;0.500
271.50	274.50	WCSP;0.606
282.00	286.50	WCSP;0.986
292.50	298.50	WCSP;0.990
306.00	310.50	WCSP;0.997
319.50	324.00	WCSP;0.834
330.00	334.50	WCSP;0.907
339.00	345.00	WCSP;0.989
351.00	355.50	WCSP;0.959
364.50	369.00	WCSP;0.995
376.50	382.50	WCSP;0.993
390.00	393.00	WCSP;0.939
400.50	405.00	WCSP;0.728
412.50	420.00	WCSP;0.896
429.00	433.50	WCSP;0.500
442.50	445.50	WCSP;0.666
454.50	459.00	WCSP;0.977
469.50	474.00	WCSP;0.754
481.50	487.50	WCSP;0.995
493.50	499.50	WCSP;0.990
504.00	508.50	WCSP;0.914
516.00	520.50	WCSP;0.921
528.00	532.50	WCSP;0.971
541.50	546.00	WCSP;0.988
555.00	559.50	WCSP;0.948
579.00	588.00	WCSP;0.981
592.50	597.00	WCSP;0.500
7.50	10.50	WTSP;0.662
255.00	259.50	WTSP;0.751
270.00	273.00	WTSP;0.830
441.00	444.00	WTSP;0.620
592.50	597.00	WTSP;0.606
84.00	87.00	WIWA;0.641
42.00	46.50	WIWR;0.620
