178.50	181.50	AMDI;0.790
216.00	219.00	AMDI;0.575
1.50	13.50	AMRO;0.972
16.50	28.50	AMRO;0.978
30.00	40.50	AMRO;0.590
42.00	49.50	AMRO;0.538
51.00	54.00	AMRO;0.500
55.50	114.00	AMRO;0.981
121.50	129.00	AMRO;0.557
132.00	136.50	AMRO;0.851
145.50	157.50	AMRO;0.539
159.00	175.50	AMRO;0.910
177.00	190.50	AMRO;0.533
193.50	198.00	AMRO;0.720
202.50	207.00	AMRO;0.658
211.50	220.50	AMRO;0.573
225.00	228.00	AMRO;0.500
231.00	246.00	AMRO;0.808
247.50	252.00	AMRO;0.500
267.00	271.50	AMRO;0.567
274.50	282.00	AMRO;0.956
286.50	300.00	AMRO;0.595
124.50	127.50	BAOR;0.569
150.00	153.00	BAOR;0.573
180.00	183.00	BAOR;0.694
186.00	189.00	BAOR;0.616
291.00	294.00	BAOR;0.579
256.50	259.50	BRSP;0.597
229.50	232.50	BUOR;0.519
223.50	226.50	CHSW;0.671
1.50	6.00	DEJU;0.553
52.50	55.50	DEJU;0.584
76.50	81.00	EABL;0.698
172.50	175.50	EAME;0.553
30.00	33.00	EATO;0.660
4.50	9.00	FISP;0.727
141.00	144.00	FISP;0.514
196.50	199.50	FISP;0.501
0.00	4.50	FOSP;0.500
34.50	37.50	FOSP;0.500
48.00	52.50	FOSP;0.629
70.50	73.50	FOSP;0.500
108.00	112.50	FOSP;0.500
115.50	121.50	FOSP;0.842
127.50	135.00	FOSP;0.620
136.50	141.00	FOSP;0.741
154.50	159.00	FOSP;0.855
163.50	168.00	FOSP;0.847
172.50	177.00	FOSP;0.939
207.00	211.50	FOSP;0.748
219.00	223.50	FOSP;0.815
237.00	241.50	FOSP;0.644
43.50	46.50	GCSP;0.883
52.50	55.50	GCSP;0.622
106.50	109.50	GCSP;0.506
136.50	139.50	GCSP;0.546
189.00	192.00	GCSP;0.545
198.00	201.00	GCSP;0.528
205.50	208.50	GCSP;0.679
250.50	253.50	GWTE;0.510
102.00	105.00	HETH;0.741
25.50	30.00	HOLA;0.746
189.00	192.00	LASP;0.607
204.00	207.00	LASP;0.667
0.00	7.50	LISP;0.618
12.00	16.50	LISP;0.606
24.00	34.50	LISP;0.916
40.50	45.00	LISP;0.500
52.50	55.50	LISP;0.500
66.00	70.50	LISP;0.958
78.00	82.50	LISP;0.500
91.50	97.50	LISP;0.847
105.00	111.00	LISP;0.804
120.00	123.00	LISP;0.535
132.00	136.50	LISP;0.575
147.00	150.00	LISP;0.789
160.50	165.00	LISP;0.897
177.00	180.00	LISP;0.500
187.50	193.50	LISP;0.500
202.50	207.00	LISP;0.720
217.50	220.50	LISP;0.500
7.50	10.50	MOCH;0.572
280.50	285.00	OSFL;0.731
289.50	292.50	OCWA;0.561
156.00	159.00	PHVI;0.506
133.50	138.00	PUFI;0.666
145.50	148.50	PUFI;0.537
157.50	160.50	REVI;0.527
82.50	85.50	RBGR;0.550
139.50	142.50	RUBL;0.619
147.00	150.00	SAPH;0.502
192.00	195.00	SBDO;0.630
237.00	240.00	SBDO;0.545
243.00	246.00	SBDO;0.500
0.00	4.50	SNBU;0.642
130.50	133.50	SNBU;0.629
145.50	148.50	SNBU;0.631
39.00	42.00	SWSP;0.696
54.00	58.50	SWSP;0.711
76.50	79.50	SWSP;0.614
81.00	85.50	SWSP;0.849
4.50	7.50	TOSO;0.500
40.50	46.50	TOSO;0.526
63.00	67.50	TOSO;0.500
78.00	84.00	TOSO;0.527
85.50	90.00	TOSO;0.527
106.50	109.50	TOSO;0.500
114.00	117.00	TOSO;0.500
120.00	126.00	TOSO;0.547
127.50	132.00	TOSO;0.500
133.50	139.50	TOSO;0.756
142.50	147.00	TOSO;0.500
148.50	156.00	TOSO;0.855
165.00	169.50	TOSO;0.500
175.50	181.50	TOSO;0.500
183.00	189.00	TOSO;0.518
202.50	210.00	TOSO;0.754
214.50	219.00	TOSO;0.500
225.00	229.50	TOSO;0.500
243.00	246.00	TOSO;0.500
261.00	267.00	TOSO;0.500
286.50	297.00	TOSO;0.500
6.00	13.50	WCSP;0.969
19.50	22.50	WCSP;0.500
25.50	30.00	WCSP;0.718
31.50	40.50	WCSP;0.623
43.50	48.00	WCSP;0.876
55.50	63.00	WCSP;0.731
94.50	99.00	WCSP;0.940
102.00	111.00	WCSP;0.500
112.50	117.00	WCSP;0.896
127.50	135.00	WCSP;0.500
141.00	145.50	WCSP;0.682
157.50	160.50	WCSP;0.953
163.50	168.00	WCSP;0.835
174.00	180.00	WCSP;0.952
186.00	193.50	WCSP;0.798
196.50	204.00	WCSP;0.890
205.50	211.50	WCSP;0.500
213.00	217.50	WCSP;0.500
219.00	231.00	WCSP;0.986
232.50	237.00	WCSP;0.958
241.50	244.50	WCSP;0.843
250.50	259.50	WCSP;0.996
261.00	298.50	WCSP;0.995
3.00	7.50	WTSP;0.914
15.00	22.50	WTSP;0.987
27.00	30.00	WTSP;0.500
42.00	45.00	WTSP;0.674
52.50	58.50	WTSP;0.861
63.00	69.00	WTSP;0.990
70.50	78.00	WTSP;0.988
79.50	94.50	WTSP;0.995
97.50	103.50	WTSP;0.971
106.50	118.50	WTSP;0.853
136.50	139.50	WTSP;0.500
156.00	159.00	WTSP;0.654
190.50	193.50	WTSP;0.500
196.50	202.50	WTSP;0.794
216.00	219.00	WTSP;0.500
250.50	255.00	WTSP;0.500
261.00	264.00	WTSP;0.500
280.50	283.50	WTSP;0.500
288.00	292.50	WTSP;0.500
295.50	300.00	WTSP;0.621
37.50	42.00	WIWA;0.829
45.00	49.50	WIWA;0.936
54.00	66.00	WIWA;0.886
69.00	82.50	WIWA;0.978
88.50	94.50	WIWA;0.936
96.00	106.50	WIWA;0.996
109.50	115.50	WIWA;0.991
117.00	129.00	WIWA;0.988
133.50	136.50	WIWA;0.820
148.50	154.50	WIWA;0.946
157.50	162.00	WIWA;0.974
165.00	171.00	WIWA;0.984
174.00	178.50	WIWA;0.979
181.50	186.00	WIWA;0.980
211.50	216.00	WIWA;0.924
219.00	222.00	WIWA;0.500
225.00	229.50	WIWA;0.959
231.00	244.50	WIWA;0.992
246.00	252.00	WIWA;0.948
256.50	262.50	WIWA;0.969
265.50	283.50	WIWA;0.987
286.50	292.50	WIWA;0.967
