37.50	40.50	AMDI;0.547
229.50	232.50	AMDI;0.751
277.50	280.50	AMGP;0.601
121.50	124.50	ATSP;0.506
75.00	78.00	BEWR;0.615
174.00	177.00	BEWR;0.546
63.00	66.00	BCCH;0.538
171.00	174.00	BHVI;0.523
61.50	66.00	BOWA;0.634
130.50	135.00	BRSP;0.662
270.00	274.50	CAFI;0.776
46.50	49.50	CCSP;0.676
283.50	286.50	COHA;0.512
16.50	19.50	EAME;0.714
165.00	168.00	EATO;0.710
175.50	178.50	EATO;0.661
276.00	279.00	EATO;0.532
157.50	160.50	FISP;0.609
207.00	210.00	FISP;0.621
4.50	7.50	FOSP;0.500
16.50	22.50	FOSP;0.946
30.00	34.50	FOSP;0.819
36.00	40.50	FOSP;0.729
49.50	55.50	FOSP;0.692
58.50	64.50	FOSP;0.907
72.00	76.50	FOSP;0.780
78.00	85.50	FOSP;0.500
87.00	91.50	FOSP;0.726
100.50	105.00	FOSP;0.779
117.00	121.50	FOSP;0.686
132.00	136.50	FOSP;0.701
151.50	157.50	FOSP;0.924
169.50	177.00	FOSP;0.866
183.00	187.50	FOSP;0.576
193.50	198.00	FOSP;0.662
201.00	205.50	FOSP;0.546
211.50	217.50	FOSP;0.804
220.50	225.00	FOSP;0.524
234.00	238.50	FOSP;0.829
240.00	244.50	FOSP;0.832
250.50	255.00	FOSP;0.699
261.00	265.50	FOSP;0.500
268.50	271.50	FOSP;0.500
297.00	300.00	FOSP;0.500
0.00	3.00	GCSP;0.500
4.50	9.00	GCSP;0.961
25.50	28.50	GCSP;0.500
33.00	37.50	GCSP;0.591
39.00	42.00	GCSP;0.500
43.50	51.00	GCSP;0.500
54.00	57.00	GCSP;0.510
60.00	64.50	GCSP;0.500
66.00	73.50	GCSP;0.713
76.50	79.50	GCSP;0.513
84.00	87.00	GCSP;0.500
99.00	103.50	GCSP;0.833
112.50	117.00	GCSP;0.615
121.50	126.00	GCSP;0.500
135.00	142.50	GCSP;0.619
159.00	162.00	GCSP;0.500
181.50	186.00	GCSP;0.559
198.00	207.00	GCSP;0.573
210.00	213.00	GCSP;0.500
214.50	219.00	GCSP;0.500
223.50	229.50	GCSP;0.548
232.50	237.00	GCSP;0.875
238.50	241.50	GCSP;0.541
247.50	250.50	GCSP;0.559
252.00	256.50	GCSP;0.624
258.00	262.50	GCSP;0.526
264.00	267.00	GCSP;0.527
271.50	277.50	GCSP;0.805
285.00	289.50	GCSP;0.500
292.50	297.00	GCSP;0.500
181.50	184.50	HAWO;0.503
69.00	72.00	HASP;0.546
214.50	217.50	HASP;0.537
231.00	234.00	HASP;0.515
78.00	82.50	HOFI;0.614
37.50	40.50	LASP;0.550
120.00	123.00	LASP;0.679
88.50	93.00	LISP;0.866
94.50	102.00	LISP;0.919
108.00	114.00	LISP;0.500
120.00	124.50	LISP;0.860
135.00	138.00	LISP;0.500
141.00	148.50	LISP;0.757
171.00	178.50	LISP;0.566
187.50	192.00	LISP;0.602
201.00	205.50	LISP;0.500
237.00	240.00	LISP;0.609
255.00	258.00	LISP;0.500
262.50	265.50	LISP;0.500
276.00	279.00	LISP;0.500
297.00	300.00	LISP;0.544
49.50	54.00	MAMU;0.560
55.50	58.50	MOCH;0.531
63.00	69.00	MOCH;0.550
231.00	234.00	MOCH;0.545
237.00	240.00	MOCH;0.506
244.50	247.50	MOCH;0.612
255.00	259.50	MOCH;0.883
168.00	171.00	NOCA;0.665
267.00	270.00	OSFL;0.581
151.50	156.00	OROR;0.741
235.50	238.50	OROR;0.515
46.50	61.50	PISI;0.996
63.00	81.00	PISI;0.997
84.00	93.00	PISI;0.622
103.50	117.00	PISI;0.999
123.00	132.00	PISI;0.747
139.50	142.50	PISI;0.500
132.00	135.00	PROW;0.531
100.50	105.00	PUFI;0.606
133.50	138.00	PUFI;0.585
201.00	205.50	PUFI;0.608
220.50	223.50	PUFI;0.567
268.50	271.50	PUFI;0.514
297.00	300.00	PUFI;0.596
81.00	84.00	REVI;0.696
22.50	25.50	ROWR;0.751
180.00	184.50	RUTU;0.865
207.00	211.50	SAPH;0.883
82.50	90.00	SNBU;0.617
147.00	150.00	SNBU;0.536
220.50	223.50	SNBU;0.866
117.00	121.50	SOSP;0.558
130.50	133.50	SOSP;0.531
79.50	82.50	VATH;0.573
162.00	165.00	WEWP;0.542
0.00	3.00	WCSP;0.846
4.50	10.50	WCSP;0.992
12.00	49.50	WCSP;0.985
51.00	57.00	WCSP;0.723
60.00	66.00	WCSP;0.536
67.50	72.00	WCSP;0.642
76.50	118.50	WCSP;0.993
120.00	133.50	WCSP;0.939
135.00	142.50	WCSP;0.972
148.50	157.50	WCSP;0.958
159.00	163.50	WCSP;0.963
172.50	177.00	WCSP;0.695
187.50	190.50	WCSP;0.500
192.00	208.50	WCSP;0.994
211.50	220.50	WCSP;0.939
223.50	235.50	WCSP;0.988
238.50	243.00	WCSP;0.925
246.00	252.00	WCSP;0.991
253.50	256.50	WCSP;0.500
258.00	267.00	WCSP;0.976
271.50	277.50	WCSP;0.780
282.00	289.50	WCSP;0.990
294.00	300.00	WCSP;0.985
0.00	7.50	WTSP;0.990
10.50	15.00	WTSP;0.947
21.00	30.00	WTSP;0.986
31.50	37.50	WTSP;0.991
40.50	48.00	WTSP;0.957
61.50	64.50	WTSP;0.523
69.00	73.50	WTSP;0.500
76.50	87.00	WTSP;0.757
88.50	99.00	WTSP;0.888
105.00	115.50	WTSP;0.800
120.00	129.00	WTSP;0.953
136.50	139.50	WTSP;0.500
154.50	166.50	WTSP;0.963
175.50	180.00	WTSP;0.500
184.50	190.50	WTSP;0.991
198.00	210.00	WTSP;0.885
214.50	219.00	WTSP;0.500
223.50	229.50	WTSP;0.642
231.00	235.50	WTSP;0.625
241.50	249.00	WTSP;0.846
252.00	261.00	WTSP;0.673
264.00	270.00	WTSP;0.993
271.50	277.50	WTSP;0.633
279.00	285.00	WTSP;0.991
286.50	295.50	WTSP;0.986
