0.00	3.00	AMDI;0.718
493.50	498.00	AMDI;0.581
304.50	307.50	AMRO;0.503
462.00	466.50	AMRO;0.904
468.00	471.00	BLOY;0.513
9.00	13.50	BRSP;0.653
243.00	246.00	BRSP;0.539
514.50	517.50	BRSP;0.611
582.00	585.00	BRSP;0.648
253.50	256.50	CAFI;0.653
579.00	582.00	CAFI;0.532
49.50	52.50	CHSP;0.500
111.00	118.50	CHSP;0.990
214.50	220.50	CHSP;0.834
241.50	246.00	CHSP;0.908
261.00	264.00	CHSP;0.836
274.50	277.50	CHSP;0.731
280.50	286.50	CHSP;0.990
294.00	298.50	CHSP;0.916
357.00	363.00	CHSP;0.929
372.00	378.00	CHSP;0.992
471.00	477.00	CHSP;0.989
486.00	492.00	CHSP;0.976
499.50	504.00	CHSP;0.956
505.50	511.50	CHSP;0.984
514.50	520.50	CHSP;0.988
525.00	531.00	CHSP;0.926
537.00	543.00	CHSP;0.977
549.00	555.00	CHSP;0.985
559.50	565.50	CHSP;0.990
570.00	576.00	CHSP;0.922
582.00	588.00	CHSP;0.969
591.00	597.00	CHSP;0.987
322.50	325.50	CCSP;0.507
366.00	369.00	CCSP;0.650
555.00	559.50	CCSP;0.562
303.00	306.00	DEJU;0.525
568.50	571.50	EAME;0.573
295.50	300.00	EATO;0.589
564.00	568.50	EATO;0.515
4.50	9.00	FOSP;0.965
16.50	22.50	FOSP;0.987
244.50	250.50	FOSP;0.936
256.50	262.50	FOSP;0.936
271.50	276.00	FOSP;0.987
283.50	288.00	FOSP;0.917
277.50	280.50	GCSP;0.574
324.00	327.00	GCSP;0.566
406.50	409.50	GCSP;0.507
303.00	306.00	GWTE;0.625
226.50	231.00	HASP;0.586
504.00	507.00	HASP;0.842
250.50	255.00	HETH;0.583
415.50	418.50	HETH;0.538
9.00	13.50	LISP;0.646
21.00	24.00	LISP;0.500
31.50	34.50	LISP;0.500
109.50	112.50	LISP;0.500
252.00	256.50	LISP;0.767
295.50	306.00	LISP;0.827
309.00	312.00	LISP;0.881
315.00	319.50	LISP;0.544
349.50	352.50	LISP;0.500
382.50	387.00	LISP;0.928
454.50	459.00	LISP;0.752
468.00	472.50	LISP;0.715
481.50	486.00	LISP;0.808
495.00	499.50	LISP;0.921
508.50	513.00	LISP;0.651
520.50	525.00	LISP;0.736
534.00	538.50	LISP;0.846
579.00	583.50	LISP;0.500
595.50	600.00	LISP;0.817
3.00	6.00	MOCH;0.500
66.00	69.00	MOCH;0.823
90.00	96.00	MOCH;0.500
150.00	154.50	MOCH;0.725
163.50	166.50	MOCH;0.801
220.50	226.50	MOCH;0.500
228.00	231.00	MOCH;0.500
250.50	255.00	MOCH;0.618
276.00	280.50	MOCH;0.947
325.50	328.50	MOCH;0.500
405.00	409.50	MOCH;0.500
417.00	427.50	MOCH;0.714
492.00	495.00	MOCH;0.570
513.00	516.00	MOCH;0.500
541.50	544.50	MOCH;0.500
564.00	567.00	MOCH;0.500
378.00	381.00	NESP;0.557
244.50	247.50	NOCA;0.528
223.50	226.50	PHVI;0.612
234.00	237.00	PHVI;0.609
453.00	456.00	PHVI;0.623
534.00	537.00	PHVI;0.507
586.50	591.00	PISI;0.953
558.00	562.50	PRAW;0.650
4.50	7.50	PUFI;0.539
244.50	247.50	PUFI;0.650
460.50	463.50	PUFI;0.627
244.50	247.50	RECR;0.516
594.00	597.00	RECR;0.590
561.00	564.00	REDP;0.532
225.00	229.50	SAND;0.587
0.00	3.00	TOSO;0.556
13.50	18.00	TOSO;0.702
309.00	313.50	TOSO;0.626
58.50	63.00	VATH;0.500
84.00	88.50	VATH;0.703
109.50	112.50	VATH;0.500
214.50	219.00	VATH;0.994
222.00	225.00	VATH;0.500
240.00	244.50	VATH;0.939
249.00	253.50	VATH;0.803
255.00	258.00	VATH;0.845
262.50	267.00	VATH;0.893
268.50	273.00	VATH;0.981
298.50	303.00	VATH;0.734
310.50	315.00	VATH;0.873
318.00	322.50	VATH;0.770
336.00	340.50	VATH;0.500
352.50	357.00	VATH;0.943
361.50	370.50	VATH;0.739
373.50	378.00	VATH;0.994
379.50	384.00	VATH;0.805
393.00	399.00	VATH;0.986
402.00	405.00	VATH;0.500
415.50	420.00	VATH;0.653
424.50	427.50	VATH;0.500
435.00	439.50	VATH;0.954
489.00	493.50	VATH;0.688
502.50	508.50	VATH;0.991
513.00	516.00	VATH;0.500
522.00	534.00	VATH;0.869
535.50	540.00	VATH;0.619
544.50	549.00	VATH;0.500
552.00	556.50	VATH;0.928
558.00	562.50	VATH;0.886
565.50	570.00	VATH;0.670
574.50	577.50	VATH;0.500
582.00	586.50	VATH;0.875
589.50	594.00	VATH;0.892
220.50	225.00	WTSP;0.950
226.50	231.00	WTSP;0.724
303.00	306.00	WTSP;0.693
406.50	409.50	WTSP;0.506
558.00	562.50	WTSP;0.553
367.50	372.00	WIWA;0.857
