366.00	369.00	AMAV;0.597
396.00	399.00	AMAV;0.537
201.00	204.00	AMDI;0.568
379.50	382.50	AMDI;0.527
381.00	384.00	AMGP;0.588
409.50	412.50	AMGP;0.550
451.50	454.50	AMRO;0.554
528.00	531.00	AMRO;0.694
544.50	547.50	AMRO;0.507
483.00	486.00	ATSP;0.668
490.50	499.50	ATSP;0.971
457.50	460.50	BCCH;0.511
585.00	589.50	BCCH;0.899
228.00	232.50	BLPW;0.770
138.00	142.50	CAFI;0.659
321.00	325.50	CAFI;0.554
355.50	358.50	CAFI;0.648
361.50	364.50	CAFI;0.728
397.50	400.50	CAFI;0.757
541.50	546.00	CAFI;0.971
573.00	576.00	CAFI;0.618
489.00	492.00	DEJU;0.513
559.50	562.50	DEJU;0.756
141.00	144.00	EAKI;0.759
105.00	108.00	FISP;0.541
489.00	493.50	FISP;0.602
438.00	441.00	GRCA;0.808
10.50	15.00	HETH;0.602
138.00	141.00	HETH;0.512
55.50	58.50	HOLA;0.687
387.00	390.00	HOLA;0.612
0.00	3.00	HOWR;0.759
7.50	10.50	KILL;0.516
238.50	241.50	KILL;0.588
207.00	210.00	LAZB;0.529
1.50	6.00	LISP;0.836
16.50	21.00	LISP;0.960
22.50	27.00	LISP;0.747
31.50	37.50	LISP;0.986
46.50	51.00	LISP;0.995
52.50	57.00	LISP;0.504
63.00	72.00	LISP;0.950
73.50	76.50	LISP;0.500
81.00	85.50	LISP;0.959
90.00	99.00	LISP;0.774
100.50	108.00	LISP;0.994
115.50	118.50	LISP;0.595
121.50	126.00	LISP;0.964
127.50	130.50	LISP;0.500
139.50	147.00	LISP;0.856
150.00	154.50	LISP;0.693
160.50	168.00	LISP;0.903
177.00	181.50	LISP;0.882
189.00	193.50	LISP;0.938
196.50	199.50	LISP;0.519
201.00	205.50	LISP;0.671
211.50	216.00	LISP;0.847
277.50	282.00	LISP;0.567
292.50	300.00	LISP;0.684
316.50	319.50	LISP;0.938
322.50	325.50	LISP;0.500
333.00	339.00	LISP;0.865
348.00	351.00	LISP;0.618
357.00	361.50	LISP;0.718
363.00	367.50	LISP;0.772
369.00	373.50	LISP;0.532
378.00	382.50	LISP;0.500
393.00	397.50	LISP;0.888
399.00	403.50	LISP;0.743
411.00	415.50	LISP;0.548
421.50	426.00	LISP;0.573
435.00	439.50	LISP;0.849
448.50	454.50	LISP;0.633
463.50	469.50	LISP;0.930
475.50	480.00	LISP;0.851
481.50	486.00	LISP;0.828
487.50	490.50	LISP;0.920
498.00	501.00	LISP;0.522
507.00	516.00	LISP;0.941
529.50	532.50	LISP;0.589
543.00	547.50	LISP;0.926
556.50	561.00	LISP;0.966
574.50	579.00	LISP;0.996
592.50	597.00	LISP;0.943
30.00	34.50	MOCH;0.879
39.00	42.00	MOCH;0.629
315.00	318.00	MOCH;0.546
328.50	331.50	MOCH;0.823
84.00	87.00	MOWA;0.540
588.00	592.50	NOCA;0.843
183.00	187.50	NSHR;0.596
187.50	190.50	PHVI;0.635
7.50	12.00	PISI;0.989
21.00	25.50	PISI;0.985
49.50	54.00	PISI;0.916
55.50	58.50	PISI;0.500
61.50	81.00	PISI;0.995
111.00	115.50	PISI;0.654
177.00	181.50	PISI;0.638
276.00	295.50	PISI;0.996
300.00	309.00	PISI;0.711
417.00	421.50	PISI;0.776
433.50	436.50	PISI;0.500
453.00	457.50	PISI;0.859
459.00	477.00	PISI;0.980
507.00	511.50	PISI;0.798
528.00	532.50	PISI;0.654
561.00	573.00	PISI;0.971
498.00	501.00	PUFI;0.521
0.00	4.50	ROWR;0.500
15.00	18.00	ROWR;0.557
31.50	36.00	ROWR;0.506
45.00	48.00	ROWR;0.925
99.00	103.50	ROWR;0.778
183.00	187.50	ROWR;0.500
315.00	318.00	ROWR;0.658
331.50	336.00	ROWR;0.893
346.50	351.00	ROWR;0.961
363.00	367.50	ROWR;0.605
378.00	381.00	ROWR;0.668
393.00	396.00	ROWR;0.500
406.50	411.00	ROWR;0.500
421.50	424.50	ROWR;0.652
435.00	439.50	ROWR;0.935
486.00	489.00	ROWR;0.500
423.00	426.00	RUTU;0.606
46.50	51.00	RUGR;0.793
60.00	63.00	RUGR;0.610
477.00	480.00	RUGR;0.545
498.00	501.00	RUGR;0.595
502.50	505.50	RUGR;0.508
102.00	106.50	RUHU;0.723
132.00	135.00	RUHU;0.556
67.50	70.50	RUBL;0.675
424.50	429.00	SESA;0.603
448.50	453.00	SESA;0.845
57.00	61.50	SWTH;0.923
147.00	151.50	SWTH;0.963
154.50	159.00	SWTH;0.938
169.50	178.50	SWTH;0.992
193.50	198.00	SWTH;0.827
199.50	204.00	SWTH;0.500
208.50	213.00	SWTH;0.981
214.50	217.50	SWTH;0.500
42.00	46.50	SWSP;0.798
136.50	139.50	TOWA;0.597
75.00	78.00	VGSW;0.518
390.00	394.50	WEFL;0.972
483.00	486.00	WEFL;0.515
495.00	498.00	WEFL;0.678
10.50	15.00	WCSP;0.699
30.00	34.50	WCSP;0.521
40.50	45.00	WCSP;0.859
75.00	79.50	WCSP;0.614
136.50	139.50	WCSP;0.500
150.00	156.00	WCSP;0.731
165.00	174.00	WCSP;0.952
211.50	214.50	WCSP;0.500
216.00	219.00	WCSP;0.500
225.00	229.50	WCSP;0.571
247.50	252.00	WCSP;0.539
211.50	214.50	YRWA;0.557
