204.00	208.50	BCCH;0.614
0.00	3.00	BRSP;0.506
6.00	12.00	BRSP;0.500
13.50	19.50	BRSP;0.529
21.00	27.00	BRSP;0.500
28.50	31.50	BRSP;0.500
34.50	37.50	BRSP;0.760
42.00	46.50	BRSP;0.560
49.50	55.50	BRSP;0.756
57.00	63.00	BRSP;0.550
66.00	70.50	BRSP;0.511
72.00	76.50	BRSP;0.705
88.50	94.50	BRSP;0.500
97.50	103.50	BRSP;0.509
106.50	112.50	BRSP;0.744
115.50	121.50	BRSP;0.672
123.00	129.00	BRSP;0.689
132.00	136.50	BRSP;0.616
139.50	145.50	BRSP;0.571
150.00	153.00	BRSP;0.500
156.00	159.00	BRSP;0.500
163.50	169.50	BRSP;0.501
187.50	190.50	BRSP;0.500
192.00	195.00	BRSP;0.500
201.00	205.50	BRSP;0.500
210.00	214.50	BRSP;0.500
217.50	223.50	BRSP;0.583
225.00	229.50	BRSP;0.817
235.50	247.50	BRSP;0.540
252.00	256.50	BRSP;0.561
261.00	268.50	BRSP;0.668
271.50	276.00	BRSP;0.532
285.00	291.00	BRSP;0.500
294.00	298.50	BRSP;0.500
207.00	211.50	BRCR;0.571
4.50	7.50	BHCO;0.672
10.50	15.00	CHSW;0.720
87.00	91.50	CHSW;0.729
288.00	292.50	CHSW;0.749
0.00	3.00	CHSP;0.500
13.50	18.00	CHSP;0.683
21.00	27.00	CHSP;0.654
28.50	31.50	CHSP;0.500
34.50	39.00	CHSP;0.500
43.50	48.00	CHSP;0.642
49.50	54.00	CHSP;0.852
57.00	63.00	CHSP;0.916
66.00	70.50	CHSP;0.789
72.00	78.00	CHSP;0.571
81.00	87.00	CHSP;0.958
90.00	94.50	CHSP;0.645
99.00	103.50	CHSP;0.500
106.50	112.50	CHSP;0.746
115.50	121.50	CHSP;0.658
123.00	129.00	CHSP;0.826
132.00	136.50	CHSP;0.751
139.50	144.00	CHSP;0.661
147.00	153.00	CHSP;0.969
156.00	162.00	CHSP;0.956
163.50	169.50	CHSP;0.704
175.50	180.00	CHSP;0.781
184.50	189.00	CHSP;0.911
192.00	196.50	CHSP;0.799
202.50	205.50	CHSP;0.634
217.50	223.50	CHSP;0.936
226.50	231.00	CHSP;0.880
235.50	240.00	CHSP;0.634
241.50	247.50	CHSP;0.640
253.50	258.00	CHSP;0.956
262.50	267.00	CHSP;0.514
271.50	276.00	CHSP;0.709
279.00	282.00	CHSP;0.500
286.50	291.00	CHSP;0.833
294.00	298.50	CHSP;0.532
136.50	141.00	DEJU;0.621
232.50	235.50	DEJU;0.519
70.50	73.50	FISP;0.543
88.50	93.00	FISP;0.744
216.00	219.00	FISP;0.578
225.00	228.00	FISP;0.813
252.00	255.00	FISP;0.605
100.50	105.00	FOSP;0.957
6.00	9.00	GCSP;0.500
93.00	97.50	GCSP;0.978
105.00	109.50	GCSP;0.859
118.50	123.00	GCSP;0.961
133.50	138.00	GCSP;0.990
148.50	153.00	GCSP;0.879
165.00	169.50	GCSP;0.791
184.50	189.00	GCSP;0.933
198.00	202.50	GCSP;0.918
222.00	226.50	GCSP;0.990
234.00	238.50	GCSP;0.990
249.00	253.50	GCSP;0.990
262.50	265.50	GCSP;0.500
267.00	271.50	GCSP;0.962
279.00	283.50	GCSP;0.870
291.00	297.00	GCSP;0.994
216.00	219.00	HASP;0.502
142.50	145.50	HETH;0.560
234.00	237.00	LISP;0.611
24.00	31.50	MOCH;0.775
90.00	94.50	MOCH;0.694
105.00	109.50	MOCH;0.728
174.00	177.00	MOCH;0.660
204.00	208.50	MOCH;0.815
213.00	216.00	MOCH;0.620
283.50	286.50	MOCH;0.631
256.50	259.50	OCWA;0.764
294.00	298.50	OCWA;0.742
99.00	102.00	RECR;0.597
60.00	64.50	RUBL;0.911
205.50	208.50	SAVS;0.543
210.00	214.50	SAVS;0.850
39.00	45.00	SNBU;0.951
10.50	15.00	SWSP;0.706
45.00	49.50	SWSP;0.862
213.00	216.00	SWSP;0.532
201.00	205.50	WEFL;0.594
259.50	262.50	WEFL;0.609
261.00	264.00	WEWP;0.568
97.50	100.50	WCSP;0.500
190.50	195.00	WCSP;0.522
199.50	204.00	WCSP;0.500
213.00	219.00	WCSP;0.500
255.00	258.00	WCSP;0.500
267.00	285.00	WCSP;0.916
4.50	10.50	WTSP;0.977
12.00	16.50	WTSP;0.911
21.00	34.50	WTSP;0.991
43.50	49.50	WTSP;0.974
52.50	57.00	WTSP;0.886
88.50	93.00	WTSP;0.700
94.50	102.00	WTSP;0.994
130.50	135.00	WTSP;0.728
154.50	165.00	WTSP;0.983
172.50	177.00	WTSP;0.607
178.50	186.00	WTSP;0.996
193.50	201.00	WTSP;0.997
204.00	228.00	WTSP;0.879
237.00	243.00	WTSP;0.992
249.00	255.00	WTSP;0.895
262.50	267.00	WTSP;0.908
280.50	286.50	WTSP;0.910
297.00	300.00	WTSP;0.984
36.00	40.50	WIWA;0.974
54.00	58.50	WIWA;0.993
126.00	130.50	WIWA;0.949
213.00	216.00	WIWA;0.500
231.00	234.00	WIWA;0.567
64.50	73.50	YRWA;0.871
78.00	82.50	YRWA;0.979
168.00	172.50	YRWA;0.954
177.00	181.50	YRWA;0.800
189.00	193.50	YRWA;0.500
208.50	213.00	YRWA;0.806
283.50	288.00	YRWA;0.939
295.50	298.50	YRWA;0.500
