226.50	231.00	AMDI;0.723
207.00	210.00	AMGP;0.538
0.00	10.50	AMRO;0.992
12.00	117.00	AMRO;0.998
118.50	166.50	AMRO;0.995
168.00	172.50	AMRO;0.986
175.50	192.00	AMRO;0.982
193.50	220.50	AMRO;0.981
222.00	226.50	AMRO;0.982
232.50	264.00	AMRO;0.996
265.50	277.50	AMRO;0.987
279.00	298.50	AMRO;0.986
196.50	199.50	BAOR;0.675
6.00	10.50	BCCH;0.620
111.00	114.00	BCCH;0.578
234.00	237.00	BCCH;0.565
264.00	267.00	BCCH;0.550
3.00	7.50	BRSP;0.717
28.50	31.50	BRSP;0.556
52.50	57.00	BRSP;0.924
79.50	82.50	BRSP;0.776
9.00	12.00	CHSP;0.622
13.50	18.00	CHSP;0.770
36.00	39.00	CHSP;0.650
40.50	49.50	CHSP;0.804
58.50	61.50	CHSP;0.689
69.00	72.00	EAME;0.651
190.50	193.50	EATO;0.657
240.00	243.00	EATO;0.537
151.50	154.50	EAWP;0.502
186.00	190.50	EAWP;0.606
10.50	18.00	FOSP;0.863
25.50	30.00	FOSP;0.849
51.00	55.50	FOSP;0.960
63.00	67.50	FOSP;0.876
76.50	81.00	FOSP;0.609
94.50	99.00	FOSP;0.834
108.00	112.50	FOSP;0.896
124.50	130.50	FOSP;0.816
139.50	145.50	FOSP;0.888
154.50	160.50	FOSP;0.697
171.00	175.50	FOSP;0.500
202.50	205.50	FOSP;0.684
214.50	219.00	FOSP;0.984
228.00	232.50	FOSP;0.947
241.50	246.00	FOSP;0.972
261.00	265.50	FOSP;0.943
268.50	273.00	FOSP;0.971
274.50	286.50	FOSP;0.965
288.00	297.00	FOSP;0.945
9.00	13.50	GCSP;0.744
36.00	39.00	GCSP;0.500
48.00	52.50	GCSP;0.970
82.50	85.50	GCSP;0.500
87.00	94.50	GCSP;0.936
100.50	105.00	GCSP;0.984
117.00	120.00	GCSP;0.506
124.50	135.00	GCSP;0.556
154.50	159.00	GCSP;0.500
174.00	178.50	GCSP;0.721
190.50	195.00	GCSP;0.500
207.00	211.50	GCSP;0.923
229.50	235.50	GCSP;0.774
237.00	240.00	GCSP;0.500
258.00	262.50	GCSP;0.984
273.00	277.50	GCSP;0.925
286.50	291.00	GCSP;0.882
297.00	300.00	GCSP;0.500
18.00	22.50	GRYE;0.647
48.00	51.00	GWTE;0.507
127.50	130.50	GWTE;0.505
144.00	148.50	GWTE;0.632
219.00	222.00	GWTE;0.518
289.50	292.50	GWTE;0.508
40.50	45.00	HASP;0.761
96.00	100.50	HASP;0.688
114.00	118.50	HASP;0.792
208.50	213.00	HASP;0.549
219.00	222.00	HASP;0.720
16.50	19.50	HETH;0.500
30.00	37.50	HETH;0.937
54.00	57.00	HETH;0.500
73.50	79.50	HETH;0.725
90.00	93.00	HETH;0.500
111.00	114.00	HETH;0.500
135.00	141.00	HETH;0.799
142.50	201.00	HETH;0.999
264.00	267.00	HETH;0.500
288.00	291.00	HETH;0.500
171.00	174.00	LASP;0.607
30.00	33.00	MOCH;0.733
58.50	61.50	MOCH;0.543
73.50	76.50	MOCH;0.526
105.00	108.00	MOCH;0.551
132.00	135.00	MOCH;0.511
249.00	252.00	MOCH;0.559
253.50	258.00	MOCH;0.894
282.00	285.00	NOCA;0.561
247.50	250.50	PIGR;0.691
192.00	195.00	PUFI;0.522
213.00	216.00	PUFI;0.546
84.00	87.00	RUGR;0.571
267.00	270.00	RUGR;0.532
84.00	88.50	SWSP;0.589
217.50	220.50	SWSP;0.576
244.50	247.50	SWSP;0.505
22.50	25.50	TOSO;0.531
211.50	214.50	TOSO;0.514
0.00	7.50	WCSP;0.788
19.50	24.00	WCSP;0.983
28.50	31.50	WCSP;0.522
34.50	39.00	WCSP;0.722
69.00	72.00	WCSP;0.702
81.00	85.50	WCSP;0.866
106.50	123.00	WCSP;0.983
124.50	129.00	WCSP;0.500
132.00	136.50	WCSP;0.984
139.50	142.50	WCSP;0.529
190.50	195.00	WCSP;0.500
199.50	208.50	WCSP;0.987
220.50	225.00	WCSP;0.988
231.00	240.00	WCSP;0.980
250.50	259.50	WCSP;0.898
267.00	270.00	WCSP;0.881
271.50	276.00	WCSP;0.500
277.50	282.00	WCSP;0.959
283.50	288.00	WCSP;0.943
295.50	300.00	WCSP;0.999
1.50	4.50	WTSP;0.918
9.00	13.50	WTSP;0.573
40.50	45.00	WTSP;0.507
96.00	100.50	WTSP;0.711
115.50	120.00	WTSP;0.771
130.50	138.00	WTSP;0.619
147.00	150.00	WTSP;0.710
177.00	180.00	WTSP;0.507
210.00	213.00	WTSP;0.660
250.50	255.00	WTSP;0.908
265.50	268.50	WTSP;0.591
297.00	300.00	WTSP;0.635
106.50	109.50	WILL;0.606
264.00	267.00	WILL;0.502
85.50	88.50	WIWA;0.587
103.50	106.50	WIWA;0.542
121.50	124.50	WIWA;0.779
178.50	183.00	WIWA;0.668
207.00	211.50	WIWA;0.627
252.00	255.00	WOTH;0.510
