343.50	346.50	AMDI;0.707
391.50	396.00	AMDI;0.651
226.50	229.50	AMGP;0.544
0.00	9.00	AMRO;0.973
12.00	16.50	AMRO;0.541
22.50	27.00	AMRO;0.973
30.00	36.00	AMRO;0.993
37.50	45.00	AMRO;0.976
49.50	54.00	AMRO;0.954
57.00	61.50	AMRO;0.870
64.50	72.00	AMRO;0.800
73.50	79.50	AMRO;0.938
81.00	87.00	AMRO;0.910
88.50	96.00	AMRO;0.991
100.50	117.00	AMRO;0.980
120.00	124.50	AMRO;0.990
127.50	135.00	AMRO;0.939
136.50	165.00	AMRO;0.991
166.50	183.00	AMRO;0.998
186.00	192.00	AMRO;0.972
198.00	207.00	AMRO;0.990
213.00	220.50	AMRO;0.982
223.50	229.50	AMRO;0.981
232.50	241.50	AMRO;0.986
244.50	252.00	AMRO;0.994
261.00	268.50	AMRO;0.938
280.50	303.00	AMRO;0.975
306.00	312.00	AMRO;0.993
313.50	318.00	AMRO;0.716
321.00	330.00	AMRO;0.928
331.50	337.50	AMRO;0.804
339.00	345.00	AMRO;0.730
346.50	354.00	AMRO;0.948
357.00	369.00	AMRO;0.956
372.00	376.50	AMRO;0.988
378.00	387.00	AMRO;0.980
390.00	397.50	AMRO;0.500
402.00	406.50	AMRO;0.790
412.50	420.00	AMRO;0.981
421.50	433.50	AMRO;0.973
502.50	511.50	AMRO;0.988
516.00	528.00	AMRO;0.996
529.50	544.50	AMRO;0.995
549.00	556.50	AMRO;0.871
559.50	565.50	AMRO;0.993
570.00	576.00	AMRO;0.990
583.50	592.50	AMRO;0.993
196.50	201.00	ATSP;0.707
399.00	403.50	ATSP;0.570
97.50	100.50	BAEA;0.502
69.00	72.00	BAOR;0.861
451.50	454.50	BCCH;0.568
460.50	463.50	BCCH;0.733
72.00	75.00	BTNW;0.564
46.50	51.00	BLJA;0.696
43.50	48.00	BHVI;0.777
169.50	174.00	BHVI;0.748
217.50	222.00	BHVI;0.623
241.50	246.00	BHVI;0.901
469.50	472.50	BHVI;0.515
250.50	253.50	BOBO;0.531
273.00	277.50	BRBL;0.763
579.00	585.00	BRSP;0.933
508.50	511.50	BRTH;0.561
406.50	411.00	CAFI;0.646
483.00	486.00	CAFI;0.512
555.00	558.00	CAFI;0.517
253.50	256.50	CBCH;0.650
1.50	7.50	CHSW;0.943
10.50	15.00	CHSW;0.500
16.50	25.50	CHSW;0.500
28.50	33.00	CHSW;0.500
54.00	58.50	CHSW;0.500
61.50	66.00	CHSW;0.630
69.00	73.50	CHSW;0.720
81.00	84.00	CHSW;0.500
99.00	111.00	CHSW;0.786
118.50	123.00	CHSW;0.658
124.50	127.50	CHSW;0.500
138.00	141.00	CHSW;0.500
151.50	154.50	CHSW;0.500
171.00	177.00	CHSW;0.717
201.00	205.50	CHSW;0.500
207.00	211.50	CHSW;0.500
220.50	223.50	CHSW;0.628
225.00	228.00	CHSW;0.500
246.00	255.00	CHSW;0.939
256.50	262.50	CHSW;0.767
264.00	274.50	CHSW;0.500
276.00	280.50	CHSW;0.500
286.50	295.50	CHSW;0.585
325.50	333.00	CHSW;0.500
334.50	339.00	CHSW;0.526
342.00	346.50	CHSW;0.500
385.50	390.00	CHSW;0.500
400.50	405.00	CHSW;0.622
420.00	424.50	CHSW;0.500
426.00	429.00	CHSW;0.588
438.00	444.00	CHSW;0.500
460.50	463.50	CHSW;0.500
486.00	490.50	CHSW;0.500
498.00	504.00	CHSW;0.904
526.50	531.00	CHSW;0.500
535.50	538.50	CHSW;0.521
543.00	547.50	CHSW;0.506
556.50	559.50	CHSW;0.500
562.50	567.00	CHSW;0.731
582.00	586.50	CHSW;0.500
589.50	594.00	CHSW;0.554
595.50	600.00	CHSW;0.500
388.50	394.50	CHSP;0.797
580.50	583.50	CCSP;0.560
66.00	69.00	EATO;0.735
169.50	174.00	EATO;0.740
277.50	282.00	EATO;0.760
567.00	570.00	EATO;0.675
4.50	9.00	FOSP;0.500
13.50	18.00	FOSP;0.577
34.50	39.00	FOSP;0.762
51.00	55.50	FOSP;0.548
64.50	69.00	FOSP;0.552
117.00	121.50	FOSP;0.633
123.00	136.50	FOSP;0.832
147.00	150.00	FOSP;0.500
153.00	171.00	FOSP;0.930
181.50	193.50	FOSP;0.893
201.00	204.00	FOSP;0.536
217.50	226.50	FOSP;0.977
229.50	237.00	FOSP;0.947
240.00	244.50	FOSP;0.655
265.50	271.50	FOSP;0.762
279.00	282.00	FOSP;0.778
285.00	289.50	FOSP;0.500
295.50	298.50	FOSP;0.640
316.50	322.50	FOSP;0.953
369.00	372.00	FOSP;0.500
375.00	379.50	FOSP;0.718
388.50	393.00	FOSP;0.578
228.00	231.00	GCKI;0.640
6.00	10.50	GCSP;0.950
159.00	162.00	GRCA;0.566
178.50	181.50	GRCA;0.725
553.50	556.50	GRCA;0.505
39.00	42.00	GWTE;0.552
114.00	117.00	GWTE;0.503
187.50	192.00	GWTE;0.584
247.50	252.00	GWTE;0.522
264.00	267.00	GWTE;0.742
291.00	294.00	GWTE;0.537
340.50	345.00	GWTE;0.671
348.00	352.50	GWTE;0.571
381.00	385.50	GWTE;0.695
562.50	567.00	GWTE;0.607
585.00	589.50	GWTE;0.608
22.50	27.00	HETH;0.621
124.50	129.00	HETH;0.500
148.50	151.50	HETH;0.500
162.00	165.00	HETH;0.500
208.50	216.00	HETH;0.972
217.50	222.00	HETH;0.500
295.50	298.50	HETH;0.500
312.00	315.00	HETH;0.500
342.00	349.50	HETH;0.500
421.50	426.00	HETH;0.520
430.50	435.00	HETH;0.582
436.50	439.50	HETH;0.500
450.00	453.00	HETH;0.500
457.50	465.00	HETH;0.728
469.50	472.50	HETH;0.550
474.00	496.50	HETH;0.965
501.00	517.50	HETH;0.991
523.50	532.50	HETH;0.981
537.00	541.50	HETH;0.861
547.50	561.00	HETH;0.995
565.50	573.00	HETH;0.995
574.50	579.00	HETH;0.992
444.00	447.00	HOWA;0.548
487.50	493.50	HOWA;0.712
322.50	325.50	LISP;0.528
357.00	361.50	LISP;0.919
337.50	342.00	MAMU;0.685
94.50	99.00	MOCH;0.666
271.50	274.50	MOCH;0.528
345.00	349.50	MOCH;0.729
354.00	358.50	MOCH;0.514
450.00	454.50	MOCH;0.652
481.50	486.00	MOCH;0.802
487.50	492.00	MOCH;0.583
501.00	504.00	MOCH;0.550
537.00	540.00	MOCH;0.579
550.50	553.50	MOCH;0.552
556.50	561.00	MOCH;0.695
564.00	568.50	MOCH;0.754
232.50	235.50	NOWA;0.506
454.50	457.50	NOWA;0.505
411.00	414.00	OCWA;0.661
535.50	538.50	PHVI;0.503
60.00	63.00	PIGR;0.721
417.00	420.00	PIGR;0.626
130.50	157.50	PISI;0.999
333.00	343.50	PISI;0.981
378.00	390.00	PISI;0.993
393.00	402.00	PISI;0.997
462.00	472.50	PISI;0.996
486.00	492.00	PISI;0.706
391.50	396.00	PIWA;0.723
48.00	51.00	PUFI;0.553
297.00	300.00	PUFI;0.643
367.50	370.50	PUFI;0.571
366.00	370.50	REVI;0.593
391.50	394.50	REVI;0.518
405.00	408.00	REVI;0.736
555.00	558.00	REVI;0.595
402.00	405.00	RBGR;0.681
7.50	12.00	RUGR;0.668
226.50	229.50	RUGR;0.643
1.50	4.50	SOSP;0.500
43.50	46.50	SOSP;0.500
117.00	121.50	SOSP;0.963
123.00	136.50	SOSP;0.874
160.50	172.50	SOSP;0.922
180.00	186.00	SOSP;0.538
190.50	193.50	SOSP;0.500
201.00	210.00	SOSP;0.987
216.00	222.00	SOSP;0.884
226.50	238.50	SOSP;0.898
240.00	247.50	SOSP;0.534
276.00	279.00	SOSP;0.500
354.00	358.50	SOSP;0.500
477.00	480.00	SOSP;0.500
504.00	507.00	SOSP;0.500
210.00	214.50	SPGR;0.645
315.00	318.00	SUTA;0.540
552.00	555.00	SUTA;0.701
4.50	7.50	SWSP;0.500
10.50	13.50	SWSP;0.500
21.00	25.50	SWSP;0.509
28.50	33.00	SWSP;0.664
39.00	43.50	SWSP;0.500
46.50	49.50	SWSP;0.500
55.50	60.00	SWSP;0.500
61.50	66.00	SWSP;0.500
69.00	73.50	SWSP;0.500
75.00	79.50	SWSP;0.500
81.00	84.00	SWSP;0.500
88.50	94.50	SWSP;0.638
120.00	123.00	SWSP;0.500
138.00	141.00	SWSP;0.500
172.50	175.50	SWSP;0.500
202.50	205.50	SWSP;0.500
207.00	217.50	SWSP;0.930
219.00	223.50	SWSP;0.575
232.50	237.00	SWSP;0.500
240.00	244.50	SWSP;0.762
246.00	255.00	SWSP;0.500
256.50	262.50	SWSP;0.788
264.00	267.00	SWSP;0.500
283.50	286.50	SWSP;0.500
292.50	297.00	SWSP;0.605
307.50	310.50	SWSP;0.500
324.00	334.50	SWSP;0.582
385.50	391.50	SWSP;0.562
400.50	406.50	SWSP;0.509
411.00	415.50	SWSP;0.668
417.00	424.50	SWSP;0.863
435.00	444.00	SWSP;0.844
459.00	463.50	SWSP;0.684
487.50	490.50	SWSP;0.500
501.00	504.00	SWSP;0.500
526.50	531.00	SWSP;0.500
534.00	537.00	SWSP;0.500
543.00	546.00	SWSP;0.500
564.00	567.00	SWSP;0.500
591.00	594.00	SWSP;0.500
595.50	600.00	SWSP;0.709
9.00	12.00	TEWA;0.500
16.50	21.00	TEWA;0.500
54.00	57.00	TEWA;0.500
67.50	70.50	TEWA;0.500
87.00	90.00	TEWA;0.500
105.00	108.00	TEWA;0.500
151.50	156.00	TEWA;0.635
199.50	202.50	TEWA;0.528
244.50	247.50	TEWA;0.500
268.50	279.00	TEWA;0.753
280.50	286.50	TEWA;0.890
298.50	309.00	TEWA;0.968
310.50	315.00	TEWA;0.913
322.50	325.50	TEWA;0.500
348.00	360.00	TEWA;0.988
361.50	366.00	TEWA;0.988
367.50	373.50	TEWA;0.911
387.00	391.50	TEWA;0.572
406.50	412.50	TEWA;0.982
426.00	438.00	TEWA;0.934
444.00	450.00	TEWA;0.972
451.50	456.00	TEWA;0.970
471.00	477.00	TEWA;0.976
478.50	484.50	TEWA;0.972
492.00	498.00	TEWA;0.940
543.00	549.00	TEWA;0.544
570.00	574.50	TEWA;0.697
576.00	580.50	TEWA;0.952
582.00	586.50	TEWA;0.539
93.00	96.00	TOSO;0.651
294.00	297.00	TOSO;0.545
331.50	336.00	TOSO;0.642
25.50	28.50	TOWA;0.643
381.00	384.00	VGSW;0.623
172.50	175.50	WEFL;0.511
0.00	3.00	WCSP;0.983
24.00	28.50	WCSP;0.890
33.00	37.50	WCSP;0.965
42.00	46.50	WCSP;0.932
51.00	55.50	WCSP;0.809
63.00	67.50	WCSP;0.982
76.50	81.00	WCSP;0.980
124.50	129.00	WCSP;0.929
153.00	157.50	WCSP;0.500
9.00	12.00	WTSP;0.500
115.50	120.00	WTSP;0.500
163.50	169.50	WTSP;0.811
180.00	193.50	WTSP;0.885
237.00	241.50	WTSP;0.980
285.00	289.50	WTSP;0.740
18.00	21.00	WIWA;0.509
195.00	199.50	WIWR;0.646
276.00	279.00	WOTH;0.868
