81.00	84.00	AMDI;0.529
102.00	105.00	AMDI;0.564
277.50	280.50	AMDI;0.512
309.00	312.00	AMDI;0.589
456.00	459.00	AMDI;0.501
0.00	36.00	AMRO;0.994
37.50	60.00	AMRO;0.992
61.50	66.00	AMRO;0.500
76.50	81.00	AMRO;0.821
82.50	87.00	AMRO;0.955
90.00	94.50	AMRO;0.845
96.00	105.00	AMRO;0.986
108.00	115.50	AMRO;0.729
117.00	157.50	AMRO;0.995
163.50	169.50	AMRO;0.928
171.00	187.50	AMRO;0.994
189.00	193.50	AMRO;0.878
195.00	199.50	AMRO;0.989
201.00	205.50	AMRO;0.979
207.00	211.50	AMRO;0.634
213.00	219.00	AMRO;0.942
220.50	231.00	AMRO;0.959
232.50	235.50	AMRO;0.599
237.00	255.00	AMRO;0.998
258.00	262.50	AMRO;0.971
264.00	274.50	AMRO;0.973
276.00	280.50	AMRO;0.688
282.00	286.50	AMRO;0.906
289.50	300.00	AMRO;0.531
301.50	307.50	AMRO;0.954
331.50	334.50	AMRO;0.500
351.00	354.00	AMRO;0.874
367.50	379.50	AMRO;0.975
405.00	409.50	AMRO;0.942
439.50	444.00	AMRO;0.575
456.00	460.50	AMRO;0.656
472.50	477.00	AMRO;0.531
487.50	492.00	AMRO;0.500
519.00	523.50	AMRO;0.838
526.50	532.50	AMRO;0.961
538.50	541.50	AMRO;0.611
577.50	583.50	AMRO;0.959
585.00	591.00	AMRO;0.719
592.50	597.00	AMRO;0.771
88.50	93.00	ATSP;0.728
508.50	513.00	ATSP;0.913
37.50	40.50	BAOR;0.695
264.00	268.50	BAOR;0.571
55.50	58.50	BHGR;0.605
229.50	232.50	BTNW;0.645
561.00	564.00	BTNW;0.505
378.00	381.00	BLJA;0.590
294.00	297.00	BHVI;0.535
73.50	76.50	BRBL;0.555
15.00	19.50	BRSP;0.500
25.50	30.00	BRSP;0.679
43.50	49.50	BRSP;0.650
52.50	58.50	BRSP;0.741
63.00	67.50	BRSP;0.500
70.50	76.50	BRSP;0.513
82.50	88.50	BRSP;0.588
93.00	97.50	BRSP;0.500
181.50	186.00	BRSP;0.500
199.50	204.00	BRSP;0.752
229.50	237.00	BRSP;0.500
258.00	262.50	BRSP;0.500
270.00	276.00	BRSP;0.745
291.00	295.50	BRSP;0.500
304.50	309.00	BRSP;0.500
312.00	316.50	BRSP;0.500
324.00	334.50	BRSP;0.500
337.50	343.50	BRSP;0.500
345.00	348.00	BRSP;0.500
366.00	370.50	BRSP;0.856
390.00	394.50	BRSP;0.500
400.50	406.50	BRSP;0.523
420.00	424.50	BRSP;0.500
433.50	436.50	BRSP;0.668
438.00	441.00	BRSP;0.500
451.50	457.50	BRSP;0.500
466.50	469.50	BRSP;0.774
478.50	481.50	BRSP;0.500
492.00	499.50	BRSP;0.591
504.00	508.50	BRSP;0.500
514.50	520.50	BRSP;0.500
523.50	526.50	BRSP;0.500
534.00	538.50	BRSP;0.515
547.50	550.50	BRSP;0.500
558.00	561.00	BRSP;0.500
568.50	571.50	BRSP;0.500
580.50	583.50	BRSP;0.500
594.00	598.50	BRSP;0.562
79.50	82.50	BRTH;0.502
126.00	129.00	BRTH;0.587
67.50	70.50	CHSW;0.714
4.50	9.00	CHSP;0.541
12.00	16.50	CHSP;0.500
25.50	31.50	CHSP;0.500
45.00	48.00	CHSP;0.500
60.00	63.00	CHSP;0.500
69.00	73.50	CHSP;0.500
93.00	97.50	CHSP;0.726
115.50	121.50	CHSP;0.976
126.00	132.00	CHSP;0.989
147.00	153.00	CHSP;0.989
168.00	174.00	CHSP;0.891
181.50	187.50	CHSP;0.684
189.00	195.00	CHSP;0.924
199.50	205.50	CHSP;0.903
210.00	216.00	CHSP;0.976
220.50	226.50	CHSP;0.972
232.50	235.50	CHSP;0.500
243.00	249.00	CHSP;0.938
258.00	264.00	CHSP;0.679
270.00	276.00	CHSP;0.851
279.00	285.00	CHSP;0.772
292.50	297.00	CHSP;0.654
303.00	309.00	CHSP;0.827
312.00	318.00	CHSP;0.836
322.50	334.50	CHSP;0.740
337.50	343.50	CHSP;0.923
345.00	351.00	CHSP;0.798
355.50	361.50	CHSP;0.552
366.00	372.00	CHSP;0.751
381.00	385.50	CHSP;0.740
391.50	396.00	CHSP;0.872
400.50	406.50	CHSP;0.883
409.50	415.50	CHSP;0.951
420.00	426.00	CHSP;0.948
435.00	448.50	CHSP;0.927
451.50	459.00	CHSP;0.966
463.50	474.00	CHSP;0.943
480.00	486.00	CHSP;0.834
492.00	499.50	CHSP;0.865
504.00	508.50	CHSP;0.689
514.50	520.50	CHSP;0.884
523.50	531.00	CHSP;0.939
534.00	540.00	CHSP;0.928
547.50	553.50	CHSP;0.951
558.00	564.00	CHSP;0.975
568.50	574.50	CHSP;0.967
580.50	586.50	CHSP;0.970
592.50	598.50	CHSP;0.947
327.00	330.00	DEJU;0.555
478.50	481.50	DEJU;0.703
492.00	495.00	DEJU;0.629
276.00	279.00	EABL;0.560
85.50	88.50	EATO;0.599
99.00	102.00	EATO;0.626
235.50	238.50	EATO;0.786
249.00	252.00	EATO;0.500
379.50	382.50	EATO;0.753
21.00	27.00	FOSP;0.889
36.00	40.50	FOSP;0.940
48.00	54.00	FOSP;0.992
61.50	66.00	FOSP;0.511
75.00	79.50	FOSP;0.975
87.00	91.50	FOSP;0.946
100.50	105.00	FOSP;0.921
114.00	118.50	FOSP;0.973
132.00	136.50	FOSP;0.683
142.50	148.50	FOSP;0.881
157.50	163.50	FOSP;0.866
169.50	172.50	FOSP;0.500
177.00	181.50	FOSP;0.882
186.00	196.50	FOSP;0.916
205.50	210.00	FOSP;0.882
219.00	223.50	FOSP;0.859
232.50	237.00	FOSP;0.849
250.50	255.00	FOSP;0.822
264.00	268.50	FOSP;0.750
276.00	283.50	FOSP;0.897
289.50	292.50	FOSP;0.500
294.00	298.50	FOSP;0.768
306.00	310.50	FOSP;0.692
315.00	327.00	FOSP;0.934
333.00	339.00	FOSP;0.966
348.00	352.50	FOSP;0.775
361.50	366.00	FOSP;0.820
370.50	375.00	FOSP;0.949
381.00	388.50	FOSP;0.607
394.50	399.00	FOSP;0.897
403.50	408.00	FOSP;0.944
409.50	414.00	FOSP;0.530
415.50	421.50	FOSP;0.789
424.50	430.50	FOSP;0.972
112.50	115.50	GRCA;0.516
261.00	264.00	GRCA;0.537
577.50	582.00	GRCA;0.684
210.00	213.00	GWTE;0.598
375.00	378.00	GWTE;0.663
406.50	409.50	GWTE;0.581
585.00	589.50	GWTE;0.642
22.50	25.50	LASP;0.533
220.50	223.50	LASP;0.552
1.50	6.00	LISP;0.969
18.00	22.50	LISP;0.905
34.50	39.00	LISP;0.913
64.50	69.00	LISP;0.981
79.50	82.50	LISP;0.820
94.50	99.00	LISP;0.958
108.00	112.50	LISP;0.901
123.00	127.50	LISP;0.992
139.50	144.00	LISP;0.990
156.00	160.50	LISP;0.761
172.50	177.00	LISP;0.899
187.50	192.00	LISP;0.877
202.50	207.00	LISP;0.867
235.50	238.50	LISP;0.500
252.00	255.00	LISP;0.500
267.00	271.50	LISP;0.954
283.50	288.00	LISP;0.892
297.00	301.50	LISP;0.676
312.00	316.50	LISP;0.693
328.50	333.00	LISP;0.816
343.50	348.00	LISP;0.740
361.50	364.50	LISP;0.500
376.50	381.00	LISP;0.569
391.50	396.00	LISP;0.600
408.00	411.00	LISP;0.500
423.00	427.50	LISP;0.817
438.00	444.00	LISP;0.973
454.50	459.00	LISP;0.632
471.00	475.50	LISP;0.982
487.50	492.00	LISP;0.988
504.00	508.50	LISP;0.500
520.50	525.00	LISP;0.931
550.50	555.00	LISP;0.552
567.00	571.50	LISP;0.975
583.50	588.00	LISP;0.968
129.00	132.00	LOSH;0.550
502.50	505.50	LOSH;0.556
139.50	142.50	NOCA;0.512
288.00	291.00	NOCA;0.521
321.00	324.00	NOCA;0.593
349.50	352.50	OCWA;0.560
379.50	382.50	OCWA;0.631
390.00	393.00	OCWA;0.669
306.00	310.50	OROR;0.731
349.50	352.50	OROR;0.515
381.00	385.50	OROR;0.648
409.50	414.00	OROR;0.735
349.50	352.50	PAWA;0.574
537.00	540.00	PAWA;0.798
583.50	586.50	PAWA;0.596
198.00	201.00	PIGR;0.772
64.50	67.50	PISI;0.500
204.00	211.50	PISI;0.535
255.00	267.00	PISI;0.992
292.50	297.00	PISI;0.500
309.00	315.00	PISI;0.763
318.00	322.50	PISI;0.972
327.00	331.50	PISI;0.733
406.50	420.00	PISI;0.992
442.50	456.00	PISI;0.998
571.50	577.50	PISI;0.996
597.00	600.00	PISI;0.821
3.00	6.00	PUFI;0.682
138.00	141.00	PUFI;0.647
154.50	157.50	PUFI;0.548
160.50	163.50	PUFI;0.584
252.00	255.00	PUFI;0.682
330.00	333.00	PUFI;0.677
361.50	364.50	PUFI;0.671
441.00	444.00	PUFI;0.597
457.50	460.50	PUFI;0.543
472.50	477.00	PUFI;0.581
402.00	405.00	RWBL;0.519
33.00	37.50	ROWR;0.517
106.50	111.00	ROWR;0.915
154.50	159.00	ROWR;0.880
187.50	192.00	ROWR;0.500
267.00	270.00	ROWR;0.500
285.00	288.00	ROWR;0.500
297.00	301.50	ROWR;0.500
313.50	316.50	ROWR;0.679
391.50	396.00	ROWR;0.500
504.00	508.50	ROWR;0.853
519.00	523.50	ROWR;0.762
534.00	537.00	ROWR;0.500
550.50	555.00	ROWR;0.725
567.00	570.00	ROWR;0.500
46.50	49.50	RBGR;0.542
0.00	6.00	RUGR;0.686
9.00	21.00	RUGR;0.862
43.50	46.50	RUGR;0.500
52.50	69.00	RUGR;0.654
72.00	81.00	RUGR;0.813
82.50	85.50	RUGR;0.500
87.00	97.50	RUGR;0.610
99.00	108.00	RUGR;0.859
109.50	112.50	RUGR;0.500
142.50	145.50	RUGR;0.500
147.00	150.00	RUGR;0.500
151.50	154.50	RUGR;0.500
160.50	163.50	RUGR;0.500
181.50	186.00	RUGR;0.706
193.50	201.00	RUGR;0.500
204.00	207.00	RUGR;0.500
208.50	214.50	RUGR;0.537
216.00	226.50	RUGR;0.704
229.50	240.00	RUGR;0.926
268.50	273.00	RUGR;0.500
274.50	282.00	RUGR;0.544
285.00	289.50	RUGR;0.559
298.50	303.00	RUGR;0.528
306.00	309.00	RUGR;0.500
312.00	316.50	RUGR;0.708
333.00	336.00	RUGR;0.500
387.00	391.50	RUGR;0.500
418.50	423.00	RUGR;0.500
429.00	435.00	RUGR;0.732
444.00	447.00	RUGR;0.500
448.50	453.00	RUGR;0.552
454.50	457.50	RUGR;0.691
465.00	469.50	RUGR;0.500
483.00	487.50	RUGR;0.500
495.00	507.00	RUGR;0.800
513.00	519.00	RUGR;0.577
520.50	526.50	RUGR;0.500
531.00	535.50	RUGR;0.500
544.50	547.50	RUGR;0.500
552.00	556.50	RUGR;0.507
565.50	568.50	RUGR;0.500
574.50	583.50	RUGR;0.731
588.00	592.50	RUGR;0.615
595.50	600.00	RUGR;0.621
187.50	190.50	SPSA;0.542
12.00	15.00	SUTA;0.518
595.50	600.00	SWSP;0.881
4.50	10.50	TEWA;0.840
45.00	48.00	TEWA;0.500
55.50	60.00	TEWA;0.689
84.00	88.50	TEWA;0.646
90.00	96.00	TEWA;0.972
111.00	115.50	TEWA;0.863
123.00	126.00	TEWA;0.529
135.00	139.50	TEWA;0.639
180.00	183.00	TEWA;0.736
184.50	189.00	TEWA;0.500
198.00	207.00	TEWA;0.815
213.00	222.00	TEWA;0.887
223.50	232.50	TEWA;0.939
235.50	240.00	TEWA;0.500
241.50	246.00	TEWA;0.793
253.50	258.00	TEWA;0.830
268.50	271.50	TEWA;0.500
273.00	277.50	TEWA;0.544
282.00	286.50	TEWA;0.500
289.50	294.00	TEWA;0.500
297.00	306.00	TEWA;0.867
307.50	312.00	TEWA;0.500
318.00	324.00	TEWA;0.814
331.50	336.00	TEWA;0.827
342.00	346.50	TEWA;0.641
351.00	357.00	TEWA;0.516
358.50	363.00	TEWA;0.500
364.50	369.00	TEWA;0.866
396.00	400.50	TEWA;0.940
403.50	417.00	TEWA;0.906
418.50	423.00	TEWA;0.947
430.50	442.50	TEWA;0.980
445.50	448.50	TEWA;0.500
456.00	459.00	TEWA;0.500
460.50	468.00	TEWA;0.860
472.50	480.00	TEWA;0.986
481.50	487.50	TEWA;0.971
489.00	493.50	TEWA;0.738
495.00	499.50	TEWA;0.500
505.50	510.00	TEWA;0.940
516.00	522.00	TEWA;0.709
526.50	532.50	TEWA;0.957
555.00	558.00	TEWA;0.500
1.50	4.50	TOSO;0.516
18.00	22.50	TOSO;0.612
30.00	33.00	TOSO;0.583
141.00	144.00	TOSO;0.561
171.00	175.50	TOSO;0.600
295.50	300.00	TOSO;0.834
109.50	112.50	TUTI;0.554
271.50	274.50	TUTI;0.516
280.50	283.50	VESP;0.500
370.50	375.00	VESP;0.774
193.50	196.50	WEME;0.559
39.00	42.00	WCSP;0.500
51.00	54.00	WCSP;0.506
64.50	67.50	WCSP;0.500
156.00	166.50	WCSP;0.977
225.00	235.50	WCSP;0.980
252.00	255.00	WCSP;0.500
427.50	430.50	WCSP;0.500
510.00	514.50	WCSP;0.551
552.00	556.50	WCSP;0.974
561.00	567.00	WCSP;0.966
574.50	579.00	WCSP;0.926
591.00	595.50	WCSP;0.500
267.00	270.00	WIFL;0.656
7.50	10.50	WIWA;0.500
30.00	33.00	WIWA;0.582
39.00	43.50	WIWA;0.903
85.50	88.50	WIWA;0.500
93.00	96.00	WIWA;0.741
97.50	100.50	WIWA;0.785
105.00	109.50	WIWA;0.539
111.00	115.50	WIWA;0.590
118.50	123.00	WIWA;0.662
124.50	127.50	WIWA;0.500
136.50	139.50	WIWA;0.594
180.00	183.00	WIWA;0.500
186.00	189.00	WIWA;0.546
198.00	202.50	WIWA;0.514
204.00	207.00	WIWA;0.500
214.50	222.00	WIWA;0.530
223.50	228.00	WIWA;0.635
237.00	240.00	WIWA;0.500
241.50	246.00	WIWA;0.750
247.50	252.00	WIWA;0.500
253.50	258.00	WIWA;0.739
274.50	277.50	WIWA;0.522
283.50	286.50	WIWA;0.500
291.00	294.00	WIWA;0.500
300.00	306.00	WIWA;0.521
307.50	312.00	WIWA;0.500
318.00	324.00	WIWA;0.891
333.00	336.00	WIWA;0.500
342.00	346.50	WIWA;0.691
352.50	357.00	WIWA;0.687
360.00	363.00	WIWA;0.500
366.00	369.00	WIWA;0.500
379.50	382.50	WIWA;0.500
388.50	391.50	WIWA;0.500
408.00	412.50	WIWA;0.500
414.00	417.00	WIWA;0.500
420.00	423.00	WIWA;0.500
439.50	442.50	WIWA;0.651
445.50	450.00	WIWA;0.734
465.00	468.00	WIWA;0.758
484.50	487.50	WIWA;0.781
490.50	493.50	WIWA;0.548
495.00	501.00	WIWA;0.854
505.50	511.50	WIWA;0.500
516.00	522.00	WIWA;0.884
529.50	532.50	WIWA;0.532
555.00	558.00	WIWA;0.591
588.00	592.50	WIWA;0.614
235.50	238.50	WOTH;0.559
