114.00	117.00	AMAV;0.673
121.50	124.50	AMGP;0.504
0.00	37.50	AMRO;0.920
42.00	63.00	AMRO;0.926
64.50	70.50	AMRO;0.559
75.00	79.50	AMRO;0.858
84.00	93.00	AMRO;0.553
94.50	105.00	AMRO;0.765
106.50	123.00	AMRO;0.851
124.50	129.00	AMRO;0.943
133.50	141.00	AMRO;0.594
142.50	147.00	AMRO;0.727
148.50	157.50	AMRO;0.959
163.50	175.50	AMRO;0.716
177.00	183.00	AMRO;0.873
184.50	189.00	AMRO;0.885
0.00	3.00	BAOR;0.500
4.50	7.50	BAOR;0.500
12.00	25.50	BAOR;0.884
30.00	34.50	BAOR;0.500
40.50	43.50	BAOR;0.500
46.50	49.50	BAOR;0.579
61.50	70.50	BAOR;0.500
73.50	82.50	BAOR;0.900
85.50	97.50	BAOR;0.608
100.50	106.50	BAOR;0.778
109.50	114.00	BAOR;0.544
117.00	124.50	BAOR;0.500
136.50	141.00	BAOR;0.507
142.50	148.50	BAOR;0.601
151.50	162.00	BAOR;0.637
165.00	174.00	BAOR;0.500
183.00	190.50	BAOR;0.500
276.00	280.50	BAOR;0.617
6.00	9.00	BBPL;0.614
27.00	30.00	BBPL;0.605
61.50	64.50	BBPL;0.628
114.00	117.00	BBPL;0.624
187.50	190.50	BBPL;0.572
181.50	184.50	BRSP;0.507
247.50	252.00	CAFI;0.743
43.50	48.00	CHSW;0.608
283.50	286.50	CHSW;0.515
294.00	297.00	CHSW;0.528
27.00	33.00	CHSP;0.967
55.50	58.50	CHSP;0.500
118.50	127.50	CHSP;0.834
138.00	142.50	CHSP;0.615
153.00	157.50	CHSP;0.507
181.50	186.00	CHSP;0.689
216.00	220.50	CHSP;0.500
222.00	232.50	CHSP;0.829
238.50	244.50	CHSP;0.641
246.00	252.00	CHSP;0.917
255.00	261.00	CHSP;0.928
264.00	268.50	CHSP;0.551
273.00	279.00	CHSP;0.863
280.50	286.50	CHSP;0.763
289.50	295.50	CHSP;0.944
297.00	300.00	CHSP;0.703
0.00	3.00	DEJU;0.518
241.50	244.50	DEJU;0.506
285.00	288.00	DEJU;0.541
45.00	48.00	EABL;0.678
96.00	100.50	EATO;0.585
240.00	243.00	GCSP;0.871
13.50	16.50	GWTE;0.681
30.00	34.50	GWTE;0.759
40.50	45.00	GWTE;0.714
66.00	70.50	GWTE;0.574
72.00	75.00	GWTE;0.527
87.00	91.50	GWTE;0.693
96.00	99.00	GWTE;0.530
102.00	105.00	GWTE;0.623
138.00	141.00	GWTE;0.501
144.00	147.00	GWTE;0.524
171.00	175.50	GWTE;0.756
193.50	196.50	HASP;0.562
228.00	231.00	HASP;0.546
162.00	165.00	HETH;0.516
201.00	204.00	HETH;0.630
10.50	13.50	LISP;0.500
34.50	39.00	LISP;0.592
58.50	61.50	LISP;0.500
70.50	75.00	LISP;0.500
96.00	100.50	LISP;0.658
109.50	114.00	LISP;0.518
169.50	172.50	LISP;0.500
181.50	184.50	LISP;0.500
192.00	195.00	LISP;0.500
204.00	208.50	LISP;0.835
217.50	222.00	LISP;0.746
241.50	246.00	LISP;0.782
267.00	271.50	LISP;0.904
279.00	283.50	LISP;0.944
292.50	297.00	LISP;0.854
69.00	72.00	MOCH;0.601
174.00	177.00	MOCH;0.520
201.00	204.00	MOCH;0.559
213.00	216.00	MOCH;0.825
250.50	253.50	MOCH;0.552
274.50	277.50	MOCH;0.675
288.00	292.50	MOCH;0.677
253.50	256.50	MOWA;0.585
91.50	94.50	OSFL;0.551
117.00	120.00	OSFL;0.576
295.50	298.50	OCWA;0.607
24.00	27.00	PUFI;0.500
58.50	63.00	PUFI;0.683
82.50	87.00	PUFI;0.835
189.00	192.00	RBGU;0.550
217.50	220.50	SNBU;0.574
49.50	54.00	SUTA;0.633
120.00	123.00	SWHA;0.526
16.50	21.00	SWSP;0.842
249.00	253.50	SWSP;0.952
21.00	25.50	TOSO;0.500
40.50	45.00	TOSO;0.500
46.50	51.00	TOSO;0.817
54.00	57.00	TOSO;0.500
58.50	66.00	TOSO;0.584
72.00	75.00	TOSO;0.723
78.00	82.50	TOSO;0.500
84.00	88.50	TOSO;0.932
94.50	99.00	TOSO;0.500
121.50	124.50	TOSO;0.500
142.50	148.50	TOSO;0.752
151.50	162.00	TOSO;0.500
168.00	172.50	TOSO;0.690
220.50	225.00	TOSO;0.688
267.00	273.00	TOSO;0.897
276.00	280.50	TOSO;0.500
282.00	285.00	TOSO;0.500
214.50	219.00	WCSP;0.684
82.50	87.00	WTSP;0.500
123.00	126.00	WTSP;0.500
153.00	156.00	WTSP;0.586
159.00	165.00	WTSP;0.993
177.00	183.00	WTSP;0.974
186.00	192.00	WTSP;0.991
193.50	199.50	WTSP;0.996
202.50	207.00	WTSP;0.962
210.00	216.00	WTSP;0.995
219.00	223.50	WTSP;0.992
228.00	234.00	WTSP;0.993
237.00	243.00	WTSP;0.994
250.50	255.00	WTSP;0.500
261.00	267.00	WTSP;0.988
271.50	277.50	WTSP;0.971
283.50	291.00	WTSP;0.871
7.50	10.50	WILL;0.511
54.00	57.00	WIWA;0.520
295.50	298.50	WIWA;0.596
