84.00	97.50	AMRO;0.892
159.00	165.00	AMRO;0.537
169.50	183.00	AMRO;0.986
184.50	187.50	AMRO;0.623
231.00	244.50	AMRO;0.654
246.00	249.00	AMRO;0.500
250.50	291.00	AMRO;0.958
292.50	295.50	AMRO;0.564
297.00	300.00	AMRO;0.683
94.50	97.50	BAOR;0.500
169.50	177.00	BAOR;0.820
183.00	189.00	BAOR;0.974
229.50	232.50	BAOR;0.500
255.00	258.00	BAOR;0.500
261.00	264.00	BAOR;0.500
265.50	268.50	BAOR;0.500
289.50	294.00	BAOR;0.572
87.00	90.00	BLOY;0.564
241.50	244.50	BLOY;0.549
181.50	184.50	BCCH;0.500
265.50	270.00	BHGR;0.847
198.00	201.00	BRSP;0.675
58.50	61.50	CHSW;0.576
285.00	288.00	CHSW;0.617
244.50	249.00	EABL;0.831
166.50	169.50	EAME;0.588
112.50	115.50	EATO;0.736
31.50	36.00	FOSP;0.712
109.50	114.00	FOSP;0.920
121.50	126.00	FOSP;0.658
136.50	139.50	FOSP;0.577
153.00	157.50	FOSP;0.931
201.00	205.50	FOSP;0.825
235.50	240.00	FOSP;0.797
247.50	252.00	FOSP;0.572
25.50	30.00	GCSP;0.604
93.00	97.50	GCSP;0.539
103.50	106.50	GCSP;0.589
130.50	133.50	GCSP;0.602
295.50	298.50	GRYE;0.807
232.50	235.50	GWTE;0.635
99.00	102.00	HASP;0.698
76.50	79.50	HETH;0.538
291.00	294.00	LASP;0.526
258.00	262.50	LISP;0.692
270.00	273.00	LISP;0.530
39.00	43.50	MOCH;0.547
127.50	132.00	MOCH;0.546
181.50	186.00	MOCH;0.906
196.50	199.50	MOCH;0.588
229.50	235.50	MOCH;0.751
261.00	264.00	OROR;0.621
135.00	138.00	RECR;0.552
93.00	96.00	RBGR;0.554
282.00	285.00	SAPH;0.560
22.50	27.00	SNBU;0.816
31.50	34.50	SNBU;0.500
42.00	46.50	SNBU;0.996
109.50	114.00	SNBU;0.500
120.00	126.00	SNBU;0.895
135.00	141.00	SNBU;0.816
153.00	157.50	SNBU;0.764
166.50	171.00	SNBU;0.705
189.00	195.00	SNBU;0.680
201.00	204.00	SNBU;0.500
205.50	210.00	SNBU;0.770
211.50	216.00	SNBU;0.665
226.50	231.00	SNBU;0.508
280.50	285.00	SNBU;0.500
198.00	202.50	SOSP;0.848
264.00	267.00	SWHA;0.503
34.50	37.50	SWSP;0.583
46.50	49.50	SWSP;0.563
108.00	111.00	SWSP;0.738
250.50	253.50	SWSP;0.530
292.50	297.00	SWSP;0.720
160.50	165.00	VATH;0.866
27.00	30.00	WCSP;0.500
39.00	43.50	WCSP;0.500
54.00	58.50	WCSP;0.620
75.00	79.50	WCSP;0.558
85.50	88.50	WCSP;0.978
94.50	99.00	WCSP;0.990
103.50	108.00	WCSP;0.979
117.00	121.50	WCSP;0.984
132.00	136.50	WCSP;0.960
147.00	151.50	WCSP;0.864
163.50	168.00	WCSP;0.524
183.00	186.00	WCSP;0.500
207.00	249.00	WCSP;0.996
276.00	279.00	WCSP;0.500
25.50	30.00	WTSP;0.531
55.50	58.50	WTSP;0.500
78.00	81.00	WTSP;0.534
84.00	87.00	WTSP;0.663
99.00	106.50	WTSP;0.956
115.50	123.00	WTSP;0.948
127.50	133.50	WTSP;0.557
165.00	168.00	WTSP;0.500
171.00	175.50	WTSP;0.500
181.50	186.00	WTSP;0.532
195.00	199.50	WTSP;0.912
207.00	211.50	WTSP;0.563
219.00	223.50	WTSP;0.500
231.00	234.00	WTSP;0.811
241.50	247.50	WTSP;0.692
255.00	259.50	WTSP;0.898
291.00	294.00	WILL;0.757
4.50	9.00	WIWA;0.973
34.50	37.50	WIWA;0.703
45.00	49.50	WIWA;0.741
57.00	61.50	WIWA;0.741
70.50	73.50	WIWA;0.537
81.00	85.50	WIWA;0.686
91.50	96.00	WIWA;0.738
106.50	109.50	WIWA;0.843
129.00	133.50	WIWA;0.946
141.00	145.50	WIWA;0.972
162.00	166.50	WIWA;0.957
172.50	177.00	WIWA;0.979
195.00	199.50	WIWA;0.933
223.50	228.00	WIWA;0.802
249.00	253.50	WIWA;0.820
273.00	276.00	WIWA;0.500
282.00	286.50	WIWA;0.864
292.50	297.00	WIWA;0.768
