1.50	6.00	AMRO;0.605
12.00	16.50	AMRO;0.788
21.00	24.00	AMRO;0.500
30.00	33.00	AMRO;0.603
39.00	43.50	AMRO;0.500
51.00	61.50	AMRO;0.998
63.00	90.00	AMRO;0.985
102.00	162.00	AMRO;0.991
172.50	178.50	AMRO;0.904
183.00	198.00	AMRO;0.796
202.50	219.00	AMRO;0.707
229.50	232.50	AMRO;0.500
37.50	42.00	BLOY;0.533
13.50	16.50	BRSP;0.567
51.00	54.00	BRSP;0.533
226.50	229.50	BRSP;0.741
91.50	94.50	BUSH;0.544
0.00	3.00	CCSP;0.831
6.00	13.50	CCSP;0.769
24.00	33.00	CCSP;0.513
36.00	43.50	CCSP;0.631
93.00	96.00	CCSP;0.500
108.00	111.00	CCSP;0.500
192.00	196.50	CCSP;0.689
226.50	229.50	CCSP;0.799
249.00	252.00	CCSP;0.500
279.00	282.00	CCSP;0.500
292.50	295.50	CCSP;0.731
120.00	124.50	DEJU;0.708
114.00	117.00	EABL;0.518
171.00	174.00	EAME;0.554
27.00	30.00	EATO;0.539
78.00	82.50	FISP;0.609
84.00	87.00	FISP;0.546
90.00	93.00	FISP;0.534
112.50	115.50	FISP;0.548
228.00	231.00	FISP;0.561
264.00	267.00	FISP;0.514
1.50	4.50	FOSP;0.500
15.00	21.00	FOSP;0.913
24.00	31.50	FOSP;0.799
36.00	39.00	FOSP;0.527
42.00	48.00	FOSP;0.636
73.50	78.00	FOSP;0.885
84.00	87.00	FOSP;0.625
88.50	93.00	FOSP;0.500
126.00	129.00	FOSP;0.527
144.00	156.00	FOSP;0.673
160.50	165.00	FOSP;0.946
169.50	174.00	FOSP;0.721
177.00	181.50	FOSP;0.593
187.50	190.50	FOSP;0.500
204.00	208.50	FOSP;0.692
222.00	225.00	FOSP;0.500
232.50	237.00	FOSP;0.562
268.50	273.00	FOSP;0.544
282.00	285.00	FOSP;0.500
4.50	7.50	GCSP;0.500
10.50	15.00	GCSP;0.500
18.00	21.00	GCSP;0.500
33.00	37.50	GCSP;0.500
43.50	46.50	GCSP;0.500
60.00	63.00	GCSP;0.500
91.50	96.00	GCSP;0.972
99.00	102.00	GCSP;0.500
103.50	108.00	GCSP;0.500
126.00	129.00	GCSP;0.500
145.50	148.50	GCSP;0.500
153.00	156.00	GCSP;0.500
157.50	160.50	GCSP;0.500
166.50	171.00	GCSP;0.500
190.50	195.00	GCSP;0.899
196.50	199.50	GCSP;0.500
205.50	210.00	GCSP;0.733
211.50	216.00	GCSP;0.773
217.50	222.00	GCSP;0.684
223.50	226.50	GCSP;0.621
229.50	232.50	GCSP;0.500
234.00	243.00	GCSP;0.693
244.50	261.00	GCSP;0.944
264.00	267.00	GCSP;0.518
270.00	274.50	GCSP;0.761
276.00	279.00	GCSP;0.707
282.00	286.50	GCSP;0.658
289.50	292.50	GCSP;0.500
294.00	298.50	GCSP;0.500
33.00	36.00	HASP;0.571
268.50	271.50	HETH;0.524
177.00	180.00	LALO;0.585
3.00	6.00	LESA;0.552
42.00	45.00	LISP;0.793
138.00	141.00	LISP;0.660
228.00	231.00	LISP;0.745
63.00	66.00	MAMU;0.550
132.00	135.00	MOCH;0.733
22.50	25.50	NOCA;0.585
21.00	24.00	OSFL;0.518
67.50	75.00	PUFI;0.958
178.50	181.50	PUFI;0.677
64.50	67.50	RBGR;0.772
72.00	76.50	RBGR;0.646
157.50	160.50	RBGR;0.508
142.50	147.00	SNBU;0.660
0.00	3.00	SOSA;0.585
9.00	13.50	SOSA;0.615
162.00	165.00	SOSP;0.505
172.50	175.50	TOSO;0.543
180.00	183.00	TOSO;0.657
292.50	297.00	TOSO;0.665
255.00	258.00	VATH;0.540
4.50	7.50	VESP;0.661
171.00	174.00	VESP;0.648
0.00	15.00	WCSP;0.980
16.50	22.50	WCSP;0.979
24.00	43.50	WCSP;0.991
55.50	60.00	WCSP;0.529
64.50	69.00	WCSP;0.808
73.50	79.50	WCSP;0.843
84.00	87.00	WCSP;0.500
93.00	97.50	WCSP;0.994
99.00	105.00	WCSP;0.984
108.00	112.50	WCSP;0.975
114.00	120.00	WCSP;0.908
123.00	126.00	WCSP;0.500
135.00	139.50	WCSP;0.583
141.00	144.00	WCSP;0.500
150.00	159.00	WCSP;0.970
162.00	168.00	WCSP;0.939
169.50	174.00	WCSP;0.500
178.50	181.50	WCSP;0.612
183.00	187.50	WCSP;0.985
190.50	211.50	WCSP;0.991
213.00	256.50	WCSP;0.996
258.00	264.00	WCSP;0.992
265.50	289.50	WCSP;0.999
291.00	300.00	WCSP;0.995
3.00	6.00	WTSP;0.549
9.00	13.50	WTSP;0.500
16.50	25.50	WTSP;0.970
30.00	42.00	WTSP;0.989
43.50	52.50	WTSP;0.997
55.50	178.50	WTSP;0.997
180.00	204.00	WTSP;0.998
205.50	220.50	WTSP;0.980
223.50	231.00	WTSP;0.613
234.00	259.50	WTSP;0.982
261.00	271.50	WTSP;0.988
274.50	279.00	WTSP;0.630
286.50	300.00	WTSP;0.999
280.50	285.00	WWCR;0.646
132.00	135.00	WIWA;0.524
