45.00	48.00	AMDI;0.538
49.50	54.00	AMDI;0.637
114.00	118.50	AMDI;0.684
294.00	297.00	AMDI;0.521
237.00	240.00	AMGP;0.686
241.50	244.50	AMGP;0.510
286.50	291.00	AMGP;0.920
312.00	316.50	AMGP;0.719
592.50	595.50	AMGP;0.767
4.50	7.50	AMRO;0.500
18.00	22.50	AMRO;0.810
40.50	45.00	AMRO;0.601
61.50	64.50	AMRO;0.500
100.50	105.00	AMRO;0.686
108.00	111.00	AMRO;0.500
180.00	183.00	AMRO;0.500
282.00	286.50	AMRO;0.500
333.00	336.00	AMRO;0.525
370.50	373.50	AMRO;0.670
378.00	385.50	AMRO;0.999
390.00	393.00	AMRO;0.516
402.00	406.50	AMRO;0.953
433.50	436.50	AMRO;0.500
574.50	577.50	AMRO;0.500
586.50	592.50	AMRO;0.783
595.50	600.00	AMRO;0.979
16.50	19.50	ATSP;0.504
57.00	60.00	ATSP;0.650
546.00	549.00	ATSP;0.612
112.50	115.50	BEWR;0.642
6.00	12.00	BLOY;0.979
156.00	160.50	BCCH;0.511
559.50	562.50	BCCH;0.892
336.00	340.50	BHVI;0.626
157.50	163.50	BRSP;0.757
447.00	450.00	BRSP;0.514
580.50	583.50	BRSP;0.520
594.00	597.00	BRSP;0.579
37.50	40.50	CAFI;0.760
0.00	6.00	CHSP;0.922
10.50	16.50	CHSP;0.962
19.50	27.00	CHSP;0.969
28.50	36.00	CHSP;0.989
40.50	46.50	CHSP;0.921
60.00	76.50	CHSP;0.970
78.00	82.50	CHSP;0.734
96.00	100.50	CHSP;0.558
103.50	114.00	CHSP;0.717
118.50	124.50	CHSP;0.977
126.00	132.00	CHSP;0.589
139.50	144.00	CHSP;0.706
159.00	163.50	CHSP;0.500
166.50	174.00	CHSP;0.851
177.00	184.50	CHSP;0.971
189.00	195.00	CHSP;0.739
201.00	207.00	CHSP;0.803
211.50	217.50	CHSP;0.827
229.50	235.50	CHSP;0.938
250.50	255.00	CHSP;0.565
262.50	268.50	CHSP;0.951
270.00	276.00	CHSP;0.954
295.50	300.00	CHSP;0.530
313.50	325.50	CHSP;0.857
327.00	333.00	CHSP;0.954
345.00	349.50	CHSP;0.842
354.00	360.00	CHSP;0.981
378.00	382.50	CHSP;0.857
384.00	390.00	CHSP;0.945
391.50	399.00	CHSP;0.814
445.50	450.00	CHSP;0.926
465.00	471.00	CHSP;0.984
477.00	480.00	CHSP;0.500
499.50	504.00	CHSP;0.500
580.50	586.50	CHSP;0.882
591.00	597.00	CHSP;0.838
138.00	141.00	DEJU;0.507
213.00	217.50	DEJU;0.544
517.50	520.50	DEJU;0.502
127.50	130.50	EAME;0.509
492.00	495.00	EAME;0.665
61.50	64.50	EATO;0.599
87.00	90.00	EATO;0.596
397.50	400.50	EATO;0.502
568.50	571.50	EATO;0.585
597.00	600.00	EATO;0.543
538.50	541.50	EVGR;0.605
508.50	511.50	FISP;0.504
33.00	37.50	FOSP;0.749
52.50	58.50	FOSP;0.597
63.00	67.50	FOSP;0.920
75.00	81.00	FOSP;0.942
84.00	90.00	FOSP;0.744
96.00	100.50	FOSP;0.500
103.50	108.00	FOSP;0.975
129.00	133.50	FOSP;0.901
142.50	147.00	FOSP;0.854
151.50	156.00	FOSP;0.851
162.00	166.50	FOSP;0.633
171.00	175.50	FOSP;0.960
181.50	187.50	FOSP;0.836
195.00	199.50	FOSP;0.500
202.50	207.00	FOSP;0.976
223.50	228.00	FOSP;0.897
337.50	342.00	FOSP;0.586
349.50	354.00	FOSP;0.864
363.00	367.50	FOSP;0.876
378.00	381.00	FOSP;0.500
384.00	391.50	FOSP;0.962
393.00	397.50	FOSP;0.910
399.00	403.50	FOSP;0.951
405.00	415.50	FOSP;0.973
417.00	424.50	FOSP;0.993
426.00	456.00	FOSP;0.996
457.50	466.50	FOSP;0.972
469.50	484.50	FOSP;0.986
486.00	501.00	FOSP;0.991
504.00	511.50	FOSP;0.978
513.00	531.00	FOSP;0.976
535.50	561.00	FOSP;0.927
565.50	576.00	FOSP;0.991
577.50	582.00	FOSP;0.923
583.50	589.50	FOSP;0.967
594.00	597.00	FOSP;0.500
448.50	451.50	GCSP;0.541
237.00	240.00	GRCA;0.533
300.00	303.00	GRCA;0.672
177.00	180.00	HASP;0.510
6.00	9.00	HETH;0.679
132.00	135.00	HETH;0.689
156.00	160.50	HETH;0.954
258.00	261.00	HETH;0.542
151.50	154.50	HOLA;0.503
181.50	186.00	HOFI;0.630
565.50	568.50	HOWR;0.578
154.50	157.50	LALO;0.667
499.50	502.50	LALO;0.657
574.50	577.50	LALO;0.505
75.00	78.00	LASP;0.610
85.50	88.50	LASP;0.609
486.00	489.00	LASP;0.501
253.50	256.50	LESA;0.603
0.00	7.50	LISP;0.928
9.00	16.50	LISP;0.873
24.00	31.50	LISP;0.980
36.00	51.00	LISP;0.925
58.50	63.00	LISP;0.992
70.50	75.00	LISP;0.881
84.00	88.50	LISP;0.994
90.00	94.50	LISP;0.882
97.50	102.00	LISP;0.897
105.00	114.00	LISP;0.959
121.50	127.50	LISP;0.997
135.00	142.50	LISP;0.998
150.00	153.00	LISP;0.906
162.00	166.50	LISP;0.500
174.00	178.50	LISP;0.925
184.50	190.50	LISP;0.980
198.00	204.00	LISP;0.983
210.00	220.50	LISP;0.969
231.00	243.00	LISP;0.984
246.00	252.00	LISP;0.987
261.00	265.50	LISP;0.959
273.00	282.00	LISP;0.969
285.00	289.50	LISP;0.883
291.00	297.00	LISP;0.960
298.50	301.50	LISP;0.933
307.50	315.00	LISP;0.956
324.00	330.00	LISP;0.993
334.50	345.00	LISP;0.963
348.00	352.50	LISP;0.786
355.50	360.00	LISP;0.923
373.50	379.50	LISP;0.980
390.00	394.50	LISP;0.673
396.00	400.50	LISP;0.500
402.00	406.50	LISP;0.960
415.50	420.00	LISP;0.830
423.00	430.50	LISP;0.768
439.50	444.00	LISP;0.646
456.00	460.50	LISP;0.923
469.50	475.50	LISP;0.943
484.50	490.50	LISP;0.888
496.50	505.50	LISP;0.962
510.00	514.50	LISP;0.947
517.50	526.50	LISP;0.936
532.50	538.50	LISP;0.954
549.00	553.50	LISP;0.997
562.50	568.50	LISP;0.987
576.00	583.50	LISP;0.949
589.50	598.50	LISP;0.760
177.00	181.50	MAMU;0.834
33.00	36.00	MAWR;0.501
130.50	135.00	MOCH;0.717
394.50	399.00	MOCH;0.636
475.50	480.00	MOCH;0.909
280.50	285.00	OROR;0.863
265.50	268.50	PAWA;0.803
15.00	18.00	PISI;0.500
81.00	85.50	PISI;0.601
138.00	142.50	PISI;0.500
145.50	153.00	PISI;0.960
189.00	205.50	PISI;0.820
334.50	337.50	PISI;0.500
339.00	352.50	PISI;0.998
357.00	366.00	PISI;0.982
465.00	469.50	PISI;0.673
546.00	550.50	PROW;0.709
40.50	45.00	PUFI;0.669
75.00	78.00	PUFI;0.553
96.00	99.00	PUFI;0.516
196.50	199.50	PUFI;0.631
376.50	381.00	PUFI;0.681
415.50	418.50	PUFI;0.611
498.00	501.00	PUFI;0.533
517.50	520.50	PUFI;0.556
552.00	555.00	PUFI;0.507
576.00	579.00	PUFI;0.514
525.00	528.00	RECR;0.524
540.00	543.00	RECR;0.554
34.50	39.00	ROWR;0.756
48.00	51.00	ROWR;0.500
57.00	60.00	ROWR;0.873
70.50	75.00	ROWR;0.553
109.50	114.00	ROWR;0.514
121.50	126.00	ROWR;0.500
135.00	139.50	ROWR;0.809
148.50	153.00	ROWR;0.967
196.50	199.50	ROWR;0.500
234.00	237.00	ROWR;0.500
259.50	262.50	ROWR;0.686
297.00	301.50	ROWR;0.585
334.50	337.50	ROWR;0.500
427.50	430.50	ROWR;0.500
439.50	444.00	ROWR;0.779
457.50	460.50	ROWR;0.500
469.50	474.00	ROWR;0.500
483.00	487.50	ROWR;0.983
496.50	501.00	ROWR;0.623
508.50	513.00	ROWR;0.500
522.00	526.50	ROWR;0.504
576.00	579.00	ROWR;0.500
81.00	85.50	RCKI;0.709
297.00	300.00	RUTU;0.510
133.50	136.50	RUBL;0.777
250.50	255.00	RUBL;0.731
259.50	262.50	RUBL;0.683
267.00	271.50	RUBL;0.580
45.00	48.00	SAVS;0.614
424.50	427.50	SAPH;0.531
240.00	243.00	SESA;0.610
51.00	57.00	SNBU;0.792
75.00	78.00	SNBU;0.516
183.00	186.00	SNBU;0.524
406.50	411.00	SNBU;0.818
426.00	430.50	SNBU;0.555
450.00	453.00	SNBU;0.723
460.50	463.50	SNBU;0.508
481.50	484.50	SNBU;0.553
541.50	550.50	SNBU;0.788
565.50	568.50	SNBU;0.538
16.50	21.00	SOSA;0.657
112.50	115.50	SOSP;0.517
274.50	277.50	SOSP;0.577
48.00	52.50	TOSO;0.749
423.00	426.00	TOSO;0.583
160.50	163.50	VESP;0.528
406.50	409.50	VESP;0.538
454.50	459.00	VESP;0.572
538.50	541.50	VESP;0.518
87.00	90.00	WCSP;0.539
93.00	96.00	WCSP;0.621
174.00	177.00	WCSP;0.507
226.50	229.50	WCSP;0.511
405.00	408.00	WCSP;0.663
414.00	417.00	WCSP;0.552
433.50	436.50	WCSP;0.560
547.50	552.00	WCSP;0.900
453.00	459.00	WTSP;0.964
465.00	469.50	WTSP;0.637
475.50	480.00	WTSP;0.534
505.50	510.00	WTSP;0.959
528.00	534.00	WTSP;0.983
558.00	561.00	WTSP;0.500
430.50	433.50	WWCR;0.805
283.50	286.50	WILL;0.532
465.00	468.00	WIFL;0.667
