60.00	64.50	AMDI;0.500
67.50	76.50	AMDI;0.697
79.50	82.50	AMDI;0.500
84.00	93.00	AMDI;0.891
97.50	106.50	AMDI;0.664
111.00	115.50	AMDI;0.500
120.00	124.50	AMDI;0.500
126.00	130.50	AMDI;0.500
132.00	136.50	AMDI;0.500
153.00	162.00	AMDI;0.500
165.00	169.50	AMDI;0.750
174.00	177.00	AMDI;0.500
178.50	190.50	AMDI;0.756
192.00	202.50	AMDI;0.500
205.50	213.00	AMDI;0.650
217.50	222.00	AMDI;0.716
229.50	232.50	AMDI;0.500
234.00	237.00	AMDI;0.500
259.50	267.00	AMDI;0.500
279.00	283.50	AMDI;0.500
4.50	9.00	AMGP;0.718
63.00	66.00	AMGP;0.520
247.50	252.00	AMGP;0.861
253.50	258.00	AMGP;0.593
199.50	202.50	BEWR;0.546
229.50	232.50	BEWR;0.564
234.00	237.00	BEWR;0.542
264.00	267.00	BEWR;0.568
61.50	64.50	BBPL;0.597
108.00	111.00	BCCH;0.650
55.50	58.50	BRSP;0.551
115.50	118.50	BRSP;0.578
136.50	141.00	BRSP;0.634
160.50	163.50	BRSP;0.664
231.00	237.00	BRSP;0.604
286.50	292.50	BRSP;0.619
124.50	129.00	CAFI;0.740
4.50	9.00	CHSP;0.500
18.00	21.00	CHSP;0.500
22.50	27.00	CHSP;0.844
28.50	31.50	CHSP;0.500
45.00	51.00	CHSP;0.986
54.00	67.50	CHSP;0.926
81.00	85.50	CHSP;0.563
87.00	91.50	CHSP;0.514
94.50	97.50	CHSP;0.500
105.00	111.00	CHSP;0.986
117.00	121.50	CHSP;0.868
147.00	153.00	CHSP;0.885
186.00	198.00	CHSP;0.847
199.50	213.00	CHSP;0.722
214.50	219.00	CHSP;0.841
222.00	226.50	CHSP;0.528
235.50	244.50	CHSP;0.955
247.50	259.50	CHSP;0.722
267.00	271.50	CHSP;0.763
276.00	279.00	CHSP;0.562
283.50	298.50	CHSP;0.881
36.00	39.00	FISP;0.515
64.50	67.50	FISP;0.570
141.00	144.00	FISP;0.514
0.00	4.50	FOSP;0.743
12.00	16.50	FOSP;0.627
27.00	31.50	FOSP;0.908
42.00	46.50	FOSP;0.610
55.50	60.00	FOSP;0.620
69.00	73.50	FOSP;0.664
75.00	79.50	FOSP;0.952
85.50	90.00	FOSP;0.941
94.50	103.50	FOSP;0.963
111.00	117.00	FOSP;0.943
142.50	148.50	FOSP;0.965
154.50	160.50	FOSP;0.977
168.00	172.50	FOSP;0.967
181.50	187.50	FOSP;0.939
196.50	201.00	FOSP;0.982
210.00	216.00	FOSP;0.984
226.50	232.50	FOSP;0.982
243.00	247.50	FOSP;0.946
256.50	265.50	FOSP;0.991
280.50	285.00	FOSP;0.980
40.50	43.50	GCSP;0.685
54.00	57.00	GCSP;0.630
79.50	85.50	GCSP;0.736
148.50	151.50	GCSP;0.799
174.00	177.00	GCSP;0.809
181.50	184.50	GCSP;0.607
189.00	192.00	GCSP;0.666
216.00	219.00	GCSP;0.524
220.50	223.50	GCSP;0.517
231.00	234.00	GCSP;0.580
265.50	268.50	GCSP;0.530
159.00	162.00	HASP;0.590
204.00	207.00	HASP;0.502
46.50	49.50	HETH;0.635
102.00	105.00	LASP;0.520
219.00	222.00	LASP;0.649
234.00	237.00	LASP;0.559
3.00	7.50	LISP;0.938
13.50	18.00	LISP;0.603
19.50	24.00	LISP;0.789
25.50	28.50	LISP;0.629
31.50	34.50	LISP;0.693
37.50	40.50	LISP;0.646
43.50	46.50	LISP;0.511
49.50	54.00	LISP;0.500
60.00	64.50	LISP;0.710
66.00	70.50	LISP;0.990
72.00	76.50	LISP;0.619
79.50	82.50	LISP;0.500
90.00	94.50	LISP;0.947
96.00	99.00	LISP;0.758
102.00	106.50	LISP;0.500
108.00	112.50	LISP;0.647
121.50	124.50	LISP;0.500
126.00	132.00	LISP;0.872
133.50	138.00	LISP;0.637
145.50	150.00	LISP;0.932
151.50	156.00	LISP;0.818
159.00	162.00	LISP;0.693
165.00	168.00	LISP;0.500
172.50	177.00	LISP;0.740
178.50	183.00	LISP;0.604
186.00	190.50	LISP;0.640
192.00	196.50	LISP;0.500
207.00	210.00	LISP;0.861
219.00	223.50	LISP;0.603
234.00	237.00	LISP;0.699
252.00	256.50	LISP;0.896
265.50	268.50	LISP;0.615
277.50	282.00	LISP;0.938
291.00	295.50	LISP;0.974
24.00	27.00	MOCH;0.542
64.50	67.50	MOCH;0.585
151.50	154.50	MOCH;0.511
163.50	166.50	MOCH;0.572
172.50	175.50	MOCH;0.595
190.50	193.50	MOCH;0.505
238.50	241.50	MOCH;0.711
154.50	157.50	NOCA;0.714
181.50	184.50	NOCA;0.532
0.00	3.00	OCWA;0.727
165.00	169.50	OCWA;0.569
208.50	211.50	OCWA;0.558
103.50	106.50	PUFI;0.561
226.50	229.50	PUFI;0.522
258.00	261.00	PUFI;0.528
196.50	199.50	RECR;0.525
241.50	244.50	RECR;0.551
274.50	277.50	ROWR;0.667
153.00	157.50	SAPH;0.872
1.50	4.50	SNBU;0.626
57.00	60.00	SNBU;0.531
297.00	300.00	TOWA;0.595
240.00	243.00	VATH;0.529
268.50	273.00	VATH;0.904
288.00	292.50	VATH;0.959
96.00	99.00	VESP;0.586
27.00	30.00	WEME;0.623
33.00	36.00	WEME;0.594
0.00	3.00	WCSP;0.699
7.50	16.50	WCSP;0.998
24.00	34.50	WCSP;0.974
36.00	46.50	WCSP;0.990
49.50	54.00	WCSP;0.909
55.50	60.00	WCSP;0.535
69.00	76.50	WCSP;0.500
82.50	87.00	WCSP;0.631
100.50	103.50	WCSP;0.500
114.00	118.50	WCSP;0.754
121.50	127.50	WCSP;0.972
133.50	142.50	WCSP;0.941
157.50	168.00	WCSP;0.809
175.50	180.00	WCSP;0.987
193.50	196.50	WCSP;0.500
199.50	202.50	WCSP;0.500
204.00	207.00	WCSP;0.500
216.00	220.50	WCSP;0.741
223.50	228.00	WCSP;0.500
229.50	235.50	WCSP;0.787
258.00	262.50	WCSP;0.604
271.50	276.00	WCSP;0.992
285.00	289.50	WCSP;0.571
295.50	300.00	WCSP;0.903
6.00	10.50	WTSP;0.915
15.00	21.00	WTSP;0.994
24.00	28.50	WTSP;0.633
30.00	43.50	WTSP;0.994
48.00	75.00	WTSP;0.994
79.50	85.50	WTSP;0.756
90.00	96.00	WTSP;0.957
97.50	100.50	WTSP;0.500
108.00	114.00	WTSP;0.913
118.50	126.00	WTSP;0.989
129.00	133.50	WTSP;0.981
136.50	145.50	WTSP;0.994
148.50	154.50	WTSP;0.986
159.00	166.50	WTSP;0.986
171.00	177.00	WTSP;0.958
180.00	184.50	WTSP;0.520
189.00	195.00	WTSP;0.985
201.00	207.00	WTSP;0.985
208.50	213.00	WTSP;0.500
216.00	228.00	WTSP;0.948
231.00	241.50	WTSP;0.980
250.50	255.00	WTSP;0.812
258.00	261.00	WTSP;0.500
265.50	273.00	WTSP;0.500
285.00	288.00	WTSP;0.500
297.00	300.00	WTSP;0.610
94.50	97.50	YRWA;0.574
