111.00	115.50	AMDI;0.779
294.00	297.00	AMDI;0.508
286.50	291.00	ATSP;0.854
10.50	13.50	BEWR;0.768
147.00	150.00	BRBL;0.576
237.00	240.00	BRSP;0.562
276.00	279.00	BRSP;0.515
282.00	294.00	BRSP;0.889
7.50	13.50	FOSP;0.980
22.50	27.00	FOSP;0.925
151.50	157.50	FOSP;0.964
163.50	169.50	FOSP;0.988
178.50	184.50	FOSP;0.984
192.00	196.50	FOSP;0.500
201.00	207.00	FOSP;0.977
214.50	220.50	FOSP;0.990
228.00	234.00	FOSP;0.985
255.00	259.50	FOSP;0.963
271.50	276.00	FOSP;0.610
292.50	297.00	FOSP;0.700
52.50	55.50	GCSP;0.586
90.00	93.00	GCSP;0.519
196.50	199.50	GCSP;0.550
234.00	237.00	GCSP;0.562
54.00	57.00	HASP;0.548
6.00	9.00	HETH;0.503
136.50	139.50	HETH;0.596
19.50	22.50	HOLA;0.728
51.00	55.50	KILL;0.556
1.50	4.50	MOCH;0.500
21.00	24.00	MOCH;0.500
30.00	33.00	MOCH;0.672
51.00	55.50	MOCH;0.747
57.00	61.50	MOCH;0.893
73.50	76.50	MOCH;0.796
78.00	82.50	MOCH;0.500
88.50	93.00	MOCH;0.787
94.50	100.50	MOCH;0.831
106.50	111.00	MOCH;0.903
115.50	121.50	MOCH;0.849
124.50	127.50	MOCH;0.848
133.50	138.00	MOCH;0.983
142.50	147.00	MOCH;0.500
157.50	162.00	MOCH;0.500
169.50	172.50	MOCH;0.500
174.00	178.50	MOCH;0.820
184.50	187.50	MOCH;0.500
207.00	214.50	MOCH;0.931
220.50	225.00	MOCH;0.783
234.00	237.00	MOCH;0.524
267.00	271.50	MOCH;0.921
0.00	30.00	PISI;0.993
31.50	36.00	PISI;0.819
64.50	69.00	PISI;0.500
75.00	79.50	PISI;0.500
138.00	145.50	PISI;0.922
201.00	204.00	RECR;0.605
253.50	258.00	RECR;0.708
100.50	103.50	RWBL;0.514
105.00	109.50	SESA;0.627
130.50	135.00	SESA;0.694
24.00	27.00	SNBU;0.554
99.00	103.50	SNBU;0.789
193.50	196.50	SNBU;0.531
285.00	289.50	SOSP;0.572
148.50	151.50	SPSA;0.588
19.50	22.50	VGSW;0.518
84.00	88.50	WEME;0.711
184.50	187.50	WEWP;0.554
10.50	13.50	WCSP;0.500
33.00	37.50	WCSP;0.991
52.50	57.00	WCSP;0.580
78.00	82.50	WCSP;0.938
90.00	93.00	WCSP;0.500
102.00	106.50	WCSP;0.990
126.00	130.50	WCSP;0.993
136.50	144.00	WCSP;0.996
150.00	154.50	WCSP;0.977
175.50	178.50	WCSP;0.848
186.00	190.50	WCSP;0.989
198.00	202.50	WCSP;0.921
208.50	213.00	WCSP;0.951
223.50	226.50	WCSP;0.994
235.50	240.00	WCSP;0.994
247.50	252.00	WCSP;0.856
273.00	277.50	WCSP;0.773
3.00	7.50	WTSP;0.990
27.00	33.00	WTSP;0.998
54.00	60.00	WTSP;0.995
70.50	76.50	WTSP;0.992
88.50	102.00	WTSP;0.996
115.50	121.50	WTSP;0.994
124.50	129.00	WTSP;0.572
136.50	141.00	WTSP;0.852
169.50	175.50	WTSP;0.994
196.50	199.50	WTSP;0.636
207.00	210.00	WTSP;0.570
222.00	225.00	WTSP;0.817
234.00	237.00	WTSP;0.500
280.50	283.50	WTSP;0.500
81.00	84.00	YEWA;0.644
81.00	84.00	YRWA;0.539
85.50	90.00	YRWA;0.604
