21.00	24.00	AMDI;0.639
52.50	55.50	AMDI;0.673
75.00	78.00	AMDI;0.576
175.50	178.50	AMDI;0.694
279.00	282.00	AMDI;0.524
7.50	10.50	AMRO;0.500
36.00	43.50	AMRO;0.723
46.50	49.50	AMRO;0.500
55.50	61.50	AMRO;0.520
78.00	81.00	AMRO;0.500
90.00	93.00	AMRO;0.500
117.00	120.00	AMRO;0.934
124.50	130.50	AMRO;0.600
136.50	144.00	AMRO;0.873
150.00	154.50	AMRO;0.855
159.00	162.00	AMRO;0.509
274.50	279.00	AMRO;0.657
286.50	289.50	AMRO;0.500
295.50	300.00	AMRO;0.873
418.50	423.00	AMRO;0.697
445.50	453.00	AMRO;0.597
456.00	466.50	AMRO;0.698
490.50	498.00	AMRO;0.915
511.50	514.50	AMRO;0.546
516.00	520.50	AMRO;0.838
528.00	532.50	AMRO;0.500
537.00	541.50	AMRO;0.676
543.00	550.50	AMRO;0.873
552.00	558.00	AMRO;0.716
559.50	562.50	AMRO;0.530
570.00	574.50	AMRO;0.835
580.50	583.50	AMRO;0.500
586.50	591.00	AMRO;0.578
168.00	171.00	AMWO;0.628
462.00	465.00	BAEA;0.505
433.50	436.50	BAOR;0.587
366.00	370.50	BANO;0.792
243.00	247.50	BEWR;0.567
520.50	525.00	BEWR;0.621
537.00	540.00	BEWR;0.505
574.50	577.50	BEWR;0.590
118.50	121.50	BBPL;0.548
519.00	522.00	BBPL;0.619
511.50	514.50	BHGR;0.515
220.50	223.50	BOWA;0.572
3.00	6.00	BRSP;0.500
10.50	15.00	BRSP;0.500
27.00	33.00	BRSP;0.500
37.50	40.50	BRSP;0.500
48.00	51.00	BRSP;0.570
60.00	63.00	BRSP;0.564
78.00	81.00	BRSP;0.500
97.50	100.50	BRSP;0.500
109.50	112.50	BRSP;0.500
115.50	118.50	BRSP;0.500
120.00	123.00	BRSP;0.569
148.50	153.00	BRSP;0.535
154.50	163.50	BRSP;0.530
229.50	232.50	BRSP;0.500
238.50	241.50	BRSP;0.500
246.00	249.00	BRSP;0.500
255.00	258.00	BRSP;0.500
283.50	286.50	BRSP;0.500
297.00	300.00	BRSP;0.535
307.50	313.50	BRSP;0.500
316.50	319.50	BRSP;0.500
321.00	324.00	BRSP;0.500
327.00	330.00	BRSP;0.500
339.00	342.00	BRSP;0.500
361.50	366.00	BRSP;0.586
381.00	384.00	BRSP;0.500
387.00	393.00	BRSP;0.728
400.50	403.50	BRSP;0.757
451.50	456.00	BRSP;0.500
466.50	471.00	BRSP;0.839
472.50	475.50	BRSP;0.500
481.50	487.50	BRSP;0.816
502.50	508.50	BRSP;0.923
516.00	519.00	BRSP;0.500
531.00	534.00	BRSP;0.500
57.00	60.00	BRTH;0.568
346.50	349.50	BRTH;0.581
556.50	559.50	BRTH;0.543
525.00	528.00	CAFI;0.622
561.00	564.00	CAFI;0.539
531.00	535.50	CEDW;0.657
55.50	58.50	CBCH;0.565
508.50	511.50	CBCH;0.861
526.50	531.00	CBCH;0.542
36.00	40.50	CHSW;0.514
207.00	210.00	CHSW;0.502
379.50	382.50	CHSW;0.584
399.00	402.00	CHSW;0.568
502.50	508.50	CHSW;0.794
532.50	535.50	CHSW;0.526
0.00	45.00	CHSP;0.994
46.50	55.50	CHSP;0.991
57.00	76.50	CHSP;0.996
78.00	85.50	CHSP;0.995
88.50	96.00	CHSP;0.989
100.50	106.50	CHSP;0.990
108.00	136.50	CHSP;0.997
138.00	147.00	CHSP;0.990
148.50	177.00	CHSP;0.992
180.00	187.50	CHSP;0.993
189.00	193.50	CHSP;0.989
196.50	202.50	CHSP;0.989
205.50	213.00	CHSP;0.992
214.50	222.00	CHSP;0.992
223.50	235.50	CHSP;0.999
237.00	244.50	CHSP;0.992
246.00	255.00	CHSP;0.998
256.50	262.50	CHSP;0.991
268.50	277.50	CHSP;0.990
279.00	286.50	CHSP;0.991
289.50	295.50	CHSP;0.978
297.00	306.00	CHSP;0.999
310.50	337.50	CHSP;0.991
339.00	349.50	CHSP;0.994
352.50	379.50	CHSP;0.999
381.00	388.50	CHSP;0.996
391.50	399.00	CHSP;0.999
400.50	424.50	CHSP;0.993
426.00	433.50	CHSP;0.997
435.00	450.00	CHSP;0.996
454.50	483.00	CHSP;0.996
487.50	492.00	CHSP;0.989
495.00	502.50	CHSP;0.994
504.00	508.50	CHSP;0.568
513.00	516.00	CHSP;0.500
523.50	529.50	CHSP;0.982
543.00	549.00	CHSP;0.989
561.00	567.00	CHSP;0.997
580.50	586.50	CHSP;0.990
16.50	21.00	CCSP;0.771
27.00	31.50	CCSP;0.539
84.00	87.00	CCSP;0.500
148.50	153.00	CCSP;0.680
165.00	169.50	CCSP;0.989
172.50	178.50	CCSP;0.835
241.50	246.00	CCSP;0.874
297.00	300.00	CCSP;0.500
309.00	312.00	CCSP;0.500
324.00	327.00	CCSP;0.500
346.50	351.00	CCSP;0.500
357.00	361.50	CCSP;0.500
366.00	370.50	CCSP;0.910
507.00	511.50	CCSP;0.912
516.00	520.50	CCSP;0.903
522.00	526.50	CCSP;0.613
529.50	534.00	CCSP;0.963
537.00	540.00	CCSP;0.662
550.50	555.00	CCSP;0.596
588.00	592.50	CCSP;0.992
46.50	49.50	DEJU;0.606
472.50	475.50	DEJU;0.556
483.00	487.50	EABL;0.672
495.00	498.00	EABL;0.802
298.50	303.00	FOSP;0.905
576.00	582.00	FOSP;0.953
594.00	598.50	FOSP;0.982
22.50	25.50	GRCA;0.613
33.00	36.00	GRCA;0.514
43.50	46.50	GRCA;0.582
112.50	115.50	GRCA;0.578
286.50	289.50	GWTE;0.513
387.00	391.50	HASP;0.718
277.50	282.00	HOFI;0.610
183.00	186.00	HOSP;0.692
234.00	237.00	HOSP;0.599
156.00	159.00	HOWR;0.507
214.50	217.50	HOWR;0.513
306.00	309.00	HOWR;0.644
559.50	562.50	HOWR;0.525
1.50	6.00	LISP;0.936
12.00	16.50	LISP;0.949
21.00	25.50	LISP;0.771
31.50	39.00	LISP;0.940
42.00	48.00	LISP;0.918
52.50	58.50	LISP;0.996
60.00	69.00	LISP;0.810
75.00	81.00	LISP;0.991
87.00	91.50	LISP;0.995
99.00	103.50	LISP;0.995
109.50	115.50	LISP;0.980
121.50	126.00	LISP;0.858
133.50	138.00	LISP;0.997
144.00	150.00	LISP;0.991
157.50	162.00	LISP;0.966
168.00	174.00	LISP;0.994
175.50	184.50	LISP;0.993
190.50	195.00	LISP;0.970
201.00	205.50	LISP;0.990
210.00	217.50	LISP;0.983
261.00	265.50	LISP;0.984
271.50	276.00	LISP;0.940
282.00	288.00	LISP;0.958
292.50	298.50	LISP;0.987
303.00	309.00	LISP;0.976
313.50	319.50	LISP;0.987
325.50	330.00	LISP;0.978
336.00	342.00	LISP;0.990
348.00	354.00	LISP;0.977
408.00	412.50	LISP;0.500
484.50	487.50	LISP;0.504
513.00	517.50	LISP;0.810
520.50	525.00	LISP;0.558
526.50	529.50	LISP;0.551
537.00	540.00	LISP;0.500
546.00	550.50	LISP;0.695
558.00	562.50	LISP;0.500
571.50	577.50	LISP;0.910
585.00	591.00	LISP;0.993
319.50	324.00	LOSH;0.561
379.50	384.00	LEOW;0.739
528.00	531.00	MAWR;0.598
124.50	127.50	MOBL;0.599
511.50	514.50	NOPA;0.658
553.50	556.50	NOWA;0.612
154.50	157.50	OCWA;0.523
108.00	111.00	PAWA;0.610
253.50	256.50	PAWA;0.568
292.50	295.50	PAWA;0.535
334.50	337.50	PAWA;0.843
405.00	408.00	PAWA;0.521
417.00	421.50	PAWA;0.675
444.00	447.00	PAWA;0.647
486.00	490.50	PAWA;0.729
399.00	402.00	PESA;0.588
184.50	226.50	PISI;0.998
234.00	249.00	PISI;0.997
252.00	259.50	PISI;0.950
262.50	271.50	PISI;0.992
274.50	280.50	PISI;0.799
283.50	291.00	PISI;0.920
334.50	339.00	PISI;0.886
423.00	430.50	PISI;0.997
433.50	441.00	PISI;0.987
447.00	462.00	PISI;0.965
564.00	573.00	PISI;0.951
579.00	588.00	PISI;0.789
591.00	594.00	PISI;0.500
513.00	516.00	PUFI;0.545
526.50	529.50	PUFI;0.534
577.50	580.50	PUFI;0.509
406.50	409.50	ROPT;0.732
310.50	313.50	ROWR;0.543
105.00	109.50	RBGR;0.583
310.50	313.50	RUTU;0.610
114.00	117.00	RUGR;0.523
474.00	477.00	RUGR;0.520
492.00	495.00	SBDO;0.879
265.50	268.50	SPTO;0.588
168.00	171.00	SWTH;0.643
0.00	3.00	TOSO;0.524
25.50	30.00	TOSO;0.779
79.50	84.00	TOSO;0.752
85.50	88.50	TOSO;0.574
96.00	100.50	TOSO;0.720
228.00	232.50	TOSO;0.717
489.00	492.00	TOSO;0.549
538.50	541.50	TUTI;0.537
4.50	9.00	VATH;0.825
12.00	15.00	VATH;0.542
27.00	30.00	VATH;0.748
72.00	76.50	VATH;0.752
277.50	280.50	VATH;0.624
327.00	330.00	VATH;0.548
331.50	334.50	VATH;0.606
390.00	394.50	VATH;0.784
412.50	417.00	WTSP;0.714
489.00	493.50	WILL;0.824
43.50	48.00	WIWA;0.944
54.00	57.00	WIWA;0.500
379.50	384.00	WIWA;0.808
412.50	418.50	WIWA;0.987
421.50	426.00	WIWA;0.500
505.50	510.00	WIWA;0.971
513.00	517.50	WIWA;0.551
526.50	531.00	WIWA;0.500
534.00	538.50	WIWA;0.995
540.00	544.50	WIWA;0.991
547.50	561.00	WIWA;0.992
565.50	570.00	WIWA;0.996
574.50	579.00	WIWA;0.992
583.50	588.00	WIWA;0.988
592.50	598.50	WIWA;0.995
361.50	366.00	YRWA;0.873
370.50	381.00	YRWA;0.999
