24.00	27.00	BAOR;0.521
112.50	117.00	BCCH;0.548
192.00	195.00	BCCH;0.505
204.00	207.00	BCCH;0.530
9.00	13.50	BRSP;0.563
175.50	186.00	CHSP;0.975
156.00	159.00	DUNL;0.772
69.00	73.50	EAME;0.656
105.00	109.50	EAME;0.712
208.50	211.50	EAME;0.523
222.00	225.00	EATO;0.819
0.00	7.50	FOSP;0.867
16.50	21.00	FOSP;0.890
24.00	30.00	FOSP;0.762
31.50	36.00	FOSP;0.745
37.50	42.00	FOSP;0.863
48.00	55.50	FOSP;0.843
64.50	69.00	FOSP;0.912
70.50	79.50	FOSP;0.916
84.00	96.00	FOSP;0.882
100.50	111.00	FOSP;0.855
117.00	124.50	FOSP;0.990
135.00	141.00	FOSP;0.970
144.00	148.50	FOSP;0.806
150.00	154.50	FOSP;0.805
159.00	175.50	FOSP;0.921
178.50	184.50	FOSP;0.996
189.00	195.00	FOSP;0.814
196.50	210.00	FOSP;0.991
213.00	226.50	FOSP;0.983
229.50	241.50	FOSP;0.989
243.00	250.50	FOSP;0.849
255.00	259.50	FOSP;0.862
264.00	271.50	FOSP;0.917
273.00	279.00	FOSP;0.933
283.50	286.50	FOSP;0.500
289.50	300.00	FOSP;0.928
4.50	7.50	GCSP;0.572
31.50	36.00	GCSP;0.513
63.00	66.00	GCSP;0.714
133.50	138.00	GCSP;0.822
201.00	205.50	GCSP;0.717
208.50	211.50	GCSP;0.688
232.50	235.50	GCSP;0.600
291.00	295.50	GCSP;0.589
220.50	223.50	HAFL;0.504
31.50	34.50	HETH;0.532
88.50	91.50	HETH;0.949
99.00	103.50	HETH;0.714
109.50	117.00	HETH;0.741
183.00	186.00	HETH;0.521
187.50	192.00	HETH;0.642
204.00	207.00	HETH;0.542
244.50	247.50	HETH;0.573
253.50	256.50	HETH;0.758
295.50	298.50	HETH;0.646
244.50	249.00	HOFI;0.592
6.00	9.00	LALO;0.518
277.50	280.50	LALO;0.676
295.50	298.50	LISP;0.542
90.00	93.00	MAMU;0.646
6.00	13.50	MOCH;0.913
16.50	19.50	MOCH;0.703
22.50	27.00	MOCH;0.577
31.50	34.50	MOCH;0.500
46.50	49.50	MOCH;0.500
57.00	60.00	MOCH;0.656
66.00	73.50	MOCH;0.640
78.00	81.00	MOCH;0.500
87.00	91.50	MOCH;0.500
99.00	103.50	MOCH;0.545
109.50	114.00	MOCH;0.695
133.50	136.50	MOCH;0.500
144.00	147.00	MOCH;0.598
154.50	160.50	MOCH;0.501
168.00	172.50	MOCH;0.649
174.00	180.00	MOCH;0.830
186.00	198.00	MOCH;0.940
204.00	207.00	MOCH;0.500
211.50	214.50	MOCH;0.500
226.50	231.00	MOCH;0.500
235.50	238.50	MOCH;0.500
243.00	246.00	MOCH;0.500
252.00	255.00	MOCH;0.500
258.00	265.50	MOCH;0.829
277.50	282.00	MOCH;0.500
286.50	291.00	MOCH;0.626
138.00	141.00	PUFI;0.512
240.00	243.00	PUFI;0.554
244.50	247.50	PUFI;0.513
67.50	70.50	REVI;0.625
138.00	141.00	REVI;0.506
289.50	292.50	RUGR;0.611
27.00	30.00	SNBU;0.686
172.50	175.50	SNBU;0.632
7.50	12.00	VATH;0.959
18.00	24.00	VATH;0.927
33.00	39.00	VATH;0.855
45.00	49.50	VATH;0.555
55.50	60.00	VATH;0.582
85.50	88.50	VATH;0.500
94.50	99.00	VATH;0.987
123.00	129.00	VATH;0.995
147.00	151.50	VATH;0.764
157.50	166.50	VATH;0.828
177.00	181.50	VATH;0.879
220.50	223.50	VATH;0.695
252.00	256.50	VATH;0.902
285.00	289.50	VATH;0.972
265.50	270.00	VESP;0.674
1.50	6.00	WCSP;0.988
9.00	13.50	WCSP;0.817
18.00	52.50	WCSP;0.976
66.00	69.00	WCSP;0.500
102.00	106.50	WCSP;0.616
111.00	115.50	WCSP;0.529
142.50	147.00	WCSP;0.851
159.00	168.00	WCSP;0.845
169.50	174.00	WCSP;0.500
189.00	196.50	WCSP;0.500
198.00	202.50	WCSP;0.661
204.00	217.50	WCSP;0.883
219.00	228.00	WCSP;0.813
229.50	232.50	WCSP;0.500
234.00	241.50	WCSP;0.975
246.00	250.50	WCSP;0.833
252.00	261.00	WCSP;0.843
262.50	267.00	WCSP;0.911
270.00	282.00	WCSP;0.987
283.50	288.00	WCSP;0.945
292.50	295.50	WCSP;0.567
4.50	10.50	WTSP;0.978
13.50	18.00	WTSP;0.992
21.00	27.00	WTSP;0.908
31.50	36.00	WTSP;0.500
45.00	48.00	WTSP;0.500
54.00	60.00	WTSP;0.985
63.00	67.50	WTSP;0.969
130.50	136.50	WTSP;0.990
139.50	145.50	WTSP;0.991
151.50	157.50	WTSP;0.995
165.00	169.50	WTSP;0.981
174.00	180.00	WTSP;0.984
183.00	190.50	WTSP;0.987
193.50	198.00	WTSP;0.796
201.00	207.00	WTSP;0.974
208.50	213.00	WTSP;0.982
216.00	235.50	WTSP;0.998
240.00	246.00	WTSP;0.994
249.00	255.00	WTSP;0.995
258.00	264.00	WTSP;0.985
277.50	286.50	WTSP;0.984
291.00	298.50	WTSP;0.663
115.50	118.50	WIWA;0.834
291.00	295.50	WIWA;0.806
