60.00	63.00	AMDI;0.546
64.50	67.50	AMRO;0.565
132.00	135.00	AMRO;0.555
159.00	163.50	AMRO;0.729
238.50	241.50	BEWR;0.551
27.00	30.00	BCCH;0.500
31.50	34.50	BCCH;0.500
184.50	187.50	BCCH;0.500
192.00	199.50	BCCH;0.549
229.50	232.50	BCCH;0.785
246.00	249.00	BCCH;0.500
252.00	255.00	BCCH;0.507
258.00	261.00	BCCH;0.762
276.00	279.00	BCCH;0.500
282.00	285.00	BCCH;0.894
294.00	298.50	BCCH;0.700
205.50	208.50	BRSP;0.502
61.50	66.00	CHSW;0.799
75.00	79.50	DOWO;0.603
217.50	220.50	EAME;0.572
240.00	243.00	EATO;0.608
264.00	267.00	EATO;0.552
274.50	277.50	EATO;0.582
111.00	114.00	FISP;0.553
15.00	24.00	FOSP;0.589
30.00	33.00	FOSP;0.597
37.50	40.50	FOSP;0.500
42.00	46.50	FOSP;0.815
48.00	60.00	FOSP;0.818
66.00	70.50	FOSP;0.939
81.00	85.50	FOSP;0.500
96.00	105.00	FOSP;0.952
112.50	117.00	FOSP;0.703
120.00	132.00	FOSP;0.732
138.00	145.50	FOSP;0.500
148.50	153.00	FOSP;0.500
157.50	165.00	FOSP;0.785
172.50	175.50	FOSP;0.500
186.00	190.50	FOSP;0.765
201.00	208.50	FOSP;0.745
217.50	222.00	FOSP;0.768
232.50	237.00	FOSP;0.889
258.00	261.00	FOSP;0.500
273.00	277.50	FOSP;0.771
279.00	283.50	FOSP;0.784
288.00	295.50	FOSP;0.732
183.00	186.00	GCSP;0.525
192.00	195.00	GCSP;0.521
202.50	205.50	GCSP;0.644
208.50	211.50	GCSP;0.637
219.00	223.50	GCSP;0.633
225.00	234.00	GCSP;0.880
246.00	249.00	GCSP;0.537
265.50	270.00	GCSP;0.858
276.00	279.00	GCSP;0.684
126.00	129.00	HASP;0.667
3.00	6.00	HETH;0.502
195.00	199.50	HETH;0.928
207.00	214.50	HETH;0.908
0.00	3.00	LALO;0.595
115.50	118.50	MAMU;0.562
24.00	27.00	MOCH;0.500
33.00	37.50	MOCH;0.500
42.00	45.00	MOCH;0.500
75.00	79.50	MOCH;0.986
84.00	88.50	MOCH;0.710
103.50	108.00	MOCH;0.863
126.00	130.50	MOCH;0.864
183.00	187.50	MOCH;0.500
196.50	202.50	MOCH;0.500
207.00	211.50	MOCH;0.500
250.50	255.00	MOCH;0.500
282.00	285.00	MOCH;0.500
13.50	16.50	NOCA;0.647
205.50	208.50	OSFL;0.522
15.00	19.50	OROR;0.627
120.00	124.50	OROR;0.607
70.50	73.50	PHVI;0.758
15.00	18.00	PUFI;0.574
138.00	145.50	PUFI;0.569
238.50	243.00	RWBL;0.644
252.00	255.00	RWBL;0.550
262.50	265.50	RWBL;0.611
286.50	289.50	RWBL;0.511
144.00	148.50	RBGR;0.949
160.50	163.50	RBGR;0.566
153.00	156.00	RUGR;0.718
180.00	183.00	RUGR;0.514
286.50	291.00	RUGR;0.708
250.50	253.50	RUBL;0.556
151.50	154.50	SAPH;0.812
207.00	210.00	SAPH;0.639
117.00	121.50	SBDO;0.763
132.00	136.50	SBDO;0.771
13.50	19.50	SNBU;0.555
42.00	46.50	SNBU;0.509
49.50	52.50	SNBU;0.500
66.00	69.00	SNBU;0.500
112.50	117.00	SNBU;0.654
138.00	145.50	SNBU;0.500
172.50	175.50	SNBU;0.500
178.50	181.50	SNBU;0.556
205.50	208.50	SNBU;0.500
217.50	222.00	SNBU;0.500
256.50	261.00	SNBU;0.906
286.50	291.00	SNBU;0.940
7.50	12.00	SWSP;0.805
25.50	30.00	SWSP;0.822
144.00	147.00	SWSP;0.552
222.00	226.50	VATH;0.974
31.50	34.50	VESP;0.553
45.00	49.50	VESP;0.761
136.50	139.50	WAVI;0.585
6.00	9.00	WCSP;0.500
19.50	22.50	WCSP;0.500
31.50	36.00	WCSP;0.661
45.00	48.00	WCSP;0.500
69.00	72.00	WCSP;0.500
82.50	87.00	WCSP;0.500
102.00	105.00	WCSP;0.500
157.50	162.00	WCSP;0.500
184.50	213.00	WCSP;0.994
214.50	246.00	WCSP;0.989
247.50	252.00	WCSP;0.993
253.50	258.00	WCSP;0.986
259.50	264.00	WCSP;0.977
265.50	282.00	WCSP;0.993
283.50	288.00	WCSP;0.989
289.50	300.00	WCSP;0.989
21.00	25.50	WTSP;0.906
39.00	43.50	WTSP;0.947
46.50	51.00	WTSP;0.966
84.00	88.50	WTSP;0.638
96.00	99.00	WTSP;0.500
103.50	106.50	WTSP;0.720
115.50	120.00	WTSP;0.518
124.50	129.00	WTSP;0.581
133.50	138.00	WTSP;0.977
192.00	195.00	WTSP;0.500
196.50	199.50	WTSP;0.500
219.00	222.00	WTSP;0.500
33.00	37.50	WWCR;0.799
3.00	15.00	WIWA;0.991
16.50	27.00	WIWA;0.989
28.50	33.00	WIWA;0.987
39.00	43.50	WIWA;0.848
79.50	90.00	WIWA;0.986
91.50	97.50	WIWA;0.989
99.00	103.50	WIWA;0.992
108.00	114.00	WIWA;0.994
115.50	127.50	WIWA;0.988
129.00	133.50	WIWA;0.989
135.00	139.50	WIWA;0.986
141.00	147.00	WIWA;0.968
148.50	153.00	WIWA;0.989
154.50	160.50	WIWA;0.988
162.00	180.00	WIWA;0.990
181.50	186.00	WIWA;0.986
187.50	193.50	WIWA;0.985
207.00	210.00	WIWA;0.500
213.00	217.50	WIWA;0.974
219.00	225.00	WIWA;0.825
226.50	232.50	WIWA;0.990
234.00	238.50	WIWA;0.981
72.00	76.50	WIWR;0.759
72.00	75.00	YRWA;0.579
106.50	109.50	YRWA;0.521
