6.00	9.00	AMDI;0.528
45.00	48.00	AMDI;0.745
85.50	90.00	AMDI;0.598
183.00	186.00	AMDI;0.665
187.50	195.00	AMPI;0.789
196.50	204.00	AMPI;0.704
1.50	6.00	BLRA;0.537
237.00	240.00	BAWW;0.575
28.50	31.50	BCCH;0.709
247.50	250.50	BCCH;0.827
0.00	4.50	BRSP;0.643
7.50	12.00	BRSP;0.603
13.50	19.50	BRSP;0.879
22.50	28.50	BRSP;0.954
31.50	36.00	BRSP;0.751
37.50	43.50	BRSP;0.827
46.50	51.00	BRSP;0.662
52.50	58.50	BRSP;0.598
60.00	64.50	BRSP;0.713
67.50	76.50	BRSP;0.858
82.50	87.00	BRSP;0.848
94.50	100.50	BRSP;0.722
105.00	111.00	BRSP;0.936
114.00	120.00	BRSP;0.983
123.00	129.00	BRSP;0.984
132.00	139.50	BRSP;0.815
144.00	159.00	BRSP;0.917
165.00	171.00	BRSP;0.641
172.50	178.50	BRSP;0.836
184.50	189.00	BRSP;0.535
192.00	198.00	BRSP;0.733
204.00	210.00	BRSP;0.778
213.00	219.00	BRSP;0.912
223.50	229.50	BRSP;0.689
231.00	240.00	BRSP;0.696
241.50	247.50	BRSP;0.795
250.50	256.50	BRSP;0.967
258.00	262.50	BRSP;0.853
268.50	273.00	BRSP;0.829
282.00	288.00	BRSP;0.864
289.50	295.50	BRSP;0.926
297.00	300.00	BRSP;0.884
213.00	216.00	CMWA;0.501
3.00	9.00	CHSP;0.990
10.50	15.00	CHSP;0.914
18.00	24.00	CHSP;0.861
25.50	31.50	CHSP;0.985
33.00	39.00	CHSP;0.993
42.00	46.50	CHSP;0.911
49.50	55.50	CHSP;0.965
57.00	61.50	CHSP;0.916
63.00	69.00	CHSP;0.991
73.50	79.50	CHSP;0.971
84.00	88.50	CHSP;0.500
91.50	97.50	CHSP;0.840
100.50	105.00	CHSP;0.874
108.00	112.50	CHSP;0.673
114.00	120.00	CHSP;0.636
132.00	135.00	CHSP;0.750
139.50	144.00	CHSP;0.885
148.50	153.00	CHSP;0.568
156.00	160.50	CHSP;0.635
162.00	166.50	CHSP;0.929
169.50	174.00	CHSP;0.614
192.00	196.50	CHSP;0.500
201.00	207.00	CHSP;0.881
210.00	214.50	CHSP;0.534
228.00	232.50	CHSP;0.875
238.50	243.00	CHSP;0.815
247.50	252.00	CHSP;0.927
276.00	280.50	CHSP;0.756
285.00	288.00	CHSP;0.516
292.50	298.50	CHSP;0.851
0.00	4.50	CCSP;0.799
7.50	12.00	CCSP;0.859
15.00	19.50	CCSP;0.577
22.50	28.50	CCSP;0.857
31.50	36.00	CCSP;0.500
37.50	42.00	CCSP;0.500
46.50	51.00	CCSP;0.561
54.00	58.50	CCSP;0.815
60.00	64.50	CCSP;0.836
67.50	75.00	CCSP;0.688
82.50	85.50	CCSP;0.500
94.50	100.50	CCSP;0.711
106.50	109.50	CCSP;0.500
115.50	118.50	CCSP;0.500
124.50	127.50	CCSP;0.500
145.50	148.50	CCSP;0.500
154.50	159.00	CCSP;0.635
165.00	169.50	CCSP;0.564
172.50	178.50	CCSP;0.601
184.50	189.00	CCSP;0.774
193.50	198.00	CCSP;0.509
204.00	208.50	CCSP;0.617
213.00	219.00	CCSP;0.645
223.50	229.50	CCSP;0.625
232.50	237.00	CCSP;0.705
241.50	247.50	CCSP;0.840
252.00	256.50	CCSP;0.647
258.00	262.50	CCSP;0.642
270.00	274.50	CCSP;0.500
282.00	286.50	CCSP;0.500
291.00	294.00	CCSP;0.500
297.00	300.00	CCSP;0.500
10.50	16.50	DEJU;0.703
18.00	21.00	DEJU;0.636
45.00	48.00	DEJU;0.646
52.50	55.50	DEJU;0.563
76.50	79.50	DEJU;0.523
94.50	97.50	DEJU;0.546
103.50	106.50	DEJU;0.689
109.50	112.50	DEJU;0.551
117.00	120.00	DEJU;0.691
139.50	145.50	DEJU;0.761
148.50	153.00	DEJU;0.724
157.50	168.00	DEJU;0.625
229.50	234.00	DEJU;0.588
237.00	241.50	DEJU;0.816
276.00	279.00	DEJU;0.586
295.50	298.50	DEJU;0.537
271.50	274.50	DUNL;0.634
19.50	22.50	GCSP;0.500
28.50	31.50	GCSP;0.800
52.50	57.00	GCSP;0.695
84.00	88.50	GCSP;0.500
109.50	114.00	GCSP;0.976
126.00	130.50	GCSP;0.988
142.50	147.00	GCSP;0.980
160.50	165.00	GCSP;0.987
210.00	214.50	GCSP;0.979
246.00	249.00	GCSP;0.985
268.50	274.50	GCSP;0.972
43.50	46.50	HETH;0.673
57.00	60.00	KILL;0.565
30.00	34.50	LISP;0.622
67.50	70.50	LISP;0.902
27.00	30.00	MOCH;0.638
42.00	46.50	MOCH;0.695
138.00	141.00	OVEN;0.502
177.00	180.00	OVEN;0.640
262.50	270.00	OVEN;0.598
273.00	277.50	OVEN;0.665
9.00	12.00	PAWA;0.511
21.00	24.00	PAWA;0.685
42.00	45.00	PAWA;0.584
91.50	94.50	PAWA;0.548
226.50	231.00	PHVI;0.689
244.50	247.50	RWBL;0.532
49.50	52.50	RUTU;0.568
69.00	72.00	RUTU;0.527
88.50	91.50	RUTU;0.525
33.00	37.50	RUGR;0.611
55.50	58.50	RUGR;0.703
186.00	198.00	RUGR;0.741
282.00	286.50	RUGR;0.667
288.00	291.00	RUGR;0.612
117.00	120.00	RUBL;0.641
205.50	211.50	SAND;0.916
70.50	93.00	SOSP;0.744
103.50	115.50	SOSP;0.644
123.00	145.50	SOSP;0.610
147.00	156.00	SOSP;0.872
157.50	162.00	SOSP;0.500
165.00	174.00	SOSP;0.584
175.50	186.00	SOSP;0.638
193.50	198.00	SOSP;0.500
199.50	202.50	SOSP;0.500
204.00	208.50	SOSP;0.500
210.00	214.50	SOSP;0.538
216.00	238.50	SOSP;0.854
240.00	244.50	SOSP;0.500
246.00	249.00	SOSP;0.500
258.00	282.00	SOSP;0.701
120.00	123.00	TOWA;0.517
19.50	22.50	WCSP;0.500
30.00	34.50	WCSP;0.500
61.50	66.00	WCSP;0.818
70.50	75.00	WCSP;0.615
78.00	88.50	WCSP;0.755
109.50	115.50	WCSP;0.988
117.00	123.00	WCSP;0.993
126.00	138.00	WCSP;0.663
142.50	151.50	WCSP;0.500
165.00	174.00	WCSP;0.609
181.50	186.00	WCSP;0.506
187.50	190.50	WCSP;0.500
204.00	214.50	WCSP;0.500
216.00	238.50	WCSP;0.696
249.00	252.00	WCSP;0.500
253.50	261.00	WCSP;0.500
264.00	273.00	WCSP;0.525
277.50	282.00	WCSP;0.541
285.00	289.50	WCSP;0.500
61.50	69.00	WTSP;0.516
70.50	73.50	WTSP;0.500
75.00	82.50	WTSP;0.500
88.50	93.00	WTSP;0.500
99.00	108.00	WTSP;0.500
124.50	139.50	WTSP;0.834
141.00	147.00	WTSP;0.500
148.50	153.00	WTSP;0.500
157.50	165.00	WTSP;0.730
166.50	174.00	WTSP;0.752
175.50	186.00	WTSP;0.804
204.00	208.50	WTSP;0.613
216.00	223.50	WTSP;0.787
226.50	231.00	WTSP;0.500
240.00	244.50	WTSP;0.504
253.50	258.00	WTSP;0.773
264.00	268.50	WTSP;0.500
270.00	282.00	WTSP;0.852
