105.00	108.00	AMGP;0.586
3.00	18.00	AMRO;0.958
21.00	36.00	AMRO;0.950
39.00	43.50	AMRO;0.893
46.50	57.00	AMRO;0.500
64.50	69.00	AMRO;0.500
72.00	75.00	AMRO;0.500
84.00	88.50	AMRO;0.690
94.50	99.00	AMRO;0.904
163.50	171.00	AMRO;0.578
177.00	181.50	AMRO;0.500
184.50	189.00	AMRO;0.640
195.00	198.00	AMRO;0.500
232.50	237.00	AMRO;0.752
243.00	250.50	AMRO;0.738
261.00	265.50	AMRO;0.536
267.00	270.00	AMRO;0.500
273.00	277.50	AMRO;0.689
279.00	286.50	AMRO;0.926
292.50	300.00	AMRO;0.500
297.00	300.00	ATSP;0.596
3.00	6.00	BAOR;0.510
13.50	18.00	BAOR;0.738
21.00	24.00	BAOR;0.521
31.50	34.50	BRSP;0.545
57.00	60.00	BRSP;0.644
115.50	118.50	BRSP;0.712
145.50	148.50	BRSP;0.705
207.00	210.00	BRSP;0.562
225.00	229.50	BRSP;0.695
273.00	276.00	BRSP;0.528
282.00	285.00	BRSP;0.597
286.50	289.50	BRSP;0.527
54.00	57.00	BRTH;0.585
169.50	172.50	BRTH;0.511
261.00	264.00	BRTH;0.526
268.50	271.50	BRTH;0.596
147.00	150.00	CAFI;0.572
184.50	189.00	CBCH;0.582
231.00	235.50	CBCH;0.935
97.50	100.50	CHSW;0.630
237.00	241.50	CHSW;0.767
3.00	10.50	CHSP;0.992
18.00	24.00	CHSP;0.977
27.00	33.00	CHSP;0.951
34.50	39.00	CHSP;0.607
49.50	55.50	CHSP;0.867
57.00	67.50	CHSP;0.971
115.50	121.50	CHSP;0.906
133.50	142.50	CHSP;0.809
145.50	148.50	CHSP;0.500
157.50	162.00	CHSP;0.500
165.00	168.00	CHSP;0.500
174.00	180.00	CHSP;0.989
184.50	193.50	CHSP;0.867
198.00	204.00	CHSP;0.992
208.50	213.00	CHSP;0.987
217.50	223.50	CHSP;0.991
228.00	240.00	CHSP;0.989
244.50	250.50	CHSP;0.986
255.00	264.00	CHSP;0.992
265.50	270.00	CHSP;0.981
273.00	280.50	CHSP;0.990
282.00	289.50	CHSP;0.995
292.50	298.50	CHSP;0.987
16.50	22.50	CCSP;0.764
24.00	28.50	CCSP;0.986
30.00	34.50	CCSP;0.846
37.50	42.00	CCSP;0.681
45.00	49.50	CCSP;0.790
55.50	60.00	CCSP;0.881
61.50	64.50	CCSP;0.500
118.50	121.50	DEJU;0.612
184.50	187.50	DEJU;0.607
225.00	228.00	DEJU;0.744
1.50	4.50	EABL;0.609
169.50	174.00	EABL;0.750
49.50	52.50	FISP;0.594
43.50	48.00	FOSP;0.691
78.00	82.50	FOSP;0.890
0.00	3.00	GCSP;0.554
4.50	7.50	GCSP;0.504
51.00	54.00	GCSP;0.610
48.00	51.00	GWTE;0.609
294.00	297.00	GWTE;0.531
99.00	102.00	HASP;0.673
130.50	133.50	HASP;0.556
262.50	265.50	HASP;0.605
6.00	9.00	HETH;0.537
190.50	193.50	LAZB;0.757
222.00	225.00	LAZB;0.550
0.00	3.00	LISP;0.723
135.00	139.50	LISP;0.986
148.50	153.00	LISP;0.960
160.50	163.50	LISP;0.500
180.00	183.00	LISP;0.771
196.50	204.00	LISP;0.657
211.50	216.00	LISP;0.500
228.00	231.00	LISP;0.500
283.50	286.50	LISP;0.500
67.50	70.50	MGWA;0.551
204.00	207.00	MAMU;0.569
64.50	67.50	MOBL;0.536
166.50	169.50	MOBL;0.591
0.00	3.00	MOCH;0.858
4.50	7.50	MOCH;0.511
24.00	27.00	MOCH;0.500
36.00	39.00	MOCH;0.500
40.50	45.00	MOCH;0.948
52.50	55.50	MOCH;0.500
57.00	60.00	MOCH;0.500
67.50	70.50	MOCH;0.785
72.00	75.00	MOCH;0.627
82.50	85.50	MOCH;0.500
109.50	112.50	MOCH;0.670
118.50	124.50	MOCH;0.614
126.00	129.00	MOCH;0.500
280.50	283.50	MOCH;0.500
183.00	186.00	NOFL;0.538
217.50	220.50	NOPA;0.589
61.50	64.50	OROR;0.616
102.00	106.50	OROR;0.703
175.50	178.50	PHVI;0.557
196.50	201.00	PUFI;0.586
127.50	130.50	REVI;0.594
76.50	79.50	RBGU;0.771
13.50	16.50	RBGR;0.520
39.00	42.00	RBGR;0.504
45.00	48.00	RBGR;0.692
49.50	55.50	RBGR;0.640
267.00	271.50	RBGR;0.773
295.50	300.00	RBGR;0.624
196.50	199.50	RUGR;0.582
285.00	289.50	RUGR;0.713
102.00	106.50	SNBU;0.696
52.50	55.50	SWSP;0.555
250.50	253.50	SWSP;0.512
34.50	39.00	TOSO;0.654
129.00	132.00	TOSO;0.664
138.00	142.50	TOSO;0.817
165.00	168.00	TUTI;0.546
9.00	13.50	VATH;0.877
16.50	22.50	VATH;0.912
37.50	42.00	VATH;0.741
46.50	49.50	VATH;0.649
87.00	93.00	VATH;0.976
99.00	103.50	VATH;0.742
115.50	120.00	VATH;0.974
130.50	135.00	VATH;0.905
141.00	147.00	VATH;0.500
156.00	163.50	VATH;0.988
169.50	177.00	VATH;0.932
186.00	190.50	VATH;0.905
205.50	211.50	VATH;0.987
214.50	219.00	VATH;0.913
268.50	271.50	VATH;0.522
280.50	283.50	VATH;0.769
285.00	294.00	VATH;0.849
141.00	144.00	WEWP;0.541
0.00	3.00	WCSP;0.741
4.50	9.00	WCSP;0.500
31.50	34.50	WCSP;0.500
36.00	40.50	WCSP;0.679
42.00	48.00	WCSP;0.972
58.50	64.50	WCSP;0.986
66.00	70.50	WCSP;0.861
73.50	78.00	WCSP;0.948
82.50	85.50	WCSP;0.798
90.00	96.00	WCSP;0.990
0.00	3.00	WTSP;0.500
10.50	16.50	WTSP;0.984
25.50	31.50	WTSP;0.994
37.50	42.00	WTSP;0.925
48.00	61.50	WTSP;0.993
64.50	73.50	WTSP;0.994
82.50	90.00	WTSP;0.994
106.50	112.50	WTSP;0.996
118.50	129.00	WTSP;0.999
145.50	151.50	WTSP;0.993
189.00	196.50	WTSP;0.995
213.00	217.50	WTSP;0.994
262.50	268.50	WTSP;0.995
276.00	282.00	WTSP;0.997
10.50	15.00	WIWA;0.500
52.50	55.50	WIWA;0.500
66.00	70.50	WIWA;0.500
76.50	81.00	WIWA;0.833
87.00	91.50	WIWA;0.883
97.50	103.50	WIWA;0.987
111.00	117.00	WIWA;0.964
132.00	136.50	WIWA;0.962
141.00	147.00	WIWA;0.985
151.50	157.50	WIWA;0.992
166.50	172.50	WIWA;0.972
177.00	181.50	WIWA;0.989
187.50	192.00	WIWA;0.971
210.00	214.50	WIWA;0.960
219.00	225.00	WIWA;0.977
231.00	238.50	WIWA;0.976
240.00	246.00	WIWA;0.986
247.50	255.00	WIWA;0.987
258.00	262.50	WIWA;0.987
267.00	271.50	WIWA;0.791
276.00	280.50	WIWA;0.736
292.50	297.00	WIWA;0.773
