174.00	177.00	CBCH;0.592
30.00	39.00	CHSW;0.859
57.00	60.00	CHSW;0.500
64.50	67.50	CHSW;0.500
99.00	102.00	CHSW;0.500
117.00	121.50	CHSW;0.718
124.50	130.50	CHSW;0.530
133.50	138.00	CHSW;0.670
201.00	204.00	CHSW;0.751
229.50	235.50	CHSW;0.920
267.00	271.50	CHSW;0.692
276.00	279.00	CHSW;0.547
0.00	4.50	CHSP;0.823
151.50	154.50	CHSP;0.591
270.00	274.50	CHSP;0.930
292.50	295.50	CHSP;0.569
7.50	12.00	DEJU;0.810
205.50	208.50	DEJU;0.573
285.00	288.00	GCSP;0.624
93.00	96.00	HAFL;0.502
46.50	49.50	HETH;0.576
76.50	79.50	LAZB;0.758
84.00	87.00	LAZB;0.855
214.50	217.50	LAZB;0.657
4.50	9.00	MOCH;0.890
24.00	27.00	MOCH;0.500
40.50	45.00	MOCH;0.500
46.50	49.50	MOCH;0.500
55.50	58.50	MOCH;0.781
67.50	72.00	MOCH;0.974
225.00	229.50	MOCH;0.500
0.00	4.50	RUGR;0.790
28.50	33.00	RUBL;0.778
54.00	57.00	RUBL;0.511
258.00	261.00	SPGR;0.547
39.00	42.00	SWSP;0.618
81.00	84.00	SWSP;0.501
97.50	100.50	SWSP;0.720
135.00	138.00	SWSP;0.556
295.50	298.50	SWSP;0.527
120.00	123.00	TOSO;0.583
13.50	18.00	VATH;0.852
69.00	72.00	VATH;0.547
67.50	70.50	WTSP;0.835
30.00	34.50	WIWA;0.822
37.50	42.00	WIWA;0.959
43.50	48.00	WIWA;0.986
49.50	55.50	WIWA;0.986
57.00	63.00	WIWA;0.990
64.50	70.50	WIWA;0.987
73.50	79.50	WIWA;0.987
81.00	87.00	WIWA;0.986
90.00	94.50	WIWA;0.988
99.00	103.50	WIWA;0.975
106.50	111.00	WIWA;0.993
126.00	130.50	WIWA;0.986
135.00	138.00	WIWA;0.500
144.00	148.50	WIWA;0.992
153.00	157.50	WIWA;0.990
162.00	166.50	WIWA;0.981
171.00	175.50	WIWA;0.988
181.50	186.00	WIWA;0.991
192.00	196.50	WIWA;0.988
201.00	207.00	WIWA;0.989
211.50	217.50	WIWA;0.987
220.50	226.50	WIWA;0.984
231.00	235.50	WIWA;0.941
238.50	244.50	WIWA;0.988
249.00	253.50	WIWA;0.986
267.00	271.50	WIWA;0.883
276.00	282.00	WIWA;0.994
283.50	300.00	WIWA;0.993
