30.00	33.00	ACFL;0.682
133.50	136.50	AMAV;0.501
115.50	118.50	AMDI;0.612
226.50	229.50	AMDI;0.593
231.00	234.00	AMDI;0.518
9.00	12.00	AMRO;0.680
36.00	40.50	AMRO;0.517
63.00	69.00	AMRO;0.500
73.50	78.00	AMRO;0.511
85.50	90.00	AMRO;0.872
97.50	102.00	AMRO;0.586
115.50	129.00	AMRO;0.932
141.00	144.00	AMRO;0.500
151.50	156.00	AMRO;0.500
213.00	216.00	AMRO;0.500
237.00	243.00	AMRO;0.994
250.50	259.50	AMRO;0.604
265.50	276.00	AMRO;0.962
277.50	283.50	AMRO;0.970
288.00	298.50	AMRO;0.881
55.50	63.00	ATSP;0.890
88.50	93.00	AMWI;0.718
120.00	123.00	BAOR;0.502
249.00	253.50	BAOR;0.614
91.50	94.50	BBPL;0.559
235.50	238.50	BCCH;0.532
45.00	48.00	BUOR;0.671
103.50	106.50	BUOR;0.524
180.00	183.00	CAFI;0.687
193.50	196.50	CAFI;0.641
219.00	222.00	CAFI;0.923
297.00	300.00	CAFI;0.844
189.00	192.00	CHSW;0.800
142.50	147.00	CHSP;0.654
42.00	46.50	COMU;0.717
235.50	238.50	DEJU;0.619
247.50	250.50	DEJU;0.704
67.50	70.50	EABL;0.509
115.50	118.50	EABL;0.512
237.00	240.00	EABL;0.529
10.50	15.00	FISP;0.830
112.50	117.00	FOSP;0.828
154.50	159.00	FOSP;0.853
168.00	172.50	FOSP;0.972
184.50	189.00	FOSP;0.878
202.50	208.50	FOSP;0.983
223.50	228.00	FOSP;0.850
240.00	246.00	FOSP;0.982
261.00	265.50	FOSP;0.965
282.00	286.50	FOSP;0.964
0.00	4.50	GCSP;0.540
13.50	16.50	GCSP;0.520
25.50	28.50	GCSP;0.533
91.50	96.00	GCSP;0.629
64.50	67.50	GRCA;0.543
211.50	214.50	GWTE;0.539
252.00	256.50	GWTE;0.846
174.00	181.50	HETH;0.883
235.50	240.00	HETH;0.938
267.00	270.00	HETH;0.510
52.50	57.00	LEYE;0.668
6.00	10.50	LISP;0.995
16.50	22.50	LISP;0.996
27.00	31.50	LISP;0.995
39.00	43.50	LISP;0.994
49.50	55.50	LISP;0.996
61.50	66.00	LISP;0.989
72.00	78.00	LISP;0.967
84.00	90.00	LISP;0.994
96.00	102.00	LISP;0.993
108.00	114.00	LISP;0.991
121.50	127.50	LISP;0.992
133.50	144.00	LISP;0.990
147.00	156.00	LISP;0.990
166.50	171.00	LISP;0.937
181.50	186.00	LISP;0.965
193.50	199.50	LISP;0.981
207.00	213.00	LISP;0.974
220.50	225.00	LISP;0.959
232.50	237.00	LISP;0.974
244.50	249.00	LISP;0.948
258.00	264.00	LISP;0.930
270.00	276.00	LISP;0.977
285.00	289.50	LISP;0.927
82.50	85.50	MAMU;0.516
0.00	3.00	MOCH;0.519
55.50	60.00	MOCH;0.712
94.50	97.50	MOCH;0.709
172.50	177.00	MOCH;0.952
145.50	150.00	MOWA;0.547
153.00	156.00	NOCA;0.544
28.50	33.00	NRWS;0.623
79.50	82.50	PIGR;0.509
22.50	25.50	PUFI;0.508
75.00	78.00	PUFI;0.506
79.50	82.50	PUFI;0.510
193.50	196.50	PUFI;0.525
207.00	210.00	PUFI;0.535
270.00	273.00	PUFI;0.539
79.50	82.50	RCKI;0.500
100.50	106.50	RCKI;0.983
118.50	123.00	RCKI;0.877
130.50	135.00	RCKI;0.990
177.00	180.00	RUTU;0.577
265.50	268.50	SAND;0.503
228.00	231.00	SESA;0.514
19.50	24.00	SBDO;0.815
13.50	18.00	SWSP;0.855
24.00	28.50	SWSP;0.820
34.50	39.00	SWSP;0.814
46.50	49.50	SWSP;0.500
54.00	58.50	SWSP;0.764
75.00	78.00	SWSP;0.500
94.50	99.00	SWSP;0.628
117.00	121.50	SWSP;0.630
126.00	132.00	SWSP;0.774
136.50	141.00	SWSP;0.500
148.50	153.00	SWSP;0.588
159.00	163.50	SWSP;0.539
169.50	174.00	SWSP;0.500
180.00	184.50	SWSP;0.632
189.00	195.00	SWSP;0.963
199.50	205.50	SWSP;0.528
211.50	216.00	SWSP;0.562
228.00	231.00	TOSO;0.597
249.00	252.00	TUTI;0.537
231.00	234.00	WETA;0.556
13.50	18.00	WCSP;0.565
25.50	28.50	WCSP;0.500
31.50	36.00	WCSP;0.989
37.50	45.00	WCSP;0.815
67.50	72.00	WCSP;0.962
111.00	115.50	WCSP;0.619
205.50	208.50	WCSP;0.500
243.00	246.00	WCSP;0.500
0.00	4.50	WTSP;0.601
10.50	15.00	WTSP;0.907
111.00	115.50	WTSP;0.591
3.00	7.50	WIWA;0.989
13.50	18.00	WIWA;0.724
22.50	28.50	WIWA;0.931
33.00	39.00	WIWA;0.837
43.50	48.00	WIWA;0.979
54.00	60.00	WIWA;0.548
64.50	69.00	WIWA;0.660
75.00	79.50	WIWA;0.970
94.50	99.00	WIWA;0.696
106.50	111.00	WIWA;0.948
117.00	121.50	WIWA;0.788
126.00	132.00	WIWA;0.929
136.50	141.00	WIWA;0.846
148.50	153.00	WIWA;0.898
159.00	163.50	WIWA;0.824
169.50	174.00	WIWA;0.879
180.00	183.00	WIWA;0.710
190.50	193.50	WIWA;0.500
199.50	204.00	WIWA;0.952
211.50	216.00	WIWA;0.917
247.50	252.00	YRWA;0.760
265.50	268.50	YRWA;0.621
283.50	288.00	YRWA;0.712
