133.50	138.00	AMGP;0.595
15.00	19.50	AMRO;0.612
21.00	25.50	AMRO;0.901
193.50	196.50	AMRO;0.663
225.00	228.00	AMRO;0.629
243.00	246.00	AMRO;0.522
261.00	264.00	AMRO;0.838
268.50	273.00	AMRO;0.684
186.00	190.50	BAOR;0.560
193.50	196.50	BAOR;0.648
201.00	204.00	BAOR;0.571
238.50	241.50	BAOR;0.563
39.00	42.00	BEWR;0.533
108.00	111.00	BCCH;0.502
183.00	186.00	BCCH;0.716
100.50	103.50	BHVI;0.589
159.00	162.00	BRSP;0.519
31.50	34.50	BUOR;0.543
105.00	108.00	CCSP;0.510
177.00	180.00	EAME;0.510
1.50	4.50	FISP;0.540
9.00	13.50	FISP;0.500
30.00	36.00	FISP;0.500
42.00	49.50	FISP;0.763
52.50	58.50	FISP;0.648
63.00	69.00	FISP;0.500
115.50	118.50	FISP;0.500
123.00	126.00	FISP;0.500
130.50	135.00	FISP;0.500
145.50	150.00	FISP;0.500
156.00	159.00	FISP;0.500
163.50	166.50	FISP;0.500
172.50	175.50	FISP;0.500
184.50	187.50	FISP;0.777
199.50	205.50	FISP;0.500
210.00	213.00	FISP;0.500
234.00	237.00	FISP;0.732
279.00	282.00	FISP;0.500
288.00	291.00	FISP;0.813
292.50	295.50	FISP;0.500
12.00	16.50	FOSP;0.970
24.00	30.00	FOSP;0.825
36.00	42.00	FOSP;0.934
48.00	52.50	FOSP;0.974
58.50	64.50	FOSP;0.972
72.00	76.50	FOSP;0.975
85.50	90.00	FOSP;0.847
91.50	102.00	FOSP;0.956
109.50	115.50	FOSP;0.806
118.50	123.00	FOSP;0.742
124.50	129.00	FOSP;0.948
136.50	142.50	FOSP;0.965
145.50	148.50	FOSP;0.538
150.00	156.00	FOSP;0.952
162.00	168.00	FOSP;0.851
172.50	175.50	FOSP;0.500
177.00	183.00	FOSP;0.955
189.00	195.00	FOSP;0.961
196.50	201.00	FOSP;0.578
205.50	210.00	FOSP;0.967
219.00	228.00	FOSP;0.935
231.00	235.50	FOSP;0.969
237.00	241.50	FOSP;0.500
244.50	253.50	FOSP;0.982
256.50	265.50	FOSP;0.949
271.50	276.00	FOSP;0.954
283.50	288.00	FOSP;0.912
36.00	39.00	GCSP;0.692
46.50	49.50	GCSP;0.509
123.00	126.00	GCSP;0.883
159.00	162.00	GCSP;0.574
22.50	25.50	GWTE;0.662
291.00	294.00	GWTE;0.663
51.00	54.00	HETH;0.582
90.00	93.00	MAMU;0.624
1.50	4.50	MOCH;0.500
9.00	12.00	MOCH;0.500
22.50	25.50	MOCH;0.507
27.00	36.00	MOCH;0.827
43.50	51.00	MOCH;0.595
54.00	58.50	MOCH;0.500
66.00	70.50	MOCH;0.745
93.00	96.00	MOCH;0.500
102.00	106.50	MOCH;0.684
108.00	111.00	MOCH;0.500
115.50	118.50	MOCH;0.500
130.50	133.50	MOCH;0.500
141.00	145.50	MOCH;0.500
148.50	151.50	MOCH;0.500
154.50	159.00	MOCH;0.583
160.50	166.50	MOCH;0.718
168.00	174.00	MOCH;0.848
183.00	186.00	MOCH;0.694
195.00	198.00	MOCH;0.926
210.00	213.00	MOCH;0.650
216.00	219.00	MOCH;0.766
222.00	225.00	MOCH;0.842
253.50	256.50	MOCH;0.910
268.50	271.50	MOCH;0.813
273.00	276.00	MOCH;0.785
277.50	282.00	MOCH;0.778
292.50	295.50	MOCH;0.500
84.00	88.50	RECR;0.650
136.50	139.50	RECR;0.651
162.00	166.50	RECR;0.643
297.00	300.00	RECR;0.583
79.50	82.50	ROWR;0.668
114.00	117.00	ROWR;0.593
144.00	147.00	ROWR;0.572
3.00	7.50	RBGR;0.917
93.00	96.00	RUBL;0.657
154.50	157.50	RUBL;0.500
268.50	273.00	SBDO;0.732
286.50	289.50	SBDO;0.729
262.50	265.50	SNBU;0.536
229.50	232.50	SPSA;0.508
282.00	285.00	SPSA;0.626
0.00	4.50	VATH;0.925
16.50	21.00	VATH;0.949
31.50	34.50	VATH;0.500
40.50	43.50	VATH;0.500
57.00	61.50	VATH;0.971
79.50	85.50	VATH;0.991
115.50	120.00	VATH;0.529
132.00	136.50	VATH;0.732
148.50	153.00	VATH;0.500
175.50	180.00	VATH;0.507
184.50	189.00	VATH;0.890
202.50	205.50	VATH;0.500
211.50	216.00	VATH;0.825
229.50	234.00	VATH;0.889
238.50	243.00	VATH;0.973
262.50	267.00	VATH;0.926
280.50	285.00	VATH;0.954
289.50	294.00	VATH;0.947
3.00	7.50	WCSP;0.981
9.00	18.00	WCSP;0.957
19.50	24.00	WCSP;0.906
25.50	33.00	WCSP;0.996
34.50	40.50	WCSP;0.946
42.00	49.50	WCSP;0.986
51.00	60.00	WCSP;0.954
63.00	75.00	WCSP;0.993
76.50	82.50	WCSP;0.991
87.00	91.50	WCSP;0.974
94.50	100.50	WCSP;0.964
103.50	108.00	WCSP;0.984
111.00	117.00	WCSP;0.983
123.00	129.00	WCSP;0.798
141.00	147.00	WCSP;0.985
156.00	162.00	WCSP;0.985
165.00	169.50	WCSP;0.973
172.50	178.50	WCSP;0.981
186.00	192.00	WCSP;0.989
196.50	201.00	WCSP;0.973
204.00	211.50	WCSP;0.986
213.00	222.00	WCSP;0.972
223.50	231.00	WCSP;0.975
235.50	259.50	WCSP;0.985
261.00	268.50	WCSP;0.977
270.00	279.00	WCSP;0.990
285.00	298.50	WCSP;0.990
67.50	70.50	WTSP;0.503
130.50	135.00	WTSP;0.891
141.00	144.00	WTSP;0.568
147.00	151.50	WTSP;0.723
169.50	172.50	WTSP;0.580
184.50	187.50	WTSP;0.543
202.50	205.50	WTSP;0.748
211.50	214.50	WTSP;0.630
222.00	225.00	WTSP;0.517
234.00	237.00	WTSP;0.745
