129.00	133.50	AMDI;0.691
150.00	154.50	AMDI;0.674
420.00	423.00	AMDI;0.553
582.00	585.00	AMDI;0.658
421.50	430.50	AMRO;0.908
421.50	424.50	BAOR;0.500
426.00	430.50	BAOR;0.613
123.00	127.50	BLRA;0.647
144.00	147.00	BCCH;0.570
508.50	511.50	BTNW;0.526
7.50	10.50	BLJA;0.544
36.00	40.50	BRSP;0.885
42.00	45.00	BRSP;0.504
87.00	91.50	BRSP;0.677
364.50	367.50	BRSP;0.627
385.50	390.00	DUNL;0.618
393.00	397.50	DUNL;0.748
493.50	496.50	DUNL;0.515
582.00	585.00	DUNL;0.540
201.00	204.00	FOSP;0.596
223.50	228.00	FOSP;0.619
231.00	237.00	FOSP;0.924
379.50	382.50	GCSP;0.513
279.00	282.00	HETH;0.553
129.00	132.00	LESA;0.538
421.50	426.00	MOBL;0.960
9.00	12.00	MOCH;0.500
31.50	37.50	MOCH;0.990
58.50	61.50	MOCH;0.513
67.50	73.50	MOCH;0.500
97.50	102.00	MOCH;0.923
139.50	147.00	MOCH;0.500
148.50	153.00	MOCH;0.577
282.00	285.00	MOCH;0.772
315.00	318.00	MOCH;0.500
321.00	325.50	MOCH;0.978
361.50	364.50	MOCH;0.531
378.00	384.00	MOCH;0.838
387.00	390.00	MOCH;0.500
400.50	405.00	MOCH;0.710
409.50	414.00	MOCH;0.619
417.00	420.00	MOCH;0.664
501.00	505.50	MOCH;0.620
507.00	511.50	MOCH;0.821
547.50	552.00	MOCH;0.500
42.00	46.50	NESP;0.748
48.00	52.50	NESP;0.669
253.50	256.50	RUGR;0.717
342.00	345.00	RUBL;0.627
222.00	228.00	SNBU;0.820
48.00	54.00	SOSP;0.800
55.50	60.00	SOSP;0.921
63.00	67.50	SOSP;0.576
76.50	85.50	SOSP;0.680
10.50	15.00	SPGR;0.548
91.50	94.50	SPGR;0.524
97.50	100.50	SPGR;0.659
102.00	109.50	SPGR;0.783
111.00	118.50	SPGR;0.579
138.00	142.50	SPGR;0.543
159.00	162.00	SPGR;0.502
184.50	187.50	SPGR;0.575
202.50	208.50	SPGR;0.655
238.50	241.50	SPGR;0.505
264.00	268.50	SPGR;0.679
271.50	274.50	SPGR;0.672
285.00	289.50	SPGR;0.882
292.50	297.00	SPGR;0.650
301.50	306.00	SPGR;0.575
325.50	328.50	SPGR;0.547
339.00	343.50	SPGR;0.569
390.00	393.00	SPGR;0.519
405.00	408.00	SPGR;0.688
429.00	432.00	SPGR;0.523
468.00	471.00	SPGR;0.606
477.00	480.00	SPGR;0.620
490.50	493.50	SPGR;0.553
495.00	501.00	SPGR;0.705
504.00	508.50	SPGR;0.621
514.50	517.50	SPGR;0.568
520.50	523.50	SPGR;0.580
543.00	547.50	SPGR;0.604
568.50	571.50	SPGR;0.516
574.50	580.50	SPGR;0.711
432.00	435.00	SUTA;0.623
502.50	505.50	VATH;0.500
535.50	541.50	VATH;0.976
546.00	550.50	VATH;0.500
585.00	589.50	VATH;0.969
9.00	12.00	WCSP;0.500
45.00	48.00	WCSP;0.500
129.00	133.50	WCSP;0.500
144.00	147.00	WCSP;0.500
150.00	154.50	WCSP;0.500
178.50	183.00	WCSP;0.716
184.50	189.00	WCSP;0.614
192.00	202.50	WCSP;0.739
226.50	229.50	WCSP;0.504
315.00	319.50	WCSP;0.500
355.50	360.00	WCSP;0.965
363.00	367.50	WCSP;0.984
369.00	373.50	WCSP;0.967
400.50	405.00	WCSP;0.574
417.00	421.50	WCSP;0.833
435.00	439.50	WCSP;0.978
508.50	511.50	WCSP;0.500
580.50	585.00	WCSP;0.858
589.50	594.00	WCSP;0.981
33.00	37.50	WTSP;0.906
45.00	51.00	WTSP;0.965
55.50	61.50	WTSP;0.590
63.00	73.50	WTSP;0.905
139.50	147.00	WTSP;0.918
193.50	198.00	WTSP;0.500
279.00	285.00	WTSP;0.997
322.50	327.00	WTSP;0.945
361.50	364.50	WTSP;0.721
369.00	372.00	WTSP;0.500
379.50	382.50	WTSP;0.500
507.00	510.00	WTSP;0.500
192.00	195.00	YRWA;0.657
