270.00	274.50	AMDI;0.706
274.50	277.50	AMGP;0.605
0.00	18.00	AMRO;0.960
21.00	28.50	AMRO;0.898
31.50	54.00	AMRO;0.993
69.00	72.00	AMRO;0.500
85.50	90.00	AMRO;0.740
99.00	103.50	AMRO;0.603
106.50	109.50	AMRO;0.500
117.00	121.50	AMRO;0.500
123.00	126.00	AMRO;0.523
156.00	169.50	AMRO;0.964
171.00	198.00	AMRO;0.985
199.50	211.50	AMRO;0.993
213.00	237.00	AMRO;0.969
238.50	243.00	AMRO;0.886
244.50	253.50	AMRO;0.867
255.00	261.00	AMRO;0.987
265.50	270.00	AMRO;0.711
273.00	286.50	AMRO;0.989
288.00	292.50	AMRO;0.559
315.00	333.00	AMRO;0.982
334.50	349.50	AMRO;0.958
351.00	354.00	AMRO;0.500
360.00	363.00	AMRO;0.500
366.00	388.50	AMRO;0.963
408.00	466.50	AMRO;0.997
469.50	486.00	AMRO;0.998
516.00	520.50	AMRO;0.500
546.00	550.50	AMRO;0.562
577.50	583.50	AMRO;0.962
585.00	588.00	AMRO;0.500
462.00	466.50	ATSP;0.653
7.50	12.00	BAOR;0.919
190.50	193.50	BAOR;0.842
198.00	201.00	BAOR;0.657
213.00	216.00	BAOR;0.688
228.00	235.50	BAOR;0.723
439.50	442.50	BAOR;0.561
445.50	448.50	BAOR;0.697
450.00	453.00	BAOR;0.608
541.50	544.50	BAOR;0.518
448.50	451.50	BHGR;0.521
435.00	438.00	BRTH;0.612
502.50	507.00	CAFI;0.746
418.50	421.50	CAVI;0.502
18.00	22.50	CHSP;0.971
34.50	39.00	CHSP;0.669
46.50	52.50	CHSP;0.891
54.00	64.50	CHSP;0.941
67.50	73.50	CHSP;0.928
76.50	81.00	CHSP;0.890
82.50	87.00	CHSP;0.931
88.50	94.50	CHSP;0.932
96.00	102.00	CHSP;0.952
103.50	108.00	CHSP;0.963
109.50	115.50	CHSP;0.952
120.00	124.50	CHSP;0.887
127.50	133.50	CHSP;0.860
136.50	141.00	CHSP;0.983
144.00	148.50	CHSP;0.952
151.50	157.50	CHSP;0.975
159.00	163.50	CHSP;0.980
165.00	171.00	CHSP;0.984
172.50	177.00	CHSP;0.787
180.00	184.50	CHSP;0.986
187.50	193.50	CHSP;0.977
195.00	199.50	CHSP;0.874
202.50	207.00	CHSP;0.874
208.50	214.50	CHSP;0.857
216.00	222.00	CHSP;0.987
225.00	229.50	CHSP;0.987
238.50	243.00	CHSP;0.671
247.50	252.00	CHSP;0.915
253.50	259.50	CHSP;0.941
261.00	267.00	CHSP;0.891
268.50	273.00	CHSP;0.877
276.00	282.00	CHSP;0.984
283.50	288.00	CHSP;0.824
292.50	298.50	CHSP;0.912
484.50	489.00	CHSP;0.597
519.00	523.50	CHSP;0.547
540.00	544.50	CHSP;0.720
562.50	567.00	CHSP;0.601
574.50	579.00	CHSP;0.500
16.50	19.50	DEJU;0.525
34.50	42.00	DEJU;0.500
57.00	66.00	DEJU;0.665
70.50	73.50	DEJU;0.500
75.00	81.00	DEJU;0.773
82.50	94.50	DEJU;0.863
96.00	102.00	DEJU;0.942
106.50	115.50	DEJU;0.637
127.50	130.50	DEJU;0.525
147.00	153.00	DEJU;0.684
154.50	160.50	DEJU;0.578
168.00	171.00	DEJU;0.500
175.50	181.50	DEJU;0.586
183.00	186.00	DEJU;0.500
187.50	193.50	DEJU;0.530
198.00	201.00	DEJU;0.500
205.50	208.50	DEJU;0.500
211.50	214.50	DEJU;0.600
219.00	222.00	DEJU;0.500
223.50	226.50	DEJU;0.556
228.00	231.00	DEJU;0.500
246.00	249.00	DEJU;0.500
253.50	259.50	DEJU;0.500
264.00	270.00	DEJU;0.632
279.00	282.00	DEJU;0.500
283.50	289.50	DEJU;0.500
292.50	295.50	DEJU;0.500
300.00	304.50	DEJU;0.500
403.50	408.00	DEJU;0.500
484.50	489.00	DEJU;0.531
499.50	504.00	DEJU;0.500
540.00	544.50	DEJU;0.500
562.50	568.50	DEJU;0.612
574.50	580.50	DEJU;0.669
585.00	589.50	DEJU;0.500
591.00	595.50	DEJU;0.509
237.00	240.00	EABL;0.512
127.50	130.50	EAME;0.641
127.50	136.50	FOSP;0.949
139.50	145.50	FOSP;0.976
270.00	273.00	FOSP;0.500
304.50	307.50	FOSP;0.500
375.00	378.00	GRCA;0.552
406.50	409.50	GRFL;0.763
4.50	9.00	GWTE;0.569
15.00	19.50	GWTE;0.615
156.00	160.50	GWTE;0.979
193.50	196.50	GWTE;0.530
231.00	234.00	GWTE;0.549
252.00	255.00	GWTE;0.574
318.00	322.50	GWTE;0.787
471.00	475.50	GWTE;0.569
543.00	546.00	GWTE;0.652
196.50	201.00	LALO;0.824
168.00	172.50	MOCH;0.631
75.00	78.00	OCWA;0.636
54.00	57.00	PAWA;0.716
174.00	177.00	PAWA;0.519
208.50	211.50	PAWA;0.829
238.50	244.50	PAWA;0.816
249.00	252.00	PAWA;0.649
253.50	256.50	PAWA;0.636
261.00	264.00	PAWA;0.658
268.50	271.50	PAWA;0.548
286.50	289.50	PAWA;0.618
292.50	298.50	PAWA;0.658
405.00	408.00	PAWA;0.568
244.50	249.00	PIGR;0.568
502.50	505.50	PIGR;0.535
364.50	369.00	PISI;0.985
444.00	447.00	PUFI;0.573
10.50	13.50	RBGR;0.691
231.00	235.50	RBGR;0.644
4.50	7.50	RUGR;0.832
129.00	132.00	RUGR;0.517
190.50	193.50	RUGR;0.597
271.50	277.50	RUGR;0.827
415.50	418.50	RUGR;0.619
561.00	565.50	RUGR;0.764
114.00	118.50	SBDO;0.942
211.50	216.00	SBDO;0.500
235.50	241.50	SBDO;0.644
244.50	249.00	SBDO;0.500
252.00	256.50	SBDO;0.872
259.50	262.50	SBDO;0.668
372.00	376.50	SBDO;0.693
385.50	388.50	SBDO;0.500
504.00	508.50	SBDO;0.500
270.00	273.00	SNBU;0.525
460.50	465.00	SUTA;0.720
472.50	477.00	SUTA;0.641
163.50	168.00	TOSO;0.957
241.50	244.50	TOSO;0.547
375.00	378.00	TOSO;0.572
414.00	418.50	TOSO;0.582
516.00	520.50	TOSO;0.572
333.00	337.50	WEFL;0.612
439.50	442.50	WETA;0.648
454.50	457.50	WETA;0.602
301.50	304.50	WCSP;0.607
333.00	337.50	WCSP;0.549
460.50	463.50	WCSP;0.686
466.50	471.00	WCSP;0.906
