208.50	211.50	BEWR;0.502
225.00	229.50	BEWR;0.700
241.50	246.00	BEWR;0.610
15.00	18.00	CHSW;0.530
28.50	31.50	CHSW;0.603
85.50	88.50	CHSW;0.571
135.00	138.00	CHSW;0.517
145.50	150.00	CHSW;0.697
189.00	192.00	CHSW;0.547
217.50	220.50	CHSW;0.697
1.50	6.00	CHSP;0.803
12.00	16.50	CHSP;0.868
21.00	25.50	CHSP;0.704
31.50	36.00	CHSP;0.721
39.00	43.50	CHSP;0.786
49.50	54.00	CHSP;0.517
58.50	63.00	CHSP;0.718
67.50	72.00	CHSP;0.534
75.00	79.50	CHSP;0.660
87.00	90.00	CHSP;0.590
96.00	102.00	CHSP;0.725
105.00	109.50	CHSP;0.877
124.50	127.50	CHSP;0.500
132.00	136.50	CHSP;0.634
142.50	147.00	CHSP;0.875
154.50	157.50	CHSP;0.500
160.50	165.00	CHSP;0.824
171.00	174.00	CHSP;0.500
178.50	184.50	CHSP;0.912
192.00	195.00	CHSP;0.615
202.50	208.50	CHSP;0.704
213.00	216.00	CHSP;0.500
240.00	244.50	CHSP;0.840
247.50	253.50	CHSP;0.826
256.50	262.50	CHSP;0.671
267.00	271.50	CHSP;0.796
276.00	282.00	CHSP;0.846
285.00	291.00	CHSP;0.953
1.50	7.50	DEJU;0.859
9.00	16.50	DEJU;0.876
21.00	25.50	DEJU;0.789
31.50	45.00	DEJU;0.970
48.00	55.50	DEJU;0.952
57.00	63.00	DEJU;0.982
66.00	72.00	DEJU;0.932
75.00	81.00	DEJU;0.980
87.00	91.50	DEJU;0.982
96.00	102.00	DEJU;0.884
105.00	111.00	DEJU;0.980
114.00	120.00	DEJU;0.758
124.50	129.00	DEJU;0.959
132.00	138.00	DEJU;0.928
141.00	147.00	DEJU;0.918
151.50	157.50	DEJU;0.959
160.50	166.50	DEJU;0.863
169.50	175.50	DEJU;0.965
178.50	184.50	DEJU;0.712
186.00	189.00	DEJU;0.939
190.50	196.50	DEJU;0.979
202.50	210.00	DEJU;0.631
213.00	217.50	DEJU;0.955
222.00	226.50	DEJU;0.943
232.50	235.50	DEJU;0.500
241.50	244.50	DEJU;0.500
247.50	253.50	DEJU;0.958
256.50	271.50	DEJU;0.973
276.00	283.50	DEJU;0.796
285.00	292.50	DEJU;0.595
295.50	300.00	DEJU;0.982
48.00	51.00	EAME;0.655
172.50	175.50	EAME;0.927
4.50	9.00	FOSP;0.500
19.50	22.50	FOSP;0.761
24.00	28.50	FOSP;0.950
30.00	34.50	FOSP;0.500
37.50	42.00	FOSP;0.858
54.00	58.50	FOSP;0.908
67.50	73.50	FOSP;0.938
85.50	90.00	FOSP;0.712
93.00	97.50	FOSP;0.746
99.00	105.00	FOSP;0.910
109.50	120.00	FOSP;0.849
130.50	135.00	FOSP;0.814
138.00	142.50	FOSP;0.632
148.50	153.00	FOSP;0.869
166.50	171.00	FOSP;0.908
174.00	177.00	FOSP;0.500
181.50	186.00	FOSP;0.806
196.50	201.00	FOSP;0.886
211.50	216.00	FOSP;0.778
235.50	240.00	FOSP;0.540
285.00	289.50	FOSP;0.708
124.50	127.50	HASP;0.624
202.50	205.50	HASP;0.534
52.50	55.50	HETH;0.784
27.00	30.00	HOLA;0.630
10.50	13.50	LISP;0.554
28.50	31.50	LISP;0.684
61.50	66.00	LISP;0.777
79.50	84.00	LISP;0.973
99.00	103.50	LISP;0.500
115.50	123.00	LISP;0.500
186.00	190.50	LISP;0.875
208.50	211.50	LISP;0.638
225.00	229.50	LISP;0.500
241.50	246.00	LISP;0.502
261.00	265.50	LISP;0.729
279.00	282.00	LISP;0.500
195.00	198.00	MOWA;0.513
67.50	70.50	OSFL;0.501
114.00	117.00	OCWA;0.728
123.00	127.50	OCWA;0.934
138.00	141.00	PUFI;0.504
109.50	112.50	RECR;0.525
118.50	121.50	REVI;0.514
133.50	136.50	RUGR;0.554
4.50	9.00	SNBU;0.757
18.00	22.50	SNBU;0.723
69.00	72.00	SNBU;0.516
174.00	177.00	SNBU;0.528
12.00	15.00	TOSO;0.563
142.50	147.00	TOSO;0.576
0.00	3.00	VATH;0.500
9.00	13.50	VATH;0.837
33.00	37.50	VATH;0.970
42.00	60.00	VATH;0.987
63.00	67.50	VATH;0.989
73.50	78.00	VATH;0.990
81.00	88.50	VATH;0.897
94.50	100.50	VATH;0.932
112.50	118.50	VATH;0.990
124.50	132.00	VATH;0.971
133.50	136.50	VATH;0.500
139.50	144.00	VATH;0.636
156.00	162.00	VATH;0.985
163.50	169.50	VATH;0.922
177.00	184.50	VATH;0.500
189.00	195.00	VATH;0.955
199.50	211.50	VATH;0.964
231.00	235.50	VATH;0.500
244.50	249.00	VATH;0.794
256.50	261.00	VATH;0.976
282.00	285.00	VATH;0.500
291.00	295.50	VATH;0.876
9.00	12.00	WCSP;0.500
24.00	27.00	WCSP;0.500
31.50	37.50	WCSP;0.976
54.00	58.50	WCSP;0.523
85.50	90.00	WCSP;0.500
102.00	105.00	WCSP;0.523
115.50	120.00	WCSP;0.500
150.00	153.00	WCSP;0.500
166.50	171.00	WCSP;0.552
228.00	234.00	WCSP;0.940
6.00	10.50	WIWA;0.988
15.00	21.00	WIWA;0.991
28.50	33.00	WIWA;0.956
84.00	88.50	WIWA;0.949
94.50	97.50	WIWA;0.822
111.00	115.50	WIWA;0.552
135.00	139.50	WIWA;0.820
145.50	150.00	WIWA;0.712
157.50	162.00	WIWA;0.924
189.00	193.50	WIWA;0.500
205.50	210.00	WIWA;0.951
214.50	220.50	WIWA;0.990
223.50	228.00	WIWA;0.984
234.00	240.00	WIWA;0.991
243.00	247.50	WIWA;0.988
252.00	258.00	WIWA;0.991
262.50	267.00	WIWA;0.991
273.00	277.50	WIWA;0.996
283.50	288.00	WIWA;0.990
294.00	298.50	WIWA;0.990
