7.50	10.50	BASA;0.522
109.50	112.50	CAFI;0.688
25.50	28.50	HOWA;0.649
12.00	16.50	LESA;0.616
147.00	151.50	LESA;0.631
268.50	273.00	LESA;0.551
100.50	103.50	LISP;0.651
127.50	132.00	LISP;0.509
216.00	220.50	LISP;0.968
279.00	283.50	LISP;0.609
291.00	294.00	LISP;0.507
244.50	247.50	NOWA;0.556
244.50	247.50	OVEN;0.513
180.00	184.50	PHVI;0.531
204.00	207.00	RECR;0.651
283.50	288.00	RECR;0.707
9.00	12.00	ROWR;0.500
18.00	21.00	ROWR;0.500
25.50	28.50	ROWR;0.566
33.00	37.50	ROWR;0.656
43.50	48.00	ROWR;0.704
52.50	57.00	ROWR;0.652
61.50	66.00	ROWR;0.512
70.50	75.00	ROWR;0.736
100.50	103.50	ROWR;0.500
117.00	120.00	ROWR;0.560
127.50	132.00	ROWR;0.725
136.50	141.00	ROWR;0.842
147.00	151.50	ROWR;0.767
156.00	160.50	ROWR;0.644
166.50	169.50	ROWR;0.500
175.50	180.00	ROWR;0.782
186.00	190.50	ROWR;0.709
216.00	219.00	ROWR;0.619
237.00	241.50	ROWR;0.812
246.00	250.50	ROWR;0.559
289.50	294.00	ROWR;0.528
156.00	160.50	RUTU;0.603
175.50	180.00	RUTU;0.622
186.00	190.50	RUTU;0.701
246.00	249.00	RUTU;0.516
277.50	280.50	RUTU;0.502
289.50	292.50	RUTU;0.625
249.00	252.00	RUBL;0.764
205.50	210.00	SNBU;0.745
196.50	201.00	SPSA;0.678
6.00	9.00	SWTH;0.500
94.50	102.00	SWTH;0.992
103.50	109.50	SWTH;0.984
111.00	118.50	SWTH;0.971
246.00	249.00	SWSP;0.523
0.00	7.50	TEWA;0.915
9.00	19.50	TEWA;0.970
21.00	31.50	TEWA;0.974
33.00	45.00	TEWA;0.979
46.50	58.50	TEWA;0.946
60.00	70.50	TEWA;0.967
73.50	78.00	TEWA;0.961
79.50	85.50	TEWA;0.979
87.00	93.00	TEWA;0.919
96.00	102.00	TEWA;0.900
105.00	111.00	TEWA;0.968
112.50	118.50	TEWA;0.959
28.50	33.00	WCSP;0.751
