135.00	138.00	AMAV;0.507
195.00	198.00	AMAV;0.679
15.00	18.00	AMDI;0.611
19.50	24.00	AMDI;0.874
237.00	240.00	AMDI;0.570
24.00	33.00	AMRO;0.926
34.50	39.00	AMRO;0.975
40.50	85.50	AMRO;0.995
91.50	112.50	AMRO;0.988
118.50	127.50	AMRO;0.909
129.00	135.00	AMRO;0.792
136.50	175.50	AMRO;0.844
177.00	205.50	AMRO;0.940
207.00	211.50	AMRO;0.921
213.00	234.00	AMRO;0.937
235.50	246.00	AMRO;0.924
247.50	259.50	AMRO;0.950
261.00	270.00	AMRO;0.967
271.50	300.00	AMRO;0.992
96.00	99.00	BAOR;0.556
169.50	172.50	BAOR;0.669
262.50	265.50	BEWR;0.540
129.00	132.00	BBPL;0.535
292.50	297.00	BBPL;0.723
37.50	45.00	BRSP;0.990
82.50	88.50	BRSP;0.765
93.00	99.00	BRSP;0.694
103.50	108.00	BRSP;0.829
115.50	123.00	BRSP;0.916
124.50	129.00	BRSP;0.513
154.50	157.50	BRSP;0.500
165.00	174.00	BRSP;0.790
187.50	190.50	BRSP;0.600
196.50	201.00	BRSP;0.657
214.50	220.50	BRSP;0.665
222.00	237.00	BRSP;0.786
247.50	250.50	BRSP;0.500
252.00	255.00	BRSP;0.500
259.50	264.00	BRSP;0.510
277.50	280.50	BRSP;0.500
246.00	250.50	CHSP;0.702
70.50	75.00	CCSP;0.832
81.00	85.50	CCSP;0.625
91.50	96.00	CCSP;0.820
99.00	103.50	CCSP;0.986
109.50	114.00	CCSP;0.670
130.50	136.50	CCSP;0.995
141.00	144.00	CCSP;0.524
148.50	154.50	CCSP;0.979
156.00	160.50	CCSP;0.954
178.50	184.50	CCSP;0.987
189.00	193.50	CCSP;0.990
153.00	157.50	EABL;0.680
247.50	252.00	EABL;0.835
295.50	300.00	EABL;0.754
79.50	82.50	FOSP;0.526
232.50	235.50	FOSP;0.530
31.50	34.50	GCSP;0.579
201.00	204.00	GRCA;0.548
229.50	232.50	GRCA;0.546
84.00	88.50	HASP;0.614
214.50	217.50	HASP;0.816
6.00	9.00	HOLA;0.543
16.50	19.50	HOLA;0.537
286.50	289.50	HOWR;0.502
288.00	291.00	LASP;0.538
3.00	7.50	LISP;0.906
9.00	13.50	LISP;0.978
15.00	18.00	LISP;0.580
21.00	25.50	LISP;0.614
28.50	31.50	LISP;0.500
42.00	46.50	LISP;0.685
48.00	64.50	LISP;0.967
75.00	79.50	LISP;0.767
88.50	93.00	LISP;0.561
102.00	106.50	LISP;0.857
114.00	118.50	LISP;0.766
124.50	129.00	LISP;0.500
136.50	144.00	LISP;0.965
148.50	153.00	LISP;0.793
160.50	165.00	LISP;0.893
181.50	186.00	LISP;0.986
195.00	198.00	LISP;0.500
204.00	208.50	LISP;0.740
222.00	226.50	LISP;0.683
268.50	273.00	LISP;0.889
276.00	279.00	LISP;0.500
289.50	292.50	LISP;0.500
297.00	300.00	LISP;0.776
16.50	21.00	MAMU;0.775
31.50	34.50	MAMU;0.674
79.50	82.50	MOBL;0.514
175.50	180.00	MOBL;0.671
25.50	28.50	MOCH;0.650
123.00	126.00	MOCH;0.580
147.00	151.50	MOCH;0.890
210.00	213.00	MOCH;0.767
217.50	220.50	MOCH;0.634
87.00	91.50	OSFL;0.736
159.00	162.00	OSFL;0.621
211.50	214.50	OSFL;0.518
252.00	255.00	OSFL;0.813
294.00	297.00	OSFL;0.578
111.00	114.00	OROR;0.524
186.00	189.00	PUFI;0.518
244.50	249.00	PUFI;0.659
259.50	262.50	ROWR;0.716
46.50	57.00	RBGR;0.637
78.00	84.00	RBGR;0.711
94.50	99.00	RBGR;0.631
214.50	217.50	RBGR;0.709
237.00	243.00	RBGR;0.583
246.00	249.00	RBGR;0.621
288.00	291.00	RBGR;0.573
46.50	49.50	RUGR;0.543
66.00	69.00	RUGR;0.665
100.50	105.00	RUGR;0.656
109.50	112.50	RUGR;0.501
138.00	145.50	RUGR;0.925
154.50	160.50	RUGR;0.955
171.00	174.00	RUGR;0.682
181.50	184.50	RUGR;0.656
213.00	216.00	RUGR;0.505
264.00	267.00	RUGR;0.636
52.50	55.50	TOSO;0.585
76.50	79.50	TOSO;0.616
90.00	93.00	TOSO;0.601
207.00	210.00	TOSO;0.520
259.50	264.00	TOSO;0.715
274.50	277.50	TOSO;0.655
111.00	117.00	VATH;0.870
57.00	60.00	VESP;0.539
3.00	16.50	WCSP;0.964
18.00	25.50	WCSP;0.985
27.00	31.50	WCSP;0.991
36.00	40.50	WCSP;0.981
46.50	51.00	WCSP;0.984
55.50	60.00	WCSP;0.868
63.00	73.50	WCSP;0.775
76.50	81.00	WCSP;0.633
90.00	93.00	WCSP;0.500
94.50	99.00	WCSP;0.500
108.00	111.00	WCSP;0.500
127.50	132.00	WCSP;0.818
138.00	142.50	WCSP;0.500
145.50	148.50	WCSP;0.500
162.00	168.00	WCSP;0.956
169.50	180.00	WCSP;0.968
184.50	190.50	WCSP;0.977
192.00	196.50	WCSP;0.977
198.00	202.50	WCSP;0.972
205.50	223.50	WCSP;0.988
225.00	231.00	WCSP;0.968
235.50	238.50	WCSP;0.702
241.50	247.50	WCSP;0.977
249.00	261.00	WCSP;0.994
264.00	268.50	WCSP;0.991
271.50	276.00	WCSP;0.978
277.50	283.50	WCSP;0.956
0.00	10.50	WTSP;0.993
12.00	21.00	WTSP;0.930
22.50	30.00	WTSP;0.893
31.50	37.50	WTSP;0.967
43.50	51.00	WTSP;0.978
52.50	58.50	WTSP;0.974
63.00	73.50	WTSP;0.938
75.00	81.00	WTSP;0.500
87.00	94.50	WTSP;0.986
96.00	102.00	WTSP;0.965
105.00	118.50	WTSP;0.826
120.00	130.50	WTSP;0.977
133.50	136.50	WTSP;0.500
138.00	150.00	WTSP;0.985
153.00	166.50	WTSP;0.992
168.00	174.00	WTSP;0.500
175.50	181.50	WTSP;0.945
190.50	193.50	WTSP;0.500
201.00	205.50	WTSP;0.530
217.50	220.50	WTSP;0.500
225.00	229.50	WTSP;0.500
270.00	273.00	WTSP;0.500
277.50	280.50	WTSP;0.500
282.00	286.50	WTSP;0.990
