228.00	231.00	AMGP;0.669
234.00	237.00	AMGP;0.690
244.50	249.00	AMGP;0.675
106.50	111.00	AMRO;0.500
130.50	133.50	AMRO;0.500
156.00	160.50	AMRO;0.897
204.00	213.00	AMRO;0.892
216.00	220.50	AMRO;0.668
226.50	231.00	AMRO;0.548
237.00	241.50	AMRO;0.800
243.00	247.50	AMRO;0.500
253.50	258.00	AMRO;0.862
259.50	270.00	AMRO;0.932
285.00	295.50	AMRO;0.970
297.00	300.00	AMRO;0.832
94.50	97.50	ANHU;0.602
228.00	232.50	BLOY;0.605
195.00	198.00	FOSP;0.700
249.00	252.00	FOSP;0.763
135.00	138.00	GCSP;0.583
246.00	249.00	GCSP;0.658
283.50	288.00	GWTE;0.858
225.00	228.00	HASP;0.506
235.50	240.00	MAMU;0.797
130.50	135.00	MOCH;0.660
199.50	205.50	MOCH;0.784
217.50	220.50	MOCH;0.508
225.00	229.50	MOCH;0.897
246.00	250.50	MOCH;0.603
4.50	9.00	NOFL;0.588
127.50	130.50	OROR;0.605
292.50	295.50	PIGR;0.556
261.00	264.00	RWBL;0.536
192.00	196.50	RBGU;0.510
297.00	300.00	RBGR;0.557
189.00	192.00	RUGR;0.519
4.50	9.00	SNBU;0.595
127.50	130.50	SNBU;0.626
211.50	214.50	SNBU;0.570
160.50	165.00	SPGR;0.546
66.00	70.50	WCSP;0.712
81.00	84.00	WCSP;0.570
129.00	132.00	WCSP;0.500
135.00	139.50	WCSP;0.944
141.00	145.50	WCSP;0.885
147.00	151.50	WCSP;0.988
183.00	187.50	WCSP;0.966
193.50	196.50	WCSP;0.710
201.00	205.50	WCSP;0.968
207.00	213.00	WCSP;0.988
222.00	226.50	WCSP;0.991
229.50	234.00	WCSP;0.962
238.50	243.00	WCSP;0.991
253.50	258.00	WCSP;0.775
58.50	63.00	WTSP;0.689
66.00	70.50	WTSP;0.547
247.50	250.50	WTSP;0.650
82.50	85.50	WOTH;0.771
