1.50	7.50	AMRO;0.861
13.50	25.50	AMRO;0.925
33.00	43.50	AMRO;0.782
45.00	48.00	AMRO;0.500
49.50	52.50	AMRO;0.500
57.00	66.00	AMRO;0.552
67.50	72.00	AMRO;0.622
75.00	85.50	AMRO;0.894
87.00	103.50	AMRO;0.642
106.50	120.00	AMRO;0.879
121.50	130.50	AMRO;0.650
135.00	138.00	AMRO;0.500
141.00	144.00	AMRO;0.500
145.50	163.50	AMRO;0.687
165.00	177.00	AMRO;0.773
184.50	187.50	AMRO;0.619
193.50	196.50	AMRO;0.500
199.50	204.00	AMRO;0.662
205.50	217.50	AMRO;0.692
219.00	226.50	AMRO;0.684
231.00	235.50	AMRO;0.882
237.00	244.50	AMRO;0.929
246.00	252.00	AMRO;0.730
255.00	259.50	AMRO;0.746
271.50	276.00	AMRO;0.938
277.50	280.50	AMRO;0.500
286.50	294.00	AMRO;0.791
211.50	214.50	ATSP;0.514
220.50	223.50	ATSP;0.510
222.00	226.50	BAOR;0.544
16.50	19.50	BEWR;0.613
18.00	21.00	BBPL;0.510
6.00	10.50	BRSP;0.601
34.50	37.50	BRSP;0.657
52.50	55.50	BRSP;0.519
288.00	291.00	BRSP;0.531
12.00	15.00	EABL;0.544
294.00	297.00	EAME;0.645
285.00	288.00	EATO;0.521
42.00	46.50	FISP;0.855
142.50	145.50	FISP;0.694
292.50	295.50	FISP;0.547
0.00	4.50	FOSP;0.836
9.00	15.00	FOSP;0.888
27.00	31.50	FOSP;0.907
34.50	37.50	FOSP;0.500
43.50	51.00	FOSP;0.673
52.50	60.00	FOSP;0.863
61.50	67.50	FOSP;0.695
70.50	75.00	FOSP;0.588
84.00	88.50	FOSP;0.557
93.00	99.00	FOSP;0.779
105.00	108.00	FOSP;0.500
112.50	115.50	FOSP;0.500
123.00	141.00	FOSP;0.927
142.50	145.50	FOSP;0.636
147.00	160.50	FOSP;0.864
162.00	166.50	FOSP;0.500
177.00	184.50	FOSP;0.874
190.50	195.00	FOSP;0.795
196.50	199.50	FOSP;0.606
201.00	205.50	FOSP;0.763
208.50	214.50	FOSP;0.767
219.00	226.50	FOSP;0.876
229.50	237.00	FOSP;0.872
241.50	247.50	FOSP;0.924
249.00	256.50	FOSP;0.953
259.50	267.00	FOSP;0.982
273.00	277.50	FOSP;0.809
282.00	286.50	FOSP;0.843
291.00	295.50	FOSP;0.613
31.50	34.50	GCSP;0.500
42.00	48.00	GCSP;0.500
66.00	70.50	GCSP;0.684
73.50	76.50	GCSP;0.500
112.50	117.00	GCSP;0.500
118.50	121.50	GCSP;0.500
124.50	127.50	GCSP;0.500
160.50	166.50	GCSP;0.797
169.50	177.00	GCSP;0.523
183.00	186.00	GCSP;0.500
207.00	214.50	GCSP;0.728
235.50	240.00	GCSP;0.507
256.50	259.50	GCSP;0.500
267.00	274.50	GCSP;0.881
292.50	295.50	GCSP;0.500
255.00	258.00	GRCA;0.506
240.00	243.00	GRYE;0.816
64.50	67.50	HETH;0.644
202.50	205.50	HETH;0.536
0.00	3.00	LISP;0.973
25.50	33.00	LISP;0.969
39.00	42.00	LISP;0.543
43.50	46.50	LISP;0.756
102.00	105.00	LISP;0.500
142.50	145.50	LISP;0.680
156.00	160.50	LISP;0.986
171.00	175.50	LISP;0.500
184.50	189.00	LISP;0.879
199.50	202.50	LISP;0.571
213.00	217.50	LISP;0.772
226.50	231.00	LISP;0.714
241.50	246.00	LISP;0.944
258.00	262.50	LISP;0.975
268.50	273.00	LISP;0.500
280.50	285.00	LISP;0.766
292.50	297.00	LISP;0.811
112.50	115.50	MOCH;0.697
123.00	126.00	MOCH;0.559
199.50	202.50	MOCH;0.738
219.00	222.00	MOCH;0.604
190.50	195.00	OROR;0.547
234.00	238.50	OROR;0.531
283.50	286.50	OROR;0.580
141.00	144.00	PUFI;0.584
37.50	40.50	ROWR;0.570
61.50	64.50	RBGR;0.643
103.50	108.00	RBGR;0.858
172.50	177.00	RBGR;0.552
211.50	214.50	RBGR;0.566
217.50	222.00	RBGR;0.814
241.50	246.00	RBGR;0.603
277.50	280.50	RBGR;0.648
37.50	40.50	SESA;0.550
9.00	13.50	SNBU;0.580
196.50	199.50	SNBU;0.619
229.50	234.00	SNBU;0.755
205.50	208.50	SUTA;0.551
45.00	48.00	VATH;0.589
166.50	171.00	VATH;0.879
220.50	225.00	VATH;0.624
292.50	295.50	VESP;0.627
9.00	12.00	WEME;0.516
4.50	9.00	WCSP;0.948
10.50	19.50	WCSP;0.974
22.50	27.00	WCSP;0.981
33.00	37.50	WCSP;0.990
40.50	45.00	WCSP;0.577
51.00	66.00	WCSP;0.967
69.00	73.50	WCSP;0.986
78.00	82.50	WCSP;0.988
85.50	91.50	WCSP;0.994
96.00	100.50	WCSP;0.947
105.00	111.00	WCSP;0.993
114.00	120.00	WCSP;0.996
123.00	130.50	WCSP;0.994
135.00	139.50	WCSP;0.985
144.00	153.00	WCSP;0.990
154.50	159.00	WCSP;0.986
163.50	169.50	WCSP;0.994
174.00	180.00	WCSP;0.998
183.00	189.00	WCSP;0.991
193.50	198.00	WCSP;0.993
204.00	211.50	WCSP;0.975
214.50	222.00	WCSP;0.842
223.50	229.50	WCSP;0.830
231.00	240.00	WCSP;0.984
247.50	255.00	WCSP;0.990
256.50	261.00	WCSP;0.578
262.50	274.50	WCSP;0.970
276.00	280.50	WCSP;0.994
282.00	300.00	WCSP;0.993
3.00	9.00	WTSP;0.976
12.00	27.00	WTSP;0.980
30.00	36.00	WTSP;0.982
39.00	55.50	WTSP;0.996
57.00	63.00	WTSP;0.997
64.50	88.50	WTSP;0.995
90.00	97.50	WTSP;0.994
99.00	115.50	WTSP;0.997
117.00	126.00	WTSP;0.997
127.50	145.50	WTSP;0.997
148.50	157.50	WTSP;0.997
159.00	166.50	WTSP;0.861
168.00	186.00	WTSP;0.994
187.50	193.50	WTSP;0.998
196.50	202.50	WTSP;0.995
205.50	211.50	WTSP;0.964
214.50	220.50	WTSP;0.985
222.00	231.00	WTSP;0.922
234.00	240.00	WTSP;0.838
244.50	250.50	WTSP;0.995
256.50	262.50	WTSP;0.871
267.00	271.50	WTSP;0.650
277.50	283.50	WTSP;0.996
288.00	294.00	WTSP;0.991
