177.00	180.00	ATSP;0.504
60.00	64.50	BAIS;0.917
102.00	105.00	BAOR;0.717
171.00	174.00	BHVI;0.788
210.00	214.50	BHVI;0.973
217.50	220.50	BHVI;0.512
214.50	217.50	BRBL;0.575
225.00	228.00	BRBL;0.643
37.50	40.50	CAFI;0.551
75.00	79.50	CHSW;0.660
111.00	114.00	CHSW;0.551
153.00	159.00	CHSW;0.643
189.00	192.00	CHSW;0.672
213.00	216.00	CHSW;0.522
16.50	19.50	EATO;0.807
42.00	45.00	EATO;0.606
162.00	165.00	EATO;0.600
171.00	174.00	EATO;0.539
225.00	228.00	EATO;0.573
271.50	276.00	EAWP;0.746
1.50	6.00	FOSP;0.818
10.50	15.00	FOSP;0.771
18.00	22.50	FOSP;0.852
27.00	31.50	FOSP;0.961
34.50	43.50	FOSP;0.849
46.50	58.50	FOSP;0.913
61.50	66.00	FOSP;0.760
67.50	70.50	FOSP;0.692
78.00	85.50	FOSP;0.911
96.00	105.00	FOSP;0.847
112.50	118.50	FOSP;0.915
120.00	124.50	FOSP;0.837
130.50	133.50	FOSP;0.500
136.50	141.00	FOSP;0.509
144.00	148.50	FOSP;0.944
159.00	168.00	FOSP;0.760
172.50	181.50	FOSP;0.905
184.50	189.00	FOSP;0.940
190.50	201.00	FOSP;0.820
204.00	210.00	FOSP;0.907
216.00	222.00	FOSP;0.616
226.50	231.00	FOSP;0.854
232.50	237.00	FOSP;0.836
240.00	244.50	FOSP;0.633
247.50	252.00	FOSP;0.829
259.50	264.00	FOSP;0.516
273.00	280.50	FOSP;0.878
291.00	294.00	FOSP;0.500
117.00	120.00	GCSP;0.828
153.00	157.50	GCSP;0.844
16.50	19.50	HETH;0.581
57.00	60.00	HETH;0.587
114.00	117.00	HETH;0.518
118.50	121.50	HETH;0.749
175.50	178.50	HETH;0.575
189.00	192.00	HETH;0.635
291.00	294.00	HETH;0.517
9.00	12.00	HOFI;0.503
294.00	297.00	LISP;0.514
15.00	18.00	MOCH;0.986
93.00	96.00	MOCH;0.719
202.50	208.50	MOCH;0.770
222.00	225.00	MOCH;0.558
235.50	238.50	PHVI;0.531
37.50	40.50	PIGR;0.506
114.00	117.00	PUFI;0.592
130.50	133.50	PUFI;0.564
163.50	166.50	PUFI;0.574
9.00	12.00	RECR;0.555
279.00	282.00	REVI;0.680
43.50	46.50	RWBL;0.750
12.00	15.00	RUGR;0.748
18.00	22.50	RUGR;0.569
75.00	78.00	RUGR;0.615
103.50	108.00	RUGR;0.635
109.50	117.00	RUGR;0.713
42.00	45.00	RUBL;0.570
10.50	15.00	SNBU;0.894
27.00	30.00	SNBU;0.500
61.50	66.00	SNBU;0.642
82.50	85.50	SNBU;0.500
99.00	103.50	SNBU;0.754
120.00	123.00	SNBU;0.500
129.00	133.50	SNBU;0.500
136.50	141.00	SNBU;0.605
163.50	168.00	SNBU;0.662
193.50	198.00	SNBU;0.500
202.50	207.00	SNBU;0.603
223.50	226.50	SNBU;0.500
237.00	244.50	SNBU;0.500
258.00	262.50	SNBU;0.939
286.50	289.50	SNBU;0.500
285.00	288.00	SOSA;0.557
136.50	139.50	SWSP;0.548
189.00	192.00	SWSP;0.504
69.00	73.50	VATH;0.854
123.00	127.50	VATH;0.875
211.50	216.00	VATH;0.500
244.50	249.00	VATH;0.946
252.00	256.50	VATH;0.847
265.50	271.50	VATH;0.684
273.00	276.00	VATH;0.500
294.00	298.50	VATH;0.679
76.50	81.00	VESP;0.666
144.00	147.00	WCSP;0.719
162.00	165.00	WCSP;0.756
175.50	178.50	WCSP;0.773
277.50	280.50	WCSP;0.572
291.00	294.00	WCSP;0.557
3.00	9.00	WTSP;0.992
12.00	16.50	WTSP;0.986
19.50	24.00	WTSP;0.753
28.50	36.00	WTSP;0.994
72.00	76.50	WTSP;0.652
79.50	84.00	WTSP;0.606
87.00	94.50	WTSP;0.994
111.00	120.00	WTSP;0.960
123.00	126.00	WTSP;0.500
133.50	145.50	WTSP;0.987
147.00	160.50	WTSP;0.937
168.00	174.00	WTSP;0.995
180.00	186.00	WTSP;0.993
192.00	196.50	WTSP;0.992
198.00	207.00	WTSP;0.958
219.00	225.00	WTSP;0.979
267.00	271.50	WTSP;0.676
280.50	286.50	WTSP;0.982
295.50	300.00	WTSP;0.997
187.50	190.50	WIFL;0.528
66.00	69.00	WIWA;0.500
75.00	78.00	WIWA;0.500
84.00	88.50	WIWA;0.830
93.00	97.50	WIWA;0.938
102.00	106.50	WIWA;0.893
118.50	123.00	WIWA;0.891
127.50	132.00	WIWA;0.854
138.00	141.00	WIWA;0.533
145.50	150.00	WIWA;0.963
154.50	159.00	WIWA;0.973
42.00	45.00	WOTH;0.538
199.50	202.50	YRWA;0.842
222.00	226.50	YRWA;0.983
