7.50	16.50	AMRO;0.826
21.00	24.00	AMRO;0.501
25.50	28.50	AMRO;0.583
54.00	61.50	AMRO;0.929
81.00	85.50	AMRO;0.903
93.00	99.00	AMRO;0.959
115.50	121.50	AMRO;0.954
145.50	150.00	AMRO;0.650
151.50	157.50	AMRO;0.627
162.00	168.00	AMRO;0.748
175.50	183.00	AMRO;0.555
192.00	201.00	AMRO;0.883
208.50	214.50	AMRO;0.639
225.00	229.50	AMRO;0.500
232.50	235.50	AMRO;0.500
241.50	246.00	AMRO;0.511
258.00	261.00	AMRO;0.571
273.00	280.50	AMRO;0.894
151.50	154.50	BAOR;0.678
51.00	54.00	BTNW;0.685
112.50	115.50	BTNW;0.649
147.00	151.50	BTNW;0.723
217.50	220.50	BTNW;0.701
64.50	67.50	BHVI;0.506
184.50	187.50	BRBL;0.506
66.00	69.00	BRSP;0.626
73.50	76.50	BRSP;0.683
124.50	127.50	BRSP;0.598
0.00	6.00	CHSP;0.923
7.50	21.00	CHSP;0.928
24.00	28.50	CHSP;0.947
31.50	37.50	CHSP;0.877
46.50	51.00	CHSP;0.835
57.00	63.00	CHSP;0.982
67.50	72.00	CHSP;0.945
78.00	81.00	CHSP;0.549
85.50	93.00	CHSP;0.947
97.50	111.00	CHSP;0.980
114.00	118.50	CHSP;0.838
126.00	130.50	CHSP;0.676
133.50	139.50	CHSP;0.971
145.50	150.00	CHSP;0.730
157.50	163.50	CHSP;0.974
168.00	174.00	CHSP;0.937
177.00	183.00	CHSP;0.956
187.50	192.00	CHSP;0.923
195.00	201.00	CHSP;0.979
202.50	208.50	CHSP;0.938
213.00	217.50	CHSP;0.938
219.00	235.50	CHSP;0.953
238.50	244.50	CHSP;0.938
247.50	253.50	CHSP;0.967
256.50	262.50	CHSP;0.961
264.00	270.00	CHSP;0.942
273.00	277.50	CHSP;0.943
280.50	300.00	CHSP;0.975
132.00	136.50	CCSP;0.909
76.50	79.50	DEJU;0.551
103.50	106.50	DEJU;0.541
226.50	229.50	DEJU;0.643
238.50	241.50	DEJU;0.573
261.00	270.00	DEJU;0.665
285.00	288.00	DEJU;0.596
292.50	298.50	DEJU;0.790
87.00	90.00	EABL;0.581
27.00	30.00	EAME;0.506
84.00	91.50	EAME;0.528
117.00	120.00	EAME;0.733
157.50	160.50	EAME;0.503
171.00	174.00	EAME;0.570
216.00	219.00	EAME;0.862
90.00	93.00	EATO;0.797
0.00	4.50	FOSP;0.869
10.50	15.00	FOSP;0.692
18.00	25.50	FOSP;0.979
31.50	40.50	FOSP;0.891
46.50	54.00	FOSP;0.977
60.00	69.00	FOSP;0.780
78.00	84.00	FOSP;0.867
85.50	88.50	FOSP;0.540
91.50	96.00	FOSP;0.850
97.50	100.50	FOSP;0.616
106.50	115.50	FOSP;0.962
120.00	132.00	FOSP;0.965
142.50	145.50	FOSP;0.500
192.00	195.00	FOSP;0.500
199.50	204.00	FOSP;0.889
210.00	219.00	FOSP;0.884
220.50	240.00	FOSP;0.977
244.50	249.00	FOSP;0.664
252.00	258.00	FOSP;0.875
259.50	265.50	FOSP;0.966
270.00	274.50	FOSP;0.873
279.00	289.50	FOSP;0.807
294.00	297.00	FOSP;0.748
208.50	211.50	GRCA;0.634
55.50	60.00	GWTE;0.835
145.50	150.00	GWTE;0.596
154.50	159.00	GWTE;0.697
178.50	181.50	GWTE;0.668
42.00	45.00	HETH;0.513
141.00	144.00	HETH;0.634
264.00	267.00	HETH;0.664
288.00	291.00	LALO;0.540
286.50	289.50	LASP;0.581
142.50	147.00	NOCA;0.825
0.00	3.00	OROR;0.548
10.50	13.50	OROR;0.524
0.00	4.50	PAWA;0.654
10.50	13.50	PAWA;0.580
16.50	19.50	PAWA;0.576
31.50	37.50	PAWA;0.708
205.50	208.50	PAWA;0.664
240.00	243.00	PAWA;0.518
247.50	250.50	PAWA;0.520
0.00	10.50	PISI;0.990
12.00	18.00	PISI;0.559
19.50	33.00	PISI;0.989
39.00	42.00	PISI;0.539
144.00	148.50	PISI;0.818
150.00	153.00	PISI;0.569
165.00	169.50	PISI;0.662
174.00	177.00	PISI;0.500
193.50	205.50	PISI;0.889
207.00	211.50	PISI;0.668
223.50	226.50	PISI;0.500
241.50	255.00	PISI;0.992
270.00	273.00	PISI;0.500
142.50	145.50	PUFI;0.514
285.00	288.00	PUFI;0.541
93.00	96.00	RBGR;0.613
291.00	295.50	SNBU;0.718
40.50	43.50	SWSP;0.571
88.50	93.00	SWSP;0.634
12.00	16.50	TOSO;0.621
267.00	271.50	TOSO;0.890
4.50	10.50	WCSP;0.985
27.00	30.00	WCSP;0.500
34.50	40.50	WCSP;0.957
43.50	48.00	WCSP;0.981
51.00	57.00	WCSP;0.985
60.00	64.50	WCSP;0.833
69.00	75.00	WCSP;0.981
99.00	103.50	WCSP;0.979
112.50	118.50	WCSP;0.960
123.00	132.00	WCSP;0.884
147.00	151.50	WCSP;0.935
165.00	169.50	WCSP;0.900
175.50	180.00	WCSP;0.979
189.00	193.50	WCSP;0.937
201.00	204.00	WCSP;0.500
216.00	220.50	WCSP;0.713
229.50	241.50	WCSP;0.541
279.00	283.50	WCSP;0.508
193.50	198.00	YRWA;0.969
