100.50	103.50	AMDI;0.630
201.00	204.00	AMDI;0.512
1.50	9.00	AMRO;0.959
36.00	40.50	AMRO;0.835
42.00	45.00	AMRO;0.500
52.50	58.50	AMRO;0.866
60.00	64.50	AMRO;0.715
67.50	73.50	AMRO;0.983
75.00	79.50	AMRO;0.755
81.00	85.50	AMRO;0.987
88.50	96.00	AMRO;0.923
97.50	102.00	AMRO;0.859
109.50	112.50	AMRO;0.742
117.00	138.00	AMRO;0.986
139.50	157.50	AMRO;0.939
159.00	162.00	AMRO;0.500
210.00	213.00	AMRO;0.500
219.00	223.50	AMRO;0.889
270.00	274.50	AMRO;0.866
294.00	298.50	AMRO;0.964
76.50	79.50	BAOR;0.512
3.00	6.00	BEWR;0.575
70.50	73.50	BCCH;0.532
279.00	283.50	BCCH;0.722
9.00	12.00	BRBL;0.625
52.50	55.50	BRSP;0.549
81.00	84.00	BRSP;0.614
163.50	166.50	BRSP;0.530
232.50	235.50	BRSP;0.565
288.00	291.00	BRSP;0.635
13.50	16.50	CCSP;0.523
28.50	31.50	CCSP;0.777
46.50	49.50	CCSP;0.845
52.50	55.50	CCSP;0.747
232.50	235.50	CCSP;0.692
240.00	243.00	CCSP;0.581
105.00	108.00	DUNL;0.671
150.00	153.00	EABL;0.769
106.50	109.50	EAME;0.537
228.00	231.00	EAME;0.510
1.50	4.50	FOSP;0.500
10.50	16.50	FOSP;0.961
22.50	27.00	FOSP;0.921
33.00	37.50	FOSP;0.783
48.00	51.00	FOSP;0.552
55.50	60.00	FOSP;0.645
99.00	102.00	FOSP;0.500
108.00	111.00	FOSP;0.673
142.50	147.00	FOSP;0.672
151.50	160.50	FOSP;0.928
165.00	172.50	FOSP;0.948
177.00	181.50	FOSP;0.896
186.00	195.00	FOSP;0.945
201.00	205.50	FOSP;0.928
211.50	220.50	FOSP;0.913
228.00	232.50	FOSP;0.822
234.00	238.50	FOSP;0.724
240.00	246.00	FOSP;0.984
250.50	258.00	FOSP;0.990
261.00	270.00	FOSP;0.922
271.50	276.00	FOSP;0.949
277.50	285.00	FOSP;0.922
289.50	294.00	FOSP;0.973
297.00	300.00	FOSP;0.861
124.50	129.00	GCSP;0.800
136.50	139.50	GRCA;0.522
13.50	18.00	HASP;0.511
61.50	64.50	HOFI;0.617
154.50	157.50	LASP;0.505
166.50	169.50	LASP;0.572
63.00	66.00	LISP;0.828
121.50	126.00	LISP;0.782
132.00	139.50	LISP;0.500
145.50	148.50	LISP;0.500
166.50	169.50	LISP;0.758
171.00	174.00	LISP;0.500
175.50	178.50	LISP;0.500
208.50	211.50	LISP;0.506
226.50	231.00	LISP;0.954
246.00	249.00	LISP;0.820
267.00	270.00	LISP;0.500
208.50	211.50	LOSH;0.525
225.00	228.00	LOSH;0.542
58.50	61.50	OSFL;0.775
33.00	36.00	OROR;0.526
136.50	141.00	PISI;0.929
283.50	286.50	PROW;0.555
261.00	264.00	RECR;0.718
16.50	19.50	ROWR;0.709
28.50	31.50	ROWR;0.530
67.50	70.50	ROWR;0.657
88.50	91.50	ROWR;0.591
97.50	100.50	ROWR;0.677
183.00	186.00	ROWR;0.641
232.50	235.50	ROWR;0.500
240.00	243.00	ROWR;0.547
250.50	253.50	ROWR;0.542
277.50	280.50	ROWR;0.674
270.00	273.00	RBGR;0.612
25.50	28.50	RUGR;0.501
78.00	82.50	RUGR;0.582
163.50	166.50	RUGR;0.551
33.00	36.00	SNBU;0.572
151.50	154.50	SNBU;0.722
178.50	181.50	SNBU;0.549
190.50	195.00	SNBU;0.587
201.00	205.50	SNBU;0.526
261.00	265.50	SNBU;0.636
289.50	292.50	SNBU;0.574
42.00	45.00	SUTA;0.653
76.50	79.50	TOSO;0.756
109.50	112.50	TOSO;0.509
126.00	129.00	TOSO;0.541
159.00	162.00	TOSO;0.532
216.00	220.50	VESP;0.840
0.00	4.50	WCSP;0.985
6.00	10.50	WCSP;0.821
13.50	19.50	WCSP;0.979
21.00	25.50	WCSP;0.926
27.00	31.50	WCSP;0.989
37.50	42.00	WCSP;0.997
45.00	48.00	WCSP;0.985
51.00	55.50	WCSP;0.982
57.00	63.00	WCSP;0.959
64.50	70.50	WCSP;0.994
72.00	76.50	WCSP;0.980
79.50	84.00	WCSP;0.976
85.50	91.50	WCSP;0.973
94.50	102.00	WCSP;0.987
103.50	108.00	WCSP;0.988
109.50	117.00	WCSP;0.988
130.50	142.50	WCSP;0.996
144.00	151.50	WCSP;0.991
156.00	166.50	WCSP;0.980
168.00	193.50	WCSP;0.988
195.00	202.50	WCSP;0.985
204.00	210.00	WCSP;0.976
214.50	228.00	WCSP;0.984
231.00	243.00	WCSP;0.993
246.00	253.50	WCSP;0.985
256.50	261.00	WCSP;0.990
262.50	300.00	WCSP;0.990
25.50	28.50	WTSP;0.583
39.00	46.50	WTSP;0.790
49.50	52.50	WTSP;0.726
78.00	81.00	WTSP;0.523
160.50	163.50	WTSP;0.545
213.00	216.00	WTSP;0.526
229.50	232.50	WTSP;0.597
237.00	240.00	WTSP;0.582
46.50	51.00	WWCR;0.664
156.00	159.00	WWCR;0.715
175.50	178.50	WWCR;0.508
265.50	268.50	WWCR;0.581
