27.00	31.50	AMDI;0.827
442.50	445.50	AMDI;0.723
475.50	478.50	AMDI;0.512
64.50	67.50	AMGP;0.503
64.50	67.50	AMRO;0.516
196.50	201.00	AMRO;0.782
442.50	447.00	AMWO;0.702
109.50	112.50	BAOR;0.657
25.50	28.50	BRSP;0.516
45.00	48.00	BRSP;0.504
106.50	109.50	BRSP;0.637
123.00	127.50	BRSP;0.639
178.50	183.00	CBCH;0.712
39.00	42.00	CHSW;0.500
505.50	510.00	CHSW;0.667
516.00	522.00	CHSW;0.843
537.00	543.00	CHSW;0.989
553.50	558.00	CHSW;0.931
564.00	570.00	CHSW;0.709
573.00	577.50	CHSW;0.500
588.00	592.50	CHSW;0.775
3.00	7.50	CHSP;0.870
16.50	22.50	CHSP;0.985
25.50	31.50	CHSP;0.925
34.50	40.50	CHSP;0.988
43.50	48.00	CHSP;0.914
51.00	57.00	CHSP;0.993
60.00	64.50	CHSP;0.740
69.00	73.50	CHSP;0.894
78.00	82.50	CHSP;0.500
88.50	94.50	CHSP;0.500
97.50	103.50	CHSP;0.940
106.50	111.00	CHSP;0.521
112.50	118.50	CHSP;0.986
121.50	127.50	CHSP;0.678
132.00	136.50	CHSP;0.654
141.00	145.50	CHSP;0.500
148.50	154.50	CHSP;0.969
162.00	168.00	CHSP;0.972
270.00	274.50	CHSP;0.950
423.00	427.50	CHSP;0.658
19.50	22.50	DEJU;0.750
25.50	28.50	DEJU;0.515
34.50	37.50	DEJU;0.718
54.00	57.00	DEJU;0.661
63.00	66.00	DEJU;0.680
79.50	82.50	DEJU;0.619
151.50	154.50	DEJU;0.727
162.00	165.00	DEJU;0.592
559.50	562.50	DEJU;0.681
192.00	196.50	EAKI;0.767
132.00	136.50	EAME;0.920
319.50	322.50	EAME;0.656
360.00	364.50	EAME;0.765
120.00	123.00	EATO;0.658
346.50	349.50	EATO;0.534
123.00	127.50	FISP;0.970
193.50	196.50	FISP;0.559
532.50	535.50	FISP;0.792
51.00	55.50	FOSP;0.659
69.00	75.00	FOSP;0.977
76.50	79.50	FOSP;0.646
82.50	87.00	FOSP;0.616
90.00	96.00	FOSP;0.500
103.50	112.50	FOSP;0.939
118.50	121.50	FOSP;0.500
148.50	153.00	FOSP;0.525
169.50	172.50	FOSP;0.511
190.50	195.00	FOSP;0.809
241.50	246.00	FOSP;0.683
282.00	286.50	FOSP;0.952
292.50	297.00	FOSP;0.661
303.00	306.00	FOSP;0.797
312.00	316.50	FOSP;0.639
321.00	325.50	FOSP;0.620
331.50	337.50	FOSP;0.694
346.50	352.50	FOSP;0.930
493.50	498.00	FOSP;0.567
507.00	511.50	FOSP;0.500
523.50	528.00	FOSP;0.876
459.00	463.50	HOLA;0.642
312.00	315.00	HOFI;0.501
360.00	363.00	HOFI;0.631
303.00	306.00	LASP;0.541
12.00	16.50	LISP;0.900
28.50	33.00	LISP;0.836
45.00	49.50	LISP;0.756
61.50	64.50	LISP;0.810
78.00	81.00	LISP;0.542
93.00	97.50	LISP;0.781
106.50	109.50	LISP;0.500
139.50	142.50	LISP;0.500
156.00	160.50	LISP;0.972
175.50	178.50	LISP;0.878
259.50	264.00	LISP;0.772
274.50	279.00	LISP;0.947
291.00	294.00	LISP;0.724
307.50	312.00	LISP;0.795
358.50	363.00	LISP;0.882
364.50	367.50	LISP;0.500
375.00	379.50	LISP;0.749
394.50	397.50	LISP;0.561
426.00	430.50	LISP;0.532
472.50	477.00	LISP;0.844
492.00	496.50	LISP;0.500
558.00	561.00	LISP;0.864
574.50	577.50	LISP;0.544
34.50	37.50	MOCH;0.580
55.50	58.50	MOCH;0.664
66.00	69.00	MOCH;0.555
73.50	76.50	MOCH;0.720
450.00	453.00	MOCH;0.809
477.00	480.00	MOCH;0.577
492.00	495.00	MOCH;0.582
504.00	508.50	MOCH;0.767
529.50	532.50	MOCH;0.670
564.00	567.00	MOCH;0.540
90.00	93.00	OROR;0.737
103.50	106.50	OROR;0.572
45.00	48.00	PHVI;0.547
51.00	54.00	PUFI;0.574
147.00	150.00	RECR;0.582
208.50	213.00	RECR;0.572
393.00	396.00	ROWR;0.777
589.50	592.50	ROWR;0.545
325.50	328.50	RUTU;0.591
429.00	432.00	RUTU;0.512
97.50	100.50	RUBL;0.695
286.50	291.00	RUBL;0.597
583.50	588.00	RUBL;0.786
225.00	228.00	SAND;0.542
171.00	174.00	SBDO;0.537
40.50	45.00	SNBU;0.953
49.50	55.50	SNBU;0.500
84.00	87.00	SNBU;0.500
88.50	93.00	SNBU;0.528
102.00	111.00	SNBU;0.542
117.00	121.50	SNBU;0.888
133.50	136.50	SNBU;0.500
147.00	151.50	SNBU;0.845
168.00	172.50	SNBU;0.771
192.00	195.00	SNBU;0.510
282.00	285.00	SNBU;0.500
291.00	297.00	SNBU;0.814
312.00	316.50	SNBU;0.740
321.00	325.50	SNBU;0.856
331.50	337.50	SNBU;0.581
349.50	354.00	SNBU;0.500
360.00	364.50	SNBU;0.685
366.00	370.50	SNBU;0.500
481.50	486.00	SNBU;0.828
493.50	498.00	SNBU;0.758
507.00	513.00	SNBU;0.785
87.00	90.00	SPSA;0.514
297.00	301.50	SPSA;0.658
496.50	499.50	SPSA;0.642
199.50	207.00	SPGR;0.636
220.50	223.50	SPGR;0.561
304.50	307.50	SPGR;0.552
367.50	370.50	SPGR;0.559
415.50	420.00	SPGR;0.564
93.00	96.00	WCSP;0.621
292.50	297.00	WCSP;0.777
313.50	316.50	WCSP;0.532
13.50	18.00	WTSP;0.640
31.50	37.50	WTSP;0.996
48.00	52.50	WTSP;0.995
55.50	61.50	WTSP;0.957
66.00	76.50	WTSP;0.986
82.50	88.50	WTSP;0.980
93.00	99.00	WTSP;0.991
105.00	108.00	WTSP;0.500
109.50	114.00	WTSP;0.992
121.50	126.00	WTSP;0.850
186.00	189.00	WTSP;0.500
372.00	376.50	WTSP;0.500
447.00	453.00	WTSP;0.913
466.50	472.50	WTSP;0.996
477.00	484.50	WTSP;0.991
487.50	495.00	WTSP;0.995
504.00	507.00	WTSP;0.604
511.50	517.50	WTSP;0.977
520.50	525.00	WTSP;0.984
529.50	534.00	WTSP;0.827
285.00	288.00	WIFL;0.830
505.50	510.00	WIWA;0.638
573.00	577.50	WIWA;0.699
588.00	592.50	WIWA;0.551
526.50	529.50	WIWR;0.603
55.50	60.00	YRWA;0.500
174.00	178.50	YRWA;0.500
309.00	312.00	YRWA;0.500
363.00	367.50	YRWA;0.563
373.50	378.00	YRWA;0.968
384.00	390.00	YRWA;0.987
396.00	400.50	YRWA;0.983
405.00	414.00	YRWA;0.982
429.00	433.50	YRWA;0.803
445.50	450.00	YRWA;0.981
456.00	460.50	YRWA;0.989
472.50	475.50	YRWA;0.546
477.00	480.00	YRWA;0.506
574.50	577.50	YRWA;0.500
