18.00	21.00	AMDI;0.639
9.00	16.50	AMRO;0.986
31.50	36.00	AMRO;0.642
43.50	66.00	AMRO;0.858
69.00	93.00	AMRO;0.908
94.50	97.50	AMRO;0.500
100.50	103.50	AMRO;0.741
112.50	120.00	AMRO;0.807
124.50	132.00	AMRO;0.500
136.50	144.00	AMRO;0.517
150.00	157.50	AMRO;0.645
169.50	172.50	AMRO;0.500
174.00	180.00	AMRO;0.875
192.00	196.50	AMRO;0.957
220.50	225.00	AMRO;0.500
232.50	247.50	AMRO;0.964
252.00	256.50	AMRO;0.975
265.50	270.00	AMRO;0.500
271.50	285.00	AMRO;0.987
286.50	300.00	AMRO;0.990
177.00	180.00	BAOR;0.520
273.00	277.50	CHSP;0.916
1.50	6.00	CCSP;0.500
39.00	43.50	CCSP;0.500
45.00	49.50	CCSP;0.500
67.50	70.50	CCSP;0.679
73.50	76.50	CCSP;0.641
79.50	82.50	CCSP;0.500
91.50	94.50	CCSP;0.500
103.50	108.00	CCSP;0.500
112.50	115.50	CCSP;0.695
147.00	151.50	CCSP;0.614
160.50	163.50	CCSP;0.500
174.00	177.00	CCSP;0.833
190.50	195.00	CCSP;0.500
198.00	202.50	CCSP;0.500
204.00	208.50	CCSP;0.604
213.00	217.50	CCSP;0.549
219.00	223.50	CCSP;0.500
225.00	229.50	CCSP;0.500
231.00	235.50	CCSP;0.887
238.50	241.50	CCSP;0.500
243.00	246.00	CCSP;0.500
252.00	255.00	CCSP;0.562
256.50	259.50	CCSP;0.500
270.00	274.50	CCSP;0.500
277.50	282.00	CCSP;0.500
285.00	289.50	CCSP;0.792
295.50	298.50	FISP;0.561
55.50	58.50	FOSP;0.510
96.00	99.00	FOSP;0.749
133.50	138.00	FOSP;0.739
195.00	198.00	FOSP;0.616
208.50	211.50	FOSP;0.634
259.50	262.50	FOSP;0.509
0.00	9.00	GCSP;0.500
12.00	15.00	GCSP;0.500
19.50	24.00	GCSP;0.816
45.00	49.50	GCSP;0.500
64.50	69.00	GCSP;0.500
76.50	79.50	GCSP;0.500
97.50	100.50	GCSP;0.500
109.50	114.00	GCSP;0.500
121.50	126.00	GCSP;0.726
127.50	130.50	GCSP;0.500
147.00	153.00	GCSP;0.506
157.50	162.00	GCSP;0.770
163.50	168.00	GCSP;0.505
169.50	175.50	GCSP;0.507
190.50	199.50	GCSP;0.500
211.50	216.00	GCSP;0.500
217.50	222.00	GCSP;0.500
223.50	228.00	GCSP;0.649
229.50	234.00	GCSP;0.500
235.50	238.50	GCSP;0.500
249.00	253.50	GCSP;0.547
271.50	274.50	GCSP;0.500
276.00	280.50	GCSP;0.757
283.50	288.00	GCSP;0.510
291.00	294.00	GCSP;0.500
297.00	300.00	GCSP;0.500
276.00	279.00	HASP;0.554
241.50	244.50	HETH;0.532
3.00	7.50	LISP;0.826
9.00	12.00	LISP;0.500
15.00	21.00	LISP;0.999
22.50	27.00	LISP;0.997
28.50	40.50	LISP;0.999
43.50	48.00	LISP;0.697
49.50	54.00	LISP;0.960
207.00	211.50	LISP;0.851
295.50	298.50	LISP;0.500
217.50	222.00	MAMU;0.724
0.00	3.00	MOCH;0.575
48.00	51.00	MOCH;0.668
163.50	166.50	MOCH;0.651
241.50	244.50	MOCH;0.753
256.50	259.50	MOCH;0.758
280.50	283.50	MOCH;0.666
288.00	291.00	MOCH;0.635
54.00	57.00	OCWA;0.545
265.50	268.50	PIGR;0.503
10.50	13.50	PUFI;0.525
195.00	198.00	PUFI;0.637
123.00	126.00	REVI;0.554
162.00	165.00	RBGU;0.696
46.50	49.50	RBGR;0.500
66.00	70.50	RBGR;0.501
82.50	87.00	RBGR;0.712
88.50	97.50	RBGR;0.828
106.50	109.50	RBGR;0.539
120.00	124.50	RBGR;0.515
130.50	138.00	RBGR;0.823
139.50	150.00	RBGR;0.877
154.50	157.50	RBGR;0.500
264.00	268.50	RBGR;0.546
271.50	277.50	RBGR;0.613
283.50	286.50	RBGR;0.568
288.00	292.50	RBGR;0.500
294.00	298.50	RBGR;0.630
1.50	4.50	RUGR;0.565
28.50	33.00	RUGR;0.737
49.50	52.50	RUGR;0.551
84.00	87.00	RUGR;0.571
138.00	141.00	RUGR;0.607
210.00	217.50	RUGR;0.580
237.00	240.00	RUGR;0.635
271.50	276.00	RUGR;0.644
27.00	30.00	SCTA;0.507
123.00	127.50	SBDO;0.693
7.50	10.50	SWSP;0.706
87.00	90.00	SWSP;0.553
117.00	121.50	SWSP;0.777
144.00	147.00	SWSP;0.548
181.50	186.00	SWSP;0.596
201.00	204.00	SWSP;0.529
228.00	231.00	SWSP;0.561
40.50	57.00	TOSO;0.963
61.50	67.50	TOSO;0.849
73.50	79.50	TOSO;0.500
81.00	90.00	TOSO;0.944
118.50	121.50	TOSO;0.500
124.50	127.50	TOSO;0.500
195.00	198.00	TOSO;0.500
202.50	205.50	TOSO;0.500
234.00	238.50	TOSO;0.500
250.50	253.50	TOSO;0.500
282.00	286.50	TOSO;0.597
42.00	46.50	VATH;0.895
157.50	160.50	VATH;0.554
199.50	204.00	VATH;0.621
1.50	12.00	WCSP;0.983
13.50	24.00	WCSP;0.939
27.00	31.50	WCSP;0.892
33.00	37.50	WCSP;0.964
39.00	43.50	WCSP;0.965
45.00	49.50	WCSP;0.890
51.00	55.50	WCSP;0.965
58.50	70.50	WCSP;0.986
72.00	76.50	WCSP;0.973
78.00	82.50	WCSP;0.985
84.00	88.50	WCSP;0.923
90.00	96.00	WCSP;0.945
97.50	102.00	WCSP;0.995
103.50	108.00	WCSP;0.995
109.50	115.50	WCSP;0.989
123.00	126.00	WCSP;0.500
130.50	142.50	WCSP;0.991
147.00	157.50	WCSP;0.795
159.00	163.50	WCSP;0.982
165.00	169.50	WCSP;0.968
171.00	175.50	WCSP;0.988
178.50	183.00	WCSP;0.979
184.50	189.00	WCSP;0.994
190.50	202.50	WCSP;0.970
204.00	208.50	WCSP;0.738
210.00	217.50	WCSP;0.994
219.00	223.50	WCSP;0.970
225.00	234.00	WCSP;0.961
235.50	241.50	WCSP;0.978
243.00	247.50	WCSP;0.977
249.00	255.00	WCSP;0.989
256.50	261.00	WCSP;0.995
262.50	268.50	WCSP;0.993
270.00	276.00	WCSP;0.903
277.50	282.00	WCSP;0.831
283.50	288.00	WCSP;0.966
291.00	295.50	WCSP;0.980
297.00	300.00	WCSP;0.979
0.00	3.00	WTSP;0.830
4.50	22.50	WTSP;0.991
24.00	30.00	WTSP;0.996
34.50	43.50	WTSP;0.500
45.00	49.50	WTSP;0.617
52.50	75.00	WTSP;0.989
76.50	81.00	WTSP;0.861
82.50	88.50	WTSP;0.909
90.00	97.50	WTSP;0.902
99.00	132.00	WTSP;0.998
135.00	160.50	WTSP;0.998
162.00	166.50	WTSP;0.992
168.00	195.00	WTSP;0.995
196.50	208.50	WTSP;0.997
211.50	216.00	WTSP;0.636
222.00	252.00	WTSP;0.997
253.50	274.50	WTSP;0.997
276.00	283.50	WTSP;0.689
285.00	291.00	WTSP;0.903
292.50	298.50	WTSP;0.987
120.00	123.00	WILL;0.563
6.00	12.00	WIWA;0.684
21.00	25.50	WIWA;0.620
31.50	36.00	WIWA;0.874
42.00	46.50	WIWA;0.775
54.00	57.00	WIWA;0.500
61.50	67.50	WIWA;0.881
75.00	79.50	WIWA;0.859
85.50	90.00	WIWA;0.659
96.00	100.50	WIWA;0.943
106.50	112.50	WIWA;0.806
117.00	121.50	WIWA;0.907
124.50	130.50	WIWA;0.978
144.00	148.50	WIWA;0.852
154.50	159.00	WIWA;0.949
166.50	171.00	WIWA;0.976
181.50	186.00	WIWA;0.517
189.00	192.00	WIWA;0.500
199.50	204.00	WIWA;0.500
208.50	213.00	WIWA;0.785
226.50	231.00	WIWA;0.751
247.50	252.00	WIWA;0.623
280.50	285.00	WIWA;0.511
