523.50	526.50	AMDI;0.542
345.00	348.00	AMGP;0.606
510.00	513.00	AMGP;0.521
10.50	19.50	AMRO;0.881
25.50	31.50	AMRO;0.771
43.50	46.50	AMRO;0.500
48.00	52.50	AMRO;0.500
57.00	61.50	AMRO;0.652
157.50	162.00	AMRO;0.790
178.50	183.00	AMRO;0.788
198.00	201.00	AMRO;0.500
226.50	234.00	AMRO;0.981
244.50	247.50	AMRO;0.500
261.00	268.50	AMRO;0.500
277.50	280.50	AMRO;0.500
291.00	294.00	AMRO;0.500
297.00	301.50	AMRO;0.500
319.50	324.00	AMRO;0.687
330.00	334.50	AMRO;0.606
345.00	348.00	AMRO;0.500
367.50	370.50	AMRO;0.500
405.00	409.50	AMRO;0.805
427.50	432.00	AMRO;0.800
462.00	466.50	AMRO;0.506
477.00	481.50	AMRO;0.542
555.00	559.50	AMRO;0.718
577.50	580.50	AMRO;0.500
43.50	46.50	ATTW;0.618
192.00	195.00	ATSP;0.548
13.50	16.50	BAOR;0.564
102.00	105.00	BAOR;0.536
267.00	270.00	BBPL;0.626
132.00	135.00	BHVI;0.605
106.50	111.00	BRTH;0.672
267.00	270.00	BRTH;0.590
447.00	450.00	BHCO;0.562
327.00	330.00	BUOR;0.525
457.50	460.50	CHSW;0.516
214.50	220.50	CHSP;0.867
228.00	232.50	CHSP;0.954
358.50	361.50	DUNL;0.529
60.00	63.00	EABL;0.501
469.50	474.00	EAME;0.523
31.50	36.00	EATO;0.714
247.50	250.50	EATO;0.513
97.50	100.50	FISP;0.731
111.00	114.00	FISP;0.612
123.00	126.00	FISP;0.520
150.00	153.00	FISP;0.618
162.00	165.00	FISP;0.533
178.50	181.50	FISP;0.543
190.50	193.50	FISP;0.534
366.00	369.00	FISP;0.544
378.00	381.00	FISP;0.609
390.00	393.00	FISP;0.518
402.00	405.00	FISP;0.591
451.50	454.50	FISP;0.665
501.00	504.00	FISP;0.652
535.50	538.50	FISP;0.702
585.00	589.50	FISP;0.964
21.00	25.50	FOSP;0.831
28.50	33.00	FOSP;0.808
36.00	40.50	FOSP;0.929
46.50	51.00	FOSP;0.770
55.50	67.50	FOSP;0.878
78.00	84.00	FOSP;0.806
87.00	91.50	FOSP;0.931
97.50	102.00	FOSP;0.954
112.50	123.00	FOSP;0.883
133.50	138.00	FOSP;0.936
139.50	142.50	FOSP;0.500
144.00	150.00	FOSP;0.810
163.50	178.50	FOSP;0.978
181.50	186.00	FOSP;0.721
201.00	205.50	FOSP;0.830
207.00	211.50	FOSP;0.500
216.00	220.50	FOSP;0.828
238.50	243.00	FOSP;0.975
249.00	253.50	FOSP;0.894
268.50	273.00	FOSP;0.853
283.50	288.00	FOSP;0.753
300.00	306.00	FOSP;0.945
316.50	322.50	FOSP;0.794
333.00	336.00	FOSP;0.562
337.50	340.50	FOSP;0.700
352.50	361.50	FOSP;0.808
370.50	373.50	FOSP;0.500
381.00	384.00	FOSP;0.500
391.50	397.50	FOSP;0.585
411.00	414.00	FOSP;0.500
469.50	474.00	FOSP;0.500
496.50	501.00	FOSP;0.637
511.50	514.50	FOSP;0.500
529.50	532.50	FOSP;0.500
544.50	549.00	FOSP;0.749
568.50	571.50	FOSP;0.500
573.00	576.00	FOSP;0.500
589.50	594.00	FOSP;0.956
595.50	600.00	FOSP;0.896
16.50	19.50	GCSP;0.539
28.50	33.00	GCSP;0.909
37.50	40.50	GCSP;0.582
306.00	309.00	GCSP;0.970
436.50	439.50	GCSP;0.725
481.50	484.50	GCSP;0.603
499.50	504.00	GCSP;0.699
51.00	54.00	GRCA;0.579
112.50	115.50	HETH;0.655
385.50	388.50	HETH;0.525
324.00	327.00	LASP;0.502
571.50	574.50	LASP;0.596
42.00	45.00	LESA;0.521
277.50	282.00	LISP;0.756
417.00	421.50	LISP;0.603
396.00	399.00	MAMU;0.507
87.00	90.00	MOBL;0.597
105.00	109.50	MOBL;0.724
337.50	342.00	MOBL;0.730
0.00	6.00	MOCH;0.732
10.50	13.50	MOCH;0.500
15.00	18.00	MOCH;0.500
21.00	24.00	MOCH;0.500
40.50	45.00	MOCH;0.829
55.50	60.00	MOCH;0.622
64.50	69.00	MOCH;0.500
75.00	78.00	MOCH;0.800
85.50	93.00	MOCH;0.500
99.00	102.00	MOCH;0.537
115.50	121.50	MOCH;0.771
124.50	127.50	MOCH;0.933
138.00	141.00	MOCH;0.574
151.50	154.50	MOCH;0.508
169.50	172.50	MOCH;0.500
178.50	181.50	MOCH;0.500
190.50	193.50	MOCH;0.535
202.50	205.50	MOCH;0.787
213.00	216.00	MOCH;0.500
223.50	226.50	MOCH;0.609
303.00	306.00	MOCH;0.500
331.50	334.50	MOCH;0.500
390.00	393.00	MOCH;0.500
415.50	418.50	MOCH;0.500
427.50	430.50	MOCH;0.907
441.00	444.00	MOCH;0.816
451.50	459.00	MOCH;0.824
465.00	469.50	MOCH;0.500
481.50	486.00	MOCH;0.519
501.00	505.50	MOCH;0.983
517.50	520.50	MOCH;0.500
553.50	556.50	MOCH;0.500
570.00	573.00	MOCH;0.500
588.00	591.00	MOCH;0.500
297.00	301.50	NOCA;0.708
91.50	96.00	OSFL;0.994
103.50	108.00	OSFL;0.921
109.50	114.00	OSFL;0.962
124.50	129.00	OSFL;0.990
130.50	135.00	OSFL;0.901
141.00	145.50	OSFL;0.980
156.00	160.50	OSFL;0.990
180.00	184.50	OSFL;0.939
186.00	190.50	OSFL;0.977
205.50	210.00	OSFL;0.992
235.50	240.00	OSFL;0.992
246.00	250.50	OSFL;0.989
253.50	258.00	OSFL;0.992
270.00	274.50	OSFL;0.988
279.00	283.50	OSFL;0.990
288.00	292.50	OSFL;0.993
318.00	322.50	OSFL;0.711
334.50	339.00	OSFL;0.991
342.00	346.50	OSFL;0.992
355.50	360.00	OSFL;0.989
366.00	370.50	OSFL;0.824
373.50	378.00	OSFL;0.987
415.50	420.00	OSFL;0.500
442.50	447.00	OSFL;0.994
474.00	478.50	OSFL;0.991
480.00	483.00	OSFL;0.500
507.00	511.50	OSFL;0.694
516.00	519.00	OSFL;0.500
528.00	532.50	OSFL;0.990
552.00	556.50	OSFL;0.978
562.50	567.00	OSFL;0.993
135.00	138.00	OROR;0.514
195.00	199.50	OROR;0.644
333.00	336.00	PIGR;0.624
264.00	268.50	PIWA;0.595
274.50	277.50	PUFI;0.531
51.00	54.00	REVI;0.593
112.50	117.00	REVI;0.673
169.50	172.50	REVI;0.585
304.50	307.50	REVI;0.643
10.50	16.50	RBGR;0.829
25.50	30.00	RBGR;0.869
49.50	52.50	RBGR;0.631
55.50	60.00	RBGR;0.784
73.50	78.00	RBGR;0.555
82.50	87.00	RBGR;0.786
90.00	94.50	RBGR;0.835
157.50	162.00	RBGR;0.693
261.00	265.50	RBGR;0.500
271.50	276.00	RBGR;0.500
297.00	300.00	RBGR;0.500
321.00	325.50	RBGR;0.500
427.50	432.00	RBGR;0.660
48.00	51.00	RUGR;0.579
63.00	69.00	RUGR;0.843
285.00	291.00	RUGR;0.761
391.50	394.50	RUGR;0.658
433.50	439.50	RUGR;0.600
507.00	510.00	RUGR;0.605
15.00	18.00	RUBL;0.640
225.00	228.00	RUBL;0.533
367.50	370.50	RUBL;0.718
447.00	450.00	RUBL;0.687
171.00	174.00	SAPH;0.578
256.50	259.50	SAPH;0.720
285.00	289.50	SAPH;0.918
529.50	532.50	SAPH;0.807
4.50	7.50	SNBU;0.539
127.50	130.50	SNBU;0.625
259.50	264.00	SNBU;0.611
286.50	289.50	SNBU;0.572
346.50	351.00	SNBU;0.819
391.50	396.00	SNBU;0.834
421.50	424.50	SNBU;0.648
430.50	433.50	SNBU;0.540
445.50	448.50	SNBU;0.535
462.00	466.50	SPTO;0.528
102.00	105.00	SPGR;0.516
292.50	295.50	SWSP;0.537
433.50	436.50	SWSP;0.569
183.00	187.50	VATH;0.520
229.50	232.50	VATH;0.500
252.00	256.50	VATH;0.784
324.00	328.50	VATH;0.500
358.50	361.50	VATH;0.500
483.00	487.50	VATH;0.562
489.00	493.50	VATH;0.969
564.00	568.50	VATH;0.961
576.00	580.50	VATH;0.992
336.00	339.00	VESP;0.587
226.50	229.50	VGSW;0.523
192.00	195.00	WEME;0.742
409.50	412.50	WEME;0.514
168.00	171.00	WCSP;0.631
184.50	189.00	WCSP;0.967
259.50	262.50	WCSP;0.620
306.00	310.50	WCSP;0.643
318.00	322.50	WCSP;0.811
0.00	3.00	WTSP;0.941
6.00	13.50	WTSP;0.994
16.50	22.50	WTSP;0.991
27.00	31.50	WTSP;0.941
37.50	43.50	WTSP;0.965
51.00	67.50	WTSP;0.998
70.50	76.50	WTSP;0.997
82.50	87.00	WTSP;0.996
94.50	105.00	WTSP;0.991
108.00	114.00	WTSP;0.993
115.50	126.00	WTSP;0.993
133.50	142.50	WTSP;0.989
147.00	153.00	WTSP;0.993
159.00	165.00	WTSP;0.993
169.50	172.50	WTSP;0.500
175.50	181.50	WTSP;0.985
187.50	193.50	WTSP;0.998
198.00	204.00	WTSP;0.995
208.50	216.00	WTSP;0.995
219.00	226.50	WTSP;0.996
258.00	262.50	WTSP;0.713
295.50	300.00	WTSP;0.956
307.50	310.50	WTSP;0.500
331.50	334.50	WTSP;0.500
363.00	369.00	WTSP;0.994
375.00	381.00	WTSP;0.992
387.00	393.00	WTSP;0.997
399.00	405.00	WTSP;0.993
411.00	417.00	WTSP;0.993
423.00	429.00	WTSP;0.988
436.50	444.00	WTSP;0.997
448.50	460.50	WTSP;0.996
465.00	468.00	WTSP;0.674
478.50	487.50	WTSP;0.978
492.00	496.50	WTSP;0.603
498.00	504.00	WTSP;0.924
510.00	513.00	WTSP;0.500
517.50	523.50	WTSP;0.994
532.50	538.50	WTSP;0.990
540.00	543.00	WTSP;0.500
550.50	555.00	WTSP;0.992
567.00	573.00	WTSP;0.988
579.00	582.00	WTSP;0.720
583.50	589.50	WTSP;0.991
369.00	372.00	WWCR;0.530
477.00	481.50	WILL;0.726
166.50	169.50	WIFL;0.523
0.00	3.00	WIWA;0.766
9.00	15.00	WIWA;0.985
18.00	24.00	WIWA;0.988
30.00	34.50	WIWA;0.799
39.00	43.50	WIWA;0.978
48.00	54.00	WIWA;0.988
57.00	63.00	WIWA;0.984
66.00	72.00	WIWA;0.991
75.00	81.00	WIWA;0.987
84.00	88.50	WIWA;0.978
93.00	97.50	WIWA;0.986
105.00	109.50	WIWA;0.976
117.00	123.00	WIWA;0.985
129.00	135.00	WIWA;0.981
141.00	145.50	WIWA;0.988
153.00	159.00	WIWA;0.990
166.50	171.00	WIWA;0.963
177.00	181.50	WIWA;0.982
189.00	193.50	WIWA;0.954
199.50	204.00	WIWA;0.738
213.00	217.50	WIWA;0.988
231.00	235.50	WIWA;0.991
243.00	247.50	WIWA;0.988
256.50	261.00	WIWA;0.990
268.50	273.00	WIWA;0.961
280.50	285.00	WIWA;0.992
292.50	297.00	WIWA;0.978
303.00	307.50	WIWA;0.987
313.50	319.50	WIWA;0.988
325.50	330.00	WIWA;0.988
336.00	342.00	WIWA;0.957
348.00	352.50	WIWA;0.989
360.00	366.00	WIWA;0.988
372.00	376.50	WIWA;0.987
384.00	388.50	WIWA;0.897
394.50	399.00	WIWA;0.979
402.00	406.50	WIWA;0.992
412.50	417.00	WIWA;0.965
435.00	439.50	WIWA;0.983
459.00	463.50	WIWA;0.991
471.00	477.00	WIWA;0.970
486.00	490.50	WIWA;0.992
495.00	499.50	WIWA;0.989
504.00	510.00	WIWA;0.990
514.50	520.50	WIWA;0.992
525.00	531.00	WIWA;0.990
535.50	541.50	WIWA;0.992
546.00	552.00	WIWA;0.991
558.00	564.00	WIWA;0.990
570.00	574.50	WIWA;0.989
580.50	585.00	WIWA;0.992
591.00	595.50	WIWA;0.989
