24.00	27.00	AMDI;0.511
474.00	477.00	AMDI;0.586
514.50	517.50	AMDI;0.540
121.50	124.50	AGOL;0.522
148.50	153.00	AGOL;0.752
0.00	4.50	AMRO;0.954
6.00	10.50	AMRO;0.633
13.50	19.50	AMRO;0.992
21.00	30.00	AMRO;0.956
31.50	36.00	AMRO;0.839
42.00	100.50	AMRO;0.989
108.00	112.50	AMRO;0.829
115.50	120.00	AMRO;0.882
124.50	144.00	AMRO;0.994
153.00	166.50	AMRO;0.974
174.00	178.50	AMRO;0.776
189.00	201.00	AMRO;0.991
202.50	205.50	AMRO;0.500
207.00	216.00	AMRO;0.628
222.00	225.00	AMRO;0.500
228.00	232.50	AMRO;0.642
237.00	246.00	AMRO;0.963
247.50	252.00	AMRO;0.969
255.00	259.50	AMRO;0.967
286.50	291.00	AMRO;0.581
303.00	306.00	AMRO;0.500
309.00	313.50	AMRO;0.995
318.00	322.50	AMRO;0.797
324.00	331.50	AMRO;0.906
334.50	343.50	AMRO;0.933
345.00	351.00	AMRO;0.996
352.50	363.00	AMRO;0.998
364.50	372.00	AMRO;0.974
373.50	381.00	AMRO;0.961
382.50	405.00	AMRO;0.983
408.00	418.50	AMRO;0.975
420.00	424.50	AMRO;0.746
426.00	430.50	AMRO;0.880
432.00	441.00	AMRO;0.981
444.00	469.50	AMRO;0.993
471.00	489.00	AMRO;0.995
490.50	496.50	AMRO;0.994
498.00	511.50	AMRO;0.998
513.00	519.00	AMRO;0.523
520.50	529.50	AMRO;0.977
531.00	600.00	AMRO;0.998
61.50	66.00	ATSP;0.790
337.50	340.50	BAOR;0.576
354.00	358.50	BAOR;0.504
397.50	402.00	BAOR;0.873
510.00	513.00	BAOR;0.532
568.50	571.50	BAOR;0.664
94.50	97.50	BEWR;0.554
3.00	6.00	BHVI;0.577
304.50	307.50	BHVI;0.592
429.00	432.00	BHVI;0.601
472.50	475.50	BHVI;0.644
559.50	562.50	BHVI;0.678
16.50	19.50	BRSP;0.731
205.50	208.50	BRSP;0.587
219.00	222.00	BRSP;0.590
516.00	520.50	BRSP;0.795
526.50	531.00	BRSP;0.614
546.00	549.00	BRSP;0.598
555.00	559.50	BRSP;0.751
585.00	591.00	BRSP;0.746
351.00	354.00	BRTH;0.520
450.00	453.00	BRTH;0.681
472.50	475.50	BRTH;0.530
519.00	522.00	BRTH;0.522
528.00	534.00	BRTH;0.679
183.00	187.50	BUSH;0.594
70.50	73.50	CAFI;0.659
312.00	315.00	CAFI;0.580
322.50	325.50	CAFI;0.503
339.00	343.50	CAFI;0.576
546.00	549.00	CAFI;0.532
202.50	205.50	CBCH;0.577
208.50	213.00	CBCH;0.972
231.00	234.00	CCLO;0.513
0.00	3.00	CHSP;0.722
7.50	13.50	CHSP;0.961
16.50	22.50	CHSP;0.921
25.50	31.50	CHSP;0.687
36.00	42.00	CHSP;0.921
46.50	52.50	CHSP;0.921
55.50	61.50	CHSP;0.824
73.50	79.50	CHSP;0.903
85.50	91.50	CHSP;0.878
96.00	100.50	CHSP;0.791
105.00	111.00	CHSP;0.954
115.50	120.00	CHSP;0.777
127.50	133.50	CHSP;0.703
141.00	147.00	CHSP;0.841
156.00	160.50	CHSP;0.781
163.50	169.50	CHSP;0.975
175.50	180.00	CHSP;0.974
184.50	190.50	CHSP;0.632
196.50	199.50	CHSP;0.500
207.00	210.00	CHSP;0.641
219.00	225.00	CHSP;0.898
234.00	240.00	CHSP;0.959
241.50	249.00	CHSP;0.956
253.50	259.50	CHSP;0.966
267.00	271.50	CHSP;0.797
280.50	285.00	CHSP;0.500
307.50	312.00	CHSP;0.718
316.50	324.00	CHSP;0.676
325.50	331.50	CHSP;0.941
340.50	345.00	CHSP;0.647
349.50	355.50	CHSP;0.704
360.00	366.00	CHSP;0.986
373.50	379.50	CHSP;0.889
397.50	400.50	CHSP;0.500
418.50	423.00	CHSP;0.698
427.50	433.50	CHSP;0.928
436.50	442.50	CHSP;0.772
447.00	453.00	CHSP;0.941
459.00	463.50	CHSP;0.806
468.00	474.00	CHSP;0.922
475.50	480.00	CHSP;0.553
484.50	492.00	CHSP;0.943
495.00	501.00	CHSP;0.860
505.50	511.50	CHSP;0.797
517.50	520.50	CHSP;0.537
526.50	532.50	CHSP;0.772
547.50	552.00	CHSP;0.902
553.50	561.00	CHSP;0.713
567.00	571.50	CHSP;0.500
576.00	580.50	CHSP;0.755
586.50	589.50	CHSP;0.500
595.50	600.00	CHSP;0.785
468.00	471.00	DEJU;0.777
382.50	385.50	EAME;0.615
151.50	154.50	EATO;0.689
181.50	184.50	EATO;0.557
4.50	9.00	FOSP;0.919
21.00	24.00	FOSP;0.500
27.00	33.00	FOSP;0.910
46.50	49.50	FOSP;0.852
58.50	63.00	FOSP;0.920
67.50	72.00	FOSP;0.856
79.50	82.50	FOSP;0.564
94.50	97.50	FOSP;0.500
99.00	105.00	FOSP;0.779
111.00	115.50	FOSP;0.950
132.00	141.00	FOSP;0.937
150.00	154.50	FOSP;0.500
166.50	177.00	FOSP;0.929
180.00	190.50	FOSP;0.981
193.50	198.00	FOSP;0.832
204.00	208.50	FOSP;0.677
211.50	217.50	FOSP;0.984
225.00	231.00	FOSP;0.902
238.50	244.50	FOSP;0.993
252.00	256.50	FOSP;0.980
267.00	273.00	FOSP;0.921
274.50	286.50	FOSP;0.937
291.00	300.00	FOSP;0.939
301.50	310.50	FOSP;0.972
313.50	319.50	FOSP;0.819
324.00	327.00	FOSP;0.500
328.50	333.00	FOSP;0.581
348.00	357.00	FOSP;0.890
364.50	369.00	FOSP;0.707
381.00	387.00	FOSP;0.795
391.50	396.00	FOSP;0.829
400.50	409.50	FOSP;0.840
417.00	421.50	FOSP;0.961
423.00	427.50	FOSP;0.648
430.50	436.50	FOSP;0.923
444.00	450.00	FOSP;0.960
460.50	465.00	FOSP;0.920
475.50	481.50	FOSP;0.829
489.00	495.00	FOSP;0.985
502.50	508.50	FOSP;0.953
519.00	523.50	FOSP;0.961
535.50	540.00	FOSP;0.960
550.50	556.50	FOSP;0.980
565.50	574.50	FOSP;0.993
580.50	586.50	FOSP;0.866
591.00	595.50	FOSP;0.934
387.00	390.00	GRCA;0.562
457.50	460.50	GRCA;0.515
543.00	546.00	GRCA;0.524
468.00	471.00	GRYE;0.620
64.50	67.50	GWTE;0.521
189.00	192.00	GWTE;0.544
345.00	349.50	GWTE;0.625
366.00	369.00	GWTE;0.559
378.00	381.00	GWTE;0.575
409.50	417.00	GWTE;0.840
477.00	480.00	GWTE;0.589
508.50	511.50	GWTE;0.509
516.00	519.00	GWTE;0.503
171.00	175.50	HOFI;0.537
277.50	282.00	HOSP;0.556
481.50	484.50	LALO;0.765
328.50	331.50	LASP;0.526
351.00	354.00	LASP;0.515
363.00	366.00	LASP;0.526
384.00	388.50	LASP;0.542
402.00	406.50	LASP;0.546
424.50	427.50	LASP;0.532
505.50	508.50	LASP;0.640
10.50	16.50	LISP;0.972
40.50	45.00	LISP;0.721
54.00	58.50	LISP;0.500
70.50	76.50	LISP;0.757
102.00	106.50	LISP;0.938
118.50	121.50	LISP;0.942
133.50	136.50	LISP;0.674
148.50	153.00	LISP;0.500
169.50	174.00	LISP;0.500
189.00	193.50	LISP;0.934
207.00	210.00	LISP;0.765
220.50	225.00	LISP;0.603
235.50	240.00	LISP;0.842
270.00	273.00	LISP;0.500
318.00	322.50	LISP;0.958
334.50	339.00	LISP;0.967
348.00	351.00	LISP;0.500
379.50	384.00	LISP;0.942
394.50	397.50	LISP;0.500
409.50	414.00	LISP;0.975
426.00	429.00	LISP;0.586
439.50	444.00	LISP;0.952
454.50	459.00	LISP;0.936
469.50	472.50	LISP;0.686
483.00	487.50	LISP;0.952
498.00	501.00	LISP;0.631
511.50	516.00	LISP;0.979
541.50	546.00	LISP;0.799
547.50	550.50	LISP;0.500
573.00	577.50	LISP;0.881
180.00	184.50	OSFL;0.726
333.00	336.00	OSFL;0.625
157.50	160.50	OCWA;0.532
579.00	582.00	OCWA;0.556
267.00	270.00	OROR;0.514
349.50	352.50	OROR;0.524
256.50	261.00	PAWR;0.911
495.00	498.00	PIGR;0.636
22.50	28.50	PISI;0.917
30.00	43.50	PISI;0.989
51.00	57.00	PISI;0.961
63.00	70.50	PISI;0.950
90.00	94.50	PISI;0.959
103.50	108.00	PISI;0.755
114.00	130.50	PISI;0.995
139.50	157.50	PISI;0.999
178.50	183.00	PISI;0.925
216.00	219.00	PISI;0.500
222.00	226.50	PISI;0.993
250.50	253.50	PISI;0.500
256.50	270.00	PISI;0.998
273.00	276.00	PISI;0.500
277.50	313.50	PISI;0.999
364.50	376.50	PISI;0.998
423.00	426.00	PISI;0.500
466.50	471.00	PISI;0.597
474.00	477.00	PISI;0.550
27.00	31.50	PUFI;0.586
70.50	73.50	PUFI;0.620
99.00	103.50	PUFI;0.706
109.50	114.00	PUFI;0.720
123.00	126.00	PUFI;0.511
132.00	135.00	PUFI;0.500
171.00	174.00	PUFI;0.586
192.00	195.00	PUFI;0.562
322.50	325.50	PUFI;0.593
336.00	340.50	PUFI;0.573
349.50	354.00	PUFI;0.656
378.00	381.00	PUFI;0.552
406.50	409.50	PUFI;0.509
483.00	486.00	PUFI;0.519
142.50	145.50	REVI;0.726
156.00	159.00	REVI;0.556
432.00	436.50	RBGR;0.605
570.00	573.00	RBGR;0.605
91.50	94.50	RUGR;0.618
171.00	174.00	RUGR;0.559
177.00	181.50	RUGR;0.735
220.50	225.00	RUGR;0.853
241.50	247.50	RUGR;0.842
249.00	255.00	RUGR;0.797
328.50	333.00	RUGR;0.555
339.00	343.50	RUGR;0.711
352.50	360.00	RUGR;0.584
366.00	369.00	RUGR;0.502
439.50	442.50	RUGR;0.640
567.00	570.00	RUGR;0.676
99.00	103.50	SNBU;0.862
172.50	175.50	SNBU;0.567
226.50	229.50	SNBU;0.504
280.50	285.00	SNBU;0.571
312.00	315.00	SNBU;0.790
381.00	384.00	SNBU;0.559
405.00	409.50	SNBU;0.570
423.00	426.00	SNBU;0.546
229.50	232.50	SOSP;0.581
7.50	10.50	SUTA;0.630
13.50	16.50	SUTA;0.619
174.00	177.00	SUTA;0.573
21.00	24.00	TOSO;0.668
51.00	58.50	TOSO;0.730
126.00	130.50	TOSO;0.679
163.50	168.00	TOSO;0.696
394.50	399.00	TOSO;0.804
484.50	489.00	TOSO;0.847
513.00	517.50	TOSO;0.706
582.00	585.00	TOSO;0.525
6.00	9.00	VESP;0.529
138.00	141.00	VESP;0.514
315.00	318.00	VESP;0.514
273.00	276.00	VGSW;0.510
34.50	37.50	WAVI;0.698
174.00	177.00	WAVI;0.506
270.00	273.00	WAVI;0.544
517.50	520.50	WEME;0.679
67.50	72.00	WCSP;0.500
76.50	81.00	WCSP;0.982
133.50	136.50	WCSP;0.500
138.00	141.00	WCSP;0.500
195.00	198.00	WCSP;0.500
213.00	217.50	WCSP;0.555
226.50	231.00	WCSP;0.536
241.50	244.50	WCSP;0.500
354.00	357.00	WCSP;0.500
396.00	400.50	WCSP;0.957
100.50	103.50	WWCR;0.532
181.50	184.50	WWCR;0.511
579.00	582.00	WWCR;0.714
523.50	526.50	WILL;0.591
