4.50	7.50	AMPI;0.524
130.50	135.00	BLTU;0.590
1.50	7.50	CHSW;0.907
12.00	18.00	CHSW;0.844
24.00	27.00	CHSW;0.500
31.50	36.00	CHSW;0.655
42.00	45.00	CHSW;0.500
52.50	57.00	CHSW;0.725
63.00	69.00	CHSW;0.931
84.00	88.50	CHSW;0.796
93.00	96.00	CHSW;0.529
114.00	118.50	CHSW;0.982
127.50	132.00	CHSW;0.738
139.50	144.00	CHSW;0.812
153.00	159.00	CHSW;0.903
165.00	169.50	CHSW;0.662
177.00	181.50	CHSW;0.729
201.00	205.50	CHSW;0.505
223.50	229.50	CHSW;0.956
240.00	244.50	CHSW;0.750
252.00	258.00	CHSW;0.601
267.00	271.50	CHSW;0.717
276.00	280.50	CHSW;0.712
288.00	292.50	CHSW;0.553
25.50	28.50	CHSP;0.752
72.00	75.00	CHSP;0.699
159.00	162.00	EAME;0.524
207.00	210.00	EAME;0.505
291.00	295.50	EAME;0.603
27.00	30.00	EATO;0.930
0.00	4.50	FOSP;0.981
15.00	19.50	FOSP;0.937
28.50	33.00	FOSP;0.964
42.00	46.50	FOSP;0.620
57.00	61.50	FOSP;0.882
67.50	73.50	FOSP;0.991
87.00	91.50	FOSP;0.985
105.00	109.50	FOSP;0.934
123.00	129.00	FOSP;0.992
144.00	148.50	FOSP;0.972
159.00	163.50	FOSP;0.807
171.00	175.50	FOSP;0.934
190.50	195.00	FOSP;0.735
207.00	213.00	FOSP;0.942
228.00	232.50	FOSP;0.973
244.50	249.00	FOSP;0.920
261.00	265.50	FOSP;0.978
33.00	39.00	MOCH;0.980
79.50	82.50	MOCH;0.513
102.00	105.00	MOCH;0.538
271.50	276.00	MOCH;0.546
19.50	24.00	RUTU;0.626
79.50	82.50	RUGR;0.606
102.00	105.00	RUGR;0.582
108.00	111.00	SBDO;0.523
55.50	61.50	SNBU;0.831
106.50	109.50	SNBU;0.503
207.00	213.00	SNBU;0.539
246.00	249.00	SNBU;0.574
169.50	172.50	SPGR;0.516
45.00	48.00	SWSP;0.578
214.50	217.50	SWSP;0.516
253.50	256.50	SWSP;0.540
268.50	271.50	SWSP;0.513
192.00	195.00	VESP;0.535
172.50	177.00	WCSP;0.653
10.50	15.00	WTSP;0.863
33.00	39.00	WTSP;0.921
54.00	58.50	WTSP;0.889
64.50	67.50	WTSP;0.500
76.50	81.00	WTSP;0.758
3.00	6.00	WIWA;0.500
12.00	16.50	WIWA;0.680
22.50	27.00	WIWA;0.840
31.50	36.00	WIWA;0.852
42.00	46.50	WIWA;0.960
52.50	57.00	WIWA;0.500
63.00	67.50	WIWA;0.500
73.50	78.00	WIWA;0.984
84.00	88.50	WIWA;0.716
93.00	99.00	WIWA;0.990
165.00	169.50	WIWA;0.736
201.00	205.50	WIWA;0.672
211.50	216.00	WIWA;0.948
240.00	244.50	WIWA;0.512
252.00	256.50	WIWA;0.562
267.00	270.00	WIWA;0.500
