282.00	286.50	AMAV;0.626
528.00	531.00	AMDI;0.564
543.00	546.00	AMDI;0.588
60.00	64.50	AMGP;0.754
87.00	90.00	AMGP;0.617
316.50	319.50	AMGP;0.656
3.00	6.00	AMRO;0.500
13.50	28.50	AMRO;0.869
33.00	39.00	AMRO;0.708
46.50	57.00	AMRO;0.810
58.50	61.50	AMRO;0.500
70.50	75.00	AMRO;0.767
76.50	81.00	AMRO;0.911
87.00	93.00	AMRO;0.840
96.00	100.50	AMRO;0.633
102.00	150.00	AMRO;0.994
153.00	175.50	AMRO;0.996
177.00	181.50	AMRO;0.500
184.50	189.00	AMRO;0.829
192.00	222.00	AMRO;0.910
234.00	237.00	AMRO;0.500
241.50	247.50	AMRO;0.910
256.50	259.50	AMRO;0.500
261.00	265.50	AMRO;0.724
268.50	273.00	AMRO;0.500
276.00	286.50	AMRO;0.950
300.00	318.00	AMRO;0.976
319.50	322.50	AMRO;0.500
331.50	379.50	AMRO;0.994
381.00	394.50	AMRO;0.989
399.00	415.50	AMRO;0.957
417.00	469.50	AMRO;0.981
471.00	498.00	AMRO;0.983
505.50	508.50	AMRO;0.500
517.50	522.00	AMRO;0.975
526.50	535.50	AMRO;0.982
538.50	553.50	AMRO;0.988
555.00	559.50	AMRO;0.500
567.00	570.00	AMRO;0.500
571.50	576.00	AMRO;0.614
579.00	592.50	AMRO;0.979
597.00	600.00	AMRO;0.500
21.00	24.00	BAOR;0.515
102.00	105.00	BAOR;0.509
178.50	183.00	BAOR;0.908
237.00	240.00	BAOR;0.571
270.00	273.00	BAOR;0.680
334.50	339.00	BAOR;0.512
358.50	361.50	BAOR;0.510
421.50	426.00	BAOR;0.685
489.00	492.00	BAOR;0.510
526.50	529.50	BAOR;0.524
274.50	277.50	BLOY;0.682
567.00	570.00	BLOY;0.508
69.00	73.50	BHVI;0.605
361.50	364.50	BRSP;0.514
556.50	561.00	BRSP;0.719
570.00	573.00	BRTH;0.567
51.00	54.00	CAFI;0.638
379.50	382.50	CHSW;0.504
388.50	391.50	CHSW;0.574
585.00	588.00	CHSW;0.648
253.50	256.50	EABL;0.596
370.50	373.50	EABL;0.697
33.00	36.00	EAME;0.549
46.50	49.50	EAME;0.666
66.00	72.00	EAME;0.762
220.50	223.50	EAME;0.603
30.00	34.50	EATO;0.593
442.50	445.50	EATO;0.512
535.50	538.50	EATO;0.519
558.00	561.00	EATO;0.627
589.50	592.50	EATO;0.877
27.00	30.00	FISP;0.561
156.00	159.00	FISP;0.605
324.00	327.00	FISP;0.519
13.50	18.00	FOSP;0.525
31.50	36.00	FOSP;0.814
69.00	72.00	FOSP;0.500
79.50	84.00	FOSP;0.672
94.50	97.50	FOSP;0.664
106.50	114.00	FOSP;0.779
151.50	156.00	FOSP;0.956
168.00	172.50	FOSP;0.745
186.00	192.00	FOSP;0.765
199.50	205.50	FOSP;0.718
226.50	234.00	FOSP;0.896
237.00	241.50	FOSP;0.919
247.50	253.50	FOSP;0.780
261.00	268.50	FOSP;0.635
285.00	289.50	FOSP;0.858
298.50	303.00	FOSP;0.754
339.00	343.50	FOSP;0.500
375.00	379.50	FOSP;0.500
397.50	402.00	FOSP;0.560
421.50	426.00	FOSP;0.616
439.50	444.00	FOSP;0.931
453.00	457.50	FOSP;0.696
468.00	472.50	FOSP;0.914
478.50	483.00	FOSP;0.897
496.50	505.50	FOSP;0.976
511.50	520.50	FOSP;0.970
522.00	526.50	FOSP;0.859
537.00	541.50	FOSP;0.780
559.50	562.50	FOSP;0.500
585.00	588.00	FOSP;0.500
591.00	600.00	FOSP;0.952
205.50	208.50	GOEA;0.548
520.50	523.50	GRCA;0.536
597.00	600.00	GRCA;0.704
577.50	580.50	GCFL;0.574
33.00	39.00	GWTE;0.958
42.00	46.50	GWTE;0.500
52.50	57.00	GWTE;0.618
84.00	88.50	GWTE;0.766
115.50	120.00	GWTE;0.608
141.00	145.50	GWTE;0.629
157.50	160.50	GWTE;0.500
180.00	190.50	GWTE;0.500
207.00	216.00	GWTE;0.811
220.50	225.00	GWTE;0.500
231.00	234.00	GWTE;0.500
243.00	247.50	GWTE;0.500
268.50	273.00	GWTE;0.500
294.00	297.00	GWTE;0.500
315.00	318.00	GWTE;0.500
334.50	337.50	GWTE;0.500
351.00	355.50	GWTE;0.500
363.00	366.00	GWTE;0.500
369.00	372.00	GWTE;0.500
399.00	403.50	GWTE;0.500
484.50	487.50	GWTE;0.500
540.00	544.50	GWTE;0.500
549.00	552.00	GWTE;0.500
577.50	580.50	GWTE;0.500
589.50	594.00	GWTE;0.578
289.50	294.00	HASP;0.729
93.00	96.00	HETH;0.766
109.50	112.50	HETH;0.527
225.00	228.00	HETH;0.561
259.50	264.00	HETH;0.876
499.50	502.50	HETH;0.516
514.50	517.50	HETH;0.589
1.50	4.50	KILL;0.527
60.00	64.50	LISP;0.818
73.50	78.00	LISP;0.961
90.00	94.50	LISP;0.990
159.00	162.00	LISP;0.500
172.50	177.00	LISP;0.908
367.50	370.50	LISP;0.500
505.50	508.50	LISP;0.500
568.50	571.50	LISP;0.500
465.00	469.50	MAMU;0.538
208.50	213.00	MOBL;0.809
12.00	15.00	MOCH;0.500
16.50	22.50	MOCH;0.510
39.00	45.00	MOCH;0.959
55.50	60.00	MOCH;0.674
127.50	133.50	MOCH;0.500
151.50	154.50	MOCH;0.500
181.50	184.50	MOCH;0.500
196.50	199.50	MOCH;0.500
222.00	225.00	MOCH;0.602
235.50	238.50	MOCH;0.506
258.00	261.00	MOCH;0.860
268.50	273.00	MOCH;0.907
289.50	297.00	MOCH;0.969
313.50	316.50	MOCH;0.622
336.00	340.50	MOCH;0.851
364.50	367.50	MOCH;0.500
393.00	397.50	MOCH;0.513
400.50	408.00	MOCH;0.533
435.00	438.00	MOCH;0.500
447.00	450.00	MOCH;0.500
502.50	505.50	MOCH;0.500
508.50	513.00	MOCH;0.953
520.50	525.00	MOCH;0.673
528.00	531.00	MOCH;0.500
534.00	537.00	MOCH;0.500
562.50	565.50	MOCH;0.500
577.50	580.50	MOCH;0.933
63.00	67.50	NOCA;0.545
78.00	81.00	OSFL;0.631
159.00	163.50	OSFL;0.858
198.00	201.00	OSFL;0.565
304.50	309.00	OSFL;0.698
337.50	340.50	OSFL;0.700
372.00	376.50	OSFL;0.640
507.00	511.50	OSFL;0.633
453.00	457.50	OROR;0.624
537.00	540.00	OROR;0.658
273.00	276.00	PHVI;0.574
525.00	528.00	PHVI;0.549
96.00	99.00	PIGR;0.587
468.00	471.00	PIGR;0.508
0.00	16.50	PISI;0.933
24.00	27.00	PISI;0.500
28.50	33.00	PISI;0.500
37.50	42.00	PISI;0.843
48.00	54.00	PISI;0.653
63.00	66.00	PISI;0.500
75.00	79.50	PISI;0.747
82.50	88.50	PISI;0.680
163.50	166.50	PUFI;0.540
298.50	301.50	PUFI;0.507
408.00	411.00	PUFI;0.513
471.00	474.00	PUFI;0.510
558.00	561.00	PUFI;0.505
63.00	66.00	REVI;0.620
201.00	204.00	REVI;0.576
226.50	231.00	REVI;0.965
250.50	253.50	REVI;0.799
273.00	277.50	REVI;0.668
465.00	468.00	REVI;0.594
120.00	124.50	RBGR;0.827
130.50	135.00	RBGR;0.696
198.00	201.00	RBGR;0.642
385.50	390.00	RBGR;0.520
253.50	256.50	SBDO;0.636
307.50	312.00	SBDO;0.752
330.00	333.00	SBDO;0.813
169.50	172.50	SNBU;0.732
186.00	190.50	SNBU;0.869
219.00	222.00	SNBU;0.819
246.00	250.50	SNBU;0.613
369.00	373.50	SNBU;0.722
504.00	507.00	SOSA;0.545
397.50	400.50	SPSA;0.577
24.00	27.00	SUTA;0.550
141.00	144.00	SWHA;0.716
247.50	250.50	SWSP;0.511
22.50	25.50	TOSO;0.541
300.00	303.00	TOSO;0.526
423.00	426.00	TOSO;0.513
570.00	574.50	TOSO;0.797
27.00	31.50	VATH;0.648
133.50	138.00	VATH;0.500
147.00	151.50	VATH;0.828
153.00	157.50	VATH;0.508
160.50	165.00	VATH;0.539
214.50	219.00	VATH;0.500
225.00	229.50	VATH;0.661
232.50	237.00	VATH;0.500
289.50	294.00	VATH;0.506
328.50	331.50	VATH;0.709
361.50	366.00	VATH;0.940
378.00	382.50	VATH;0.500
384.00	387.00	VATH;0.500
396.00	399.00	VATH;0.533
412.50	415.50	VATH;0.500
430.50	435.00	VATH;0.535
436.50	441.00	VATH;0.947
459.00	463.50	VATH;0.892
484.50	487.50	VATH;0.509
504.00	508.50	VATH;0.958
549.00	555.00	VATH;0.888
562.50	567.00	VATH;0.985
66.00	70.50	WCSP;0.955
79.50	84.00	WCSP;0.500
91.50	96.00	WCSP;0.500
157.50	160.50	WCSP;0.500
286.50	289.50	WCSP;0.545
325.50	330.00	WCSP;0.500
363.00	366.00	WCSP;0.500
414.00	418.50	WCSP;0.978
426.00	430.50	WCSP;0.500
499.50	502.50	WCSP;0.500
565.50	570.00	WCSP;0.969
597.00	600.00	WCSP;0.505
13.50	22.50	WTSP;0.995
27.00	34.50	WTSP;0.990
42.00	49.50	WTSP;0.987
58.50	61.50	WTSP;0.500
72.00	76.50	WTSP;0.995
93.00	96.00	WTSP;0.500
103.50	109.50	WTSP;0.982
117.00	121.50	WTSP;0.994
127.50	138.00	WTSP;0.987
145.50	153.00	WTSP;0.929
156.00	160.50	WTSP;0.608
180.00	184.50	WTSP;0.986
190.50	199.50	WTSP;0.994
204.00	210.00	WTSP;0.996
219.00	225.00	WTSP;0.792
232.50	238.50	WTSP;0.989
244.50	250.50	WTSP;0.979
255.00	261.00	WTSP;0.995
267.00	271.50	WTSP;0.986
277.50	285.00	WTSP;0.988
289.50	297.00	WTSP;0.791
300.00	304.50	WTSP;0.801
310.50	315.00	WTSP;0.974
321.00	327.00	WTSP;0.871
334.50	339.00	WTSP;0.812
348.00	352.50	WTSP;0.956
364.50	369.00	WTSP;0.879
378.00	382.50	WTSP;0.942
384.00	387.00	WTSP;0.500
393.00	399.00	WTSP;0.993
400.50	409.50	WTSP;0.946
420.00	429.00	WTSP;0.544
435.00	439.50	WTSP;0.850
445.50	450.00	WTSP;0.968
460.50	465.00	WTSP;0.971
469.50	474.00	WTSP;0.500
484.50	489.00	WTSP;0.926
508.50	513.00	WTSP;0.686
520.50	525.00	WTSP;0.925
534.00	538.50	WTSP;0.891
547.50	553.50	WTSP;0.844
561.00	565.50	WTSP;0.855
574.50	579.00	WTSP;0.977
585.00	589.50	WTSP;0.673
169.50	172.50	WWCR;0.533
196.50	199.50	WILL;0.539
204.00	207.00	WILL;0.515
214.50	217.50	WIWA;0.500
303.00	307.50	WIWA;0.852
312.00	316.50	WIWA;0.925
321.00	325.50	WIWA;0.899
330.00	334.50	WIWA;0.946
340.50	345.00	WIWA;0.985
349.50	354.00	WIWA;0.966
358.50	363.00	WIWA;0.984
376.50	381.00	WIWA;0.976
390.00	393.00	WIWA;0.924
408.00	414.00	WIWA;0.988
424.50	429.00	WIWA;0.986
454.50	459.00	WIWA;0.862
481.50	484.50	WIWA;0.500
490.50	495.00	WIWA;0.985
501.00	507.00	WIWA;0.989
514.50	519.00	WIWA;0.983
525.00	529.50	WIWA;0.958
559.50	564.00	WIWA;0.796
573.00	577.50	WIWA;0.986
586.50	591.00	WIWA;0.991
414.00	417.00	WOTH;0.745
295.50	298.50	YRWA;0.667
304.50	307.50	YRWA;0.536
366.00	370.50	YRWA;0.750
447.00	450.00	YRWA;0.539
472.50	475.50	YRWA;0.561
487.50	492.00	YRWA;0.626
