484.50	487.50	AMAV;0.503
12.00	15.00	AMDI;0.700
486.00	489.00	AMGP;0.547
564.00	567.00	AMGP;0.586
376.50	381.00	AGOL;0.657
477.00	481.50	AMRO;0.935
486.00	495.00	AMRO;0.984
406.50	409.50	ATSP;0.511
558.00	561.00	ATSP;0.501
552.00	556.50	CBCH;0.905
171.00	174.00	CHSP;0.520
411.00	414.00	DUNL;0.597
139.50	142.50	EAME;0.509
315.00	318.00	EAME;0.530
88.50	91.50	EATO;0.660
180.00	183.00	EATO;0.789
55.50	58.50	FOSP;0.500
85.50	90.00	FOSP;0.586
139.50	144.00	FOSP;0.618
159.00	163.50	FOSP;0.652
181.50	186.00	FOSP;0.969
202.50	207.00	FOSP;0.584
222.00	226.50	FOSP;0.879
241.50	246.00	FOSP;0.677
265.50	271.50	FOSP;0.887
282.00	286.50	FOSP;0.971
298.50	303.00	FOSP;0.500
315.00	319.50	FOSP;0.668
334.50	339.00	FOSP;0.592
385.50	388.50	FOSP;0.500
405.00	408.00	FOSP;0.561
424.50	429.00	FOSP;0.637
442.50	448.50	FOSP;0.667
460.50	465.00	FOSP;0.830
475.50	478.50	FOSP;0.725
492.00	496.50	FOSP;0.936
511.50	516.00	FOSP;0.500
535.50	540.00	FOSP;0.627
555.00	561.00	FOSP;0.932
573.00	577.50	FOSP;0.764
589.50	594.00	FOSP;0.860
501.00	504.00	GCSP;0.602
492.00	495.00	GWTE;0.541
126.00	129.00	HETH;0.501
250.50	255.00	HETH;0.844
477.00	480.00	HETH;0.579
382.50	385.50	MOCH;0.515
592.50	598.50	MOCH;0.718
55.50	58.50	OROR;0.511
408.00	411.00	PAWA;0.795
318.00	321.00	PHVI;0.629
418.50	423.00	PISI;0.786
441.00	445.50	PISI;0.582
240.00	243.00	RWBL;0.568
166.50	169.50	RUGR;0.534
351.00	354.00	RUGR;0.559
355.50	360.00	RUGR;0.675
387.00	390.00	RUBL;0.560
157.50	160.50	SEPL;0.544
361.50	366.00	SBDO;0.693
570.00	574.50	SBDO;0.680
112.50	115.50	SNBU;0.637
334.50	337.50	SNBU;0.522
348.00	352.50	SNBU;0.879
403.50	406.50	SNBU;0.756
573.00	576.00	SNBU;0.523
498.00	501.00	TOSO;0.539
540.00	544.50	TOSO;0.522
250.50	253.50	WEME;0.551
391.50	396.00	WEWP;0.708
