12.00	15.00	BRSP;0.596
103.50	106.50	BRSP;0.533
144.00	147.00	BRSP;0.594
0.00	12.00	CHSP;0.989
13.50	19.50	CHSP;0.987
22.50	25.50	CHSP;0.515
31.50	37.50	CHSP;0.944
105.00	109.50	CHSP;0.981
112.50	118.50	CHSP;0.987
121.50	127.50	CHSP;0.985
133.50	139.50	CHSP;0.992
144.00	150.00	CHSP;0.986
132.00	135.00	EAME;0.526
117.00	121.50	FOSP;0.500
132.00	136.50	FOSP;0.850
189.00	193.50	FOSP;0.500
222.00	228.00	FOSP;0.947
244.50	249.00	MOCH;0.709
222.00	225.00	RECR;0.535
102.00	105.00	SNBU;0.677
118.50	123.00	SNBU;0.726
147.00	151.50	SNBU;0.958
189.00	193.50	SNBU;0.844
222.00	225.00	SNBU;0.596
21.00	33.00	SPGR;0.635
37.50	43.50	SPGR;0.538
58.50	63.00	SPGR;0.551
72.00	75.00	SPGR;0.630
108.00	111.00	SPGR;0.608
138.00	141.00	SPGR;0.510
156.00	160.50	SPGR;0.542
255.00	258.00	SPGR;0.531
267.00	270.00	SPGR;0.547
279.00	283.50	SPGR;0.577
237.00	241.50	WCSP;0.840
124.50	129.00	WTSP;0.989
