91.50	94.50	AMDI;0.531
387.00	390.00	AMDI;0.685
442.50	447.00	AMDI;0.930
468.00	472.50	AMDI;0.769
583.50	586.50	AMDI;0.667
63.00	66.00	AMRO;0.500
72.00	78.00	AMRO;0.576
81.00	84.00	AMRO;0.694
85.50	96.00	AMRO;0.819
97.50	102.00	AMRO;0.633
105.00	109.50	AMRO;0.759
112.50	117.00	AMRO;0.651
118.50	124.50	AMRO;0.539
130.50	135.00	AMRO;0.500
136.50	141.00	AMRO;0.702
144.00	148.50	AMRO;0.604
162.00	165.00	AMRO;0.500
166.50	169.50	AMRO;0.620
195.00	201.00	AMRO;0.500
205.50	208.50	AMRO;0.528
210.00	214.50	AMRO;0.500
216.00	226.50	AMRO;0.938
234.00	238.50	AMRO;0.587
240.00	246.00	AMRO;0.688
255.00	259.50	AMRO;0.526
261.00	265.50	AMRO;0.608
276.00	282.00	AMRO;0.565
285.00	288.00	AMRO;0.500
289.50	297.00	AMRO;0.930
534.00	537.00	AMRO;0.500
546.00	552.00	AMRO;0.500
558.00	561.00	AMRO;0.500
594.00	598.50	AMRO;0.912
213.00	216.00	ATSP;0.534
592.50	595.50	AMWI;0.677
75.00	78.00	BAOR;0.518
115.50	118.50	BAOR;0.558
256.50	259.50	BAOR;0.798
271.50	276.00	BAOR;0.926
589.50	592.50	BAOR;0.515
141.00	144.00	BLOY;0.503
289.50	292.50	BLOY;0.601
13.50	16.50	BBPL;0.663
63.00	67.50	BBPL;0.638
94.50	97.50	BBPL;0.706
195.00	198.00	BBPL;0.514
153.00	156.00	BCCH;0.522
66.00	70.50	BLJA;0.662
79.50	82.50	BLJA;0.505
121.50	126.00	BLJA;0.758
252.00	255.00	BHVI;0.550
594.00	597.00	BOCH;0.531
51.00	54.00	BRSP;0.500
171.00	175.50	BRSP;0.843
177.00	186.00	BRSP;0.995
187.50	192.00	BRSP;0.964
196.50	201.00	BRSP;0.986
205.50	216.00	BRSP;0.993
499.50	502.50	BRSP;0.500
220.50	223.50	BRTH;0.590
361.50	364.50	CAFI;0.500
391.50	396.00	CAFI;0.879
405.00	408.00	CAFI;0.776
414.00	420.00	CAFI;0.542
426.00	430.50	CAFI;0.500
438.00	442.50	CAFI;0.500
451.50	454.50	CAFI;0.500
460.50	463.50	CAFI;0.699
472.50	477.00	CAFI;0.707
483.00	486.00	CAFI;0.940
495.00	499.50	CAFI;0.839
507.00	511.50	CAFI;0.621
519.00	523.50	CAFI;0.581
153.00	156.00	CHSW;0.647
318.00	321.00	CHSW;0.590
480.00	484.50	CCSP;0.701
199.50	202.50	DEJU;0.530
100.50	103.50	EABL;0.531
168.00	171.00	EABL;0.643
199.50	205.50	EABL;0.770
232.50	235.50	EAME;0.521
333.00	336.00	EATO;0.538
369.00	372.00	EATO;0.593
25.50	28.50	FISP;0.585
52.50	55.50	FISP;0.726
135.00	138.00	FISP;0.600
180.00	184.50	FISP;0.737
588.00	592.50	FISP;0.826
6.00	10.50	FOSP;0.961
18.00	22.50	FOSP;0.929
30.00	34.50	FOSP;0.920
42.00	48.00	FOSP;0.897
55.50	61.50	FOSP;0.893
69.00	75.00	FOSP;0.854
82.50	87.00	FOSP;0.876
96.00	100.50	FOSP;0.913
109.50	114.00	FOSP;0.915
124.50	129.00	FOSP;0.867
138.00	144.00	FOSP;0.753
160.50	165.00	FOSP;0.918
172.50	178.50	FOSP;0.899
189.00	193.50	FOSP;0.959
202.50	207.00	FOSP;0.884
217.50	222.00	FOSP;0.920
232.50	238.50	FOSP;0.897
249.00	253.50	FOSP;0.955
265.50	270.00	FOSP;0.948
282.00	286.50	FOSP;0.936
297.00	301.50	FOSP;0.957
313.50	319.50	FOSP;0.889
331.50	336.00	FOSP;0.640
349.50	354.00	FOSP;0.975
370.50	375.00	FOSP;0.715
387.00	391.50	FOSP;0.636
402.00	408.00	FOSP;0.720
420.00	424.50	FOSP;0.960
436.50	441.00	FOSP;0.754
454.50	460.50	FOSP;0.755
474.00	478.50	FOSP;0.769
490.50	496.50	FOSP;0.923
510.00	516.00	FOSP;0.876
525.00	529.50	FOSP;0.868
541.50	547.50	FOSP;0.975
561.00	567.00	FOSP;0.922
118.50	123.00	GWTE;0.706
204.00	208.50	GWTE;0.572
216.00	219.00	GWTE;0.527
222.00	225.00	GWTE;0.721
228.00	232.50	GWTE;0.845
256.50	261.00	GWTE;0.520
279.00	282.00	GWTE;0.607
285.00	292.50	GWTE;0.596
37.50	40.50	HASP;0.567
309.00	312.00	HOWR;0.593
583.50	586.50	LASP;0.629
7.50	12.00	LISP;0.983
19.50	24.00	LISP;0.962
45.00	49.50	LISP;0.618
60.00	63.00	LISP;0.500
78.00	82.50	LISP;0.828
91.50	96.00	LISP;0.710
105.00	109.50	LISP;0.500
129.00	132.00	LISP;0.500
142.50	147.00	LISP;0.607
154.50	162.00	LISP;0.726
184.50	189.00	LISP;0.916
196.50	202.50	LISP;0.761
262.50	267.00	LISP;0.971
291.00	295.50	LISP;0.988
307.50	312.00	LISP;0.993
319.50	325.50	LISP;0.994
333.00	337.50	LISP;0.989
345.00	351.00	LISP;0.974
357.00	364.50	LISP;0.992
369.00	376.50	LISP;0.939
381.00	390.00	LISP;0.991
393.00	397.50	LISP;0.943
406.50	409.50	LISP;0.500
411.00	420.00	LISP;0.857
424.50	432.00	LISP;0.872
439.50	444.00	LISP;0.901
450.00	456.00	LISP;0.788
462.00	472.50	LISP;0.868
474.00	480.00	LISP;0.689
484.50	489.00	LISP;0.960
495.00	501.00	LISP;0.685
508.50	513.00	LISP;0.631
519.00	525.00	LISP;0.578
531.00	537.00	LISP;0.981
543.00	549.00	LISP;0.916
555.00	561.00	LISP;0.987
567.00	571.50	LISP;0.978
579.00	586.50	LISP;0.988
591.00	595.50	LISP;0.970
246.00	249.00	LBCU;0.559
1.50	4.50	MAMU;0.687
226.50	229.50	MAMU;0.733
453.00	456.00	MAWR;0.542
9.00	13.50	MOCH;0.966
46.50	51.00	MOCH;0.937
409.50	412.50	MOCH;0.652
448.50	451.50	MOCH;0.510
487.50	492.00	MOCH;0.963
505.50	508.50	MOCH;0.574
565.50	568.50	MOCH;0.501
187.50	190.50	NOCA;0.618
202.50	207.00	NOCA;0.578
232.50	235.50	NOCA;0.514
247.50	250.50	NOCA;0.524
331.50	334.50	NOCA;0.560
387.00	390.00	NOCA;0.627
454.50	457.50	NOCA;0.525
360.00	363.00	NRWS;0.520
93.00	96.00	OCWA;0.558
159.00	162.00	PUFI;0.501
202.50	205.50	PUFI;0.511
333.00	336.00	PUFI;0.576
394.50	397.50	PUFI;0.513
403.50	408.00	PUFI;0.696
472.50	477.00	PUFI;0.877
495.00	498.00	PUFI;0.551
510.00	513.00	PUFI;0.548
574.50	579.00	PUFI;0.793
4.50	7.50	RECR;0.536
16.50	19.50	RECR;0.625
42.00	45.00	RECR;0.565
94.50	97.50	RECR;0.554
201.00	204.00	RECR;0.644
295.50	298.50	RECR;0.659
460.50	463.50	ROWR;0.603
507.00	510.00	ROWR;0.567
99.00	106.50	RBGR;0.708
253.50	256.50	RBGR;0.540
261.00	264.00	RBGR;0.590
84.00	87.00	RUGR;0.571
517.50	520.50	RUGR;0.505
594.00	598.50	RUGR;0.553
147.00	150.00	SAND;0.538
571.50	576.00	SAND;0.636
45.00	48.00	SNBU;0.619
57.00	61.50	SNBU;0.556
69.00	73.50	SNBU;0.627
84.00	87.00	SNBU;0.627
111.00	114.00	SNBU;0.641
139.50	144.00	SNBU;0.717
175.50	178.50	SNBU;0.585
370.50	375.00	SNBU;0.657
402.00	408.00	SNBU;0.916
436.50	441.00	SNBU;0.581
456.00	459.00	SNBU;0.516
511.50	514.50	SNBU;0.580
526.50	529.50	SNBU;0.633
544.50	547.50	SNBU;0.621
561.00	564.00	SNBU;0.675
27.00	30.00	SWHA;0.517
286.50	291.00	SWSP;0.803
471.00	474.00	SWSP;0.536
522.00	525.00	SWSP;0.625
550.50	553.50	SWSP;0.553
33.00	37.50	TOSO;0.661
67.50	70.50	TOSO;0.586
129.00	132.00	TOSO;0.601
213.00	216.00	TUTI;0.530
22.50	27.00	VATH;0.644
37.50	40.50	VATH;0.717
49.50	54.00	VATH;0.809
102.00	105.00	VATH;0.500
117.00	121.50	VATH;0.932
396.00	400.50	VATH;0.809
409.50	414.00	VATH;0.718
552.00	556.50	VATH;0.500
1.50	6.00	WTSP;0.951
9.00	15.00	WTSP;0.863
22.50	30.00	WTSP;0.905
39.00	43.50	WTSP;0.994
49.50	55.50	WTSP;0.500
64.50	69.00	WTSP;0.576
79.50	85.50	WTSP;0.870
90.00	94.50	WTSP;0.978
103.50	108.00	WTSP;0.990
130.50	138.00	WTSP;0.992
150.00	153.00	WTSP;0.500
169.50	174.00	WTSP;0.993
178.50	184.50	WTSP;0.924
409.50	414.00	WTSP;0.500
441.00	445.50	WTSP;0.985
475.50	480.00	WTSP;0.500
487.50	492.00	WTSP;0.500
498.00	502.50	WTSP;0.500
507.00	511.50	WTSP;0.740
552.00	558.00	WTSP;0.961
564.00	568.50	WTSP;0.823
573.00	577.50	WTSP;0.500
586.50	591.00	WTSP;0.995
318.00	321.00	WIWA;0.543
349.50	354.00	WIWA;0.949
363.00	366.00	WIWA;0.822
549.00	553.50	WIWA;0.720
597.00	600.00	WOTH;0.582
147.00	150.00	YRWA;0.546
157.50	160.50	YRWA;0.500
223.50	228.00	YRWA;0.865
241.50	246.00	YRWA;0.972
273.00	277.50	YRWA;0.678
300.00	304.50	YRWA;0.799
322.50	325.50	YRWA;0.500
340.50	345.00	YRWA;0.985
504.00	508.50	YRWA;0.896
531.00	534.00	YRWA;0.500
