55.50	58.50	AMDI;0.527
181.50	184.50	AMDI;0.803
202.50	205.50	AMDI;0.666
295.50	300.00	AMDI;0.638
318.00	322.50	AMDI;0.683
351.00	354.00	AMDI;0.585
361.50	364.50	AMDI;0.687
402.00	405.00	AMDI;0.529
486.00	489.00	AMDI;0.524
561.00	564.00	AMDI;0.660
475.50	478.50	AGOL;0.580
21.00	24.00	AMPI;0.538
33.00	36.00	AMPI;0.618
294.00	297.00	BAWW;0.526
277.50	282.00	BBPL;0.589
10.50	13.50	BCCH;0.557
84.00	87.00	BCCH;0.507
207.00	210.00	BCCH;0.566
238.50	241.50	BCCH;0.885
459.00	462.00	BHVI;0.516
166.50	171.00	BOCH;0.836
27.00	31.50	BRSP;0.618
115.50	118.50	BRSP;0.719
262.50	267.00	BRSP;0.801
366.00	369.00	CHSW;0.609
538.50	541.50	DEJU;0.625
69.00	73.50	EAME;0.758
289.50	292.50	EAME;0.520
496.50	499.50	EAME;0.546
516.00	519.00	EAME;0.528
478.50	481.50	EATO;0.590
214.50	219.00	EAWP;0.627
579.00	582.00	EVGR;0.518
595.50	600.00	EVGR;0.836
4.50	9.00	FOSP;0.551
27.00	31.50	FOSP;0.954
40.50	45.00	FOSP;0.592
55.50	63.00	FOSP;0.788
66.00	73.50	FOSP;0.835
79.50	84.00	FOSP;0.500
129.00	133.50	FOSP;0.676
138.00	145.50	FOSP;0.530
154.50	157.50	FOSP;0.500
199.50	204.00	FOSP;0.500
211.50	214.50	FOSP;0.500
220.50	223.50	FOSP;0.500
231.00	235.50	FOSP;0.523
253.50	258.00	FOSP;0.619
264.00	270.00	FOSP;0.926
279.00	286.50	FOSP;0.788
291.00	294.00	FOSP;0.500
301.50	306.00	FOSP;0.796
411.00	415.50	FOSP;0.721
460.50	469.50	FOSP;0.807
472.50	492.00	FOSP;0.993
493.50	508.50	FOSP;0.972
516.00	520.50	FOSP;0.710
525.00	531.00	FOSP;0.853
538.50	543.00	FOSP;0.800
552.00	556.50	FOSP;0.718
559.50	562.50	FOSP;0.503
565.50	570.00	FOSP;0.765
577.50	580.50	FOSP;0.596
591.00	595.50	FOSP;0.880
0.00	3.00	GCSP;0.562
13.50	16.50	GCSP;0.518
76.50	79.50	GCSP;0.596
90.00	94.50	GCSP;0.703
103.50	106.50	GCSP;0.633
112.50	115.50	GCSP;0.515
132.00	136.50	GCSP;0.708
142.50	145.50	GCSP;0.580
165.00	169.50	GCSP;0.671
181.50	184.50	GCSP;0.670
189.00	195.00	GCSP;0.612
217.50	220.50	GCSP;0.599
234.00	237.00	GCSP;0.624
246.00	250.50	GCSP;0.590
259.50	264.00	GCSP;0.655
268.50	276.00	GCSP;0.617
324.00	328.50	GCSP;0.839
471.00	474.00	GCSP;0.762
510.00	514.50	GCSP;0.556
136.50	139.50	GCTH;0.561
310.50	313.50	HAWO;0.513
201.00	204.00	HETH;0.525
109.50	112.50	HOLA;0.682
358.50	361.50	HOLA;0.791
193.50	196.50	HOFI;0.607
300.00	304.50	HOFI;0.720
496.50	499.50	HOFI;0.524
552.00	555.00	HOFI;0.581
397.50	400.50	HOWR;0.580
319.50	322.50	LASP;0.508
115.50	120.00	LESA;0.610
165.00	169.50	LESA;0.529
334.50	339.00	LESA;0.645
37.50	40.50	LISP;0.500
309.00	313.50	LISP;0.585
318.00	322.50	LISP;0.500
355.50	360.00	LISP;0.968
361.50	366.00	LISP;0.500
372.00	376.50	LISP;0.859
381.00	388.50	LISP;0.960
394.50	399.00	LISP;0.925
402.00	406.50	LISP;0.778
427.50	432.00	LISP;0.500
438.00	441.00	LISP;0.595
447.00	456.00	LISP;0.969
459.00	463.50	LISP;0.970
468.00	472.50	LISP;0.896
480.00	484.50	LISP;0.988
492.00	496.50	LISP;0.704
507.00	513.00	LISP;0.709
520.50	525.00	LISP;0.500
532.50	535.50	LISP;0.611
550.50	553.50	LISP;0.500
534.00	537.00	LBDO;0.618
262.50	265.50	MAWA;0.526
10.50	15.00	MOCH;0.815
51.00	55.50	MOCH;0.500
72.00	75.00	MOCH;0.500
76.50	79.50	MOCH;0.500
84.00	87.00	MOCH;0.500
97.50	100.50	MOCH;0.500
112.50	115.50	MOCH;0.500
132.00	136.50	MOCH;0.500
141.00	144.00	MOCH;0.500
147.00	153.00	MOCH;0.773
168.00	171.00	MOCH;0.500
172.50	178.50	MOCH;0.521
198.00	202.50	MOCH;0.923
207.00	210.00	MOCH;0.500
246.00	249.00	MOCH;0.500
264.00	267.00	MOCH;0.500
270.00	273.00	MOCH;0.566
322.50	325.50	MOCH;0.500
366.00	370.50	MOCH;0.807
397.50	400.50	MOCH;0.500
403.50	408.00	MOCH;0.689
414.00	417.00	MOCH;0.642
424.50	427.50	MOCH;0.500
441.00	448.50	MOCH;0.815
510.00	514.50	MOCH;0.500
580.50	585.00	MOCH;0.558
124.50	127.50	NESP;0.522
4.50	7.50	NOWA;0.544
186.00	189.00	NOWA;0.717
195.00	198.00	NOWA;0.525
235.50	238.50	NOWA;0.557
243.00	246.00	NOWA;0.517
304.50	307.50	NOWA;0.559
319.50	322.50	NOWA;0.654
358.50	361.50	NOWA;0.694
375.00	378.00	NOWA;0.779
399.00	402.00	NOWA;0.553
438.00	441.00	NOWA;0.551
519.00	522.00	NOWA;0.629
534.00	537.00	NOWA;0.512
541.50	544.50	NOWA;0.582
592.50	595.50	NOWA;0.523
588.00	591.00	OSFL;0.522
537.00	541.50	OCWA;0.802
565.50	570.00	OROR;0.584
81.00	84.00	PHVI;0.540
292.50	295.50	PHVI;0.557
6.00	15.00	PISI;0.938
18.00	22.50	PISI;0.902
45.00	49.50	PISI;0.990
60.00	64.50	PISI;0.920
123.00	127.50	PISI;0.500
129.00	133.50	PISI;0.500
135.00	139.50	PISI;0.514
145.50	165.00	PISI;0.877
169.50	174.00	PISI;0.872
193.50	198.00	PISI;0.500
235.50	238.50	PISI;0.500
258.00	261.00	PISI;0.500
271.50	280.50	PISI;0.831
324.00	331.50	PISI;0.509
333.00	342.00	PISI;0.982
364.50	367.50	PISI;0.500
456.00	462.00	PISI;0.984
463.50	468.00	PISI;0.753
40.50	45.00	PUFI;0.583
537.00	540.00	PUFI;0.531
502.50	505.50	RECR;0.603
81.00	84.00	REVI;0.510
517.50	522.00	REVI;0.900
553.50	558.00	REVI;0.848
342.00	345.00	RUTU;0.506
357.00	360.00	RUTU;0.565
22.50	28.50	RUGR;0.586
30.00	34.50	RUGR;0.673
39.00	43.50	RUGR;0.544
270.00	273.00	RUGR;0.529
498.00	501.00	RUGR;0.554
58.50	61.50	RUBL;0.565
174.00	177.00	SAND;0.528
297.00	301.50	SAND;0.555
4.50	9.00	SAPH;0.663
88.50	91.50	SAPH;0.552
120.00	123.00	SAPH;0.521
151.50	156.00	SAPH;0.871
277.50	282.00	SAPH;0.750
484.50	487.50	SAPH;0.574
588.00	591.00	SAPH;0.522
66.00	69.00	SNBU;0.535
94.50	97.50	SNBU;0.646
219.00	223.50	SNBU;0.647
235.50	240.00	SNBU;0.583
279.00	282.00	SNBU;0.521
301.50	306.00	SNBU;0.555
466.50	469.50	SNBU;0.680
489.00	492.00	SNBU;0.529
565.50	570.00	SNBU;0.650
591.00	594.00	SNBU;0.659
597.00	600.00	SNBU;0.559
27.00	33.00	SOSP;0.781
96.00	99.00	SOSP;0.596
267.00	270.00	SOSP;0.519
207.00	210.00	SPSA;0.684
309.00	312.00	SPGR;0.516
33.00	46.50	SWSP;0.912
61.50	66.00	SWSP;0.500
103.50	108.00	SWSP;0.500
111.00	115.50	SWSP;0.500
117.00	121.50	SWSP;0.500
124.50	129.00	SWSP;0.500
156.00	160.50	SWSP;0.766
163.50	168.00	SWSP;0.500
180.00	183.00	SWSP;0.500
187.50	192.00	SWSP;0.788
195.00	199.50	SWSP;0.500
213.00	217.50	SWSP;0.500
222.00	226.50	SWSP;0.677
291.00	294.00	SWSP;0.500
306.00	309.00	SWSP;0.500
349.50	355.50	SWSP;0.943
369.00	372.00	SWSP;0.500
376.50	384.00	SWSP;0.884
418.50	421.50	SWSP;0.500
454.50	457.50	SWSP;0.500
469.50	472.50	SWSP;0.500
535.50	538.50	SWSP;0.500
564.00	568.50	SWSP;0.500
571.50	576.00	SWSP;0.500
586.50	591.00	SWSP;0.501
594.00	598.50	SWSP;0.618
0.00	3.00	TEWA;0.879
4.50	10.50	TEWA;0.885
12.00	16.50	TEWA;0.915
19.50	24.00	TEWA;0.884
42.00	46.50	TEWA;0.873
48.00	52.50	TEWA;0.856
54.00	60.00	TEWA;0.647
61.50	73.50	TEWA;0.974
75.00	81.00	TEWA;0.935
82.50	94.50	TEWA;0.963
97.50	102.00	TEWA;0.714
103.50	108.00	TEWA;0.500
111.00	115.50	TEWA;0.500
117.00	121.50	TEWA;0.579
124.50	129.00	TEWA;0.881
132.00	138.00	TEWA;0.814
141.00	145.50	TEWA;0.831
148.50	153.00	TEWA;0.961
156.00	160.50	TEWA;0.840
162.00	168.00	TEWA;0.949
171.00	175.50	TEWA;0.917
178.50	184.50	TEWA;0.902
196.50	201.00	TEWA;0.822
204.00	210.00	TEWA;0.940
213.00	217.50	TEWA;0.847
220.50	225.00	TEWA;0.607
228.00	234.00	TEWA;0.936
235.50	241.50	TEWA;0.947
244.50	249.00	TEWA;0.882
250.50	256.50	TEWA;0.959
259.50	262.50	TEWA;0.500
267.00	271.50	TEWA;0.902
273.00	279.00	TEWA;0.865
282.00	286.50	TEWA;0.782
289.50	294.00	TEWA;0.837
297.00	303.00	TEWA;0.943
304.50	310.50	TEWA;0.594
312.00	318.00	TEWA;0.981
319.50	325.50	TEWA;0.916
327.00	333.00	TEWA;0.959
334.50	340.50	TEWA;0.966
343.50	349.50	TEWA;0.922
351.00	357.00	TEWA;0.881
358.50	364.50	TEWA;0.897
367.50	372.00	TEWA;0.926
375.00	381.00	TEWA;0.848
382.50	388.50	TEWA;0.978
390.00	397.50	TEWA;0.985
399.00	405.00	TEWA;0.918
406.50	412.50	TEWA;0.984
414.00	421.50	TEWA;0.955
423.00	429.00	TEWA;0.966
430.50	436.50	TEWA;0.976
438.00	444.00	TEWA;0.971
445.50	451.50	TEWA;0.945
453.00	459.00	TEWA;0.960
460.50	466.50	TEWA;0.952
468.00	474.00	TEWA;0.941
477.00	481.50	TEWA;0.686
483.00	487.50	TEWA;0.827
490.50	495.00	TEWA;0.944
498.00	504.00	TEWA;0.958
505.50	517.50	TEWA;0.977
519.00	525.00	TEWA;0.922
526.50	532.50	TEWA;0.964
534.00	540.00	TEWA;0.723
541.50	547.50	TEWA;0.954
549.00	555.00	TEWA;0.930
556.50	561.00	TEWA;0.918
562.50	568.50	TEWA;0.946
570.00	576.00	TEWA;0.945
577.50	583.50	TEWA;0.974
585.00	591.00	TEWA;0.809
594.00	598.50	TEWA;0.500
153.00	157.50	TOSO;0.608
127.50	130.50	TRES;0.530
478.50	481.50	VESP;0.626
549.00	552.00	VESP;0.724
555.00	559.50	VESP;0.578
184.50	187.50	WAVI;0.524
543.00	546.00	WEME;0.616
1.50	6.00	WCSP;0.982
15.00	19.50	WCSP;0.994
25.50	30.00	WCSP;0.500
34.50	39.00	WCSP;0.916
49.50	57.00	WCSP;0.961
63.00	69.00	WCSP;0.987
72.00	75.00	WCSP;0.500
78.00	84.00	WCSP;0.958
85.50	90.00	WCSP;0.997
91.50	100.50	WCSP;0.968
102.00	109.50	WCSP;0.982
114.00	118.50	WCSP;0.986
121.50	126.00	WCSP;0.972
132.00	139.50	WCSP;0.931
142.50	148.50	WCSP;0.955
151.50	156.00	WCSP;0.980
157.50	162.00	WCSP;0.604
166.50	169.50	WCSP;0.643
172.50	187.50	WCSP;0.994
189.00	195.00	WCSP;0.997
199.50	204.00	WCSP;0.923
208.50	214.50	WCSP;0.997
217.50	222.00	WCSP;0.978
225.00	229.50	WCSP;0.985
231.00	238.50	WCSP;0.998
240.00	244.50	WCSP;0.991
246.00	253.50	WCSP;0.979
259.50	276.00	WCSP;0.960
280.50	285.00	WCSP;0.985
294.00	303.00	WCSP;0.519
330.00	334.50	WCSP;0.500
367.50	370.50	WCSP;0.500
405.00	408.00	WCSP;0.500
426.00	429.00	WCSP;0.610
471.00	474.00	WCSP;0.500
489.00	492.00	WCSP;0.500
496.50	499.50	WCSP;0.500
511.50	514.50	WCSP;0.500
522.00	526.50	WCSP;0.500
567.00	571.50	WCSP;0.981
582.00	586.50	WCSP;0.809
592.50	597.00	WCSP;0.500
0.00	4.50	WTSP;0.754
13.50	18.00	WTSP;0.527
24.00	31.50	WTSP;0.500
34.50	48.00	WTSP;0.833
51.00	55.50	WTSP;0.578
76.50	79.50	WTSP;0.524
87.00	94.50	WTSP;0.547
103.50	106.50	WTSP;0.589
112.50	115.50	WTSP;0.500
132.00	135.00	WTSP;0.500
142.50	153.00	WTSP;0.702
165.00	168.00	WTSP;0.500
171.00	175.50	WTSP;0.575
181.50	184.50	WTSP;0.607
199.50	205.50	WTSP;0.500
246.00	250.50	WTSP;0.789
255.00	258.00	WTSP;0.500
259.50	262.50	WTSP;0.500
271.50	276.00	WTSP;0.720
346.50	349.50	WTSP;0.500
424.50	429.00	WTSP;0.500
441.00	447.00	WTSP;0.500
511.50	514.50	WTSP;0.500
568.50	571.50	WTSP;0.500
592.50	595.50	WTSP;0.500
288.00	291.00	WIWR;0.533
508.50	513.00	YRWA;0.880
