129.00	132.00	AMDI;0.763
16.50	19.50	AMGP;0.765
9.00	21.00	AMRO;0.793
43.50	46.50	AMRO;0.500
64.50	69.00	AMRO;0.934
72.00	79.50	AMRO;0.920
81.00	94.50	AMRO;0.989
96.00	102.00	AMRO;0.963
115.50	121.50	AMRO;0.968
123.00	127.50	AMRO;0.688
129.00	133.50	AMRO;0.500
141.00	148.50	AMRO;0.958
153.00	157.50	AMRO;0.839
159.00	163.50	AMRO;0.519
168.00	174.00	AMRO;0.943
30.00	34.50	BAOR;0.916
39.00	42.00	BLOY;0.627
207.00	210.00	BCCH;0.559
79.50	82.50	BUOR;0.767
181.50	186.00	CHSW;0.685
282.00	286.50	CHSP;0.659
124.50	127.50	EABL;0.555
246.00	249.00	FISP;0.504
76.50	82.50	FOSP;0.833
88.50	93.00	FOSP;0.624
100.50	105.00	FOSP;0.700
111.00	117.00	FOSP;0.956
135.00	139.50	FOSP;0.847
145.50	151.50	FOSP;0.978
159.00	165.00	FOSP;0.803
171.00	177.00	FOSP;0.901
184.50	189.00	FOSP;0.862
196.50	201.00	FOSP;0.864
210.00	216.00	FOSP;0.961
6.00	9.00	GWTE;0.515
13.50	16.50	GWTE;0.545
21.00	27.00	MOCH;0.841
31.50	39.00	MOCH;0.500
48.00	51.00	MOCH;0.500
57.00	61.50	MOCH;0.886
67.50	76.50	MOCH;0.804
85.50	88.50	MOCH;0.500
91.50	96.00	MOCH;0.650
103.50	106.50	MOCH;0.500
109.50	112.50	MOCH;0.500
120.00	126.00	MOCH;0.890
138.00	141.00	MOCH;0.500
150.00	153.00	MOCH;0.500
156.00	159.00	MOCH;0.500
163.50	169.50	MOCH;0.500
172.50	183.00	MOCH;0.783
189.00	195.00	MOCH;0.910
204.00	211.50	MOCH;0.500
214.50	225.00	MOCH;0.918
232.50	235.50	MOCH;0.633
241.50	250.50	MOCH;0.845
252.00	255.00	MOCH;0.828
258.00	261.00	MOCH;0.711
262.50	265.50	MOCH;0.500
273.00	276.00	MOCH;0.704
288.00	295.50	MOCH;0.500
177.00	180.00	ROWR;0.515
123.00	126.00	RBGR;0.574
222.00	225.00	RUBL;0.505
111.00	115.50	SNBU;0.596
184.50	189.00	SNBU;0.573
73.50	76.50	SUTA;0.508
133.50	136.50	SUTA;0.559
163.50	166.50	SWSP;0.501
6.00	9.00	TOSO;0.728
90.00	93.00	TOSO;0.552
132.00	135.00	TOSO;0.521
214.50	219.00	VATH;0.654
295.50	300.00	VATH;0.976
0.00	3.00	WCSP;0.977
7.50	15.00	WCSP;0.985
22.50	30.00	WCSP;0.940
31.50	40.50	WCSP;0.977
45.00	52.50	WCSP;0.989
58.50	64.50	WCSP;0.998
72.00	81.00	WCSP;0.797
87.00	97.50	WCSP;0.945
99.00	111.00	WCSP;0.995
114.00	120.00	WCSP;0.976
126.00	130.50	WCSP;0.982
139.50	145.50	WCSP;0.978
151.50	156.00	WCSP;0.972
165.00	168.00	WCSP;0.582
174.00	178.50	WCSP;0.980
202.50	207.00	WCSP;0.920
214.50	219.00	WCSP;0.500
223.50	228.00	WCSP;0.937
232.50	238.50	WCSP;0.988
243.00	247.50	WCSP;0.960
253.50	258.00	WCSP;0.981
264.00	268.50	WCSP;0.966
274.50	279.00	WCSP;0.989
283.50	286.50	WCSP;0.500
288.00	294.00	WCSP;0.988
22.50	28.50	WTSP;0.500
33.00	36.00	WTSP;0.500
40.50	46.50	WTSP;0.775
48.00	52.50	WTSP;0.519
57.00	61.50	WTSP;0.668
70.50	79.50	WTSP;0.893
91.50	96.00	WTSP;0.500
114.00	118.50	WTSP;0.691
120.00	126.00	WTSP;0.986
138.00	142.50	WTSP;0.964
144.00	148.50	WTSP;0.500
163.50	168.00	WTSP;0.944
169.50	183.00	WTSP;0.916
189.00	193.50	WTSP;0.986
199.50	205.50	WTSP;0.991
207.00	213.00	WTSP;0.980
217.50	222.00	WTSP;0.873
223.50	231.00	WTSP;0.995
232.50	235.50	WTSP;0.500
244.50	250.50	WTSP;0.811
252.00	255.00	WTSP;0.500
258.00	267.00	WTSP;0.993
108.00	112.50	WIWA;0.986
138.00	142.50	WIWA;0.849
163.50	166.50	WIWA;0.500
180.00	184.50	WIWA;0.949
192.00	196.50	WIWA;0.988
238.50	243.00	WIWA;0.935
247.50	252.00	WIWA;0.898
258.00	262.50	WIWA;0.648
271.50	276.00	WIWA;0.837
40.50	43.50	WIWR;0.506
67.50	72.00	WIWR;0.562
7.50	12.00	YRWA;0.976
18.00	22.50	YRWA;0.856
46.50	51.00	YRWA;0.668
58.50	63.00	YRWA;0.500
69.00	72.00	YRWA;0.500
132.00	136.50	YRWA;0.983
142.50	147.00	YRWA;0.848
