546.00	549.00	ACFL;0.528
294.00	298.50	AMDI;0.542
229.50	232.50	AGOL;0.544
465.00	469.50	AMRO;0.668
471.00	475.50	AMRO;0.811
478.50	483.00	AMRO;0.837
486.00	489.00	AMRO;0.500
498.00	504.00	AMRO;0.932
402.00	405.00	BEWR;0.557
403.50	406.50	BOCH;0.556
12.00	16.50	BRSP;0.534
108.00	112.50	BRSP;0.852
370.50	375.00	BRSP;0.565
394.50	399.00	BRSP;0.690
198.00	202.50	CAFI;0.829
148.50	153.00	CCLO;0.535
304.50	307.50	EAME;0.511
384.00	387.00	EAME;0.625
36.00	40.50	FISP;0.644
424.50	427.50	FISP;0.612
12.00	16.50	FOSP;0.500
18.00	22.50	FOSP;0.500
250.50	253.50	FOSP;0.500
259.50	273.00	FOSP;0.991
274.50	289.50	FOSP;0.989
295.50	303.00	FOSP;0.963
306.00	321.00	FOSP;0.964
322.50	330.00	FOSP;0.998
336.00	340.50	FOSP;0.649
342.00	361.50	FOSP;0.995
363.00	369.00	FOSP;0.952
385.50	390.00	FOSP;0.981
400.50	405.00	FOSP;0.940
408.00	412.50	FOSP;0.873
432.00	436.50	FOSP;0.501
447.00	454.50	FOSP;0.948
465.00	469.50	FOSP;0.877
475.50	480.00	FOSP;0.745
492.00	498.00	FOSP;0.939
504.00	508.50	FOSP;0.684
516.00	538.50	FOSP;0.935
540.00	543.00	FOSP;0.500
547.50	559.50	FOSP;0.904
561.00	565.50	FOSP;0.787
415.50	420.00	GCKI;0.673
436.50	441.00	GCKI;0.576
447.00	450.00	GCKI;0.558
454.50	459.00	GCKI;0.544
468.00	472.50	GCKI;0.819
478.50	481.50	GCKI;0.658
453.00	456.00	GHOW;0.556
138.00	141.00	HASP;0.566
187.50	190.50	HASP;0.580
207.00	210.00	HASP;0.720
57.00	61.50	HOLA;0.620
115.50	120.00	HOLA;0.866
313.50	318.00	LCSP;0.621
48.00	52.50	LISP;0.544
63.00	66.00	LISP;0.501
592.50	597.00	LBDO;0.624
55.50	58.50	MOCH;0.522
106.50	109.50	MOCH;0.575
129.00	132.00	MOCH;0.945
142.50	145.50	MOCH;0.708
159.00	165.00	MOCH;0.500
187.50	193.50	MOCH;0.548
213.00	216.00	MOCH;0.500
232.50	235.50	MOCH;0.500
252.00	258.00	MOCH;0.561
303.00	306.00	MOCH;0.544
418.50	427.50	MOCH;0.835
442.50	445.50	MOCH;0.500
537.00	540.00	MOCH;0.500
552.00	556.50	MOCH;0.991
498.00	501.00	OSFL;0.608
267.00	270.00	OROR;0.509
352.50	355.50	OROR;0.728
399.00	403.50	OROR;0.732
475.50	478.50	OROR;0.561
3.00	12.00	PISI;0.973
13.50	18.00	PISI;0.911
57.00	109.50	PISI;0.998
111.00	120.00	PISI;0.783
555.00	564.00	PISI;0.923
363.00	366.00	RECR;0.610
384.00	387.00	RECR;0.618
483.00	486.00	RECR;0.510
330.00	333.00	RCKI;0.511
438.00	441.00	RCKI;0.555
234.00	237.00	RUGR;0.500
241.50	244.50	RUGR;0.500
247.50	250.50	RUGR;0.500
253.50	262.50	RUGR;0.507
279.00	282.00	RUGR;0.500
286.50	289.50	RUGR;0.500
294.00	298.50	RUGR;0.500
300.00	306.00	RUGR;0.500
315.00	319.50	RUGR;0.500
339.00	342.00	RUGR;0.500
393.00	397.50	RUGR;0.505
402.00	424.50	RUGR;0.871
430.50	433.50	RUGR;0.500
516.00	520.50	RUGR;0.530
588.00	592.50	RUGR;0.500
198.00	201.00	SAPH;0.638
34.50	37.50	SESA;0.543
339.00	342.00	SESA;0.523
579.00	583.50	SESA;0.712
264.00	267.00	SNBU;0.680
484.50	487.50	SNBU;0.533
492.00	495.00	SNBU;0.581
0.00	3.00	SOSP;0.831
12.00	16.50	SOSP;0.556
18.00	22.50	SOSP;0.787
102.00	106.50	SOSP;0.580
108.00	112.50	SOSP;0.500
123.00	127.50	SOSP;0.592
262.50	267.00	SOSP;0.776
270.00	273.00	SOSP;0.500
279.00	286.50	SOSP;0.659
298.50	303.00	SOSP;0.707
312.00	316.50	SOSP;0.500
349.50	354.00	SOSP;0.593
355.50	361.50	SOSP;0.500
408.00	417.00	SOSP;0.500
421.50	424.50	SOSP;0.500
432.00	436.50	SOSP;0.625
457.50	462.00	SOSP;0.665
504.00	508.50	SOSP;0.808
517.50	531.00	SOSP;0.814
534.00	538.50	SOSP;0.500
561.00	565.50	SOSP;0.531
567.00	571.50	SOSP;0.912
453.00	456.00	SPGR;0.566
415.50	418.50	SWSP;0.509
21.00	24.00	VGSW;0.735
18.00	28.50	WTSP;0.996
36.00	40.50	WTSP;0.500
52.50	57.00	WTSP;0.981
60.00	64.50	WTSP;0.992
106.50	112.50	WTSP;0.978
126.00	132.00	WTSP;0.997
138.00	145.50	WTSP;0.996
159.00	165.00	WTSP;0.993
187.50	193.50	WTSP;0.961
207.00	216.00	WTSP;0.997
231.00	235.50	WTSP;0.945
252.00	256.50	WTSP;0.798
273.00	276.00	WTSP;0.571
282.00	286.50	WTSP;0.726
298.50	303.00	WTSP;0.525
312.00	318.00	WTSP;0.563
319.50	324.00	WTSP;0.928
328.50	333.00	WTSP;0.500
357.00	361.50	WTSP;0.534
418.50	432.00	WTSP;0.863
436.50	439.50	WTSP;0.500
442.50	448.50	WTSP;0.983
459.00	465.00	WTSP;0.997
472.50	475.50	WTSP;0.515
481.50	490.50	WTSP;0.997
495.00	499.50	WTSP;0.987
505.50	508.50	WTSP;0.500
528.00	559.50	WTSP;0.968
567.00	571.50	WTSP;0.567
271.50	276.00	YRWA;0.806
318.00	322.50	YRWA;0.988
