4.50	12.00	AMRO;0.906
15.00	21.00	AMRO;0.898
33.00	40.50	AMRO;0.967
61.50	67.50	AMRO;0.559
70.50	78.00	AMRO;0.908
85.50	90.00	AMRO;0.536
93.00	97.50	AMRO;0.500
100.50	105.00	AMRO;0.500
115.50	121.50	AMRO;0.500
123.00	127.50	AMRO;0.500
133.50	138.00	AMRO;0.629
144.00	148.50	AMRO;0.689
153.00	157.50	AMRO;0.508
159.00	168.00	AMRO;0.767
169.50	175.50	AMRO;0.766
190.50	195.00	AMRO;0.775
220.50	225.00	AMRO;0.857
229.50	237.00	AMRO;0.688
247.50	253.50	AMRO;0.754
258.00	262.50	AMRO;0.601
270.00	274.50	AMRO;0.616
282.00	286.50	AMRO;0.700
294.00	298.50	AMRO;0.500
100.50	105.00	BAOR;0.671
159.00	163.50	BAOR;0.560
171.00	178.50	BAOR;0.869
232.50	237.00	BAOR;0.762
288.00	291.00	BAOR;0.639
90.00	93.00	BBPL;0.508
145.50	148.50	BCCH;0.612
261.00	264.00	BCCH;0.697
66.00	69.00	BHGR;0.511
75.00	78.00	BHGR;0.531
238.50	243.00	BTNW;0.633
253.50	256.50	BHVI;0.640
190.50	193.50	BRSP;0.516
289.50	292.50	BRSP;0.571
75.00	78.00	BRTH;0.530
214.50	217.50	CONI;0.507
135.00	139.50	EATO;0.695
253.50	256.50	EATO;0.531
100.50	103.50	FISP;0.682
109.50	112.50	FISP;0.522
271.50	274.50	FISP;0.532
0.00	3.00	FOSP;0.759
12.00	36.00	FOSP;0.873
37.50	45.00	FOSP;0.752
49.50	57.00	FOSP;0.949
67.50	73.50	FOSP;0.960
79.50	84.00	FOSP;0.923
88.50	99.00	FOSP;0.756
106.50	111.00	FOSP;0.834
121.50	124.50	FOSP;0.500
126.00	139.50	FOSP;0.826
141.00	145.50	FOSP;0.615
150.00	156.00	FOSP;0.863
157.50	163.50	FOSP;0.634
165.00	172.50	FOSP;0.950
177.00	184.50	FOSP;0.843
193.50	199.50	FOSP;0.923
202.50	207.00	FOSP;0.950
208.50	217.50	FOSP;0.892
222.00	229.50	FOSP;0.933
231.00	235.50	FOSP;0.535
237.00	247.50	FOSP;0.618
250.50	259.50	FOSP;0.838
261.00	265.50	FOSP;0.500
273.00	277.50	FOSP;0.903
279.00	282.00	FOSP;0.500
283.50	288.00	FOSP;0.783
42.00	46.50	GCSP;0.877
60.00	63.00	GCSP;0.500
73.50	81.00	GCSP;0.739
90.00	97.50	GCSP;0.824
105.00	109.50	GCSP;0.605
117.00	121.50	GCSP;0.780
127.50	132.00	GCSP;0.692
135.00	141.00	GCSP;0.500
145.50	150.00	GCSP;0.889
160.50	163.50	GCSP;0.500
175.50	180.00	GCSP;0.500
196.50	204.00	GCSP;0.819
216.00	225.00	GCSP;0.588
228.00	231.00	GCSP;0.500
235.50	247.50	GCSP;0.516
256.50	270.00	GCSP;0.829
273.00	276.00	GCSP;0.500
279.00	283.50	GCSP;0.500
270.00	274.50	GRCA;0.585
205.50	208.50	HETH;0.568
292.50	295.50	HETH;0.600
60.00	63.00	LALO;0.585
166.50	169.50	LALO;0.525
195.00	198.00	LALO;0.591
6.00	10.50	LISP;0.931
132.00	136.50	LISP;0.797
114.00	117.00	MOCH;0.514
123.00	126.00	MOCH;0.565
142.50	145.50	MOCH;0.533
151.50	154.50	MOCH;0.543
214.50	217.50	MOCH;0.589
265.50	268.50	MOCH;0.775
79.50	82.50	OSFL;0.578
28.50	31.50	OROR;0.535
159.00	163.50	OROR;0.611
264.00	267.00	OROR;0.547
43.50	48.00	PUFI;0.679
60.00	63.00	PUFI;0.609
19.50	24.00	REVI;0.609
46.50	49.50	REVI;0.531
34.50	37.50	RBGR;0.580
66.00	69.00	RBGR;0.538
207.00	211.50	RBGR;0.964
229.50	232.50	RBGR;0.711
36.00	39.00	RUGR;0.641
204.00	207.00	RUBL;0.660
45.00	48.00	SNBU;0.553
261.00	265.50	SNBU;0.591
216.00	220.50	SOSA;0.753
25.50	28.50	SPGR;0.595
181.50	184.50	SPGR;0.550
153.00	156.00	TOSO;0.687
186.00	190.50	TOSO;0.978
243.00	247.50	VATH;0.845
285.00	289.50	VESP;0.815
3.00	7.50	WCSP;0.647
12.00	18.00	WCSP;0.873
21.00	28.50	WCSP;0.979
30.00	34.50	WCSP;0.900
39.00	45.00	WCSP;0.699
48.00	54.00	WCSP;0.818
57.00	64.50	WCSP;0.979
66.00	73.50	WCSP;0.837
76.50	81.00	WCSP;0.978
85.50	99.00	WCSP;0.826
102.00	115.50	WCSP;0.997
117.00	124.50	WCSP;0.891
129.00	136.50	WCSP;0.608
138.00	142.50	WCSP;0.918
147.00	181.50	WCSP;0.993
183.00	189.00	WCSP;0.988
192.00	196.50	WCSP;0.961
199.50	205.50	WCSP;0.992
210.00	214.50	WCSP;0.902
217.50	226.50	WCSP;0.995
228.00	232.50	WCSP;0.981
237.00	246.00	WCSP;0.732
247.50	252.00	WCSP;0.968
255.00	262.50	WCSP;0.975
268.50	279.00	WCSP;0.692
280.50	285.00	WCSP;0.991
286.50	291.00	WCSP;0.970
294.00	300.00	WCSP;0.955
1.50	16.50	WTSP;0.997
18.00	42.00	WTSP;0.993
45.00	52.50	WTSP;0.997
54.00	61.50	WTSP;0.997
63.00	69.00	WTSP;0.997
72.00	105.00	WTSP;0.996
108.00	133.50	WTSP;0.995
135.00	144.00	WTSP;0.948
153.00	160.50	WTSP;0.645
162.00	166.50	WTSP;0.730
171.00	174.00	WTSP;0.500
175.50	180.00	WTSP;0.916
181.50	195.00	WTSP;0.986
198.00	201.00	WTSP;0.500
205.50	210.00	WTSP;0.959
217.50	225.00	WTSP;0.593
228.00	282.00	WTSP;0.994
286.50	300.00	WTSP;0.988
214.50	217.50	WIFL;0.531
115.50	120.00	WOTH;0.701
