204.00	208.50	AMDI;0.702
310.50	313.50	AMDI;0.607
510.00	516.00	AMDI;0.876
528.00	531.00	AMDI;0.505
496.50	499.50	BTNW;0.667
520.50	523.50	BTNW;0.557
526.50	529.50	BTNW;0.628
534.00	537.00	BTNW;0.505
543.00	546.00	BTNW;0.697
585.00	588.00	BTNW;0.728
594.00	598.50	BTNW;0.592
370.50	373.50	BRSP;0.531
384.00	388.50	BRSP;0.661
597.00	600.00	BRSP;0.518
66.00	69.00	CAFI;0.590
82.50	85.50	CAFI;0.537
0.00	4.50	CHSP;0.985
6.00	13.50	CHSP;0.982
15.00	21.00	CHSP;0.989
22.50	28.50	CHSP;0.964
30.00	36.00	CHSP;0.984
39.00	51.00	CHSP;0.961
54.00	60.00	CHSP;0.984
63.00	69.00	CHSP;0.961
70.50	76.50	CHSP;0.993
79.50	84.00	CHSP;0.780
85.50	91.50	CHSP;0.967
94.50	99.00	CHSP;0.832
102.00	114.00	CHSP;0.977
117.00	123.00	CHSP;0.979
124.50	129.00	CHSP;0.941
132.00	138.00	CHSP;0.980
141.00	145.50	CHSP;0.949
147.00	153.00	CHSP;0.877
154.50	160.50	CHSP;0.871
162.00	168.00	CHSP;0.965
171.00	175.50	CHSP;0.954
178.50	183.00	CHSP;0.959
187.50	190.50	CHSP;0.507
195.00	199.50	CHSP;0.713
202.50	207.00	CHSP;0.890
210.00	214.50	CHSP;0.941
219.00	225.00	CHSP;0.843
229.50	234.00	CHSP;0.905
238.50	243.00	CHSP;0.965
249.00	252.00	CHSP;0.500
258.00	261.00	CHSP;0.563
267.00	273.00	CHSP;0.986
276.00	282.00	CHSP;0.980
286.50	291.00	CHSP;0.718
294.00	298.50	CHSP;0.748
301.50	307.50	CHSP;0.960
310.50	316.50	CHSP;0.819
321.00	325.50	CHSP;0.605
330.00	345.00	CHSP;0.913
346.50	352.50	CHSP;0.978
354.00	360.00	CHSP;0.867
361.50	367.50	CHSP;0.951
370.50	376.50	CHSP;0.958
379.50	384.00	CHSP;0.732
387.00	393.00	CHSP;0.967
396.00	400.50	CHSP;0.926
403.50	409.50	CHSP;0.988
412.50	415.50	CHSP;0.500
418.50	423.00	CHSP;0.649
424.50	429.00	CHSP;0.730
432.00	442.50	CHSP;0.980
444.00	450.00	CHSP;0.982
454.50	459.00	CHSP;0.889
463.50	468.00	CHSP;0.597
475.50	480.00	CHSP;0.790
481.50	487.50	CHSP;0.947
490.50	496.50	CHSP;0.925
498.00	504.00	CHSP;0.821
507.00	511.50	CHSP;0.874
513.00	519.00	CHSP;0.976
522.00	526.50	CHSP;0.930
529.50	535.50	CHSP;0.897
537.00	543.00	CHSP;0.879
546.00	549.00	CHSP;0.535
553.50	558.00	CHSP;0.951
561.00	565.50	CHSP;0.846
576.00	580.50	CHSP;0.787
585.00	588.00	CHSP;0.500
591.00	597.00	CHSP;0.967
537.00	540.00	CCSP;0.550
33.00	36.00	DEJU;0.520
54.00	57.00	DEJU;0.721
78.00	81.00	DEJU;0.648
127.50	130.50	DEJU;0.615
135.00	138.00	DEJU;0.638
169.50	172.50	DEJU;0.526
219.00	222.00	DEJU;0.580
237.00	240.00	DEJU;0.541
250.50	253.50	DEJU;0.717
276.00	279.00	DEJU;0.562
297.00	300.00	DEJU;0.633
342.00	345.00	DEJU;0.548
354.00	357.00	DEJU;0.610
427.50	430.50	DEJU;0.572
462.00	465.00	DEJU;0.505
493.50	496.50	DEJU;0.612
510.00	513.00	DEJU;0.517
546.00	550.50	DEJU;0.796
555.00	558.00	DEJU;0.513
591.00	594.00	DEJU;0.633
261.00	264.00	EAME;0.564
286.50	289.50	EAME;0.578
312.00	315.00	EAME;0.501
523.50	528.00	EAME;0.739
193.50	196.50	EATO;0.764
208.50	213.00	EATO;0.667
298.50	301.50	EATO;0.735
339.00	342.00	EATO;0.530
477.00	480.00	EATO;0.622
138.00	142.50	FOSP;0.631
157.50	162.00	FOSP;0.888
165.00	169.50	FOSP;0.881
172.50	177.00	FOSP;0.911
180.00	183.00	FOSP;0.500
186.00	190.50	FOSP;0.816
193.50	198.00	FOSP;0.962
201.00	205.50	FOSP;0.891
208.50	213.00	FOSP;0.585
216.00	220.50	FOSP;0.944
225.00	229.50	FOSP;0.921
232.50	237.00	FOSP;0.848
240.00	244.50	FOSP;0.892
247.50	261.00	FOSP;0.961
265.50	279.00	FOSP;0.935
282.00	295.50	FOSP;0.942
300.00	303.00	FOSP;0.843
307.50	321.00	FOSP;0.962
328.50	331.50	FOSP;0.500
340.50	343.50	FOSP;0.509
363.00	367.50	FOSP;0.726
382.50	385.50	FOSP;0.500
393.00	397.50	FOSP;0.766
402.00	405.00	FOSP;0.770
409.50	414.00	FOSP;0.676
418.50	423.00	FOSP;0.608
429.00	433.50	FOSP;0.792
441.00	445.50	FOSP;0.537
447.00	451.50	FOSP;0.919
456.00	460.50	FOSP;0.905
466.50	471.00	FOSP;0.700
478.50	481.50	FOSP;0.659
487.50	492.00	FOSP;0.500
498.00	501.00	FOSP;0.500
504.00	508.50	FOSP;0.712
556.50	561.00	FOSP;0.802
565.50	570.00	FOSP;0.901
579.00	583.50	FOSP;0.666
171.00	175.50	HETH;0.542
178.50	190.50	HETH;0.786
199.50	204.00	HETH;0.846
208.50	213.00	HETH;0.849
247.50	250.50	HETH;0.663
256.50	259.50	HETH;0.500
289.50	292.50	HETH;0.500
298.50	301.50	HETH;0.737
339.00	343.50	HETH;0.500
427.50	430.50	HETH;0.864
441.00	445.50	HETH;0.786
466.50	471.00	HETH;0.695
523.50	528.00	HETH;0.597
549.00	552.00	HETH;0.500
564.00	570.00	HETH;0.500
316.50	319.50	HOLA;0.557
301.50	304.50	LASP;0.787
310.50	313.50	LASP;0.588
394.50	397.50	LASP;0.636
430.50	433.50	LASP;0.615
478.50	483.00	LASP;0.627
6.00	9.00	LISP;0.500
97.50	102.00	LISP;0.500
112.50	117.00	LISP;0.567
129.00	132.00	LISP;0.540
144.00	147.00	LISP;0.876
159.00	163.50	LISP;0.658
189.00	193.50	LISP;0.529
234.00	238.50	LISP;0.585
250.50	253.50	LISP;0.500
264.00	267.00	LISP;0.500
279.00	283.50	LISP;0.917
292.50	297.00	LISP;0.500
327.00	331.50	LISP;0.579
343.50	346.50	LISP;0.820
360.00	364.50	LISP;0.632
375.00	378.00	LISP;0.500
396.00	399.00	LISP;0.500
430.50	435.00	LISP;0.500
462.00	465.00	LISP;0.500
559.50	564.00	LISP;0.641
415.50	418.50	LOSH;0.520
285.00	288.00	NOCA;0.629
237.00	240.00	OCWA;0.698
18.00	21.00	PAWA;0.543
25.50	28.50	PAWA;0.500
30.00	33.00	PAWA;0.500
40.50	48.00	PAWA;0.500
63.00	66.00	PAWA;0.500
70.50	76.50	PAWA;0.760
79.50	84.00	PAWA;0.500
85.50	88.50	PAWA;0.729
93.00	99.00	PAWA;0.555
105.00	114.00	PAWA;0.546
147.00	153.00	PAWA;0.801
154.50	160.50	PAWA;0.640
162.00	165.00	PAWA;0.768
178.50	184.50	PAWA;0.583
186.00	190.50	PAWA;0.753
195.00	199.50	PAWA;0.657
204.00	207.00	PAWA;0.500
208.50	211.50	PAWA;0.753
219.00	225.00	PAWA;0.765
228.00	234.00	PAWA;0.896
237.00	243.00	PAWA;0.500
247.50	252.00	PAWA;0.799
256.50	262.50	PAWA;0.918
288.00	291.00	PAWA;0.500
304.50	307.50	PAWA;0.500
342.00	345.00	PAWA;0.500
349.50	352.50	PAWA;0.500
388.50	393.00	PAWA;0.500
424.50	429.00	PAWA;0.500
433.50	442.50	PAWA;0.577
444.00	447.00	PAWA;0.824
463.50	468.00	PAWA;0.529
475.50	480.00	PAWA;0.500
484.50	487.50	PAWA;0.500
498.00	504.00	PAWA;0.500
507.00	511.50	PAWA;0.500
513.00	519.00	PAWA;0.521
523.50	526.50	PAWA;0.500
529.50	535.50	PAWA;0.500
537.00	543.00	PAWA;0.500
552.00	558.00	PAWA;0.500
562.50	565.50	PAWA;0.500
576.00	579.00	PAWA;0.550
583.50	588.00	PAWA;0.923
276.00	279.00	PHVI;0.559
0.00	9.00	PISI;0.991
36.00	40.50	PISI;0.668
42.00	58.50	PISI;0.995
177.00	180.00	PISI;0.500
250.50	258.00	PISI;0.951
264.00	267.00	PISI;0.624
273.00	276.00	PISI;0.500
280.50	285.00	PISI;0.500
289.50	292.50	PISI;0.500
306.00	310.50	PISI;0.677
313.50	339.00	PISI;0.992
367.50	387.00	PISI;0.992
462.00	477.00	PISI;0.997
487.50	493.50	PISI;0.985
235.50	238.50	PUFI;0.502
412.50	415.50	REVI;0.651
501.00	505.50	RWBL;0.568
114.00	117.00	RUTU;0.539
175.50	178.50	RUTU;0.752
235.50	238.50	RUTU;0.619
529.50	532.50	RUTU;0.623
547.50	550.50	RUTU;0.513
78.00	85.50	RUGR;0.639
273.00	276.00	RUBL;0.579
534.00	537.00	RUBL;0.717
549.00	552.00	RUBL;0.913
366.00	370.50	SAVS;0.583
84.00	87.00	SNBU;0.744
261.00	265.50	SNBU;0.869
67.50	70.50	VESP;0.554
480.00	483.00	VESP;0.509
492.00	495.00	WEFL;0.512
192.00	195.00	WEME;0.748
172.50	177.00	WCSP;0.500
225.00	229.50	WCSP;0.500
265.50	270.00	WCSP;0.500
274.50	279.00	WCSP;0.500
283.50	286.50	WCSP;0.500
363.00	367.50	WCSP;0.590
393.00	396.00	WCSP;0.500
429.00	433.50	WCSP;0.528
448.50	451.50	WCSP;0.500
466.50	471.00	WCSP;0.579
496.50	501.00	WCSP;0.908
504.00	508.50	WCSP;0.776
517.50	522.00	WCSP;0.982
526.50	531.00	WCSP;0.973
534.00	540.00	WCSP;0.973
543.00	549.00	WCSP;0.985
550.50	555.00	WCSP;0.974
558.00	562.50	WCSP;0.989
565.50	573.00	WCSP;0.988
577.50	583.50	WCSP;0.991
585.00	591.00	WCSP;0.985
594.00	600.00	WCSP;0.985
507.00	510.00	WIFL;0.870
