48.00	52.50	BCCH;0.810
60.00	64.50	BCCH;0.831
84.00	88.50	BCCH;0.519
105.00	109.50	BCCH;0.562
123.00	127.50	BCCH;0.721
135.00	138.00	BCCH;0.500
147.00	151.50	BCCH;0.628
166.50	171.00	BCCH;0.588
201.00	205.50	BCCH;0.500
210.00	213.00	BCCH;0.500
229.50	234.00	BCCH;0.685
238.50	243.00	BCCH;0.808
259.50	264.00	BCCH;0.743
283.50	288.00	BCCH;0.500
295.50	298.50	BCCH;0.760
145.50	148.50	BHVI;0.542
87.00	91.50	BRSP;0.648
228.00	232.50	BRSP;0.852
241.50	244.50	CAFI;0.525
273.00	276.00	CAFI;0.705
169.50	172.50	DUNL;0.677
213.00	217.50	FISP;0.622
262.50	265.50	FISP;0.860
199.50	202.50	GCSP;0.541
237.00	240.00	GCSP;0.584
34.50	39.00	HETH;0.571
60.00	64.50	HETH;0.647
66.00	79.50	HETH;0.994
81.00	109.50	HETH;0.996
111.00	189.00	HETH;0.999
193.50	274.50	HETH;0.996
276.00	300.00	HETH;0.995
192.00	195.00	LESA;0.824
274.50	277.50	LISP;0.841
34.50	39.00	MOCH;0.979
60.00	63.00	MOCH;0.543
84.00	87.00	MOCH;0.698
166.50	169.50	MOCH;0.709
229.50	232.50	MOCH;0.535
237.00	240.00	MOCH;0.577
249.00	253.50	MOCH;0.703
255.00	258.00	MOCH;0.537
232.50	235.50	PUFI;0.513
241.50	244.50	PUFI;0.505
258.00	261.00	PUFI;0.596
13.50	18.00	RUTU;0.725
183.00	186.00	RUTU;0.656
241.50	244.50	RUTU;0.779
258.00	262.50	RUTU;0.779
171.00	174.00	RUBL;0.589
3.00	7.50	SWSP;0.653
27.00	31.50	SWSP;0.583
37.50	42.00	SWSP;0.887
64.50	67.50	SWSP;0.510
174.00	177.00	SWSP;0.521
198.00	201.00	SWSP;0.519
178.50	181.50	VATH;0.794
291.00	294.00	VESP;0.505
64.50	67.50	WTSP;0.578
142.50	145.50	WTSP;0.807
199.50	202.50	WTSP;0.619
213.00	216.00	WTSP;0.613
253.50	256.50	WTSP;0.964
262.50	265.50	WTSP;0.637
27.00	31.50	WIWA;0.630
81.00	84.00	WIWA;0.731
196.50	199.50	WIWA;0.856
211.50	216.00	WIWA;0.979
