73.50	78.00	BEWR;0.745
87.00	90.00	BEWR;0.551
40.50	43.50	CAFI;0.529
1.50	15.00	CHSP;0.983
16.50	22.50	CHSP;0.920
24.00	36.00	CHSP;0.913
37.50	43.50	CHSP;0.752
46.50	52.50	CHSP;0.948
61.50	66.00	CHSP;0.897
69.00	73.50	CHSP;0.922
76.50	82.50	CHSP;0.829
84.00	88.50	CHSP;0.506
91.50	97.50	CHSP;0.970
99.00	103.50	CHSP;0.795
105.00	111.00	CHSP;0.972
114.00	117.00	CHSP;0.666
121.50	127.50	CHSP;0.905
138.00	141.00	CHSP;0.500
145.50	150.00	CHSP;0.500
151.50	157.50	CHSP;0.895
159.00	163.50	CHSP;0.879
165.00	171.00	CHSP;0.815
172.50	177.00	CHSP;0.658
181.50	186.00	CHSP;0.841
187.50	192.00	CHSP;0.817
195.00	201.00	CHSP;0.817
211.50	217.50	CHSP;0.939
220.50	225.00	CHSP;0.960
228.00	234.00	CHSP;0.924
235.50	241.50	CHSP;0.908
243.00	249.00	CHSP;0.917
250.50	256.50	CHSP;0.886
259.50	264.00	CHSP;0.959
267.00	271.50	CHSP;0.923
276.00	280.50	CHSP;0.847
283.50	288.00	CHSP;0.791
292.50	297.00	CHSP;0.973
1.50	4.50	DEJU;0.500
6.00	9.00	DEJU;0.500
16.50	22.50	DEJU;0.500
24.00	36.00	DEJU;0.680
37.50	43.50	DEJU;0.773
49.50	52.50	DEJU;0.500
69.00	75.00	DEJU;0.500
76.50	82.50	DEJU;0.823
84.00	87.00	DEJU;0.500
91.50	97.50	DEJU;0.819
99.00	103.50	DEJU;0.500
108.00	111.00	DEJU;0.608
112.50	118.50	DEJU;0.679
123.00	133.50	DEJU;0.515
144.00	148.50	DEJU;0.500
154.50	157.50	DEJU;0.500
160.50	163.50	DEJU;0.500
166.50	171.00	DEJU;0.500
172.50	178.50	DEJU;0.767
181.50	186.00	DEJU;0.500
187.50	190.50	DEJU;0.500
195.00	201.00	DEJU;0.500
207.00	210.00	DEJU;0.500
214.50	217.50	DEJU;0.606
220.50	223.50	DEJU;0.500
228.00	234.00	DEJU;0.500
235.50	241.50	DEJU;0.540
246.00	249.00	DEJU;0.500
250.50	253.50	DEJU;0.500
267.00	273.00	DEJU;0.500
274.50	280.50	DEJU;0.502
282.00	288.00	DEJU;0.560
84.00	87.00	EAME;0.736
54.00	57.00	EATO;0.500
63.00	66.00	EATO;0.615
96.00	100.50	EATO;0.589
127.50	130.50	EATO;0.500
136.50	139.50	EATO;0.947
147.00	150.00	EATO;0.506
156.00	159.00	EATO;0.787
162.00	165.00	EATO;0.500
166.50	169.50	EATO;0.503
177.00	180.00	EATO;0.850
199.50	202.50	EATO;0.500
219.00	222.00	EATO;0.500
295.50	298.50	EATO;0.500
55.50	60.00	FOSP;0.949
64.50	69.00	FOSP;0.881
72.00	78.00	FOSP;0.734
84.00	91.50	FOSP;0.950
97.50	105.00	FOSP;0.887
109.50	115.50	FOSP;0.906
117.00	123.00	FOSP;0.886
127.50	136.50	FOSP;0.920
138.00	142.50	FOSP;0.976
144.00	153.00	FOSP;0.950
157.50	162.00	FOSP;0.837
163.50	172.50	FOSP;0.871
174.00	183.00	FOSP;0.964
189.00	198.00	FOSP;0.869
199.50	208.50	FOSP;0.927
211.50	219.00	FOSP;0.956
220.50	238.50	FOSP;0.965
240.00	250.50	FOSP;0.928
252.00	261.00	FOSP;0.996
264.00	268.50	FOSP;0.872
271.50	294.00	FOSP;0.927
297.00	300.00	FOSP;0.735
7.50	12.00	HETH;0.858
63.00	66.00	HETH;0.716
72.00	76.50	HETH;0.663
96.00	103.50	HETH;0.806
109.50	114.00	HETH;0.503
127.50	132.00	HETH;0.500
136.50	139.50	HETH;0.587
166.50	169.50	HETH;0.839
177.00	181.50	HETH;0.535
199.50	202.50	HETH;0.500
210.00	214.50	HETH;0.500
279.00	282.00	HETH;0.810
103.50	106.50	HOFI;0.557
0.00	3.00	HOWR;0.578
295.50	298.50	HOWR;0.707
76.50	79.50	LALO;0.502
88.50	93.00	LASP;0.737
207.00	211.50	LASP;0.623
0.00	3.00	LISP;0.654
28.50	31.50	LISP;0.714
42.00	46.50	LISP;0.898
103.50	106.50	LISP;0.601
163.50	166.50	LISP;0.722
178.50	183.00	LISP;0.653
193.50	196.50	LISP;0.844
258.00	262.50	LISP;0.701
262.50	265.50	LEOW;0.556
162.00	165.00	OROR;0.503
195.00	198.00	OROR;0.512
226.50	231.00	OROR;0.764
268.50	271.50	OROR;0.525
277.50	280.50	OROR;0.505
123.00	126.00	PAWA;0.519
136.50	139.50	PAWA;0.540
211.50	214.50	PAWA;0.613
192.00	195.00	PHVI;0.547
34.50	39.00	PISI;0.925
49.50	57.00	PISI;0.983
142.50	145.50	PISI;0.500
184.50	196.50	PISI;0.987
75.00	78.00	PUFI;0.593
255.00	258.00	REVI;0.507
1.50	4.50	RUTU;0.607
13.50	18.00	RUTU;0.789
126.00	130.50	SNBU;0.978
241.50	244.50	SNBU;0.525
219.00	222.00	SOSP;0.533
90.00	93.00	TOSO;0.539
103.50	108.00	TOSO;0.777
73.50	76.50	WCSP;0.674
118.50	123.00	WCSP;0.644
157.50	162.00	WCSP;0.697
256.50	259.50	WCSP;0.605
273.00	277.50	WCSP;0.744
