57.00	61.50	AMDI;0.849
73.50	76.50	AMDI;0.662
138.00	141.00	AMDI;0.745
154.50	159.00	AMDI;0.622
184.50	187.50	AMDI;0.641
198.00	202.50	AMDI;0.758
241.50	244.50	AMDI;0.644
253.50	258.00	AMDI;0.741
90.00	93.00	BHVI;0.647
42.00	45.00	CHSW;0.586
76.50	79.50	CHSW;0.755
114.00	117.00	CHSW;0.579
283.50	289.50	CHSW;0.683
7.50	10.50	DEJU;0.639
25.50	28.50	DEJU;0.633
243.00	246.00	DEJU;0.526
256.50	259.50	DEJU;0.810
0.00	4.50	DUNL;0.648
91.50	96.00	FOSP;0.791
90.00	93.00	GRCA;0.518
139.50	142.50	HOLA;0.505
157.50	160.50	HOLA;0.548
172.50	175.50	HOLA;0.558
4.50	9.00	LISP;0.817
22.50	27.00	LISP;0.857
40.50	45.00	LISP;0.806
169.50	174.00	LISP;0.609
211.50	216.00	LISP;0.819
228.00	231.00	LISP;0.644
268.50	273.00	LISP;0.654
216.00	219.00	NOPA;0.682
183.00	186.00	OSFL;0.623
75.00	78.00	OCWA;0.559
241.50	246.00	OCWA;0.683
271.50	276.00	SNBU;0.732
4.50	7.50	SOSA;0.500
22.50	25.50	SOSA;0.500
40.50	45.00	SOSA;0.500
72.00	75.00	SOSA;0.500
88.50	93.00	SOSA;0.815
102.00	106.50	SOSA;0.939
123.00	127.50	SOSA;0.734
136.50	142.50	SOSA;0.893
154.50	159.00	SOSA;0.717
169.50	174.00	SOSA;0.638
184.50	187.50	SOSA;0.500
198.00	201.00	SOSA;0.689
226.50	231.00	SOSA;0.500
240.00	244.50	SOSA;0.547
268.50	273.00	SOSA;0.500
282.00	286.50	SOSA;0.500
295.50	300.00	SOSA;0.972
42.00	45.00	SWSP;0.531
0.00	4.50	VATH;0.767
9.00	30.00	VATH;0.980
46.50	52.50	VATH;0.986
61.50	67.50	VATH;0.825
70.50	73.50	VATH;0.670
81.00	87.00	VATH;0.636
97.50	102.00	VATH;0.983
109.50	114.00	VATH;0.967
118.50	123.00	VATH;0.992
135.00	139.50	VATH;0.809
150.00	154.50	VATH;0.975
165.00	169.50	VATH;0.983
175.50	186.00	VATH;0.982
190.50	196.50	VATH;0.978
201.00	205.50	VATH;0.870
223.50	229.50	VATH;0.967
243.00	246.00	VATH;0.500
249.00	253.50	VATH;0.572
261.00	265.50	VATH;0.978
279.00	283.50	VATH;0.869
42.00	46.50	WIWA;0.870
51.00	55.50	WIWA;0.988
58.50	63.00	WIWA;0.989
67.50	72.00	WIWA;0.993
76.50	82.50	WIWA;0.991
87.00	91.50	WIWA;0.993
96.00	100.50	WIWA;0.993
105.00	109.50	WIWA;0.993
114.00	120.00	WIWA;0.992
124.50	129.00	WIWA;0.992
133.50	138.00	WIWA;0.993
151.50	156.00	WIWA;0.991
171.00	177.00	WIWA;0.987
187.50	192.00	WIWA;0.977
204.00	208.50	WIWA;0.991
214.50	219.00	WIWA;0.500
225.00	229.50	WIWA;0.991
235.50	240.00	WIWA;0.990
249.00	255.00	WIWA;0.991
264.00	268.50	WIWA;0.993
273.00	279.00	WIWA;0.990
283.50	288.00	WIWA;0.967
294.00	298.50	WIWA;0.991
