289.50	292.50	AMCR;0.653
54.00	57.00	AMDI;0.559
72.00	76.50	AMDI;0.668
81.00	85.50	AMDI;0.813
19.50	24.00	AMGP;0.601
6.00	10.50	AMRO;0.500
27.00	31.50	AMRO;0.579
48.00	52.50	AMRO;0.500
57.00	60.00	AMRO;0.520
61.50	72.00	AMRO;0.652
82.50	88.50	AMRO;0.741
91.50	94.50	AMRO;0.501
121.50	124.50	AMRO;0.500
127.50	130.50	AMRO;0.515
133.50	136.50	AMRO;0.500
142.50	147.00	AMRO;0.500
154.50	159.00	AMRO;0.818
160.50	166.50	AMRO;0.841
169.50	174.00	AMRO;0.755
178.50	183.00	AMRO;0.783
184.50	190.50	AMRO;0.685
198.00	202.50	AMRO;0.801
204.00	210.00	AMRO;0.561
211.50	217.50	AMRO;0.500
228.00	240.00	AMRO;0.882
241.50	247.50	AMRO;0.854
249.00	253.50	AMRO;0.938
273.00	277.50	AMRO;0.821
292.50	295.50	AMRO;0.500
168.00	171.00	AMWI;0.938
177.00	180.00	AMWI;0.805
192.00	196.50	AMWI;0.697
33.00	39.00	BAOR;0.627
117.00	120.00	BAOR;0.603
135.00	138.00	BAOR;0.552
213.00	217.50	BAOR;0.821
172.50	177.00	BEWR;0.766
187.50	192.00	BEWR;0.679
282.00	285.00	BEWR;0.717
70.50	73.50	BLOY;0.611
150.00	154.50	BLOY;0.567
243.00	246.00	BLOY;0.516
258.00	261.00	BLOY;0.685
183.00	186.00	BCCH;0.661
126.00	129.00	BHGR;0.570
216.00	219.00	BRSP;0.662
112.50	115.50	BUOR;0.607
124.50	127.50	BUOR;0.606
93.00	96.00	CAFI;0.525
268.50	271.50	CHSW;0.516
73.50	78.00	CCSP;0.956
132.00	135.00	CCSP;0.675
43.50	46.50	EAME;0.628
294.00	297.00	EAME;0.692
7.50	12.00	FISP;0.934
0.00	4.50	FOSP;0.863
25.50	31.50	FOSP;0.882
43.50	49.50	FOSP;0.961
78.00	82.50	FOSP;0.500
87.00	93.00	FOSP;0.737
102.00	106.50	FOSP;0.886
115.50	123.00	FOSP;0.735
136.50	141.00	FOSP;0.878
259.50	264.00	FOSP;0.509
295.50	298.50	FOSP;0.500
181.50	184.50	GCFL;0.516
3.00	6.00	GREG;0.636
51.00	54.00	GREG;0.713
34.50	37.50	GWTE;0.559
49.50	52.50	GWTE;0.558
99.00	103.50	GWTE;0.549
105.00	108.00	GWTE;0.608
135.00	138.00	GWTE;0.582
163.50	166.50	GWTE;0.528
169.50	175.50	GWTE;0.661
186.00	189.00	GWTE;0.522
228.00	232.50	GWTE;0.651
244.50	247.50	GWTE;0.768
291.00	295.50	GWTE;0.724
3.00	6.00	HASP;0.619
267.00	270.00	HASP;0.918
24.00	27.00	HETH;0.512
16.50	19.50	HOFI;0.569
100.50	103.50	LALO;0.533
10.50	15.00	LISP;0.820
36.00	40.50	LISP;0.960
51.00	54.00	LISP;0.500
63.00	67.50	LISP;0.848
78.00	87.00	LISP;0.883
109.50	112.50	LISP;0.500
187.50	192.00	LISP;0.784
282.00	285.00	LISP;0.500
295.50	300.00	LISP;0.652
61.50	66.00	MAMU;0.545
111.00	115.50	MOCH;0.511
147.00	150.00	MOCH;0.922
178.50	183.00	MOCH;0.808
118.50	121.50	OROR;0.590
295.50	298.50	OROR;0.529
19.50	24.00	PIGR;0.644
70.50	73.50	PIGR;0.854
96.00	99.00	PIGR;0.503
141.00	144.00	PIGR;0.663
58.50	61.50	PUFI;0.617
84.00	90.00	PUFI;0.810
252.00	255.00	PUFI;0.635
54.00	57.00	RECR;0.561
148.50	153.00	RWBL;0.652
69.00	73.50	ROPT;0.613
79.50	82.50	ROPT;0.560
126.00	129.00	RBGR;0.632
142.50	145.50	RBGR;0.654
243.00	246.00	RUGR;0.617
267.00	271.50	SAND;0.590
18.00	21.00	SNBU;0.559
49.50	54.00	SNBU;0.626
87.00	91.50	SNBU;0.817
102.00	106.50	SNBU;0.764
135.00	139.50	SNBU;0.599
250.50	253.50	SWHA;0.809
292.50	295.50	SWHA;0.781
16.50	21.00	TOSO;0.675
40.50	46.50	TOSO;0.773
105.00	109.50	TOSO;0.835
228.00	232.50	TOSO;0.620
211.50	214.50	TUTI;0.567
223.50	226.50	VATH;0.647
238.50	241.50	VATH;0.563
264.00	267.00	VATH;0.636
52.50	57.00	WCSP;0.987
60.00	64.50	WCSP;0.993
85.50	88.50	WCSP;0.500
6.00	12.00	WTSP;0.798
22.50	27.00	WTSP;0.994
127.50	130.50	WTSP;0.500
147.00	150.00	WTSP;0.500
160.50	165.00	WTSP;0.500
180.00	184.50	WTSP;0.856
223.50	226.50	WTSP;0.500
252.00	256.50	WTSP;0.890
264.00	268.50	WTSP;0.943
274.50	285.00	WTSP;0.991
297.00	300.00	WTSP;0.990
268.50	273.00	WIWA;0.803
277.50	282.00	WIWA;0.932
283.50	286.50	YRWA;0.697
