94.50	99.00	AMAV;0.625
121.50	124.50	AMAV;0.529
231.00	234.00	AMRO;0.777
238.50	241.50	AMRO;0.710
253.50	258.00	AMRO;0.924
261.00	265.50	AMWO;0.611
268.50	273.00	AMWO;0.871
45.00	49.50	BAOR;0.713
69.00	72.00	BAOR;0.525
73.50	76.50	BAOR;0.678
201.00	205.50	BAOR;0.636
226.50	229.50	BAOR;0.572
264.00	268.50	BAOR;0.838
169.50	172.50	FISP;0.723
232.50	237.00	FISP;0.966
64.50	69.00	FOSP;0.621
132.00	135.00	HETH;0.675
196.50	199.50	HETH;0.633
211.50	216.00	HETH;0.538
43.50	48.00	MOCH;0.651
58.50	61.50	MOCH;0.500
70.50	75.00	MOCH;0.924
81.00	85.50	MOCH;0.850
115.50	120.00	MOCH;0.772
132.00	135.00	MOCH;0.549
148.50	154.50	MOCH;0.831
169.50	174.00	MOCH;0.784
190.50	193.50	MOCH;0.500
211.50	216.00	MOCH;0.782
222.00	225.00	MOCH;0.500
240.00	244.50	MOCH;0.605
256.50	261.00	MOCH;0.712
262.50	267.00	MOCH;0.943
277.50	282.00	MOCH;0.685
283.50	286.50	MOCH;0.500
73.50	76.50	ROWR;0.676
148.50	151.50	RUBL;0.515
70.50	75.00	SBDO;0.964
99.00	103.50	SBDO;0.990
105.00	111.00	SBDO;0.651
136.50	139.50	SBDO;0.500
166.50	171.00	SBDO;0.961
220.50	225.00	SBDO;0.665
228.00	232.50	SBDO;0.860
64.50	69.00	SNBU;0.760
82.50	87.00	SNBU;0.820
216.00	220.50	SNBU;0.656
235.50	238.50	SNBU;0.550
138.00	141.00	SPSA;0.510
6.00	9.00	SPGR;0.547
51.00	54.00	SPGR;0.646
90.00	94.50	SPGR;0.657
102.00	105.00	SPGR;0.552
195.00	198.00	SPGR;0.575
286.50	294.00	SPGR;0.546
69.00	72.00	TOSO;0.543
109.50	114.00	TOSO;0.557
123.00	126.00	TOSO;0.526
147.00	150.00	TOSO;0.546
151.50	154.50	TOSO;0.514
232.50	235.50	TOSO;0.555
241.50	246.00	TOSO;0.662
43.50	48.00	WCSP;0.932
58.50	63.00	WCSP;0.556
72.00	75.00	WCSP;0.662
81.00	85.50	WCSP;0.874
171.00	174.00	WCSP;0.500
196.50	201.00	WCSP;0.954
213.00	216.00	WCSP;0.500
247.50	252.00	WCSP;0.940
