192.00	195.00	AMAV;0.539
183.00	186.00	AMDI;0.657
226.50	229.50	BAOR;0.670
264.00	267.00	BAOR;0.586
63.00	66.00	BEWR;0.541
244.50	249.00	CAFI;0.805
0.00	3.00	CHSW;0.500
7.50	12.00	CHSW;0.500
16.50	21.00	CHSW;0.588
25.50	30.00	CHSW;0.618
87.00	93.00	CHSW;0.545
94.50	99.00	CHSW;0.500
100.50	127.50	CHSW;0.814
135.00	141.00	CHSW;0.609
144.00	157.50	CHSW;0.748
160.50	195.00	CHSW;0.814
198.00	211.50	CHSW;0.648
214.50	220.50	CHSW;0.583
223.50	235.50	CHSW;0.581
240.00	243.00	CHSW;0.500
258.00	271.50	CHSW;0.845
274.50	282.00	CHSW;0.541
283.50	298.50	CHSW;0.820
196.50	199.50	CHSP;0.644
36.00	39.00	EAME;0.517
52.50	57.00	EAME;0.759
93.00	96.00	EAME;0.625
37.50	40.50	FOSP;0.650
235.50	238.50	FOSP;0.597
292.50	297.00	FOSP;0.920
168.00	171.00	GCSP;0.703
276.00	279.00	GCSP;0.591
181.50	184.50	GRYE;0.536
177.00	180.00	GWTE;0.619
231.00	234.00	HAFL;0.506
138.00	142.50	HETH;0.840
162.00	165.00	HERG;0.526
133.50	136.50	HOWR;0.747
54.00	57.00	KILL;0.524
1.50	4.50	LALO;0.609
46.50	49.50	MOCH;0.747
105.00	109.50	MOCH;0.642
211.50	216.00	MOCH;0.921
127.50	132.00	NOWA;0.732
225.00	228.00	NOWA;0.689
48.00	52.50	OCWA;0.689
130.50	135.00	OCWA;0.926
214.50	217.50	OCWA;0.697
150.00	153.00	RECR;0.585
60.00	66.00	RUGR;0.856
132.00	135.00	RUGR;0.571
172.50	175.50	RUGR;0.741
286.50	289.50	SESA;0.582
82.50	87.00	SBDO;0.807
156.00	160.50	SBDO;0.886
16.50	21.00	SWSP;0.500
25.50	28.50	SWSP;0.500
78.00	82.50	SWSP;0.724
88.50	93.00	SWSP;0.508
99.00	103.50	SWSP;0.757
112.50	117.00	SWSP;0.500
120.00	127.50	SWSP;0.500
129.00	132.00	SWSP;0.500
135.00	141.00	SWSP;0.736
144.00	168.00	SWSP;0.826
169.50	184.50	SWSP;0.578
190.50	204.00	SWSP;0.587
207.00	211.50	SWSP;0.500
214.50	220.50	SWSP;0.598
222.00	225.00	SWSP;0.500
228.00	234.00	SWSP;0.601
247.50	253.50	SWSP;0.874
258.00	262.50	SWSP;0.500
265.50	282.00	SWSP;0.599
285.00	289.50	SWSP;0.500
294.00	298.50	SWSP;0.524
33.00	37.50	TBLO;0.526
0.00	3.00	TOSO;0.500
28.50	33.00	TOSO;0.500
42.00	46.50	TOSO;0.500
66.00	79.50	TOSO;0.852
81.00	85.50	TOSO;0.920
91.50	94.50	TOSO;0.500
108.00	111.00	TOSO;0.500
126.00	130.50	TOSO;0.500
142.50	145.50	TOSO;0.500
160.50	163.50	TOSO;0.500
165.00	168.00	TOSO;0.500
192.00	196.50	TOSO;0.500
207.00	210.00	TOSO;0.500
225.00	232.50	TOSO;0.779
238.50	241.50	TOSO;0.500
243.00	247.50	TOSO;0.500
249.00	253.50	TOSO;0.500
261.00	267.00	TOSO;0.587
277.50	282.00	TOSO;0.666
210.00	213.00	VESP;0.537
52.50	55.50	WEME;0.590
138.00	142.50	WEME;0.634
4.50	9.00	WCSP;0.500
28.50	31.50	WCSP;0.500
39.00	45.00	WCSP;0.975
51.00	63.00	WCSP;0.935
72.00	76.50	WCSP;0.679
94.50	97.50	WCSP;0.500
210.00	214.50	WCSP;0.500
283.50	288.00	WCSP;0.784
292.50	295.50	WCSP;0.500
96.00	100.50	WTSP;0.794
295.50	298.50	WIFL;0.658
127.50	130.50	WIWR;0.507
120.00	123.00	YHBL;0.661
