160.50	165.00	AMDI;0.586
186.00	189.00	AMDI;0.770
231.00	234.00	AMDI;0.736
276.00	280.50	AMDI;0.583
184.50	187.50	AMGP;0.534
283.50	288.00	AMRO;0.715
22.50	25.50	ATSP;0.505
273.00	276.00	BAOR;0.578
289.50	294.00	BAOR;0.700
25.50	28.50	BCCH;0.660
4.50	9.00	CBCH;0.552
87.00	90.00	CHSW;0.660
103.50	108.00	CHSW;0.676
117.00	120.00	CHSW;0.648
153.00	156.00	CHSW;0.662
189.00	192.00	CHSW;0.761
12.00	15.00	CCSP;0.563
30.00	33.00	CONI;0.654
94.50	97.50	DEJU;0.536
114.00	117.00	DEJU;0.633
163.50	166.50	DEJU;0.654
241.50	246.00	DEJU;0.812
279.00	283.50	DEJU;0.707
66.00	69.00	EATO;0.611
40.50	43.50	EUST;0.620
9.00	13.50	FOSP;0.843
22.50	27.00	FOSP;0.757
37.50	42.00	FOSP;0.855
52.50	57.00	FOSP;0.689
67.50	72.00	FOSP;0.933
79.50	85.50	FOSP;0.929
96.00	100.50	FOSP;0.687
109.50	115.50	FOSP;0.932
124.50	130.50	FOSP;0.996
139.50	144.00	FOSP;0.905
154.50	159.00	FOSP;0.859
169.50	174.00	FOSP;0.940
193.50	198.00	FOSP;0.834
211.50	217.50	FOSP;0.925
228.00	232.50	FOSP;0.897
244.50	249.00	FOSP;0.893
256.50	261.00	FOSP;0.965
267.00	273.00	FOSP;0.876
282.00	286.50	FOSP;0.990
295.50	300.00	FOSP;0.922
3.00	6.00	GCSP;0.569
18.00	21.00	GRAP;0.624
120.00	124.50	HASP;0.559
79.50	82.50	HETH;0.528
226.50	229.50	HETH;0.623
294.00	297.00	HETH;0.920
210.00	213.00	HOWR;0.709
39.00	42.00	LASP;0.519
54.00	57.00	LASP;0.511
97.50	100.50	LASP;0.615
127.50	130.50	LASP;0.634
60.00	63.00	LISP;0.646
268.50	271.50	LBCU;0.533
252.00	255.00	MGWA;0.657
18.00	21.00	MOCH;0.823
102.00	105.00	MOCH;0.904
15.00	18.00	RWBL;0.603
283.50	288.00	RBGR;0.775
220.50	223.50	RUTU;0.586
205.50	213.00	RUGR;0.664
234.00	238.50	RUGR;0.821
240.00	244.50	RUGR;0.680
253.50	258.00	RUGR;0.890
265.50	268.50	RUGR;0.678
279.00	282.00	RUGR;0.501
7.50	12.00	SOSA;0.900
22.50	27.00	SOSA;0.922
37.50	42.00	SOSA;0.606
67.50	72.00	SOSA;0.887
31.50	34.50	SPGR;0.618
1.50	4.50	VATH;0.500
25.50	28.50	VATH;0.711
31.50	34.50	VATH;0.500
42.00	46.50	VATH;0.857
63.00	66.00	VATH;0.500
105.00	109.50	VATH;0.891
117.00	120.00	VATH;0.606
121.50	124.50	VATH;0.500
168.00	171.00	VATH;0.500
180.00	186.00	VATH;0.943
201.00	205.50	VATH;0.500
207.00	211.50	VATH;0.500
225.00	228.00	VATH;0.500
252.00	255.00	VATH;0.500
277.50	280.50	VATH;0.500
297.00	300.00	VATH;0.763
0.00	3.00	WCSP;0.984
4.50	10.50	WCSP;0.994
12.00	16.50	WCSP;0.989
19.50	25.50	WCSP;0.993
27.00	31.50	WCSP;0.995
111.00	114.00	WCSP;0.500
126.00	129.00	WCSP;0.500
195.00	198.00	WCSP;0.500
208.50	213.00	WCSP;0.500
267.00	271.50	WCSP;0.500
1.50	9.00	WTSP;0.992
12.00	24.00	WTSP;0.990
36.00	45.00	WTSP;0.983
49.50	55.50	WTSP;0.990
64.50	73.50	WTSP;0.981
99.00	105.00	WTSP;0.993
114.00	118.50	WTSP;0.901
129.00	132.00	WTSP;0.500
171.00	175.50	WTSP;0.885
180.00	184.50	WTSP;0.500
202.50	211.50	WTSP;0.908
255.00	258.00	WTSP;0.500
277.50	282.00	WTSP;0.743
73.50	78.00	WIWA;0.991
84.00	90.00	WIWA;0.992
96.00	100.50	WIWA;0.983
106.50	112.50	WIWA;0.992
118.50	123.00	WIWA;0.989
129.00	135.00	WIWA;0.992
141.00	145.50	WIWA;0.978
153.00	159.00	WIWA;0.989
171.00	177.00	WIWA;0.993
190.50	195.00	WIWA;0.990
217.50	222.00	WIWA;0.989
232.50	237.00	WIWA;0.989
253.50	258.00	WIWA;0.986
274.50	279.00	WIWA;0.990
286.50	291.00	WIWA;0.988
15.00	18.00	YBFL;0.582
60.00	64.50	YRWA;0.713
75.00	79.50	YRWA;0.916
