190.50	201.00	AMRO;0.787
219.00	222.00	AMRO;0.569
229.50	232.50	AMRO;0.550
22.50	28.50	ATSP;0.950
159.00	162.00	ATSP;0.985
264.00	270.00	ATSP;0.682
202.50	205.50	BLOY;0.538
150.00	154.50	BRSP;0.692
156.00	160.50	BRSP;0.637
163.50	166.50	BRSP;0.504
42.00	45.00	BHCO;0.675
0.00	3.00	CHSP;0.500
6.00	10.50	CHSP;0.653
27.00	67.50	CHSP;0.994
70.50	75.00	CHSP;0.772
78.00	87.00	CHSP;0.984
88.50	94.50	CHSP;0.983
96.00	255.00	CHSP;0.997
256.50	274.50	CHSP;0.992
265.50	268.50	FISP;0.638
118.50	123.00	FOSP;0.500
130.50	135.00	FOSP;0.788
207.00	211.50	FOSP;0.500
231.00	235.50	FOSP;0.889
241.50	247.50	FOSP;0.862
252.00	258.00	FOSP;0.903
265.50	268.50	FOSP;0.500
274.50	280.50	FOSP;0.815
289.50	294.00	FOSP;0.915
24.00	28.50	GCKI;0.896
265.50	268.50	GCSP;0.580
186.00	189.00	GWTE;0.603
195.00	199.50	GWTE;0.806
214.50	222.00	GWTE;0.673
183.00	186.00	HASP;0.675
234.00	237.00	HASP;0.633
286.50	291.00	HASP;0.915
295.50	300.00	HASP;0.793
181.50	186.00	MAMU;0.850
223.50	228.00	MAMU;0.812
211.50	214.50	MOCH;0.952
238.50	241.50	MOCH;0.739
273.00	276.00	MOCH;0.510
169.50	172.50	OROR;0.529
34.50	37.50	PROW;0.687
274.50	277.50	RECR;0.508
288.00	292.50	RECR;0.569
1.50	4.50	RWBL;0.531
9.00	12.00	RUGR;0.617
129.00	132.00	RUGR;0.745
186.00	190.50	RUGR;0.655
4.50	9.00	SNBU;0.774
120.00	123.00	SNBU;0.543
130.50	133.50	SNBU;0.529
207.00	210.00	SNBU;0.532
231.00	235.50	SNBU;0.706
243.00	247.50	SNBU;0.559
274.50	277.50	SNBU;0.538
117.00	120.00	SPSA;0.750
184.50	189.00	SWHA;0.679
198.00	207.00	TOSO;0.791
213.00	217.50	TOSO;0.599
78.00	82.50	VATH;0.834
118.50	121.50	VESP;0.541
75.00	79.50	WEFL;0.644
138.00	147.00	WCSP;0.937
156.00	159.00	WCSP;0.833
280.50	285.00	WCSP;0.970
292.50	298.50	WCSP;0.958
0.00	6.00	WTSP;0.981
7.50	13.50	WTSP;0.990
19.50	30.00	WTSP;0.995
97.50	100.50	WTSP;0.738
154.50	159.00	WTSP;0.557
183.00	187.50	WTSP;0.500
205.50	213.00	WTSP;0.991
219.00	225.00	WTSP;0.991
234.00	243.00	WTSP;0.995
250.50	255.00	WTSP;0.500
259.50	268.50	WTSP;0.940
277.50	283.50	WTSP;0.979
286.50	300.00	WTSP;0.984
