174.00	178.50	AGOL;0.644
13.50	16.50	AMRO;0.500
18.00	22.50	AMRO;0.500
27.00	31.50	AMRO;0.649
43.50	46.50	AMRO;0.583
48.00	52.50	AMRO;0.869
93.00	96.00	AMRO;0.572
100.50	120.00	AMRO;0.989
123.00	153.00	AMRO;0.993
156.00	174.00	AMRO;0.997
181.50	184.50	AMRO;0.658
201.00	208.50	AMRO;0.554
217.50	222.00	AMRO;0.500
252.00	255.00	AMRO;0.649
267.00	270.00	AMRO;0.500
183.00	186.00	ATSP;0.533
51.00	54.00	BCCH;0.902
198.00	201.00	BCCH;0.550
226.50	229.50	BCCH;0.733
295.50	298.50	BCCH;0.658
148.50	151.50	BHGR;0.605
69.00	72.00	BHVI;0.560
76.50	82.50	BRTH;0.729
90.00	93.00	BRTH;0.500
102.00	120.00	BRTH;0.997
123.00	153.00	BRTH;0.997
154.50	175.50	BRTH;0.973
201.00	204.00	BRTH;0.500
240.00	243.00	BRTH;0.500
153.00	157.50	CAFI;0.860
187.50	190.50	CBCH;0.542
180.00	183.00	CCSP;0.684
258.00	261.00	CCSP;0.801
271.50	274.50	CCSP;0.643
114.00	118.50	DUNL;0.895
232.50	235.50	EABL;0.559
24.00	28.50	EATO;0.651
40.50	43.50	EATO;0.527
69.00	72.00	EATO;0.740
93.00	96.00	EATO;0.825
181.50	184.50	EUST;0.511
0.00	3.00	FOSP;0.500
10.50	15.00	FOSP;0.983
24.00	33.00	FOSP;0.952
39.00	45.00	FOSP;0.866
54.00	60.00	FOSP;0.964
64.50	67.50	FOSP;0.714
70.50	75.00	FOSP;0.926
82.50	87.00	FOSP;0.983
94.50	99.00	FOSP;0.910
117.00	121.50	FOSP;0.814
178.50	186.00	FOSP;0.909
189.00	193.50	FOSP;0.952
210.00	214.50	FOSP;0.846
217.50	222.00	FOSP;0.807
231.00	235.50	FOSP;0.736
240.00	243.00	FOSP;0.500
252.00	256.50	FOSP;0.691
259.50	262.50	FOSP;0.556
288.00	291.00	FOSP;0.500
295.50	298.50	FOSP;0.500
9.00	13.50	GCSP;0.830
16.50	19.50	GCSP;0.520
22.50	27.00	GCSP;0.500
36.00	40.50	GCSP;0.605
48.00	51.00	GCSP;0.500
54.00	58.50	GCSP;0.500
60.00	63.00	GCSP;0.500
79.50	82.50	GCSP;0.500
87.00	91.50	GCSP;0.973
118.50	123.00	GCSP;0.515
151.50	154.50	GCSP;0.569
168.00	171.00	GCSP;0.500
177.00	180.00	GCSP;0.500
184.50	190.50	GCSP;0.668
192.00	195.00	GCSP;0.500
198.00	202.50	GCSP;0.500
211.50	217.50	GCSP;0.786
220.50	229.50	GCSP;0.671
234.00	237.00	GCSP;0.694
241.50	244.50	GCSP;0.522
247.50	250.50	GCSP;0.500
253.50	259.50	GCSP;0.823
262.50	268.50	GCSP;0.644
273.00	279.00	GCSP;0.547
282.00	286.50	GCSP;0.595
81.00	84.00	GRCA;0.511
294.00	297.00	GRCA;0.506
205.50	208.50	HASP;0.525
265.50	268.50	HASP;0.534
279.00	282.00	HASP;0.629
15.00	18.00	HETH;0.506
174.00	178.50	HOLA;0.753
99.00	102.00	LASP;0.571
13.50	18.00	LISP;0.564
58.50	61.50	LISP;0.677
97.50	102.00	LISP;0.880
259.50	264.00	LISP;0.713
238.50	241.50	MOBL;0.571
49.50	52.50	MOCH;0.529
91.50	94.50	MOCH;0.557
187.50	190.50	MOCH;0.775
154.50	157.50	PIGR;0.615
153.00	156.00	PUFI;0.787
13.50	16.50	RBGR;0.686
58.50	61.50	RBGR;0.554
90.00	94.50	RBGR;0.753
195.00	198.00	RBGR;0.770
252.00	255.00	RBGR;0.758
121.50	126.00	RUGR;0.702
142.50	145.50	RUGR;0.538
147.00	150.00	RUGR;0.527
219.00	222.00	SAPH;0.540
172.50	175.50	SWTH;0.562
106.50	109.50	TOSO;0.798
111.00	114.00	TOSO;0.605
124.50	127.50	TOSO;0.616
147.00	151.50	TOSO;0.598
202.50	207.00	TOSO;0.587
28.50	31.50	VATH;0.531
210.00	213.00	VESP;0.697
132.00	136.50	WETA;0.869
76.50	79.50	WEWP;0.645
0.00	15.00	WCSP;0.996
16.50	21.00	WCSP;0.989
22.50	34.50	WCSP;0.983
36.00	43.50	WCSP;0.982
45.00	49.50	WCSP;0.994
52.50	72.00	WCSP;0.993
73.50	79.50	WCSP;0.997
81.00	85.50	WCSP;0.986
88.50	93.00	WCSP;0.983
96.00	100.50	WCSP;0.986
103.50	108.00	WCSP;0.986
118.50	124.50	WCSP;0.990
127.50	130.50	WCSP;0.557
133.50	138.00	WCSP;0.985
141.00	145.50	WCSP;0.554
148.50	160.50	WCSP;0.953
163.50	168.00	WCSP;0.887
169.50	175.50	WCSP;0.978
177.00	190.50	WCSP;0.994
192.00	198.00	WCSP;0.993
199.50	204.00	WCSP;0.991
207.00	211.50	WCSP;0.992
213.00	240.00	WCSP;0.992
241.50	261.00	WCSP;0.997
262.50	274.50	WCSP;0.995
276.00	282.00	WCSP;0.993
283.50	288.00	WCSP;0.993
289.50	295.50	WCSP;0.993
297.00	300.00	WCSP;0.992
3.00	10.50	WTSP;0.788
15.00	27.00	WTSP;0.802
31.50	40.50	WTSP;0.995
43.50	52.50	WTSP;0.926
54.00	58.50	WTSP;0.500
61.50	69.00	WTSP;0.998
76.50	84.00	WTSP;0.994
87.00	90.00	WTSP;0.500
91.50	96.00	WTSP;0.790
97.50	100.50	WTSP;0.500
120.00	126.00	WTSP;0.969
150.00	159.00	WTSP;0.894
177.00	181.50	WTSP;0.558
183.00	192.00	WTSP;0.696
193.50	201.00	WTSP;0.937
202.50	208.50	WTSP;0.988
211.50	216.00	WTSP;0.735
219.00	222.00	WTSP;0.500
223.50	229.50	WTSP;0.883
232.50	237.00	WTSP;0.992
238.50	241.50	WTSP;0.721
244.50	250.50	WTSP;0.974
253.50	258.00	WTSP;0.685
271.50	277.50	WTSP;0.971
280.50	285.00	WTSP;0.998
288.00	297.00	WTSP;0.974
85.50	88.50	WIFL;0.533
