48.00	51.00	AMGP;0.582
69.00	72.00	AMGP;0.633
154.50	157.50	AMGP;0.551
18.00	22.50	AMRO;0.789
28.50	54.00	AMRO;0.936
55.50	66.00	AMRO;0.722
75.00	84.00	AMRO;0.960
88.50	100.50	AMRO;0.973
108.00	115.50	AMRO;0.565
117.00	130.50	AMRO;0.768
132.00	136.50	AMRO;0.648
148.50	151.50	AMRO;0.500
154.50	159.00	AMRO;0.500
163.50	166.50	AMRO;0.510
184.50	193.50	AMRO;0.927
196.50	201.00	AMRO;0.720
204.00	208.50	AMRO;0.819
210.00	214.50	AMRO;0.500
217.50	222.00	AMRO;0.701
225.00	232.50	AMRO;0.792
264.00	271.50	AMRO;0.715
294.00	297.00	AMRO;0.500
304.50	313.50	ATSP;0.812
435.00	438.00	ATSP;0.520
486.00	489.00	ATSP;0.555
60.00	64.50	BAOR;0.643
76.50	79.50	BAOR;0.666
93.00	97.50	BAOR;0.721
99.00	102.00	BAOR;0.535
129.00	132.00	BAOR;0.839
138.00	142.50	BAOR;0.689
174.00	177.00	BAOR;0.567
196.50	199.50	BAOR;0.631
216.00	220.50	BAOR;0.793
75.00	79.50	BLOY;0.714
135.00	138.00	BLOY;0.599
172.50	175.50	BLOY;0.503
199.50	202.50	BLOY;0.643
237.00	241.50	BLOY;0.538
277.50	282.00	BLOY;0.826
189.00	192.00	BBPL;0.683
520.50	525.00	BCCH;0.777
9.00	12.00	BRSP;0.500
49.50	52.50	BRSP;0.500
72.00	78.00	BRSP;0.768
370.50	373.50	BRSP;0.500
411.00	414.00	BRSP;0.500
441.00	448.50	BRSP;0.628
520.50	523.50	BRSP;0.515
544.50	552.00	BRSP;0.790
147.00	150.00	CHSW;0.794
159.00	162.00	CHSW;0.602
190.50	193.50	CHSW;0.506
202.50	205.50	CHSW;0.528
234.00	237.00	CHSW;0.530
282.00	285.00	CHSW;0.544
73.50	81.00	CHSP;0.500
130.50	135.00	CHSP;0.743
246.00	250.50	CHSP;0.758
259.50	265.50	CHSP;0.965
268.50	274.50	CHSP;0.988
277.50	283.50	CHSP;0.986
288.00	294.00	CHSP;0.986
297.00	303.00	CHSP;0.979
306.00	312.00	CHSP;0.981
313.50	319.50	CHSP;0.981
322.50	327.00	CHSP;0.715
328.50	334.50	CHSP;0.988
336.00	342.00	CHSP;0.983
345.00	352.50	CHSP;0.990
354.00	360.00	CHSP;0.989
363.00	369.00	CHSP;0.988
370.50	376.50	CHSP;0.986
379.50	385.50	CHSP;0.988
387.00	393.00	CHSP;0.989
394.50	400.50	CHSP;0.989
403.50	409.50	CHSP;0.986
411.00	417.00	CHSP;0.991
421.50	427.50	CHSP;0.988
429.00	435.00	CHSP;0.925
438.00	450.00	CHSP;0.990
451.50	457.50	CHSP;0.985
130.50	135.00	CCSP;0.540
361.50	366.00	FOSP;0.697
369.00	373.50	FOSP;0.708
133.50	136.50	GWTE;0.520
295.50	298.50	HAFL;0.547
456.00	459.00	HAFL;0.525
400.50	403.50	HETH;0.553
426.00	429.00	HETH;0.578
537.00	541.50	HETH;0.636
561.00	564.00	LESA;0.513
519.00	522.00	MAWA;0.507
151.50	154.50	MAMU;0.513
85.50	88.50	MOCH;0.500
399.00	403.50	MOCH;0.724
415.50	420.00	MOCH;0.697
426.00	430.50	MOCH;0.500
448.50	453.00	MOCH;0.642
462.00	465.00	MOCH;0.500
474.00	478.50	MOCH;0.500
501.00	508.50	MOCH;0.902
526.50	531.00	MOCH;0.500
540.00	544.50	MOCH;0.789
553.50	558.00	MOCH;0.952
576.00	582.00	MOCH;0.763
594.00	598.50	MOCH;0.717
321.00	324.00	NOPA;0.502
51.00	55.50	OSFL;0.607
67.50	70.50	OSFL;0.507
109.50	112.50	OSFL;0.813
198.00	202.50	OSFL;0.811
7.50	10.50	PROW;0.579
361.50	366.00	SNBU;0.840
369.00	372.00	SNBU;0.782
45.00	48.00	SUTA;0.508
178.50	181.50	SUTA;0.572
1.50	6.00	SWSP;0.593
16.50	21.00	SWSP;0.658
39.00	43.50	SWSP;0.763
51.00	55.50	SWSP;0.574
58.50	63.00	SWSP;0.780
69.00	73.50	SWSP;0.588
97.50	102.00	SWSP;0.801
106.50	111.00	SWSP;0.801
115.50	120.00	SWSP;0.705
130.50	133.50	SWSP;0.863
144.00	150.00	SWSP;0.577
157.50	162.00	SWSP;0.871
168.00	171.00	SWSP;0.500
181.50	186.00	SWSP;0.500
192.00	196.50	SWSP;0.712
204.00	208.50	SWSP;0.623
222.00	226.50	SWSP;0.884
231.00	235.50	SWSP;0.694
243.00	246.00	SWSP;0.500
252.00	256.50	SWSP;0.500
261.00	265.50	SWSP;0.515
285.00	288.00	SWSP;0.695
294.00	297.00	SWSP;0.565
301.50	306.00	SWSP;0.652
310.50	313.50	SWSP;0.500
322.50	327.00	SWSP;0.636
334.50	337.50	SWSP;0.500
342.00	345.00	SWSP;0.500
468.00	472.50	SWSP;0.623
480.00	486.00	SWSP;0.898
496.50	501.00	SWSP;0.621
513.00	519.00	SWSP;0.700
532.50	537.00	SWSP;0.610
42.00	46.50	TOSO;0.862
192.00	195.00	TOSO;0.676
489.00	492.00	WEFL;0.660
3.00	12.00	WCSP;0.966
295.50	298.50	WCSP;0.500
307.50	318.00	WCSP;0.830
430.50	439.50	WCSP;0.962
441.00	448.50	WCSP;0.915
450.00	454.50	WCSP;0.500
486.00	490.50	WCSP;0.615
502.50	507.00	WCSP;0.500
517.50	523.50	WCSP;0.500
526.50	531.00	WCSP;0.694
81.00	88.50	WTSP;0.995
420.00	423.00	WTSP;0.521
448.50	453.00	WTSP;0.639
474.00	478.50	WTSP;0.640
540.00	544.50	WTSP;0.543
577.50	580.50	WTSP;0.724
1.50	6.00	WIWA;0.665
16.50	21.00	WIWA;0.621
39.00	43.50	WIWA;0.504
49.50	55.50	WIWA;0.828
69.00	73.50	WIWA;0.500
106.50	111.00	WIWA;0.500
115.50	120.00	WIWA;0.500
127.50	133.50	WIWA;0.965
144.00	148.50	WIWA;0.757
157.50	162.00	WIWA;0.844
168.00	172.50	WIWA;0.949
181.50	186.00	WIWA;0.854
192.00	196.50	WIWA;0.603
202.50	208.50	WIWA;0.867
211.50	216.00	WIWA;0.975
222.00	226.50	WIWA;0.787
231.00	235.50	WIWA;0.792
241.50	247.50	WIWA;0.962
252.00	256.50	WIWA;0.851
261.00	265.50	WIWA;0.685
282.00	288.00	WIWA;0.965
292.50	297.00	WIWA;0.966
301.50	306.00	WIWA;0.969
310.50	315.00	WIWA;0.985
321.00	327.00	WIWA;0.831
331.50	337.50	WIWA;0.884
342.00	346.50	WIWA;0.953
468.00	472.50	WIWA;0.605
480.00	484.50	WIWA;0.519
513.00	519.00	WIWA;0.814
