3.00	7.50	AMRO;0.561
43.50	48.00	AMRO;0.801
186.00	190.50	BAOR;0.932
193.50	196.50	BAOR;0.540
220.50	223.50	BAOR;0.552
276.00	279.00	BCCH;0.540
292.50	295.50	BCCH;0.504
90.00	93.00	BHVI;0.524
75.00	78.00	DUNL;0.527
157.50	162.00	DUNL;0.594
196.50	199.50	EAME;0.756
210.00	214.50	EAME;0.612
186.00	189.00	EATO;0.535
0.00	3.00	FISP;0.596
175.50	178.50	FISP;0.626
180.00	183.00	FISP;0.500
198.00	201.00	FOSP;0.770
259.50	262.50	FOSP;0.511
175.50	178.50	GCSP;0.538
265.50	270.00	GCSP;0.936
189.00	193.50	GWTE;0.663
285.00	288.00	HASP;0.523
84.00	88.50	HETH;0.869
111.00	114.00	HETH;0.500
130.50	135.00	HETH;0.589
190.50	193.50	HETH;0.500
214.50	219.00	HETH;0.839
238.50	243.00	HETH;0.500
249.00	252.00	HETH;0.530
274.50	280.50	HETH;0.500
291.00	294.00	HETH;0.500
181.50	184.50	LESA;0.572
183.00	187.50	MAMU;0.633
244.50	249.00	MAMU;0.708
34.50	39.00	MOCH;0.895
46.50	51.00	MOCH;0.695
57.00	61.50	MOCH;0.779
72.00	78.00	MOCH;0.730
79.50	85.50	MOCH;0.500
87.00	90.00	MOCH;0.500
109.50	117.00	MOCH;0.662
120.00	123.00	MOCH;0.500
129.00	133.50	MOCH;0.794
154.50	159.00	MOCH;0.510
160.50	165.00	MOCH;0.847
190.50	195.00	MOCH;0.712
226.50	229.50	MOCH;0.500
238.50	244.50	MOCH;0.877
261.00	267.00	MOCH;0.500
268.50	271.50	MOCH;0.500
274.50	280.50	MOCH;0.613
285.00	291.00	MOCH;0.500
292.50	295.50	MOCH;0.500
183.00	186.00	PUFI;0.503
246.00	249.00	RWBL;0.602
208.50	211.50	RBGU;0.505
282.00	285.00	RBGU;0.648
57.00	60.00	SEPL;0.680
27.00	30.00	SBDO;0.531
271.50	274.50	SBDO;0.774
222.00	225.00	SNBU;0.590
232.50	237.00	SNBU;0.636
258.00	262.50	SNBU;0.757
270.00	273.00	SNBU;0.724
268.50	271.50	SPSA;0.797
138.00	141.00	SPGR;0.685
142.50	147.00	SPGR;0.568
169.50	172.50	SPGR;0.584
195.00	198.00	SWHA;0.532
193.50	196.50	TOSO;0.544
61.50	66.00	WEME;0.843
73.50	76.50	WCSP;0.500
109.50	114.00	WCSP;0.555
115.50	120.00	WCSP;0.844
130.50	135.00	WCSP;0.792
154.50	159.00	WCSP;0.659
162.00	165.00	WCSP;0.870
177.00	181.50	WCSP;0.988
247.50	252.00	WCSP;0.500
270.00	273.00	WCSP;0.500
280.50	285.00	WCSP;0.682
292.50	298.50	WCSP;0.698
0.00	3.00	WTSP;0.501
34.50	39.00	WTSP;0.500
58.50	61.50	WTSP;0.500
72.00	76.50	WTSP;0.500
79.50	84.00	WTSP;0.754
130.50	133.50	WTSP;0.500
190.50	195.00	WTSP;0.539
207.00	211.50	WTSP;0.762
225.00	229.50	WTSP;0.500
240.00	243.00	WTSP;0.500
247.50	250.50	WTSP;0.500
264.00	270.00	WTSP;0.931
271.50	291.00	WTSP;0.997
294.00	298.50	WTSP;0.980
88.50	93.00	YBFL;0.691
