30.00	33.00	AMDI;0.615
45.00	48.00	AMDI;0.532
124.50	127.50	AMDI;0.502
156.00	159.00	AMDI;0.665
49.50	52.50	AMGP;0.671
192.00	195.00	AMGP;0.624
262.50	265.50	AMGP;0.623
274.50	277.50	AMGP;0.532
450.00	453.00	AMGP;0.594
43.50	48.00	AMRO;0.500
60.00	63.00	AMRO;0.500
69.00	72.00	AMRO;0.613
85.50	91.50	AMRO;0.920
115.50	121.50	AMRO;0.894
138.00	142.50	AMRO;0.637
169.50	189.00	AMRO;0.908
193.50	199.50	AMRO;0.910
202.50	229.50	AMRO;0.987
231.00	234.00	AMRO;0.538
235.50	244.50	AMRO;0.944
246.00	250.50	AMRO;0.723
252.00	262.50	AMRO;0.606
264.00	268.50	AMRO;0.968
273.00	276.00	AMRO;0.677
277.50	289.50	AMRO;0.720
291.00	295.50	AMRO;0.909
297.00	301.50	AMRO;0.680
304.50	313.50	AMRO;0.895
318.00	330.00	AMRO;0.941
331.50	358.50	AMRO;0.956
393.00	396.00	AMRO;0.500
402.00	429.00	AMRO;0.991
433.50	444.00	AMRO;0.983
445.50	451.50	AMRO;0.928
453.00	457.50	AMRO;0.972
171.00	175.50	BAOR;0.606
198.00	201.00	BAOR;0.537
267.00	270.00	BAOR;0.866
277.50	280.50	BAOR;0.591
307.50	310.50	BAOR;0.585
327.00	331.50	BAOR;0.669
342.00	346.50	BAOR;0.521
415.50	418.50	BAOR;0.516
438.00	441.00	BAOR;0.551
169.50	174.00	BLOY;0.789
289.50	292.50	BBPL;0.600
3.00	7.50	BCCH;0.500
49.50	52.50	BCCH;0.500
474.00	478.50	BCCH;0.823
481.50	486.00	BCCH;0.500
498.00	501.00	BCCH;0.934
511.50	516.00	BCCH;0.573
541.50	546.00	BCCH;0.887
550.50	555.00	BCCH;0.518
156.00	159.00	BRSP;0.609
13.50	16.50	DUNL;0.876
115.50	118.50	EABL;0.613
289.50	292.50	EABL;0.541
406.50	409.50	EABL;0.644
0.00	4.50	FISP;0.500
81.00	85.50	FISP;0.559
141.00	144.00	FISP;0.500
157.50	160.50	FISP;0.500
165.00	169.50	FISP;0.500
220.50	225.00	FISP;0.917
384.00	390.00	FISP;0.855
417.00	421.50	FISP;0.500
442.50	445.50	FISP;0.500
468.00	472.50	FISP;0.877
478.50	483.00	FISP;0.973
490.50	495.00	FISP;0.790
496.50	499.50	FISP;0.500
517.50	522.00	FISP;0.734
544.50	547.50	FISP;0.500
570.00	573.00	FISP;0.500
595.50	600.00	FISP;0.500
184.50	187.50	GRYE;0.502
214.50	217.50	GWTE;0.517
391.50	394.50	GWTE;0.600
49.50	52.50	HETH;0.500
55.50	60.00	HETH;0.590
207.00	210.00	HETH;0.500
427.50	430.50	HETH;0.641
459.00	469.50	HETH;0.932
474.00	480.00	HETH;0.500
481.50	495.00	HETH;0.959
498.00	516.00	HETH;0.958
522.00	529.50	HETH;0.978
531.00	546.00	HETH;0.878
550.50	555.00	HETH;0.972
556.50	564.00	HETH;0.782
547.50	550.50	LESA;0.648
189.00	192.00	LISP;0.585
390.00	394.50	MOBL;0.944
3.00	9.00	MOCH;0.500
25.50	28.50	MOCH;0.530
30.00	37.50	MOCH;0.812
49.50	52.50	MOCH;0.500
54.00	61.50	MOCH;0.855
79.50	82.50	MOCH;0.500
85.50	88.50	MOCH;0.500
103.50	108.00	MOCH;0.819
114.00	118.50	MOCH;0.985
144.00	147.00	MOCH;0.882
151.50	154.50	MOCH;0.500
163.50	169.50	MOCH;0.593
193.50	196.50	MOCH;0.500
219.00	222.00	MOCH;0.500
261.00	264.00	MOCH;0.500
351.00	355.50	MOCH;0.500
406.50	411.00	MOCH;0.910
417.00	421.50	MOCH;0.638
429.00	433.50	MOCH;0.535
441.00	445.50	MOCH;0.500
465.00	469.50	MOCH;0.836
474.00	480.00	MOCH;0.821
489.00	496.50	MOCH;0.969
499.50	502.50	MOCH;0.962
504.00	513.00	MOCH;0.775
516.00	522.00	MOCH;0.892
525.00	529.50	MOCH;0.500
531.00	538.50	MOCH;0.710
543.00	547.50	MOCH;0.509
556.50	561.00	MOCH;0.918
570.00	573.00	MOCH;0.500
582.00	586.50	MOCH;0.667
595.50	600.00	MOCH;0.921
96.00	99.00	NESP;0.503
256.50	259.50	OSFL;0.582
298.50	303.00	OSFL;0.806
315.00	319.50	OSFL;0.902
331.50	336.00	OSFL;0.788
318.00	321.00	PIGR;0.509
201.00	204.00	PUFI;0.648
229.50	232.50	PUFI;0.515
325.50	328.50	PUFI;0.556
376.50	385.50	RECR;0.666
159.00	162.00	ROWR;0.634
190.50	193.50	ROWR;0.519
223.50	226.50	ROWR;0.728
138.00	141.00	RBGR;0.531
61.50	66.00	RUTU;0.639
78.00	81.00	RUTU;0.570
471.00	474.00	RUTU;0.564
514.50	517.50	RUTU;0.516
567.00	571.50	RUTU;0.667
6.00	9.00	RUBL;0.634
477.00	480.00	RUBL;0.618
484.50	487.50	RUBL;0.570
382.50	387.00	SAND;0.623
471.00	474.00	SESA;0.501
487.50	492.00	SOSA;0.918
196.50	199.50	SUTA;0.758
231.00	234.00	SUTA;0.643
279.00	285.00	SUTA;0.655
445.50	450.00	SUTA;0.796
118.50	121.50	TOSO;0.553
238.50	241.50	TOSO;0.524
270.00	273.00	TOSO;0.632
343.50	346.50	TUTI;0.568
3.00	7.50	WEWP;0.933
144.00	157.50	WCSP;0.978
160.50	166.50	WCSP;0.995
180.00	184.50	WCSP;0.984
190.50	193.50	WCSP;0.500
195.00	199.50	WCSP;0.958
7.50	15.00	WTSP;0.995
27.00	36.00	WTSP;0.996
49.50	60.00	WTSP;0.997
66.00	72.00	WTSP;0.929
79.50	88.50	WTSP;0.995
97.50	108.00	WTSP;0.998
115.50	118.50	WTSP;0.627
141.00	147.00	WTSP;0.995
151.50	156.00	WTSP;0.957
163.50	168.00	WTSP;0.844
193.50	198.00	WTSP;0.500
220.50	225.00	WTSP;0.723
261.00	267.00	WTSP;0.852
279.00	283.50	WTSP;0.511
351.00	355.50	WTSP;0.651
384.00	388.50	WTSP;0.761
405.00	409.50	WTSP;0.500
417.00	421.50	WTSP;0.726
427.50	433.50	WTSP;0.879
441.00	445.50	WTSP;0.500
466.50	471.00	WTSP;0.588
477.00	481.50	WTSP;0.792
490.50	495.00	WTSP;0.628
502.50	507.00	WTSP;0.860
516.00	520.50	WTSP;0.918
543.00	547.50	WTSP;0.666
568.50	573.00	WTSP;0.500
582.00	586.50	WTSP;0.863
595.50	600.00	WTSP;0.878
532.50	535.50	WOTH;0.547
