93.00	96.00	BCCH;0.553
144.00	147.00	BCCH;0.551
207.00	210.00	BCCH;0.653
234.00	237.00	BCCH;0.591
274.50	277.50	BCCH;0.552
289.50	292.50	BCCH;0.526
279.00	282.00	BRSP;0.702
78.00	81.00	BRCR;0.588
88.50	91.50	BHCO;0.533
165.00	168.00	BHCO;0.502
9.00	12.00	CHSW;0.511
234.00	237.00	CHSW;0.565
169.50	174.00	DUNL;0.824
193.50	198.00	DUNL;0.660
0.00	130.50	HETH;0.996
132.00	174.00	HETH;0.994
175.50	198.00	HETH;0.997
199.50	211.50	HETH;0.989
213.00	244.50	HETH;0.995
249.00	252.00	HETH;0.646
253.50	262.50	HETH;0.980
264.00	279.00	HETH;0.990
280.50	283.50	HETH;0.812
286.50	298.50	HETH;0.989
3.00	7.50	MOCH;0.511
45.00	49.50	MOCH;0.518
57.00	60.00	MOCH;0.505
69.00	72.00	MOCH;0.500
93.00	97.50	MOCH;0.506
102.00	106.50	MOCH;0.500
117.00	121.50	MOCH;0.500
163.50	168.00	MOCH;0.500
169.50	174.00	MOCH;0.684
183.00	186.00	MOCH;0.819
193.50	198.00	MOCH;0.823
202.50	205.50	MOCH;0.768
220.50	226.50	MOCH;0.645
234.00	237.00	MOCH;0.500
246.00	249.00	MOCH;0.500
261.00	264.00	MOCH;0.500
273.00	279.00	MOCH;0.598
288.00	292.50	MOCH;0.500
279.00	282.00	NOHA;0.622
216.00	219.00	NSHR;0.541
192.00	195.00	RECR;0.549
52.50	55.50	RUBL;0.520
84.00	87.00	RUBL;0.502
102.00	105.00	RUBL;0.849
139.50	144.00	RUBL;0.823
187.50	190.50	RUBL;0.504
229.50	232.50	RUBL;0.514
168.00	171.00	SPPI;0.513
210.00	213.00	TOSO;0.783
250.50	253.50	TOSO;0.534
88.50	91.50	TOWA;0.534
124.50	127.50	VATH;0.564
141.00	144.00	VEER;0.529
262.50	265.50	VESP;0.566
52.50	55.50	WCSP;0.500
130.50	133.50	WCSP;0.515
211.50	214.50	WCSP;0.500
246.00	252.00	WCSP;0.980
256.50	261.00	WCSP;0.988
262.50	271.50	WCSP;0.987
277.50	282.00	WCSP;0.988
285.00	289.50	WCSP;0.984
295.50	300.00	WCSP;0.978
70.50	75.00	WTSP;0.699
114.00	120.00	WTSP;0.930
139.50	142.50	WTSP;0.598
220.50	223.50	WTSP;0.500
234.00	237.00	WTSP;0.500
252.00	258.00	WTSP;0.997
261.00	264.00	WTSP;0.500
276.00	279.00	WTSP;0.500
282.00	288.00	WTSP;0.986
291.00	297.00	WIWA;0.988
