303.00	306.00	AMDI;0.567
490.50	493.50	AMDI;0.665
378.00	381.00	AMGP;0.516
4.50	7.50	AMRO;0.516
10.50	15.00	AMRO;0.966
16.50	19.50	AMRO;0.701
262.50	265.50	AMWO;0.616
516.00	519.00	AMWO;0.505
196.50	199.50	BCCH;0.678
261.00	264.00	BTNW;0.908
328.50	331.50	BTNW;0.525
570.00	573.00	BTNW;0.577
87.00	90.00	CAFI;0.613
288.00	291.00	CAFI;0.589
459.00	462.00	CAFI;0.682
40.50	43.50	CAVI;0.535
73.50	76.50	CHSW;0.527
138.00	142.50	CHSW;0.795
363.00	366.00	CHSW;0.769
213.00	217.50	DEJU;0.687
310.50	313.50	DEJU;0.624
180.00	183.00	DUFL;0.504
471.00	474.00	EATO;0.627
550.50	553.50	EATO;0.525
6.00	13.50	FOSP;0.871
22.50	27.00	FOSP;0.940
37.50	42.00	FOSP;0.645
54.00	58.50	FOSP;0.813
60.00	64.50	FOSP;0.532
70.50	75.00	FOSP;0.960
85.50	90.00	FOSP;0.785
103.50	108.00	FOSP;0.722
121.50	127.50	FOSP;0.926
147.00	151.50	FOSP;0.951
165.00	169.50	FOSP;0.866
184.50	190.50	FOSP;0.762
202.50	207.00	FOSP;0.922
217.50	222.00	FOSP;0.912
234.00	238.50	FOSP;0.934
253.50	258.00	FOSP;0.500
270.00	273.00	FOSP;0.507
285.00	289.50	FOSP;0.908
304.50	309.00	FOSP;0.953
318.00	327.00	FOSP;0.898
334.50	339.00	FOSP;0.915
354.00	358.50	FOSP;0.893
360.00	364.50	FOSP;0.500
385.50	390.00	FOSP;0.856
400.50	405.00	FOSP;0.797
417.00	423.00	FOSP;0.972
433.50	438.00	FOSP;0.878
456.00	460.50	FOSP;0.889
471.00	477.00	FOSP;0.960
486.00	492.00	FOSP;0.876
505.50	510.00	FOSP;0.972
517.50	523.50	FOSP;0.976
534.00	538.50	FOSP;0.867
547.50	555.00	FOSP;0.928
565.50	570.00	FOSP;0.893
585.00	589.50	FOSP;0.821
109.50	112.50	GCSP;0.518
208.50	213.00	GCSP;0.799
414.00	417.00	GCSP;0.508
231.00	234.00	HASP;0.515
7.50	12.00	HETH;0.795
37.50	42.00	HETH;0.542
52.50	55.50	HETH;0.500
69.00	72.00	HETH;0.682
84.00	87.00	HETH;0.862
102.00	105.00	HETH;0.500
121.50	124.50	HETH;0.500
147.00	150.00	HETH;0.500
165.00	169.50	HETH;0.505
175.50	178.50	HETH;0.500
184.50	189.00	HETH;0.826
234.00	237.00	HETH;0.500
240.00	243.00	HETH;0.506
268.50	273.00	HETH;0.725
300.00	303.00	HETH;0.604
304.50	307.50	HETH;0.500
315.00	319.50	HETH;0.610
352.50	357.00	HETH;0.501
358.50	361.50	HETH;0.500
375.00	382.50	HETH;0.918
384.00	388.50	HETH;0.904
402.00	405.00	HETH;0.500
414.00	418.50	HETH;0.500
432.00	435.00	HETH;0.500
444.00	447.00	HETH;0.519
451.50	457.50	HETH;0.500
471.00	474.00	HETH;0.736
517.50	520.50	HETH;0.500
537.00	541.50	HETH;0.500
550.50	553.50	HETH;0.500
582.00	585.00	HOWR;0.567
558.00	561.00	LALO;0.562
115.50	120.00	LESA;0.811
9.00	13.50	LISP;0.811
39.00	42.00	LISP;0.500
57.00	60.00	LISP;0.588
105.00	108.00	LISP;0.500
151.50	154.50	LISP;0.500
189.00	192.00	LISP;0.500
213.00	217.50	LISP;0.620
241.50	246.00	LISP;0.775
256.50	259.50	LISP;0.597
271.50	279.00	LISP;0.795
280.50	283.50	LISP;0.500
294.00	298.50	LISP;0.500
309.00	313.50	LISP;0.500
348.00	351.00	LISP;0.500
460.50	463.50	LISP;0.670
477.00	483.00	LISP;0.938
499.50	504.00	LISP;0.500
517.50	522.00	LISP;0.500
528.00	531.00	LISP;0.500
582.00	586.50	LISP;0.594
76.50	79.50	MOCH;0.871
136.50	142.50	MOCH;0.736
259.50	262.50	MOCH;0.650
273.00	276.00	MOCH;0.632
421.50	424.50	MOCH;0.720
444.00	447.00	MOCH;0.634
537.00	541.50	MOCH;0.562
543.00	546.00	MOCH;0.514
132.00	136.50	NESP;0.785
276.00	279.00	NESP;0.500
280.50	285.00	NESP;0.616
294.00	298.50	NESP;0.664
526.50	531.00	NESP;0.880
168.00	171.00	PHVI;0.655
220.50	223.50	PHVI;0.735
403.50	406.50	PHVI;0.666
445.50	450.00	PIGR;0.678
346.50	349.50	PUFI;0.511
469.50	472.50	PUFI;0.553
484.50	489.00	PUFI;0.592
549.00	552.00	PUFI;0.544
175.50	178.50	REVI;0.534
346.50	349.50	REVI;0.543
490.50	493.50	REVI;0.516
169.50	174.00	ROWR;0.594
115.50	120.00	RUTU;0.625
135.00	138.00	RUTU;0.709
151.50	156.00	RUTU;0.639
169.50	174.00	RUTU;0.680
198.00	204.00	RUTU;0.815
228.00	232.50	RUTU;0.626
174.00	178.50	RUGR;0.719
295.50	300.00	RUGR;0.730
322.50	325.50	RUGR;0.609
226.50	229.50	SAPH;0.536
546.00	550.50	SAPH;0.720
583.50	588.00	SAPH;0.793
57.00	60.00	SESA;0.564
19.50	24.00	SNBU;0.733
42.00	45.00	SNBU;0.545
153.00	157.50	SNBU;0.734
417.00	420.00	SNBU;0.531
178.50	183.00	SOSA;0.528
382.50	387.00	SOSA;0.939
330.00	333.00	SOSP;0.528
207.00	210.00	SPSA;0.658
25.50	30.00	SPGR;0.649
462.00	465.00	TOSO;0.512
73.50	78.00	VATH;0.975
114.00	117.00	VATH;0.500
247.50	252.00	VATH;0.991
297.00	301.50	VATH;0.973
381.00	384.00	VATH;0.500
396.00	402.00	VATH;0.986
430.50	436.50	VATH;0.971
28.50	31.50	WEWP;0.628
195.00	199.50	WEWP;0.531
244.50	247.50	WEWP;0.524
3.00	7.50	WCSP;0.919
37.50	42.00	WCSP;0.500
54.00	57.00	WCSP;0.500
70.50	73.50	WCSP;0.500
81.00	84.00	WCSP;0.500
85.50	90.00	WCSP;0.500
148.50	151.50	WCSP;0.500
165.00	169.50	WCSP;0.506
186.00	189.00	WCSP;0.500
202.50	207.00	WCSP;0.500
219.00	222.00	WCSP;0.500
241.50	244.50	WCSP;0.500
253.50	256.50	WCSP;0.500
274.50	277.50	WCSP;0.500
288.00	292.50	WCSP;0.924
300.00	307.50	WCSP;0.997
318.00	322.50	WCSP;0.537
328.50	333.00	WCSP;0.675
334.50	339.00	WCSP;0.500
340.50	345.00	WCSP;0.864
355.50	364.50	WCSP;0.990
373.50	378.00	WCSP;0.507
400.50	405.00	WCSP;0.818
418.50	423.00	WCSP;0.500
433.50	436.50	WCSP;0.500
439.50	442.50	WCSP;0.500
450.00	453.00	WCSP;0.500
456.00	460.50	WCSP;0.505
487.50	495.00	WCSP;0.523
504.00	508.50	WCSP;0.667
516.00	520.50	WCSP;0.625
526.50	529.50	WCSP;0.545
537.00	541.50	WCSP;0.509
550.50	558.00	WCSP;0.634
565.50	573.00	WCSP;0.677
579.00	583.50	WCSP;0.870
588.00	592.50	WCSP;0.682
0.00	4.50	WTSP;0.978
16.50	22.50	WTSP;0.992
34.50	40.50	WTSP;0.988
49.50	57.00	WTSP;0.991
76.50	82.50	WTSP;0.985
90.00	94.50	WTSP;0.690
97.50	103.50	WTSP;0.992
117.00	123.00	WTSP;0.985
126.00	130.50	WTSP;0.846
136.50	142.50	WTSP;0.963
156.00	162.00	WTSP;0.987
172.50	177.00	WTSP;0.990
193.50	199.50	WTSP;0.987
208.50	213.00	WTSP;0.500
222.00	228.00	WTSP;0.992
231.00	235.50	WTSP;0.826
238.50	244.50	WTSP;0.968
252.00	256.50	WTSP;0.920
273.00	276.00	WTSP;0.500
412.50	418.50	WTSP;0.904
421.50	427.50	WTSP;0.995
436.50	445.50	WTSP;0.993
463.50	469.50	WTSP;0.997
475.50	481.50	WTSP;0.993
493.50	499.50	WTSP;0.974
529.50	535.50	WTSP;0.995
543.00	549.00	WTSP;0.876
568.50	573.00	WTSP;0.500
6.00	9.00	WIWA;0.500
13.50	18.00	WIWA;0.714
24.00	28.50	WIWA;0.946
43.50	48.00	WIWA;0.952
61.50	66.00	WIWA;0.906
75.00	78.00	WIWA;0.523
94.50	97.50	WIWA;0.500
102.00	106.50	WIWA;0.549
118.50	124.50	WIWA;0.978
127.50	133.50	WIWA;0.933
256.50	259.50	YRWA;0.634
322.50	325.50	YRWA;0.786
345.00	349.50	YRWA;0.648
564.00	568.50	YRWA;0.981
573.00	577.50	YRWA;0.613
