61.50	64.50	AMDI;0.509
133.50	138.00	AMDI;0.679
0.00	4.50	AMRO;0.829
81.00	87.00	AMRO;0.972
216.00	220.50	AMRO;0.994
226.50	231.00	AMRO;0.989
243.00	247.50	AMRO;0.998
249.00	253.50	AMRO;0.558
259.50	268.50	AMRO;0.787
283.50	288.00	AMRO;0.757
19.50	22.50	ATSP;0.546
46.50	49.50	ATSP;0.500
78.00	81.00	ATSP;0.500
97.50	105.00	ATSP;0.829
138.00	142.50	ATSP;0.916
147.00	151.50	ATSP;0.564
166.50	169.50	ATSP;0.500
187.50	192.00	ATSP;0.694
193.50	198.00	ATSP;0.500
246.00	250.50	ATSP;0.551
265.50	270.00	ATSP;0.588
273.00	279.00	ATSP;0.892
282.00	286.50	ATSP;0.863
178.50	183.00	BAIS;0.719
94.50	97.50	BAEA;0.541
108.00	111.00	BAEA;0.610
70.50	73.50	BLOY;0.569
274.50	279.00	BBPL;0.722
85.50	90.00	BCCH;0.614
33.00	36.00	BOCH;0.673
175.50	180.00	BRCR;0.659
271.50	276.00	BRCR;0.650
12.00	15.00	CAFI;0.533
72.00	76.50	CAFI;0.737
46.50	51.00	DEJU;0.500
61.50	66.00	DEJU;0.638
82.50	87.00	DEJU;0.728
91.50	103.50	DEJU;0.861
105.00	114.00	DEJU;0.967
117.00	124.50	DEJU;0.997
165.00	169.50	DEJU;0.851
172.50	202.50	DEJU;0.997
204.00	214.50	DEJU;0.986
220.50	232.50	DEJU;0.750
246.00	259.50	DEJU;0.783
267.00	270.00	DEJU;0.500
208.50	213.00	EAKI;0.822
22.50	25.50	EAME;0.710
34.50	37.50	EAME;0.554
79.50	84.00	EAME;0.645
232.50	235.50	EAME;0.561
13.50	16.50	EVGR;0.537
225.00	228.00	EVGR;0.501
24.00	27.00	FOSP;0.500
34.50	39.00	FOSP;0.655
79.50	82.50	FOSP;0.500
88.50	93.00	FOSP;0.500
196.50	201.00	FOSP;0.526
219.00	225.00	FOSP;0.753
232.50	238.50	FOSP;0.874
262.50	267.00	FOSP;0.500
270.00	274.50	FOSP;0.916
276.00	279.00	FOSP;0.500
280.50	283.50	FOSP;0.673
286.50	291.00	FOSP;0.917
1.50	4.50	GCSP;0.584
129.00	132.00	GCSP;0.540
162.00	165.00	GCSP;0.636
192.00	195.00	GCSP;0.540
204.00	207.00	GCSP;0.554
220.50	223.50	GCSP;0.682
15.00	18.00	HETH;0.561
237.00	240.00	HETH;0.523
187.50	190.50	HOLA;0.533
3.00	6.00	HOFI;0.597
103.50	108.00	HOFI;0.613
183.00	187.50	HOFI;0.736
268.50	271.50	KILL;0.518
58.50	63.00	LISP;0.539
123.00	126.00	LISP;0.674
133.50	138.00	LISP;0.721
190.50	193.50	LISP;0.683
196.50	201.00	MAWA;0.719
214.50	219.00	MAMU;0.704
13.50	18.00	MOCH;0.897
37.50	40.50	MOCH;0.577
54.00	57.00	MOCH;0.868
100.50	103.50	MOCH;0.627
129.00	132.00	MOCH;0.501
229.50	232.50	MOCH;0.540
261.00	264.00	MOCH;0.590
19.50	22.50	NAWA;0.676
16.50	19.50	NSHR;0.620
165.00	168.00	NSHR;0.512
234.00	238.50	NSHR;0.685
292.50	295.50	NSHR;0.571
90.00	93.00	PIGR;0.524
156.00	160.50	PISI;0.725
240.00	243.00	PISI;0.793
12.00	15.00	PUFI;0.646
88.50	91.50	PUFI;0.518
297.00	300.00	PUFI;0.856
162.00	165.00	RECR;0.554
274.50	277.50	RUGR;0.557
285.00	288.00	RUGR;0.512
42.00	45.00	RUBL;0.559
148.50	151.50	RUBL;0.503
253.50	258.00	SAVS;0.579
292.50	297.00	SAVS;0.561
22.50	27.00	SNBU;0.822
73.50	78.00	SNBU;0.736
135.00	139.50	SNBU;0.818
223.50	228.00	SNBU;0.607
286.50	289.50	SNBU;0.640
27.00	31.50	SOSP;0.590
235.50	238.50	SOSP;0.528
246.00	249.00	SPGR;0.522
225.00	228.00	SWTH;0.537
246.00	250.50	SWTH;0.986
252.00	264.00	SWTH;0.973
274.50	282.00	SWTH;0.588
283.50	288.00	SWTH;0.649
132.00	135.00	TOWA;0.709
231.00	234.00	WEFL;0.689
0.00	4.50	WCSP;0.500
24.00	30.00	WCSP;0.500
46.50	51.00	WCSP;0.500
102.00	106.50	WCSP;0.995
112.50	118.50	WCSP;0.995
129.00	133.50	WCSP;0.990
153.00	157.50	WCSP;0.993
159.00	163.50	WCSP;0.786
181.50	186.00	WCSP;0.500
193.50	196.50	WCSP;0.500
204.00	208.50	WCSP;0.548
231.00	243.00	WCSP;0.981
258.00	262.50	WCSP;0.809
289.50	294.00	WCSP;0.993
24.00	30.00	WTSP;0.767
37.50	43.50	WTSP;0.996
51.00	57.00	WTSP;0.999
91.50	94.50	WTSP;0.500
112.50	115.50	WTSP;0.615
151.50	154.50	WTSP;0.500
207.00	211.50	WTSP;0.669
220.50	226.50	WTSP;0.866
229.50	234.00	WTSP;0.500
240.00	246.00	WTSP;0.987
250.50	253.50	WTSP;0.500
258.00	262.50	WTSP;0.738
273.00	277.50	WTSP;0.500
226.50	229.50	WIFL;0.978
124.50	127.50	YHBL;0.527
16.50	21.00	YRWA;0.991
36.00	40.50	YRWA;0.987
