0.00	3.00	AMDI;0.614
15.00	19.50	AMDI;0.752
33.00	36.00	AMDI;0.532
48.00	52.50	AMDI;0.623
228.00	231.00	AMDI;0.685
243.00	247.50	AMDI;0.806
259.50	264.00	AMDI;0.800
291.00	295.50	AMDI;0.738
60.00	64.50	AMPI;0.831
273.00	276.00	AMRE;0.550
97.50	100.50	AMRO;0.500
123.00	126.00	AMRO;0.500
129.00	133.50	AMRO;0.897
141.00	145.50	AMRO;0.530
268.50	273.00	AMRO;0.988
295.50	300.00	AMRO;0.500
126.00	129.00	BAOR;0.549
136.50	139.50	BAOR;0.520
297.00	300.00	BAOR;0.531
88.50	93.00	BCCH;0.684
189.00	193.50	BCCH;0.763
283.50	289.50	BRSP;0.860
61.50	66.00	CHSP;0.810
105.00	111.00	CHSP;0.773
169.50	175.50	CHSP;0.902
223.50	228.00	CHSP;0.545
34.50	37.50	DEJU;0.596
49.50	54.00	DEJU;0.885
166.50	169.50	DEJU;0.612
180.00	183.00	DEJU;0.567
52.50	57.00	DUFL;0.666
249.00	252.00	EAME;0.594
27.00	31.50	FOSP;0.955
39.00	43.50	FOSP;0.631
228.00	232.50	FOSP;0.535
238.50	243.00	FOSP;0.967
249.00	255.00	FOSP;0.946
262.50	268.50	FOSP;0.980
294.00	297.00	GRCA;0.594
123.00	127.50	GWTE;0.635
177.00	180.00	HAFL;0.695
4.50	9.00	HETH;0.984
19.50	27.00	HETH;0.925
90.00	93.00	HETH;0.709
19.50	22.50	HOLA;0.522
231.00	234.00	HOLA;0.526
214.50	217.50	HOWR;0.524
3.00	6.00	LALO;0.685
0.00	4.50	LISP;0.912
16.50	21.00	LISP;0.920
31.50	37.50	LISP;0.841
49.50	54.00	LISP;0.601
66.00	70.50	LISP;0.777
82.50	87.00	LISP;0.767
99.00	103.50	LISP;0.976
115.50	121.50	LISP;0.945
132.00	136.50	LISP;0.925
148.50	153.00	LISP;0.927
163.50	168.00	LISP;0.700
180.00	186.00	LISP;0.964
196.50	201.00	LISP;0.901
211.50	217.50	LISP;0.917
228.00	234.00	LISP;0.865
243.00	249.00	LISP;0.866
259.50	265.50	LISP;0.860
274.50	280.50	LISP;0.950
291.00	295.50	LISP;0.893
7.50	13.50	MOCH;0.874
19.50	28.50	MOCH;0.500
66.00	69.00	MOCH;0.500
112.50	115.50	MOCH;0.500
144.00	148.50	MOCH;0.950
151.50	156.00	MOCH;0.619
168.00	171.00	MOCH;0.500
207.00	213.00	MOCH;0.831
214.50	219.00	MOCH;0.816
151.50	154.50	NESP;0.505
228.00	232.50	OROR;0.620
249.00	252.00	PUFI;0.582
37.50	40.50	RECR;0.642
237.00	240.00	RECR;0.643
229.50	234.00	ROWR;0.839
85.50	88.50	RUTU;0.630
72.00	75.00	RUBL;0.933
193.50	198.00	RUBL;0.907
45.00	49.50	SAND;0.606
39.00	43.50	SNBU;0.806
240.00	243.00	SNBU;0.617
228.00	231.00	SOSA;0.664
243.00	246.00	SOSA;0.565
76.50	82.50	VATH;0.950
151.50	154.50	VATH;0.500
172.50	177.00	VATH;0.908
232.50	235.50	VATH;0.500
253.50	258.00	VATH;0.988
283.50	291.00	VATH;0.975
25.50	28.50	WTSP;0.579
36.00	39.00	WTSP;0.525
63.00	67.50	WTSP;0.977
21.00	24.00	WIWA;0.606
