46.50	49.50	AMDI;0.574
229.50	232.50	AMDI;0.514
291.00	294.00	AMDI;0.794
367.50	370.50	AMDI;0.505
46.50	49.50	AMGP;0.597
481.50	484.50	BEKI;0.549
21.00	24.00	BEWR;0.530
486.00	489.00	BCCH;0.611
426.00	429.00	CAFI;0.556
234.00	237.00	CAVI;0.568
75.00	78.00	CHSW;0.549
226.50	231.00	CHSW;0.699
528.00	531.00	CHSW;0.684
543.00	546.00	CHSW;0.639
559.50	562.50	CHSW;0.508
573.00	576.00	CHSW;0.614
7.50	10.50	CHSP;0.500
46.50	49.50	CHSP;0.632
234.00	240.00	CHSP;0.954
285.00	292.50	CHSP;0.999
321.00	330.00	CHSP;0.995
337.50	343.50	CHSP;0.993
348.00	355.50	CHSP;0.998
360.00	366.00	CHSP;0.995
373.50	379.50	CHSP;0.980
382.50	390.00	CHSP;0.994
408.00	415.50	CHSP;0.991
490.50	493.50	CHSP;0.500
523.50	526.50	CHSP;0.500
540.00	543.00	CHSP;0.521
366.00	369.00	EAME;0.604
534.00	537.00	EAME;0.508
25.50	28.50	EATO;0.834
294.00	297.00	EATO;0.818
318.00	321.00	EATO;0.552
379.50	382.50	EATO;0.668
391.50	394.50	EATO;0.505
400.50	405.00	EVGR;0.560
579.00	582.00	EVGR;0.518
156.00	159.00	FISP;0.758
3.00	9.00	FOSP;0.960
10.50	15.00	FOSP;0.874
18.00	24.00	FOSP;0.953
27.00	31.50	FOSP;0.962
36.00	40.50	FOSP;0.861
42.00	46.50	FOSP;0.926
54.00	60.00	FOSP;0.985
70.50	76.50	FOSP;0.958
100.50	106.50	FOSP;0.976
135.00	139.50	FOSP;0.975
150.00	154.50	FOSP;0.973
160.50	165.00	FOSP;0.500
166.50	171.00	FOSP;0.956
190.50	195.00	FOSP;0.937
208.50	214.50	FOSP;0.989
231.00	240.00	FOSP;0.988
267.00	271.50	FOSP;0.705
298.50	304.50	FOSP;0.903
319.50	324.00	FOSP;0.810
337.50	343.50	FOSP;0.568
352.50	361.50	FOSP;0.905
366.00	369.00	FOSP;0.500
370.50	375.00	FOSP;0.919
379.50	388.50	FOSP;0.980
391.50	397.50	FOSP;0.980
405.00	409.50	FOSP;0.862
442.50	447.00	FOSP;0.961
549.00	553.50	FOSP;0.749
555.00	559.50	FOSP;0.500
562.50	567.00	FOSP;0.500
585.00	589.50	FOSP;0.500
66.00	69.00	GCSP;0.683
78.00	82.50	GCSP;0.662
117.00	120.00	GCSP;0.645
144.00	147.00	GCSP;0.638
171.00	175.50	GCSP;0.750
265.50	268.50	GCSP;0.515
345.00	348.00	GCSP;0.549
453.00	456.00	GCSP;0.583
498.00	501.00	GCSP;0.630
511.50	514.50	GCSP;0.777
558.00	561.00	GCSP;0.564
568.50	573.00	GCSP;0.677
580.50	586.50	GCSP;0.703
441.00	444.00	GRCA;0.683
120.00	123.00	HASP;0.671
141.00	144.00	HASP;0.510
201.00	204.00	HASP;0.807
243.00	246.00	HASP;0.709
406.50	409.50	HASP;0.586
424.50	427.50	HASP;0.524
306.00	309.00	HETH;0.678
88.50	91.50	HOLA;0.591
40.50	43.50	HOFI;0.635
369.00	373.50	HOFI;0.643
390.00	393.00	HOWR;0.517
229.50	232.50	LASP;0.574
238.50	241.50	LASP;0.549
378.00	381.00	LASP;0.505
417.00	420.00	LASP;0.595
466.50	469.50	LASP;0.534
28.50	33.00	LISP;0.658
48.00	52.50	LISP;0.928
99.00	102.00	LISP;0.504
108.00	112.50	LISP;0.731
198.00	201.00	LISP;0.742
219.00	223.50	LISP;0.622
250.50	253.50	LISP;0.547
294.00	297.00	LISP;0.508
378.00	381.00	LISP;0.746
388.50	391.50	LISP;0.566
417.00	421.50	LISP;0.967
456.00	462.00	LISP;0.824
492.00	496.50	LISP;0.648
526.50	531.00	LISP;0.534
15.00	19.50	MOCH;0.500
30.00	37.50	MOCH;0.500
78.00	84.00	MOCH;0.600
91.50	96.00	MOCH;0.500
117.00	121.50	MOCH;0.500
139.50	142.50	MOCH;0.527
157.50	163.50	MOCH;0.500
169.50	174.00	MOCH;0.500
181.50	187.50	MOCH;0.500
205.50	210.00	MOCH;0.625
216.00	222.00	MOCH;0.747
225.00	228.00	MOCH;0.791
241.50	244.50	MOCH;0.500
256.50	259.50	MOCH;0.812
261.00	268.50	MOCH;0.563
270.00	273.00	MOCH;0.522
276.00	282.00	MOCH;0.674
295.50	298.50	MOCH;0.500
301.50	304.50	MOCH;0.500
312.00	315.00	MOCH;0.597
324.00	327.00	MOCH;0.500
331.50	337.50	MOCH;0.535
399.00	403.50	MOCH;0.882
409.50	412.50	MOCH;0.500
438.00	441.00	MOCH;0.542
454.50	457.50	MOCH;0.500
489.00	492.00	MOCH;0.533
498.00	501.00	MOCH;0.500
525.00	529.50	MOCH;0.572
535.50	541.50	MOCH;0.500
559.50	564.00	MOCH;0.500
568.50	574.50	MOCH;0.640
579.00	583.50	MOCH;0.541
45.00	48.00	NESP;0.571
70.50	73.50	NOCA;0.601
133.50	136.50	NOCA;0.657
364.50	367.50	NOCA;0.550
120.00	123.00	NSHR;0.508
501.00	504.00	NSHR;0.594
15.00	18.00	NOWA;0.764
90.00	94.50	NOWA;0.584
178.50	181.50	NOWA;0.749
195.00	198.00	NOWA;0.571
297.00	300.00	NOWA;0.605
429.00	432.00	NOWA;0.547
483.00	486.00	NOWA;0.647
339.00	343.50	OROR;0.737
406.50	409.50	OROR;0.506
58.50	69.00	PISI;0.999
78.00	102.00	PISI;0.996
108.00	114.00	PISI;0.982
115.50	120.00	PISI;0.500
198.00	202.50	PISI;0.626
280.50	288.00	PISI;0.951
313.50	318.00	PISI;0.983
327.00	334.50	PISI;0.951
345.00	349.50	PISI;0.991
352.50	358.50	PISI;0.936
469.50	474.00	PISI;0.894
586.50	600.00	PISI;0.998
18.00	21.00	PUFI;0.510
36.00	39.00	PUFI;0.591
54.00	57.00	PUFI;0.524
162.00	165.00	PUFI;0.514
481.50	484.50	PUFI;0.556
40.50	43.50	RECR;0.607
70.50	75.00	RECR;0.699
100.50	103.50	RECR;0.546
148.50	153.00	RECR;0.742
189.00	193.50	RECR;0.513
208.50	211.50	RECR;0.642
229.50	232.50	RECR;0.640
516.00	520.50	ROWR;0.818
448.50	451.50	RUTU;0.794
504.00	507.00	RUTU;0.506
577.50	580.50	SAPH;0.577
169.50	172.50	SCTA;0.539
10.50	15.00	SNBU;0.571
42.00	46.50	SNBU;0.647
160.50	165.00	SNBU;0.627
403.50	406.50	SNBU;0.622
541.50	546.00	SNBU;0.852
576.00	579.00	SNBU;0.582
405.00	408.00	SOSP;0.505
430.50	433.50	SOSP;0.544
127.50	132.00	SPSA;0.669
138.00	141.00	SPSA;0.621
165.00	168.00	SPSA;0.548
15.00	19.50	SWSP;0.617
34.50	37.50	SWSP;0.500
51.00	55.50	SWSP;0.932
58.50	63.00	SWSP;0.500
75.00	79.50	SWSP;0.845
90.00	93.00	SWSP;0.500
97.50	102.00	SWSP;0.679
118.50	121.50	SWSP;0.500
165.00	168.00	SWSP;0.500
180.00	184.50	SWSP;0.500
187.50	192.00	SWSP;0.926
256.50	261.00	SWSP;0.572
262.50	265.50	SWSP;0.500
274.50	279.00	SWSP;0.596
295.50	300.00	SWSP;0.866
438.00	442.50	SWSP;0.500
445.50	450.00	SWSP;0.809
469.50	472.50	SWSP;0.500
495.00	499.50	SWSP;0.766
507.00	511.50	SWSP;0.500
522.00	526.50	SWSP;0.613
531.00	534.00	SWSP;0.510
568.50	576.00	SWSP;0.500
588.00	591.00	SWSP;0.500
34.50	37.50	TEWA;0.500
66.00	70.50	TEWA;0.790
117.00	121.50	TEWA;0.500
126.00	130.50	TEWA;0.667
133.50	138.00	TEWA;0.574
153.00	157.50	TEWA;0.788
163.50	168.00	TEWA;0.733
178.50	184.50	TEWA;0.812
195.00	201.00	TEWA;0.961
202.50	208.50	TEWA;0.963
211.50	217.50	TEWA;0.904
220.50	225.00	TEWA;0.962
226.50	231.00	TEWA;0.500
240.00	246.00	TEWA;0.937
247.50	250.50	TEWA;0.500
255.00	259.50	TEWA;0.802
264.00	270.00	TEWA;0.971
271.50	279.00	TEWA;0.980
280.50	285.00	TEWA;0.576
286.50	291.00	TEWA;0.676
310.50	316.50	TEWA;0.980
318.00	324.00	TEWA;0.906
325.50	331.50	TEWA;0.964
334.50	340.50	TEWA;0.949
342.00	346.50	TEWA;0.944
349.50	354.00	TEWA;0.500
357.00	363.00	TEWA;0.837
364.50	370.50	TEWA;0.980
373.50	378.00	TEWA;0.831
381.00	387.00	TEWA;0.727
388.50	394.50	TEWA;0.978
396.00	400.50	TEWA;0.962
402.00	408.00	TEWA;0.666
411.00	417.00	TEWA;0.934
420.00	426.00	TEWA;0.964
429.00	435.00	TEWA;0.926
436.50	441.00	TEWA;0.877
444.00	450.00	TEWA;0.747
453.00	457.50	TEWA;0.586
460.50	465.00	TEWA;0.944
468.00	472.50	TEWA;0.818
475.50	480.00	TEWA;0.944
483.00	489.00	TEWA;0.961
492.00	496.50	TEWA;0.886
499.50	505.50	TEWA;0.893
507.00	513.00	TEWA;0.914
514.50	519.00	TEWA;0.973
520.50	526.50	TEWA;0.816
529.50	534.00	TEWA;0.848
537.00	543.00	TEWA;0.824
544.50	550.50	TEWA;0.966
552.00	558.00	TEWA;0.966
559.50	565.50	TEWA;0.980
567.00	580.50	TEWA;0.972
582.00	585.00	TEWA;0.598
591.00	595.50	TEWA;0.957
597.00	600.00	TEWA;0.500
415.50	418.50	TOSO;0.618
258.00	261.00	VATH;0.505
315.00	318.00	VATH;0.612
9.00	12.00	VESP;0.542
432.00	436.50	WEME;0.534
6.00	15.00	WCSP;0.818
31.50	36.00	WCSP;0.579
37.50	42.00	WCSP;0.616
43.50	48.00	WCSP;0.624
57.00	60.00	WCSP;0.500
66.00	70.50	WCSP;0.642
73.50	76.50	WCSP;0.500
79.50	84.00	WCSP;0.959
105.00	109.50	WCSP;0.966
130.50	135.00	WCSP;0.924
145.50	150.00	WCSP;0.991
157.50	162.00	WCSP;0.850
183.00	189.00	WCSP;0.896
241.50	246.00	WCSP;0.849
253.50	258.00	WCSP;0.994
265.50	268.50	WCSP;0.630
276.00	282.00	WCSP;0.500
289.50	295.50	WCSP;0.708
300.00	304.50	WCSP;0.500
346.50	351.00	WCSP;0.931
369.00	372.00	WCSP;0.949
373.50	376.50	WCSP;0.500
427.50	432.00	WCSP;0.967
439.50	447.00	WCSP;0.995
453.00	457.50	WCSP;0.880
463.50	469.50	WCSP;0.977
477.00	481.50	WCSP;0.805
487.50	492.00	WCSP;0.917
499.50	504.00	WCSP;0.979
513.00	517.50	WCSP;0.955
525.00	529.50	WCSP;0.500
537.00	541.50	WCSP;0.687
547.50	553.50	WCSP;0.977
556.50	561.00	WCSP;0.500
562.50	567.00	WCSP;0.500
568.50	576.00	WCSP;0.969
583.50	588.00	WCSP;0.808
592.50	600.00	WCSP;0.832
0.00	10.50	WTSP;0.837
16.50	21.00	WTSP;0.955
30.00	34.50	WTSP;0.713
66.00	70.50	WTSP;0.500
93.00	96.00	WTSP;0.500
111.00	127.50	WTSP;0.996
129.00	136.50	WTSP;0.979
139.50	148.50	WTSP;0.997
153.00	162.00	WTSP;0.992
171.00	175.50	WTSP;0.566
181.50	187.50	WTSP;0.992
193.50	198.00	WTSP;0.998
201.00	210.00	WTSP;0.978
216.00	220.50	WTSP;0.899
222.00	228.00	WTSP;0.996
237.00	252.00	WTSP;0.990
258.00	276.00	WTSP;0.997
288.00	291.00	WTSP;0.500
292.50	295.50	WTSP;0.500
309.00	321.00	WTSP;0.993
331.50	337.50	WTSP;0.979
346.50	349.50	WTSP;0.500
360.00	370.50	WTSP;0.965
375.00	381.00	WTSP;0.714
394.50	405.00	WTSP;0.960
406.50	412.50	WTSP;0.962
415.50	420.00	WTSP;0.952
424.50	432.00	WTSP;0.917
451.50	456.00	WTSP;0.500
486.00	490.50	WTSP;0.500
498.00	501.00	WTSP;0.529
511.50	516.00	WTSP;0.500
526.50	529.50	WTSP;0.500
535.50	540.00	WTSP;0.773
558.00	562.50	WTSP;0.906
568.50	574.50	WTSP;0.714
579.00	586.50	WTSP;0.802
594.00	598.50	WTSP;0.500
360.00	363.00	WIFL;0.674
445.50	448.50	WIFL;0.720
282.00	285.00	YEWA;0.555
219.00	222.00	YRWA;0.836
262.50	265.50	YRWA;0.892
