0.00	37.50	AMRO;0.981
39.00	91.50	AMRO;0.991
93.00	133.50	AMRO;0.987
21.00	24.00	ATSP;0.502
25.50	28.50	ATSP;0.520
49.50	52.50	ATSP;0.705
291.00	294.00	ATSP;0.581
36.00	39.00	BAOR;0.508
103.50	108.00	BAOR;0.601
64.50	67.50	BBPL;0.605
123.00	126.00	BBPL;0.519
238.50	243.00	BCCH;0.737
102.00	105.00	BHGR;0.545
237.00	240.00	CHSW;0.528
255.00	261.00	CHSW;0.633
276.00	279.00	CHSW;0.581
123.00	126.00	CHSP;0.553
111.00	114.00	CCSP;0.554
120.00	123.00	CCSP;0.664
61.50	64.50	DUNL;0.602
40.50	43.50	EABL;0.651
151.50	154.50	FOSP;0.678
178.50	181.50	FOSP;0.731
202.50	207.00	FOSP;0.617
249.00	252.00	FOSP;0.573
163.50	166.50	GCSP;0.863
130.50	133.50	GRCA;0.588
57.00	61.50	GWTE;0.599
157.50	160.50	HASP;0.663
283.50	286.50	HASP;0.592
4.50	7.50	MOCH;0.546
136.50	139.50	MOCH;0.576
166.50	169.50	MOCH;0.544
175.50	178.50	MOCH;0.986
199.50	202.50	MOCH;0.555
244.50	247.50	MOCH;0.838
295.50	298.50	MOCH;0.551
91.50	96.00	NAWA;0.827
132.00	136.50	NAWA;0.642
48.00	51.00	OSFL;0.555
37.50	40.50	PIGR;0.600
25.50	28.50	REVI;0.563
61.50	64.50	ROWR;0.582
42.00	45.00	RBGR;0.514
19.50	22.50	SCTA;0.512
93.00	97.50	SBDO;0.683
82.50	87.00	SNBU;0.793
238.50	241.50	SNBU;0.672
13.50	16.50	SOSA;0.500
33.00	37.50	SOSA;0.685
39.00	43.50	SOSA;0.782
54.00	58.50	SOSA;0.800
168.00	172.50	SOSA;0.886
183.00	187.50	SOSA;0.941
196.50	199.50	SOSA;0.500
222.00	226.50	SOSA;0.500
232.50	237.00	SOSA;0.906
244.50	247.50	SOSA;0.500
253.50	258.00	SOSA;0.856
264.00	268.50	SOSA;0.626
273.00	277.50	SOSA;0.756
282.00	286.50	SOSA;0.500
291.00	295.50	SOSA;0.915
1.50	6.00	SOSP;0.522
9.00	13.50	SOSP;0.500
15.00	54.00	SOSP;0.877
268.50	273.00	SOSP;0.500
16.50	21.00	SUTA;0.740
34.50	37.50	SUTA;0.513
99.00	103.50	SUTA;0.614
48.00	51.00	SWSP;0.541
183.00	186.00	SWSP;0.589
223.50	226.50	SWSP;0.613
102.00	105.00	TOSO;0.530
150.00	154.50	VATH;0.872
183.00	187.50	VATH;0.744
139.50	144.00	WEFL;0.615
15.00	21.00	WCSP;0.500
25.50	34.50	WCSP;0.721
42.00	48.00	WCSP;0.500
51.00	60.00	WCSP;0.990
66.00	70.50	WCSP;0.987
78.00	82.50	WCSP;0.948
88.50	94.50	WCSP;0.990
96.00	102.00	WCSP;0.796
108.00	114.00	WCSP;0.858
117.00	123.00	WCSP;0.985
127.50	142.50	WCSP;0.986
145.50	150.00	WCSP;0.994
196.50	199.50	WCSP;0.542
207.00	210.00	WCSP;0.500
211.50	214.50	WCSP;0.500
226.50	231.00	WCSP;0.895
268.50	273.00	WCSP;0.590
6.00	13.50	WTSP;0.610
18.00	22.50	WTSP;0.892
34.50	39.00	WTSP;0.500
42.00	49.50	WTSP;0.728
108.00	112.50	WTSP;0.646
117.00	120.00	WTSP;0.512
135.00	144.00	WTSP;0.959
153.00	169.50	WTSP;0.992
171.00	178.50	WTSP;0.996
180.00	186.00	WTSP;0.990
190.50	205.50	WTSP;0.994
211.50	222.00	WTSP;0.994
241.50	246.00	WTSP;0.984
258.00	273.00	WTSP;0.997
274.50	280.50	WTSP;0.992
282.00	288.00	WTSP;0.889
292.50	298.50	WTSP;0.998
9.00	13.50	WIWA;0.969
28.50	33.00	WIWA;0.500
63.00	67.50	WIWA;0.976
75.00	79.50	WIWA;0.948
100.50	105.00	WIWA;0.983
111.00	115.50	WIWA;0.988
121.50	126.00	WIWA;0.954
130.50	135.00	WIWA;0.972
141.00	147.00	WIWA;0.958
156.00	160.50	WIWA;0.986
169.50	174.00	WIWA;0.984
181.50	186.00	WIWA;0.862
192.00	196.50	WIWA;0.987
202.50	208.50	WIWA;0.921
211.50	217.50	WIWA;0.824
220.50	226.50	WIWA;0.958
234.00	238.50	WIWA;0.988
246.00	250.50	WIWA;0.813
255.00	261.00	WIWA;0.849
267.00	271.50	WIWA;0.895
277.50	282.00	WIWA;0.967
286.50	292.50	WIWA;0.987
297.00	300.00	WIWA;0.779
