72.00	78.00	ATSP;0.921
271.50	276.00	BTNW;0.652
7.50	12.00	CHSP;0.923
22.50	27.00	CHSP;0.534
28.50	34.50	CHSP;0.808
42.00	48.00	CHSP;0.783
49.50	55.50	CHSP;0.840
67.50	72.00	CHSP;0.796
75.00	79.50	CHSP;0.953
82.50	88.50	CHSP;0.743
90.00	94.50	CHSP;0.711
97.50	102.00	CHSP;0.939
106.50	111.00	CHSP;0.918
114.00	118.50	CHSP;0.742
121.50	126.00	CHSP;0.919
129.00	133.50	CHSP;0.949
145.50	150.00	CHSP;0.754
153.00	157.50	CHSP;0.500
160.50	165.00	CHSP;0.597
168.00	172.50	CHSP;0.500
183.00	189.00	CHSP;0.766
192.00	196.50	CHSP;0.931
199.50	204.00	CHSP;0.500
217.50	222.00	CHSP;0.631
240.00	246.00	CHSP;0.940
249.00	253.50	CHSP;0.659
256.50	259.50	CHSP;0.672
273.00	276.00	CHSP;0.500
279.00	285.00	CHSP;0.850
286.50	292.50	CHSP;0.946
295.50	300.00	CHSP;0.500
295.50	300.00	DEJU;0.638
166.50	171.00	EAME;0.680
243.00	247.50	EAME;0.620
13.50	18.00	FOSP;0.798
124.50	129.00	FOSP;0.827
138.00	141.00	FOSP;0.579
150.00	153.00	FOSP;0.500
166.50	169.50	FOSP;0.644
178.50	183.00	FOSP;0.582
195.00	198.00	FOSP;0.938
214.50	219.00	FOSP;0.500
228.00	232.50	FOSP;0.726
243.00	247.50	FOSP;0.500
256.50	261.00	FOSP;0.828
264.00	267.00	KILL;0.556
61.50	66.00	LBDO;0.950
37.50	40.50	OCWA;0.595
156.00	159.00	OCWA;0.509
190.50	193.50	OCWA;0.570
202.50	205.50	OCWA;0.683
138.00	141.00	OROR;0.597
243.00	246.00	OROR;0.597
37.50	40.50	PAWA;0.536
106.50	109.50	PAWA;0.611
160.50	165.00	PAWA;0.779
168.00	172.50	PAWA;0.649
273.00	276.00	PAWA;0.604
286.50	292.50	PAWA;0.560
58.50	63.00	PISI;0.676
64.50	67.50	PISI;0.506
214.50	219.00	PUFI;0.729
76.50	81.00	RECR;0.617
96.00	99.00	RUTU;0.557
223.50	226.50	RUGR;0.509
213.00	216.00	RUBL;0.510
232.50	235.50	RUBL;0.546
262.50	267.00	RUBL;0.568
0.00	3.00	SNBU;0.893
13.50	18.00	SNBU;0.500
126.00	129.00	SNBU;0.537
136.50	141.00	SNBU;0.601
148.50	153.00	SNBU;0.838
178.50	184.50	SNBU;0.765
196.50	199.50	SNBU;0.500
214.50	219.00	SNBU;0.767
228.00	232.50	SNBU;0.500
243.00	247.50	SNBU;0.500
258.00	261.00	SNBU;0.500
73.50	78.00	WEFL;0.763
276.00	280.50	WEFL;0.909
