9.00	12.00	AMDI;0.548
184.50	189.00	AMDI;0.591
235.50	238.50	AMDI;0.610
255.00	258.00	AMDI;0.500
108.00	112.50	AMGP;0.539
3.00	6.00	AMRO;0.500
12.00	16.50	AMRO;0.613
19.50	25.50	AMRO;0.911
27.00	33.00	AMRO;0.964
34.50	43.50	AMRO;0.972
49.50	54.00	AMRO;0.500
55.50	72.00	AMRO;0.986
73.50	79.50	AMRO;0.760
81.00	96.00	AMRO;0.950
97.50	102.00	AMRO;0.682
105.00	109.50	AMRO;0.500
118.50	133.50	AMRO;0.928
136.50	147.00	AMRO;0.755
151.50	156.00	AMRO;0.857
157.50	168.00	AMRO;0.571
169.50	186.00	AMRO;0.805
198.00	201.00	AMRO;0.500
219.00	222.00	AMRO;0.500
226.50	231.00	AMRO;0.504
247.50	250.50	AMRO;0.581
255.00	259.50	AMRO;0.915
264.00	276.00	AMRO;0.500
277.50	286.50	AMRO;0.611
159.00	163.50	BAOR;0.638
247.50	250.50	BAOR;0.569
286.50	289.50	BAOR;0.555
163.50	166.50	BEWR;0.574
105.00	108.00	BLOY;0.534
153.00	157.50	BLOY;0.643
192.00	196.50	BLOY;0.626
294.00	297.00	BLTU;0.577
103.50	106.50	BBPL;0.606
198.00	201.00	DEJU;0.603
252.00	256.50	EAME;0.741
265.50	268.50	EAME;0.519
54.00	57.00	EATO;0.510
222.00	225.00	EATO;0.698
91.50	94.50	FISP;0.705
112.50	115.50	FISP;0.711
156.00	162.00	FISP;0.611
181.50	184.50	FISP;0.527
208.50	211.50	FISP;0.556
219.00	223.50	FISP;0.575
231.00	235.50	FISP;0.763
246.00	249.00	FISP;0.698
286.50	289.50	FISP;0.513
18.00	21.00	FOSP;0.500
114.00	120.00	FOSP;0.835
132.00	136.50	FOSP;0.666
150.00	154.50	FOSP;0.586
166.50	169.50	FOSP;0.500
195.00	199.50	FOSP;0.797
205.50	214.50	FOSP;0.744
223.50	228.00	FOSP;0.920
231.00	241.50	FOSP;0.940
253.50	262.50	FOSP;0.754
273.00	277.50	FOSP;0.756
279.00	283.50	FOSP;0.500
288.00	294.00	FOSP;0.775
43.50	46.50	GCSP;0.506
147.00	150.00	GCSP;0.525
154.50	159.00	GCSP;0.782
160.50	165.00	GCSP;0.784
174.00	177.00	GCSP;0.589
207.00	210.00	GCSP;0.514
259.50	262.50	HASP;0.527
9.00	13.50	LISP;0.657
21.00	25.50	LISP;0.500
46.50	49.50	LISP;0.500
63.00	67.50	LISP;0.742
81.00	85.50	LISP;0.729
118.50	121.50	LISP;0.500
129.00	133.50	LISP;0.624
141.00	144.00	LISP;0.846
151.50	156.00	LISP;0.856
163.50	166.50	LISP;0.500
172.50	177.00	LISP;0.959
184.50	189.00	LISP;0.728
196.50	199.50	LISP;0.811
205.50	210.00	LISP;0.500
216.00	220.50	LISP;0.954
226.50	231.00	LISP;0.695
235.50	238.50	LISP;0.724
246.00	250.50	LISP;0.500
256.50	259.50	LISP;0.663
268.50	271.50	LISP;0.500
3.00	7.50	MAMU;0.520
18.00	21.00	MAMU;0.528
115.50	120.00	MAMU;0.748
157.50	160.50	MAMU;0.563
186.00	189.00	MAMU;0.613
201.00	204.00	MAMU;0.555
12.00	15.00	MOCH;0.575
48.00	51.00	MOCH;0.518
81.00	84.00	MOCH;0.813
103.50	106.50	MOCH;0.640
150.00	153.00	MOCH;0.501
204.00	207.00	MOCH;0.980
210.00	213.00	MOCH;0.652
286.50	289.50	MOCH;0.521
210.00	214.50	OROR;0.674
273.00	277.50	OROR;0.634
186.00	190.50	PIGR;0.779
18.00	21.00	PUFI;0.510
63.00	66.00	PUFI;0.543
132.00	135.00	PUFI;0.550
208.50	211.50	PUFI;0.708
219.00	222.00	PUFI;0.558
256.50	261.00	PUFI;0.832
273.00	276.00	PUFI;0.580
13.50	18.00	RBGR;0.908
19.50	22.50	RBGR;0.575
67.50	72.00	RBGR;0.747
82.50	87.00	RBGR;0.772
165.00	168.00	SAPH;0.582
294.00	298.50	SAPH;0.924
280.50	283.50	SNBU;0.598
84.00	87.00	SUTA;0.574
57.00	60.00	TOSO;0.539
76.50	81.00	TOSO;0.615
85.50	88.50	TUTI;0.540
96.00	99.00	VATH;0.517
195.00	199.50	VESP;0.677
72.00	75.00	WEGR;0.509
0.00	4.50	WCSP;0.988
15.00	19.50	WCSP;0.990
27.00	31.50	WCSP;0.981
40.50	49.50	WCSP;0.757
58.50	63.00	WCSP;0.990
78.00	82.50	WCSP;0.500
93.00	97.50	WCSP;0.848
105.00	109.50	WCSP;0.986
111.00	115.50	WCSP;0.966
118.50	123.00	WCSP;0.982
126.00	129.00	WCSP;0.500
133.50	141.00	WCSP;0.947
147.00	151.50	WCSP;0.963
160.50	165.00	WCSP;0.963
175.50	180.00	WCSP;0.992
187.50	193.50	WCSP;0.982
201.00	205.50	WCSP;0.991
213.00	225.00	WCSP;0.996
226.50	232.50	WCSP;0.985
240.00	246.00	WCSP;0.997
250.50	256.50	WCSP;0.874
261.00	265.50	WCSP;0.981
276.00	280.50	WCSP;0.991
288.00	294.00	WCSP;0.810
0.00	18.00	WTSP;0.996
19.50	30.00	WTSP;0.990
31.50	36.00	WTSP;0.893
37.50	61.50	WTSP;0.994
66.00	73.50	WTSP;0.994
76.50	84.00	WTSP;0.996
88.50	106.50	WTSP;0.995
109.50	118.50	WTSP;0.916
121.50	141.00	WTSP;0.994
145.50	153.00	WTSP;0.964
160.50	163.50	WTSP;0.500
171.00	198.00	WTSP;0.989
201.00	216.00	WTSP;0.927
217.50	222.00	WTSP;0.785
225.00	235.50	WTSP;0.918
240.00	255.00	WTSP;0.991
259.50	268.50	WTSP;0.997
270.00	282.00	WTSP;0.991
283.50	289.50	WTSP;0.991
297.00	300.00	WTSP;0.991
169.50	172.50	WILL;0.503
