286.50	289.50	AMAV;0.592
46.50	49.50	AMDI;0.617
73.50	76.50	AMDI;0.529
243.00	246.00	AMDI;0.547
52.50	55.50	AMGP;0.573
78.00	82.50	AMGP;0.851
0.00	4.50	AMRO;0.717
6.00	12.00	AMRO;0.849
28.50	42.00	AMRO;0.989
48.00	52.50	AMRO;0.969
54.00	58.50	AMRO;0.500
61.50	67.50	AMRO;0.991
70.50	79.50	AMRO;0.978
118.50	127.50	AMRO;0.948
183.00	187.50	AMRO;0.500
244.50	264.00	AMRO;0.990
267.00	274.50	AMRO;0.992
276.00	282.00	AMRO;0.841
283.50	288.00	AMRO;0.901
289.50	295.50	AMRO;0.898
9.00	12.00	BAOR;0.704
55.50	60.00	BAOR;0.904
292.50	295.50	BAOR;0.668
208.50	211.50	BEWR;0.609
129.00	133.50	BCCH;0.801
61.50	64.50	BHGR;0.529
3.00	6.00	BTNW;0.589
27.00	30.00	BTNW;0.500
52.50	57.00	BTNW;0.500
61.50	66.00	BTNW;0.500
84.00	87.00	BTNW;0.500
91.50	94.50	BTNW;0.567
108.00	111.00	BTNW;0.500
115.50	120.00	BTNW;0.583
141.00	144.00	BTNW;0.891
150.00	153.00	BTNW;0.500
154.50	157.50	BTNW;0.500
180.00	183.00	BTNW;0.500
189.00	193.50	BTNW;0.902
196.50	201.00	BTNW;0.737
205.50	210.00	BTNW;0.869
214.50	217.50	BTNW;0.521
222.00	226.50	BTNW;0.500
231.00	234.00	BTNW;0.500
249.00	252.00	BTNW;0.562
258.00	261.00	BTNW;0.766
276.00	280.50	BTNW;0.713
286.50	289.50	BTNW;0.500
294.00	297.00	BTNW;0.500
82.50	85.50	BHVI;0.557
7.50	12.00	BRSP;0.672
94.50	97.50	BRSP;0.854
183.00	187.50	BRSP;0.562
199.50	202.50	BRSP;0.577
259.50	264.00	BRSP;0.818
279.00	282.00	BRSP;0.559
33.00	37.50	CAFI;0.692
15.00	19.50	CHSP;0.590
40.50	43.50	CHSP;0.603
49.50	54.00	CHSP;0.542
87.00	91.50	CHSP;0.796
145.50	150.00	CHSP;0.625
186.00	190.50	CHSP;0.687
58.50	61.50	DEJU;0.560
111.00	114.00	DEJU;0.523
15.00	18.00	EAME;0.575
217.50	220.50	EAME;0.564
219.00	222.00	FOSP;0.518
180.00	183.00	GCSP;0.589
228.00	232.50	HASP;0.670
27.00	30.00	HETH;0.604
91.50	94.50	HETH;0.706
129.00	133.50	HETH;0.732
264.00	267.00	HETH;0.657
87.00	90.00	HOFI;0.539
57.00	60.00	LALO;0.548
60.00	63.00	LASP;0.532
18.00	22.50	LISP;0.925
31.50	36.00	LISP;0.581
45.00	49.50	LISP;0.973
60.00	63.00	LISP;0.500
72.00	76.50	LISP;0.591
87.00	90.00	LISP;0.500
99.00	103.50	LISP;0.969
112.50	115.50	LISP;0.500
138.00	142.50	LISP;0.710
204.00	207.00	MOCH;0.552
222.00	225.00	MOCH;0.538
267.00	270.00	MOCH;0.606
0.00	6.00	PISI;0.967
75.00	79.50	PISI;0.938
81.00	85.50	PISI;0.821
151.50	174.00	PISI;0.997
222.00	232.50	PISI;0.988
234.00	243.00	PISI;0.747
127.50	130.50	RWBL;0.614
277.50	282.00	RBGR;0.806
274.50	277.50	RUTU;0.537
18.00	21.00	RUGR;0.522
148.50	154.50	RUBL;0.684
171.00	174.00	RUBL;0.952
222.00	225.00	RUBL;0.692
265.50	268.50	SBDO;0.594
219.00	222.00	SNBU;0.641
243.00	246.00	SNBU;0.569
90.00	93.00	SPSA;0.575
100.50	103.50	SPGR;0.524
6.00	9.00	TOSO;0.551
166.50	169.50	TOWA;0.548
195.00	198.00	WEME;0.698
3.00	7.50	WCSP;0.974
12.00	16.50	WCSP;0.981
19.50	24.00	WCSP;0.982
27.00	33.00	WCSP;0.973
36.00	40.50	WCSP;0.968
43.50	48.00	WCSP;0.957
52.50	58.50	WCSP;0.966
61.50	66.00	WCSP;0.772
70.50	75.00	WCSP;0.970
84.00	88.50	WCSP;0.974
91.50	96.00	WCSP;0.965
100.50	105.00	WCSP;0.974
108.00	112.50	WCSP;0.983
115.50	121.50	WCSP;0.981
124.50	129.00	WCSP;0.991
133.50	138.00	WCSP;0.984
141.00	147.00	WCSP;0.983
154.50	160.50	WCSP;0.982
163.50	168.00	WCSP;0.892
172.50	177.00	WCSP;0.985
180.00	186.00	WCSP;0.960
189.00	195.00	WCSP;0.974
196.50	201.00	WCSP;0.881
205.50	211.50	WCSP;0.974
214.50	220.50	WCSP;0.983
223.50	228.00	WCSP;0.972
231.00	235.50	WCSP;0.986
240.00	246.00	WCSP;0.987
250.50	255.00	WCSP;0.977
258.00	264.00	WCSP;0.979
268.50	273.00	WCSP;0.839
276.00	280.50	WCSP;0.964
285.00	289.50	WCSP;0.976
294.00	298.50	WCSP;0.977
