537.00	540.00	AMAV;0.516
205.50	208.50	AMGP;0.501
427.50	430.50	AMGP;0.624
124.50	129.00	AGOL;0.608
4.50	9.00	AMRO;0.780
18.00	30.00	AMRO;0.623
43.50	48.00	AMRO;0.500
51.00	57.00	AMRO;0.866
66.00	70.50	AMRO;0.632
81.00	85.50	AMRO;0.697
93.00	102.00	AMRO;0.937
108.00	112.50	AMRO;0.758
120.00	126.00	AMRO;0.820
130.50	141.00	AMRO;0.530
142.50	151.50	AMRO;0.882
153.00	160.50	AMRO;0.524
163.50	166.50	AMRO;0.500
168.00	181.50	AMRO;0.846
183.00	195.00	AMRO;0.783
205.50	210.00	AMRO;0.533
225.00	228.00	AMRO;0.500
231.00	244.50	AMRO;0.617
249.00	252.00	AMRO;0.500
253.50	259.50	AMRO;0.524
264.00	268.50	AMRO;0.500
270.00	276.00	AMRO;0.684
277.50	291.00	AMRO;0.901
295.50	298.50	AMRO;0.500
312.00	316.50	AMRO;0.783
318.00	322.50	AMRO;0.762
345.00	352.50	AMRO;0.939
357.00	363.00	AMRO;0.967
364.50	369.00	AMRO;0.957
370.50	384.00	AMRO;0.958
385.50	397.50	AMRO;0.972
399.00	411.00	AMRO;0.645
412.50	417.00	AMRO;0.660
418.50	429.00	AMRO;0.961
432.00	447.00	AMRO;0.958
453.00	457.50	AMRO;0.500
460.50	472.50	AMRO;0.960
474.00	484.50	AMRO;0.707
486.00	493.50	AMRO;0.963
501.00	507.00	AMRO;0.857
510.00	531.00	AMRO;0.686
538.50	541.50	AMRO;0.627
576.00	579.00	AMRO;0.500
582.00	586.50	AMRO;0.631
75.00	79.50	BAOR;0.662
228.00	232.50	BAOR;0.723
441.00	444.00	BAOR;0.694
477.00	480.00	BAOR;0.579
535.50	538.50	BEWR;0.500
352.50	357.00	BLOY;0.584
390.00	394.50	BLOY;0.542
259.50	264.00	BCCH;0.785
274.50	279.00	BCCH;0.515
369.00	373.50	BCCH;0.541
394.50	397.50	BCCH;0.547
400.50	403.50	BCCH;0.526
426.00	430.50	BCCH;0.555
444.00	448.50	BCCH;0.666
547.50	550.50	BCCH;0.556
553.50	556.50	BCCH;0.581
412.50	415.50	BHGR;0.542
210.00	213.00	BTNW;0.531
271.50	274.50	BRSP;0.616
382.50	385.50	BRSP;0.694
114.00	118.50	CAFI;0.609
196.50	201.00	CAFI;0.671
55.50	58.50	CHSW;0.614
0.00	4.50	CHSP;0.937
6.00	16.50	CHSP;0.980
19.50	31.50	CHSP;0.996
33.00	39.00	CHSP;0.966
42.00	46.50	CHSP;0.824
49.50	54.00	CHSP;0.907
58.50	69.00	CHSP;0.805
75.00	78.00	CHSP;0.500
79.50	85.50	CHSP;0.933
87.00	93.00	CHSP;0.898
96.00	100.50	CHSP;0.922
103.50	108.00	CHSP;0.941
111.00	117.00	CHSP;0.924
120.00	130.50	CHSP;0.906
135.00	139.50	CHSP;0.500
141.00	148.50	CHSP;0.636
150.00	156.00	CHSP;0.941
157.50	162.00	CHSP;0.614
165.00	169.50	CHSP;0.975
174.00	178.50	CHSP;0.831
180.00	186.00	CHSP;0.855
189.00	196.50	CHSP;0.925
198.00	204.00	CHSP;0.959
207.00	211.50	CHSP;0.947
214.50	219.00	CHSP;0.936
222.00	226.50	CHSP;0.905
229.50	234.00	CHSP;0.922
235.50	241.50	CHSP;0.934
243.00	249.00	CHSP;0.895
250.50	256.50	CHSP;0.918
259.50	262.50	CHSP;0.502
265.50	271.50	CHSP;0.914
273.00	277.50	CHSP;0.961
280.50	285.00	CHSP;0.767
288.00	294.00	CHSP;0.805
295.50	300.00	CHSP;0.818
303.00	309.00	CHSP;0.887
355.50	360.00	CHSP;0.651
363.00	367.50	CHSP;0.520
369.00	373.50	CHSP;0.586
381.00	385.50	CHSP;0.862
387.00	391.50	CHSP;0.824
403.50	409.50	CHSP;0.674
412.50	418.50	CHSP;0.973
420.00	426.00	CHSP;0.877
427.50	433.50	CHSP;0.913
435.00	465.00	CHSP;0.971
466.50	472.50	CHSP;0.964
474.00	478.50	CHSP;0.983
480.00	486.00	CHSP;0.918
498.00	502.50	CHSP;0.617
516.00	520.50	CHSP;0.657
535.50	538.50	CHSP;0.500
553.50	556.50	CHSP;0.500
561.00	567.00	CHSP;0.613
570.00	574.50	CHSP;0.502
585.00	589.50	CHSP;0.500
597.00	600.00	CHSP;0.789
1.50	4.50	DEJU;0.585
15.00	18.00	DEJU;0.500
19.50	22.50	DEJU;0.500
28.50	33.00	DEJU;0.808
43.50	46.50	DEJU;0.537
51.00	54.00	DEJU;0.515
58.50	63.00	DEJU;0.861
75.00	79.50	DEJU;0.789
82.50	85.50	DEJU;0.500
88.50	91.50	DEJU;0.500
94.50	100.50	DEJU;0.500
106.50	109.50	DEJU;0.750
120.00	126.00	DEJU;0.708
141.00	144.00	DEJU;0.500
150.00	156.00	DEJU;0.522
157.50	163.50	DEJU;0.684
168.00	171.00	DEJU;0.551
174.00	178.50	DEJU;0.500
180.00	186.00	DEJU;0.652
189.00	193.50	DEJU;0.500
195.00	204.00	DEJU;0.667
213.00	216.00	DEJU;0.503
228.00	231.00	DEJU;0.500
238.50	241.50	DEJU;0.500
243.00	249.00	DEJU;0.844
250.50	256.50	DEJU;0.610
258.00	264.00	DEJU;0.972
267.00	271.50	DEJU;0.720
276.00	279.00	DEJU;0.747
280.50	286.50	DEJU;0.922
288.00	294.00	DEJU;0.690
295.50	301.50	DEJU;0.731
303.00	309.00	DEJU;0.591
355.50	360.00	DEJU;0.500
363.00	367.50	DEJU;0.912
388.50	391.50	DEJU;0.500
394.50	399.00	DEJU;0.500
415.50	418.50	DEJU;0.500
438.00	441.00	DEJU;0.500
444.00	448.50	DEJU;0.500
453.00	462.00	DEJU;0.607
472.50	475.50	DEJU;0.500
481.50	486.00	DEJU;0.645
504.00	508.50	DEJU;0.500
546.00	549.00	DEJU;0.500
553.50	558.00	DEJU;0.726
561.00	567.00	DEJU;0.824
577.50	583.50	DEJU;0.500
585.00	588.00	DEJU;0.500
597.00	600.00	DEJU;0.500
63.00	66.00	EABL;0.654
532.50	535.50	EAME;0.515
544.50	547.50	EATO;0.533
39.00	42.00	EUST;0.509
36.00	40.50	FOSP;0.912
180.00	184.50	FOSP;0.510
201.00	207.00	FOSP;0.953
208.50	213.00	FOSP;0.514
307.50	312.00	FOSP;0.914
322.50	327.00	FOSP;0.949
522.00	526.50	FOSP;0.540
534.00	537.00	FOSP;0.606
27.00	30.00	GOEA;0.539
30.00	34.50	GCSP;0.618
46.50	49.50	GCSP;0.500
61.50	66.00	GCSP;0.500
76.50	81.00	GCSP;0.567
94.50	97.50	GCSP;0.570
159.00	163.50	GCSP;0.903
175.50	180.00	GCSP;0.894
190.50	195.00	GCSP;0.535
210.00	213.00	GCSP;0.500
226.50	231.00	GCSP;0.780
241.50	246.00	GCSP;0.829
256.50	261.00	GCSP;0.826
279.00	283.50	GCSP;0.500
286.50	291.00	GCSP;0.500
304.50	309.00	GCSP;0.738
319.50	328.50	GCSP;0.568
373.50	378.00	GCSP;0.885
390.00	393.00	GCSP;0.500
418.50	421.50	GCSP;0.781
436.50	439.50	GCSP;0.500
451.50	454.50	GCSP;0.500
469.50	472.50	GCSP;0.623
484.50	489.00	GCSP;0.763
501.00	505.50	GCSP;0.500
519.00	523.50	GCSP;0.848
532.50	535.50	GCSP;0.500
6.00	10.50	GWTE;0.628
19.50	22.50	GWTE;0.652
130.50	133.50	GWTE;0.565
163.50	168.00	GWTE;0.842
235.50	240.00	GWTE;0.612
288.00	292.50	GWTE;0.636
345.00	349.50	GWTE;0.798
378.00	381.00	GWTE;0.652
387.00	391.50	GWTE;0.554
420.00	423.00	GWTE;0.533
457.50	462.00	GWTE;0.563
475.50	478.50	GWTE;0.677
583.50	586.50	GWTE;0.525
135.00	142.50	HETH;0.825
184.50	189.00	HETH;0.610
193.50	196.50	HETH;0.840
211.50	225.00	HETH;0.967
232.50	235.50	HETH;0.500
238.50	241.50	HETH;0.531
243.00	250.50	HETH;0.950
252.00	259.50	HETH;0.793
261.00	273.00	HETH;0.950
274.50	283.50	HETH;0.805
289.50	295.50	HETH;0.873
298.50	306.00	HETH;0.760
310.50	319.50	HETH;0.895
328.50	331.50	HETH;0.500
340.50	346.50	HETH;0.688
351.00	361.50	HETH;0.790
363.00	366.00	HETH;0.514
367.50	373.50	HETH;0.936
379.50	393.00	HETH;0.573
394.50	408.00	HETH;0.830
420.00	424.50	HETH;0.500
429.00	433.50	HETH;0.516
436.50	442.50	HETH;0.608
444.00	456.00	HETH;0.957
478.50	481.50	HETH;0.626
484.50	492.00	HETH;0.761
495.00	507.00	HETH;0.990
510.00	514.50	HETH;0.508
516.00	520.50	HETH;0.891
526.50	537.00	HETH;0.940
546.00	561.00	HETH;0.977
562.50	573.00	HETH;0.976
585.00	589.50	HETH;0.953
597.00	600.00	HETH;0.901
559.50	564.00	LESA;0.588
4.50	7.50	LISP;0.644
69.00	72.00	LISP;0.662
211.50	214.50	LISP;0.625
349.50	354.00	LISP;0.766
406.50	409.50	LISP;0.548
592.50	595.50	LISP;0.796
277.50	282.00	MAMU;0.590
292.50	297.00	MAMU;0.663
313.50	318.00	MAMU;0.715
382.50	387.00	MAMU;0.607
393.00	396.00	MAMU;0.537
337.50	342.00	MOBL;0.707
138.00	142.50	MOCH;0.541
157.50	162.00	MOCH;0.500
184.50	189.00	MOCH;0.622
196.50	202.50	MOCH;0.500
216.00	223.50	MOCH;0.602
225.00	228.00	MOCH;0.500
244.50	247.50	MOCH;0.500
262.50	265.50	MOCH;0.552
270.00	273.00	MOCH;0.500
276.00	282.00	MOCH;0.709
291.00	295.50	MOCH;0.561
301.50	306.00	MOCH;0.763
307.50	310.50	MOCH;0.500
315.00	318.00	MOCH;0.500
322.50	330.00	MOCH;0.500
339.00	346.50	MOCH;0.720
351.00	355.50	MOCH;0.668
363.00	369.00	MOCH;0.591
381.00	387.00	MOCH;0.500
396.00	408.00	MOCH;0.781
411.00	414.00	MOCH;0.500
420.00	424.50	MOCH;0.500
429.00	433.50	MOCH;0.812
435.00	442.50	MOCH;0.928
447.00	451.50	MOCH;0.526
471.00	475.50	MOCH;0.918
487.50	490.50	MOCH;0.697
510.00	514.50	MOCH;0.748
516.00	520.50	MOCH;0.500
526.50	534.00	MOCH;0.824
537.00	540.00	MOCH;0.500
543.00	558.00	MOCH;0.845
565.50	570.00	MOCH;0.500
585.00	589.50	MOCH;0.536
15.00	18.00	OCWA;0.590
579.00	582.00	OCWA;0.550
1.50	4.50	PAWA;0.506
27.00	30.00	PAWA;0.510
79.50	82.50	PAWA;0.710
114.00	117.00	PAWA;0.579
144.00	147.00	PAWA;0.593
187.50	190.50	PAWA;0.792
250.50	253.50	PAWA;0.525
394.50	399.00	PAWA;0.652
405.00	408.00	PAWA;0.712
435.00	439.50	PAWA;0.670
586.50	589.50	PAWA;0.501
129.00	132.00	PIGR;0.594
181.50	184.50	PIGR;0.532
505.50	508.50	PISI;0.534
181.50	187.50	PUFI;0.674
595.50	598.50	RWBL;0.517
0.00	3.00	RBGU;0.647
46.50	51.00	RBGU;0.834
78.00	81.00	RBGU;0.726
337.50	342.00	RBGU;0.709
355.50	358.50	RBGU;0.639
96.00	99.00	RBGR;0.552
112.50	117.00	RBGR;0.532
250.50	253.50	RBGR;0.532
373.50	376.50	RBGR;0.522
397.50	402.00	RBGR;0.581
432.00	435.00	RBGR;0.585
448.50	451.50	RBGR;0.616
574.50	577.50	RBGR;0.574
328.50	333.00	RUTU;0.615
180.00	183.00	SAPH;0.557
217.50	220.50	SOSA;0.538
331.50	336.00	SOSA;0.638
492.00	496.50	SOSA;0.597
507.00	511.50	SOSA;0.595
523.50	528.00	SOSA;0.504
133.50	138.00	SPSA;0.669
34.50	37.50	SWSP;0.568
465.00	468.00	TBLO;0.540
70.50	73.50	TOSO;0.600
90.00	93.00	TOSO;0.523
111.00	114.00	TOSO;0.650
129.00	133.50	TOSO;0.696
145.50	148.50	TOSO;0.508
213.00	216.00	TOSO;0.547
345.00	349.50	TOSO;0.596
376.50	379.50	TOSO;0.535
385.50	390.00	TOSO;0.750
399.00	403.50	TOSO;0.684
409.50	417.00	TOSO;0.917
496.50	499.50	TOSO;0.507
514.50	519.00	TOSO;0.598
72.00	75.00	TOWA;0.527
328.50	331.50	VESP;0.877
544.50	547.50	VESP;0.712
252.00	255.00	WEME;0.614
37.50	40.50	WCSP;0.665
115.50	120.00	WCSP;0.730
186.00	189.00	WCSP;0.510
321.00	324.00	WCSP;0.700
450.00	453.00	WCSP;0.568
7.50	12.00	WIWA;0.947
24.00	28.50	WIWA;0.987
31.50	36.00	WIWA;0.989
40.50	45.00	WIWA;0.990
48.00	52.50	WIWA;0.982
55.50	61.50	WIWA;0.989
64.50	70.50	WIWA;0.994
73.50	78.00	WIWA;0.992
81.00	87.00	WIWA;0.991
90.00	96.00	WIWA;0.993
99.00	105.00	WIWA;0.991
108.00	114.00	WIWA;0.993
117.00	123.00	WIWA;0.989
126.00	132.00	WIWA;0.988
135.00	141.00	WIWA;0.992
144.00	150.00	WIWA;0.987
153.00	159.00	WIWA;0.990
162.00	166.50	WIWA;0.987
171.00	175.50	WIWA;0.992
15.00	18.00	YRWA;0.579
415.50	420.00	YRWA;0.800
34.50	37.50	YTWA;0.510
