73.50	78.00	AMBI;0.817
3.00	10.50	AMRO;0.880
16.50	22.50	AMRO;0.991
30.00	54.00	AMRO;0.986
55.50	67.50	AMRO;0.982
69.00	79.50	AMRO;0.938
81.00	139.50	AMRO;0.974
141.00	154.50	AMRO;0.966
156.00	171.00	AMRO;0.985
175.50	181.50	AMRO;0.760
184.50	190.50	AMRO;0.619
195.00	201.00	AMRO;0.985
205.50	210.00	AMRO;0.500
216.00	234.00	AMRO;0.957
244.50	249.00	AMRO;0.872
250.50	253.50	AMRO;0.500
261.00	265.50	AMRO;0.685
267.00	300.00	AMRO;0.965
7.50	12.00	BAOR;0.598
231.00	234.00	BAOR;0.528
255.00	258.00	BAOR;0.641
145.50	148.50	BBPL;0.543
226.50	229.50	BCCH;0.518
22.50	25.50	BHVI;0.508
60.00	66.00	BRSP;0.802
73.50	78.00	BRSP;0.812
84.00	87.00	BRSP;0.593
90.00	93.00	BRSP;0.557
97.50	102.00	BRSP;0.623
120.00	123.00	BRSP;0.514
132.00	138.00	BRSP;0.792
142.50	147.00	BRSP;0.701
97.50	102.00	DEJU;0.580
55.50	58.50	EAME;0.518
21.00	25.50	FOSP;0.739
124.50	127.50	FOSP;0.523
153.00	157.50	FOSP;0.958
235.50	240.00	FOSP;0.626
255.00	259.50	FOSP;0.738
283.50	286.50	FOSP;0.786
249.00	252.00	GRCA;0.754
265.50	268.50	GRCA;0.508
42.00	45.00	GWTE;0.604
112.50	115.50	GWTE;0.538
123.00	126.00	HETH;0.907
141.00	144.00	HETH;0.672
238.50	241.50	HETH;0.517
0.00	4.50	LISP;0.783
10.50	16.50	LISP;0.942
22.50	28.50	LISP;0.979
34.50	39.00	LISP;0.973
57.00	63.00	LISP;0.996
69.00	73.50	LISP;0.747
79.50	84.00	LISP;0.965
91.50	97.50	LISP;0.939
103.50	108.00	LISP;0.838
114.00	118.50	LISP;0.980
126.00	130.50	LISP;0.804
138.00	142.50	LISP;0.998
150.00	154.50	LISP;0.925
162.00	168.00	LISP;0.962
174.00	178.50	LISP;0.869
186.00	190.50	LISP;0.770
210.00	214.50	LISP;0.880
222.00	225.00	LISP;0.500
247.50	250.50	LISP;0.843
264.00	268.50	LISP;0.551
277.50	282.00	LISP;0.500
28.50	31.50	LOSH;0.624
259.50	262.50	MAMU;0.781
61.50	64.50	MOBL;0.575
180.00	183.00	MOCH;0.894
202.50	205.50	MOCH;0.558
258.00	264.00	MOCH;0.651
145.50	148.50	OSFL;0.546
199.50	202.50	OROR;0.584
283.50	286.50	OROR;0.535
288.00	292.50	PIGR;0.564
231.00	237.00	PISI;0.996
22.50	25.50	PUFI;0.520
60.00	63.00	PUFI;0.587
126.00	129.00	PUFI;0.537
235.50	238.50	PUFI;0.583
279.00	282.00	PUFI;0.654
289.50	292.50	PUFI;0.539
102.00	105.00	REVI;0.681
10.50	13.50	ROWR;0.627
150.00	153.00	ROWR;0.569
234.00	238.50	ROWR;0.886
246.00	250.50	ROWR;0.851
3.00	6.00	RBGR;0.570
280.50	285.00	RBGR;0.586
288.00	292.50	RBGR;0.604
133.50	139.50	RUGR;0.625
142.50	147.00	RUGR;0.744
201.00	204.00	RUBL;0.550
75.00	79.50	TOSO;0.649
285.00	288.00	TOSO;0.525
255.00	258.00	TUTI;0.565
94.50	97.50	WETA;0.544
45.00	51.00	WCSP;0.987
117.00	121.50	WCSP;0.987
123.00	127.50	WCSP;0.526
132.00	138.00	WCSP;0.963
141.00	145.50	WCSP;0.844
151.50	156.00	WCSP;0.953
160.50	165.00	WCSP;0.968
171.00	175.50	WCSP;0.987
181.50	186.00	WCSP;0.979
190.50	196.50	WCSP;0.993
204.00	208.50	WCSP;0.988
211.50	220.50	WCSP;0.993
226.50	232.50	WCSP;0.985
238.50	243.00	WCSP;0.966
250.50	255.00	WCSP;0.991
262.50	267.00	WCSP;0.987
273.00	277.50	WCSP;0.985
285.00	289.50	WCSP;0.976
295.50	300.00	WCSP;0.986
136.50	141.00	WTSP;0.824
202.50	205.50	WTSP;0.542
271.50	274.50	WTSP;0.671
