4.50	7.50	AMGP;0.534
15.00	21.00	AMGP;0.668
30.00	33.00	AMGP;0.648
40.50	45.00	AMGP;0.717
48.00	51.00	AMGP;0.543
84.00	88.50	AMGP;0.538
162.00	166.50	AMGP;0.585
210.00	213.00	AMGP;0.638
241.50	244.50	AMGP;0.552
273.00	276.00	AMGP;0.513
226.50	231.00	AGOL;0.739
85.50	91.50	AMRO;0.685
265.50	268.50	AMRO;0.788
297.00	300.00	BASA;0.523
111.00	114.00	BLOY;0.559
141.00	145.50	BLOY;0.865
288.00	297.00	BLOY;0.797
153.00	156.00	BBPL;0.655
283.50	286.50	BBPL;0.535
292.50	295.50	BBPL;0.552
70.50	73.50	BRSP;0.646
93.00	96.00	BRSP;0.738
265.50	268.50	DEJU;0.738
63.00	67.50	DUNL;0.663
142.50	145.50	DUNL;0.511
196.50	199.50	EAME;0.510
246.00	249.00	EAME;0.696
52.50	55.50	FISP;0.623
136.50	141.00	FISP;0.958
163.50	166.50	FISP;0.504
199.50	202.50	FISP;0.555
61.50	64.50	FOSP;0.593
180.00	184.50	FOSP;0.739
189.00	192.00	FOSP;0.882
237.00	240.00	FOSP;0.575
258.00	262.50	FOSP;0.875
18.00	22.50	GCSP;0.675
61.50	64.50	GCSP;0.575
108.00	111.00	GCSP;0.512
166.50	169.50	GCSP;0.572
196.50	201.00	GCSP;0.900
183.00	186.00	GCFL;0.534
147.00	151.50	GWTE;0.512
177.00	180.00	HASP;0.657
72.00	76.50	LESA;0.599
264.00	267.00	LISP;0.954
63.00	66.00	LOSH;0.502
75.00	78.00	LOSH;0.538
159.00	162.00	LOSH;0.506
174.00	177.00	LOSH;0.576
276.00	279.00	LOSH;0.504
42.00	46.50	MAMU;0.671
199.50	202.50	MAMU;0.724
216.00	219.00	MAMU;0.528
232.50	235.50	MAMU;0.515
1.50	6.00	MOCH;0.591
27.00	30.00	MOCH;0.524
36.00	40.50	MOCH;0.838
54.00	57.00	MOCH;0.955
78.00	81.00	MOCH;0.590
100.50	105.00	MOCH;0.667
135.00	138.00	MOCH;0.584
175.50	178.50	MOCH;0.507
213.00	216.00	MOCH;0.610
268.50	271.50	MOCH;0.502
288.00	291.00	MOCH;0.622
70.50	73.50	ROWR;0.515
169.50	172.50	SAPH;0.670
171.00	174.00	SNBU;0.670
237.00	240.00	SNBU;0.683
270.00	274.50	SNBU;0.922
235.50	238.50	WEME;0.502
244.50	247.50	WEME;0.559
0.00	3.00	WCSP;0.986
9.00	15.00	WCSP;0.991
19.50	25.50	WCSP;0.990
31.50	36.00	WCSP;0.993
43.50	48.00	WCSP;0.970
55.50	60.00	WCSP;0.995
67.50	73.50	WCSP;0.992
79.50	84.00	WCSP;0.990
90.00	96.00	WCSP;0.983
97.50	111.00	WCSP;0.996
114.00	118.50	WCSP;0.988
126.00	132.00	WCSP;0.983
144.00	150.00	WCSP;0.991
156.00	160.50	WCSP;0.988
168.00	172.50	WCSP;0.987
178.50	184.50	WCSP;0.982
192.00	198.00	WCSP;0.987
204.00	208.50	WCSP;0.994
217.50	220.50	WCSP;0.773
231.00	235.50	WCSP;0.994
1.50	6.00	WTSP;0.713
9.00	18.00	WTSP;0.990
19.50	22.50	WTSP;0.676
25.50	40.50	WTSP;0.888
43.50	58.50	WTSP;0.970
61.50	70.50	WTSP;0.995
78.00	88.50	WTSP;0.973
90.00	93.00	WTSP;0.500
94.50	106.50	WTSP;0.997
108.00	112.50	WTSP;0.658
117.00	132.00	WTSP;0.975
133.50	144.00	WTSP;0.984
148.50	153.00	WTSP;0.983
166.50	169.50	WTSP;0.500
172.50	180.00	WTSP;0.979
186.00	195.00	WTSP;0.958
198.00	205.50	WTSP;0.942
210.00	219.00	WTSP;0.963
220.50	225.00	WTSP;0.898
226.50	234.00	WTSP;0.685
286.50	291.00	WTSP;0.500
295.50	298.50	WTSP;0.500
