111.00	114.00	ACFL;0.533
238.50	241.50	ACFL;0.519
42.00	45.00	AMDI;0.623
126.00	129.00	AMGP;0.763
169.50	172.50	AMGP;0.731
216.00	219.00	AMGP;0.515
238.50	241.50	AMGP;0.597
252.00	255.00	AMGP;0.593
360.00	364.50	AMGP;0.798
27.00	30.00	AMRO;0.500
78.00	82.50	AMRO;0.507
85.50	90.00	AMRO;0.832
129.00	133.50	AMRO;0.608
145.50	150.00	AMRO;0.736
189.00	193.50	AMRO;0.871
210.00	214.50	AMRO;0.593
217.50	220.50	AMRO;0.500
228.00	235.50	AMRO;0.907
343.50	349.50	AMRO;0.940
357.00	363.00	AMRO;0.950
381.00	387.00	AMRO;0.778
465.00	471.00	AMRO;0.976
526.50	529.50	AMRO;0.500
543.00	547.50	AMRO;0.958
552.00	556.50	AMRO;0.880
564.00	574.50	AMRO;0.977
583.50	586.50	AMRO;0.500
592.50	600.00	AMRO;0.922
183.00	187.50	BAOR;0.796
87.00	90.00	BLOY;0.571
183.00	187.50	BLOY;0.615
12.00	16.50	BHVI;0.737
45.00	48.00	BHVI;0.654
112.50	115.50	BHVI;0.505
178.50	181.50	BHVI;0.520
205.50	208.50	BHVI;0.676
255.00	258.00	BHVI;0.557
451.50	456.00	BHVI;0.975
490.50	493.50	BHVI;0.822
91.50	94.50	BRBL;0.637
471.00	474.00	BRBL;0.506
39.00	42.00	CAFI;0.571
165.00	168.00	CAFI;0.511
526.50	529.50	CAFI;0.541
483.00	490.50	CHSP;0.972
495.00	501.00	CHSP;0.983
430.50	433.50	COGO;0.590
336.00	339.00	COMU;0.533
127.50	130.50	DUFL;0.507
163.50	166.50	DUFL;0.901
178.50	181.50	EATO;0.565
193.50	196.50	EATO;0.521
207.00	210.00	EATO;0.529
255.00	258.00	EATO;0.507
573.00	576.00	EATO;0.526
7.50	10.50	FOSP;0.500
13.50	18.00	FOSP;0.703
34.50	39.00	FOSP;0.843
42.00	51.00	FOSP;0.879
58.50	63.00	FOSP;0.500
64.50	70.50	FOSP;0.777
93.00	97.50	FOSP;0.817
115.50	120.00	FOSP;0.927
139.50	145.50	FOSP;0.910
148.50	153.00	FOSP;0.830
157.50	163.50	FOSP;0.921
175.50	189.00	FOSP;0.924
202.50	214.50	FOSP;0.975
220.50	225.00	FOSP;0.523
231.00	237.00	FOSP;0.907
240.00	246.00	FOSP;0.840
253.50	261.00	FOSP;0.842
277.50	282.00	FOSP;0.842
426.00	432.00	FOSP;0.854
453.00	457.50	FOSP;0.722
472.50	477.00	FOSP;0.891
492.00	496.50	FOSP;0.797
535.50	540.00	FOSP;0.754
573.00	577.50	FOSP;0.572
589.50	595.50	FOSP;0.934
267.00	270.00	GRCA;0.857
282.00	285.00	GRCA;0.767
550.50	553.50	GRCA;0.528
571.50	574.50	GRCA;0.525
594.00	597.00	GWTE;0.502
150.00	153.00	HETH;0.702
210.00	213.00	LALO;0.649
225.00	228.00	LALO;0.722
574.50	577.50	LASP;0.692
0.00	3.00	LISP;0.500
25.50	30.00	LISP;0.888
40.50	45.00	LISP;0.982
54.00	58.50	LISP;0.967
69.00	72.00	LISP;0.500
81.00	85.50	LISP;0.720
96.00	100.50	LISP;0.634
109.50	114.00	LISP;0.928
123.00	127.50	LISP;0.840
138.00	142.50	LISP;0.779
151.50	156.00	LISP;0.915
166.50	171.00	LISP;0.814
195.00	198.00	LISP;0.901
213.00	217.50	LISP;0.911
222.00	226.50	LISP;0.746
229.50	234.00	LISP;0.979
235.50	240.00	LISP;0.916
249.00	253.50	LISP;0.828
265.50	268.50	LISP;0.958
280.50	283.50	LISP;0.856
514.50	519.00	LISP;0.500
523.50	531.00	LISP;0.994
537.00	541.50	LISP;0.814
549.00	553.50	LISP;0.980
561.00	567.00	LISP;0.995
574.50	579.00	LISP;0.912
586.50	592.50	LISP;0.950
520.50	523.50	MAMU;0.582
268.50	271.50	MOCH;0.623
499.50	504.00	MOCH;0.552
514.50	517.50	MOWA;0.599
12.00	16.50	OROR;0.731
159.00	162.00	OROR;0.529
573.00	576.00	OROR;0.542
3.00	6.00	PISI;0.500
129.00	139.50	PISI;0.830
157.50	168.00	PISI;0.822
192.00	208.50	PISI;0.995
283.50	291.00	PISI;0.994
420.00	429.00	PISI;0.987
430.50	435.00	PISI;0.890
454.50	468.00	PISI;0.999
534.00	538.50	PISI;0.699
154.50	157.50	PUFI;0.652
168.00	172.50	PUFI;0.679
36.00	40.50	REVI;0.558
129.00	132.00	REVI;0.597
67.50	72.00	ROWR;0.611
81.00	85.50	ROWR;0.500
109.50	114.00	ROWR;0.500
138.00	142.50	ROWR;0.569
151.50	156.00	ROWR;0.500
166.50	169.50	ROWR;0.547
193.50	196.50	ROWR;0.850
222.00	226.50	ROWR;0.646
235.50	240.00	ROWR;0.538
249.00	253.50	ROWR;0.685
264.00	268.50	ROWR;0.972
279.00	283.50	ROWR;0.720
547.50	552.00	ROWR;0.942
561.00	564.00	ROWR;0.500
586.50	591.00	ROWR;0.529
3.00	6.00	RUGR;0.500
15.00	19.50	RUGR;0.500
43.50	48.00	RUGR;0.559
57.00	67.50	RUGR;0.569
97.50	102.00	RUGR;0.500
106.50	117.00	RUGR;0.519
124.50	130.50	RUGR;0.546
141.00	144.00	RUGR;0.500
156.00	159.00	RUGR;0.500
162.00	174.00	RUGR;0.760
177.00	180.00	RUGR;0.500
187.50	196.50	RUGR;0.513
201.00	205.50	RUGR;0.500
213.00	226.50	RUGR;0.561
235.50	249.00	RUGR;0.859
295.50	300.00	RUGR;0.500
304.50	316.50	RUGR;0.668
318.00	331.50	RUGR;0.643
343.50	348.00	RUGR;0.580
352.50	367.50	RUGR;0.725
375.00	379.50	RUGR;0.500
388.50	391.50	RUGR;0.500
393.00	399.00	RUGR;0.504
402.00	409.50	RUGR;0.536
420.00	426.00	RUGR;0.676
429.00	439.50	RUGR;0.900
444.00	450.00	RUGR;0.632
459.00	471.00	RUGR;0.555
477.00	486.00	RUGR;0.500
487.50	490.50	RUGR;0.500
492.00	499.50	RUGR;0.833
502.50	510.00	RUGR;0.824
516.00	519.00	RUGR;0.500
565.50	570.00	RUGR;0.500
165.00	168.00	SBDO;0.558
64.50	67.50	SNBU;0.720
567.00	570.00	SPSA;0.696
16.50	21.00	SPGR;0.518
135.00	139.50	SPGR;0.611
106.50	111.00	TOSO;0.831
187.50	192.00	TUTI;0.698
420.00	426.00	VGSW;0.902
30.00	33.00	WAVI;0.517
151.50	156.00	WAVI;0.580
37.50	42.00	WCSP;0.708
43.50	46.50	WCSP;0.520
105.00	109.50	WCSP;0.560
195.00	199.50	WCSP;0.715
220.50	223.50	WCSP;0.861
555.00	558.00	WCSP;0.546
565.50	568.50	WCSP;0.634
579.00	582.00	WCSP;0.586
144.00	147.00	WTSP;0.505
118.50	121.50	WIFL;0.504
183.00	186.00	WIFL;0.555
475.50	478.50	WIFL;0.537
495.00	498.00	WIFL;0.748
