19.50	22.50	AMDI;0.593
187.50	192.00	AMDI;0.609
298.50	301.50	AMDI;0.520
519.00	523.50	AMDI;0.599
100.50	103.50	AMGP;0.524
250.50	253.50	AMGP;0.558
4.50	10.50	AMRO;0.500
21.00	30.00	AMRO;0.784
46.50	52.50	AMRO;0.949
64.50	69.00	AMRO;0.512
82.50	90.00	AMRO;0.892
100.50	108.00	AMRO;0.719
126.00	132.00	AMRO;0.948
150.00	156.00	AMRO;0.945
171.00	178.50	AMRO;0.975
201.00	207.00	AMRO;0.941
213.00	217.50	AMRO;0.800
223.50	229.50	AMRO;0.972
234.00	243.00	AMRO;0.954
246.00	252.00	AMRO;0.905
261.00	264.00	AMRO;0.500
271.50	276.00	AMRO;0.516
279.00	285.00	AMRO;0.922
289.50	298.50	AMRO;0.938
300.00	307.50	AMRO;0.976
310.50	318.00	AMRO;0.704
339.00	343.50	AMRO;0.803
351.00	358.50	AMRO;0.853
366.00	375.00	AMRO;0.965
378.00	388.50	AMRO;0.949
390.00	394.50	AMRO;0.938
400.50	406.50	AMRO;0.898
414.00	420.00	AMRO;0.989
424.50	432.00	AMRO;0.879
439.50	444.00	AMRO;0.500
453.00	456.00	AMRO;0.500
465.00	469.50	AMRO;0.500
490.50	498.00	AMRO;0.968
504.00	508.50	AMRO;0.874
513.00	517.50	AMRO;0.949
520.50	526.50	AMRO;0.868
124.50	127.50	AMWO;0.740
4.50	7.50	BAOR;0.555
261.00	264.00	BAOR;0.502
495.00	498.00	BAOR;0.556
18.00	21.00	BARS;0.518
211.50	214.50	BLOY;0.601
279.00	282.00	BLOY;0.501
579.00	582.00	BHCO;0.557
97.50	100.50	CHSW;0.521
0.00	3.00	DEJU;0.608
31.50	36.00	DEJU;0.927
100.50	103.50	DEJU;0.634
105.00	112.50	DEJU;0.669
181.50	184.50	DEJU;0.505
192.00	195.00	DEJU;0.542
199.50	202.50	DEJU;0.504
211.50	214.50	DEJU;0.570
216.00	220.50	DEJU;0.722
223.50	226.50	DEJU;0.559
240.00	243.00	DEJU;0.512
249.00	252.00	DEJU;0.524
253.50	256.50	DEJU;0.576
261.00	264.00	DEJU;0.506
304.50	309.00	DEJU;0.718
342.00	348.00	DEJU;0.631
360.00	363.00	DEJU;0.566
375.00	379.50	DEJU;0.558
384.00	387.00	DEJU;0.730
391.50	394.50	DEJU;0.604
400.50	403.50	DEJU;0.532
418.50	423.00	DEJU;0.649
436.50	439.50	DEJU;0.503
442.50	447.00	DEJU;0.918
543.00	546.00	DEJU;0.514
376.50	379.50	GRCA;0.507
6.00	10.50	GWTE;0.897
22.50	31.50	GWTE;0.676
46.50	52.50	GWTE;0.825
84.00	91.50	GWTE;0.527
102.00	108.00	GWTE;0.802
126.00	130.50	GWTE;0.533
151.50	156.00	GWTE;0.877
169.50	177.00	GWTE;0.744
201.00	207.00	GWTE;0.651
213.00	216.00	GWTE;0.500
225.00	229.50	GWTE;0.705
238.50	241.50	GWTE;0.500
249.00	252.00	GWTE;0.500
258.00	262.50	GWTE;0.703
273.00	276.00	GWTE;0.500
280.50	283.50	GWTE;0.500
289.50	295.50	GWTE;0.806
298.50	307.50	GWTE;0.822
312.00	316.50	GWTE;0.733
339.00	343.50	GWTE;0.815
354.00	358.50	GWTE;0.734
367.50	372.00	GWTE;0.559
381.00	396.00	GWTE;0.744
414.00	418.50	GWTE;0.509
427.50	432.00	GWTE;0.524
439.50	444.00	GWTE;0.568
468.00	471.00	GWTE;0.677
492.00	495.00	GWTE;0.500
502.50	508.50	GWTE;0.622
520.50	525.00	GWTE;0.942
538.50	541.50	HETH;0.537
561.00	564.00	HETH;0.774
570.00	574.50	HETH;0.930
1.50	6.00	LISP;0.985
21.00	25.50	LISP;0.966
37.50	42.00	LISP;0.928
49.50	54.00	LISP;0.880
67.50	73.50	LISP;0.709
90.00	94.50	LISP;0.849
106.50	109.50	LISP;0.500
121.50	126.00	LISP;0.649
136.50	141.00	LISP;0.947
160.50	165.00	LISP;0.500
174.00	178.50	LISP;0.512
187.50	192.00	LISP;0.500
208.50	213.00	LISP;0.819
228.00	232.50	LISP;0.868
244.50	249.00	LISP;0.695
258.00	262.50	LISP;0.924
270.00	274.50	LISP;0.950
283.50	289.50	LISP;0.794
297.00	300.00	LISP;0.500
310.50	313.50	LISP;0.540
322.50	327.00	LISP;0.649
337.50	340.50	LISP;0.500
352.50	355.50	LISP;0.500
363.00	367.50	LISP;0.607
379.50	384.00	LISP;0.500
393.00	397.50	LISP;0.837
408.00	411.00	LISP;0.782
424.50	429.00	LISP;0.924
438.00	442.50	LISP;0.500
453.00	457.50	LISP;0.910
466.50	471.00	LISP;0.585
480.00	483.00	LISP;0.500
492.00	496.50	LISP;0.825
504.00	508.50	LISP;0.857
562.50	567.00	LISP;0.500
576.00	579.00	LISP;0.500
592.50	597.00	LISP;0.500
90.00	93.00	MGWA;0.598
106.50	109.50	MGWA;0.501
583.50	588.00	MOCH;0.891
28.50	33.00	NSHR;0.638
34.50	37.50	NSHR;0.589
30.00	33.00	OCWA;0.711
115.50	118.50	OCWA;0.641
183.00	187.50	OCWA;0.748
199.50	202.50	OCWA;0.586
238.50	244.50	OCWA;0.939
247.50	258.00	OCWA;0.861
276.00	279.00	OCWA;0.600
288.00	291.00	OCWA;0.689
327.00	330.00	OCWA;0.738
376.50	379.50	OCWA;0.555
391.50	394.50	OCWA;0.635
417.00	420.00	OCWA;0.606
435.00	439.50	OCWA;0.687
469.50	472.50	OCWA;0.551
477.00	480.00	OCWA;0.537
567.00	571.50	OCWA;0.641
16.50	21.00	PISI;0.500
97.50	102.00	PISI;0.851
373.50	378.00	PISI;0.965
381.00	385.50	PISI;0.941
399.00	418.50	PISI;0.997
469.50	474.00	PISI;0.611
480.00	489.00	PISI;0.713
352.50	355.50	PUFI;0.505
160.50	165.00	ROWR;0.500
208.50	213.00	ROWR;0.500
228.00	232.50	ROWR;0.529
244.50	249.00	ROWR;0.552
270.00	274.50	ROWR;0.832
285.00	288.00	ROWR;0.500
297.00	300.00	ROWR;0.500
309.00	313.50	ROWR;0.637
322.50	327.00	ROWR;0.633
336.00	340.50	ROWR;0.589
351.00	355.50	ROWR;0.585
363.00	367.50	ROWR;0.739
424.50	429.00	ROWR;0.645
438.00	442.50	ROWR;0.756
453.00	456.00	ROWR;0.774
466.50	471.00	ROWR;0.634
480.00	483.00	ROWR;0.500
538.50	541.50	ROWR;0.500
574.50	579.00	ROWR;0.508
592.50	597.00	ROWR;0.628
160.50	165.00	RUTU;0.546
189.00	192.00	RUTU;0.576
309.00	312.00	RUTU;0.680
481.50	484.50	RUTU;0.574
15.00	18.00	RUGR;0.508
67.50	70.50	RUGR;0.596
72.00	76.50	RUGR;0.594
78.00	81.00	RUGR;0.523
93.00	96.00	RUGR;0.520
132.00	135.00	RUGR;0.554
211.50	214.50	RUGR;0.545
255.00	259.50	RUGR;0.536
273.00	276.00	RUGR;0.526
283.50	286.50	RUGR;0.733
309.00	312.00	RUGR;0.538
319.50	324.00	RUGR;0.539
354.00	357.00	RUGR;0.662
460.50	466.50	RUGR;0.617
379.50	382.50	SAND;0.552
207.00	210.00	SOSA;0.541
472.50	477.00	SOSA;0.948
541.50	544.50	SPSA;0.567
231.00	235.50	SWSP;0.723
261.00	264.00	SWSP;0.655
316.50	319.50	SWSP;0.586
343.50	348.00	SWSP;0.661
418.50	423.00	SWSP;0.864
487.50	490.50	SWSP;0.545
514.50	517.50	SWSP;0.507
429.00	432.00	TOSO;0.597
502.50	505.50	TUTI;0.534
42.00	45.00	WCSP;0.640
396.00	399.00	WCSP;0.972
432.00	439.50	WCSP;0.862
445.50	450.00	WCSP;0.889
559.50	564.00	WCSP;0.749
9.00	13.50	WTSP;0.573
52.50	55.50	WTSP;0.518
331.50	336.00	WTSP;0.617
397.50	400.50	WTSP;0.639
99.00	103.50	WWCR;0.543
295.50	300.00	WWCR;0.626
550.50	553.50	WWCR;0.551
352.50	355.50	WILL;0.512
69.00	72.00	YRWA;0.542
90.00	94.50	YRWA;0.713
