264.00	267.00	AMGP;0.658
216.00	220.50	AMRO;0.649
223.50	231.00	AMRO;0.775
220.50	225.00	BHGR;0.566
51.00	54.00	BHVI;0.623
85.50	88.50	BHVI;0.595
111.00	114.00	BHVI;0.635
127.50	130.50	BHVI;0.660
66.00	69.00	BRBL;0.533
253.50	256.50	CAFI;0.636
4.50	7.50	EATO;0.582
39.00	42.00	EATO;0.567
51.00	54.00	EATO;0.519
85.50	88.50	EATO;0.565
96.00	99.00	EATO;0.629
111.00	114.00	EATO;0.576
127.50	130.50	EATO;0.518
241.50	244.50	EATO;0.628
154.50	157.50	EAWP;0.506
186.00	189.00	FISP;0.576
219.00	222.00	FISP;0.559
7.50	12.00	FOSP;0.886
22.50	30.00	FOSP;0.874
40.50	46.50	FOSP;0.898
52.50	60.00	FOSP;0.854
67.50	72.00	FOSP;0.877
73.50	78.00	FOSP;0.967
87.00	91.50	FOSP;0.925
96.00	102.00	FOSP;0.952
108.00	117.00	FOSP;0.976
124.50	133.50	FOSP;0.963
139.50	144.00	FOSP;0.500
169.50	174.00	FOSP;0.763
183.00	187.50	FOSP;0.791
201.00	205.50	FOSP;0.879
234.00	238.50	FOSP;0.668
250.50	259.50	FOSP;0.912
265.50	270.00	FOSP;0.567
283.50	291.00	FOSP;0.942
156.00	160.50	HAFL;0.577
202.50	205.50	HASP;0.515
39.00	43.50	HETH;0.581
72.00	75.00	HETH;0.796
93.00	96.00	HETH;0.749
150.00	153.00	HETH;0.621
190.50	193.50	HETH;0.603
199.50	202.50	HETH;0.599
234.00	238.50	HETH;0.658
145.50	148.50	HOWA;0.595
205.50	208.50	LALO;0.676
214.50	217.50	LALO;0.526
40.50	43.50	LASP;0.555
10.50	13.50	MOCH;0.500
30.00	34.50	MOCH;0.982
39.00	42.00	MOCH;0.500
60.00	63.00	MOCH;0.745
78.00	82.50	MOCH;0.787
90.00	96.00	MOCH;0.922
103.50	108.00	MOCH;0.870
148.50	156.00	MOCH;0.813
159.00	163.50	MOCH;0.821
168.00	171.00	MOCH;0.933
177.00	181.50	MOCH;0.791
187.50	192.00	MOCH;0.706
196.50	201.00	MOCH;0.500
231.00	234.00	MOCH;0.742
238.50	243.00	MOCH;0.606
285.00	288.00	MOCH;0.500
139.50	144.00	PIGR;0.555
142.50	145.50	REVI;0.510
217.50	223.50	RBGR;0.799
249.00	253.50	RCKI;0.890
9.00	12.00	RUGR;0.502
93.00	96.00	RUGR;0.560
205.50	208.50	RUGR;0.804
228.00	232.50	RUGR;0.648
9.00	12.00	SNBU;0.500
213.00	217.50	SNBU;0.928
231.00	235.50	SNBU;0.721
246.00	250.50	SNBU;0.872
255.00	259.50	SNBU;0.635
292.50	298.50	SNBU;0.819
106.50	109.50	TOSO;0.648
133.50	136.50	TOSO;0.601
181.50	184.50	TOSO;0.692
225.00	228.00	VATH;0.604
157.50	160.50	WEFL;0.547
238.50	241.50	WCSP;0.685
258.00	261.00	WCSP;0.680
10.50	16.50	WTSP;0.680
19.50	24.00	WTSP;0.993
28.50	33.00	WTSP;0.992
39.00	43.50	WTSP;0.604
57.00	61.50	WTSP;0.988
78.00	82.50	WTSP;0.975
90.00	94.50	WTSP;0.808
102.00	108.00	WTSP;0.977
141.00	145.50	WTSP;0.579
148.50	151.50	WTSP;0.500
153.00	157.50	WTSP;0.850
159.00	163.50	WTSP;0.500
165.00	169.50	WTSP;0.990
172.50	181.50	WTSP;0.996
184.50	196.50	WTSP;0.993
202.50	207.00	WTSP;0.770
216.00	222.00	WTSP;0.994
226.50	232.50	WTSP;0.995
235.50	243.00	WTSP;0.995
243.00	246.00	YBFL;0.542
