429.00	432.00	AMDI;0.547
69.00	72.00	AMGP;0.616
6.00	10.50	AMRO;0.597
16.50	19.50	AMRO;0.500
27.00	37.50	AMRO;0.607
49.50	52.50	AMRO;0.500
57.00	61.50	AMRO;0.820
76.50	79.50	AMRO;0.500
82.50	94.50	AMRO;0.966
97.50	102.00	AMRO;0.715
106.50	111.00	AMRO;0.500
112.50	126.00	AMRO;0.862
129.00	132.00	AMRO;0.500
145.50	154.50	AMRO;0.689
166.50	171.00	AMRO;0.813
174.00	178.50	AMRO;0.882
181.50	186.00	AMRO;0.500
154.50	157.50	ATSP;0.515
294.00	297.00	ATSP;0.606
306.00	309.00	ATSP;0.547
15.00	18.00	BLOY;0.543
430.50	433.50	BCCH;0.562
459.00	462.00	BCCH;0.558
481.50	484.50	BCCH;0.588
177.00	180.00	BHGR;0.523
165.00	168.00	BTNW;0.506
307.50	310.50	BTNW;0.502
240.00	243.00	CBCH;0.526
222.00	225.00	CHSW;0.639
274.50	277.50	CHSW;0.633
334.50	337.50	CHSW;0.707
394.50	399.00	CHSW;0.738
406.50	409.50	CHSW;0.780
412.50	415.50	CHSW;0.723
456.00	460.50	CHSW;0.644
514.50	517.50	CHSW;0.523
189.00	192.00	CHSP;0.500
316.50	321.00	CHSP;0.711
322.50	327.00	CHSP;0.500
340.50	345.00	CHSP;0.667
357.00	363.00	CHSP;0.952
367.50	372.00	CHSP;0.800
385.50	390.00	CHSP;0.668
423.00	426.00	CHSP;0.693
439.50	445.50	CHSP;0.879
478.50	483.00	CHSP;0.866
486.00	492.00	CHSP;0.944
504.00	507.00	CHSP;0.655
511.50	517.50	CHSP;0.920
520.50	526.50	CHSP;0.936
529.50	535.50	CHSP;0.961
540.00	544.50	CHSP;0.500
559.50	564.00	CHSP;0.602
579.00	582.00	CHSP;0.500
586.50	592.50	CHSP;0.909
594.00	600.00	CHSP;0.888
427.50	430.50	CCSP;0.539
516.00	519.00	EAME;0.556
597.00	600.00	EAME;0.598
36.00	39.00	EATO;0.623
88.50	91.50	EATO;0.635
100.50	103.50	EATO;0.819
114.00	117.00	EATO;0.604
285.00	288.00	EATO;0.546
412.50	415.50	EATO;0.554
97.50	100.50	FISP;0.703
169.50	172.50	FISP;0.596
238.50	241.50	FISP;0.560
520.50	523.50	FISP;0.700
7.50	10.50	FOSP;0.500
22.50	30.00	FOSP;0.805
37.50	42.00	FOSP;0.970
43.50	46.50	FOSP;0.573
49.50	54.00	FOSP;0.875
60.00	70.50	FOSP;0.974
76.50	82.50	FOSP;0.794
90.00	97.50	FOSP;0.967
102.00	111.00	FOSP;0.915
115.50	120.00	FOSP;0.929
124.50	130.50	FOSP;0.500
133.50	144.00	FOSP;0.979
148.50	156.00	FOSP;0.962
162.00	166.50	FOSP;0.952
175.50	181.50	FOSP;0.910
190.50	195.00	FOSP;0.919
202.50	207.00	FOSP;0.984
211.50	216.00	FOSP;0.500
219.00	223.50	FOSP;0.852
231.00	238.50	FOSP;0.782
250.50	256.50	FOSP;0.987
265.50	274.50	FOSP;0.960
282.00	286.50	FOSP;0.957
291.00	295.50	FOSP;0.919
300.00	307.50	FOSP;0.651
313.50	318.00	FOSP;0.953
331.50	336.00	FOSP;0.896
348.00	354.00	FOSP;0.969
366.00	370.50	FOSP;0.721
381.00	385.50	FOSP;0.864
396.00	402.00	FOSP;0.685
414.00	418.50	FOSP;0.793
429.00	433.50	FOSP;0.500
448.50	453.00	FOSP;0.980
469.50	474.00	FOSP;0.910
496.50	501.00	FOSP;0.901
517.50	520.50	FOSP;0.500
532.50	535.50	FOSP;0.696
547.50	552.00	FOSP;0.539
576.00	580.50	FOSP;0.818
585.00	589.50	FOSP;0.913
3.00	6.00	GCSP;0.500
10.50	15.00	GCSP;0.931
18.00	21.00	GCSP;0.500
24.00	28.50	GCSP;0.864
39.00	42.00	GCSP;0.500
46.50	51.00	GCSP;0.783
54.00	58.50	GCSP;0.500
61.50	64.50	GCSP;0.500
81.00	84.00	GCSP;0.500
118.50	123.00	GCSP;0.598
126.00	132.00	GCSP;0.839
165.00	168.00	GCSP;0.500
178.50	183.00	GCSP;0.500
298.50	303.00	GCSP;0.906
334.50	337.50	GCSP;0.500
355.50	360.00	GCSP;0.784
385.50	388.50	GCSP;0.500
391.50	394.50	GCSP;0.500
417.00	421.50	GCSP;0.947
436.50	441.00	GCSP;0.500
444.00	447.00	GCSP;0.680
453.00	457.50	GCSP;0.500
468.00	471.00	GCSP;0.500
481.50	484.50	GCSP;0.500
492.00	495.00	GCSP;0.500
499.50	502.50	GCSP;0.500
529.50	532.50	GCSP;0.500
538.50	541.50	GCSP;0.500
561.00	565.50	GCSP;0.684
582.00	585.00	GCSP;0.500
595.50	600.00	GCSP;0.500
543.00	547.50	HASP;0.802
121.50	124.50	HETH;0.515
154.50	157.50	LALO;0.659
9.00	12.00	LASP;0.603
130.50	133.50	MOCH;0.969
160.50	165.00	MOCH;0.824
228.00	231.00	MOCH;0.719
258.00	261.00	MOCH;0.685
405.00	408.00	MOCH;0.685
459.00	462.00	MOCH;0.656
522.00	525.00	MOCH;0.655
537.00	540.00	MOCH;0.508
546.00	549.00	MOCH;0.544
573.00	576.00	MOCH;0.530
21.00	24.00	NOCA;0.743
159.00	163.50	OSFL;0.783
174.00	178.50	OSFL;0.569
181.50	186.00	OSFL;0.843
22.50	25.50	PUFI;0.573
489.00	493.50	RWBL;0.705
537.00	540.00	RWBL;0.541
550.50	553.50	RWBL;0.740
538.50	541.50	RBGU;0.508
375.00	378.00	RUGR;0.535
99.00	102.00	SBDO;0.558
60.00	63.00	SNBU;0.560
123.00	127.50	SNBU;0.912
162.00	166.50	SNBU;0.652
190.50	195.00	SNBU;0.622
219.00	223.50	SNBU;0.738
232.50	238.50	SNBU;0.618
331.50	334.50	SNBU;0.544
366.00	369.00	SNBU;0.572
397.50	400.50	SNBU;0.588
430.50	435.00	SNBU;0.718
516.00	520.50	SNBU;0.739
546.00	550.50	SNBU;0.737
577.50	580.50	SNBU;0.540
393.00	396.00	SORA;0.558
96.00	99.00	SPGR;0.549
241.50	244.50	SWSP;0.629
486.00	489.00	SWSP;0.598
504.00	508.50	SWSP;0.686
546.00	549.00	SWSP;0.552
486.00	489.00	VATH;0.773
4.50	9.00	WCSP;0.995
10.50	16.50	WCSP;0.985
18.00	24.00	WCSP;0.987
25.50	30.00	WCSP;0.666
31.50	36.00	WCSP;0.996
40.50	45.00	WCSP;0.993
46.50	52.50	WCSP;0.989
54.00	60.00	WCSP;0.963
61.50	66.00	WCSP;0.977
69.00	72.00	WCSP;0.500
91.50	94.50	WCSP;0.500
109.50	112.50	WCSP;0.500
120.00	123.00	WCSP;0.500
141.00	145.50	WCSP;0.905
150.00	153.00	WCSP;0.500
157.50	162.00	WCSP;0.974
165.00	169.50	WCSP;0.788
171.00	175.50	WCSP;0.989
177.00	184.50	WCSP;0.983
186.00	190.50	WCSP;0.871
205.50	208.50	WCSP;0.500
234.00	238.50	WCSP;0.500
241.50	244.50	WCSP;0.853
273.00	277.50	WCSP;0.564
315.00	319.50	WCSP;0.500
333.00	337.50	WCSP;0.653
339.00	343.50	WCSP;0.500
355.50	358.50	WCSP;0.500
385.50	388.50	WCSP;0.500
391.50	394.50	WCSP;0.557
417.00	423.00	WCSP;0.992
424.50	430.50	WCSP;0.984
432.00	436.50	WCSP;0.991
438.00	442.50	WCSP;0.991
444.00	450.00	WCSP;0.993
453.00	459.00	WCSP;0.985
460.50	465.00	WCSP;0.995
468.00	474.00	WCSP;0.991
475.50	480.00	WCSP;0.988
483.00	487.50	WCSP;0.994
492.00	498.00	WCSP;0.992
499.50	505.50	WCSP;0.990
517.50	522.00	WCSP;0.717
547.50	552.00	WCSP;0.645
597.00	600.00	WCSP;0.500
0.00	6.00	WTSP;0.988
39.00	42.00	WTSP;0.500
52.50	57.00	WTSP;0.557
69.00	75.00	WTSP;0.916
79.50	93.00	WTSP;0.996
94.50	100.50	WTSP;0.990
103.50	109.50	WTSP;0.979
120.00	124.50	WTSP;0.680
126.00	132.00	WTSP;0.894
135.00	141.00	WTSP;0.993
144.00	151.50	WTSP;0.993
165.00	172.50	WTSP;0.984
178.50	181.50	WTSP;0.629
204.00	208.50	WTSP;0.561
214.50	220.50	WTSP;0.982
223.50	229.50	WTSP;0.996
235.50	241.50	WTSP;0.990
246.00	252.00	WTSP;0.996
253.50	261.00	WTSP;0.995
262.50	268.50	WTSP;0.992
271.50	283.50	WTSP;0.996
294.00	304.50	WTSP;0.876
334.50	337.50	WTSP;0.500
357.00	360.00	WTSP;0.500
373.50	378.00	WTSP;0.500
400.50	406.50	WTSP;0.993
408.00	415.50	WTSP;0.991
417.00	420.00	WTSP;0.511
435.00	441.00	WTSP;0.929
444.00	447.00	WTSP;0.500
465.00	469.50	WTSP;0.848
477.00	481.50	WTSP;0.966
498.00	504.00	WTSP;0.992
507.00	514.50	WTSP;0.957
517.50	538.50	WTSP;0.983
540.00	549.00	WTSP;0.993
552.00	577.50	WTSP;0.993
579.00	585.00	WTSP;0.990
588.00	597.00	WTSP;0.993
189.00	192.00	WWCR;0.536
0.00	6.00	WIWA;0.984
9.00	15.00	WIWA;0.985
18.00	22.50	WIWA;0.924
27.00	31.50	WIWA;0.986
36.00	42.00	WIWA;0.837
45.00	51.00	WIWA;0.987
54.00	58.50	WIWA;0.985
63.00	67.50	WIWA;0.974
70.50	76.50	WIWA;0.989
82.50	87.00	WIWA;0.989
93.00	97.50	WIWA;0.968
100.50	106.50	WIWA;0.906
109.50	115.50	WIWA;0.991
118.50	123.00	WIWA;0.890
208.50	213.00	WIWA;0.905
223.50	226.50	WIWA;0.500
240.00	243.00	WIWA;0.762
249.00	253.50	WIWA;0.976
261.00	265.50	WIWA;0.975
274.50	280.50	WIWA;0.976
286.50	291.00	WIWA;0.989
295.50	300.00	WIWA;0.989
306.00	312.00	WIWA;0.977
319.50	324.00	WIWA;0.947
334.50	340.50	WIWA;0.984
351.00	357.00	WIWA;0.991
363.00	367.50	WIWA;0.989
394.50	399.00	WIWA;0.976
403.50	408.00	WIWA;0.991
412.50	418.50	WIWA;0.981
426.00	432.00	WIWA;0.976
435.00	441.00	WIWA;0.901
454.50	460.50	WIWA;0.867
465.00	469.50	WIWA;0.974
484.50	489.00	WIWA;0.500
495.00	499.50	WIWA;0.672
502.50	510.00	WIWA;0.986
513.00	519.00	WIWA;0.988
525.00	529.50	WIWA;0.987
534.00	538.50	WIWA;0.909
544.50	549.00	WIWA;0.575
555.00	559.50	WIWA;0.990
568.50	573.00	WIWA;0.945
579.00	585.00	WIWA;0.983
589.50	594.00	WIWA;0.964
