493.50	498.00	AMAV;0.905
277.50	282.00	AMGP;0.664
517.50	520.50	AMGP;0.517
0.00	4.50	AMRO;0.946
12.00	16.50	AMRO;0.500
18.00	22.50	AMRO;0.519
25.50	37.50	AMRO;0.982
42.00	49.50	AMRO;0.858
51.00	58.50	AMRO;0.665
76.50	81.00	AMRO;0.526
85.50	88.50	AMRO;0.500
91.50	97.50	AMRO;0.949
100.50	111.00	AMRO;0.854
114.00	121.50	AMRO;0.771
127.50	132.00	AMRO;0.500
189.00	193.50	AMRO;0.500
219.00	223.50	AMRO;0.500
229.50	232.50	AMRO;0.500
243.00	247.50	AMRO;0.500
249.00	253.50	AMRO;0.653
268.50	271.50	AMRO;0.500
276.00	291.00	AMRO;0.938
295.50	315.00	AMRO;0.866
321.00	327.00	AMRO;0.928
336.00	340.50	AMRO;0.824
346.50	358.50	AMRO;0.971
360.00	364.50	AMRO;0.722
370.50	375.00	AMRO;0.739
381.00	385.50	AMRO;0.531
390.00	399.00	AMRO;0.575
406.50	411.00	AMRO;0.500
420.00	423.00	AMRO;0.691
436.50	439.50	AMRO;0.648
444.00	448.50	AMRO;0.500
495.00	498.00	AMRO;0.500
514.50	522.00	AMRO;0.727
526.50	529.50	AMRO;0.500
556.50	559.50	AMRO;0.500
567.00	570.00	AMRO;0.500
573.00	577.50	AMRO;0.500
415.50	418.50	ATSP;0.564
189.00	193.50	BAOR;0.839
247.50	250.50	BAOR;0.529
559.50	562.50	BAOR;0.509
544.50	549.00	BEKI;0.704
378.00	381.00	BLOY;0.500
426.00	430.50	BLOY;0.576
76.50	81.00	BRSP;0.869
84.00	87.00	BRSP;0.573
105.00	109.50	BRSP;0.625
112.50	117.00	BRSP;0.835
118.50	121.50	BRSP;0.528
141.00	144.00	BRSP;0.740
171.00	175.50	BRSP;0.559
264.00	267.00	BRSP;0.628
280.50	285.00	BRSP;0.809
421.50	424.50	BRSP;0.591
432.00	435.00	BRSP;0.573
46.50	49.50	CAFI;0.536
225.00	229.50	CAFI;0.719
571.50	574.50	CAFI;0.530
7.50	13.50	CHSP;0.970
21.00	27.00	CHSP;0.961
34.50	40.50	CHSP;0.975
48.00	54.00	CHSP;0.979
60.00	76.50	CHSP;0.991
78.00	91.50	CHSP;0.978
93.00	99.00	CHSP;0.975
102.00	108.00	CHSP;0.986
109.50	115.50	CHSP;0.992
118.50	124.50	CHSP;0.931
129.00	138.00	CHSP;0.980
141.00	147.00	CHSP;0.716
150.00	157.50	CHSP;0.981
160.50	171.00	CHSP;0.981
174.00	180.00	CHSP;0.947
183.00	190.50	CHSP;0.990
195.00	201.00	CHSP;0.993
204.00	210.00	CHSP;0.950
214.50	220.50	CHSP;0.977
222.00	229.50	CHSP;0.975
234.00	240.00	CHSP;0.973
243.00	250.50	CHSP;0.980
253.50	259.50	CHSP;0.936
264.00	270.00	CHSP;0.985
273.00	291.00	CHSP;0.990
294.00	301.50	CHSP;0.978
303.00	312.00	CHSP;0.979
315.00	322.50	CHSP;0.957
325.50	343.50	CHSP;0.960
345.00	352.50	CHSP;0.954
355.50	363.00	CHSP;0.962
364.50	370.50	CHSP;0.860
376.50	382.50	CHSP;0.958
387.00	393.00	CHSP;0.900
399.00	405.00	CHSP;0.968
411.00	417.00	CHSP;0.938
421.50	429.00	CHSP;0.915
432.00	439.50	CHSP;0.976
445.50	451.50	CHSP;0.971
456.00	462.00	CHSP;0.957
466.50	472.50	CHSP;0.964
475.50	487.50	CHSP;0.984
489.00	495.00	CHSP;0.982
501.00	507.00	CHSP;0.984
511.50	519.00	CHSP;0.989
520.50	528.00	CHSP;0.962
531.00	537.00	CHSP;0.919
541.50	547.50	CHSP;0.961
552.00	558.00	CHSP;0.946
562.50	568.50	CHSP;0.958
573.00	580.50	CHSP;0.951
585.00	591.00	CHSP;0.863
249.00	252.00	CLSW;0.640
100.50	103.50	DEJU;0.691
154.50	157.50	DEJU;0.521
402.00	405.00	DEJU;0.516
436.50	439.50	DEJU;0.657
475.50	478.50	DEJU;0.655
504.00	507.00	DEJU;0.520
552.00	555.00	DEJU;0.534
589.50	592.50	DEJU;0.535
580.50	585.00	EAKI;0.984
583.50	586.50	EAME;0.695
9.00	12.00	EATO;0.521
82.50	85.50	EATO;0.585
159.00	162.00	EATO;0.570
147.00	150.00	FISP;0.554
7.50	10.50	FOSP;0.500
12.00	15.00	FOSP;0.500
22.50	27.00	FOSP;0.500
37.50	42.00	FOSP;0.837
48.00	58.50	FOSP;0.794
63.00	67.50	FOSP;0.928
73.50	79.50	FOSP;0.887
87.00	94.50	FOSP;0.974
97.50	102.00	FOSP;0.901
109.50	114.00	FOSP;0.889
129.00	132.00	FOSP;0.500
141.00	147.00	FOSP;0.912
156.00	160.50	FOSP;0.969
177.00	180.00	FOSP;0.555
196.50	201.00	FOSP;0.685
262.50	267.00	FOSP;0.611
402.00	405.00	FOSP;0.500
468.00	472.50	FOSP;0.627
585.00	589.50	FOSP;0.602
597.00	600.00	FOSP;0.500
462.00	465.00	GRCA;0.696
45.00	49.50	GWTE;0.863
112.50	117.00	GWTE;0.662
225.00	228.00	GWTE;0.507
241.50	244.50	GWTE;0.613
247.50	250.50	GWTE;0.581
432.00	435.00	GWTE;0.597
514.50	519.00	GWTE;0.614
312.00	316.50	HASP;0.864
219.00	222.00	HOLA;0.525
259.50	262.50	HOWR;0.518
24.00	28.50	LISP;0.500
40.50	45.00	LISP;0.894
55.50	60.00	LISP;0.945
117.00	121.50	LISP;0.926
132.00	136.50	LISP;0.666
148.50	151.50	LISP;0.695
163.50	168.00	LISP;0.660
177.00	181.50	LISP;0.741
192.00	196.50	LISP;0.975
210.00	214.50	LISP;0.823
226.50	231.00	LISP;0.500
243.00	246.00	LISP;0.796
258.00	264.00	LISP;0.850
273.00	277.50	LISP;0.500
289.50	295.50	LISP;0.981
304.50	309.00	LISP;0.846
319.50	324.00	LISP;0.857
336.00	339.00	LISP;0.824
351.00	355.50	LISP;0.990
367.50	372.00	LISP;0.778
382.50	387.00	LISP;0.973
397.50	402.00	LISP;0.706
412.50	417.00	LISP;0.515
429.00	433.50	LISP;0.934
460.50	463.50	LISP;0.968
475.50	480.00	LISP;0.500
492.00	496.50	LISP;0.829
508.50	513.00	LISP;0.924
523.50	531.00	LISP;0.808
540.00	544.50	LISP;0.958
555.00	559.50	LISP;0.932
573.00	576.00	LISP;0.636
588.00	591.00	LISP;0.829
21.00	24.00	OCWA;0.523
309.00	312.00	PAWA;0.596
492.00	495.00	PAWA;0.511
571.50	574.50	PHVI;0.523
58.50	63.00	PISI;0.995
115.50	118.50	PISI;0.500
121.50	150.00	PISI;0.996
172.50	184.50	PISI;0.973
187.50	225.00	PISI;0.999
228.00	264.00	PISI;0.988
267.00	274.50	PISI;0.983
315.00	324.00	PISI;0.989
379.50	402.00	PISI;0.995
403.50	409.50	PISI;0.836
583.50	586.50	PISI;0.500
588.00	600.00	PISI;0.991
97.50	100.50	PUFI;0.586
262.50	267.00	REVI;0.688
120.00	123.00	RBGU;0.506
399.00	402.00	ROWR;0.594
459.00	462.00	ROWR;0.615
538.50	541.50	ROWR;0.820
115.50	118.50	RUGR;0.501
150.00	153.00	RUGR;0.548
438.00	441.00	RUGR;0.535
475.50	478.50	RUGR;0.572
505.50	508.50	RUGR;0.521
517.50	520.50	RUGR;0.509
555.00	558.00	RUGR;0.671
454.50	457.50	SAPH;0.552
10.50	15.00	SNBU;0.718
73.50	76.50	SNBU;0.687
99.00	102.00	SNBU;0.578
141.00	147.00	SNBU;0.656
175.50	178.50	SNBU;0.605
456.00	459.00	SNBU;0.633
559.50	562.50	SNBU;0.551
574.50	577.50	SOSA;0.627
378.00	381.00	SPGR;0.567
427.50	430.50	SWSP;0.643
507.00	510.00	TBLO;0.608
27.00	31.50	TOSO;0.639
42.00	46.50	TOSO;0.620
51.00	54.00	TOSO;0.519
100.50	105.00	TOSO;0.756
225.00	232.50	TOSO;0.802
304.50	309.00	TOSO;0.652
312.00	315.00	TOSO;0.534
342.00	346.50	TOSO;0.700
375.00	378.00	TOSO;0.966
387.00	391.50	TOSO;0.538
249.00	252.00	TUTI;0.502
381.00	384.00	TUTI;0.574
88.50	91.50	VESP;0.539
585.00	588.00	VESP;0.504
403.50	406.50	WEKI;0.517
0.00	3.00	WCSP;0.578
15.00	18.00	WCSP;0.575
31.50	34.50	WCSP;0.622
288.00	292.50	WCSP;0.724
298.50	303.00	WCSP;0.946
280.50	285.00	WTSP;0.821
312.00	315.00	WTSP;0.527
333.00	337.50	WTSP;0.953
265.50	268.50	WILL;0.505
163.50	168.00	YRWA;0.703
372.00	376.50	YRWA;0.969
418.50	423.00	YRWA;0.741
