97.50	100.50	AMGP;0.502
183.00	186.00	AMGP;0.526
255.00	258.00	AMGP;0.511
0.00	13.50	AMRO;0.992
16.50	21.00	AMRO;0.615
22.50	46.50	AMRO;0.995
48.00	72.00	AMRO;0.962
73.50	78.00	AMRO;0.500
79.50	162.00	AMRO;0.994
163.50	189.00	AMRO;0.984
190.50	210.00	AMRO;0.990
211.50	231.00	AMRO;0.993
234.00	256.50	AMRO;0.991
258.00	262.50	AMRO;0.933
264.00	274.50	AMRO;0.942
276.00	289.50	AMRO;0.995
291.00	294.00	AMRO;0.500
295.50	300.00	AMRO;0.984
162.00	165.00	ATSP;0.539
291.00	295.50	ATSP;0.866
151.50	154.50	BAOR;0.555
193.50	196.50	BAOR;0.634
294.00	297.00	BAOR;0.681
190.50	193.50	BHGR;0.548
70.50	73.50	BHVI;0.780
103.50	106.50	BHVI;0.596
156.00	159.00	BHVI;0.780
177.00	180.00	BHVI;0.567
1.50	4.50	BRSP;0.559
73.50	78.00	BRSP;0.649
79.50	82.50	BRSP;0.542
88.50	91.50	BRSP;0.537
100.50	103.50	BRSP;0.524
144.00	147.00	BRSP;0.677
21.00	24.00	BRTH;0.648
28.50	31.50	BRTH;0.524
42.00	45.00	BRTH;0.692
49.50	52.50	BRTH;0.503
130.50	133.50	BRTH;0.628
189.00	192.00	BRTH;0.612
292.50	295.50	BRTH;0.627
1.50	6.00	CHSP;0.500
9.00	13.50	CHSP;0.684
15.00	19.50	CHSP;0.500
25.50	30.00	CHSP;0.578
31.50	36.00	CHSP;0.638
37.50	42.00	CHSP;0.594
51.00	57.00	CHSP;0.952
66.00	70.50	CHSP;0.683
72.00	75.00	CHSP;0.500
79.50	90.00	CHSP;0.675
96.00	103.50	CHSP;0.730
108.00	114.00	CHSP;0.784
124.50	130.50	CHSP;0.959
133.50	138.00	CHSP;0.580
144.00	147.00	CHSP;0.500
150.00	154.50	CHSP;0.850
165.00	169.50	CHSP;0.690
172.50	175.50	CHSP;0.500
178.50	183.00	CHSP;0.588
192.00	196.50	CHSP;0.533
199.50	202.50	CHSP;0.500
235.50	238.50	CHSP;0.500
265.50	270.00	CHSP;0.582
283.50	286.50	CHSP;0.500
4.50	7.50	DEJU;0.691
9.00	12.00	DEJU;0.648
15.00	21.00	DEJU;0.562
150.00	156.00	DEJU;0.863
174.00	177.00	DEJU;0.543
193.50	196.50	DEJU;0.517
229.50	232.50	DEJU;0.540
241.50	244.50	DEJU;0.540
27.00	30.00	EAME;0.519
34.50	37.50	EAME;0.573
64.50	67.50	EAME;0.599
250.50	253.50	EATO;0.588
268.50	271.50	EATO;0.552
4.50	9.00	FOSP;0.849
12.00	18.00	FOSP;0.976
22.50	28.50	FOSP;0.889
39.00	43.50	FOSP;0.872
45.00	48.00	FOSP;0.500
54.00	58.50	FOSP;0.500
66.00	70.50	FOSP;0.750
72.00	75.00	FOSP;0.500
76.50	81.00	FOSP;0.952
88.50	94.50	FOSP;0.873
105.00	109.50	FOSP;0.970
118.50	124.50	FOSP;0.994
135.00	145.50	FOSP;0.783
147.00	151.50	FOSP;0.500
157.50	160.50	FOSP;0.500
171.00	174.00	FOSP;0.669
177.00	181.50	FOSP;0.769
196.50	199.50	FOSP;0.500
229.50	235.50	FOSP;0.500
247.50	255.00	FOSP;0.890
262.50	265.50	FOSP;0.798
268.50	274.50	FOSP;0.906
288.00	292.50	FOSP;0.500
28.50	31.50	GRCA;0.657
88.50	91.50	HETH;0.518
3.00	7.50	LISP;0.614
18.00	24.00	LISP;0.500
30.00	34.50	LISP;0.961
46.50	49.50	LISP;0.500
61.50	66.00	LISP;0.796
75.00	79.50	LISP;0.977
102.00	106.50	LISP;0.987
115.50	120.00	LISP;0.936
129.00	133.50	LISP;0.905
144.00	147.00	LISP;0.500
160.50	163.50	LISP;0.818
174.00	178.50	LISP;0.700
187.50	192.00	LISP;0.956
214.50	219.00	LISP;0.500
229.50	234.00	LISP;0.501
244.50	249.00	LISP;0.918
259.50	264.00	LISP;0.990
273.00	279.00	LISP;0.971
49.50	52.50	MOBL;0.528
70.50	73.50	OCWA;0.563
15.00	18.00	OROR;0.501
55.50	58.50	OROR;0.542
72.00	76.50	OROR;0.792
231.00	234.00	OROR;0.596
52.50	55.50	PIGR;0.687
166.50	169.50	PIGR;0.594
42.00	51.00	PISI;0.986
54.00	66.00	PISI;0.988
202.50	232.50	PISI;0.997
31.50	34.50	PUFI;0.588
87.00	90.00	PUFI;0.547
96.00	99.00	PUFI;0.519
193.50	196.50	PUFI;0.574
216.00	219.00	PUFI;0.704
231.00	234.00	PUFI;0.670
289.50	292.50	PUFI;0.787
115.50	118.50	ROWR;0.585
0.00	4.50	RBGR;0.699
27.00	30.00	RBGR;0.713
112.50	115.50	RBGR;0.504
151.50	154.50	RBGR;0.706
163.50	166.50	RBGR;0.640
169.50	172.50	RBGR;0.504
247.50	252.00	RBGR;0.723
79.50	82.50	RUGR;0.595
87.00	93.00	RUGR;0.711
19.50	22.50	SEPL;0.578
147.00	150.00	SNBU;0.586
22.50	25.50	SUTA;0.525
16.50	21.00	TOSO;0.694
67.50	72.00	TOSO;0.690
82.50	85.50	TOSO;0.570
205.50	210.00	TOSO;0.565
232.50	237.00	TOSO;0.777
252.00	255.00	TOSO;0.573
274.50	277.50	TOSO;0.600
286.50	289.50	TOSO;0.598
141.00	145.50	VESP;0.653
292.50	295.50	WEFL;0.514
264.00	267.00	WEME;0.503
24.00	27.00	WETA;0.521
21.00	24.00	WCSP;0.558
246.00	250.50	WCSP;0.941
255.00	258.00	WCSP;0.966
19.50	24.00	WTSP;0.768
271.50	276.00	WTSP;0.538
204.00	207.00	WWCR;0.515
63.00	67.50	WILL;0.590
157.50	160.50	WILL;0.509
213.00	216.00	WILL;0.527
