0.00	3.00	AMAV;0.576
337.50	342.00	AMAV;0.912
378.00	381.00	AMDI;0.533
334.50	340.50	AMGP;0.852
457.50	462.00	AGOL;0.784
0.00	3.00	AMRO;0.500
36.00	40.50	AMRO;0.500
46.50	49.50	AMRO;0.500
67.50	72.00	AMRO;0.500
75.00	81.00	AMRO;0.549
88.50	93.00	AMRO;0.554
96.00	105.00	AMRO;0.744
108.00	117.00	AMRO;0.600
118.50	123.00	AMRO;0.757
124.50	129.00	AMRO;0.820
142.50	148.50	AMRO;0.500
171.00	174.00	AMRO;0.500
175.50	178.50	AMRO;0.500
376.50	379.50	AMRO;0.500
393.00	397.50	AMRO;0.950
441.00	445.50	AMRO;0.626
594.00	598.50	AMRO;0.507
34.50	37.50	BLOY;0.564
111.00	115.50	BLOY;0.544
63.00	66.00	BCCH;0.599
0.00	4.50	BRSP;0.500
6.00	10.50	BRSP;0.564
18.00	22.50	BRSP;0.500
39.00	42.00	BRSP;0.500
43.50	52.50	BRSP;0.710
55.50	64.50	BRSP;0.624
69.00	78.00	BRSP;0.647
82.50	94.50	BRSP;0.703
106.50	111.00	BRSP;0.500
114.00	126.00	BRSP;0.500
138.00	145.50	BRSP;0.718
153.00	156.00	BRSP;0.500
157.50	163.50	BRSP;0.500
171.00	175.50	BRSP;0.503
180.00	183.00	BRSP;0.500
189.00	193.50	BRSP;0.724
198.00	201.00	BRSP;0.500
211.50	217.50	BRSP;0.500
225.00	228.00	BRSP;0.500
237.00	240.00	BRSP;0.509
241.50	249.00	BRSP;0.500
253.50	256.50	BRSP;0.500
258.00	262.50	BRSP;0.620
274.50	283.50	BRSP;0.883
288.00	294.00	BRSP;0.663
295.50	298.50	BRSP;0.500
304.50	307.50	BRSP;0.502
318.00	322.50	BRSP;0.500
325.50	328.50	BRSP;0.616
330.00	339.00	BRSP;0.591
351.00	357.00	BRSP;0.656
360.00	367.50	BRSP;0.500
370.50	373.50	BRSP;0.548
381.00	385.50	BRSP;0.597
390.00	394.50	BRSP;0.500
412.50	418.50	BRSP;0.500
423.00	429.00	BRSP;0.624
435.00	438.00	BRSP;0.500
447.00	451.50	BRSP;0.579
453.00	456.00	BRSP;0.500
469.50	475.50	BRSP;0.959
487.50	502.50	BRSP;0.873
507.00	513.00	BRSP;0.500
514.50	519.00	BRSP;0.500
522.00	526.50	BRSP;0.584
544.50	547.50	BRSP;0.500
556.50	565.50	BRSP;0.564
573.00	576.00	BRSP;0.511
582.00	586.50	BRSP;0.792
591.00	594.00	BRSP;0.573
148.50	151.50	BRTH;0.530
309.00	312.00	BRTH;0.602
291.00	294.00	CHSW;0.519
565.50	570.00	CHSW;0.738
0.00	3.00	CHSP;0.500
4.50	13.50	CHSP;0.936
18.00	21.00	CHSP;0.500
25.50	30.00	CHSP;0.710
33.00	82.50	CHSP;0.995
84.00	102.00	CHSP;0.977
103.50	112.50	CHSP;0.991
114.00	124.50	CHSP;0.959
126.00	210.00	CHSP;0.999
211.50	228.00	CHSP;0.996
232.50	259.50	CHSP;0.993
262.50	280.50	CHSP;0.985
286.50	292.50	CHSP;0.979
294.00	301.50	CHSP;0.655
303.00	375.00	CHSP;0.994
376.50	381.00	CHSP;0.704
382.50	415.50	CHSP;0.982
417.00	432.00	CHSP;0.991
435.00	439.50	CHSP;0.975
442.50	454.50	CHSP;0.987
459.00	463.50	CHSP;0.943
469.50	474.00	CHSP;0.757
475.50	486.00	CHSP;0.928
493.50	498.00	CHSP;0.573
507.00	513.00	CHSP;0.643
520.50	525.00	CHSP;0.932
532.50	538.50	CHSP;0.993
544.50	550.50	CHSP;0.953
556.50	565.50	CHSP;0.905
568.50	576.00	CHSP;0.500
577.50	582.00	CHSP;0.867
588.00	594.00	CHSP;0.980
0.00	9.00	CCSP;0.925
10.50	27.00	CCSP;0.986
28.50	40.50	CCSP;0.981
42.00	46.50	CCSP;0.785
48.00	52.50	CCSP;0.974
54.00	58.50	CCSP;0.975
66.00	70.50	CCSP;0.958
72.00	76.50	CCSP;0.500
79.50	91.50	CCSP;0.946
93.00	133.50	CCSP;0.989
135.00	139.50	CCSP;0.955
141.00	145.50	CCSP;0.972
147.00	153.00	CCSP;0.985
154.50	166.50	CCSP;0.981
168.00	172.50	CCSP;0.948
174.00	178.50	CCSP;0.939
181.50	186.00	CCSP;0.875
187.50	193.50	CCSP;0.949
195.00	201.00	CCSP;0.846
202.50	207.00	CCSP;0.941
210.00	214.50	CCSP;0.975
217.50	222.00	CCSP;0.977
225.00	231.00	CCSP;0.991
234.00	240.00	CCSP;0.985
243.00	247.50	CCSP;0.987
252.00	256.50	CCSP;0.937
259.50	265.50	CCSP;0.988
268.50	273.00	CCSP;0.987
276.00	282.00	CCSP;0.983
283.50	289.50	CCSP;0.991
321.00	325.50	CCSP;0.908
331.50	337.50	CCSP;0.959
340.50	345.00	CCSP;0.823
349.50	354.00	CCSP;0.974
364.50	369.00	CCSP;0.671
372.00	376.50	CCSP;0.989
378.00	384.00	CCSP;0.981
388.50	393.00	CCSP;0.500
394.50	399.00	CCSP;0.978
400.50	411.00	CCSP;0.918
412.50	418.50	CCSP;0.976
420.00	426.00	CCSP;0.990
430.50	442.50	CCSP;0.990
448.50	459.00	CCSP;0.988
460.50	471.00	CCSP;0.993
474.00	489.00	CCSP;0.987
490.50	600.00	CCSP;0.996
348.00	351.00	DEJU;0.531
523.50	526.50	DEJU;0.533
96.00	99.00	EABL;0.501
523.50	528.00	EAME;0.584
523.50	528.00	FOSP;0.726
108.00	112.50	GRCA;0.626
19.50	24.00	HOLA;0.575
594.00	597.00	LESA;0.520
12.00	19.50	LISP;0.973
27.00	31.50	LISP;0.882
39.00	45.00	LISP;0.623
57.00	61.50	LISP;0.500
72.00	76.50	LISP;0.614
81.00	84.00	LISP;0.500
88.50	93.00	LISP;0.500
121.50	126.00	LISP;0.548
138.00	142.50	LISP;0.793
145.50	150.00	LISP;0.692
157.50	162.00	LISP;0.824
168.00	172.50	LISP;0.890
187.50	192.00	LISP;0.923
201.00	205.50	LISP;0.948
208.50	216.00	LISP;0.696
228.00	234.00	LISP;0.976
261.00	265.50	LISP;0.845
295.50	300.00	LISP;0.523
312.00	316.50	LISP;0.832
330.00	334.50	LISP;0.500
346.50	349.50	LISP;0.927
358.50	364.50	LISP;0.575
393.00	397.50	LISP;0.828
429.00	433.50	LISP;0.957
465.00	468.00	LISP;0.500
34.50	37.50	MAMU;0.522
6.00	10.50	MOCH;0.829
328.50	331.50	MOCH;0.662
577.50	580.50	MOCH;0.688
375.00	378.00	NOPA;0.790
399.00	402.00	NOPA;0.571
25.50	28.50	PAWA;0.641
267.00	270.00	PAWA;0.677
378.00	381.00	PAWA;0.908
40.50	43.50	PHVI;0.550
175.50	189.00	PISI;0.994
456.00	460.50	PISI;0.967
534.00	558.00	PISI;0.985
144.00	147.00	RBGR;0.532
49.50	52.50	RUTU;0.507
58.50	61.50	RUGR;0.631
97.50	100.50	RUGR;0.517
115.50	123.00	RUGR;0.744
189.00	192.00	RUGR;0.591
387.00	390.00	RUGR;0.510
508.50	513.00	RUGR;0.856
333.00	336.00	SNBU;0.502
43.50	46.50	SPTO;0.668
417.00	420.00	SWSP;0.652
13.50	16.50	TOSO;0.507
154.50	157.50	TOSO;0.519
453.00	456.00	TOWA;0.501
358.50	363.00	WCSP;0.774
409.50	414.00	WTSP;0.988
424.50	427.50	WTSP;0.561
441.00	444.00	WTSP;0.552
498.00	502.50	WTSP;0.913
85.50	88.50	WILL;0.507
1.50	6.00	WIWA;0.963
282.00	285.00	WIWA;0.711
