34.50	37.50	AMAV;0.508
4.50	15.00	AMRO;0.898
18.00	24.00	AMRO;0.793
27.00	36.00	AMRO;0.759
40.50	51.00	AMRO;0.889
54.00	61.50	AMRO;0.634
66.00	73.50	AMRO;0.647
79.50	90.00	AMRO;0.629
96.00	100.50	AMRO;0.825
108.00	118.50	AMRO;0.634
120.00	129.00	AMRO;0.946
132.00	135.00	AMRO;0.607
138.00	150.00	AMRO;0.860
160.50	163.50	AMRO;0.547
166.50	177.00	AMRO;0.991
178.50	190.50	AMRO;0.926
192.00	201.00	AMRO;0.932
207.00	211.50	AMRO;0.741
219.00	223.50	AMRO;0.638
237.00	253.50	AMRO;0.952
258.00	267.00	AMRO;0.810
273.00	280.50	AMRO;0.865
283.50	286.50	AMRO;0.500
288.00	294.00	AMRO;0.577
297.00	300.00	AMRO;0.660
18.00	21.00	BAOR;0.511
222.00	225.00	BAOR;0.646
141.00	144.00	BHGR;0.545
264.00	267.00	BTNW;0.646
154.50	157.50	BRSP;0.578
21.00	24.00	CHSW;0.590
160.50	163.50	CCSP;0.667
195.00	198.00	DEJU;0.540
34.50	39.00	EABL;0.633
45.00	48.00	EABL;0.560
145.50	148.50	EABL;0.736
222.00	225.00	EABL;0.538
73.50	78.00	EATO;0.774
174.00	177.00	EATO;0.904
277.50	280.50	EATO;0.523
0.00	6.00	FOSP;0.792
12.00	16.50	FOSP;0.944
24.00	31.50	FOSP;0.944
36.00	42.00	FOSP;0.918
49.50	54.00	FOSP;0.978
57.00	60.00	FOSP;0.500
61.50	66.00	FOSP;0.972
73.50	79.50	FOSP;0.925
88.50	93.00	FOSP;0.916
103.50	109.50	FOSP;0.940
117.00	123.00	FOSP;0.974
135.00	139.50	FOSP;0.839
148.50	153.00	FOSP;0.991
162.00	168.00	FOSP;0.964
175.50	180.00	FOSP;0.917
187.50	193.50	FOSP;0.950
202.50	207.00	FOSP;0.942
214.50	219.00	FOSP;0.990
228.00	234.00	FOSP;0.995
241.50	247.50	FOSP;0.981
253.50	259.50	FOSP;0.859
265.50	270.00	FOSP;0.984
271.50	276.00	FOSP;0.906
277.50	283.50	FOSP;0.883
291.00	297.00	FOSP;0.865
232.50	235.50	GCSP;0.541
72.00	75.00	GRCA;0.561
201.00	204.00	HETH;0.549
96.00	99.00	HOWR;0.510
42.00	46.50	LISP;0.697
195.00	198.00	LISP;0.514
238.50	241.50	LISP;0.576
142.50	145.50	MOCH;0.866
0.00	4.50	OROR;0.593
12.00	15.00	OROR;0.507
148.50	151.50	OROR;0.507
214.50	217.50	OROR;0.534
253.50	256.50	OROR;0.665
292.50	295.50	OROR;0.626
208.50	211.50	PUFI;0.758
58.50	63.00	RBGR;0.803
157.50	160.50	RBGR;0.555
186.00	189.00	RBGR;0.505
211.50	214.50	RBGR;0.571
43.50	48.00	RUGR;0.594
205.50	210.00	RUGR;0.614
232.50	235.50	RUGR;0.564
244.50	247.50	RUGR;0.572
276.00	280.50	RUGR;0.531
142.50	145.50	SBDO;0.510
48.00	51.00	SOSP;0.544
276.00	279.00	SWSP;0.580
289.50	292.50	SWSP;0.502
33.00	36.00	TOSO;0.651
67.50	70.50	TOSO;0.578
111.00	115.50	TOSO;0.601
70.50	75.00	VATH;0.500
97.50	102.00	VATH;0.616
109.50	114.00	VATH;0.844
192.00	199.50	VATH;0.930
210.00	214.50	VATH;0.809
217.50	222.00	VATH;0.500
274.50	279.00	VATH;0.500
283.50	288.00	VATH;0.881
297.00	300.00	VATH;0.500
103.50	106.50	WAVI;0.571
0.00	9.00	WCSP;0.990
10.50	25.50	WCSP;0.979
27.00	31.50	WCSP;0.908
43.50	51.00	WCSP;0.936
54.00	63.00	WCSP;0.977
64.50	73.50	WCSP;0.989
76.50	82.50	WCSP;0.989
94.50	97.50	WCSP;0.500
109.50	124.50	WCSP;0.935
129.00	139.50	WCSP;0.988
141.00	144.00	WCSP;0.500
147.00	162.00	WCSP;0.992
165.00	168.00	WCSP;0.500
201.00	205.50	WCSP;0.508
217.50	228.00	WCSP;0.981
234.00	249.00	WCSP;0.987
252.00	268.50	WCSP;0.947
282.00	286.50	WCSP;0.987
288.00	292.50	WCSP;0.955
294.00	298.50	WCSP;0.500
3.00	13.50	WTSP;0.983
15.00	19.50	WTSP;0.751
21.00	25.50	WTSP;0.770
40.50	48.00	WTSP;0.720
52.50	57.00	WTSP;0.769
67.50	76.50	WTSP;0.996
79.50	91.50	WTSP;0.994
97.50	105.00	WTSP;0.993
108.00	117.00	WTSP;0.874
121.50	144.00	WTSP;0.996
148.50	160.50	WTSP;0.924
162.00	169.50	WTSP;0.679
172.50	186.00	WTSP;0.991
199.50	204.00	WTSP;0.500
211.50	217.50	WTSP;0.995
222.00	226.50	WTSP;0.834
232.50	241.50	WTSP;0.965
244.50	255.00	WTSP;0.876
256.50	267.00	WTSP;0.911
268.50	279.00	WTSP;0.956
282.00	286.50	WTSP;0.767
294.00	300.00	WTSP;0.933
0.00	4.50	WIWA;0.732
7.50	12.00	WIWA;0.935
15.00	27.00	WIWA;0.971
30.00	34.50	WIWA;0.983
39.00	43.50	WIWA;0.986
46.50	52.50	WIWA;0.975
55.50	60.00	WIWA;0.977
63.00	67.50	WIWA;0.841
73.50	78.00	WIWA;0.567
79.50	85.50	WIWA;0.981
87.00	99.00	WIWA;0.986
100.50	105.00	WIWA;0.975
108.00	112.50	WIWA;0.978
115.50	120.00	WIWA;0.981
123.00	127.50	WIWA;0.824
130.50	135.00	WIWA;0.978
138.00	151.50	WIWA;0.997
153.00	159.00	WIWA;0.983
160.50	166.50	WIWA;0.985
169.50	181.50	WIWA;0.933
183.00	196.50	WIWA;0.991
198.00	204.00	WIWA;0.991
207.00	213.00	WIWA;0.986
214.50	219.00	WIWA;0.528
225.00	229.50	WIWA;0.985
232.50	237.00	WIWA;0.929
267.00	271.50	WIWA;0.558
273.00	279.00	WIWA;0.979
280.50	285.00	WIWA;0.977
286.50	292.50	WIWA;0.990
294.00	300.00	WIWA;0.949
