249.00	252.00	AMGP;0.762
0.00	3.00	AMRO;0.716
4.50	12.00	AMRO;0.820
13.50	28.50	AMRO;0.961
34.50	60.00	AMRO;0.953
66.00	70.50	AMRO;0.897
72.00	120.00	AMRO;0.946
121.50	129.00	AMRO;0.811
136.50	142.50	AMRO;0.763
144.00	148.50	AMRO;0.717
150.00	156.00	AMRO;0.500
157.50	163.50	AMRO;0.893
168.00	175.50	AMRO;0.814
180.00	184.50	AMRO;0.500
189.00	193.50	AMRO;0.846
195.00	226.50	AMRO;0.987
229.50	240.00	AMRO;0.950
244.50	256.50	AMRO;0.848
258.00	261.00	AMRO;0.500
262.50	267.00	AMRO;0.500
271.50	283.50	AMRO;0.935
285.00	300.00	AMRO;0.881
165.00	172.50	ATSP;0.746
43.50	46.50	BBPL;0.586
160.50	165.00	BBPL;0.613
210.00	213.00	BBPL;0.751
240.00	243.00	BBPL;0.774
282.00	285.00	BBPL;0.610
1.50	4.50	BHGR;0.658
61.50	66.00	BHGR;0.734
69.00	72.00	BHGR;0.719
156.00	159.00	BHGR;0.705
175.50	180.00	BHGR;0.744
181.50	186.00	BHGR;0.685
1.50	4.50	BTNW;0.567
228.00	231.00	CHSW;0.607
235.50	238.50	CHSW;0.502
4.50	10.50	CHSP;0.964
31.50	36.00	CHSP;0.553
55.50	60.00	CHSP;0.622
63.00	69.00	CHSP;0.986
73.50	79.50	CHSP;0.939
84.00	91.50	CHSP;0.983
93.00	103.50	CHSP;0.985
106.50	112.50	CHSP;0.990
117.00	133.50	CHSP;0.991
136.50	142.50	CHSP;0.984
147.00	153.00	CHSP;0.985
157.50	163.50	CHSP;0.991
169.50	181.50	CHSP;0.989
186.00	192.00	CHSP;0.976
196.50	201.00	CHSP;0.500
204.00	210.00	CHSP;0.989
214.50	220.50	CHSP;0.923
225.00	228.00	CHSP;0.500
232.50	240.00	CHSP;0.871
244.50	250.50	CHSP;0.984
256.50	261.00	CHSP;0.812
265.50	271.50	CHSP;0.987
276.00	282.00	CHSP;0.983
103.50	106.50	DEJU;0.544
9.00	12.00	EABL;0.695
220.50	223.50	EABL;0.630
276.00	279.00	EABL;0.635
114.00	117.00	EAME;0.604
135.00	138.00	EAME;0.524
126.00	129.00	EATO;0.748
142.50	145.50	EATO;0.511
270.00	273.00	EATO;0.919
12.00	16.50	FOSP;0.826
24.00	33.00	FOSP;0.895
40.50	48.00	FOSP;0.941
60.00	64.50	FOSP;0.928
70.50	73.50	FOSP;0.500
78.00	82.50	FOSP;0.921
94.50	99.00	FOSP;0.962
111.00	115.50	FOSP;0.922
127.50	132.00	FOSP;0.925
135.00	138.00	FOSP;0.597
144.00	148.50	FOSP;0.936
162.00	166.50	FOSP;0.760
177.00	183.00	FOSP;0.954
192.00	196.50	FOSP;0.709
205.50	213.00	FOSP;0.890
220.50	229.50	FOSP;0.985
231.00	235.50	FOSP;0.694
240.00	244.50	FOSP;0.973
255.00	259.50	FOSP;0.872
264.00	267.00	FOSP;0.500
271.50	274.50	FOSP;0.606
280.50	285.00	FOSP;0.632
286.50	291.00	FOSP;0.889
105.00	108.00	GCSP;0.604
133.50	138.00	GCSP;0.643
126.00	130.50	HETH;0.875
192.00	195.00	HETH;0.566
270.00	274.50	HETH;0.611
63.00	66.00	LALO;0.628
163.50	166.50	LASP;0.519
231.00	234.00	MAMU;0.535
46.50	49.50	MOCH;0.551
64.50	67.50	MOCH;0.714
120.00	123.00	MOCH;0.560
184.50	187.50	MOCH;0.558
190.50	193.50	MOCH;0.522
112.50	115.50	REVI;0.553
258.00	261.00	REVI;0.669
0.00	3.00	RBGR;0.500
24.00	27.00	RBGR;0.500
34.50	39.00	RBGR;0.500
43.50	48.00	RBGR;0.507
54.00	64.50	RBGR;0.878
67.50	70.50	RBGR;0.500
72.00	76.50	RBGR;0.572
93.00	96.00	RBGR;0.500
115.50	120.00	RBGR;0.665
136.50	141.00	RBGR;0.500
145.50	148.50	RBGR;0.500
150.00	159.00	RBGR;0.864
162.00	166.50	RBGR;0.500
168.00	177.00	RBGR;0.500
181.50	184.50	RBGR;0.511
186.00	192.00	RBGR;0.832
193.50	198.00	RBGR;0.500
241.50	244.50	RBGR;0.500
258.00	262.50	RBGR;0.500
291.00	294.00	RBGR;0.500
234.00	237.00	RUTU;0.506
18.00	21.00	SBDO;0.534
121.50	124.50	SBDO;0.517
228.00	231.00	SBDO;0.566
75.00	78.00	SWSP;0.583
90.00	94.50	SWSP;0.712
133.50	138.00	SWSP;0.681
27.00	30.00	TOSO;0.839
238.50	241.50	TUTI;0.553
175.50	178.50	VATH;0.539
52.50	57.00	WEFL;0.886
174.00	177.00	WEFL;0.510
1.50	7.50	WCSP;0.980
43.50	46.50	WCSP;0.527
135.00	139.50	WCSP;0.719
208.50	211.50	WCSP;0.548
262.50	267.00	WCSP;0.736
282.00	285.00	WCSP;0.705
0.00	4.50	WTSP;0.924
7.50	18.00	WTSP;0.993
31.50	37.50	WTSP;0.981
46.50	63.00	WTSP;0.996
64.50	73.50	WTSP;0.963
75.00	79.50	WTSP;0.683
82.50	88.50	WTSP;0.893
99.00	103.50	WTSP;0.881
105.00	112.50	WTSP;0.831
118.50	123.00	WTSP;0.729
130.50	136.50	WTSP;0.980
141.00	147.00	WTSP;0.990
151.50	156.00	WTSP;0.955
171.00	174.00	WTSP;0.500
180.00	186.00	WTSP;0.983
195.00	201.00	WTSP;0.954
216.00	220.50	WTSP;0.868
139.50	142.50	WILL;0.512
292.50	295.50	WILL;0.593
21.00	25.50	WIWA;0.984
34.50	39.00	WIWA;0.941
45.00	49.50	WIWA;0.985
58.50	63.00	WIWA;0.978
90.00	94.50	WIWA;0.740
103.50	108.00	WIWA;0.843
133.50	138.00	WIWA;0.530
150.00	154.50	WIWA;0.959
160.50	165.00	WIWA;0.677
192.00	198.00	WIWA;0.836
210.00	216.00	WIWA;0.989
225.00	231.00	WIWA;0.941
237.00	241.50	WIWA;0.981
255.00	259.50	WIWA;0.984
271.50	276.00	WIWA;0.986
283.50	288.00	WIWA;0.988
295.50	300.00	WIWA;0.990
27.00	31.50	YRWA;0.670
48.00	51.00	YRWA;0.680
