52.50	57.00	ATSP;0.865
370.50	376.50	ATSP;0.653
66.00	70.50	BAEA;0.666
280.50	283.50	BEWR;0.524
78.00	81.00	BCCH;0.500
84.00	87.00	BCCH;0.520
114.00	118.50	BCCH;0.500
145.50	148.50	BCCH;0.500
202.50	205.50	BCCH;0.500
222.00	225.00	BCCH;0.500
235.50	238.50	BCCH;0.770
249.00	252.00	BCCH;0.500
255.00	258.00	BCCH;0.672
291.00	294.00	BCCH;0.760
354.00	358.50	BCCH;0.500
375.00	378.00	BCCH;0.500
430.50	433.50	BCCH;0.500
456.00	459.00	BCCH;0.516
462.00	468.00	BCCH;0.647
469.50	474.00	BCCH;0.799
483.00	490.50	BCCH;0.893
493.50	496.50	BCCH;0.500
499.50	504.00	BCCH;0.643
558.00	562.50	BCCH;0.611
586.50	591.00	BCCH;0.735
121.50	126.00	BTNW;0.554
130.50	133.50	BTNW;0.549
318.00	321.00	BTNW;0.513
433.50	436.50	BTNW;0.570
586.50	589.50	BOCH;0.531
246.00	249.00	BRSP;0.523
265.50	268.50	BRSP;0.690
417.00	420.00	BRSP;0.551
439.50	444.00	BRSP;0.898
246.00	249.00	CCSP;0.586
406.50	409.50	CCSP;0.562
88.50	91.50	CONI;0.697
261.00	264.00	DUNL;0.577
15.00	19.50	FISP;0.660
48.00	51.00	FISP;0.500
75.00	79.50	FISP;0.500
106.50	111.00	FISP;0.500
120.00	124.50	FISP;0.523
129.00	132.00	FISP;0.500
151.50	154.50	FISP;0.500
205.50	211.50	FISP;0.537
219.00	222.00	FISP;0.500
226.50	231.00	FISP;0.750
238.50	243.00	FISP;0.500
267.00	270.00	FISP;0.500
276.00	279.00	FISP;0.517
288.00	292.50	FISP;0.707
306.00	310.50	FISP;0.500
330.00	333.00	FISP;0.500
364.50	367.50	FISP;0.918
411.00	415.50	FISP;0.500
436.50	439.50	FISP;0.621
453.00	456.00	FISP;0.500
462.00	465.00	FISP;0.500
471.00	474.00	FISP;0.500
477.00	480.00	FISP;0.500
484.50	489.00	FISP;0.665
492.00	495.00	FISP;0.868
496.50	499.50	FISP;0.797
507.00	510.00	FISP;0.500
591.00	595.50	FISP;0.703
520.50	525.00	FOSP;0.738
531.00	534.00	FOSP;0.570
79.50	82.50	GCSP;0.581
204.00	207.00	GCSP;0.631
367.50	370.50	GCSP;0.555
403.50	406.50	GCSP;0.522
438.00	441.00	GCSP;0.686
447.00	451.50	GCSP;0.830
222.00	225.00	HASP;0.530
6.00	9.00	HETH;0.565
57.00	60.00	HETH;0.526
64.50	69.00	HETH;0.760
78.00	81.00	HETH;0.500
82.50	87.00	HETH;0.982
138.00	141.00	HETH;0.500
142.50	147.00	HETH;0.946
148.50	153.00	HETH;0.554
157.50	162.00	HETH;0.523
166.50	172.50	HETH;0.661
189.00	192.00	HETH;0.500
193.50	196.50	HETH;0.500
205.50	208.50	HETH;0.500
253.50	258.00	HETH;0.500
300.00	303.00	HETH;0.500
330.00	334.50	HETH;0.500
354.00	358.50	HETH;0.722
373.50	376.50	HETH;0.560
400.50	405.00	HETH;0.500
420.00	424.50	HETH;0.795
436.50	439.50	HETH;0.500
442.50	447.00	HETH;0.980
460.50	468.00	HETH;0.760
475.50	480.00	HETH;0.758
481.50	486.00	HETH;0.841
487.50	492.00	HETH;0.859
493.50	498.00	HETH;0.572
499.50	505.50	HETH;0.950
513.00	517.50	HETH;0.500
523.50	526.50	HETH;0.787
558.00	562.50	HETH;0.588
1.50	4.50	HOLA;0.663
297.00	300.00	HOLA;0.625
10.50	15.00	LESA;0.831
168.00	171.00	MAMU;0.507
483.00	486.00	MAMU;0.513
502.50	505.50	MAMU;0.801
532.50	535.50	MAMU;0.540
25.50	30.00	MOCH;0.552
34.50	39.00	MOCH;0.546
48.00	52.50	MOCH;0.500
60.00	69.00	MOCH;0.539
72.00	84.00	MOCH;0.500
90.00	93.00	MOCH;0.500
99.00	103.50	MOCH;0.500
106.50	109.50	MOCH;0.500
114.00	124.50	MOCH;0.816
129.00	133.50	MOCH;0.587
141.00	153.00	MOCH;0.981
166.50	171.00	MOCH;0.619
187.50	192.00	MOCH;0.500
208.50	216.00	MOCH;0.538
219.00	223.50	MOCH;0.500
226.50	231.00	MOCH;0.500
246.00	249.00	MOCH;0.500
253.50	258.00	MOCH;0.580
267.00	270.00	MOCH;0.500
274.50	279.00	MOCH;0.590
289.50	292.50	MOCH;0.500
298.50	303.00	MOCH;0.630
306.00	309.00	MOCH;0.500
318.00	322.50	MOCH;0.898
330.00	337.50	MOCH;0.655
340.50	343.50	MOCH;0.500
348.00	352.50	MOCH;0.659
354.00	357.00	MOCH;0.500
373.50	378.00	MOCH;0.500
411.00	417.00	MOCH;0.595
420.00	424.50	MOCH;0.500
429.00	433.50	MOCH;0.698
442.50	448.50	MOCH;0.500
451.50	459.00	MOCH;0.863
460.50	466.50	MOCH;0.709
471.00	499.50	MOCH;0.988
507.00	511.50	MOCH;0.906
517.50	520.50	MOCH;0.500
522.00	526.50	MOCH;0.787
537.00	540.00	MOCH;0.500
558.00	562.50	MOCH;0.561
570.00	574.50	MOCH;0.500
519.00	522.00	NOCA;0.669
552.00	555.00	NOCA;0.614
553.50	556.50	OROR;0.587
370.50	373.50	PAWA;0.536
159.00	162.00	PIGR;0.543
3.00	12.00	PISI;0.889
37.50	40.50	PROW;0.569
66.00	70.50	PROW;0.581
540.00	543.00	PUFI;0.560
489.00	493.50	RWBL;0.715
259.50	262.50	RBGU;0.500
367.50	370.50	ROWR;0.781
447.00	450.00	ROWR;0.550
468.00	471.00	ROWR;0.565
6.00	9.00	RUGR;0.517
10.50	15.00	RUGR;0.545
573.00	577.50	RUGR;0.705
36.00	39.00	RUBL;0.560
57.00	64.50	RUBL;0.601
210.00	213.00	RUBL;0.551
220.50	223.50	RUBL;0.501
408.00	412.50	RUBL;0.662
516.00	520.50	RUBL;0.814
570.00	574.50	RUBL;0.537
553.50	558.00	SNBU;0.549
573.00	577.50	SNBU;0.594
441.00	444.00	SOSP;0.689
549.00	553.50	TOSO;0.572
13.50	18.00	VGSW;0.785
40.50	43.50	WEFL;0.872
46.50	49.50	WEFL;0.583
4.50	9.00	WCSP;0.803
15.00	30.00	WCSP;0.770
36.00	42.00	WCSP;0.500
48.00	57.00	WCSP;0.771
70.50	84.00	WCSP;0.845
85.50	102.00	WCSP;0.989
106.50	111.00	WCSP;0.801
121.50	127.50	WCSP;0.920
129.00	133.50	WCSP;0.591
139.50	144.00	WCSP;0.736
151.50	156.00	WCSP;0.924
157.50	166.50	WCSP;0.898
172.50	177.00	WCSP;0.980
181.50	186.00	WCSP;0.982
192.00	196.50	WCSP;0.984
204.00	208.50	WCSP;0.500
223.50	235.50	WCSP;0.994
237.00	255.00	WCSP;0.996
256.50	261.00	WCSP;0.990
262.50	268.50	WCSP;0.990
270.00	276.00	WCSP;0.994
277.50	282.00	WCSP;0.991
285.00	297.00	WCSP;0.991
298.50	310.50	WCSP;0.983
313.50	321.00	WCSP;0.898
328.50	340.50	WCSP;0.985
342.00	346.50	WCSP;0.976
351.00	363.00	WCSP;0.993
364.50	373.50	WCSP;0.994
376.50	381.00	WCSP;0.987
382.50	388.50	WCSP;0.988
394.50	399.00	WCSP;0.989
403.50	409.50	WCSP;0.991
414.00	420.00	WCSP;0.988
423.00	436.50	WCSP;0.991
438.00	444.00	WCSP;0.990
445.50	453.00	WCSP;0.984
457.50	471.00	WCSP;0.992
472.50	475.50	WCSP;0.500
478.50	481.50	WCSP;0.713
486.00	489.00	WCSP;0.500
498.00	502.50	WCSP;0.995
508.50	513.00	WCSP;0.975
591.00	594.00	WCSP;0.500
120.00	123.00	WTSP;0.509
139.50	142.50	WTSP;0.557
144.00	147.00	WTSP;0.546
211.50	216.00	WTSP;0.653
265.50	270.00	WTSP;0.560
276.00	279.00	WTSP;0.557
300.00	303.00	WTSP;0.506
342.00	345.00	WTSP;0.645
367.50	370.50	WTSP;0.538
444.00	447.00	WTSP;0.729
471.00	474.00	WTSP;0.596
144.00	147.00	WOTH;0.609
