111.00	114.00	AMDI;0.558
120.00	123.00	AMDI;0.522
193.50	196.50	AMDI;0.544
13.50	16.50	BCCH;0.655
148.50	151.50	BHVI;0.598
130.50	133.50	BRBL;0.532
60.00	63.00	BRSP;0.684
84.00	87.00	BRSP;0.828
96.00	102.00	BRSP;0.829
174.00	177.00	CAVI;0.558
12.00	16.50	CHSP;0.500
27.00	31.50	CHSP;0.859
48.00	52.50	CHSP;0.605
58.50	63.00	CHSP;0.640
174.00	177.00	CHSP;0.500
186.00	190.50	CHSP;0.780
195.00	199.50	CHSP;0.694
207.00	210.00	CHSP;0.808
286.50	292.50	CHSP;0.934
0.00	3.00	FOSP;0.500
91.50	94.50	FOSP;0.500
111.00	117.00	FOSP;0.978
120.00	126.00	FOSP;0.976
132.00	138.00	FOSP;0.959
144.00	150.00	FOSP;0.954
157.50	162.00	FOSP;0.981
169.50	175.50	FOSP;0.983
190.50	195.00	FOSP;0.953
202.50	208.50	FOSP;0.968
216.00	222.00	FOSP;0.958
231.00	235.50	FOSP;0.981
249.00	255.00	FOSP;0.946
265.50	271.50	FOSP;0.971
283.50	289.50	FOSP;0.914
1.50	4.50	GCSP;0.631
55.50	58.50	GCSP;0.709
82.50	85.50	GCSP;0.613
175.50	178.50	GCSP;0.528
187.50	192.00	GCSP;0.695
198.00	201.00	GCSP;0.515
222.00	225.00	GCSP;0.526
280.50	285.00	GCSP;0.674
289.50	294.00	GCSP;0.813
115.50	118.50	GCFL;0.539
207.00	210.00	GCFL;0.692
148.50	151.50	HASP;0.663
199.50	202.50	HASP;0.577
54.00	57.00	HOFI;0.563
24.00	28.50	LOSH;0.543
183.00	186.00	LBDO;0.636
4.50	9.00	MOCH;0.514
13.50	16.50	MOCH;0.500
40.50	43.50	MOCH;0.980
55.50	58.50	MOCH;0.500
66.00	73.50	MOCH;0.979
84.00	93.00	MOCH;0.903
94.50	99.00	MOCH;0.500
103.50	109.50	MOCH;0.614
124.50	127.50	MOCH;0.500
138.00	141.00	MOCH;0.500
151.50	154.50	MOCH;0.500
175.50	178.50	MOCH;0.500
187.50	190.50	MOCH;0.500
201.00	205.50	MOCH;0.890
208.50	217.50	MOCH;0.827
222.00	225.00	MOCH;0.500
226.50	229.50	MOCH;0.653
237.00	240.00	MOCH;0.500
241.50	249.00	MOCH;0.990
256.50	259.50	MOCH;0.500
264.00	268.50	MOCH;0.500
270.00	273.00	MOCH;0.659
292.50	295.50	MOCH;0.500
249.00	252.00	NOCA;0.506
31.50	34.50	NSHR;0.688
58.50	61.50	NSHR;0.593
100.50	103.50	NOWA;0.608
139.50	142.50	NOWA;0.814
168.00	171.00	NOWA;0.547
174.00	177.00	NOWA;0.655
225.00	228.00	NOWA;0.533
0.00	3.00	OROR;0.572
156.00	159.00	RECR;0.544
283.50	288.00	RECR;0.539
277.50	280.50	RUTU;0.538
85.50	88.50	RUGR;0.633
90.00	94.50	SOSP;0.595
96.00	102.00	SOSP;0.743
0.00	6.00	SWSP;0.912
7.50	16.50	SWSP;0.500
21.00	28.50	SWSP;0.766
33.00	37.50	SWSP;0.684
40.50	45.00	SWSP;0.747
48.00	52.50	SWSP;0.561
70.50	76.50	SWSP;0.973
79.50	82.50	SWSP;0.500
87.00	91.50	SWSP;0.717
94.50	99.00	SWSP;0.649
100.50	106.50	SWSP;0.655
109.50	114.00	SWSP;0.662
117.00	121.50	SWSP;0.864
124.50	130.50	SWSP;0.934
141.00	145.50	SWSP;0.921
148.50	153.00	SWSP;0.635
154.50	159.00	SWSP;0.500
162.00	166.50	SWSP;0.500
169.50	172.50	SWSP;0.500
175.50	180.00	SWSP;0.500
181.50	187.50	SWSP;0.909
196.50	202.50	SWSP;0.638
207.00	210.00	SWSP;0.500
219.00	231.00	SWSP;0.948
234.00	238.50	SWSP;0.731
240.00	244.50	SWSP;0.570
246.00	250.50	SWSP;0.535
262.50	265.50	SWSP;0.500
270.00	273.00	SWSP;0.582
276.00	280.50	SWSP;0.883
291.00	295.50	SWSP;0.598
16.50	21.00	TEWA;0.500
31.50	36.00	TEWA;0.578
40.50	43.50	TEWA;0.500
78.00	84.00	TEWA;0.888
100.50	106.50	TEWA;0.568
108.00	112.50	TEWA;0.575
162.00	166.50	TEWA;0.799
169.50	174.00	TEWA;0.721
175.50	180.00	TEWA;0.530
226.50	229.50	TEWA;0.558
253.50	259.50	TEWA;0.903
261.00	264.00	TEWA;0.500
289.50	294.00	TEWA;0.531
297.00	300.00	TEWA;0.821
117.00	121.50	VATH;0.982
201.00	204.00	VATH;0.640
139.50	142.50	WEWP;0.572
3.00	7.50	WCSP;0.959
15.00	19.50	WCSP;0.986
28.50	33.00	WCSP;0.904
42.00	46.50	WCSP;0.787
51.00	55.50	WCSP;0.911
69.00	73.50	WCSP;0.898
82.50	87.00	WCSP;0.630
91.50	94.50	WCSP;0.500
96.00	99.00	WCSP;0.500
108.00	112.50	WCSP;0.910
118.50	123.00	WCSP;0.818
136.50	141.00	WCSP;0.984
150.00	154.50	WCSP;0.942
162.00	169.50	WCSP;0.982
177.00	181.50	WCSP;0.934
189.00	192.00	WCSP;0.500
210.00	216.00	WCSP;0.840
222.00	232.50	WCSP;0.955
235.50	241.50	WCSP;0.818
247.50	252.00	WCSP;0.978
258.00	265.50	WCSP;0.963
270.00	274.50	WCSP;0.968
280.50	286.50	WCSP;0.979
291.00	298.50	WCSP;0.934
1.50	6.00	WTSP;0.523
13.50	22.50	WTSP;0.822
28.50	33.00	WTSP;0.500
37.50	46.50	WTSP;0.993
52.50	60.00	WTSP;0.500
64.50	69.00	WTSP;0.987
87.00	99.00	WTSP;0.981
103.50	111.00	WTSP;0.992
118.50	123.00	WTSP;0.569
124.50	127.50	WTSP;0.819
148.50	153.00	WTSP;0.651
160.50	166.50	WTSP;0.608
168.00	171.00	WTSP;0.500
175.50	180.00	WTSP;0.548
187.50	192.00	WTSP;0.704
198.00	204.00	WTSP;0.966
211.50	219.00	WTSP;0.931
222.00	226.50	WTSP;0.630
234.00	238.50	WTSP;0.500
240.00	244.50	WTSP;0.973
246.00	249.00	WTSP;0.500
258.00	274.50	WTSP;0.959
279.00	283.50	WTSP;0.966
292.50	300.00	WTSP;0.629
9.00	13.50	YRWA;0.548
16.50	24.00	YRWA;0.555
34.50	39.00	YRWA;0.976
45.00	49.50	YRWA;0.988
61.50	66.00	YRWA;0.988
81.00	85.50	YRWA;0.989
142.50	145.50	YRWA;0.500
174.00	177.00	YTVI;0.607
