249.00	252.00	AMDI;0.523
225.00	229.50	EAME;0.726
138.00	142.50	EATO;0.721
232.50	237.00	EATO;0.946
261.00	264.00	EATO;0.857
274.50	277.50	EATO;0.541
288.00	292.50	EATO;0.923
198.00	201.00	EVGR;0.577
291.00	294.00	EVGR;0.630
138.00	142.50	FOSP;0.805
160.50	165.00	FOSP;0.500
175.50	178.50	FOSP;0.500
181.50	184.50	FOSP;0.516
189.00	193.50	FOSP;0.992
199.50	204.00	FOSP;0.746
208.50	213.00	FOSP;0.823
220.50	229.50	FOSP;0.893
249.00	252.00	FOSP;0.500
262.50	265.50	FOSP;0.500
276.00	280.50	FOSP;0.500
289.50	292.50	FOSP;0.779
187.50	190.50	HETH;0.550
103.50	106.50	LALO;0.520
192.00	195.00	PUFI;0.509
205.50	210.00	SBDO;0.836
159.00	165.00	SNBU;0.823
198.00	202.50	SNBU;0.581
220.50	223.50	SPGR;0.600
232.50	238.50	SPGR;0.697
253.50	256.50	SPGR;0.544
204.00	207.00	WEME;0.501
208.50	213.00	WCSP;0.689
