52.50	55.50	AMDI;0.560
144.00	147.00	AMDI;0.547
151.50	156.00	AMDI;0.636
162.00	166.50	AMDI;0.693
285.00	288.00	AMDI;0.561
211.50	216.00	AMGP;0.814
286.50	289.50	AMRO;0.548
67.50	70.50	ATSP;0.500
94.50	99.00	ATSP;0.956
156.00	162.00	ATSP;0.998
175.50	180.00	ATSP;0.934
196.50	199.50	ATSP;0.500
228.00	231.00	ATSP;0.500
244.50	247.50	ATSP;0.500
256.50	261.00	ATSP;0.500
135.00	138.00	BAIS;0.731
193.50	198.00	BAIS;0.842
175.50	178.50	BEKI;0.704
255.00	259.50	BEKI;0.648
28.50	31.50	BRSP;0.590
70.50	75.00	BRSP;0.728
133.50	136.50	BRSP;0.681
223.50	226.50	BRSP;0.648
247.50	250.50	BRSP;0.585
58.50	61.50	BRCR;0.515
0.00	7.50	CHSP;0.995
9.00	40.50	CHSP;0.997
70.50	76.50	CHSP;0.980
220.50	226.50	CHSP;0.961
228.00	244.50	CHSP;0.963
247.50	253.50	CHSP;0.806
258.00	264.00	CHSP;0.988
270.00	274.50	CHSP;0.957
276.00	280.50	CHSP;0.544
288.00	294.00	CHSP;0.500
297.00	300.00	CHSP;0.500
88.50	91.50	CCSP;0.537
28.50	31.50	DEJU;0.551
33.00	42.00	DEJU;0.734
58.50	63.00	DEJU;0.989
274.50	279.00	DEJU;0.705
133.50	136.50	EAME;0.563
231.00	234.00	FISP;0.570
94.50	97.50	FOSP;0.500
100.50	109.50	FOSP;0.754
112.50	117.00	FOSP;0.973
123.00	129.00	FOSP;0.982
138.00	141.00	FOSP;0.500
196.50	199.50	FOSP;0.614
205.50	210.00	FOSP;0.500
288.00	292.50	FOSP;0.634
156.00	159.00	GCSP;0.615
166.50	171.00	GCSP;0.595
180.00	183.00	GCSP;0.513
189.00	192.00	GCSP;0.584
225.00	228.00	GCSP;0.653
286.50	289.50	GRCA;0.520
3.00	6.00	HASP;0.581
12.00	15.00	HASP;0.562
39.00	42.00	HASP;0.780
82.50	87.00	HASP;0.612
147.00	150.00	HASP;0.794
243.00	246.00	HASP;0.522
142.50	147.00	LISP;0.500
181.50	186.00	LISP;0.550
205.50	210.00	LISP;0.686
244.50	249.00	LISP;0.711
256.50	261.00	LISP;0.500
265.50	271.50	LISP;0.974
274.50	279.00	LISP;0.623
283.50	289.50	LISP;0.877
292.50	297.00	LISP;0.966
3.00	6.00	MOCH;0.500
12.00	15.00	MOCH;0.500
42.00	45.00	MOCH;0.612
57.00	60.00	MOCH;0.990
85.50	88.50	MOCH;0.500
99.00	102.00	MOCH;0.500
103.50	106.50	MOCH;0.500
156.00	159.00	MOCH;0.500
175.50	178.50	MOCH;0.500
189.00	192.00	MOCH;0.500
201.00	204.00	MOCH;0.691
210.00	213.00	MOCH;0.899
246.00	249.00	MOCH;0.500
250.50	255.00	MOCH;0.909
262.50	267.00	MOCH;0.598
273.00	276.00	MOCH;0.502
283.50	286.50	MOCH;0.556
66.00	69.00	OCWA;0.979
84.00	87.00	OCWA;0.725
120.00	124.50	OCWA;0.738
246.00	250.50	PUFI;0.645
285.00	289.50	PUFI;0.618
295.50	298.50	PUFI;0.680
111.00	114.00	RECR;0.541
123.00	126.00	RECR;0.665
82.50	85.50	ROWR;0.642
109.50	112.50	ROWR;0.512
120.00	123.00	ROWR;0.535
190.50	199.50	RUGR;0.818
262.50	265.50	RUBL;0.580
279.00	283.50	SNBU;0.914
226.50	229.50	SOSA;0.600
24.00	28.50	SWTH;0.834
36.00	39.00	SWTH;0.872
45.00	49.50	SWTH;0.994
211.50	214.50	SWSP;0.516
217.50	220.50	VATH;0.526
4.50	12.00	WCSP;0.989
13.50	18.00	WCSP;0.955
21.00	30.00	WCSP;0.981
58.50	67.50	WCSP;0.990
69.00	73.50	WCSP;0.962
76.50	105.00	WCSP;0.997
106.50	115.50	WCSP;0.993
117.00	121.50	WCSP;0.998
127.50	136.50	WCSP;0.993
139.50	153.00	WCSP;0.990
156.00	165.00	WCSP;0.979
168.00	172.50	WCSP;0.978
178.50	184.50	WCSP;0.990
190.50	195.00	WCSP;0.993
202.50	207.00	WCSP;0.921
214.50	219.00	WCSP;0.988
225.00	231.00	WCSP;0.992
0.00	6.00	WTSP;0.978
13.50	16.50	WTSP;0.500
18.00	22.50	WTSP;0.835
39.00	45.00	WTSP;0.972
54.00	61.50	WTSP;0.985
69.00	72.00	WTSP;0.500
82.50	88.50	WTSP;0.709
90.00	93.00	WTSP;0.500
102.00	106.50	WTSP;0.905
115.50	120.00	WTSP;0.965
129.00	133.50	WTSP;0.978
139.50	147.00	WTSP;0.780
153.00	163.50	WTSP;0.996
165.00	171.00	WTSP;0.979
177.00	181.50	WTSP;0.993
189.00	193.50	WTSP;0.696
207.00	213.00	WTSP;0.989
217.50	223.50	WTSP;0.996
228.00	234.00	WTSP;0.880
243.00	249.00	WTSP;0.992
250.50	253.50	WTSP;0.500
259.50	264.00	WTSP;0.918
273.00	277.50	WTSP;0.623
280.50	285.00	WTSP;0.992
286.50	291.00	WTSP;0.500
295.50	300.00	WTSP;0.977
136.50	139.50	WIWR;0.513
19.50	22.50	YRWA;0.740
