181.50	184.50	AMDI;0.616
48.00	51.00	AMPI;0.522
502.50	505.50	BLTU;0.602
532.50	535.50	BLTU;0.512
123.00	126.00	BRCR;0.514
10.50	13.50	CHSW;0.500
42.00	46.50	CHSW;0.500
52.50	57.00	CHSW;0.696
63.00	66.00	CHSW;0.500
75.00	79.50	CHSW;0.500
87.00	91.50	CHSW;0.961
105.00	109.50	CHSW;0.500
246.00	249.00	CHSW;0.500
255.00	258.00	CHSW;0.500
261.00	267.00	CHSW;0.500
289.50	294.00	CHSW;0.587
297.00	300.00	CHSW;0.820
363.00	367.50	CHSW;0.870
382.50	387.00	CHSW;0.500
391.50	394.50	CHSW;0.500
411.00	414.00	CHSW;0.552
420.00	423.00	CHSW;0.500
459.00	465.00	CHSW;0.500
496.50	501.00	CHSW;0.692
522.00	526.50	CHSW;0.500
543.00	546.00	CHSW;0.500
555.00	559.50	CHSW;0.500
597.00	600.00	CHSW;0.500
208.50	213.00	EAME;0.561
243.00	247.50	EAME;0.649
39.00	42.00	FISP;0.546
364.50	367.50	FISP;0.586
432.00	436.50	FISP;0.628
478.50	483.00	FISP;0.825
526.50	529.50	FISP;0.656
573.00	576.00	FISP;0.519
4.50	9.00	FOSP;0.890
34.50	39.00	FOSP;0.813
49.50	55.50	FOSP;0.962
66.00	70.50	FOSP;0.600
108.00	112.50	FOSP;0.965
118.50	123.00	FOSP;0.833
129.00	133.50	FOSP;0.548
136.50	142.50	FOSP;0.964
150.00	153.00	FOSP;0.638
157.50	163.50	FOSP;0.507
169.50	174.00	FOSP;0.974
180.00	183.00	FOSP;0.500
189.00	193.50	FOSP;0.857
201.00	205.50	FOSP;0.533
217.50	223.50	FOSP;0.891
231.00	235.50	FOSP;0.941
243.00	247.50	FOSP;0.556
250.50	256.50	FOSP;0.985
112.50	117.00	LISP;0.685
549.00	553.50	LISP;0.795
504.00	507.00	MAWR;0.547
16.50	21.00	MOCH;0.872
37.50	43.50	MOCH;0.500
60.00	64.50	MOCH;0.500
96.00	100.50	MOCH;0.920
162.00	165.00	MOCH;0.500
187.50	190.50	MOCH;0.500
216.00	219.00	MOCH;0.910
249.00	252.00	MOCH;0.630
265.50	268.50	MOCH;0.500
279.00	283.50	MOCH;0.721
322.50	328.50	MOCH;0.983
363.00	366.00	MOCH;0.500
415.50	421.50	MOCH;0.878
430.50	433.50	MOCH;0.500
463.50	469.50	MOCH;0.826
477.00	480.00	MOCH;0.579
507.00	513.00	MOCH;0.748
523.50	526.50	MOCH;0.520
538.50	543.00	MOCH;0.632
556.50	561.00	MOCH;0.639
588.00	592.50	MOCH;0.635
178.50	181.50	OROR;0.685
159.00	162.00	PUFI;0.507
517.50	520.50	RECR;0.511
531.00	534.00	RECR;0.638
102.00	105.00	RUTU;0.592
519.00	523.50	RUTU;0.577
15.00	18.00	RUGR;0.721
27.00	30.00	RUGR;0.746
46.50	49.50	RUGR;0.544
51.00	54.00	RUGR;0.536
81.00	85.50	RUGR;0.659
87.00	90.00	RUGR;0.520
99.00	102.00	RUGR;0.743
526.50	529.50	RUGR;0.619
556.50	559.50	RUGR;0.545
595.50	598.50	RUGR;0.703
19.50	24.00	SNBU;0.788
33.00	39.00	SNBU;0.832
64.50	70.50	SNBU;0.919
108.00	111.00	SNBU;0.500
118.50	123.00	SNBU;0.766
127.50	133.50	SNBU;0.818
148.50	153.00	SNBU;0.918
157.50	163.50	SNBU;0.862
178.50	183.00	SNBU;0.686
189.00	196.50	SNBU;0.909
199.50	204.00	SNBU;0.610
217.50	220.50	SNBU;0.500
231.00	235.50	SNBU;0.500
243.00	247.50	SNBU;0.500
250.50	253.50	SNBU;0.500
501.00	504.00	SNBU;0.500
592.50	597.00	SOSA;0.611
43.50	46.50	SWSP;0.553
63.00	66.00	SWSP;0.525
105.00	108.00	SWSP;0.539
192.00	195.00	SWSP;0.573
255.00	258.00	SWSP;0.554
307.50	312.00	SWSP;0.951
355.50	358.50	SWSP;0.522
382.50	387.00	SWSP;0.806
423.00	426.00	SWSP;0.604
462.00	465.00	SWSP;0.507
469.50	472.50	SWSP;0.544
496.50	501.00	SWSP;0.561
543.00	546.00	SWSP;0.503
579.00	582.00	SWSP;0.534
139.50	142.50	VESP;0.621
210.00	213.00	VESP;0.625
232.50	237.00	WCSP;0.569
16.50	21.00	WTSP;0.609
39.00	42.00	WTSP;0.500
97.50	100.50	WTSP;0.500
121.50	126.00	WTSP;0.696
162.00	165.00	WTSP;0.500
216.00	219.00	WTSP;0.500
249.00	253.50	WTSP;0.735
279.00	283.50	WTSP;0.783
364.50	369.00	WTSP;0.549
415.50	420.00	WTSP;0.957
430.50	436.50	WTSP;0.877
463.50	468.00	WTSP;0.758
477.00	483.00	WTSP;0.819
484.50	489.00	WTSP;0.500
507.00	513.00	WTSP;0.827
523.50	529.50	WTSP;0.990
538.50	543.00	WTSP;0.500
558.00	561.00	WTSP;0.500
571.50	576.00	WTSP;0.885
588.00	592.50	WTSP;0.877
229.50	232.50	WWCR;0.825
241.50	244.50	WWCR;0.720
19.50	24.00	WIWA;0.653
42.00	46.50	WIWA;0.579
54.00	57.00	WIWA;0.554
63.00	67.50	WIWA;0.500
96.00	100.50	WIWA;0.760
106.50	109.50	WIWA;0.506
124.50	129.00	WIWA;0.976
135.00	139.50	WIWA;0.975
145.50	150.00	WIWA;0.958
156.00	160.50	WIWA;0.961
171.00	175.50	WIWA;0.988
181.50	186.00	WIWA;0.983
190.50	193.50	WIWA;0.500
199.50	204.00	WIWA;0.764
208.50	213.00	WIWA;0.898
217.50	222.00	WIWA;0.920
225.00	231.00	WIWA;0.987
234.00	238.50	WIWA;0.990
243.00	247.50	WIWA;0.927
261.00	265.50	WIWA;0.950
270.00	276.00	WIWA;0.988
280.50	285.00	WIWA;0.979
289.50	292.50	WIWA;0.558
298.50	303.00	WIWA;0.986
307.50	310.50	WIWA;0.620
316.50	321.00	WIWA;0.863
325.50	330.00	WIWA;0.977
334.50	339.00	WIWA;0.973
343.50	349.50	WIWA;0.985
352.50	357.00	WIWA;0.818
382.50	387.00	WIWA;0.539
393.00	397.50	WIWA;0.988
402.00	406.50	WIWA;0.963
411.00	415.50	WIWA;0.931
421.50	424.50	WIWA;0.835
430.50	435.00	WIWA;0.807
441.00	445.50	WIWA;0.888
450.00	454.50	WIWA;0.907
460.50	465.00	WIWA;0.793
469.50	474.00	WIWA;0.839
522.00	526.50	WIWA;0.697
541.50	546.00	WIWA;0.937
555.00	559.50	WIWA;0.588
567.00	571.50	WIWA;0.962
