235.50	238.50	AMDI;0.514
145.50	148.50	AMGP;0.922
0.00	3.00	AMRO;0.539
4.50	10.50	AMRO;0.949
12.00	16.50	AMRO;0.788
18.00	22.50	AMRO;0.580
24.00	28.50	AMRO;0.987
30.00	34.50	AMRO;0.954
36.00	49.50	AMRO;0.992
51.00	58.50	AMRO;0.881
60.00	64.50	AMRO;0.976
66.00	70.50	AMRO;0.982
72.00	78.00	AMRO;0.988
79.50	82.50	AMRO;0.500
84.00	120.00	AMRO;0.993
121.50	126.00	AMRO;0.919
127.50	147.00	AMRO;0.996
150.00	171.00	AMRO;0.974
172.50	204.00	AMRO;0.994
205.50	237.00	AMRO;0.997
238.50	259.50	AMRO;0.995
261.00	277.50	AMRO;0.994
279.00	289.50	AMRO;0.991
291.00	300.00	AMRO;0.998
276.00	279.00	ATSP;0.695
99.00	102.00	BAOR;0.507
52.50	55.50	BCCH;0.715
63.00	67.50	BCCH;0.760
82.50	85.50	BCCH;0.543
181.50	186.00	BCCH;0.769
204.00	207.00	BCCH;0.594
210.00	213.00	BHGR;0.699
277.50	280.50	BRTH;0.559
0.00	66.00	CHSP;0.994
70.50	76.50	CHSP;0.924
78.00	84.00	CHSP;0.989
91.50	94.50	CHSP;0.500
97.50	102.00	CHSP;0.674
103.50	106.50	CHSP;0.500
108.00	112.50	CHSP;0.725
114.00	118.50	CHSP;0.689
132.00	136.50	CHSP;0.802
138.00	144.00	CHSP;0.606
145.50	148.50	CHSP;0.808
153.00	157.50	CHSP;0.671
159.00	163.50	CHSP;0.595
168.00	172.50	CHSP;0.827
177.00	181.50	CHSP;0.500
187.50	192.00	CHSP;0.961
205.50	235.50	CHSP;0.977
274.50	279.00	CHSP;0.500
286.50	292.50	CHSP;0.827
96.00	99.00	DEJU;0.508
130.50	133.50	DEJU;0.564
147.00	150.00	DEJU;0.544
156.00	159.00	DEJU;0.689
186.00	189.00	DEJU;0.812
192.00	195.00	DEJU;0.519
118.50	121.50	EATO;0.581
27.00	30.00	FISP;0.786
69.00	72.00	FOSP;0.500
105.00	111.00	FOSP;0.852
120.00	123.00	FOSP;0.539
142.50	147.00	FOSP;0.716
174.00	180.00	FOSP;0.911
235.50	241.50	FOSP;0.953
270.00	274.50	FOSP;0.732
294.00	298.50	FOSP;0.849
36.00	39.00	GCSP;0.509
273.00	276.00	GRCA;0.535
133.50	136.50	GWTE;0.606
202.50	205.50	HASP;0.737
34.50	40.50	HETH;0.542
42.00	46.50	HETH;0.814
48.00	55.50	HETH;0.834
57.00	61.50	HETH;0.951
63.00	67.50	HETH;0.678
72.00	75.00	HETH;0.534
81.00	85.50	HETH;0.500
93.00	96.00	HETH;0.500
105.00	111.00	HETH;0.500
148.50	153.00	HETH;0.500
159.00	168.00	HETH;0.786
171.00	175.50	HETH;0.732
177.00	181.50	HETH;0.500
183.00	186.00	HETH;0.500
189.00	193.50	HETH;0.764
205.50	213.00	HETH;0.639
216.00	223.50	HETH;0.693
229.50	234.00	HETH;0.930
241.50	246.00	HETH;0.544
264.00	268.50	HETH;0.811
282.00	286.50	HETH;0.500
27.00	30.00	HOFI;0.541
208.50	213.00	MAMU;0.690
154.50	157.50	MOBL;0.502
3.00	6.00	MOCH;0.500
15.00	18.00	MOCH;0.500
21.00	24.00	MOCH;0.500
25.50	30.00	MOCH;0.500
37.50	40.50	MOCH;0.500
42.00	45.00	MOCH;0.560
48.00	55.50	MOCH;0.763
57.00	60.00	MOCH;0.500
63.00	66.00	MOCH;0.500
73.50	76.50	MOCH;0.500
82.50	85.50	MOCH;0.608
87.00	90.00	MOCH;0.500
103.50	106.50	MOCH;0.585
114.00	118.50	MOCH;0.536
120.00	124.50	MOCH;0.500
135.00	138.00	MOCH;0.583
148.50	153.00	MOCH;0.890
159.00	168.00	MOCH;0.780
171.00	175.50	MOCH;0.568
177.00	180.00	MOCH;0.500
189.00	196.50	MOCH;0.568
208.50	213.00	MOCH;0.651
219.00	223.50	MOCH;0.606
229.50	232.50	MOCH;0.500
241.50	246.00	MOCH;0.751
264.00	268.50	MOCH;0.726
222.00	225.00	NOPA;0.522
99.00	102.00	PAWA;0.763
109.50	117.00	PAWA;0.574
126.00	130.50	PAWA;0.687
133.50	136.50	PAWA;0.517
138.00	142.50	PAWA;0.616
145.50	150.00	PAWA;0.676
153.00	157.50	PAWA;0.648
159.00	163.50	PAWA;0.715
168.00	172.50	PAWA;0.772
177.00	180.00	PAWA;0.570
193.50	196.50	PAWA;0.733
286.50	289.50	PAWA;0.615
126.00	129.00	PUFI;0.642
267.00	270.00	RBGR;0.613
0.00	3.00	RUGR;0.507
159.00	163.50	RUGR;0.694
165.00	168.00	RUGR;0.622
214.50	226.50	RUGR;0.884
228.00	232.50	RUGR;0.843
76.50	79.50	RUBL;0.743
69.00	72.00	SNBU;0.633
69.00	72.00	TOSO;0.539
135.00	138.00	WETA;0.558
246.00	249.00	WETA;0.597
87.00	91.50	WTSP;0.769
114.00	117.00	WTSP;0.500
124.50	129.00	WTSP;0.956
135.00	141.00	WTSP;0.975
148.50	154.50	WTSP;0.500
180.00	184.50	WTSP;0.901
192.00	196.50	WTSP;0.719
202.50	205.50	WTSP;0.542
214.50	217.50	WTSP;0.527
241.50	244.50	WTSP;0.500
