237.00	240.00	AMDI;0.660
265.50	268.50	AMDI;0.502
403.50	406.50	AMDI;0.625
576.00	579.00	AMDI;0.590
7.50	10.50	AGOL;0.520
156.00	159.00	AMPI;0.524
216.00	223.50	AMRO;0.827
240.00	244.50	AMRO;0.703
153.00	156.00	ATSP;0.532
253.50	256.50	ATSP;0.546
348.00	352.50	ATSP;0.609
390.00	394.50	ATSP;0.598
216.00	220.50	BAOR;0.643
241.50	244.50	BAOR;0.519
177.00	180.00	BEKI;0.614
435.00	438.00	BEWR;0.689
453.00	456.00	BEWR;0.529
114.00	117.00	BLOY;0.557
210.00	214.50	BLOY;0.637
468.00	471.00	BLOY;0.511
525.00	528.00	BBPL;0.503
55.50	58.50	BCCH;0.580
108.00	111.00	BOWA;0.519
540.00	543.00	CAFI;0.528
91.50	96.00	CHSW;0.690
115.50	120.00	CHSW;0.717
159.00	165.00	CHSW;0.725
169.50	172.50	CHSW;0.572
201.00	204.00	CHSW;0.513
213.00	216.00	CHSW;0.731
82.50	85.50	DEJU;0.631
96.00	99.00	DEJU;0.637
112.50	115.50	DEJU;0.638
226.50	229.50	DEJU;0.546
240.00	246.00	DEJU;0.768
375.00	378.00	DEJU;0.519
522.00	525.00	DEJU;0.837
534.00	537.00	DEJU;0.576
549.00	552.00	DEJU;0.553
573.00	576.00	DEJU;0.546
579.00	582.00	DEJU;0.704
591.00	594.00	DEJU;0.717
228.00	232.50	EAME;0.830
30.00	33.00	EATO;0.506
63.00	67.50	EATO;0.872
136.50	141.00	EATO;0.654
211.50	214.50	EATO;0.606
222.00	225.00	EATO;0.551
244.50	249.00	EATO;0.630
457.50	460.50	EATO;0.638
471.00	474.00	EATO;0.553
484.50	487.50	EATO;0.683
579.00	582.00	EATO;0.520
541.50	544.50	EVGR;0.516
57.00	60.00	FISP;0.536
574.50	577.50	FISP;0.507
9.00	13.50	FOSP;0.903
28.50	33.00	FOSP;0.851
64.50	67.50	FOSP;0.500
88.50	93.00	FOSP;0.972
102.00	106.50	FOSP;0.959
118.50	121.50	FOSP;0.500
123.00	126.00	FOSP;0.807
138.00	142.50	FOSP;0.822
163.50	166.50	FOSP;0.500
186.00	193.50	FOSP;0.797
213.00	217.50	FOSP;0.969
222.00	226.50	FOSP;0.706
244.50	249.00	FOSP;0.805
258.00	261.00	FOSP;0.713
268.50	273.00	FOSP;0.891
286.50	291.00	FOSP;0.906
294.00	297.00	FOSP;0.500
300.00	304.50	FOSP;0.835
313.50	318.00	FOSP;0.768
327.00	331.50	FOSP;0.750
337.50	352.50	FOSP;0.901
357.00	361.50	FOSP;0.855
370.50	373.50	FOSP;0.847
378.00	382.50	FOSP;0.500
384.00	388.50	FOSP;0.915
390.00	393.00	FOSP;0.500
399.00	406.50	FOSP;0.874
414.00	417.00	FOSP;0.500
427.50	432.00	FOSP;0.941
433.50	436.50	FOSP;0.500
442.50	447.00	FOSP;0.887
459.00	463.50	FOSP;0.858
472.50	477.00	FOSP;0.853
486.00	490.50	FOSP;0.929
499.50	504.00	FOSP;0.911
508.50	513.00	FOSP;0.500
514.50	519.00	FOSP;0.758
526.50	529.50	FOSP;0.942
552.00	556.50	FOSP;0.942
564.00	568.50	FOSP;0.973
577.50	582.00	FOSP;0.543
592.50	600.00	FOSP;0.914
154.50	157.50	GCSP;0.515
196.50	201.00	GCSP;0.622
319.50	322.50	GCSP;0.640
30.00	33.00	HETH;0.500
63.00	67.50	HETH;0.781
157.50	160.50	HETH;0.500
189.00	192.00	HETH;0.500
211.50	214.50	HETH;0.500
222.00	226.50	HETH;0.531
229.50	232.50	HETH;0.500
234.00	237.00	HETH;0.500
244.50	249.00	HETH;0.500
300.00	304.50	HETH;0.500
313.50	318.00	HETH;0.582
327.00	330.00	HETH;0.500
343.50	348.00	HETH;0.589
369.00	373.50	HETH;0.886
412.50	417.00	HETH;0.521
441.00	444.00	HETH;0.792
471.00	474.00	HETH;0.770
484.50	487.50	HETH;0.512
525.00	528.00	HETH;0.500
538.50	541.50	HETH;0.500
550.50	555.00	HETH;0.859
349.50	354.00	HOLA;0.761
493.50	496.50	HOLA;0.521
400.50	403.50	HOFI;0.519
262.50	265.50	LALO;0.569
1.50	6.00	LISP;0.500
12.00	21.00	LISP;0.811
49.50	54.00	LISP;0.868
64.50	69.00	LISP;0.778
79.50	84.00	LISP;0.966
100.50	105.00	LISP;0.782
111.00	114.00	LISP;0.500
120.00	129.00	LISP;0.903
139.50	144.00	LISP;0.861
162.00	166.50	LISP;0.691
238.50	241.50	LISP;0.679
256.50	261.00	LISP;0.818
276.00	283.50	LISP;0.948
309.00	312.00	LISP;0.500
315.00	319.50	LISP;0.922
333.00	336.00	LISP;0.500
375.00	379.50	LISP;0.700
394.50	399.00	LISP;0.727
415.50	420.00	LISP;0.627
433.50	438.00	LISP;0.751
453.00	456.00	LISP;0.593
466.50	469.50	LISP;0.567
472.50	477.00	LISP;0.523
498.00	501.00	LISP;0.500
513.00	517.50	LISP;0.694
519.00	523.50	LISP;0.601
534.00	538.50	LISP;0.773
544.50	547.50	LISP;0.500
549.00	552.00	LISP;0.500
562.50	567.00	LISP;0.837
571.50	576.00	LISP;0.546
577.50	580.50	LISP;0.790
589.50	595.50	LISP;0.517
48.00	51.00	LOSH;0.547
208.50	211.50	MGWA;0.629
477.00	480.00	MGWA;0.556
156.00	160.50	MOCH;0.765
234.00	237.00	MOCH;0.676
333.00	336.00	MOCH;0.530
388.50	391.50	MOCH;0.684
337.50	340.50	NOCA;0.505
184.50	187.50	OCWA;0.704
549.00	553.50	OCWA;0.940
576.00	579.00	PHVI;0.536
184.50	187.50	PIWA;0.500
240.00	243.00	PIWA;0.563
276.00	280.50	PIWA;0.693
573.00	576.00	PIWA;0.502
66.00	69.00	PUFI;0.565
337.50	340.50	PUFI;0.563
460.50	463.50	PUFI;0.636
474.00	477.00	PUFI;0.548
10.50	13.50	REVI;0.612
190.50	195.00	REVI;0.531
271.50	274.50	REVI;0.605
387.00	390.00	REVI;0.581
430.50	433.50	REVI;0.589
193.50	196.50	RUGR;0.692
225.00	228.00	RUGR;0.697
241.50	246.00	RUGR;0.621
274.50	279.00	RUGR;0.577
343.50	346.50	RUGR;0.532
378.00	382.50	SNBU;0.950
475.50	478.50	SNBU;0.639
508.50	513.00	SNBU;0.682
1.50	6.00	SOSA;0.500
10.50	15.00	SOSA;0.882
24.00	28.50	SOSA;0.889
37.50	42.00	SOSA;0.826
51.00	55.50	SOSA;0.837
66.00	70.50	SOSA;0.601
138.00	141.00	SOSA;0.500
168.00	172.50	SOSA;0.890
181.50	186.00	SOSA;0.500
195.00	199.50	SOSA;0.568
208.50	213.00	SOSA;0.500
237.00	241.50	SOSA;0.901
250.50	256.50	SOSA;0.801
264.00	268.50	SOSA;0.616
294.00	298.50	SOSA;0.759
321.00	325.50	SOSA;0.500
337.50	340.50	SOSA;0.500
348.00	351.00	SOSA;0.500
361.50	366.00	SOSA;0.500
390.00	394.50	SOSA;0.636
417.00	421.50	SOSA;0.964
430.50	436.50	SOSA;0.949
448.50	451.50	SOSA;0.500
463.50	468.00	SOSA;0.821
477.00	486.00	SOSA;0.500
490.50	495.00	SOSA;0.574
496.50	499.50	SOSA;0.500
534.00	537.00	SOSA;0.500
529.50	532.50	SPSA;0.502
315.00	318.00	SPGR;0.533
334.50	337.50	SWSP;0.591
492.00	495.00	SWSP;0.707
588.00	591.00	TBLO;0.527
18.00	25.50	VATH;0.989
31.50	39.00	VATH;0.985
45.00	49.50	VATH;0.938
57.00	61.50	VATH;0.624
66.00	73.50	VATH;0.989
75.00	82.50	VATH;0.706
105.00	109.50	VATH;0.975
141.00	145.50	VATH;0.509
150.00	154.50	VATH;0.944
174.00	178.50	VATH;0.977
195.00	198.00	VATH;0.820
199.50	202.50	VATH;0.500
207.00	211.50	VATH;0.699
243.00	246.00	VATH;0.500
250.50	255.00	VATH;0.500
261.00	265.50	VATH;0.706
291.00	295.50	VATH;0.851
306.00	315.00	VATH;0.972
316.50	321.00	VATH;0.759
324.00	327.00	VATH;0.500
328.50	333.00	VATH;0.756
351.00	357.00	VATH;0.951
381.00	385.50	VATH;0.500
390.00	393.00	VATH;0.500
400.50	405.00	VATH;0.502
408.00	418.50	VATH;0.920
426.00	429.00	VATH;0.644
436.50	439.50	VATH;0.517
448.50	466.50	VATH;0.976
475.50	478.50	VATH;0.547
481.50	484.50	VATH;0.724
505.50	510.00	VATH;0.500
516.00	526.50	VATH;0.951
529.50	535.50	VATH;0.984
546.00	550.50	VATH;0.668
559.50	564.00	VATH;0.800
580.50	588.00	VATH;0.955
6.00	9.00	VESP;0.671
349.50	352.50	VESP;0.691
597.00	600.00	WAVI;0.540
168.00	171.00	WEME;0.555
93.00	97.50	WCSP;0.907
190.50	193.50	WCSP;0.505
339.00	343.50	WCSP;0.683
358.50	361.50	WCSP;0.578
582.00	585.00	WCSP;0.516
19.50	22.50	WTSP;0.500
28.50	31.50	WTSP;0.500
40.50	43.50	WTSP;0.500
58.50	63.00	WTSP;0.588
78.00	81.00	WTSP;0.500
97.50	100.50	WTSP;0.500
169.50	174.00	WTSP;0.501
187.50	192.00	WTSP;0.945
196.50	201.00	WTSP;0.911
205.50	210.00	WTSP;0.714
231.00	235.50	WTSP;0.986
250.50	253.50	WTSP;0.500
288.00	292.50	WTSP;0.951
330.00	336.00	WTSP;0.986
346.50	349.50	WTSP;0.500
352.50	358.50	WTSP;0.981
366.00	370.50	WTSP;0.973
385.50	391.50	WTSP;0.980
394.50	400.50	WTSP;0.984
405.00	409.50	WTSP;0.992
441.00	445.50	WTSP;0.871
483.00	487.50	WTSP;0.936
523.50	526.50	WTSP;0.500
73.50	78.00	WIWA;0.986
82.50	85.50	WIWA;0.661
91.50	94.50	WIWA;0.500
115.50	120.00	WIWA;0.562
126.00	130.50	WIWA;0.920
136.50	141.00	WIWA;0.627
147.00	151.50	WIWA;0.990
160.50	163.50	WIWA;0.854
171.00	175.50	WIWA;0.992
181.50	187.50	WIWA;0.987
192.00	196.50	WIWA;0.989
201.00	207.00	WIWA;0.989
214.50	219.00	WIWA;0.994
223.50	228.00	WIWA;0.994
234.00	238.50	WIWA;0.991
247.50	252.00	WIWA;0.990
258.00	262.50	WIWA;0.992
271.50	277.50	WIWA;0.991
295.50	300.00	WIWA;0.985
318.00	322.50	WIWA;0.988
334.50	339.00	WIWA;0.837
355.50	360.00	WIWA;0.972
372.00	376.50	WIWA;0.978
397.50	402.00	WIWA;0.988
412.50	417.00	WIWA;0.987
423.00	427.50	WIWA;0.990
436.50	442.50	WIWA;0.992
450.00	454.50	WIWA;0.989
460.50	466.50	WIWA;0.991
478.50	483.00	WIWA;0.989
492.00	498.00	WIWA;0.986
505.50	510.00	WIWA;0.984
514.50	520.50	WIWA;0.989
526.50	532.50	WIWA;0.990
537.00	543.00	WIWA;0.993
553.50	558.00	WIWA;0.990
567.00	573.00	WIWA;0.991
585.00	589.50	WIWA;0.989
94.50	99.00	YRWA;0.784
294.00	297.00	YRWA;0.567
405.00	408.00	YRWA;0.802
513.00	516.00	YRWA;0.659
519.00	523.50	YRWA;0.749
547.50	550.50	YRWA;0.580
