412.50	415.50	AMDI;0.544
79.50	82.50	AMGP;0.580
163.50	166.50	AMGP;0.543
0.00	69.00	AMRO;0.998
70.50	87.00	AMRO;0.994
88.50	219.00	AMRO;0.997
220.50	273.00	AMRO;0.997
274.50	279.00	AMRO;0.806
294.00	298.50	AMRO;0.654
303.00	307.50	AMRO;0.500
309.00	313.50	AMRO;0.628
318.00	322.50	AMRO;0.500
334.50	339.00	AMRO;0.833
415.50	442.50	AMRO;0.994
448.50	526.50	AMRO;0.998
529.50	600.00	AMRO;0.995
0.00	3.00	ATSP;0.673
138.00	141.00	ATSP;0.525
370.50	375.00	ATSP;0.596
492.00	495.00	BAOR;0.702
552.00	555.00	BAOR;0.710
246.00	249.00	BBPL;0.565
354.00	357.00	BCCH;0.775
363.00	366.00	BCCH;0.558
369.00	373.50	BCCH;0.847
525.00	528.00	BOWA;0.530
48.00	51.00	BRSP;0.745
57.00	60.00	BRSP;0.540
78.00	82.50	BRSP;0.615
91.50	96.00	BRSP;0.673
100.50	103.50	BRSP;0.526
111.00	114.00	BRSP;0.578
190.50	196.50	BRSP;0.761
552.00	555.00	BRSP;0.549
562.50	565.50	BRSP;0.524
13.50	16.50	BRTH;0.539
18.00	21.00	BRTH;0.545
115.50	120.00	BRTH;0.648
132.00	135.00	BRTH;0.551
202.50	205.50	BRTH;0.623
213.00	219.00	BRTH;0.593
252.00	255.00	BRTH;0.561
264.00	270.00	BRTH;0.639
465.00	468.00	BRTH;0.595
525.00	528.00	BRTH;0.616
546.00	549.00	BRTH;0.507
211.50	214.50	CAFI;0.573
15.00	19.50	CHSP;0.750
25.50	30.00	CHSP;0.821
33.00	37.50	CHSP;0.817
46.50	52.50	CHSP;0.500
57.00	63.00	CHSP;0.742
67.50	72.00	CHSP;0.805
93.00	96.00	CHSP;0.500
102.00	106.50	CHSP;0.885
112.50	117.00	CHSP;0.625
151.50	157.50	CHSP;0.922
168.00	172.50	CHSP;0.817
190.50	196.50	CHSP;0.730
204.00	210.00	CHSP;0.882
229.50	235.50	CHSP;0.978
258.00	264.00	CHSP;0.846
289.50	295.50	CHSP;0.991
304.50	312.00	CHSP;0.983
330.00	337.50	CHSP;0.985
349.50	355.50	CHSP;0.971
373.50	379.50	CHSP;0.921
382.50	388.50	CHSP;0.985
397.50	405.00	CHSP;0.992
415.50	424.50	CHSP;0.947
441.00	447.00	CHSP;0.965
451.50	457.50	CHSP;0.980
460.50	468.00	CHSP;0.943
471.00	477.00	CHSP;0.983
481.50	487.50	CHSP;0.989
490.50	496.50	CHSP;0.986
499.50	505.50	CHSP;0.954
511.50	517.50	CHSP;0.944
522.00	526.50	CHSP;0.938
535.50	541.50	CHSP;0.947
552.00	558.00	CHSP;0.826
562.50	570.00	CHSP;0.947
573.00	579.00	CHSP;0.748
111.00	114.00	DEJU;0.533
21.00	24.00	EABL;0.502
18.00	22.50	FOSP;0.542
360.00	363.00	GCSP;0.509
22.50	25.50	GRCA;0.505
49.50	52.50	GRCA;0.583
514.50	517.50	GRCA;0.542
520.50	532.50	GRCA;0.600
579.00	582.00	GRCA;0.675
207.00	210.00	GCFL;0.560
45.00	48.00	GRYE;0.528
126.00	129.00	HETH;0.500
256.50	259.50	HETH;0.500
270.00	273.00	HETH;0.500
274.50	277.50	HETH;0.573
339.00	342.00	HETH;0.500
354.00	361.50	HETH;0.985
363.00	373.50	HETH;0.925
498.00	501.00	HETH;0.500
9.00	12.00	LALO;0.528
81.00	84.00	LALO;0.605
7.50	10.50	LISP;0.500
21.00	24.00	LISP;0.912
34.50	39.00	LISP;0.959
61.50	66.00	LISP;0.978
76.50	79.50	LISP;0.500
90.00	94.50	LISP;0.948
105.00	109.50	LISP;0.953
118.50	124.50	LISP;0.992
135.00	139.50	LISP;0.988
150.00	154.50	LISP;0.960
165.00	168.00	LISP;0.911
181.50	184.50	LISP;0.500
193.50	198.00	LISP;0.895
208.50	213.00	LISP;0.868
225.00	229.50	LISP;0.885
240.00	244.50	LISP;0.866
256.50	261.00	LISP;0.994
271.50	279.00	LISP;0.853
288.00	292.50	LISP;0.904
301.50	307.50	LISP;0.931
318.00	322.50	LISP;0.982
333.00	337.50	LISP;0.677
349.50	354.00	LISP;0.907
358.50	363.00	LISP;0.500
364.50	370.50	LISP;0.986
381.00	385.50	LISP;0.798
396.00	400.50	LISP;0.727
411.00	415.50	LISP;0.573
424.50	429.00	LISP;0.885
439.50	444.00	LISP;0.949
454.50	459.00	LISP;0.500
469.50	472.50	LISP;0.655
511.50	516.00	LISP;0.500
528.00	532.50	LISP;0.969
543.00	547.50	LISP;0.949
562.50	565.50	LISP;0.705
577.50	580.50	LISP;0.500
591.00	595.50	LISP;0.982
324.00	327.00	MAMU;0.500
540.00	543.00	MOBL;0.904
189.00	192.00	MOCH;0.532
274.50	277.50	MOCH;0.579
328.50	333.00	MOCH;0.975
345.00	348.00	MOCH;0.904
363.00	366.00	MOCH;0.717
372.00	376.50	MOCH;0.633
400.50	403.50	MOCH;0.985
309.00	312.00	OCWA;0.539
334.50	337.50	OCWA;0.516
208.50	211.50	PAWR;0.566
309.00	312.00	PAWA;0.597
402.00	405.00	PAWA;0.614
474.00	477.00	PAWA;0.576
484.50	487.50	PAWA;0.523
502.50	505.50	PAWA;0.622
0.00	3.00	PIGR;0.549
67.50	70.50	PIGR;0.504
120.00	123.00	PISI;0.500
262.50	267.00	PISI;0.981
268.50	294.00	PISI;0.991
303.00	309.00	PISI;0.814
502.50	514.50	PISI;0.995
517.50	523.50	PISI;0.797
270.00	274.50	PROW;0.595
370.50	375.00	PROW;0.834
28.50	31.50	PUFI;0.612
79.50	82.50	PUFI;0.544
181.50	184.50	PUFI;0.774
208.50	214.50	PUFI;0.735
219.00	222.00	PUFI;0.656
277.50	280.50	PUFI;0.554
319.50	322.50	PUFI;0.543
547.50	552.00	PUFI;0.546
150.00	153.00	REVI;0.549
478.50	481.50	REVI;0.528
568.50	571.50	REVI;0.505
19.50	22.50	ROWR;0.500
163.50	168.00	ROWR;0.847
178.50	181.50	ROWR;0.500
225.00	228.00	ROWR;0.500
240.00	244.50	ROWR;0.500
348.00	352.50	ROWR;0.842
364.50	369.00	ROWR;0.561
379.50	384.00	ROWR;0.882
394.50	400.50	ROWR;0.802
409.50	414.00	ROWR;0.822
439.50	444.00	ROWR;0.500
496.50	499.50	ROWR;0.500
46.50	51.00	RBGR;0.713
55.50	60.00	RBGR;0.681
153.00	156.00	RBGR;0.500
178.50	181.50	RBGR;0.504
487.50	490.50	RBGR;0.564
541.50	544.50	RBGR;0.600
12.00	19.50	RUGR;0.524
25.50	34.50	RUGR;0.528
51.00	54.00	RUGR;0.500
78.00	87.00	RUGR;0.713
91.50	100.50	RUGR;0.644
108.00	111.00	RUGR;0.500
117.00	127.50	RUGR;0.500
129.00	138.00	RUGR;0.500
147.00	151.50	RUGR;0.500
159.00	174.00	RUGR;0.500
175.50	181.50	RUGR;0.649
187.50	193.50	RUGR;0.500
208.50	225.00	RUGR;0.595
229.50	234.00	RUGR;0.500
237.00	243.00	RUGR;0.776
249.00	261.00	RUGR;0.500
265.50	271.50	RUGR;0.846
276.00	288.00	RUGR;0.640
291.00	295.50	RUGR;0.775
298.50	301.50	RUGR;0.500
307.50	310.50	RUGR;0.500
369.00	373.50	RUGR;0.500
379.50	388.50	RUGR;0.517
390.00	396.00	RUGR;0.500
400.50	403.50	RUGR;0.500
408.00	420.00	RUGR;0.732
439.50	444.00	RUGR;0.600
451.50	454.50	RUGR;0.580
465.00	472.50	RUGR;0.776
474.00	478.50	RUGR;0.799
493.50	496.50	RUGR;0.500
499.50	502.50	RUGR;0.500
522.00	525.00	RUGR;0.500
531.00	535.50	RUGR;0.630
577.50	585.00	RUGR;0.645
199.50	202.50	RUBL;0.690
438.00	441.00	SAND;0.685
276.00	280.50	SBDO;0.609
45.00	48.00	SNBU;0.600
45.00	48.00	SOSA;0.579
196.50	199.50	SOSA;0.698
387.00	391.50	SOSA;0.699
100.50	103.50	TOSO;0.647
174.00	177.00	TOSO;0.517
226.50	229.50	TOSO;0.507
507.00	510.00	TOSO;0.535
583.50	586.50	TOSO;0.691
286.50	289.50	VGSW;0.707
0.00	3.00	WEFL;0.672
291.00	294.00	WEME;0.575
138.00	142.50	WCSP;0.699
159.00	163.50	WCSP;0.934
169.50	174.00	WCSP;0.889
201.00	205.50	WCSP;0.970
211.50	217.50	WCSP;0.971
271.50	277.50	WCSP;0.627
378.00	382.50	WCSP;0.713
117.00	120.00	WTSP;0.500
141.00	145.50	WTSP;0.789
184.50	190.50	WTSP;0.990
238.50	243.00	WTSP;0.884
270.00	276.00	WTSP;0.840
286.50	291.00	WTSP;0.905
312.00	318.00	WTSP;0.977
327.00	331.50	WTSP;0.904
340.50	346.50	WTSP;0.996
360.00	364.50	WTSP;0.978
372.00	378.00	WTSP;0.903
385.50	391.50	WTSP;0.988
397.50	403.50	WTSP;0.969
445.50	451.50	WTSP;0.986
466.50	471.00	WTSP;0.686
498.00	502.50	WTSP;0.500
532.50	538.50	WTSP;0.991
549.00	553.50	WTSP;0.617
564.00	570.00	WTSP;0.969
54.00	57.00	YRWA;0.912
99.00	102.00	YRWA;0.718
333.00	336.00	YRWA;0.517
