174.00	178.50	AMAV;0.790
256.50	259.50	AMAV;0.575
84.00	87.00	AMDI;0.711
228.00	231.00	AMDI;0.547
256.50	259.50	AMGP;0.547
88.50	93.00	AMRO;0.500
192.00	195.00	AMRO;0.661
234.00	238.50	AMRO;0.959
243.00	274.50	AMRO;0.968
115.50	118.50	AMWO;0.503
63.00	67.50	BAOR;0.659
88.50	91.50	BAOR;0.510
172.50	175.50	BAOR;0.593
181.50	186.00	BAOR;0.737
193.50	196.50	BAOR;0.570
232.50	235.50	BAOR;0.791
238.50	243.00	BAOR;0.899
121.50	124.50	BLOY;0.652
189.00	192.00	BLRA;0.642
57.00	60.00	BRSP;0.592
84.00	87.00	BRSP;0.507
93.00	99.00	BRSP;0.576
220.50	223.50	BRSP;0.662
264.00	267.00	BRSP;0.564
6.00	12.00	CHSP;0.966
19.50	22.50	CHSP;0.500
40.50	45.00	CHSP;0.739
51.00	100.50	CHSP;0.998
118.50	126.00	CHSP;0.636
153.00	159.00	CHSP;0.584
183.00	187.50	CHSP;0.938
190.50	196.50	CHSP;0.710
198.00	214.50	CHSP;0.997
250.50	253.50	EABL;0.561
252.00	255.00	EAME;0.560
271.50	274.50	GOEA;0.752
195.00	198.00	GCFL;0.604
90.00	93.00	GWTE;0.576
211.50	214.50	LISP;0.588
267.00	271.50	OSFL;0.602
276.00	280.50	PHVI;0.594
223.50	226.50	PUFI;0.536
229.50	232.50	PUFI;0.707
252.00	256.50	PUFI;0.812
253.50	258.00	RBGR;0.720
120.00	124.50	SBDO;0.691
228.00	232.50	SNBU;0.607
241.50	244.50	SNBU;0.726
261.00	264.00	SOSP;0.535
30.00	33.00	SPGR;0.712
36.00	39.00	SPGR;0.524
42.00	45.00	SPGR;0.530
102.00	106.50	SPGR;0.609
159.00	165.00	SPGR;0.611
292.50	295.50	SPGR;0.521
223.50	228.00	TOSO;0.753
225.00	228.00	WEME;0.619
250.50	253.50	WEME;0.692
262.50	265.50	WEME;0.669
226.50	229.50	WOTH;0.705
