88.50	94.50	AMDI;0.626
288.00	291.00	AMDI;0.546
52.50	55.50	AMRO;0.738
58.50	63.00	AMRO;0.587
96.00	100.50	AMRO;0.604
141.00	144.00	AMRO;0.702
153.00	156.00	AMRO;0.504
168.00	172.50	AMRO;0.878
174.00	178.50	BCCH;0.835
288.00	291.00	BCCH;0.572
249.00	252.00	BHVI;0.765
153.00	157.50	BRSP;0.570
166.50	172.50	BRSP;0.768
178.50	181.50	BRSP;0.548
262.50	265.50	BRSP;0.518
289.50	292.50	BRSP;0.770
36.00	39.00	CHSW;0.577
186.00	190.50	CHSW;0.605
193.50	196.50	CHSW;0.536
0.00	4.50	CHSP;0.824
6.00	12.00	CHSP;0.983
15.00	21.00	CHSP;0.924
24.00	28.50	CHSP;0.895
31.50	37.50	CHSP;0.963
39.00	51.00	CHSP;0.973
54.00	58.50	CHSP;0.935
60.00	66.00	CHSP;0.960
69.00	75.00	CHSP;0.977
76.50	82.50	CHSP;0.848
85.50	90.00	CHSP;0.754
93.00	97.50	CHSP;0.821
99.00	105.00	CHSP;0.863
108.00	114.00	CHSP;0.900
117.00	126.00	CHSP;0.871
130.50	135.00	CHSP;0.821
139.50	144.00	CHSP;0.854
148.50	153.00	CHSP;0.694
156.00	169.50	CHSP;0.960
171.00	177.00	CHSP;0.785
178.50	186.00	CHSP;0.923
187.50	199.50	CHSP;0.818
204.00	210.00	CHSP;0.967
211.50	217.50	CHSP;0.929
220.50	225.00	CHSP;0.959
228.00	232.50	CHSP;0.912
235.50	241.50	CHSP;0.917
244.50	249.00	CHSP;0.892
253.50	258.00	CHSP;0.778
259.50	265.50	CHSP;0.927
267.00	271.50	CHSP;0.786
274.50	289.50	CHSP;0.884
291.00	295.50	CHSP;0.915
157.50	163.50	CCSP;0.904
175.50	180.00	CCSP;0.710
184.50	189.00	CCSP;0.719
193.50	198.00	CCSP;0.522
264.00	268.50	CCSP;0.819
109.50	112.50	CONI;0.523
0.00	9.00	DEJU;0.685
10.50	13.50	DEJU;0.875
15.00	30.00	DEJU;0.872
31.50	37.50	DEJU;0.797
39.00	51.00	DEJU;0.869
54.00	66.00	DEJU;0.694
67.50	75.00	DEJU;0.759
76.50	82.50	DEJU;0.869
84.00	91.50	DEJU;0.733
93.00	105.00	DEJU;0.854
108.00	115.50	DEJU;0.690
117.00	126.00	DEJU;0.621
130.50	136.50	DEJU;0.761
139.50	145.50	DEJU;0.811
148.50	153.00	DEJU;0.758
163.50	169.50	DEJU;0.681
171.00	177.00	DEJU;0.673
178.50	186.00	DEJU;0.714
187.50	193.50	DEJU;0.759
195.00	201.00	DEJU;0.881
204.00	210.00	DEJU;0.796
211.50	217.50	DEJU;0.946
219.00	225.00	DEJU;0.564
228.00	234.00	DEJU;0.820
235.50	241.50	DEJU;0.638
244.50	250.50	DEJU;0.641
252.00	258.00	DEJU;0.673
259.50	265.50	DEJU;0.627
267.00	273.00	DEJU;0.992
274.50	280.50	DEJU;0.688
282.00	292.50	DEJU;0.820
297.00	300.00	DEJU;0.500
82.50	87.00	DUFL;0.569
90.00	94.50	EABL;0.869
189.00	192.00	EAME;0.542
105.00	108.00	EATO;0.764
106.50	111.00	FOSP;0.730
123.00	132.00	FOSP;0.957
1.50	6.00	GCSP;0.976
16.50	21.00	GCSP;0.994
135.00	139.50	GCSP;0.500
159.00	163.50	GCSP;0.949
189.00	193.50	GCSP;0.781
204.00	207.00	GCSP;0.500
210.00	214.50	GCSP;0.987
243.00	249.00	GCSP;0.993
285.00	289.50	GCSP;0.984
52.50	57.00	GWTE;0.777
96.00	99.00	GWTE;0.627
234.00	237.00	GWTE;0.661
103.50	106.50	HAWO;0.521
147.00	151.50	HETH;0.839
165.00	168.00	HETH;0.552
175.50	178.50	HETH;0.593
180.00	183.00	HETH;0.637
192.00	195.00	HETH;0.763
201.00	205.50	HETH;0.735
267.00	270.00	HETH;0.570
280.50	283.50	HETH;0.593
19.50	22.50	LASP;0.663
258.00	261.00	LASP;0.502
4.50	7.50	LISP;0.500
43.50	46.50	LISP;0.500
57.00	61.50	LISP;0.568
73.50	78.00	LISP;0.525
88.50	93.00	LISP;0.671
112.50	120.00	LISP;0.840
141.00	150.00	LISP;0.875
154.50	157.50	LISP;0.500
181.50	187.50	LISP;0.830
226.50	229.50	LISP;0.500
234.00	237.00	LISP;0.500
240.00	244.50	LISP;0.910
256.50	261.00	LISP;0.586
282.00	286.50	LISP;0.500
295.50	300.00	LISP;0.500
294.00	297.00	MAWA;0.610
169.50	172.50	MAMU;0.524
144.00	150.00	MOCH;0.945
190.50	195.00	MOCH;0.737
201.00	204.00	MOCH;0.536
249.00	252.00	MOCH;0.659
273.00	277.50	MOCH;0.853
219.00	222.00	OCWA;0.608
252.00	256.50	PAWA;0.776
259.50	262.50	PAWA;0.592
267.00	270.00	PAWA;0.651
274.50	277.50	PAWA;0.513
49.50	54.00	PISI;0.842
133.50	136.50	RECR;0.514
285.00	288.00	RWBL;0.532
157.50	162.00	RBGU;0.606
151.50	154.50	RBGR;0.531
201.00	204.00	RBGR;0.724
99.00	102.00	RCKI;0.626
103.50	106.50	RUTU;0.613
126.00	130.50	SNBU;0.796
0.00	3.00	SOSA;0.629
22.50	27.00	SOSA;0.803
72.00	79.50	SOSA;0.829
130.50	133.50	SOSA;0.513
193.50	196.50	SWSP;0.574
199.50	202.50	VESP;0.556
295.50	298.50	WAVI;0.508
207.00	210.00	WEME;0.691
4.50	7.50	WCSP;0.626
127.50	132.00	WCSP;0.813
247.50	250.50	WCSP;0.794
6.00	9.00	WIWR;0.522
43.50	48.00	WIWR;0.599
