144.00	147.00	AMGP;0.503
0.00	78.00	AMRO;0.978
79.50	147.00	AMRO;0.989
151.50	159.00	AMRO;0.716
162.00	207.00	AMRO;0.994
208.50	246.00	AMRO;0.988
247.50	267.00	AMRO;0.979
283.50	291.00	AMRO;0.500
103.50	106.50	BAOR;0.520
250.50	253.50	BAOR;0.820
283.50	288.00	BLOY;0.524
127.50	130.50	BBPL;0.530
22.50	30.00	BHGR;0.728
43.50	46.50	BHGR;0.635
49.50	52.50	BHGR;0.678
61.50	66.00	BHGR;0.579
67.50	70.50	BHGR;0.686
85.50	88.50	BHGR;0.671
91.50	96.00	BHGR;0.661
108.00	115.50	BHGR;0.635
117.00	120.00	BHGR;0.547
162.00	166.50	BHGR;0.622
190.50	193.50	BHGR;0.826
202.50	207.00	BHGR;0.712
262.50	267.00	BHGR;0.611
7.50	10.50	DUNL;0.662
43.50	46.50	EABL;0.513
127.50	130.50	EABL;0.549
138.00	141.00	EABL;0.525
181.50	184.50	FOSP;0.534
286.50	289.50	FOSP;0.679
193.50	196.50	GCSP;0.560
246.00	250.50	GCSP;0.944
67.50	70.50	GRCA;0.571
184.50	187.50	GRCA;0.509
297.00	300.00	HASP;0.534
279.00	283.50	MAMU;0.863
21.00	24.00	MOBL;0.533
91.50	94.50	MOBL;0.772
154.50	159.00	MOBL;0.715
10.50	13.50	MOCH;0.520
120.00	123.00	MOCH;0.628
150.00	153.00	MOCH;0.897
160.50	163.50	MOCH;0.630
216.00	220.50	MOCH;0.772
231.00	234.00	MOCH;0.692
255.00	258.00	MOCH;0.651
258.00	262.50	OSFL;0.698
31.50	34.50	REVI;0.565
87.00	90.00	REVI;0.661
16.50	19.50	ROWR;0.505
73.50	81.00	RBGR;0.570
151.50	154.50	RBGR;0.643
166.50	174.00	RBGR;0.659
193.50	198.00	RBGR;0.724
186.00	190.50	RUGR;0.666
52.50	55.50	RUBL;0.910
114.00	117.00	RUBL;0.724
58.50	61.50	SCTA;0.587
139.50	142.50	SBDO;0.606
156.00	159.00	SNBU;0.708
285.00	288.00	SNBU;0.576
51.00	57.00	TOSO;0.924
84.00	87.00	TOSO;0.587
108.00	111.00	TOSO;0.506
36.00	39.00	VATH;0.612
286.50	289.50	VATH;0.501
1.50	9.00	WCSP;0.989
10.50	18.00	WCSP;0.986
19.50	28.50	WCSP;0.987
33.00	37.50	WCSP;0.988
40.50	45.00	WCSP;0.987
46.50	51.00	WCSP;0.985
58.50	67.50	WCSP;0.707
70.50	78.00	WCSP;0.945
79.50	84.00	WCSP;0.975
90.00	97.50	WCSP;0.972
103.50	108.00	WCSP;0.986
117.00	121.50	WCSP;0.987
129.00	133.50	WCSP;0.986
145.50	150.00	WCSP;0.988
160.50	163.50	WCSP;0.500
175.50	180.00	WCSP;0.989
186.00	190.50	WCSP;0.985
199.50	204.00	WCSP;0.912
213.00	217.50	WCSP;0.988
226.50	231.00	WCSP;0.899
243.00	247.50	WCSP;0.987
258.00	262.50	WCSP;0.705
273.00	277.50	WCSP;0.983
292.50	297.00	WCSP;0.994
0.00	3.00	WTSP;0.500
7.50	13.50	WTSP;0.991
16.50	21.00	WTSP;0.940
37.50	43.50	WTSP;0.990
45.00	54.00	WTSP;0.995
60.00	64.50	WTSP;0.809
75.00	81.00	WTSP;0.996
82.50	93.00	WTSP;0.991
99.00	105.00	WTSP;0.998
109.50	115.50	WTSP;0.990
120.00	130.50	WTSP;0.992
132.00	141.00	WTSP;0.985
144.00	153.00	WTSP;0.993
157.50	163.50	WTSP;0.995
166.50	177.00	WTSP;0.998
180.00	187.50	WTSP;0.992
195.00	199.50	WTSP;0.989
205.50	213.00	WTSP;0.998
216.00	244.50	WTSP;0.995
246.00	249.00	WTSP;0.601
252.00	273.00	WTSP;0.998
274.50	282.00	WTSP;0.994
286.50	295.50	WTSP;0.997
297.00	300.00	WTSP;0.799
55.50	58.50	WOTH;0.630
201.00	204.00	YTVI;0.561
