189.00	192.00	AMAV;0.524
3.00	19.50	AMRO;0.978
21.00	94.50	AMRO;0.994
97.50	100.50	AMRO;0.500
103.50	153.00	AMRO;0.995
154.50	198.00	AMRO;0.992
204.00	210.00	AMRO;0.985
211.50	216.00	AMRO;0.621
217.50	252.00	AMRO;0.989
253.50	261.00	AMRO;0.939
265.50	276.00	AMRO;0.946
277.50	286.50	AMRO;0.979
288.00	300.00	AMRO;0.907
64.50	69.00	BAOR;0.690
75.00	78.00	BAOR;0.500
87.00	96.00	BAOR;0.825
100.50	106.50	BAOR;0.613
108.00	111.00	BAOR;0.500
177.00	183.00	BAOR;0.546
190.50	193.50	BAOR;0.500
198.00	202.50	BAOR;0.500
213.00	216.00	BAOR;0.500
234.00	240.00	BAOR;0.954
247.50	252.00	BAOR;0.531
261.00	265.50	BAOR;0.540
225.00	228.00	BHVI;0.695
294.00	298.50	BOBO;0.797
232.50	237.00	BRSP;0.777
246.00	250.50	BRSP;0.709
115.50	118.50	BRTH;0.681
120.00	123.00	BRTH;0.668
117.00	120.00	CARW;0.541
240.00	244.50	CHSP;0.924
126.00	129.00	CCSP;0.507
15.00	18.00	EABL;0.502
1.50	6.00	FOSP;0.762
33.00	39.00	FOSP;0.500
45.00	49.50	FOSP;0.560
52.50	55.50	FOSP;0.601
61.50	66.00	FOSP;0.640
79.50	82.50	FOSP;0.500
94.50	99.00	FOSP;0.778
109.50	114.00	FOSP;0.500
145.50	150.00	FOSP;0.774
160.50	163.50	FOSP;0.848
171.00	175.50	FOSP;0.784
186.00	190.50	FOSP;0.697
198.00	204.00	FOSP;0.836
213.00	217.50	FOSP;0.631
226.50	231.00	FOSP;0.660
235.50	240.00	FOSP;0.736
250.50	253.50	FOSP;0.770
261.00	265.50	FOSP;0.827
276.00	280.50	FOSP;0.883
291.00	294.00	FOSP;0.783
10.50	13.50	GCSP;0.744
30.00	33.00	GCSP;0.800
76.50	79.50	GCSP;0.627
123.00	126.00	GCSP;0.526
0.00	4.50	GRCA;0.712
19.50	24.00	GRCA;0.646
222.00	225.00	GRCA;0.525
75.00	78.00	GRYE;0.625
16.50	19.50	GWTE;0.531
61.50	66.00	LASP;0.754
28.50	31.50	LISP;0.885
39.00	43.50	LISP;0.981
51.00	54.00	LISP;0.500
60.00	63.00	LISP;0.921
69.00	73.50	LISP;0.617
81.00	84.00	LISP;0.500
100.50	105.00	LISP;0.785
117.00	126.00	LISP;0.969
129.00	135.00	LISP;0.500
136.50	147.00	LISP;0.921
151.50	157.50	LISP;0.964
163.50	166.50	LISP;0.748
174.00	178.50	LISP;0.986
196.50	201.00	LISP;0.984
210.00	213.00	LISP;0.757
219.00	223.50	LISP;0.973
231.00	235.50	LISP;0.756
253.50	256.50	LISP;0.500
264.00	268.50	LISP;0.615
286.50	291.00	LISP;0.744
52.50	55.50	MOCH;0.539
201.00	204.00	MOCH;0.548
259.50	264.00	MOCH;0.570
61.50	64.50	OROR;0.594
172.50	175.50	OROR;0.573
291.00	294.00	OROR;0.541
180.00	183.00	PIGR;0.945
190.50	195.00	PIGR;0.954
133.50	136.50	PUFI;0.527
210.00	213.00	PUFI;0.571
252.00	256.50	PUFI;0.911
264.00	267.00	PUFI;0.610
285.00	289.50	PUFI;0.562
141.00	144.00	ROWR;0.659
208.50	213.00	ROWR;0.860
286.50	291.00	ROWR;0.820
22.50	25.50	RBGR;0.537
64.50	70.50	RBGR;0.535
117.00	120.00	RBGR;0.727
121.50	124.50	RBGR;0.635
174.00	177.00	RBGR;0.509
69.00	72.00	RUGR;0.553
184.50	187.50	SNBU;0.545
285.00	289.50	SNBU;0.860
240.00	243.00	SUTA;0.548
16.50	21.00	TOSO;0.818
58.50	63.00	TOSO;0.648
70.50	73.50	TOSO;0.533
90.00	93.00	TOSO;0.584
97.50	102.00	TOSO;0.572
106.50	109.50	TOSO;0.604
111.00	114.00	TOSO;0.512
123.00	126.00	TOSO;0.552
231.00	235.50	TOSO;0.565
244.50	250.50	TOSO;0.830
268.50	271.50	TOSO;0.733
295.50	298.50	TOSO;0.710
211.50	216.00	WAVI;0.694
0.00	16.50	WCSP;0.998
18.00	22.50	WCSP;0.991
24.00	28.50	WCSP;0.993
31.50	46.50	WCSP;0.997
48.00	54.00	WCSP;0.979
57.00	61.50	WCSP;0.991
64.50	69.00	WCSP;0.986
70.50	76.50	WCSP;0.987
78.00	82.50	WCSP;0.943
84.00	88.50	WCSP;0.992
90.00	94.50	WCSP;0.988
97.50	102.00	WCSP;0.855
103.50	108.00	WCSP;0.913
111.00	115.50	WCSP;0.988
117.00	121.50	WCSP;0.691
124.50	129.00	WCSP;0.985
130.50	135.00	WCSP;0.958
136.50	141.00	WCSP;0.628
142.50	147.00	WCSP;0.580
150.00	154.50	WCSP;0.880
156.00	162.00	WCSP;0.959
201.00	204.00	WCSP;0.500
250.50	255.00	WCSP;0.500
4.50	7.50	WTSP;0.500
10.50	13.50	WTSP;0.500
18.00	21.00	WTSP;0.500
37.50	40.50	WTSP;0.500
42.00	46.50	WTSP;0.773
51.00	60.00	WTSP;0.500
76.50	79.50	WTSP;0.525
82.50	85.50	WTSP;0.760
102.00	106.50	WTSP;0.500
123.00	126.00	WTSP;0.668
129.00	132.00	WTSP;0.500
133.50	138.00	WTSP;0.987
144.00	147.00	WTSP;0.500
148.50	151.50	WTSP;0.500
238.50	241.50	WTSP;0.500
258.00	264.00	WTSP;0.959
142.50	145.50	WILL;0.588
