121.50	124.50	AMDI;0.512
69.00	72.00	AMGP;0.532
0.00	31.50	AMRO;0.996
55.50	58.50	AMRO;0.561
63.00	66.00	AMRO;0.500
90.00	94.50	AMRO;0.500
108.00	112.50	AMRO;0.891
135.00	138.00	AMRO;0.571
142.50	150.00	AMRO;0.726
153.00	156.00	AMRO;0.500
166.50	174.00	AMRO;0.834
178.50	183.00	AMRO;0.599
192.00	195.00	AMRO;0.500
196.50	214.50	AMRO;0.996
216.00	277.50	AMRO;0.994
279.00	286.50	AMRO;0.981
96.00	102.00	ATSP;0.888
294.00	297.00	BEKI;0.534
4.50	7.50	BBPL;0.539
51.00	54.00	BCCH;0.567
280.50	283.50	BCCH;0.607
153.00	156.00	BHGR;0.647
109.50	112.50	BRSP;0.562
1.50	4.50	BRTH;0.562
21.00	24.00	BRTH;0.502
231.00	234.00	BRTH;0.536
61.50	64.50	BUOR;0.544
208.50	211.50	CAFI;0.502
109.50	115.50	CHSP;0.976
118.50	123.00	CHSP;0.694
135.00	139.50	CHSP;0.786
142.50	147.00	CHSP;0.837
151.50	156.00	CHSP;0.858
289.50	292.50	DEJU;0.586
0.00	3.00	EABL;0.572
16.50	19.50	EABL;0.649
190.50	193.50	EABL;0.548
274.50	277.50	EATO;0.540
18.00	22.50	FISP;0.673
90.00	93.00	FISP;0.572
166.50	169.50	FISP;0.576
205.50	210.00	FISP;0.968
283.50	286.50	FISP;0.662
52.50	57.00	FOSP;0.500
60.00	63.00	FOSP;0.500
81.00	84.00	FOSP;0.500
93.00	99.00	FOSP;0.892
115.50	121.50	FOSP;0.815
126.00	130.50	FOSP;0.595
132.00	141.00	FOSP;0.967
148.50	154.50	FOSP;0.943
160.50	166.50	FOSP;0.928
184.50	189.00	FOSP;0.928
199.50	204.00	FOSP;0.835
217.50	220.50	FOSP;0.500
222.00	226.50	FOSP;0.783
237.00	241.50	FOSP;0.783
252.00	258.00	FOSP;0.976
276.00	280.50	FOSP;0.920
172.50	181.50	GCSP;0.904
183.00	186.00	GCSP;0.644
187.50	190.50	GCSP;0.601
196.50	199.50	GCSP;0.679
273.00	279.00	GCSP;0.667
288.00	292.50	GCSP;0.702
18.00	21.00	GRCA;0.685
120.00	123.00	GRCA;0.701
295.50	298.50	GRYE;0.548
181.50	186.00	GWTE;0.615
175.50	178.50	HETH;0.545
214.50	217.50	HETH;0.571
250.50	253.50	HETH;0.581
294.00	297.00	HETH;0.548
294.00	297.00	HOLA;0.779
4.50	9.00	LISP;0.902
18.00	21.00	LISP;0.520
30.00	34.50	LISP;0.934
42.00	48.00	LISP;0.926
57.00	63.00	LISP;0.993
69.00	78.00	LISP;0.599
90.00	94.50	LISP;0.607
102.00	106.50	LISP;0.665
129.00	132.00	LISP;0.502
207.00	210.00	LISP;0.500
246.00	250.50	LISP;0.795
259.50	264.00	LISP;0.513
292.50	295.50	LISP;0.500
9.00	12.00	MOBL;0.604
72.00	76.50	MOBL;0.827
84.00	88.50	MOBL;0.806
112.50	115.50	MOBL;0.562
261.00	264.00	MOBL;0.519
67.50	70.50	MOCH;0.589
73.50	76.50	MOCH;0.591
79.50	84.00	MOCH;0.661
126.00	129.00	MOCH;0.724
175.50	178.50	MOCH;0.791
193.50	196.50	MOCH;0.658
214.50	217.50	MOCH;0.558
222.00	225.00	MOCH;0.604
274.50	277.50	MOCH;0.551
235.50	238.50	OSFL;0.654
222.00	225.00	OROR;0.504
0.00	3.00	PIGR;0.650
0.00	3.00	PUFI;0.505
67.50	70.50	REVI;0.724
208.50	211.50	REVI;0.576
1.50	6.00	RBGR;0.715
21.00	25.50	RBGR;0.764
138.00	141.00	RBGR;0.678
217.50	222.00	RBGR;0.641
240.00	243.00	RBGR;0.661
127.50	130.50	SNBU;0.526
171.00	174.00	SWHA;0.537
135.00	139.50	TOSO;0.561
154.50	157.50	TOSO;0.835
165.00	168.00	TOSO;0.646
234.00	237.00	TOSO;0.692
52.50	57.00	VESP;0.574
117.00	120.00	VESP;0.697
12.00	15.00	WCSP;0.704
19.50	24.00	WCSP;0.650
34.50	43.50	WCSP;0.985
52.50	57.00	WCSP;0.500
60.00	63.00	WCSP;0.500
82.50	87.00	WCSP;0.981
106.50	111.00	WCSP;0.764
120.00	123.00	WCSP;0.500
136.50	139.50	WCSP;0.500
142.50	145.50	WCSP;0.500
150.00	154.50	WCSP;0.524
175.50	180.00	WCSP;0.500
181.50	184.50	WCSP;0.854
187.50	192.00	WCSP;0.992
223.50	231.00	WCSP;0.500
240.00	244.50	WCSP;0.948
252.00	255.00	WCSP;0.500
273.00	276.00	WCSP;0.535
285.00	295.50	WCSP;0.990
297.00	300.00	WCSP;0.874
1.50	4.50	WTSP;0.500
10.50	60.00	WTSP;0.996
61.50	82.50	WTSP;0.998
84.00	93.00	WTSP;0.998
96.00	135.00	WTSP;0.999
136.50	144.00	WTSP;0.998
145.50	153.00	WTSP;0.996
154.50	228.00	WTSP;0.999
250.50	255.00	WTSP;0.500
261.00	273.00	WTSP;0.993
274.50	279.00	WTSP;0.500
280.50	286.50	WTSP;0.925
288.00	292.50	WTSP;0.500
294.00	300.00	WTSP;0.995
