273.00	276.00	AMAV;0.506
49.50	52.50	AMDI;0.674
72.00	75.00	AMDI;0.674
103.50	106.50	AMDI;0.552
180.00	183.00	AMDI;0.562
415.50	418.50	AMDI;0.539
364.50	369.00	AMRO;0.954
570.00	573.00	AMRO;0.724
579.00	582.00	AMRO;0.530
219.00	223.50	ATSP;0.567
426.00	430.50	ATSP;0.854
295.50	300.00	BAOR;0.614
339.00	343.50	BAOR;0.571
405.00	408.00	BAOR;0.511
523.50	526.50	BAOR;0.505
486.00	489.00	BEWR;0.541
0.00	3.00	BCCH;0.800
30.00	33.00	BCCH;0.566
159.00	162.00	BCCH;0.585
175.50	178.50	BCCH;0.579
211.50	214.50	BCCH;0.603
312.00	315.00	BCCH;0.653
408.00	411.00	BCCH;0.914
52.50	57.00	BRSP;0.500
76.50	81.00	BRSP;0.500
99.00	103.50	BRSP;0.603
168.00	172.50	BRSP;0.500
183.00	186.00	BRSP;0.500
198.00	201.00	BRSP;0.500
219.00	223.50	BRSP;0.830
228.00	232.50	BRSP;0.787
238.50	243.00	BRSP;0.955
250.50	255.00	BRSP;0.500
256.50	259.50	BRSP;0.500
295.50	298.50	BRSP;0.500
303.00	307.50	BRSP;0.518
424.50	427.50	BRSP;0.500
430.50	435.00	BRSP;0.500
495.00	499.50	BRSP;0.726
529.50	534.00	BRSP;0.974
552.00	555.00	BRSP;0.500
559.50	564.00	BRSP;0.714
567.00	570.00	BRSP;0.500
414.00	417.00	BUOR;0.588
139.50	142.50	CARW;0.626
48.00	51.00	CAFI;0.573
382.50	385.50	CHSW;0.515
418.50	421.50	CHSW;0.556
519.00	525.00	CHSW;0.697
561.00	565.50	CHSW;0.591
571.50	576.00	CHSW;0.651
582.00	585.00	CHSW;0.657
295.50	300.00	CHSP;0.647
303.00	307.50	CHSP;0.568
316.50	321.00	CHSP;0.500
331.50	337.50	CHSP;0.938
339.00	343.50	CHSP;0.774
348.00	351.00	CHSP;0.500
355.50	358.50	CHSP;0.500
408.00	411.00	CHSP;0.500
439.50	442.50	CHSP;0.500
454.50	459.00	CHSP;0.808
495.00	499.50	CHSP;0.940
511.50	516.00	CHSP;0.884
552.00	555.00	CHSP;0.500
558.00	562.50	CHSP;0.500
565.50	570.00	CHSP;0.608
595.50	600.00	CHSP;0.598
39.00	43.50	CCSP;0.989
73.50	76.50	DEJU;0.500
213.00	216.00	DEJU;0.698
240.00	244.50	DEJU;0.578
297.00	300.00	DEJU;0.500
303.00	307.50	DEJU;0.678
316.50	319.50	DEJU;0.500
340.50	343.50	DEJU;0.500
348.00	352.50	DEJU;0.844
357.00	360.00	DEJU;0.500
397.50	400.50	DEJU;0.543
408.00	412.50	DEJU;0.596
430.50	435.00	DEJU;0.884
462.00	466.50	DEJU;0.621
511.50	514.50	DEJU;0.560
552.00	556.50	DEJU;0.900
558.00	561.00	DEJU;0.500
565.50	571.50	DEJU;0.672
424.50	427.50	DUNL;0.785
441.00	444.00	EAME;0.551
574.50	579.00	EAME;0.824
115.50	118.50	EATO;0.609
286.50	289.50	FISP;0.587
51.00	55.50	FOSP;0.665
247.50	252.00	FOSP;0.644
442.50	445.50	FOSP;0.534
412.50	415.50	GOEA;0.541
0.00	3.00	GCSP;0.500
12.00	18.00	GCSP;0.994
27.00	33.00	GCSP;0.994
43.50	48.00	GCSP;0.988
63.00	67.50	GCSP;0.992
78.00	84.00	GCSP;0.993
96.00	100.50	GCSP;0.992
112.50	117.00	GCSP;0.989
127.50	133.50	GCSP;0.992
142.50	148.50	GCSP;0.990
156.00	162.00	GCSP;0.993
172.50	178.50	GCSP;0.993
195.00	199.50	GCSP;0.993
208.50	214.50	GCSP;0.992
225.00	229.50	GCSP;0.996
243.00	247.50	GCSP;0.992
259.50	264.00	GCSP;0.990
274.50	279.00	GCSP;0.991
289.50	295.50	GCSP;0.992
309.00	315.00	GCSP;0.998
324.00	330.00	GCSP;0.991
342.00	348.00	GCSP;0.985
357.00	361.50	GCSP;0.997
372.00	375.00	GCSP;0.952
390.00	394.50	GCSP;0.996
405.00	409.50	GCSP;0.993
421.50	426.00	GCSP;0.995
436.50	441.00	GCSP;0.988
451.50	456.00	GCSP;0.996
466.50	471.00	GCSP;0.990
483.00	487.50	GCSP;0.993
499.50	504.00	GCSP;0.802
514.50	519.00	GCSP;0.991
528.00	532.50	GCSP;0.992
543.00	547.50	GCSP;0.992
559.50	564.00	GCSP;0.991
574.50	580.50	GCSP;0.992
591.00	595.50	GCSP;0.997
450.00	453.00	GWTE;0.797
460.50	463.50	GWTE;0.619
57.00	60.00	HETH;0.525
120.00	123.00	HETH;0.749
202.50	205.50	HETH;0.600
486.00	489.00	HETH;0.528
490.50	495.00	HETH;0.928
3.00	12.00	LISP;0.929
16.50	21.00	LISP;0.951
30.00	34.50	LISP;0.739
45.00	49.50	LISP;0.500
66.00	70.50	LISP;0.650
73.50	78.00	LISP;0.926
87.00	93.00	LISP;0.619
103.50	109.50	LISP;0.749
121.50	126.00	LISP;0.974
135.00	139.50	LISP;0.651
150.00	154.50	LISP;0.941
165.00	168.00	LISP;0.500
189.00	193.50	LISP;0.550
211.50	216.00	LISP;0.879
240.00	244.50	LISP;0.966
255.00	258.00	LISP;0.500
271.50	276.00	LISP;0.500
283.50	291.00	LISP;0.972
298.50	303.00	LISP;0.835
312.00	316.50	LISP;0.855
327.00	330.00	LISP;0.500
342.00	346.50	LISP;0.892
373.50	376.50	LISP;0.500
385.50	391.50	LISP;0.856
417.00	421.50	LISP;0.527
430.50	433.50	LISP;0.500
435.00	439.50	LISP;0.736
444.00	448.50	LISP;0.974
462.00	466.50	LISP;0.735
505.50	508.50	LISP;0.500
519.00	522.00	LISP;0.500
532.50	537.00	LISP;0.637
229.50	234.00	MOCH;0.784
507.00	510.00	MOCH;0.570
568.50	573.00	MOCH;0.635
558.00	561.00	OCWA;0.598
571.50	574.50	PUFI;0.671
309.00	312.00	RWBL;0.552
66.00	69.00	ROWR;0.815
94.50	97.50	RUTU;0.527
213.00	217.50	RUTU;0.705
333.00	336.00	RUGR;0.550
88.50	93.00	RUBL;0.550
414.00	417.00	RUBL;0.809
465.00	468.00	SAND;0.663
502.50	505.50	SAPH;0.616
94.50	97.50	SBDO;0.560
571.50	574.50	SBDO;0.526
51.00	55.50	SNBU;0.545
117.00	120.00	SNBU;0.792
205.50	208.50	SNBU;0.552
475.50	478.50	SNBU;0.585
267.00	270.00	SPSA;0.609
399.00	402.00	SWSP;0.568
460.50	463.50	SWSP;0.558
519.00	523.50	SWSP;0.697
540.00	543.00	SWSP;0.544
550.50	555.00	SWSP;0.713
562.50	565.50	SWSP;0.609
571.50	576.00	SWSP;0.590
522.00	526.50	TOSO;0.615
0.00	3.00	VATH;0.500
13.50	18.00	VATH;0.732
30.00	33.00	VATH;0.500
46.50	49.50	VATH;0.500
64.50	69.00	VATH;0.500
81.00	84.00	VATH;0.533
129.00	133.50	VATH;0.546
145.50	148.50	VATH;0.500
159.00	162.00	VATH;0.500
175.50	178.50	VATH;0.500
198.00	201.00	VATH;0.500
226.50	231.00	VATH;0.735
244.50	249.00	VATH;0.959
262.50	265.50	VATH;0.744
276.00	280.50	VATH;0.932
291.00	295.50	VATH;0.778
312.00	315.00	VATH;0.500
327.00	330.00	VATH;0.500
360.00	363.00	VATH;0.692
438.00	442.50	VATH;0.514
454.50	457.50	VATH;0.622
544.50	549.00	VATH;0.826
577.50	580.50	VATH;0.500
594.00	597.00	VATH;0.556
427.50	432.00	WEFL;0.767
568.50	571.50	WEME;0.507
36.00	40.50	WCSP;0.500
75.00	78.00	WCSP;0.500
91.50	96.00	WCSP;0.643
106.50	112.50	WCSP;0.666
249.00	252.00	WCSP;0.500
279.00	282.00	WCSP;0.500
372.00	376.50	WCSP;0.523
400.50	411.00	WCSP;0.962
412.50	418.50	WCSP;0.500
420.00	423.00	WCSP;0.500
424.50	427.50	WCSP;0.500
442.50	451.50	WCSP;0.862
453.00	460.50	WCSP;0.500
489.00	492.00	WCSP;0.500
499.50	507.00	WCSP;0.854
549.00	553.50	WCSP;0.797
322.50	327.00	WIWA;0.975
328.50	333.00	WIWA;0.990
336.00	342.00	WIWA;0.992
345.00	349.50	WIWA;0.986
352.50	358.50	WIWA;0.978
361.50	366.00	WIWA;0.989
370.50	375.00	WIWA;0.986
379.50	385.50	WIWA;0.990
388.50	393.00	WIWA;0.942
399.00	403.50	WIWA;0.929
409.50	414.00	WIWA;0.986
418.50	423.00	WIWA;0.959
429.00	433.50	WIWA;0.988
439.50	444.00	WIWA;0.888
450.00	454.50	WIWA;0.964
459.00	463.50	WIWA;0.883
469.50	474.00	WIWA;0.945
478.50	483.00	WIWA;0.957
487.50	492.00	WIWA;0.945
498.00	502.50	WIWA;0.985
508.50	513.00	WIWA;0.980
520.50	523.50	WIWA;0.500
529.50	534.00	WIWA;0.742
540.00	544.50	WIWA;0.939
550.50	555.00	WIWA;0.825
562.50	565.50	WIWA;0.733
582.00	586.50	WIWA;0.786
592.50	597.00	WIWA;0.974
198.00	201.00	WOTH;0.555
