220.50	223.50	AMDI;0.599
253.50	258.00	AMDI;0.743
54.00	57.00	AMPI;0.575
0.00	4.50	AMRO;0.500
12.00	16.50	AMRO;0.659
30.00	42.00	AMRO;0.778
48.00	55.50	AMRO;0.977
207.00	211.50	AMRO;0.779
249.00	252.00	AMRO;0.500
123.00	126.00	BAWW;0.548
36.00	39.00	BBPL;0.795
270.00	273.00	BBPL;0.652
120.00	124.50	BRSP;0.683
148.50	151.50	BRSP;0.516
133.50	138.00	CEDW;0.714
21.00	24.00	CHSW;0.642
39.00	42.00	CHSW;0.509
60.00	63.00	CHSW;0.711
100.50	103.50	CHSW;0.545
109.50	112.50	CHSW;0.686
127.50	132.00	CHSW;0.788
168.00	171.00	CHSW;0.597
175.50	178.50	CHSW;0.543
201.00	204.00	CHSW;0.508
210.00	213.00	CHSW;0.643
256.50	259.50	CHSW;0.754
270.00	273.00	CHSW;0.560
294.00	297.00	CHSW;0.578
220.50	225.00	DEJU;0.875
96.00	99.00	EAME;0.615
159.00	162.00	EATO;0.748
55.50	58.50	FISP;0.612
136.50	141.00	FOSP;0.712
160.50	165.00	FOSP;0.744
187.50	192.00	FOSP;0.857
210.00	214.50	FOSP;0.812
289.50	294.00	FOSP;0.633
16.50	19.50	GCSP;0.724
115.50	118.50	GCSP;0.544
153.00	157.50	GCSP;0.658
195.00	198.00	GCSP;0.517
285.00	288.00	GCSP;0.579
264.00	268.50	HETH;0.847
220.50	223.50	LISP;0.612
238.50	241.50	LISP;0.906
9.00	13.50	MOCH;0.555
27.00	31.50	MOCH;0.716
37.50	42.00	MOCH;0.878
88.50	91.50	MOCH;0.736
115.50	118.50	MOCH;0.510
214.50	217.50	MOCH;0.543
228.00	235.50	MOCH;0.532
237.00	240.00	MOCH;0.568
243.00	246.00	MOCH;0.609
294.00	297.00	MOCH;0.853
144.00	148.50	NAWA;0.720
45.00	49.50	OSFL;0.757
1.50	4.50	RTHA;0.556
37.50	40.50	RUGR;0.512
48.00	52.50	RUGR;0.629
123.00	129.00	SNBU;0.719
150.00	154.50	SNBU;0.957
171.00	174.00	SNBU;0.544
132.00	135.00	SOSP;0.709
1.50	4.50	SWHA;0.566
30.00	33.00	SWSP;0.647
42.00	45.00	SWSP;0.811
177.00	181.50	SWSP;0.787
283.50	286.50	SWSP;0.567
136.50	139.50	VASW;0.736
162.00	165.00	VESP;0.561
211.50	214.50	VESP;0.564
94.50	97.50	WEME;0.621
6.00	9.00	WCSP;0.500
15.00	19.50	WCSP;0.920
24.00	27.00	WCSP;0.902
96.00	100.50	WCSP;0.500
112.50	117.00	WCSP;0.500
120.00	126.00	WCSP;0.767
129.00	153.00	WCSP;0.996
154.50	157.50	WCSP;0.743
163.50	168.00	WCSP;0.983
174.00	177.00	WCSP;0.500
184.50	189.00	WCSP;0.650
195.00	198.00	WCSP;0.500
204.00	208.50	WCSP;0.983
213.00	217.50	WCSP;0.913
226.50	232.50	WCSP;0.972
255.00	259.50	WCSP;0.624
265.50	268.50	WCSP;0.500
271.50	276.00	WCSP;0.890
283.50	288.00	WCSP;0.850
295.50	300.00	WCSP;0.678
4.50	13.50	WTSP;0.991
16.50	22.50	WTSP;0.862
27.00	31.50	WTSP;0.744
36.00	42.00	WTSP;0.842
43.50	48.00	WTSP;0.500
75.00	79.50	WTSP;0.746
91.50	94.50	WTSP;0.500
103.50	108.00	WTSP;0.855
109.50	118.50	WTSP;0.639
132.00	136.50	WTSP;0.500
153.00	156.00	WTSP;0.500
178.50	183.00	WTSP;0.830
184.50	187.50	WTSP;0.500
193.50	201.00	WTSP;0.612
208.50	216.00	WTSP;0.579
222.00	226.50	WTSP;0.950
231.00	234.00	WTSP;0.500
235.50	246.00	WTSP;0.988
264.00	267.00	WTSP;0.500
273.00	277.50	WTSP;0.847
7.50	12.00	WIWA;0.983
18.00	22.50	WIWA;0.971
28.50	33.00	WIWA;0.762
40.50	45.00	WIWA;0.897
51.00	55.50	WIWA;0.881
60.00	66.00	WIWA;0.981
72.00	76.50	WIWA;0.974
82.50	88.50	WIWA;0.966
97.50	102.00	WIWA;0.986
106.50	111.00	WIWA;0.971
117.00	121.50	WIWA;0.972
126.00	130.50	WIWA;0.978
138.00	144.00	WIWA;0.978
147.00	151.50	WIWA;0.935
156.00	162.00	WIWA;0.989
165.00	171.00	WIWA;0.972
175.50	181.50	WIWA;0.705
187.50	192.00	WIWA;0.947
198.00	202.50	WIWA;0.978
207.00	211.50	WIWA;0.923
217.50	223.50	WIWA;0.989
225.00	231.00	WIWA;0.978
234.00	238.50	WIWA;0.987
244.50	250.50	WIWA;0.989
258.00	262.50	WIWA;0.972
267.00	273.00	WIWA;0.900
282.00	286.50	WIWA;0.833
291.00	295.50	WIWA;0.965
