6.00	9.00	AMRO;0.500
10.50	15.00	AMRO;0.500
16.50	27.00	AMRO;0.793
33.00	36.00	AMRO;0.500
39.00	42.00	AMRO;0.502
45.00	49.50	AMRO;0.500
54.00	57.00	AMRO;0.500
63.00	66.00	AMRO;0.500
88.50	94.50	AMRO;0.587
109.50	114.00	AMRO;0.500
129.00	133.50	AMRO;0.500
141.00	145.50	AMRO;0.807
147.00	156.00	AMRO;0.500
196.50	201.00	AMRO;0.614
210.00	213.00	AMRO;0.500
216.00	219.00	AMRO;0.500
222.00	231.00	AMRO;0.510
241.50	246.00	AMRO;0.791
60.00	64.50	BLOY;0.667
127.50	132.00	BLOY;0.667
145.50	148.50	BLOY;0.500
81.00	84.00	BBPL;0.503
217.50	220.50	BBPL;0.726
234.00	237.00	BBPL;0.560
273.00	276.00	BRSP;0.539
106.50	109.50	BUOR;0.508
144.00	147.00	EABL;0.724
40.50	43.50	EAME;0.594
117.00	121.50	EAME;0.792
19.50	22.50	FISP;0.569
46.50	51.00	FISP;0.716
61.50	66.00	FISP;0.727
76.50	79.50	FISP;0.566
103.50	106.50	FISP;0.580
12.00	16.50	FOSP;0.500
27.00	31.50	FOSP;0.702
42.00	46.50	FOSP;0.751
55.50	60.00	FOSP;0.656
67.50	72.00	FOSP;0.617
82.50	87.00	FOSP;0.642
133.50	138.00	FOSP;0.886
175.50	180.00	FOSP;0.954
192.00	198.00	FOSP;0.932
207.00	211.50	FOSP;0.980
75.00	78.00	GCSP;0.520
150.00	153.00	GCFL;0.558
3.00	9.00	GWTE;0.857
12.00	15.00	GWTE;0.500
31.50	36.00	GWTE;0.500
54.00	58.50	GWTE;0.852
60.00	64.50	GWTE;0.533
90.00	96.00	GWTE;0.500
103.50	108.00	GWTE;0.675
114.00	118.50	GWTE;0.523
129.00	139.50	GWTE;0.757
141.00	160.50	GWTE;0.807
162.00	165.00	GWTE;0.500
169.50	172.50	GWTE;0.500
174.00	177.00	GWTE;0.698
181.50	187.50	GWTE;0.772
189.00	195.00	GWTE;0.510
196.50	201.00	GWTE;0.857
202.50	207.00	GWTE;0.531
210.00	219.00	GWTE;0.937
220.50	232.50	GWTE;0.856
235.50	240.00	GWTE;0.811
241.50	247.50	GWTE;0.828
250.50	253.50	GWTE;0.546
262.50	267.00	GWTE;0.500
126.00	130.50	HASP;0.617
288.00	291.00	HASP;0.537
97.50	100.50	HETH;0.699
102.00	105.00	HETH;0.741
43.50	48.00	MAMU;0.726
9.00	12.00	MOCH;0.581
15.00	18.00	MOCH;0.500
58.50	63.00	MOCH;0.695
66.00	69.00	MOCH;0.500
75.00	78.00	MOCH;0.500
87.00	93.00	MOCH;0.575
96.00	99.00	MOCH;0.500
100.50	103.50	MOCH;0.598
112.50	117.00	MOCH;0.615
142.50	145.50	MOCH;0.500
159.00	162.00	MOCH;0.613
166.50	171.00	MOCH;0.500
174.00	177.00	MOCH;0.500
180.00	184.50	MOCH;0.568
202.50	207.00	MOCH;0.500
223.50	228.00	MOCH;0.500
249.00	252.00	MOCH;0.500
256.50	259.50	MOCH;0.843
262.50	265.50	MOCH;0.713
280.50	285.00	MOCH;0.851
294.00	298.50	MOCH;0.772
0.00	3.00	PUFI;0.630
21.00	24.00	PUFI;0.663
67.50	70.50	PUFI;0.613
192.00	195.00	RECR;0.588
205.50	208.50	RECR;0.739
108.00	111.00	ROWR;0.796
126.00	129.00	ROWR;0.544
267.00	270.00	ROWR;0.530
15.00	18.00	SBDO;0.689
70.50	73.50	SBDO;0.592
82.50	85.50	SBIG;0.585
25.50	28.50	SNBU;0.720
84.00	87.00	SNBU;0.515
132.00	135.00	SNBU;0.619
177.00	180.00	SNBU;0.630
121.50	124.50	SPGR;0.511
39.00	43.50	SWHA;0.604
99.00	103.50	SWHA;0.595
138.00	141.00	SWHA;0.746
156.00	159.00	SWHA;0.549
18.00	21.00	TOSO;0.526
130.50	133.50	TOSO;0.556
163.50	166.50	TOSO;0.527
169.50	174.00	TOSO;0.585
127.50	130.50	VATH;0.581
201.00	204.00	VATH;0.587
231.00	234.00	VATH;0.557
48.00	52.50	WCSP;0.713
105.00	109.50	WCSP;0.860
112.50	115.50	WCSP;0.500
124.50	129.00	WCSP;0.913
258.00	262.50	WCSP;0.850
264.00	300.00	WCSP;0.983
4.50	10.50	WTSP;0.953
16.50	22.50	WTSP;0.908
30.00	34.50	WTSP;0.982
46.50	51.00	WTSP;0.668
58.50	66.00	WTSP;0.500
75.00	79.50	WTSP;0.500
87.00	93.00	WTSP;0.965
100.50	106.50	WTSP;0.983
114.00	117.00	WTSP;0.500
123.00	130.50	WTSP;0.880
139.50	145.50	WTSP;0.994
156.00	162.00	WTSP;0.928
202.50	205.50	WTSP;0.500
214.50	219.00	WTSP;0.525
223.50	226.50	WTSP;0.500
231.00	235.50	WTSP;0.653
244.50	250.50	WTSP;0.907
255.00	265.50	WTSP;0.992
267.00	271.50	WTSP;0.500
273.00	279.00	WTSP;0.997
280.50	285.00	WTSP;0.921
286.50	291.00	WTSP;0.589
294.00	298.50	WTSP;0.500
