69.00	72.00	AMDI;0.617
139.50	142.50	AMDI;0.681
211.50	214.50	AMDI;0.721
226.50	229.50	AMDI;0.675
259.50	262.50	AMDI;0.506
271.50	274.50	AMDI;0.515
592.50	595.50	AMDI;0.530
244.50	247.50	BEWR;0.547
370.50	373.50	BCCH;0.717
538.50	541.50	BCCH;0.538
1.50	4.50	BRSP;0.820
43.50	46.50	BRSP;0.646
112.50	117.00	BRSP;0.739
174.00	178.50	BRSP;0.675
324.00	327.00	BRSP;0.699
450.00	453.00	BRSP;0.584
586.50	589.50	BRSP;0.509
189.00	192.00	BWHA;0.735
436.50	441.00	CAFI;0.811
1.50	9.00	CHSP;0.993
12.00	22.50	CHSP;0.990
34.50	39.00	CHSP;0.935
43.50	49.50	CHSP;0.956
57.00	61.50	CHSP;0.711
69.00	73.50	CHSP;0.805
76.50	87.00	CHSP;0.962
88.50	93.00	CHSP;0.892
100.50	105.00	CHSP;0.574
115.50	121.50	CHSP;0.989
147.00	151.50	CHSP;0.531
181.50	186.00	CHSP;0.807
219.00	223.50	CHSP;0.672
277.50	282.00	CHSP;0.500
286.50	292.50	CHSP;0.990
309.00	313.50	CHSP;0.500
471.00	477.00	CHSP;0.993
558.00	561.00	CHSP;0.500
565.50	570.00	CHSP;0.805
576.00	580.50	CHSP;0.500
597.00	600.00	CHSP;0.950
496.50	501.00	CCSP;0.691
559.50	568.50	CCSP;0.838
1.50	4.50	DEJU;0.500
6.00	9.00	DEJU;0.500
82.50	87.00	DEJU;0.500
154.50	157.50	DEJU;0.577
246.00	250.50	DEJU;0.753
265.50	268.50	DEJU;0.500
274.50	277.50	DEJU;0.500
280.50	283.50	DEJU;0.709
294.00	297.00	DEJU;0.500
325.50	330.00	DEJU;0.723
504.00	507.00	DEJU;0.673
513.00	516.00	DEJU;0.500
526.50	531.00	DEJU;0.741
540.00	544.50	DEJU;0.909
567.00	570.00	DEJU;0.500
574.50	600.00	DEJU;0.989
304.50	309.00	DUFL;0.722
241.50	244.50	EAME;0.606
375.00	378.00	EAME;0.634
421.50	424.50	EAME;0.523
244.50	247.50	EATO;0.547
105.00	108.00	FISP;0.694
369.00	372.00	FISP;0.770
465.00	468.00	FISP;0.531
6.00	12.00	FOSP;0.960
15.00	21.00	FOSP;0.973
28.50	33.00	FOSP;0.979
37.50	42.00	FOSP;0.934
55.50	60.00	FOSP;0.848
129.00	135.00	FOSP;0.891
141.00	145.50	FOSP;0.944
217.50	222.00	FOSP;0.861
226.50	232.50	FOSP;0.885
241.50	247.50	FOSP;0.922
255.00	259.50	FOSP;0.500
339.00	345.00	FOSP;0.725
348.00	354.00	FOSP;0.955
378.00	384.00	FOSP;0.990
387.00	393.00	FOSP;0.955
399.00	405.00	FOSP;0.982
412.50	418.50	FOSP;0.965
423.00	429.00	FOSP;0.932
4.50	7.50	GCSP;0.576
58.50	61.50	GCSP;0.625
67.50	70.50	GCSP;0.537
72.00	76.50	GCSP;0.803
85.50	88.50	GCSP;0.703
102.00	106.50	GCSP;0.761
148.50	151.50	GCSP;0.703
172.50	177.00	GCSP;0.723
232.50	237.00	GCSP;0.778
256.50	259.50	GCSP;0.564
319.50	322.50	GCSP;0.610
333.00	336.00	GCSP;0.533
340.50	343.50	GCSP;0.514
453.00	456.00	GCSP;0.507
471.00	474.00	GCSP;0.593
490.50	493.50	GCSP;0.514
498.00	501.00	GCSP;0.620
508.50	513.00	GCSP;0.551
516.00	523.50	GCSP;0.617
561.00	565.50	GWWA;0.600
214.50	217.50	GRCA;0.508
72.00	76.50	HASP;0.500
124.50	127.50	HASP;0.500
138.00	141.00	HASP;0.500
154.50	157.50	HASP;0.724
168.00	172.50	HASP;0.500
189.00	193.50	HASP;0.500
253.50	256.50	HASP;0.608
261.00	264.00	HASP;0.500
295.50	298.50	HASP;0.500
300.00	303.00	HASP;0.500
324.00	328.50	HASP;0.500
345.00	348.00	HASP;0.500
396.00	399.00	HASP;0.756
403.50	406.50	HASP;0.759
409.50	414.00	HASP;0.884
429.00	432.00	HASP;0.500
477.00	483.00	HASP;0.500
519.00	522.00	HASP;0.500
576.00	579.00	HASP;0.500
355.50	358.50	HOSP;0.635
487.50	490.50	HOWR;0.605
504.00	507.00	HOWR;0.515
84.00	87.00	KILL;0.535
330.00	333.00	LALO;0.513
24.00	27.00	LISP;0.500
52.50	55.50	LISP;0.500
81.00	85.50	LISP;0.723
87.00	91.50	LISP;0.974
93.00	96.00	LISP;0.500
97.50	102.00	LISP;0.846
106.50	111.00	LISP;0.976
151.50	157.50	LISP;0.984
163.50	168.00	LISP;0.694
175.50	180.00	LISP;0.945
235.50	240.00	LISP;0.955
246.00	252.00	LISP;0.500
256.50	259.50	LISP;0.500
273.00	277.50	LISP;0.748
279.00	285.00	LISP;0.963
376.50	379.50	LISP;0.626
418.50	423.00	LISP;0.545
436.50	441.00	LISP;0.734
463.50	468.00	LISP;0.551
486.00	490.50	LISP;0.692
501.00	507.00	LISP;0.978
511.50	517.50	LISP;0.972
522.00	531.00	LISP;0.992
564.00	570.00	LISP;0.627
579.00	583.50	LISP;0.500
592.50	597.00	LISP;0.926
519.00	522.00	LOSH;0.575
0.00	3.00	MOCH;0.500
10.50	13.50	MOCH;0.693
24.00	28.50	MOCH;0.923
54.00	58.50	MOCH;0.500
66.00	69.00	MOCH;0.500
85.50	88.50	MOCH;0.500
105.00	114.00	MOCH;0.826
135.00	139.50	MOCH;0.577
145.50	150.00	MOCH;0.979
159.00	163.50	MOCH;0.763
169.50	174.00	MOCH;0.763
180.00	183.00	MOCH;0.967
184.50	187.50	MOCH;0.500
190.50	199.50	MOCH;0.898
238.50	243.00	MOCH;0.768
252.00	255.00	MOCH;0.500
270.00	273.00	MOCH;0.500
297.00	300.00	MOCH;0.500
303.00	306.00	MOCH;0.500
310.50	315.00	MOCH;0.875
337.50	348.00	MOCH;0.622
357.00	360.00	MOCH;0.559
370.50	376.50	MOCH;0.500
387.00	390.00	MOCH;0.500
412.50	415.50	MOCH;0.548
432.00	435.00	MOCH;0.500
444.00	448.50	MOCH;0.798
456.00	459.00	MOCH;0.500
490.50	493.50	MOCH;0.500
496.50	502.50	MOCH;0.799
516.00	525.00	MOCH;0.512
532.50	535.50	MOCH;0.576
538.50	543.00	MOCH;0.701
547.50	552.00	MOCH;0.829
558.00	562.50	MOCH;0.618
129.00	132.00	NOCA;0.548
274.50	279.00	NOCA;0.728
22.50	25.50	NSHR;0.593
100.50	103.50	NSHR;0.626
40.50	45.00	PISI;0.922
72.00	76.50	PISI;0.500
160.50	171.00	PISI;0.992
223.50	229.50	PISI;0.992
232.50	235.50	PISI;0.562
238.50	244.50	PISI;0.929
250.50	255.00	PISI;0.819
295.50	324.00	PISI;0.992
352.50	357.00	PISI;0.757
364.50	373.50	PISI;0.989
390.00	400.50	PISI;0.998
406.50	411.00	PISI;0.758
499.50	508.50	PISI;0.786
574.50	591.00	PROW;0.901
252.00	255.00	PUFI;0.569
256.50	259.50	PUFI;0.551
376.50	381.00	PUFI;0.681
493.50	498.00	PUFI;0.640
27.00	30.00	RECR;0.582
139.50	142.50	RECR;0.755
216.00	219.00	RECR;0.608
378.00	382.50	RECR;0.665
399.00	403.50	RECR;0.542
249.00	252.00	ROWR;0.582
433.50	438.00	RUTU;0.642
408.00	411.00	SAPH;0.507
37.50	42.00	SNBU;0.562
406.50	409.50	SNBU;0.736
42.00	46.50	SOSA;0.752
180.00	184.50	SOSA;0.794
187.50	190.50	SOSP;0.534
351.00	355.50	SOSP;0.565
508.50	511.50	SOSP;0.598
231.00	234.00	SPTO;0.632
364.50	367.50	SWHA;0.506
168.00	172.50	SWSP;0.621
187.50	190.50	SWSP;0.589
70.50	73.50	VATH;0.500
90.00	94.50	VATH;0.807
112.50	117.00	VATH;0.913
168.00	172.50	VATH;0.500
253.50	256.50	VATH;0.500
282.00	286.50	VATH;0.515
294.00	297.00	VATH;0.650
301.50	304.50	VATH;0.500
327.00	330.00	VATH;0.500
403.50	406.50	VATH;0.500
483.00	486.00	VATH;0.500
514.50	519.00	VATH;0.956
522.00	526.50	VATH;0.727
543.00	547.50	VATH;0.974
552.00	555.00	VATH;0.500
571.50	576.00	VATH;0.975
580.50	585.00	VATH;0.845
595.50	598.50	VATH;0.500
468.00	472.50	WEFL;0.797
285.00	288.00	WEWP;0.643
373.50	376.50	WEWP;0.907
19.50	24.00	WCSP;0.956
28.50	37.50	WCSP;0.967
40.50	43.50	WCSP;0.500
45.00	51.00	WCSP;0.978
58.50	63.00	WCSP;0.961
73.50	78.00	WCSP;0.888
97.50	102.00	WCSP;0.690
103.50	106.50	WCSP;0.500
112.50	115.50	WCSP;0.648
123.00	129.00	WCSP;0.667
138.00	141.00	WCSP;0.524
148.50	154.50	WCSP;0.913
162.00	166.50	WCSP;0.926
174.00	177.00	WCSP;0.500
184.50	190.50	WCSP;0.991
196.50	201.00	WCSP;0.893
208.50	214.50	WCSP;0.984
220.50	226.50	WCSP;0.988
229.50	237.00	WCSP;0.990
246.00	252.00	WCSP;0.874
258.00	262.50	WCSP;0.950
265.50	276.00	WCSP;0.736
283.50	288.00	WCSP;0.958
289.50	292.50	WCSP;0.536
297.00	304.50	WCSP;0.910
315.00	318.00	WCSP;0.500
322.50	328.50	WCSP;0.981
333.00	337.50	WCSP;0.705
340.50	345.00	WCSP;0.502
346.50	355.50	WCSP;0.965
358.50	363.00	WCSP;0.986
372.00	376.50	WCSP;0.992
385.50	390.00	WCSP;0.984
397.50	402.00	WCSP;0.895
426.00	450.00	WCSP;0.988
454.50	459.00	WCSP;0.960
466.50	472.50	WCSP;0.955
480.00	487.50	WCSP;0.955
492.00	499.50	WCSP;0.968
507.00	513.00	WCSP;0.990
517.50	525.00	WCSP;0.948
534.00	538.50	WCSP;0.954
546.00	555.00	WCSP;0.980
558.00	562.50	WCSP;0.548
570.00	574.50	WCSP;0.977
585.00	589.50	WCSP;0.986
0.00	3.00	WTSP;0.868
4.50	9.00	WTSP;0.607
10.50	16.50	WTSP;0.957
19.50	22.50	WTSP;0.500
24.00	28.50	WTSP;0.925
45.00	55.50	WTSP;0.986
66.00	70.50	WTSP;0.966
72.00	76.50	WTSP;0.642
85.50	90.00	WTSP;0.660
100.50	115.50	WTSP;0.971
120.00	127.50	WTSP;0.996
132.00	141.00	WTSP;0.996
144.00	148.50	WTSP;0.979
150.00	163.50	WTSP;0.990
168.00	183.00	WTSP;0.994
184.50	187.50	WTSP;0.624
190.50	195.00	WTSP;0.551
196.50	199.50	WTSP;0.500
207.00	213.00	WTSP;0.763
222.00	225.00	WTSP;0.500
234.00	237.00	WTSP;0.500
238.50	243.00	WTSP;0.500
247.50	252.00	WTSP;0.832
253.50	276.00	WTSP;0.993
279.00	286.50	WTSP;0.941
289.50	304.50	WTSP;0.996
306.00	349.50	WTSP;0.998
351.00	355.50	WTSP;0.736
360.00	375.00	WTSP;0.987
381.00	388.50	WTSP;0.999
391.50	400.50	WTSP;0.993
403.50	409.50	WTSP;0.993
411.00	414.00	WTSP;0.744
417.00	421.50	WTSP;0.984
426.00	429.00	WTSP;0.500
432.00	436.50	WTSP;0.500
438.00	442.50	WTSP;0.575
445.50	448.50	WTSP;0.500
453.00	457.50	WTSP;0.784
465.00	474.00	WTSP;0.939
477.00	487.50	WTSP;0.995
490.50	495.00	WTSP;0.759
498.00	501.00	WTSP;0.500
505.50	513.00	WTSP;0.768
516.00	523.50	WTSP;0.551
525.00	537.00	WTSP;0.994
538.50	543.00	WTSP;0.561
544.50	556.50	WTSP;0.806
558.00	562.50	WTSP;0.500
576.00	580.50	WTSP;0.894
588.00	592.50	WTSP;0.989
58.50	61.50	WIFL;0.592
499.50	502.50	WIWR;0.792
169.50	174.00	YRWA;0.502
183.00	187.50	YRWA;0.557
196.50	202.50	YRWA;0.747
205.50	210.00	YRWA;0.883
213.00	217.50	YRWA;0.881
249.00	256.50	YRWA;0.850
261.00	265.50	YRWA;0.855
267.00	273.00	YRWA;0.845
276.00	280.50	YRWA;0.953
285.00	289.50	YRWA;0.829
294.00	298.50	YRWA;0.878
303.00	309.00	YRWA;0.636
324.00	328.50	YRWA;0.770
361.50	367.50	YRWA;0.549
402.00	406.50	YRWA;0.956
430.50	433.50	YRWA;0.639
442.50	447.00	YRWA;0.975
451.50	456.00	YRWA;0.952
465.00	469.50	YRWA;0.582
489.00	492.00	YRWA;0.674
501.00	504.00	YRWA;0.500
508.50	513.00	YRWA;0.500
529.50	532.50	YRWA;0.500
561.00	565.50	YRWA;0.975
583.50	586.50	YRWA;0.500
597.00	600.00	YRWA;0.500
