145.50	148.50	AMGP;0.538
543.00	546.00	AMGP;0.553
108.00	111.00	AMRO;0.944
250.50	253.50	ATSP;0.516
261.00	265.50	ATSP;0.805
489.00	493.50	ATSP;0.754
576.00	580.50	ATSP;0.586
373.50	378.00	BAEA;0.720
159.00	162.00	COGO;0.540
99.00	102.00	GCSP;0.501
111.00	115.50	GWTE;0.685
27.00	30.00	MOCH;0.500
40.50	43.50	MOCH;0.500
84.00	88.50	MOCH;0.500
100.50	103.50	MOCH;0.500
147.00	151.50	MOCH;0.506
160.50	165.00	MOCH;0.569
183.00	187.50	MOCH;0.852
243.00	247.50	MOCH;0.811
264.00	268.50	MOCH;0.601
274.50	279.00	MOCH;0.961
309.00	313.50	MOCH;0.801
321.00	324.00	MOCH;0.500
391.50	396.00	MOCH;0.500
493.50	498.00	MOCH;0.780
520.50	525.00	MOCH;0.566
532.50	537.00	MOCH;0.665
543.00	547.50	MOCH;0.500
55.50	60.00	PUFI;0.674
124.50	127.50	RWBL;0.562
378.00	382.50	RBGU;0.579
204.00	207.00	RUGR;0.530
597.00	600.00	RUGR;0.513
54.00	58.50	SPGR;0.646
555.00	559.50	SPGR;0.644
261.00	265.50	WEFL;0.555
345.00	349.50	WEFL;0.841
571.50	579.00	WEFL;0.712
42.00	46.50	WEWP;0.598
543.00	546.00	WEWP;0.527
46.50	51.00	WCSP;0.825
85.50	93.00	WCSP;0.552
565.50	576.00	WCSP;0.954
577.50	580.50	WCSP;0.500
75.00	79.50	WTSP;0.618
84.00	88.50	WTSP;0.716
99.00	103.50	WTSP;0.640
184.50	187.50	WTSP;0.516
244.50	247.50	WTSP;0.535
