6.00	9.00	AMDI;0.675
40.50	45.00	AMDI;0.903
58.50	61.50	AMDI;0.585
223.50	228.00	AMDI;0.736
241.50	246.00	AMDI;0.633
274.50	279.00	AMDI;0.733
307.50	312.00	AMDI;0.648
511.50	514.50	AMDI;0.667
544.50	549.00	AMDI;0.723
579.00	582.00	AMDI;0.562
447.00	450.00	AGOL;0.587
0.00	4.50	AMRO;0.885
154.50	157.50	AMRO;0.506
304.50	309.00	AMRO;0.844
130.50	135.00	ATSP;0.591
91.50	94.50	BLTU;0.502
246.00	249.00	BCCH;0.597
24.00	28.50	BRSP;0.538
141.00	144.00	BRSP;0.620
181.50	184.50	BRSP;0.552
343.50	346.50	BRSP;0.725
444.00	448.50	BRSP;0.652
462.00	465.00	BRSP;0.580
148.50	151.50	BHCO;0.624
391.50	394.50	BHCO;0.584
421.50	424.50	BHCO;0.604
36.00	40.50	CHSW;0.625
160.50	163.50	CHSW;0.539
520.50	523.50	CHSW;0.580
531.00	534.00	CHSW;0.592
51.00	55.50	FISP;0.625
172.50	175.50	FISP;0.621
184.50	187.50	FISP;0.640
198.00	201.00	FISP;0.501
250.50	253.50	FISP;0.769
264.00	268.50	FISP;0.600
292.50	295.50	FISP;0.766
331.50	334.50	FISP;0.524
382.50	385.50	FISP;0.725
426.00	429.00	FISP;0.528
481.50	484.50	FISP;0.609
564.00	567.00	FISP;0.506
595.50	598.50	FISP;0.660
156.00	160.50	FOSP;0.966
246.00	249.00	GCSP;0.565
480.00	483.00	GCSP;0.529
597.00	600.00	HASP;0.685
22.50	25.50	HETH;0.513
105.00	108.00	HETH;0.596
364.50	367.50	HETH;0.594
574.50	577.50	HETH;0.749
277.50	280.50	HOLA;0.615
6.00	9.00	LISP;0.500
22.50	27.00	LISP;0.500
42.00	45.00	LISP;0.500
57.00	61.50	LISP;0.984
75.00	79.50	LISP;0.524
81.00	84.00	LISP;0.598
121.50	126.00	LISP;0.947
132.00	136.50	LISP;0.500
157.50	162.00	LISP;0.739
175.50	181.50	LISP;0.969
187.50	190.50	LISP;0.500
192.00	196.50	LISP;0.898
199.50	204.00	LISP;0.857
213.00	216.00	LISP;0.500
241.50	246.00	LISP;0.736
258.00	261.00	LISP;0.500
274.50	280.50	LISP;0.635
307.50	312.00	LISP;0.826
324.00	330.00	LISP;0.684
361.50	364.50	LISP;0.500
411.00	414.00	LISP;0.500
496.50	501.00	LISP;0.543
528.00	532.50	LISP;0.937
546.00	550.50	LISP;0.655
561.00	565.50	LISP;0.849
577.50	582.00	LISP;0.884
13.50	16.50	MOCH;0.540
18.00	21.00	MOCH;0.568
22.50	25.50	MOCH;0.500
37.50	40.50	MOCH;0.764
43.50	46.50	MOCH;0.500
52.50	57.00	MOCH;0.859
64.50	69.00	MOCH;0.856
70.50	73.50	MOCH;0.500
91.50	94.50	MOCH;0.599
105.00	108.00	MOCH;0.500
109.50	117.00	MOCH;0.500
118.50	121.50	MOCH;0.534
147.00	150.00	MOCH;0.500
153.00	157.50	MOCH;0.635
162.00	169.50	MOCH;0.500
172.50	175.50	MOCH;0.500
184.50	187.50	MOCH;0.500
195.00	198.00	MOCH;0.776
207.00	210.00	MOCH;0.609
220.50	226.50	MOCH;0.500
246.00	250.50	MOCH;0.619
279.00	282.00	MOCH;0.637
289.50	292.50	MOCH;0.716
301.50	307.50	MOCH;0.661
318.00	321.00	MOCH;0.660
334.50	337.50	MOCH;0.500
355.50	358.50	MOCH;0.687
360.00	367.50	MOCH;0.922
376.50	382.50	MOCH;0.852
388.50	393.00	MOCH;0.733
396.00	399.00	MOCH;0.645
402.00	408.00	MOCH;0.828
418.50	421.50	MOCH;0.500
423.00	429.00	MOCH;0.786
438.00	444.00	MOCH;0.795
451.50	457.50	MOCH;0.923
468.00	472.50	MOCH;0.837
481.50	486.00	MOCH;0.772
495.00	499.50	MOCH;0.930
511.50	514.50	MOCH;0.500
522.00	528.00	MOCH;0.569
535.50	541.50	MOCH;0.500
549.00	552.00	MOCH;0.500
567.00	573.00	MOCH;0.728
574.50	577.50	MOCH;0.500
589.50	595.50	MOCH;0.537
85.50	88.50	NSHR;0.580
18.00	21.00	OCWA;0.555
103.50	106.50	OCWA;0.521
7.50	10.50	PUFI;0.617
133.50	136.50	PUFI;0.504
94.50	97.50	REVI;0.508
190.50	193.50	ROWR;0.535
294.00	297.00	ROWR;0.598
73.50	78.00	RUTU;0.814
91.50	94.50	RUTU;0.500
108.00	112.50	RUTU;0.741
123.00	127.50	RUTU;0.658
174.00	178.50	RUTU;0.767
190.50	195.00	RUTU;0.665
210.00	213.00	RUTU;0.500
225.00	229.50	RUTU;0.500
241.50	247.50	RUTU;0.632
258.00	262.50	RUTU;0.500
342.00	346.50	RUTU;0.569
358.50	364.50	RUTU;0.557
376.50	381.00	RUTU;0.583
393.00	397.50	RUTU;0.500
408.00	412.50	RUTU;0.911
426.00	430.50	RUTU;0.599
442.50	447.00	RUTU;0.743
462.00	466.50	RUTU;0.590
480.00	483.00	RUTU;0.500
513.00	517.50	RUTU;0.614
529.50	534.00	RUTU;0.500
546.00	550.50	RUTU;0.595
148.50	151.50	RUGR;0.592
574.50	577.50	RUGR;0.526
478.50	483.00	RUBL;0.717
567.00	570.00	RUBL;0.535
285.00	289.50	SAPH;0.781
93.00	96.00	SESA;0.505
168.00	172.50	SNBU;0.772
265.50	270.00	SNBU;0.916
91.50	96.00	SOSA;0.656
166.50	169.50	SOSA;0.556
187.50	192.00	SOSA;0.601
6.00	9.00	SUTA;0.512
16.50	19.50	SWSP;0.500
28.50	31.50	SWSP;0.547
36.00	40.50	SWSP;0.500
57.00	60.00	SWSP;0.500
66.00	69.00	SWSP;0.500
139.50	144.00	SWSP;0.815
148.50	153.00	SWSP;0.933
159.00	163.50	SWSP;0.500
168.00	172.50	SWSP;0.674
196.50	201.00	SWSP;0.508
226.50	231.00	SWSP;0.843
261.00	264.00	SWSP;0.500
286.50	291.00	SWSP;0.500
295.50	300.00	SWSP;0.607
306.00	309.00	SWSP;0.500
316.50	321.00	SWSP;0.500
336.00	340.50	SWSP;0.500
346.50	349.50	SWSP;0.500
385.50	390.00	SWSP;0.669
396.00	399.00	SWSP;0.500
406.50	409.50	SWSP;0.500
426.00	429.00	SWSP;0.500
502.50	505.50	SWSP;0.528
25.50	28.50	TOWA;0.651
15.00	19.50	VATH;0.713
31.50	39.00	VATH;0.912
60.00	63.00	VATH;0.500
96.00	99.00	VATH;0.500
124.50	127.50	VATH;0.500
147.00	150.00	VATH;0.650
198.00	201.00	VATH;0.537
271.50	276.00	VATH;0.985
456.00	460.50	VATH;0.965
483.00	487.50	VATH;0.903
538.50	543.00	VATH;0.993
568.50	573.00	VATH;0.861
208.50	211.50	VESP;0.678
291.00	294.00	VESP;0.520
3.00	16.50	WCSP;0.988
22.50	28.50	WCSP;0.962
39.00	43.50	WCSP;0.989
54.00	58.50	WCSP;0.982
67.50	72.00	WCSP;0.991
82.50	87.00	WCSP;0.985
99.00	106.50	WCSP;0.984
112.50	118.50	WCSP;0.975
129.00	133.50	WCSP;0.971
159.00	162.00	WCSP;0.500
163.50	166.50	WCSP;0.500
181.50	184.50	WCSP;0.500
202.50	207.00	WCSP;0.968
211.50	214.50	WCSP;0.503
235.50	240.00	WCSP;0.816
292.50	295.50	WCSP;0.500
318.00	322.50	WCSP;0.506
390.00	393.00	WCSP;0.500
403.50	406.50	WCSP;0.500
414.00	423.00	WCSP;0.982
504.00	507.00	WCSP;0.500
571.50	576.00	WCSP;0.972
582.00	586.50	WCSP;0.965
589.50	592.50	WCSP;0.500
7.50	21.00	WTSP;0.987
30.00	40.50	WTSP;0.746
46.50	55.50	WTSP;0.914
64.50	69.00	WTSP;0.808
82.50	94.50	WTSP;0.986
109.50	115.50	WTSP;0.992
117.00	121.50	WTSP;0.988
124.50	135.00	WTSP;0.996
142.50	150.00	WTSP;0.989
162.00	166.50	WTSP;0.613
169.50	175.50	WTSP;0.994
181.50	187.50	WTSP;0.986
195.00	201.00	WTSP;0.995
210.00	214.50	WTSP;0.940
220.50	226.50	WTSP;0.988
247.50	253.50	WTSP;0.970
262.50	267.00	WTSP;0.955
277.50	282.00	WTSP;0.500
289.50	295.50	WTSP;0.981
301.50	307.50	WTSP;0.934
315.00	321.00	WTSP;0.986
328.50	334.50	WTSP;0.988
342.00	345.00	WTSP;0.500
357.00	361.50	WTSP;0.987
379.50	385.50	WTSP;0.952
388.50	399.00	WTSP;0.995
420.00	429.00	WTSP;0.915
438.00	442.50	WTSP;0.500
451.50	457.50	WTSP;0.949
466.50	474.00	WTSP;0.969
480.00	484.50	WTSP;0.932
495.00	499.50	WTSP;0.815
508.50	514.50	WTSP;0.984
523.50	528.00	WTSP;0.828
535.50	541.50	WTSP;0.984
549.00	555.00	WTSP;0.993
556.50	561.00	WTSP;0.976
564.00	568.50	WTSP;0.923
570.00	600.00	WTSP;0.994
18.00	21.00	WIWA;0.500
27.00	31.50	WIWA;0.934
159.00	163.50	WIWA;0.500
345.00	349.50	WIWA;0.818
385.50	390.00	WIWA;0.579
426.00	430.50	WIWA;0.983
439.50	444.00	WIWA;0.935
450.00	456.00	WIWA;0.992
477.00	481.50	WIWA;0.988
489.00	495.00	WIWA;0.991
499.50	505.50	WIWA;0.979
511.50	516.00	WIWA;0.977
522.00	526.50	WIWA;0.989
532.50	537.00	WIWA;0.988
543.00	547.50	WIWA;0.989
555.00	559.50	WIWA;0.992
565.50	571.50	WIWA;0.988
576.00	582.00	WIWA;0.982
492.00	496.50	YRWA;0.962
