537.00	540.00	AMDI;0.543
189.00	192.00	AMGP;0.779
0.00	4.50	AMRO;0.995
6.00	12.00	AMRO;0.909
13.50	21.00	AMRO;0.985
24.00	37.50	AMRO;0.995
42.00	46.50	AMRO;0.988
48.00	55.50	AMRO;0.987
58.50	64.50	AMRO;0.855
66.00	78.00	AMRO;0.996
79.50	87.00	AMRO;0.941
94.50	99.00	AMRO;0.979
102.00	108.00	AMRO;0.977
109.50	115.50	AMRO;0.987
121.50	132.00	AMRO;0.844
135.00	142.50	AMRO;0.976
144.00	148.50	AMRO;0.797
150.00	162.00	AMRO;0.975
166.50	171.00	AMRO;0.849
174.00	178.50	AMRO;0.979
181.50	195.00	AMRO;0.990
198.00	201.00	AMRO;0.500
204.00	210.00	AMRO;0.997
214.50	240.00	AMRO;0.976
244.50	250.50	AMRO;0.977
253.50	259.50	AMRO;0.992
262.50	270.00	AMRO;0.990
273.00	279.00	AMRO;0.979
285.00	291.00	AMRO;0.977
301.50	309.00	AMRO;0.967
310.50	319.50	AMRO;0.954
324.00	330.00	AMRO;0.932
334.50	340.50	AMRO;0.982
343.50	351.00	AMRO;0.992
354.00	358.50	AMRO;0.980
361.50	366.00	AMRO;0.971
372.00	378.00	AMRO;0.990
382.50	388.50	AMRO;0.995
390.00	400.50	AMRO;0.995
402.00	414.00	AMRO;0.983
415.50	421.50	AMRO;0.564
424.50	432.00	AMRO;0.993
433.50	439.50	AMRO;0.997
442.50	466.50	AMRO;0.996
471.00	478.50	AMRO;0.988
484.50	490.50	AMRO;0.984
493.50	502.50	AMRO;0.987
508.50	513.00	AMRO;0.883
517.50	525.00	AMRO;0.996
526.50	532.50	AMRO;0.996
544.50	553.50	AMRO;0.968
556.50	561.00	AMRO;0.991
565.50	570.00	AMRO;0.912
573.00	577.50	AMRO;0.980
580.50	585.00	AMRO;0.966
588.00	592.50	AMRO;0.598
55.50	58.50	ATSP;0.578
145.50	150.00	ATSP;0.916
19.50	22.50	BAOR;0.514
436.50	439.50	BAOR;0.518
349.50	352.50	BEKI;0.521
115.50	120.00	BCCH;0.558
39.00	42.00	BHVI;0.784
58.50	61.50	BHVI;0.500
103.50	106.50	BHVI;0.741
175.50	178.50	BHVI;0.547
195.00	198.00	BHVI;0.500
213.00	216.00	BHVI;0.594
250.50	255.00	BHVI;0.544
270.00	273.00	BHVI;0.536
288.00	291.00	BHVI;0.500
304.50	309.00	BHVI;0.504
321.00	324.00	BHVI;0.849
340.50	345.00	BHVI;0.500
379.50	382.50	BHVI;0.717
423.00	426.00	BHVI;0.500
532.50	535.50	BHVI;0.863
552.00	556.50	BHVI;0.854
570.00	573.00	BHVI;0.500
586.50	591.00	BHVI;0.659
4.50	7.50	BRBL;0.535
78.00	81.00	BRBL;0.634
117.00	121.50	BRSP;0.621
223.50	226.50	BRSP;0.551
243.00	249.00	BRSP;0.643
475.50	481.50	BRSP;0.671
558.00	561.00	BRSP;0.522
85.50	88.50	BRTH;0.691
121.50	124.50	BRTH;0.574
276.00	279.00	BRTH;0.707
349.50	355.50	BRTH;0.516
256.50	261.00	CHSW;0.601
294.00	297.00	CHSW;0.513
469.50	472.50	CHSW;0.602
591.00	595.50	CHSW;0.518
9.00	13.50	CHSP;0.877
22.50	27.00	CHSP;0.500
36.00	40.50	CHSP;0.731
51.00	55.50	CHSP;0.659
72.00	76.50	CHSP;0.696
84.00	88.50	CHSP;0.896
91.50	97.50	CHSP;0.864
117.00	124.50	CHSP;0.731
130.50	136.50	CHSP;0.865
153.00	157.50	CHSP;0.820
163.50	169.50	CHSP;0.653
186.00	190.50	CHSP;0.733
198.00	204.00	CHSP;0.741
211.50	216.00	CHSP;0.775
223.50	228.00	CHSP;0.652
243.00	249.00	CHSP;0.500
255.00	261.00	CHSP;0.703
265.50	271.50	CHSP;0.760
276.00	280.50	CHSP;0.814
300.00	303.00	CHSP;0.500
310.50	315.00	CHSP;0.582
331.50	337.50	CHSP;0.565
345.00	349.50	CHSP;0.656
357.00	360.00	CHSP;0.567
367.50	370.50	CHSP;0.745
378.00	382.50	CHSP;0.527
388.50	391.50	CHSP;0.545
403.50	406.50	CHSP;0.500
427.50	432.00	CHSP;0.681
438.00	442.50	CHSP;0.500
450.00	454.50	CHSP;0.500
462.00	465.00	CHSP;0.507
477.00	480.00	CHSP;0.500
489.00	492.00	CHSP;0.500
499.50	504.00	CHSP;0.591
511.50	514.50	CHSP;0.500
522.00	526.50	CHSP;0.500
556.50	561.00	CHSP;0.518
567.00	571.50	CHSP;0.893
589.50	594.00	CHSP;0.820
480.00	483.00	CLSW;0.551
12.00	15.00	DEJU;0.500
25.50	28.50	DEJU;0.500
34.50	40.50	DEJU;0.566
49.50	55.50	DEJU;0.601
70.50	78.00	DEJU;0.500
82.50	88.50	DEJU;0.500
91.50	99.00	DEJU;0.500
108.00	111.00	DEJU;0.500
117.00	124.50	DEJU;0.500
133.50	136.50	DEJU;0.611
153.00	159.00	DEJU;0.595
163.50	169.50	DEJU;0.500
184.50	192.00	DEJU;0.587
198.00	204.00	DEJU;0.696
210.00	216.00	DEJU;0.813
222.00	225.00	DEJU;0.510
231.00	234.00	DEJU;0.537
243.00	246.00	DEJU;0.588
274.50	280.50	DEJU;0.500
300.00	306.00	DEJU;0.623
310.50	315.00	DEJU;0.500
331.50	334.50	DEJU;0.500
345.00	351.00	DEJU;0.582
355.50	360.00	DEJU;0.693
366.00	372.00	DEJU;0.810
376.50	384.00	DEJU;0.688
387.00	393.00	DEJU;0.675
402.00	408.00	DEJU;0.596
415.50	421.50	DEJU;0.777
426.00	432.00	DEJU;0.695
436.50	444.00	DEJU;0.741
450.00	456.00	DEJU;0.677
460.50	466.50	DEJU;0.654
475.50	481.50	DEJU;0.500
487.50	493.50	DEJU;0.814
498.00	504.00	DEJU;0.783
510.00	516.00	DEJU;0.734
520.50	526.50	DEJU;0.729
535.50	540.00	DEJU;0.685
547.50	552.00	DEJU;0.590
556.50	562.50	DEJU;0.641
570.00	573.00	DEJU;0.500
21.00	24.00	EATO;0.513
175.50	178.50	EATO;0.747
423.00	426.00	EATO;0.569
514.50	519.00	EATO;0.627
532.50	535.50	EATO;0.548
6.00	10.50	FOSP;0.967
19.50	27.00	FOSP;0.851
30.00	34.50	FOSP;0.765
40.50	45.00	FOSP;0.735
60.00	63.00	FOSP;0.500
79.50	84.00	FOSP;0.911
87.00	91.50	FOSP;0.713
97.50	102.00	FOSP;0.945
105.00	109.50	FOSP;0.960
124.50	129.00	FOSP;0.742
136.50	141.00	FOSP;0.500
144.00	151.50	FOSP;0.823
157.50	163.50	FOSP;0.926
168.00	172.50	FOSP;0.988
177.00	186.00	FOSP;0.862
195.00	199.50	FOSP;0.909
214.50	219.00	FOSP;0.706
232.50	238.50	FOSP;0.767
250.50	256.50	FOSP;0.925
270.00	276.00	FOSP;0.892
288.00	294.00	FOSP;0.927
306.00	310.50	FOSP;0.707
322.50	327.00	FOSP;0.936
340.50	345.00	FOSP;0.768
363.00	370.50	FOSP;0.888
381.00	385.50	FOSP;0.883
399.00	403.50	FOSP;0.953
421.50	426.00	FOSP;0.611
439.50	442.50	FOSP;0.500
492.00	496.50	FOSP;0.500
513.00	517.50	FOSP;0.659
534.00	537.00	FOSP;0.500
552.00	556.50	FOSP;0.550
570.00	576.00	FOSP;0.790
577.50	582.00	FOSP;0.730
588.00	592.50	FOSP;0.500
594.00	598.50	FOSP;0.500
93.00	96.00	GRCA;0.506
153.00	156.00	GRCA;0.540
235.50	238.50	GRCA;0.580
283.50	286.50	GRCA;0.527
288.00	291.00	GRCA;0.593
304.50	309.00	GRCA;0.733
343.50	346.50	GRCA;0.615
363.00	366.00	GRCA;0.519
465.00	468.00	GRCA;0.628
564.00	568.50	GRCA;0.644
576.00	579.00	GRCA;0.702
7.50	10.50	GWTE;0.517
313.50	316.50	GWTE;0.545
337.50	340.50	GWTE;0.523
390.00	393.00	GWTE;0.689
409.50	412.50	GWTE;0.560
165.00	168.00	HETH;0.676
511.50	514.50	HETH;0.564
577.50	580.50	LALO;0.504
114.00	117.00	LASP;0.655
214.50	217.50	LASP;0.569
282.00	285.00	LESA;0.501
1.50	4.50	LISP;0.728
16.50	21.00	LISP;0.954
33.00	36.00	LISP;0.500
64.50	69.00	LISP;0.864
82.50	85.50	LISP;0.500
97.50	100.50	LISP;0.519
112.50	118.50	LISP;0.778
129.00	133.50	LISP;0.738
162.00	166.50	LISP;0.818
178.50	181.50	LISP;0.500
228.00	232.50	LISP;0.990
247.50	250.50	LISP;0.552
261.00	265.50	LISP;0.975
294.00	298.50	LISP;0.757
309.00	313.50	LISP;0.856
358.50	364.50	LISP;0.951
397.50	400.50	LISP;0.873
420.00	424.50	LISP;0.560
447.00	451.50	LISP;0.971
463.50	466.50	LISP;0.837
478.50	481.50	LISP;0.983
507.00	511.50	LISP;0.945
520.50	525.00	LISP;0.955
549.00	553.50	LISP;0.796
562.50	567.00	LISP;0.983
579.00	583.50	LISP;0.990
592.50	597.00	LISP;0.632
130.50	133.50	MAWA;0.510
87.00	90.00	MOCH;0.509
139.50	142.50	MOCH;0.604
202.50	205.50	MOCH;0.713
511.50	514.50	MOCH;0.621
538.50	541.50	MOCH;0.921
12.00	15.00	OCWA;0.771
141.00	144.00	OCWA;0.566
156.00	159.00	OCWA;0.732
243.00	246.00	OCWA;0.511
366.00	369.00	OCWA;0.544
405.00	408.00	OCWA;0.506
441.00	444.00	OCWA;0.520
537.00	540.00	OCWA;0.510
559.50	562.50	OCWA;0.846
19.50	22.50	OROR;0.546
142.50	147.00	OROR;0.558
306.00	309.00	OROR;0.502
28.50	31.50	PIGR;0.640
0.00	6.00	PISI;0.983
52.50	61.50	PISI;0.877
63.00	69.00	PISI;0.835
70.50	73.50	PISI;0.500
117.00	130.50	PISI;0.831
243.00	246.00	PISI;0.500
249.00	252.00	PISI;0.500
267.00	271.50	PISI;0.938
273.00	285.00	PISI;0.945
291.00	307.50	PISI;0.995
309.00	343.50	PISI;0.997
412.50	424.50	PISI;0.984
456.00	460.50	PISI;0.897
466.50	469.50	PISI;0.500
480.00	495.00	PISI;0.945
496.50	501.00	PISI;0.932
502.50	508.50	PISI;0.995
523.50	528.00	PISI;0.691
529.50	535.50	PISI;0.907
543.00	549.00	PISI;0.984
550.50	559.50	PISI;0.972
561.00	565.50	PISI;0.979
568.50	571.50	PISI;0.500
576.00	580.50	PISI;0.835
582.00	594.00	PISI;0.997
595.50	600.00	PISI;0.629
135.00	139.50	PUFI;0.735
180.00	183.00	PUFI;0.709
499.50	502.50	PUFI;0.504
535.50	541.50	PUFI;0.650
96.00	99.00	ROWR;0.500
112.50	117.00	ROWR;0.692
160.50	165.00	ROWR;0.812
294.00	298.50	ROWR;0.500
396.00	399.00	ROWR;0.500
420.00	423.00	ROWR;0.500
477.00	480.00	ROWR;0.923
507.00	510.00	ROWR;0.500
562.50	565.50	ROWR;0.818
592.50	597.00	ROWR;0.705
204.00	207.00	RBGR;0.647
267.00	270.00	RUGR;0.639
381.00	384.00	RUGR;0.604
60.00	64.50	RUBL;0.653
180.00	183.00	SAPH;0.595
438.00	442.50	SNBU;0.815
594.00	597.00	SNBU;0.532
45.00	48.00	SWTH;0.629
357.00	361.50	SWSP;0.610
301.50	304.50	TOSO;0.564
417.00	421.50	TOSO;0.669
138.00	141.00	VESP;0.529
178.50	181.50	VESP;0.507
153.00	156.00	WEME;0.527
61.50	64.50	WCSP;0.500
100.50	106.50	WCSP;0.713
141.00	145.50	WCSP;0.885
147.00	156.00	WCSP;0.500
165.00	172.50	WCSP;0.610
177.00	181.50	WCSP;0.616
193.50	198.00	WCSP;0.969
249.00	252.00	WCSP;0.500
253.50	256.50	WCSP;0.500
307.50	310.50	WCSP;0.500
324.00	327.00	WCSP;0.500
492.00	496.50	WCSP;0.500
501.00	505.50	WCSP;0.500
523.50	528.00	WCSP;0.575
540.00	544.50	WCSP;0.990
553.50	558.00	WCSP;0.500
588.00	592.50	WCSP;0.611
171.00	174.00	WIFL;0.955
172.50	175.50	WIWA;0.500
216.00	220.50	WIWA;0.989
225.00	229.50	WIWA;0.983
256.50	261.00	WIWA;0.759
285.00	289.50	WIWA;0.980
307.50	312.00	WIWA;0.972
316.50	321.00	WIWA;0.990
333.00	337.50	WIWA;0.880
342.00	346.50	WIWA;0.986
199.50	202.50	WOTH;0.713
