147.00	150.00	AMGP;0.664
1.50	21.00	AMRO;0.677
22.50	33.00	AMRO;0.685
34.50	58.50	AMRO;0.884
63.00	70.50	AMRO;0.715
75.00	100.50	AMRO;0.770
103.50	108.00	AMRO;0.500
115.50	118.50	AMRO;0.500
123.00	126.00	AMRO;0.628
130.50	135.00	AMRO;0.506
138.00	142.50	AMRO;0.846
144.00	153.00	AMRO;0.872
159.00	165.00	AMRO;0.938
169.50	172.50	AMRO;0.500
214.50	219.00	AMRO;0.781
273.00	276.00	AMRO;0.500
337.50	348.00	AMRO;0.577
351.00	360.00	AMRO;0.635
367.50	372.00	AMRO;0.681
373.50	378.00	AMRO;0.805
397.50	400.50	AMRO;0.500
403.50	409.50	AMRO;0.829
468.00	471.00	AMRO;0.500
472.50	475.50	AMRO;0.500
477.00	481.50	AMRO;0.500
486.00	489.00	AMRO;0.500
492.00	498.00	AMRO;0.922
513.00	516.00	AMRO;0.500
523.50	526.50	AMRO;0.500
531.00	534.00	AMRO;0.500
540.00	544.50	AMRO;0.651
547.50	550.50	AMRO;0.500
553.50	558.00	AMRO;0.814
559.50	568.50	AMRO;0.897
571.50	586.50	AMRO;0.977
589.50	597.00	AMRO;0.506
264.00	270.00	ATSP;0.650
90.00	93.00	BAOR;0.585
121.50	124.50	BAOR;0.540
531.00	534.00	BBPL;0.624
178.50	181.50	BCCH;0.525
213.00	217.50	BCCH;0.706
375.00	378.00	BCCH;0.550
67.50	70.50	BHGR;0.729
564.00	568.50	BHGR;0.637
25.50	30.00	BRSP;0.633
568.50	571.50	BRSP;0.665
597.00	600.00	BRSP;0.630
178.50	181.50	BHCO;0.515
255.00	261.00	BHCO;0.853
387.00	390.00	CHSW;0.605
25.50	30.00	CHSP;0.500
73.50	76.50	CHSP;0.500
291.00	297.00	CHSP;0.987
300.00	307.50	CHSP;0.988
309.00	315.00	CHSP;0.984
316.50	324.00	CHSP;0.989
327.00	337.50	CHSP;0.988
345.00	349.50	CHSP;0.840
352.50	357.00	CHSP;0.980
361.50	367.50	CHSP;0.974
370.50	375.00	CHSP;0.983
379.50	385.50	CHSP;0.979
387.00	393.00	CHSP;0.950
396.00	402.00	CHSP;0.990
408.00	412.50	CHSP;0.845
417.00	423.00	CHSP;0.784
424.50	430.50	CHSP;0.965
435.00	441.00	CHSP;0.989
445.50	451.50	CHSP;0.976
457.50	463.50	CHSP;0.831
468.00	474.00	CHSP;0.990
478.50	483.00	CHSP;0.977
489.00	495.00	CHSP;0.960
501.00	507.00	CHSP;0.881
514.50	520.50	CHSP;0.989
525.00	531.00	CHSP;0.971
535.50	550.50	CHSP;0.980
555.00	561.00	CHSP;0.984
567.00	571.50	CHSP;0.761
573.00	577.50	CHSP;0.974
274.50	279.00	DEJU;0.745
27.00	31.50	EABL;0.696
367.50	370.50	EABL;0.525
433.50	436.50	EAME;0.539
475.50	478.50	EAME;0.681
58.50	61.50	EATO;0.619
534.00	537.00	EATO;0.525
55.50	58.50	FISP;0.593
97.50	100.50	FISP;0.718
0.00	9.00	FOSP;0.985
16.50	27.00	FOSP;0.944
31.50	36.00	FOSP;0.889
43.50	52.50	FOSP;0.977
60.00	63.00	FOSP;0.500
78.00	82.50	FOSP;0.890
84.00	87.00	FOSP;0.508
94.50	97.50	FOSP;0.500
108.00	114.00	FOSP;0.898
124.50	129.00	FOSP;0.938
139.50	145.50	FOSP;0.826
154.50	160.50	FOSP;0.755
168.00	171.00	FOSP;0.500
172.50	177.00	FOSP;0.500
189.00	193.50	FOSP;0.945
196.50	201.00	FOSP;0.640
204.00	208.50	FOSP;0.829
217.50	229.50	FOSP;0.972
238.50	243.00	FOSP;0.902
252.00	256.50	FOSP;0.686
259.50	267.00	FOSP;0.879
268.50	273.00	FOSP;0.884
277.50	289.50	FOSP;0.912
298.50	304.50	FOSP;0.980
307.50	310.50	FOSP;0.604
313.50	318.00	FOSP;0.891
319.50	325.50	FOSP;0.885
328.50	333.00	FOSP;0.830
345.00	349.50	FOSP;0.931
360.00	366.00	FOSP;0.752
376.50	381.00	FOSP;0.500
382.50	388.50	FOSP;0.705
393.00	397.50	FOSP;0.917
403.50	408.00	FOSP;0.832
411.00	415.50	FOSP;0.930
418.50	426.00	FOSP;0.853
429.00	436.50	FOSP;0.920
439.50	444.00	FOSP;0.586
445.50	450.00	FOSP;0.951
459.00	468.00	FOSP;0.882
475.50	484.50	FOSP;0.565
486.00	490.50	FOSP;0.500
496.50	502.50	FOSP;0.959
520.50	523.50	FOSP;0.650
535.50	538.50	FOSP;0.813
585.00	589.50	FOSP;0.671
18.00	22.50	GCSP;0.653
334.50	337.50	GCSP;0.738
388.50	391.50	GCSP;0.656
397.50	400.50	GCSP;0.567
487.50	490.50	GCSP;0.583
526.50	529.50	GCSP;0.611
547.50	552.00	GCSP;0.740
556.50	561.00	GCSP;0.762
565.50	568.50	GCSP;0.722
201.00	204.00	HASP;0.519
108.00	111.00	HETH;0.540
172.50	177.00	HETH;0.881
228.00	232.50	HETH;0.555
511.50	514.50	HETH;0.642
207.00	210.00	LALO;0.593
262.50	265.50	LASP;0.696
180.00	184.50	MGWA;0.692
346.50	351.00	MAMU;0.724
543.00	546.00	MAMU;0.502
37.50	40.50	MOCH;0.517
196.50	199.50	MOCH;0.724
232.50	235.50	MOCH;0.632
247.50	250.50	MOCH;0.689
208.50	211.50	NOPA;0.532
226.50	229.50	NOPA;0.658
253.50	256.50	NOPA;0.641
276.00	280.50	NOPA;0.978
558.00	562.50	OCWA;0.737
267.00	271.50	PAWA;0.559
295.50	300.00	PAWA;0.551
169.50	174.00	PUFI;0.882
63.00	66.00	REVI;0.556
240.00	243.00	REVI;0.556
522.00	525.00	REVI;0.674
570.00	574.50	REVI;0.638
271.50	274.50	RBGU;0.519
66.00	69.00	RBGR;0.505
87.00	90.00	RBGR;0.509
169.50	172.50	RBGR;0.508
346.50	349.50	RBGR;0.516
528.00	531.00	RBGR;0.565
252.00	256.50	RUGR;0.591
511.50	514.50	RUBL;0.552
141.00	144.00	SAPH;0.537
12.00	15.00	SBDO;0.500
22.50	27.00	SBDO;0.500
97.50	100.50	SBDO;0.500
103.50	106.50	SBDO;0.500
117.00	120.00	SBDO;0.500
132.00	136.50	SBDO;0.536
144.00	148.50	SBDO;0.768
159.00	162.00	SBDO;0.785
244.50	247.50	SBDO;0.500
282.00	285.00	SBDO;0.500
349.50	354.00	SBDO;0.742
355.50	360.00	SBDO;0.614
367.50	370.50	SBDO;0.611
438.00	442.50	SBDO;0.840
451.50	456.00	SBDO;0.915
478.50	481.50	SBDO;0.500
484.50	487.50	SBDO;0.500
561.00	567.00	SBDO;0.984
582.00	586.50	SBDO;0.774
589.50	592.50	SBDO;0.500
196.50	199.50	SNBU;0.522
423.00	427.50	SNBU;0.692
198.00	202.50	SPTO;0.748
195.00	198.00	SPPI;0.605
363.00	367.50	SWSP;0.769
9.00	13.50	TOSO;0.733
99.00	102.00	TOSO;0.539
12.00	18.00	VATH;0.932
46.50	51.00	VATH;0.500
55.50	63.00	VATH;0.988
76.50	84.00	VATH;0.891
88.50	93.00	VATH;0.574
118.50	124.50	VATH;0.923
127.50	135.00	VATH;0.850
144.00	147.00	VATH;0.500
150.00	156.00	VATH;0.977
183.00	187.50	VATH;0.500
208.50	217.50	VATH;0.641
220.50	225.00	VATH;0.911
256.50	261.00	VATH;0.640
291.00	294.00	VATH;0.500
337.50	342.00	VATH;0.975
372.00	376.50	VATH;0.553
381.00	385.50	VATH;0.589
396.00	399.00	VATH;0.610
448.50	454.50	VATH;0.952
490.50	493.50	VATH;0.500
543.00	549.00	VATH;0.915
552.00	556.50	VATH;0.500
583.50	588.00	VATH;0.500
120.00	124.50	WEFL;0.594
150.00	154.50	WEFL;0.589
249.00	253.50	WEFL;0.934
18.00	21.00	WCSP;0.500
31.50	36.00	WCSP;0.500
48.00	51.00	WCSP;0.578
109.50	112.50	WCSP;0.500
141.00	144.00	WCSP;0.857
205.50	208.50	WCSP;0.500
238.50	243.00	WCSP;0.500
252.00	255.00	WCSP;0.500
285.00	288.00	WCSP;0.500
307.50	310.50	WCSP;0.518
316.50	321.00	WCSP;0.615
327.00	343.50	WCSP;0.889
349.50	354.00	WCSP;0.972
360.00	364.50	WCSP;0.857
376.50	381.00	WCSP;0.947
388.50	391.50	WCSP;0.500
394.50	397.50	WCSP;0.500
399.00	402.00	WCSP;0.500
415.50	420.00	WCSP;0.926
430.50	435.00	WCSP;0.726
442.50	448.50	WCSP;0.991
460.50	465.00	WCSP;0.978
471.00	475.50	WCSP;0.984
480.00	484.50	WCSP;0.971
487.50	493.50	WCSP;0.992
499.50	504.00	WCSP;0.939
519.00	523.50	WCSP;0.982
537.00	541.50	WCSP;0.961
549.00	553.50	WCSP;0.985
558.00	561.00	WCSP;0.550
565.50	571.50	WCSP;0.979
574.50	579.00	WCSP;0.752
585.00	591.00	WCSP;0.977
594.00	598.50	WCSP;0.976
7.50	15.00	WTSP;0.916
18.00	22.50	WTSP;0.683
28.50	33.00	WTSP;0.966
37.50	45.00	WTSP;0.980
51.00	61.50	WTSP;0.988
64.50	72.00	WTSP;0.995
79.50	84.00	WTSP;0.786
88.50	91.50	WTSP;0.500
94.50	100.50	WTSP;0.974
105.00	115.50	WTSP;0.982
118.50	121.50	WTSP;0.500
133.50	139.50	WTSP;0.910
147.00	151.50	WTSP;0.653
174.00	178.50	WTSP;0.629
192.00	204.00	WTSP;0.998
228.00	240.00	WTSP;0.995
244.50	249.00	WTSP;0.948
250.50	255.00	WTSP;0.879
256.50	261.00	WTSP;0.887
267.00	271.50	WTSP;0.831
277.50	282.00	WTSP;0.908
324.00	328.50	WTSP;0.501
355.50	360.00	WTSP;0.981
366.00	372.00	WTSP;0.973
397.50	402.00	WTSP;0.500
442.50	447.00	WTSP;0.596
499.50	502.50	WTSP;0.500
513.00	519.00	WTSP;0.993
522.00	528.00	WTSP;0.979
532.50	538.50	WTSP;0.994
540.00	544.50	WTSP;0.906
550.50	555.00	WTSP;0.808
565.50	568.50	WTSP;0.518
570.00	576.00	WTSP;0.923
582.00	588.00	WTSP;0.978
594.00	600.00	WTSP;0.970
0.00	3.00	WIWA;0.993
6.00	12.00	WIWA;0.984
15.00	19.50	WIWA;0.982
24.00	28.50	WIWA;0.988
31.50	37.50	WIWA;0.989
40.50	46.50	WIWA;0.987
49.50	55.50	WIWA;0.988
60.00	64.50	WIWA;0.986
70.50	75.00	WIWA;0.990
81.00	85.50	WIWA;0.990
91.50	97.50	WIWA;0.985
102.00	108.00	WIWA;0.987
111.00	117.00	WIWA;0.988
123.00	129.00	WIWA;0.992
135.00	139.50	WIWA;0.989
153.00	159.00	WIWA;0.992
163.50	169.50	WIWA;0.992
175.50	180.00	WIWA;0.993
184.50	189.00	WIWA;0.992
210.00	213.00	WIWA;0.557
277.50	280.50	WIWA;0.500
286.50	291.00	WIWA;0.664
295.50	300.00	WIWA;0.608
304.50	309.00	WIWA;0.986
315.00	319.50	WIWA;0.981
324.00	330.00	WIWA;0.988
334.50	339.00	WIWA;0.958
343.50	348.00	WIWA;0.960
354.00	373.50	WIWA;0.991
376.50	396.00	WIWA;0.998
399.00	405.00	WIWA;0.997
406.50	435.00	WIWA;0.996
439.50	445.50	WIWA;0.997
447.00	453.00	WIWA;0.990
454.50	462.00	WIWA;0.998
463.50	471.00	WIWA;0.998
474.00	481.50	WIWA;0.989
483.00	487.50	WIWA;0.989
492.00	511.50	WIWA;0.992
517.50	522.00	WIWA;0.982
523.50	532.50	WIWA;0.988
537.00	543.00	WIWA;0.990
546.00	552.00	WIWA;0.984
558.00	562.50	WIWA;0.779
568.50	573.00	WIWA;0.979
574.50	585.00	WIWA;0.992
588.00	595.50	WIWA;0.999
271.50	274.50	WOTH;0.578
373.50	376.50	YRWA;0.866
486.00	490.50	YRWA;0.912
