49.50	52.50	DEJU;0.594
70.50	73.50	DEJU;0.765
223.50	226.50	EAME;0.670
238.50	241.50	EAME;0.685
39.00	42.00	EATO;0.801
267.00	270.00	EATO;0.516
271.50	274.50	FISP;0.862
283.50	286.50	FISP;0.887
111.00	115.50	FOSP;0.615
130.50	136.50	FOSP;0.975
142.50	150.00	FOSP;0.981
186.00	190.50	FOSP;0.819
225.00	229.50	FOSP;0.857
238.50	244.50	FOSP;0.817
252.00	258.00	FOSP;0.893
160.50	163.50	HETH;0.712
3.00	7.50	LISP;0.592
13.50	18.00	LISP;0.934
27.00	30.00	LISP;0.625
37.50	40.50	LISP;0.754
46.50	51.00	LISP;0.984
57.00	61.50	LISP;0.937
69.00	72.00	LISP;0.831
79.50	84.00	LISP;0.901
160.50	165.00	LISP;0.500
246.00	250.50	LISP;0.500
256.50	261.00	LISP;0.691
267.00	270.00	LISP;0.592
277.50	282.00	LISP;0.839
60.00	64.50	MOCH;0.649
153.00	160.50	MOCH;0.702
229.50	234.00	MOCH;0.601
109.50	114.00	PUFI;0.623
142.50	145.50	RECR;0.537
238.50	241.50	RECR;0.558
252.00	255.00	RECR;0.610
297.00	300.00	RECR;0.589
21.00	24.00	ROWR;0.710
259.50	264.00	RUTU;0.600
189.00	192.00	SBDO;0.560
93.00	97.50	SNBU;0.700
109.50	115.50	SNBU;0.630
130.50	133.50	SNBU;0.606
186.00	190.50	SNBU;0.688
255.00	258.00	SNBU;0.581
297.00	300.00	SNBU;0.601
228.00	231.00	SWSP;0.687
1.50	34.50	WCSP;0.978
43.50	48.00	WCSP;0.662
144.00	148.50	WCSP;0.561
160.50	163.50	WCSP;0.603
222.00	225.00	WCSP;0.829
288.00	292.50	WCSP;0.833
3.00	6.00	WTSP;0.500
7.50	12.00	WTSP;0.674
21.00	24.00	WTSP;0.500
43.50	48.00	WTSP;0.500
60.00	64.50	WTSP;0.531
138.00	142.50	WTSP;0.500
148.50	153.00	WTSP;0.969
159.00	162.00	WTSP;0.500
220.50	223.50	WTSP;0.500
229.50	234.00	WTSP;0.500
268.50	274.50	WTSP;0.963
280.50	285.00	WTSP;0.988
289.50	294.00	WTSP;0.895
67.50	70.50	YRWA;0.637
