395.00	395.25	AMAV;0.512
16.25	16.50	AMGP;0.523
371.75	372.00	AMGP;0.529
380.00	380.75	AMRO;0.557
413.00	414.00	AMRO;0.824
459.75	460.50	AMRO;0.627
104.25	104.50	BBWA;0.570
538.50	539.00	BLGU;0.556
104.25	104.50	BRSP;0.683
572.50	572.75	BRSP;0.582
124.50	124.75	CATE;0.569
118.50	119.00	CHSP;0.628
280.50	281.75	CHSP;0.735
570.00	570.50	CHSP;0.539
280.50	280.75	DEJU;0.503
292.50	292.75	EAME;0.607
411.75	412.00	EAME;0.641
488.25	488.75	EAME;0.693
325.25	325.50	EATO;0.554
511.50	511.75	EVGR;0.614
77.50	77.75	FISP;0.530
249.50	250.00	FISP;0.566
559.25	559.75	FISP;0.629
596.50	596.75	FISP;0.548
16.50	17.50	FOSP;0.901
24.50	26.00	FOSP;0.980
30.75	32.00	FOSP;0.983
32.50	34.00	FOSP;0.915
44.25	46.75	FOSP;0.972
53.25	55.00	FOSP;0.952
62.00	63.75	FOSP;0.990
75.00	76.50	FOSP;0.981
79.50	80.25	FOSP;0.919
84.50	85.50	FOSP;0.923
113.75	114.75	FOSP;0.987
128.75	129.75	FOSP;0.832
143.50	144.75	FOSP;0.944
160.00	160.50	FOSP;0.814
175.75	177.50	FOSP;0.996
186.00	187.25	FOSP;0.973
193.50	194.50	FOSP;0.945
198.75	199.75	FOSP;0.852
206.00	207.00	FOSP;0.986
211.25	214.00	FOSP;0.993
227.00	228.50	FOSP;0.991
230.25	231.50	FOSP;0.839
235.50	237.50	FOSP;0.974
240.25	241.50	FOSP;0.993
244.50	246.25	FOSP;0.993
261.00	262.25	FOSP;0.995
275.25	275.75	FOSP;0.709
278.25	279.25	FOSP;0.895
285.00	286.75	FOSP;0.989
292.75	294.50	FOSP;0.990
299.75	300.75	FOSP;0.806
301.50	303.50	FOSP;0.991
307.25	308.50	FOSP;0.919
312.25	313.50	FOSP;0.964
316.00	317.75	FOSP;0.949
325.25	326.75	FOSP;0.962
340.25	341.25	FOSP;0.959
343.00	344.75	FOSP;0.975
355.00	357.50	FOSP;0.987
366.75	367.75	FOSP;0.788
374.25	375.50	FOSP;0.958
383.00	383.25	FOSP;0.662
385.50	386.75	FOSP;0.879
390.50	392.25	FOSP;0.995
403.50	405.00	FOSP;0.993
408.00	409.25	FOSP;0.873
415.00	417.25	FOSP;0.955
420.00	420.75	FOSP;0.780
423.75	424.50	FOSP;0.838
429.25	431.50	FOSP;0.984
432.25	433.50	FOSP;0.905
435.25	436.00	FOSP;0.844
446.75	448.75	FOSP;0.955
450.75	452.00	FOSP;0.978
481.25	481.75	FOSP;0.688
482.00	483.50	FOSP;0.993
488.50	488.75	FOSP;0.698
497.75	499.00	FOSP;0.979
502.00	503.00	FOSP;0.895
517.25	517.50	FOSP;0.787
520.00	520.75	FOSP;0.913
543.50	544.50	FOSP;0.965
560.75	562.00	FOSP;0.990
565.00	566.50	FOSP;0.907
571.50	572.75	FOSP;0.860
575.25	576.50	FOSP;0.953
582.50	584.50	FOSP;0.962
589.00	591.00	FOSP;0.978
596.00	596.75	FOSP;0.797
64.50	65.00	GCKI;0.543
32.25	32.75	GCSP;0.537
38.75	39.50	GCSP;0.703
146.25	146.50	GCSP;0.505
297.50	298.25	GCSP;0.665
323.50	324.00	GCSP;0.659
460.50	461.00	GCSP;0.878
565.00	565.50	GCSP;0.558
566.00	566.50	GCSP;0.690
0.75	1.00	HETH;0.500
16.00	16.75	HETH;0.947
30.50	31.00	HETH;0.670
121.75	122.50	HETH;0.886
131.50	131.75	HETH;0.927
134.50	135.00	HETH;0.953
141.25	141.50	HETH;0.833
154.00	154.50	HETH;0.919
159.75	160.25	HETH;0.735
165.50	166.00	HETH;0.771
168.50	168.75	HETH;0.776
171.50	172.00	HETH;0.891
178.75	179.25	HETH;0.701
193.25	193.75	HETH;0.912
205.25	205.75	HETH;0.683
211.00	211.50	HETH;0.792
226.75	227.00	HETH;0.689
260.75	261.00	HETH;0.690
274.75	275.00	HETH;0.764
309.25	310.00	HETH;0.958
354.75	355.00	HETH;0.747
394.25	394.75	HETH;0.671
402.50	403.00	HETH;0.508
405.50	406.00	HETH;0.737
450.50	450.75	HETH;0.574
543.25	543.75	HETH;0.724
147.75	148.25	LESA;0.559
396.00	396.25	LEYE;0.603
142.00	143.00	LISP;0.748
156.00	156.75	LISP;0.593
366.50	367.25	OSFL;0.860
206.25	206.75	PIGR;0.694
372.25	372.50	PIGR;0.568
375.25	375.50	PUFI;0.557
194.50	194.75	REVI;0.561
151.25	151.50	RUBL;0.562
380.25	380.50	RUTU;0.524
1.50	2.00	SAVS;0.741
41.00	41.25	SAVS;0.513
61.00	61.75	SAVS;0.718
585.50	585.75	SAVS;0.896
380.25	380.50	SBDO;0.576
477.50	477.75	SESA;0.605
300.25	300.50	SNBU;0.516
416.25	416.50	SNBU;0.569
511.25	511.75	SNBU;0.851
590.00	590.25	SNBU;0.500
41.00	41.25	SOSP;0.518
517.25	517.50	SOSP;0.640
572.50	572.75	SOSP;0.546
585.50	585.75	SOSP;0.643
13.50	13.75	SWSP;0.562
47.75	48.25	SWSP;0.670
504.50	504.75	TBLO;0.513
555.00	555.50	TOSO;0.723
166.25	166.50	VATH;0.538
184.75	185.00	VATH;0.619
216.50	217.00	VATH;0.735
255.00	256.00	VATH;0.888
335.75	336.25	VATH;0.672
350.00	350.50	VATH;0.580
399.00	399.50	VATH;0.928
441.25	441.75	VATH;0.920
526.75	527.25	VATH;0.864
33.50	33.75	VESP;0.520
63.25	63.75	VESP;0.585
76.00	76.50	VESP;0.737
275.25	275.50	VESP;0.543
284.50	284.75	VESP;0.568
317.25	317.75	VESP;0.680
2.50	3.50	WCSP;0.838
6.75	7.00	WCSP;0.732
11.00	11.75	WCSP;0.711
16.25	17.25	WCSP;0.810
19.75	20.25	WCSP;0.788
26.50	28.00	WCSP;0.988
32.75	33.00	WCSP;0.678
33.25	33.75	WCSP;0.699
38.00	38.75	WCSP;0.826
39.00	39.50	WCSP;0.752
42.75	44.25	WCSP;0.978
48.50	49.00	WCSP;0.771
54.50	54.75	WCSP;0.703
65.50	67.50	WCSP;0.996
71.50	73.50	WCSP;0.995
85.50	87.00	WCSP;0.995
92.00	94.00	WCSP;0.990
97.75	100.00	WCSP;0.993
157.25	158.50	WCSP;0.979
193.75	194.25	WCSP;0.685
205.00	205.75	WCSP;0.802
215.25	215.50	WCSP;0.701
266.00	267.50	WCSP;0.992
297.50	297.75	WCSP;0.669
303.00	303.50	WCSP;0.778
319.75	321.00	WCSP;0.991
324.75	325.25	WCSP;0.678
332.50	333.75	WCSP;0.901
346.50	346.75	WCSP;0.663
357.00	357.25	WCSP;0.674
360.50	361.75	WCSP;0.954
367.50	368.00	WCSP;0.830
374.25	374.75	WCSP;0.722
382.75	383.50	WCSP;0.929
420.75	421.00	WCSP;0.702
424.25	424.50	WCSP;0.670
434.25	435.00	WCSP;0.910
436.50	437.00	WCSP;0.762
451.25	451.75	WCSP;0.711
596.25	597.00	WCSP;0.759
3.50	6.50	WIWA;0.994
13.25	14.00	WIWA;0.853
21.25	21.75	WIWA;0.734
29.25	30.00	WIWA;0.987
35.50	36.50	WIWA;0.956
46.75	47.75	WIWA;0.971
56.75	58.00	WIWA;0.996
70.50	71.50	WIWA;0.997
78.00	79.50	WIWA;0.995
87.00	88.75	WIWA;0.995
95.25	97.00	WIWA;0.995
105.00	106.50	WIWA;0.994
115.00	116.75	WIWA;0.996
126.00	127.75	WIWA;0.994
138.50	140.25	WIWA;0.996
149.00	150.75	WIWA;0.993
160.25	162.00	WIWA;0.995
188.25	189.50	WIWA;0.989
217.50	218.75	WIWA;0.991
232.25	233.00	WIWA;0.941
243.25	244.00	WIWA;0.855
254.25	255.50	WIWA;0.960
2.00	3.00	WTSP;0.886
6.50	7.25	WTSP;0.889
11.00	12.25	WTSP;0.869
36.50	36.75	WTSP;0.738
37.25	38.25	WTSP;0.857
39.00	40.00	WTSP;0.987
41.00	41.25	WTSP;0.799
41.75	43.75	WTSP;0.980
44.25	44.75	WTSP;0.871
48.25	49.00	WTSP;0.836
56.25	57.00	WTSP;0.988
58.75	59.50	WTSP;0.973
60.00	60.75	WTSP;0.914
62.25	62.50	WTSP;0.685
63.75	64.50	WTSP;0.906
64.75	65.00	WTSP;0.686
70.00	70.50	WTSP;0.919
71.50	72.00	WTSP;0.727
80.75	81.75	WTSP;0.925
85.50	86.00	WTSP;0.807
94.75	95.25	WTSP;0.732
145.75	147.25	WTSP;0.939
184.75	185.50	WTSP;0.742
215.00	215.50	WTSP;0.726
222.50	222.75	WTSP;0.741
249.50	250.00	WTSP;0.766
297.00	297.75	WTSP;0.845
365.00	366.00	WTSP;0.866
376.00	376.75	WTSP;0.847
514.50	517.75	WTSP;0.990
530.25	533.25	WTSP;0.990
538.50	543.25	WTSP;0.992
546.75	550.00	WTSP;0.990
555.50	559.25	WTSP;0.990
565.00	565.75	WTSP;0.809
566.25	567.75	WTSP;0.979
576.50	580.00	WTSP;0.988
166.50	166.75	YRWA;0.508
524.75	525.50	YRWA;0.817
