159.25	159.75	AMRO;0.682
204.50	204.75	AMRO;0.546
117.50	117.75	BLJA;0.518
271.00	272.25	BRSP;0.684
258.25	259.00	CHSP;0.737
264.50	266.25	CHSP;0.850
231.50	232.00	COMU;0.555
258.50	259.25	DEJU;0.739
272.00	272.25	DEJU;0.559
67.25	67.75	DUNL;0.667
147.25	147.50	DUNL;0.668
218.50	219.00	DUNL;0.538
278.25	278.75	EAME;0.622
38.25	38.75	FISP;0.680
7.75	10.00	FOSP;0.992
25.25	27.50	FOSP;0.996
38.50	41.00	FOSP;0.992
56.25	58.75	FOSP;0.979
72.00	74.00	FOSP;0.991
86.75	88.75	FOSP;0.987
108.75	111.00	FOSP;0.994
124.50	127.00	FOSP;0.995
138.25	140.75	FOSP;0.991
153.25	155.75	FOSP;0.991
172.25	174.50	FOSP;0.980
195.50	197.25	FOSP;0.977
235.25	235.75	FOSP;0.721
247.25	248.75	FOSP;0.941
249.50	249.75	FOSP;0.733
268.50	269.00	FOSP;0.680
278.25	278.50	FOSP;0.682
235.00	235.50	GCSP;0.657
24.00	24.25	GWTE;0.591
256.50	256.75	LARB;0.549
1.00	3.00	LISP;0.997
15.00	16.25	LISP;0.934
32.25	34.00	LISP;0.979
46.75	47.75	LISP;0.931
62.25	63.50	LISP;0.959
76.00	77.25	LISP;0.895
90.25	92.25	LISP;0.996
105.00	106.50	LISP;0.964
120.75	122.50	LISP;0.994
136.00	137.00	LISP;0.887
150.25	151.75	LISP;0.985
164.50	166.50	LISP;0.994
180.00	181.00	LISP;0.985
209.75	211.00	LISP;0.962
224.25	226.25	LISP;0.997
239.00	241.25	LISP;0.997
254.25	255.00	LISP;0.870
269.00	270.00	LISP;0.919
283.50	284.75	LISP;0.919
298.25	299.75	LISP;0.911
148.00	148.50	MAMU;0.752
179.00	179.50	MAMU;0.633
219.25	219.75	MAMU;0.528
268.00	268.25	MAMU;0.503
112.50	113.75	MOCH;0.862
170.00	170.25	MOCH;0.625
176.75	177.75	MOCH;0.683
232.25	232.50	MOCH;0.551
274.00	274.50	MOCH;0.550
194.50	194.75	OROR;0.542
195.25	196.00	OROR;0.708
260.75	261.00	PIGR;0.535
150.25	150.50	RCKI;0.560
210.25	210.50	ROWR;0.519
198.25	198.75	RUTU;0.633
185.50	187.00	SEOW;0.782
134.75	135.00	SEPL;0.580
195.75	196.25	SNBU;0.684
247.25	247.50	SNBU;0.500
262.00	262.75	VATH;0.962
279.00	279.50	VATH;0.936
285.00	285.75	VATH;0.776
60.00	60.50	WATA;0.665
140.25	140.50	WCSP;0.549
250.25	250.50	WCSP;0.844
251.25	251.75	WCSP;0.918
259.50	259.75	WCSP;0.804
99.00	99.25	WEWP;0.532
16.25	16.50	WOTH;0.502
3.00	5.25	WTSP;0.996
10.50	11.75	WTSP;0.896
18.75	21.75	WTSP;0.952
29.25	30.00	WTSP;0.859
34.25	38.50	WTSP;0.992
44.00	46.00	WTSP;0.937
48.00	52.75	WTSP;0.994
55.25	55.75	WTSP;0.699
63.75	65.00	WTSP;0.888
66.00	66.75	WTSP;0.947
69.50	71.25	WTSP;0.955
74.00	76.00	WTSP;0.984
81.50	86.00	WTSP;0.986
92.75	93.25	WTSP;0.750
101.25	102.25	WTSP;0.804
105.25	105.50	WTSP;0.677
113.25	115.00	WTSP;0.966
115.50	117.50	WTSP;0.971
128.00	130.25	WTSP;0.981
141.00	143.00	WTSP;0.931
156.25	159.50	WTSP;0.978
159.75	161.75	WTSP;0.923
162.00	162.75	WTSP;0.848
169.00	170.25	WTSP;0.916
177.25	177.75	WTSP;0.696
181.25	182.75	WTSP;0.931
192.25	193.00	WTSP;0.859
205.00	208.00	WTSP;0.992
214.75	218.00	WTSP;0.988
222.25	224.25	WTSP;0.947
226.50	228.00	WTSP;0.981
232.00	233.25	WTSP;0.966
234.25	235.00	WTSP;0.865
243.50	245.75	WTSP;0.989
270.25	271.00	WTSP;0.741
272.50	274.50	WTSP;0.945
275.25	275.75	WTSP;0.683
285.75	286.75	WTSP;0.920
293.50	296.75	WTSP;0.984
