490.50	490.75	AMGP;0.567
2.25	3.50	AMRO;0.755
8.25	8.75	AMRO;0.627
9.00	9.25	AMRO;0.551
12.25	13.50	AMRO;0.744
18.25	19.75	AMRO;0.955
24.25	25.00	AMRO;0.673
26.75	28.50	AMRO;0.982
29.25	30.50	AMRO;0.641
31.00	31.25	AMRO;0.537
89.00	89.50	AMWI;0.563
36.00	36.25	BEWR;0.514
129.50	129.75	BLJA;0.566
70.00	71.50	BRSP;0.784
471.00	471.25	BRSP;0.556
3.75	5.50	CCSP;0.995
10.50	12.25	CCSP;0.996
20.00	22.00	CCSP;0.996
29.00	31.75	CCSP;0.995
35.50	36.00	CCSP;0.767
40.00	41.75	CCSP;0.996
47.25	48.75	CCSP;0.977
52.00	53.00	CCSP;0.989
54.75	56.50	CCSP;0.993
61.00	61.25	CCSP;0.738
68.00	69.50	CCSP;0.980
70.50	71.75	CCSP;0.753
72.00	73.75	CCSP;0.995
74.00	74.50	CCSP;0.751
74.75	76.50	CCSP;0.955
80.25	82.00	CCSP;0.996
90.00	92.00	CCSP;0.996
100.25	102.00	CCSP;0.995
110.75	112.50	CCSP;0.996
122.00	123.50	CCSP;0.988
130.50	132.25	CCSP;0.996
140.75	142.50	CCSP;0.995
152.00	153.50	CCSP;0.996
162.25	164.00	CCSP;0.996
172.25	174.00	CCSP;0.997
179.50	181.00	CCSP;0.996
188.25	190.00	CCSP;0.996
196.00	197.50	CCSP;0.994
205.75	207.25	CCSP;0.996
215.00	216.75	CCSP;0.996
223.75	225.50	CCSP;0.995
233.00	234.50	CCSP;0.993
245.75	247.50	CCSP;0.995
253.25	255.00	CCSP;0.996
261.00	262.75	CCSP;0.995
268.00	269.75	CCSP;0.996
274.00	275.75	CCSP;0.996
280.50	282.50	CCSP;0.995
288.50	290.50	CCSP;0.996
296.25	298.00	CCSP;0.995
304.25	305.75	CCSP;0.997
313.00	314.75	CCSP;0.996
321.75	323.50	CCSP;0.996
329.25	331.00	CCSP;0.997
336.50	338.25	CCSP;0.996
344.25	346.00	CCSP;0.997
353.00	354.75	CCSP;0.997
362.25	364.00	CCSP;0.997
374.00	375.75	CCSP;0.995
474.25	474.50	CCSP;0.674
74.25	76.50	CHSP;0.829
457.50	458.00	CHSP;0.659
487.50	488.00	CHSP;0.741
569.25	570.50	CHSP;0.868
594.50	595.00	CHSP;0.587
217.75	218.50	DEJU;0.720
124.25	124.75	FISP;0.600
5.50	8.25	FOSP;0.998
15.75	18.25	FOSP;0.996
25.50	26.75	FOSP;0.980
36.25	39.00	FOSP;0.994
48.75	51.00	FOSP;0.995
94.25	95.75	FOSP;0.825
106.00	106.50	FOSP;0.732
143.25	143.75	FOSP;0.666
247.50	247.75	FOSP;0.696
74.00	74.50	GRSP;0.811
470.50	471.00	GRSP;0.690
116.25	116.50	HETH;0.515
62.50	62.75	LASP;0.541
23.00	24.50	LISP;0.975
45.50	46.50	LISP;0.754
61.25	62.50	LISP;0.915
77.00	77.75	LISP;0.883
93.00	93.75	LISP;0.792
107.75	108.50	LISP;0.664
127.00	127.50	LISP;0.614
138.75	139.50	LISP;0.909
154.50	155.25	LISP;0.838
169.00	169.75	LISP;0.718
217.50	218.25	LISP;0.675
316.00	316.50	LISP;0.659
116.25	116.50	MOCH;0.731
185.00	185.75	MOCH;0.882
212.75	213.25	MOCH;0.732
222.00	222.50	MOCH;0.648
230.50	230.75	MOCH;0.579
250.00	250.25	MOCH;0.502
259.00	259.50	MOCH;0.769
366.75	368.00	MOCH;0.953
460.00	460.50	MOCH;0.526
495.75	496.00	MOCH;0.672
3.00	3.25	RBGR;0.509
192.00	192.75	RUGR;0.613
193.25	194.50	RUGR;0.632
195.00	195.75	RUGR;0.632
88.25	88.50	SAND;0.541
542.50	542.75	SAPH;0.524
568.25	568.75	SAPH;0.885
341.00	341.25	SBDO;0.558
393.00	393.25	SNBU;0.724
470.50	470.75	SOSP;0.603
92.00	92.50	SWSP;0.685
103.00	103.50	SWSP;0.748
263.50	263.75	SWSP;0.522
334.25	334.75	SWSP;0.688
424.75	425.00	SWTH;0.628
14.00	14.25	TOSO;0.566
78.75	79.25	VATH;0.700
587.50	588.00	VATH;0.855
596.75	597.00	VATH;0.592
139.75	140.00	WCSP;0.531
153.50	154.50	WCSP;0.893
192.00	192.75	WCSP;0.737
296.00	296.75	WCSP;0.808
85.00	85.50	WILL;0.629
51.50	52.00	WTSP;0.758
53.00	54.00	WTSP;0.961
55.00	55.25	WTSP;0.738
66.50	68.00	WTSP;0.972
69.25	69.75	WTSP;0.688
123.25	125.50	WTSP;0.970
134.75	138.00	WTSP;0.993
139.75	140.00	WTSP;0.680
148.75	152.00	WTSP;0.994
159.50	162.25	WTSP;0.997
165.25	166.00	WTSP;0.852
169.75	172.00	WTSP;0.995
183.50	185.50	WTSP;0.972
191.75	195.75	WTSP;0.924
202.50	205.00	WTSP;0.997
211.00	213.25	WTSP;0.997
220.25	222.50	WTSP;0.987
228.50	230.75	WTSP;0.996
233.50	235.00	WTSP;0.832
238.75	241.75	WTSP;0.994
248.25	250.25	WTSP;0.971
257.00	259.25	WTSP;0.974
296.25	296.50	WTSP;0.670
297.75	299.75	WTSP;0.992
310.75	313.00	WTSP;0.963
355.25	357.25	WTSP;0.987
366.50	367.00	WTSP;0.739
458.50	460.50	WTSP;0.991
468.00	470.75	WTSP;0.993
471.00	472.00	WTSP;0.959
495.50	496.25	WTSP;0.786
516.75	518.75	WTSP;0.979
0.00	0.50	WWCR;0.839
501.25	501.75	YERA;0.705
126.75	127.00	YRWA;0.509
