248.00	248.25	AMAV;0.510
202.25	202.75	AMGP;0.576
237.50	237.75	AMGP;0.605
1.00	2.50	AMRO;0.691
7.50	9.25	AMRO;0.696
28.25	30.50	AMRO;0.952
43.00	44.25	AMRO;0.957
54.25	55.00	AMRO;0.779
63.00	63.75	AMRO;0.607
85.25	85.50	AMRO;0.537
100.75	101.25	AMRO;0.614
107.00	108.00	AMRO;0.895
129.25	129.75	AMRO;0.691
132.00	133.00	AMRO;0.848
138.25	138.75	AMRO;0.604
150.50	151.00	AMRO;0.679
157.25	158.25	AMRO;0.673
166.50	166.75	AMRO;0.560
178.50	178.75	AMRO;0.534
182.25	182.50	AMRO;0.528
257.25	258.00	AMRO;0.669
273.50	273.75	AMRO;0.538
17.25	17.50	BAOR;0.593
75.75	76.00	BAOR;0.573
44.25	44.50	BCCH;0.584
113.25	113.75	BCCH;0.640
293.25	293.75	BCCH;0.535
198.75	199.50	BLOY;0.541
7.00	7.50	CBCH;0.690
49.00	49.25	DEJU;0.505
57.00	57.25	DEJU;0.656
57.25	57.75	EABL;0.735
186.00	186.75	FOSP;0.853
268.25	268.50	FOSP;0.649
281.25	281.75	FOSP;0.713
296.50	299.00	FOSP;0.991
33.25	33.50	GCKI;0.538
51.25	51.75	GCKI;0.839
70.50	71.00	GCKI;0.949
222.00	222.50	GCSP;0.672
269.50	269.75	GCSP;0.528
67.00	67.50	GRYE;0.727
1.50	2.00	GWTE;0.570
97.00	97.50	GWTE;0.674
113.75	114.75	GWTE;0.872
115.50	115.75	GWTE;0.582
138.75	139.00	GWTE;0.526
158.50	159.50	GWTE;0.617
199.25	199.50	GWTE;0.563
204.75	205.50	GWTE;0.677
272.25	273.25	GWTE;0.627
113.50	113.75	HETH;0.563
128.50	129.00	HETH;0.684
185.50	186.00	HETH;0.693
281.00	281.25	HETH;0.578
295.50	295.75	HETH;0.639
0.50	0.75	LISP;0.962
33.25	33.50	LISP;0.784
38.75	39.00	LISP;0.987
44.25	44.50	LISP;0.934
49.00	49.25	LISP;0.928
117.25	117.50	LISP;0.534
201.00	201.75	LISP;0.899
128.25	128.50	MAMU;0.580
30.50	31.00	MOCH;0.690
47.25	47.75	MOCH;0.689
99.00	99.75	MOCH;0.737
111.00	111.50	MOCH;0.631
113.25	113.75	MOCH;0.566
189.50	190.00	MOCH;0.539
196.25	196.75	MOCH;0.630
286.25	287.00	MOCH;0.834
293.25	293.50	MOCH;0.577
36.75	37.00	PUFI;0.577
12.00	16.00	RUGR;0.968
36.00	37.00	RUGR;0.925
37.25	40.00	RUGR;0.966
48.00	48.50	RUGR;0.699
72.00	72.75	RUGR;0.825
73.00	76.00	RUGR;0.973
107.50	108.00	RUGR;0.734
112.00	113.75	RUGR;0.903
114.50	116.00	RUGR;0.906
120.00	121.25	RUGR;0.771
207.50	208.00	RUGR;0.726
216.00	220.00	RUGR;0.984
228.00	228.75	RUGR;0.805
229.75	230.00	RUGR;0.677
231.00	232.00	RUGR;0.741
237.00	237.25	RUGR;0.661
244.00	244.50	RUGR;0.711
245.00	248.00	RUGR;0.779
260.00	261.00	RUGR;0.712
262.50	263.75	RUGR;0.820
264.75	265.50	RUGR;0.791
288.00	292.00	RUGR;0.982
296.00	300.00	RUGR;0.979
273.50	273.75	RUTU;0.609
64.50	64.75	RWBL;0.551
5.25	5.50	SNBU;0.643
16.25	16.50	SOSP;0.524
33.75	34.25	SWSP;0.602
49.50	50.00	SWSP;0.699
23.50	24.00	VATH;0.875
37.50	38.00	VATH;0.673
40.25	41.50	VATH;0.989
53.00	54.00	VATH;0.972
64.50	64.75	VATH;0.616
71.25	71.75	VATH;0.951
103.50	104.75	VATH;0.973
116.00	116.75	VATH;0.978
120.50	121.00	VATH;0.898
126.50	127.50	VATH;0.992
141.50	142.25	VATH;0.905
154.50	155.75	VATH;0.992
174.50	175.50	VATH;0.902
222.75	223.50	VATH;0.842
241.50	241.75	VATH;0.585
276.25	276.50	VATH;0.653
282.25	283.00	VATH;0.955
290.50	291.75	VATH;0.990
24.50	26.00	WCSP;0.985
55.50	55.75	WCSP;0.537
79.50	80.00	WCSP;0.772
160.00	160.50	WCSP;0.601
200.25	201.25	WCSP;0.822
209.75	211.00	WCSP;0.981
225.75	226.00	WCSP;0.701
230.00	231.00	WCSP;0.988
234.50	234.75	WCSP;0.522
243.25	244.25	WCSP;0.941
253.50	253.75	WCSP;0.536
260.50	262.00	WCSP;0.970
263.50	263.75	WCSP;0.594
264.50	265.25	WCSP;0.625
279.25	280.00	WCSP;0.711
288.50	289.25	WCSP;0.919
33.75	34.25	WIWA;0.904
49.50	49.75	WIWA;0.658
60.25	61.25	WIWA;0.967
74.00	75.00	WIWA;0.957
87.25	88.50	WIWA;0.994
101.25	102.50	WIWA;0.996
117.00	117.25	WIWA;0.662
117.50	118.25	WIWA;0.955
133.50	135.00	WIWA;0.990
161.25	162.50	WIWA;0.991
183.50	184.25	WIWA;0.936
194.00	195.75	WIWA;0.995
203.50	205.25	WIWA;0.996
214.00	215.50	WIWA;0.996
226.25	227.50	WIWA;0.997
237.50	238.75	WIWA;0.994
245.75	247.00	WIWA;0.996
258.25	259.50	WIWA;0.996
267.00	268.00	WIWA;0.997
274.00	276.00	WIWA;0.990
283.25	284.50	WIWA;0.996
292.00	293.25	WIWA;0.996
3.50	4.00	WTSP;0.639
13.00	14.25	WTSP;0.940
24.00	24.50	WTSP;0.572
30.25	31.00	WTSP;0.791
33.25	33.50	WTSP;0.606
46.75	47.75	WTSP;0.704
61.25	62.00	WTSP;0.758
79.50	80.00	WTSP;0.600
94.25	95.00	WTSP;0.706
95.50	96.50	WTSP;0.739
99.25	99.75	WTSP;0.649
111.00	111.75	WTSP;0.649
123.25	126.00	WTSP;0.956
137.25	138.00	WTSP;0.807
159.75	160.50	WTSP;0.646
167.00	168.25	WTSP;0.968
181.00	181.25	WTSP;0.507
182.75	183.50	WTSP;0.898
195.75	196.75	WTSP;0.812
213.50	213.75	WTSP;0.501
225.50	226.50	WTSP;0.812
227.75	228.25	WTSP;0.690
234.00	235.00	WTSP;0.839
239.50	241.00	WTSP;0.803
252.50	253.75	WTSP;0.810
254.00	254.75	WTSP;0.741
263.50	263.75	WTSP;0.569
269.25	271.00	WTSP;0.846
279.25	280.00	WTSP;0.738
286.00	286.75	WTSP;0.775
52.25	52.50	WWCR;0.552
