40.25	40.50	BAOR;0.512
17.50	18.00	BBPL;0.780
35.00	35.50	BFAL;0.591
292.25	292.50	BFAL;0.519
214.75	215.00	DEJU;0.509
4.25	4.75	FISP;0.708
18.50	18.75	FISP;0.502
164.25	166.00	FOSP;0.917
9.25	10.00	HASP;0.811
33.75	34.00	HOLA;0.528
260.00	260.50	LESA;0.715
79.75	80.50	LISP;0.649
91.50	92.25	LISP;0.643
101.00	101.25	LISP;0.546
110.00	110.75	LISP;0.825
129.25	129.50	LISP;0.507
134.00	134.75	LISP;0.719
139.25	139.75	LISP;0.590
217.50	218.50	LISP;0.782
248.75	249.25	LISP;0.567
261.50	261.75	LISP;0.523
281.00	281.75	LISP;0.881
226.50	226.75	RECR;0.647
277.50	277.75	RECR;0.519
35.00	35.50	ROWR;0.624
46.00	46.50	ROWR;0.830
63.75	64.00	ROWR;0.659
72.75	73.25	ROWR;0.629
119.25	119.75	ROWR;0.658
129.00	129.50	ROWR;0.780
138.75	139.50	ROWR;0.634
148.50	149.00	ROWR;0.801
158.00	158.75	ROWR;0.926
177.00	177.75	ROWR;0.937
187.50	188.25	ROWR;0.960
198.00	198.25	ROWR;0.535
217.25	218.00	ROWR;0.651
239.25	239.50	ROWR;0.538
248.50	249.00	ROWR;0.759
259.25	259.75	ROWR;0.625
270.25	270.75	ROWR;0.725
207.25	207.75	RUTU;0.607
16.75	17.00	SAPH;0.681
204.50	204.75	SOSA;0.508
0.00	0.50	SPTO;0.605
50.00	50.50	SWSP;0.742
68.50	68.75	SWSP;0.512
238.00	239.00	SWSP;0.878
246.75	247.75	SWSP;0.796
255.25	256.00	SWSP;0.741
285.25	286.00	SWSP;0.802
299.50	299.75	SWSP;0.750
96.00	96.25	SWTH;0.666
99.75	100.00	SWTH;0.943
104.75	105.25	SWTH;0.809
113.25	113.50	SWTH;0.643
4.75	5.50	TEWA;0.784
10.75	13.00	TEWA;0.982
16.00	17.50	TEWA;0.877
22.25	24.25	TEWA;0.927
28.00	28.75	TEWA;0.928
34.50	35.00	TEWA;0.803
35.50	36.75	TEWA;0.925
40.50	42.75	TEWA;0.993
48.25	49.50	TEWA;0.943
55.25	57.00	TEWA;0.859
61.50	63.75	TEWA;0.977
66.50	68.50	TEWA;0.982
74.75	76.75	TEWA;0.926
81.75	84.00	TEWA;0.941
88.25	90.75	TEWA;0.970
98.50	99.75	TEWA;0.912
100.00	100.50	TEWA;0.776
107.25	109.50	TEWA;0.991
113.75	116.00	TEWA;0.991
294.00	294.25	TOSO;0.538
9.50	9.75	WCSP;0.532
20.25	21.00	WCSP;0.921
29.00	30.00	WCSP;0.848
30.75	31.00	WCSP;0.844
227.25	228.50	WCSP;0.892
236.25	237.00	WCSP;0.952
121.50	122.00	WWCR;0.629
226.50	227.00	WWCR;0.730
297.50	297.75	WWCR;0.515
