25.50	26.50	AMRO;0.754
28.00	29.00	AMRO;0.931
30.50	30.75	AMRO;0.507
39.25	39.75	AMRO;0.577
46.50	47.25	AMRO;0.591
61.00	61.25	AMRO;0.578
79.00	80.75	AMRO;0.829
111.00	111.75	AMRO;0.533
120.75	121.00	AMRO;0.500
155.00	156.75	AMRO;0.949
158.25	159.50	AMRO;0.712
205.00	205.50	AMRO;0.661
239.50	239.75	AMRO;0.512
242.25	242.50	AMRO;0.536
248.50	248.75	AMRO;0.508
254.50	256.00	AMRO;0.915
264.50	265.50	AMRO;0.596
274.00	275.00	AMRO;0.843
280.25	280.75	AMRO;0.661
283.75	284.25	AMRO;0.609
286.00	287.50	AMRO;0.882
261.00	261.50	BBPL;0.713
145.25	145.50	DEJU;0.544
225.50	226.00	DEJU;0.531
148.75	149.00	EATO;0.513
216.50	216.75	EATO;0.501
23.50	24.00	EVGR;0.747
139.50	140.00	FISP;0.561
1.50	3.25	FOSP;0.996
7.00	7.25	FOSP;0.691
20.75	22.25	FOSP;0.996
32.25	33.50	FOSP;0.913
36.50	37.25	FOSP;0.837
49.25	50.25	FOSP;0.895
51.25	51.75	FOSP;0.791
65.50	67.00	FOSP;0.967
80.75	81.75	FOSP;0.923
82.25	84.00	FOSP;0.988
85.50	86.25	FOSP;0.875
90.50	92.50	FOSP;0.969
99.00	99.75	FOSP;0.747
104.25	105.25	FOSP;0.849
107.00	108.50	FOSP;0.946
113.00	113.50	FOSP;0.707
118.50	119.50	FOSP;0.877
126.50	128.50	FOSP;0.948
140.00	142.75	FOSP;0.985
148.75	149.75	FOSP;0.933
167.00	169.00	FOSP;0.990
178.00	178.25	FOSP;0.672
181.25	183.25	FOSP;0.932
190.50	192.50	FOSP;0.990
193.25	194.00	FOSP;0.855
198.50	200.00	FOSP;0.980
207.00	209.00	FOSP;0.992
210.50	210.75	FOSP;0.698
216.75	217.75	FOSP;0.866
226.75	228.00	FOSP;0.959
244.75	246.00	FOSP;0.946
246.25	246.75	FOSP;0.682
261.50	262.00	FOSP;0.847
269.50	270.75	FOSP;0.917
277.75	279.00	FOSP;0.994
288.25	290.00	FOSP;0.979
294.00	294.50	FOSP;0.800
112.25	113.00	GCSP;0.684
151.25	151.75	GCSP;0.582
204.50	205.00	GCSP;0.844
221.25	221.50	GCSP;0.545
20.50	20.75	HETH;0.640
65.50	65.75	HETH;0.514
70.25	70.50	HETH;0.519
193.25	193.50	HETH;0.673
45.25	46.00	LASP;0.686
29.00	30.00	LISP;0.964
116.50	117.50	LISP;0.836
133.00	133.75	LISP;0.695
148.00	148.75	LISP;0.828
200.00	201.00	LISP;0.966
237.50	237.75	LISP;0.537
266.25	267.50	LISP;0.956
292.50	293.25	LISP;0.744
213.25	213.50	MAMU;0.511
24.50	25.25	MOCH;0.801
291.50	291.75	RBGR;0.527
107.00	107.25	SAPH;0.525
38.50	38.75	SATH;0.540
263.75	264.25	SATH;0.580
207.25	207.50	SNBU;0.536
106.50	106.75	SOSA;0.507
108.25	108.50	SOSP;0.503
65.00	65.50	SPSA;0.738
4.00	4.25	SWSP;0.515
4.50	4.75	SWSP;0.563
94.00	94.50	SWSP;0.583
100.25	100.50	SWSP;0.526
101.00	101.50	SWSP;0.632
115.00	116.00	SWSP;0.755
129.50	130.50	SWSP;0.771
137.25	137.75	SWSP;0.573
145.00	146.00	SWSP;0.781
152.50	153.25	SWSP;0.605
163.25	163.50	SWSP;0.528
194.00	195.00	SWSP;0.713
209.00	209.50	SWSP;0.559
251.50	251.75	SWSP;0.650
253.50	253.75	SWSP;0.507
128.00	128.50	VESP;0.595
182.50	182.75	VESP;0.505
217.25	218.50	VESP;0.812
236.00	236.50	WATA;0.550
0.00	1.50	WCSP;0.976
7.50	8.75	WCSP;0.970
14.25	16.00	WCSP;0.955
81.25	81.50	WCSP;0.527
92.00	93.25	WCSP;0.980
105.00	105.25	WCSP;0.507
168.50	169.00	WCSP;0.656
232.25	233.00	WCSP;0.728
5.75	7.50	WIWA;0.995
16.00	17.25	WIWA;0.997
31.00	32.25	WIWA;0.989
39.75	40.75	WIWA;0.987
56.75	58.25	WIWA;0.995
74.75	76.50	WIWA;0.989
87.25	88.75	WIWA;0.996
97.25	99.00	WIWA;0.998
100.50	101.50	WIWA;0.866
109.25	111.00	WIWA;0.996
119.25	120.75	WIWA;0.996
129.50	130.00	WIWA;0.779
130.50	131.75	WIWA;0.997
136.75	137.75	WIWA;0.865
143.00	144.50	WIWA;0.995
156.50	158.25	WIWA;0.997
163.50	164.25	WIWA;0.932
171.00	173.00	WIWA;0.996
178.00	179.50	WIWA;0.994
186.50	187.75	WIWA;0.979
188.00	189.75	WIWA;0.997
202.25	204.25	WIWA;0.996
208.75	209.50	WIWA;0.896
215.50	216.75	WIWA;0.929
222.50	224.50	WIWA;0.994
230.75	231.50	WIWA;0.866
235.50	237.25	WIWA;0.996
238.50	239.50	WIWA;0.989
243.00	244.75	WIWA;0.996
245.75	246.50	WIWA;0.834
251.75	254.00	WIWA;0.993
260.50	261.00	WIWA;0.826
261.25	263.00	WIWA;0.989
268.00	269.00	WIWA;0.898
270.75	272.00	WIWA;0.996
274.50	276.00	WIWA;0.979
282.50	284.00	WIWA;0.902
284.75	286.25	WIWA;0.996
290.25	291.50	WIWA;0.988
294.75	295.75	WIWA;0.997
297.50	298.75	WIWA;0.908
10.50	11.00	WTSP;0.723
11.50	14.50	WTSP;0.985
33.25	35.50	WTSP;0.993
40.75	43.00	WTSP;0.982
46.25	49.50	WTSP;0.993
51.75	56.75	WTSP;0.994
61.50	65.00	WTSP;0.994
67.75	70.50	WTSP;0.995
76.25	78.50	WTSP;0.991
93.25	94.00	WTSP;0.759
113.75	115.00	WTSP;0.988
121.75	124.25	WTSP;0.948
130.50	130.75	WTSP;0.659
137.50	140.00	WTSP;0.984
146.00	147.50	WTSP;0.936
150.00	152.50	WTSP;0.987
153.00	156.50	WTSP;0.990
160.50	163.00	WTSP;0.987
169.00	170.75	WTSP;0.941
174.00	177.00	WTSP;0.983
189.50	190.25	WTSP;0.814
195.25	198.25	WTSP;0.980
204.25	206.25	WTSP;0.971
220.25	222.00	WTSP;0.906
228.00	230.75	WTSP;0.997
233.75	235.75	WTSP;0.805
248.25	251.50	WTSP;0.991
255.75	259.75	WTSP;0.995
281.25	281.75	WTSP;0.750
297.00	299.75	WTSP;0.956
106.50	107.00	YRWA;0.574
