473.50	474.00	AMRO;0.837
479.00	480.25	AMRO;0.920
480.50	480.75	AMRO;0.535
488.25	489.25	AMRO;0.975
491.50	492.75	AMRO;0.810
543.00	543.50	AMRO;0.735
549.50	550.00	AMRO;0.588
563.75	565.75	AMRO;0.871
572.00	572.50	AMRO;0.719
204.50	205.00	CATE;0.604
549.75	550.00	EABL;0.525
56.00	56.75	FOSP;0.884
88.25	89.00	FOSP;0.859
115.00	115.75	FOSP;0.771
141.50	142.75	FOSP;0.913
160.50	161.50	FOSP;0.786
183.00	184.50	FOSP;0.975
224.25	225.50	FOSP;0.908
243.00	244.00	FOSP;0.827
267.75	269.50	FOSP;0.992
284.25	285.75	FOSP;0.958
300.50	301.25	FOSP;0.786
317.00	318.00	FOSP;0.916
337.00	338.50	FOSP;0.978
369.00	370.25	FOSP;0.847
387.25	387.75	FOSP;0.687
406.00	407.00	FOSP;0.923
426.25	428.00	FOSP;0.946
444.75	446.50	FOSP;0.977
461.75	463.25	FOSP;0.988
476.50	478.00	FOSP;0.822
493.75	495.25	FOSP;0.978
513.25	514.25	FOSP;0.762
537.00	538.25	FOSP;0.929
557.25	558.75	FOSP;0.962
575.00	576.50	FOSP;0.975
591.75	593.00	FOSP;0.978
588.75	589.50	HETH;0.885
55.75	56.00	PIGR;0.690
476.50	476.75	PIGR;0.759
276.25	276.50	RUTU;0.546
480.25	480.50	SATH;0.507
556.50	556.75	SATH;0.523
184.00	184.25	VESP;0.554
387.50	387.75	VESP;0.574
406.75	407.25	VESP;0.546
463.00	463.25	VESP;0.590
514.00	514.25	VESP;0.537
490.25	490.75	WILL;0.733
