157.00	157.50	AMRO;0.564
72.75	73.00	BHVI;0.589
126.25	126.75	BHVI;0.923
185.25	185.75	BHVI;0.821
126.25	126.50	CATE;0.669
185.50	185.75	CATE;0.521
172.50	173.00	DEJU;0.731
404.00	404.25	DEJU;0.531
547.00	547.25	DEJU;0.532
561.00	561.75	DEJU;0.810
528.25	528.50	EAME;0.520
185.00	185.50	EATO;0.526
399.50	399.75	EATO;0.572
415.75	416.00	EATO;0.508
412.50	413.00	FISP;0.706
528.25	528.75	FISP;0.595
595.25	595.75	FISP;0.651
0.00	0.75	FOSP;0.936
3.25	5.75	FOSP;0.986
12.00	12.50	FOSP;0.729
15.50	16.50	FOSP;0.873
16.75	17.75	FOSP;0.968
28.00	29.25	FOSP;0.982
30.25	32.75	FOSP;0.982
42.75	45.00	FOSP;0.995
52.25	52.75	FOSP;0.756
60.00	62.25	FOSP;0.989
72.00	73.00	FOSP;0.928
76.00	78.00	FOSP;0.988
86.50	87.75	FOSP;0.937
92.50	94.75	FOSP;0.986
103.00	104.50	FOSP;0.975
107.75	110.00	FOSP;0.996
118.50	119.50	FOSP;0.970
134.75	137.00	FOSP;0.988
151.00	153.25	FOSP;0.996
160.00	161.50	FOSP;0.977
175.50	176.75	FOSP;0.956
192.00	194.25	FOSP;0.986
206.25	207.00	FOSP;0.896
208.75	211.00	FOSP;0.995
220.50	223.25	FOSP;0.993
234.00	234.50	FOSP;0.795
236.75	239.00	FOSP;0.995
247.75	249.00	FOSP;0.916
251.00	253.25	FOSP;0.992
261.00	262.75	FOSP;0.992
271.00	273.25	FOSP;0.994
277.75	278.75	FOSP;0.923
308.00	308.75	FOSP;0.846
323.00	324.50	FOSP;0.992
338.25	339.75	FOSP;0.958
354.75	356.00	FOSP;0.980
369.50	370.50	FOSP;0.900
385.25	386.75	FOSP;0.981
397.75	398.75	FOSP;0.920
399.25	400.25	FOSP;0.839
415.50	416.50	FOSP;0.915
431.00	431.25	FOSP;0.661
433.50	435.00	FOSP;0.950
466.25	466.75	FOSP;0.702
467.00	468.25	FOSP;0.988
486.00	487.25	FOSP;0.991
490.50	490.75	FOSP;0.672
503.00	504.00	FOSP;0.946
505.50	507.00	FOSP;0.963
515.75	517.50	FOSP;0.932
522.75	524.25	FOSP;0.988
537.25	538.75	FOSP;0.990
594.50	595.25	FOSP;0.782
12.25	12.75	GCSP;0.589
234.00	235.00	GCSP;0.915
380.25	380.50	GCSP;0.534
397.00	398.00	GCSP;0.900
11.50	12.00	HETH;0.521
27.50	28.00	HETH;0.674
134.25	134.75	HETH;0.703
247.50	247.75	HETH;0.510
349.25	349.50	HETH;0.521
354.50	355.00	HETH;0.673
236.50	236.75	KILL;0.557
35.50	35.75	LISP;0.578
54.75	56.00	LISP;0.969
88.25	89.25	LISP;0.853
105.50	106.75	LISP;0.761
120.50	121.75	LISP;0.831
137.50	138.75	LISP;0.833
155.00	156.00	LISP;0.971
189.25	190.00	LISP;0.901
224.00	225.50	LISP;0.983
259.50	260.75	LISP;0.967
275.00	275.75	LISP;0.880
307.50	308.00	LISP;0.604
326.00	326.50	LISP;0.597
333.75	334.75	LISP;0.800
362.00	362.75	LISP;0.945
365.00	365.75	LISP;0.864
389.75	390.25	LISP;0.571
403.00	404.25	LISP;0.957
518.50	519.00	LISP;0.718
533.00	533.25	LISP;0.512
546.25	546.75	LISP;0.635
502.25	502.75	MAMU;0.842
265.25	265.75	MOCH;0.506
578.00	578.50	MOCH;0.663
267.25	267.50	OSPR;0.603
534.75	535.00	OSPR;0.743
100.00	100.25	PIGR;0.501
594.75	595.00	PIGR;0.681
297.50	297.75	PYNU;0.537
449.50	449.75	RBNU;0.658
156.25	156.75	REVI;0.716
380.50	380.75	SAPH;0.865
218.25	218.75	SATH;0.704
511.50	512.25	SATH;0.648
457.75	458.00	SNBU;0.563
465.75	466.00	SNBU;0.592
515.75	516.00	SNBU;0.642
149.25	149.50	SOSA;0.596
174.75	175.00	SOSA;0.509
187.50	187.75	SOSA;0.566
200.50	200.75	SOSA;0.601
218.00	218.25	SOSA;0.598
229.75	230.25	SOSA;0.581
242.50	243.00	SOSA;0.615
268.25	268.50	SOSA;0.526
489.50	490.00	SOSA;0.710
575.00	575.25	SOSA;0.509
589.75	590.25	SOSA;0.616
166.50	167.00	SOSP;0.613
199.25	199.75	SPSA;0.761
99.50	99.75	SWSP;0.546
177.00	177.50	SWSP;0.589
294.25	294.75	SWSP;0.557
360.50	361.00	SWSP;0.626
13.00	13.75	VATH;0.810
21.00	21.50	VATH;0.797
50.50	51.50	VATH;0.962
69.50	70.25	VATH;0.759
79.00	79.50	VATH;0.740
83.25	84.00	VATH;0.836
114.75	115.75	VATH;0.933
146.75	147.75	VATH;0.977
159.50	159.75	VATH;0.541
162.25	163.25	VATH;0.973
171.25	171.50	VATH;0.684
174.50	174.75	VATH;0.627
183.25	184.00	VATH;0.914
197.00	197.75	VATH;0.768
227.50	228.00	VATH;0.681
234.75	235.50	VATH;0.853
245.25	246.50	VATH;0.960
250.25	250.75	VATH;0.669
257.50	258.25	VATH;0.939
268.75	269.00	VATH;0.589
281.00	282.25	VATH;0.961
284.25	285.00	VATH;0.906
291.75	292.50	VATH;0.793
295.25	296.00	VATH;0.978
304.25	305.00	VATH;0.921
312.50	313.75	VATH;0.986
331.00	331.50	VATH;0.654
337.25	338.25	VATH;0.919
341.75	342.75	VATH;0.928
348.50	349.50	VATH;0.893
356.75	357.75	VATH;0.981
368.25	369.25	VATH;0.888
378.75	379.75	VATH;0.799
393.50	394.50	VATH;0.973
409.75	410.50	VATH;0.943
418.00	418.50	VATH;0.611
419.25	420.00	VATH;0.967
427.25	428.00	VATH;0.909
440.25	440.75	VATH;0.856
451.00	451.50	VATH;0.604
455.75	456.50	VATH;0.747
482.00	483.25	VATH;0.983
492.75	493.50	VATH;0.915
494.00	494.50	VATH;0.551
497.25	498.25	VATH;0.991
526.00	527.00	VATH;0.980
529.00	529.50	VATH;0.812
535.75	536.00	VATH;0.614
542.75	543.75	VATH;0.931
548.25	548.75	VATH;0.931
556.50	557.00	VATH;0.635
564.25	565.00	VATH;0.859
566.25	566.75	VATH;0.788
569.00	570.25	VATH;0.990
582.00	583.00	VATH;0.979
587.00	587.50	VATH;0.557
591.25	591.50	VATH;0.524
596.00	597.25	VATH;0.932
504.25	504.75	VESP;0.556
12.50	12.75	WCSP;0.502
87.25	87.50	WCSP;0.538
88.25	88.50	WCSP;0.541
103.50	104.00	WCSP;0.641
119.00	119.75	WCSP;0.852
161.00	161.50	WCSP;0.575
206.50	207.25	WCSP;0.602
248.25	248.75	WCSP;0.645
262.00	262.50	WCSP;0.560
278.25	278.75	WCSP;0.687
287.75	289.25	WCSP;0.737
291.25	291.75	WCSP;0.554
303.50	303.75	WCSP;0.505
308.25	308.50	WCSP;0.597
339.00	339.50	WCSP;0.709
355.25	355.75	WCSP;0.556
386.00	386.50	WCSP;0.642
434.00	434.50	WCSP;0.614
538.25	538.50	WCSP;0.514
329.50	329.75	WEFL;0.515
1.50	2.75	WIWA;0.971
7.75	9.50	WIWA;0.997
15.75	17.00	WIWA;0.996
23.50	25.25	WIWA;0.997
31.00	32.25	WIWA;0.997
39.25	41.00	WIWA;0.996
48.25	49.75	WIWA;0.997
57.75	59.00	WIWA;0.996
64.75	66.50	WIWA;0.996
167.00	167.25	WIWA;0.657
176.75	177.50	WIWA;0.943
185.75	186.25	WIWA;0.800
344.25	345.50	WIWA;0.991
351.50	352.75	WIWA;0.990
360.00	360.75	WIWA;0.941
367.50	368.75	WIWA;0.983
375.25	376.50	WIWA;0.997
383.25	384.50	WIWA;0.993
391.25	392.50	WIWA;0.992
400.00	400.75	WIWA;0.961
408.00	409.25	WIWA;0.996
416.25	417.25	WIWA;0.995
424.25	425.50	WIWA;0.993
432.50	433.75	WIWA;0.995
440.75	442.25	WIWA;0.997
451.50	452.50	WIWA;0.993
460.00	461.50	WIWA;0.996
468.50	470.00	WIWA;0.996
477.25	479.00	WIWA;0.997
487.25	488.75	WIWA;0.996
498.00	499.50	WIWA;0.995
507.50	509.00	WIWA;0.997
520.00	521.50	WIWA;0.995
531.00	532.50	WIWA;0.996
541.50	543.00	WIWA;0.998
552.25	553.75	WIWA;0.997
568.00	569.50	WIWA;0.996
578.25	579.75	WIWA;0.996
591.25	592.50	WIWA;0.997
12.00	13.00	WTSP;0.738
20.50	23.50	WTSP;0.990
34.25	35.00	WTSP;0.925
41.00	42.25	WTSP;0.894
45.75	47.75	WTSP;0.890
56.25	58.00	WTSP;0.952
67.25	71.00	WTSP;0.982
81.75	86.00	WTSP;0.994
87.75	88.25	WTSP;0.797
89.50	91.50	WTSP;0.957
98.00	99.25	WTSP;0.996
102.00	102.75	WTSP;0.852
110.25	110.50	WTSP;0.718
113.25	116.50	WTSP;0.975
119.50	120.25	WTSP;0.777
130.25	132.50	WTSP;0.959
139.75	144.50	WTSP;0.996
153.50	154.25	WTSP;0.811
157.75	158.50	WTSP;0.740
159.25	159.75	WTSP;0.730
164.00	166.50	WTSP;0.996
169.50	170.75	WTSP;0.818
178.00	181.00	WTSP;0.991
187.75	189.00	WTSP;0.971
196.50	199.00	WTSP;0.974
214.75	217.75	WTSP;0.996
225.50	228.00	WTSP;0.957
234.75	235.00	WTSP;0.689
235.50	236.25	WTSP;0.813
243.50	244.25	WTSP;0.880
244.50	245.50	WTSP;0.777
254.50	255.75	WTSP;0.933
263.50	266.00	WTSP;0.994
273.50	275.00	WTSP;0.975
281.25	284.00	WTSP;0.993
290.00	291.50	WTSP;0.990
299.75	302.75	WTSP;0.993
315.25	318.00	WTSP;0.992
326.25	328.50	WTSP;0.992
336.00	337.50	WTSP;0.965
358.75	360.25	WTSP;0.975
370.25	372.50	WTSP;0.993
379.50	382.25	WTSP;0.982
396.00	398.00	WTSP;0.919
410.25	412.75	WTSP;0.989
419.00	419.25	WTSP;0.658
422.00	424.00	WTSP;0.987
437.75	440.50	WTSP;0.993
493.75	494.50	WTSP;0.809
557.00	557.75	WTSP;0.914
576.50	578.50	WTSP;0.946
587.00	589.75	WTSP;0.995
595.50	596.25	WTSP;0.733
597.00	599.00	WTSP;0.975
162.00	162.25	YRWA;0.536
268.25	268.50	YRWA;0.514
307.25	308.00	YRWA;0.775
348.00	348.75	YRWA;0.789
475.50	476.25	YRWA;0.805
