276.25	276.75	AGOL;0.781
43.50	44.00	AMRO;0.626
211.25	211.50	AMRO;0.569
173.25	173.50	ATSP;0.568
196.75	197.50	BOWA;0.851
187.25	187.50	EAKI;0.549
188.00	188.75	EAKI;0.963
220.00	220.75	FOSP;0.934
232.75	233.75	FOSP;0.843
234.50	236.00	FOSP;0.920
139.25	140.00	HOLA;0.856
3.00	4.75	LISP;0.998
16.50	18.50	LISP;0.993
27.00	28.50	LISP;0.996
42.00	43.75	LISP;0.995
56.75	59.00	LISP;0.982
71.25	73.00	LISP;0.987
85.75	87.75	LISP;0.983
100.50	103.00	LISP;0.928
116.00	117.00	LISP;0.917
131.25	132.75	LISP;0.834
162.75	164.00	LISP;0.926
178.50	180.00	LISP;0.948
194.00	195.75	LISP;0.983
209.75	211.25	LISP;0.989
225.75	226.25	LISP;0.745
285.25	286.00	LISP;0.798
173.25	173.50	OCWA;0.613
0.25	2.75	PISI;0.976
18.50	19.00	PISI;0.701
19.50	20.25	PISI;0.932
23.00	23.25	PISI;0.824
28.75	31.75	PISI;0.974
39.75	40.00	PISI;0.773
48.50	49.25	PISI;0.919
50.50	51.00	PISI;0.894
143.25	143.75	PISI;0.680
145.25	151.50	PISI;0.995
151.75	154.00	PISI;0.991
156.00	162.00	PISI;0.996
164.25	166.25	PISI;0.994
167.00	169.00	PISI;0.995
180.50	180.75	PISI;0.826
196.75	197.25	PISI;0.700
199.00	202.75	PISI;0.993
203.00	208.00	PISI;0.994
241.50	242.25	PISI;0.861
243.00	243.75	PISI;0.976
247.00	248.00	PISI;0.996
255.00	263.00	PISI;0.996
263.25	268.00	PISI;0.994
268.50	273.00	PISI;0.996
275.25	276.50	PISI;0.874
277.00	278.75	PISI;0.984
280.00	281.75	PISI;0.994
71.50	71.75	ROWR;0.630
85.75	86.25	ROWR;0.724
100.50	101.25	ROWR;0.872
115.75	116.50	ROWR;0.645
131.25	132.00	ROWR;0.796
225.50	226.00	ROWR;0.790
240.25	241.25	ROWR;0.955
285.00	285.50	ROWR;0.806
6.50	7.50	SWSP;0.792
13.75	14.75	SWSP;0.875
34.50	35.50	SWSP;0.908
41.00	41.75	SWSP;0.883
49.25	50.00	SWSP;0.928
77.50	78.50	SWSP;0.737
141.50	142.25	SWSP;0.843
155.50	155.75	SWSP;0.552
184.00	184.25	SWSP;0.655
190.00	191.50	SWSP;0.932
197.50	198.75	SWSP;0.941
213.00	214.00	SWSP;0.872
227.00	228.00	SWSP;0.943
248.25	249.75	SWSP;0.922
297.75	298.50	SWSP;0.891
40.25	41.00	TEWA;0.748
76.75	77.00	TEWA;0.541
154.75	155.00	TEWA;0.546
235.25	235.75	WCSP;0.514
250.00	250.75	WWCR;0.651
