299.75	300.00	AMWO;0.612
2.00	3.50	CCSP;0.996
9.00	10.75	CCSP;0.996
17.25	18.75	CCSP;0.996
24.25	25.75	CCSP;0.996
32.25	34.00	CCSP;0.997
39.25	40.75	CCSP;0.996
48.00	49.50	CCSP;0.995
57.00	58.75	CCSP;0.994
65.25	67.00	CCSP;0.996
74.00	75.50	CCSP;0.996
84.50	86.00	CCSP;0.995
92.25	94.00	CCSP;0.997
102.25	104.00	CCSP;0.997
110.50	112.25	CCSP;0.996
119.50	121.50	CCSP;0.996
128.25	130.00	CCSP;0.997
137.25	138.75	CCSP;0.994
144.75	146.50	CCSP;0.996
152.00	153.50	CCSP;0.996
159.00	160.75	CCSP;0.995
166.00	167.75	CCSP;0.994
173.25	175.00	CCSP;0.993
180.25	181.75	CCSP;0.994
187.25	189.00	CCSP;0.997
194.25	195.75	CCSP;0.996
201.00	202.50	CCSP;0.996
208.00	209.50	CCSP;0.996
216.25	217.75	CCSP;0.993
223.00	224.50	CCSP;0.995
229.50	231.00	CCSP;0.995
235.25	236.75	CCSP;0.994
243.00	244.75	CCSP;0.993
250.25	251.75	CCSP;0.994
257.00	258.75	CCSP;0.995
263.50	265.00	CCSP;0.997
269.50	271.25	CCSP;0.996
277.25	279.00	CCSP;0.997
284.25	286.00	CCSP;0.995
292.00	293.50	CCSP;0.997
299.50	300.00	CCSP;0.860
7.25	8.75	CHSP;0.879
30.75	32.50	CHSP;0.978
41.00	43.00	CHSP;0.978
51.00	53.00	CHSP;0.983
59.75	61.50	CHSP;0.972
75.25	75.75	CHSP;0.772
85.75	86.75	CHSP;0.918
94.50	96.50	CHSP;0.931
109.25	109.75	CHSP;0.790
121.25	121.50	CHSP;0.671
134.50	136.00	CHSP;0.889
146.25	147.50	CHSP;0.977
156.00	157.75	CHSP;0.975
174.75	176.50	CHSP;0.992
186.00	187.50	CHSP;0.990
199.25	201.00	CHSP;0.927
215.75	216.25	CHSP;0.760
231.75	232.50	CHSP;0.854
240.75	242.00	CHSP;0.916
246.25	248.25	CHSP;0.842
253.50	254.25	CHSP;0.796
255.75	257.00	CHSP;0.841
266.50	267.75	CHSP;0.908
275.75	277.50	CHSP;0.968
285.75	288.50	CHSP;0.970
295.00	296.75	CHSP;0.971
297.00	297.75	CHSP;0.792
134.75	135.25	DEJU;0.569
240.75	241.50	DEJU;0.570
81.50	81.75	EAME;0.536
35.75	36.00	MOCH;0.528
99.25	100.25	MOCH;0.966
138.75	139.00	MOCH;0.631
168.75	169.25	MOCH;0.681
184.00	184.50	MOCH;0.631
180.25	183.00	RUGR;0.930
108.50	108.75	WTSP;0.541
138.75	139.00	WTSP;0.601
149.50	150.75	WTSP;0.891
167.50	169.00	WTSP;0.823
182.25	184.50	WTSP;0.964
221.50	222.00	WTSP;0.651
