0.00	4.00	AMRO;0.912
11.25	15.00	AMRO;0.971
36.50	40.00	AMRO;0.957
43.50	45.00	AMRO;0.957
59.25	63.00	AMRO;0.952
75.00	75.75	AMRO;0.746
76.00	78.00	AMRO;0.986
90.75	91.50	AMRO;0.636
103.25	105.25	AMRO;0.919
2.50	3.00	BRSP;0.591
66.50	66.75	BRSP;0.546
190.50	191.50	BRSP;0.663
262.75	263.00	BRSP;0.501
1.50	3.75	CHSP;0.927
10.25	12.50	CHSP;0.965
19.25	22.00	CHSP;0.989
30.00	32.75	CHSP;0.974
39.25	41.50	CHSP;0.974
48.25	50.75	CHSP;0.978
56.75	59.25	CHSP;0.965
66.50	66.75	CHSP;0.663
67.00	67.25	CHSP;0.677
74.50	77.25	CHSP;0.950
85.00	87.25	CHSP;0.926
94.00	94.75	CHSP;0.820
106.50	109.25	CHSP;0.964
116.50	119.00	CHSP;0.965
127.75	129.00	CHSP;0.907
135.25	138.25	CHSP;0.962
147.50	149.75	CHSP;0.915
158.50	161.00	CHSP;0.971
167.50	169.00	CHSP;0.935
178.50	181.25	CHSP;0.966
199.00	202.00	CHSP;0.976
210.50	213.25	CHSP;0.969
221.25	224.00	CHSP;0.986
232.00	234.50	CHSP;0.975
242.00	244.75	CHSP;0.963
253.00	255.50	CHSP;0.961
262.50	265.50	CHSP;0.982
272.75	274.75	CHSP;0.971
284.00	286.50	CHSP;0.965
293.50	295.00	CHSP;0.907
295.75	296.00	CHSP;0.677
24.50	24.75	DEJU;0.503
76.75	77.00	DEJU;0.505
86.50	87.00	DEJU;0.502
114.00	114.50	DUNL;0.624
4.00	5.75	FOSP;0.995
15.00	17.00	FOSP;0.937
27.75	29.75	FOSP;0.996
41.25	43.00	FOSP;0.976
52.00	54.00	FOSP;0.991
63.75	66.00	FOSP;0.998
79.00	81.25	FOSP;0.993
94.25	96.25	FOSP;0.972
109.00	111.00	FOSP;0.993
123.25	124.25	FOSP;0.882
128.50	130.50	FOSP;0.988
133.25	134.00	FOSP;0.785
136.75	137.50	FOSP;0.855
144.25	146.75	FOSP;0.992
147.25	147.75	FOSP;0.826
156.50	157.00	FOSP;0.756
157.25	158.25	FOSP;0.842
165.00	166.75	FOSP;0.966
168.50	170.50	FOSP;0.957
176.25	177.50	FOSP;0.913
188.00	190.00	FOSP;0.976
198.25	199.00	FOSP;0.823
207.50	209.75	FOSP;0.986
229.25	231.00	FOSP;0.984
294.00	295.50	FOSP;0.969
285.00	285.25	HETH;0.595
65.50	65.75	LASP;0.502
295.00	295.50	LASP;0.625
202.75	203.00	OSPR;0.586
88.25	88.75	PISI;0.804
89.75	90.50	PISI;0.867
92.25	93.75	PISI;0.977
97.00	97.50	PISI;0.816
99.00	99.50	PISI;0.729
99.75	101.75	PISI;0.981
102.25	102.75	PISI;0.814
115.25	116.00	PISI;0.992
119.00	123.25	PISI;0.995
124.75	125.50	PISI;0.976
127.00	127.75	PISI;0.887
138.75	140.75	PISI;0.978
143.50	143.75	PISI;0.791
146.50	147.25	PISI;0.950
148.00	148.50	PISI;0.781
150.00	155.50	PISI;0.997
155.75	156.50	PISI;0.937
157.00	157.75	PISI;0.878
161.25	161.75	PISI;0.947
259.25	261.00	PISI;0.973
262.00	262.50	PISI;0.882
265.25	266.00	PISI;0.831
266.25	273.00	PISI;0.995
275.25	283.25	PISI;0.993
287.25	293.75	PISI;0.990
296.00	300.00	PISI;0.995
24.75	25.25	PUFI;0.616
268.00	272.00	RUGR;0.838
1.00	1.25	SATH;0.503
90.25	90.75	SATH;0.635
91.50	91.75	SATH;0.538
103.00	103.50	SATH;0.752
133.25	134.25	SNBU;0.844
177.00	177.25	SNBU;0.517
210.25	210.50	SNBU;0.644
252.25	252.50	SNBU;0.579
140.25	140.50	SPPI;0.659
143.50	143.75	SPPI;0.614
26.25	26.75	SWSP;0.616
34.00	35.25	SWSP;0.965
73.75	74.50	SWSP;0.643
83.75	84.50	SWSP;0.796
104.00	104.25	SWSP;0.531
256.00	256.25	SWSP;0.631
16.25	16.75	VESP;0.534
29.25	29.75	VESP;0.654
65.25	66.00	VESP;0.675
95.50	96.50	VESP;0.656
130.00	130.25	VESP;0.551
169.75	170.50	VESP;0.784
189.50	190.50	VESP;0.825
295.00	295.50	VESP;0.698
215.00	215.50	WCSP;0.513
180.25	180.50	WEWP;0.563
26.25	26.50	WIWA;0.593
249.50	250.00	WTSP;0.626
