264.25	264.75	AMGP;0.606
0.00	1.00	AMRO;0.802
8.00	9.50	AMRO;0.850
10.50	12.00	AMRO;0.772
19.00	20.50	AMRO;0.899
24.75	25.75	AMRO;0.792
29.50	32.75	AMRO;0.991
40.25	40.75	AMRO;0.713
43.75	44.50	AMRO;0.692
45.25	46.25	AMRO;0.750
53.50	55.50	AMRO;0.986
59.00	61.50	AMRO;0.766
66.00	67.75	AMRO;0.748
79.75	81.00	AMRO;0.861
81.25	83.00	AMRO;0.842
87.00	87.75	AMRO;0.752
88.00	88.75	AMRO;0.739
92.25	94.25	AMRO;0.983
96.00	98.00	AMRO;0.940
98.25	99.00	AMRO;0.863
101.25	101.50	AMRO;0.699
104.50	106.00	AMRO;0.938
106.25	106.75	AMRO;0.669
112.50	114.75	AMRO;0.864
123.75	126.50	AMRO;0.866
127.75	128.00	AMRO;0.705
130.25	130.75	AMRO;0.692
131.00	133.25	AMRO;0.923
137.25	140.00	AMRO;0.907
143.25	144.50	AMRO;0.735
144.75	145.00	AMRO;0.658
146.00	146.50	AMRO;0.691
149.75	151.75	AMRO;0.852
157.00	157.50	AMRO;0.833
161.75	163.00	AMRO;0.859
163.75	166.25	AMRO;0.987
171.00	173.75	AMRO;0.983
184.25	184.75	AMRO;0.737
203.50	203.75	AMRO;0.685
228.50	228.75	AMRO;0.659
234.25	235.50	AMRO;0.746
236.50	239.00	AMRO;0.902
244.00	245.00	AMRO;0.793
245.50	246.00	AMRO;0.725
246.25	248.75	AMRO;0.974
252.25	252.75	AMRO;0.724
255.00	257.50	AMRO;0.982
260.50	262.50	AMRO;0.891
263.00	263.75	AMRO;0.716
269.00	271.50	AMRO;0.856
274.00	276.50	AMRO;0.828
282.00	283.00	AMRO;0.800
283.75	285.50	AMRO;0.928
285.75	287.75	AMRO;0.963
292.00	294.25	AMRO;0.857
295.25	296.50	AMRO;0.867
298.00	299.75	AMRO;0.798
49.00	49.25	BHGR;0.518
110.00	110.25	DEJU;0.575
269.25	269.75	DEJU;0.532
294.25	294.75	DEJU;0.639
25.00	25.50	DUNL;0.628
170.25	170.75	FISP;0.586
195.50	196.00	FISP;0.525
2.00	3.25	FOSP;0.920
7.00	7.75	FOSP;0.766
15.00	16.00	FOSP;0.905
22.50	22.75	FOSP;0.694
32.75	34.50	FOSP;0.993
42.25	43.00	FOSP;0.844
48.00	48.75	FOSP;0.766
52.50	53.75	FOSP;0.808
58.00	58.25	FOSP;0.682
68.50	70.50	FOSP;0.993
73.25	74.00	FOSP;0.901
84.75	87.50	FOSP;0.962
102.50	103.75	FOSP;0.963
121.00	122.25	FOSP;0.993
128.75	130.00	FOSP;0.988
135.25	136.25	FOSP;0.765
140.00	140.25	FOSP;0.677
146.75	148.75	FOSP;0.977
154.50	155.00	FOSP;0.868
155.50	155.75	FOSP;0.662
156.50	156.75	FOSP;0.674
166.50	169.00	FOSP;0.981
174.25	175.75	FOSP;0.827
180.25	183.50	FOSP;0.966
189.00	191.00	FOSP;0.992
195.25	196.00	FOSP;0.812
198.50	199.50	FOSP;0.798
205.75	209.00	FOSP;0.988
213.50	215.25	FOSP;0.996
220.50	221.25	FOSP;0.753
222.00	222.25	FOSP;0.668
222.75	224.25	FOSP;0.904
230.25	232.25	FOSP;0.961
239.00	242.75	FOSP;0.997
249.25	251.25	FOSP;0.944
253.50	254.00	FOSP;0.753
257.50	259.25	FOSP;0.979
265.25	268.00	FOSP;0.985
277.75	279.25	FOSP;0.784
289.00	291.00	FOSP;0.982
1.50	2.25	GCSP;0.697
20.50	21.00	GCSP;0.620
27.25	28.25	GCSP;0.613
42.25	42.75	GCSP;0.598
58.00	58.25	GCSP;0.548
110.50	110.75	GCSP;0.551
140.50	140.75	GCSP;0.618
155.00	155.50	GCSP;0.536
175.00	175.50	GCSP;0.609
205.00	206.00	GCSP;0.884
278.00	278.75	GCSP;0.767
283.25	283.50	GWTE;0.524
198.00	198.50	HETH;0.592
94.25	95.25	LISP;0.765
118.00	118.75	LISP;0.793
155.50	155.75	OSFL;0.502
229.25	229.50	PIGR;0.501
199.00	199.25	PUFI;0.507
215.00	215.50	PUFI;0.506
105.00	105.25	RBGR;0.549
158.25	158.75	RBGR;0.607
275.25	275.75	RBGR;0.599
16.50	16.75	REVI;0.500
61.00	62.75	TOSO;0.816
136.00	136.25	VESP;0.504
198.75	199.00	VESP;0.509
7.00	7.25	WCSP;0.517
23.50	24.25	WCSP;0.869
48.50	48.75	WCSP;0.510
109.75	110.00	WCSP;0.549
120.25	121.00	WCSP;0.825
1.25	1.75	WTSP;0.694
3.50	7.00	WTSP;0.996
9.00	14.75	WTSP;0.993
19.25	22.50	WTSP;0.995
26.75	30.00	WTSP;0.994
34.25	38.50	WTSP;0.996
38.75	39.25	WTSP;0.723
41.75	45.25	WTSP;0.995
45.75	48.00	WTSP;0.989
49.50	52.75	WTSP;0.994
55.25	60.75	WTSP;0.994
63.00	68.50	WTSP;0.995
71.00	73.25	WTSP;0.971
74.00	77.00	WTSP;0.993
79.00	85.00	WTSP;0.992
88.75	92.25	WTSP;0.997
96.00	101.00	WTSP;0.996
103.25	103.50	WTSP;0.681
105.50	109.00	WTSP;0.990
109.50	109.75	WTSP;0.698
110.50	111.75	WTSP;0.894
113.50	117.00	WTSP;0.995
117.50	117.75	WTSP;0.675
119.00	120.25	WTSP;0.945
122.00	125.75	WTSP;0.993
126.00	128.75	WTSP;0.944
132.00	135.75	WTSP;0.985
140.25	144.00	WTSP;0.992
149.00	154.50	WTSP;0.988
155.00	155.50	WTSP;0.721
157.75	163.75	WTSP;0.998
168.00	170.75	WTSP;0.993
175.00	180.25	WTSP;0.994
185.00	188.50	WTSP;0.988
191.75	198.50	WTSP;0.991
200.25	203.50	WTSP;0.991
204.25	205.50	WTSP;0.942
209.00	211.50	WTSP;0.996
214.75	220.50	WTSP;0.994
223.25	228.50	WTSP;0.995
232.50	236.75	WTSP;0.994
242.50	246.75	WTSP;0.992
251.00	254.75	WTSP;0.989
260.00	264.00	WTSP;0.994
270.00	272.75	WTSP;0.993
273.00	273.75	WTSP;0.946
277.00	277.50	WTSP;0.761
278.00	281.00	WTSP;0.988
287.25	289.25	WTSP;0.995
291.25	292.00	WTSP;0.986
296.00	299.50	WTSP;0.993
