162.25	162.75	AMRO;0.617
252.50	252.75	BBWA;0.572
82.50	82.75	BLGU;0.504
164.25	164.50	CHSP;0.545
170.50	171.25	CHSP;0.638
97.25	97.75	EAKI;0.679
19.75	21.00	FOSP;0.926
32.25	32.50	FOSP;0.530
33.00	33.50	FOSP;0.638
55.75	56.75	FOSP;0.588
179.25	179.75	FOSP;0.579
250.50	251.25	MOCH;0.602
299.50	299.75	SOSA;0.509
95.50	96.00	SOSP;0.730
96.50	97.25	SOSP;0.919
141.25	141.75	SOSP;0.782
142.50	142.75	SOSP;0.721
148.00	148.50	SOSP;0.863
4.00	8.00	SPGR;0.856
12.00	12.50	VESP;0.589
56.25	56.75	VESP;0.664
261.00	261.75	WATA;0.822
0.00	2.50	WCSP;0.994
8.50	10.75	WCSP;0.996
14.25	15.00	WCSP;0.849
16.00	18.50	WCSP;0.996
22.00	22.75	WCSP;0.978
26.00	28.75	WCSP;0.996
32.50	33.00	WCSP;0.833
34.25	35.00	WCSP;0.995
40.50	41.00	WCSP;0.981
43.75	47.00	WCSP;0.998
50.75	54.25	WCSP;0.997
57.25	61.25	WCSP;0.998
64.50	68.25	WCSP;0.988
70.25	77.00	WCSP;0.997
77.50	79.75	WCSP;0.997
81.00	81.75	WCSP;0.932
82.00	82.75	WCSP;0.883
84.00	84.50	WCSP;0.765
89.75	93.75	WCSP;0.997
100.00	100.75	WCSP;0.995
101.25	101.50	WCSP;0.689
103.00	105.75	WCSP;0.995
108.00	108.75	WCSP;0.987
110.00	113.75	WCSP;0.996
116.50	121.00	WCSP;0.997
124.00	128.75	WCSP;0.998
132.25	132.75	WCSP;0.683
133.75	137.25	WCSP;0.992
141.50	142.75	WCSP;0.947
143.00	144.75	WCSP;0.990
145.75	148.00	WCSP;0.994
151.00	154.50	WCSP;0.998
159.75	162.25	WCSP;0.998
167.00	169.50	WCSP;0.994
174.50	177.00	WCSP;0.996
182.50	185.00	WCSP;0.995
189.00	189.25	WCSP;0.763
191.00	193.75	WCSP;0.994
199.00	201.50	WCSP;0.996
204.25	205.00	WCSP;0.993
209.00	211.75	WCSP;0.997
217.50	220.00	WCSP;0.998
227.00	229.75	WCSP;0.996
235.25	238.00	WCSP;0.995
246.25	248.75	WCSP;0.994
255.75	258.25	WCSP;0.997
265.00	267.50	WCSP;0.996
269.50	270.25	WCSP;0.720
274.75	277.00	WCSP;0.998
277.75	278.75	WCSP;0.995
279.25	280.75	WCSP;0.998
282.75	285.00	WCSP;0.998
295.25	298.00	WCSP;0.997
84.25	85.00	WRSA;0.921
2.75	4.00	WTSP;0.791
16.50	16.75	WTSP;0.658
66.00	66.75	WTSP;0.724
87.75	89.75	WTSP;0.971
96.75	97.00	WTSP;0.733
101.00	103.75	WTSP;0.970
115.00	116.50	WTSP;0.951
129.25	133.00	WTSP;0.980
144.50	146.00	WTSP;0.928
171.25	173.75	WTSP;0.970
174.50	175.00	WTSP;0.781
185.75	186.75	WTSP;0.879
189.00	189.25	WTSP;0.667
196.00	196.75	WTSP;0.839
199.00	199.75	WTSP;0.750
212.50	215.75	WTSP;0.993
229.75	232.00	WTSP;0.944
233.50	236.00	WTSP;0.922
240.75	243.00	WTSP;0.956
246.25	246.75	WTSP;0.737
249.25	251.00	WTSP;0.897
260.75	261.75	WTSP;0.861
262.50	265.25	WTSP;0.948
268.75	269.75	WTSP;0.863
271.50	272.50	WTSP;0.726
277.25	278.00	WTSP;0.771
280.50	283.00	WTSP;0.992
292.25	294.25	WTSP;0.972
295.50	296.00	WTSP;0.678
108.25	108.50	YRWA;0.511
