2.25	3.75	AMRO;0.759
6.75	8.00	AMRO;0.907
10.75	12.25	AMRO;0.835
14.50	15.50	AMRO;0.843
16.75	18.50	AMRO;0.819
22.00	23.25	AMRO;0.736
27.00	27.25	AMRO;0.669
31.00	32.00	AMRO;0.882
35.00	35.75	AMRO;0.722
38.50	42.00	AMRO;0.988
43.75	45.00	AMRO;0.975
48.50	49.50	AMRO;0.769
51.00	53.00	AMRO;0.905
53.75	54.75	AMRO;0.929
55.00	55.75	AMRO;0.965
57.75	58.75	AMRO;0.866
61.25	63.00	AMRO;0.949
67.50	68.50	AMRO;0.775
71.00	73.75	AMRO;0.990
75.25	76.75	AMRO;0.989
78.75	81.00	AMRO;0.991
83.25	84.50	AMRO;0.836
86.00	88.50	AMRO;0.978
90.25	92.25	AMRO;0.992
93.25	94.75	AMRO;0.876
97.25	98.00	AMRO;0.804
100.25	107.00	AMRO;0.954
111.25	112.25	AMRO;0.738
137.75	138.25	AMRO;0.784
181.00	186.00	AMRO;0.992
194.75	195.50	AMRO;0.773
197.00	201.25	AMRO;0.986
203.00	203.50	AMRO;0.697
206.00	206.25	AMRO;0.686
212.00	212.50	AMRO;0.751
214.50	216.00	AMRO;0.886
217.75	218.75	AMRO;0.795
219.00	220.50	AMRO;0.872
228.00	229.00	AMRO;0.824
231.25	232.50	AMRO;0.857
233.75	234.00	AMRO;0.687
236.00	236.75	AMRO;0.799
239.25	239.75	AMRO;0.676
240.00	241.50	AMRO;0.912
243.50	243.75	AMRO;0.665
244.00	246.00	AMRO;0.956
247.75	249.25	AMRO;0.979
250.75	252.00	AMRO;0.988
252.25	254.75	AMRO;0.936
256.00	256.75	AMRO;0.815
258.50	259.50	AMRO;0.833
263.00	264.00	AMRO;0.835
264.50	264.75	AMRO;0.710
267.25	269.00	AMRO;0.880
270.00	271.25	AMRO;0.917
278.75	279.75	AMRO;0.928
280.75	282.00	AMRO;0.890
284.00	285.25	AMRO;0.988
287.00	288.75	AMRO;0.891
295.00	297.00	AMRO;0.891
298.50	299.00	AMRO;0.766
147.25	147.50	BHVI;0.503
20.50	20.75	BRSP;0.640
123.25	123.50	BRSP;0.503
178.25	178.50	BRSP;0.594
53.75	54.00	BRTH;0.527
57.75	58.00	BRTH;0.570
258.50	258.75	BRTH;0.520
101.50	102.00	CBCH;0.619
2.00	4.25	CHSP;0.915
8.25	9.75	CHSP;0.830
14.50	16.50	CHSP;0.861
20.50	22.25	CHSP;0.828
27.00	28.25	CHSP;0.924
32.75	34.50	CHSP;0.924
38.00	40.25	CHSP;0.922
44.50	44.75	CHSP;0.689
53.50	55.25	CHSP;0.885
62.50	63.25	CHSP;0.734
68.75	70.50	CHSP;0.938
76.25	78.00	CHSP;0.885
84.25	86.25	CHSP;0.918
92.00	94.00	CHSP;0.961
99.50	101.25	CHSP;0.930
105.50	107.75	CHSP;0.956
116.00	117.75	CHSP;0.961
128.50	130.50	CHSP;0.942
135.25	137.75	CHSP;0.955
144.00	146.25	CHSP;0.965
152.50	154.50	CHSP;0.971
162.00	163.00	CHSP;0.951
168.50	170.50	CHSP;0.953
184.50	186.75	CHSP;0.969
192.00	192.75	CHSP;0.765
199.50	202.00	CHSP;0.973
207.75	208.00	CHSP;0.727
208.25	209.50	CHSP;0.774
215.75	217.50	CHSP;0.920
225.00	226.75	CHSP;0.955
231.00	233.00	CHSP;0.938
239.00	241.00	CHSP;0.944
245.50	247.50	CHSP;0.954
255.75	257.75	CHSP;0.910
262.00	264.25	CHSP;0.926
272.00	274.00	CHSP;0.792
280.25	282.75	CHSP;0.933
287.00	289.25	CHSP;0.956
295.25	297.50	CHSP;0.950
2.50	2.75	DEJU;0.593
9.25	9.75	DEJU;0.557
16.00	16.50	DEJU;0.602
20.50	21.00	DEJU;0.546
21.75	22.25	DEJU;0.572
27.50	27.75	DEJU;0.504
34.00	34.75	DEJU;0.636
38.50	38.75	DEJU;0.571
39.75	40.25	DEJU;0.563
44.50	44.75	DEJU;0.506
53.50	55.50	DEJU;0.851
63.75	64.25	DEJU;0.578
70.00	70.50	DEJU;0.614
76.75	77.00	DEJU;0.525
85.50	86.25	DEJU;0.781
92.50	92.75	DEJU;0.522
99.75	100.00	DEJU;0.510
101.00	101.25	DEJU;0.501
105.75	106.00	DEJU;0.607
107.00	107.50	DEJU;0.516
117.00	117.50	DEJU;0.549
123.25	123.75	DEJU;0.583
128.50	129.00	DEJU;0.627
129.25	129.75	DEJU;0.586
130.00	130.25	DEJU;0.532
135.50	136.75	DEJU;0.655
137.00	137.50	DEJU;0.566
170.00	170.50	DEJU;0.535
184.75	185.00	DEJU;0.588
186.25	186.50	DEJU;0.507
192.25	192.50	DEJU;0.565
201.50	201.75	DEJU;0.515
208.25	208.50	DEJU;0.515
209.00	209.50	DEJU;0.593
215.50	216.25	DEJU;0.738
217.00	217.75	DEJU;0.669
226.00	226.75	DEJU;0.634
245.50	245.75	DEJU;0.515
247.00	247.50	DEJU;0.614
257.25	257.50	DEJU;0.561
262.25	262.75	DEJU;0.546
264.00	264.25	DEJU;0.534
280.50	281.00	DEJU;0.674
287.25	288.00	DEJU;0.645
295.50	296.00	DEJU;0.588
297.00	297.50	DEJU;0.661
8.75	10.25	FOSP;0.796
12.75	14.00	FOSP;0.868
21.25	21.75	FOSP;0.804
28.50	30.25	FOSP;0.990
35.50	36.00	FOSP;0.762
36.25	37.25	FOSP;0.870
49.75	51.00	FOSP;0.936
65.25	67.50	FOSP;0.892
77.75	79.00	FOSP;0.725
81.75	84.00	FOSP;0.987
94.50	96.75	FOSP;0.946
108.25	110.25	FOSP;0.962
114.00	115.75	FOSP;0.978
121.75	123.25	FOSP;0.966
131.00	133.00	FOSP;0.991
139.00	141.25	FOSP;0.996
147.00	148.00	FOSP;0.943
154.50	156.25	FOSP;0.989
157.50	161.75	FOSP;0.992
168.00	168.50	FOSP;0.790
171.25	173.75	FOSP;0.992
176.00	177.50	FOSP;0.892
179.25	179.75	FOSP;0.698
188.25	190.75	FOSP;0.975
192.25	194.00	FOSP;0.840
202.00	203.00	FOSP;0.814
203.50	205.00	FOSP;0.909
207.50	208.25	FOSP;0.716
211.50	212.00	FOSP;0.779
213.00	213.75	FOSP;0.904
217.00	217.25	FOSP;0.685
220.25	220.75	FOSP;0.754
223.25	225.00	FOSP;0.939
229.75	231.00	FOSP;0.991
233.25	233.75	FOSP;0.779
234.00	235.00	FOSP;0.920
237.50	239.00	FOSP;0.920
255.00	256.00	FOSP;0.861
259.75	260.00	FOSP;0.677
260.50	261.50	FOSP;0.872
271.75	273.25	FOSP;0.777
275.50	276.00	FOSP;0.783
291.00	293.00	FOSP;0.945
81.25	81.75	HETH;0.616
150.50	151.00	HETH;0.581
212.00	212.50	HETH;0.679
218.75	219.25	HETH;0.578
243.25	243.50	HETH;0.555
285.25	285.50	HETH;0.558
45.25	46.00	LASP;0.722
115.75	116.00	LASP;0.526
177.25	178.00	LASP;0.743
238.50	239.00	LASP;0.677
47.00	48.25	LISP;0.978
59.50	61.00	LISP;0.965
72.50	73.25	LISP;0.621
112.25	113.00	LISP;0.759
125.00	126.50	LISP;0.836
138.50	139.00	LISP;0.686
152.00	152.25	LISP;0.528
165.75	167.00	LISP;0.973
221.00	221.75	LISP;0.931
241.50	242.25	LISP;0.643
276.25	277.00	LISP;0.712
1.50	2.00	MAMU;0.614
133.25	133.50	MAMU;0.694
1.00	1.50	MOCH;0.560
147.50	147.75	PIGR;0.546
252.00	252.50	PIGR;0.595
0.50	0.75	PISI;0.524
4.50	5.00	PISI;0.927
5.50	5.75	PISI;0.514
11.00	11.75	PISI;0.953
12.00	12.50	PISI;0.705
17.25	17.75	PISI;0.690
118.25	118.75	PISI;0.881
119.25	120.00	PISI;0.944
120.75	121.00	PISI;0.563
63.25	63.50	PUFI;0.590
260.25	260.75	PUFI;0.568
273.25	273.50	PUFI;0.523
83.25	84.00	RBGR;0.790
185.00	185.50	RBGR;0.648
200.50	200.75	RBGR;0.557
227.50	227.75	SAPH;0.758
250.00	250.50	SAPH;0.747
3.25	4.00	SATH;0.855
6.75	8.25	SATH;0.705
17.00	17.50	SATH;0.586
68.00	68.25	SATH;0.535
86.25	86.75	SATH;0.743
96.75	97.50	SATH;0.640
111.00	112.00	SATH;0.783
197.25	197.75	SATH;0.560
212.25	212.75	SATH;0.592
214.50	215.25	SATH;0.575
229.00	229.50	SATH;0.790
231.25	231.50	SATH;0.578
240.75	241.00	SATH;0.502
262.50	263.00	SATH;0.520
268.25	268.50	SATH;0.508
270.00	270.75	SATH;0.575
290.00	290.25	SATH;0.563
8.00	8.50	TOSO;0.691
11.50	12.00	TOSO;0.570
27.00	27.25	TOSO;0.575
51.25	51.50	TOSO;0.553
73.50	73.75	TOSO;0.586
97.00	97.75	TOSO;0.701
104.00	104.25	TOSO;0.610
206.25	207.00	TOSO;0.830
56.50	56.75	UPSA;0.516
115.50	116.00	VESP;0.622
177.25	177.50	VESP;0.517
193.25	194.00	VESP;0.664
224.50	224.75	VESP;0.525
238.50	238.75	VESP;0.609
150.75	151.00	WCSP;0.594
212.25	212.50	WEME;0.610
18.75	20.25	WTSP;0.948
