0.00	1.00	AMRO;0.933
6.00	8.50	AMRO;0.988
9.25	11.75	AMRO;0.964
22.25	24.00	AMRO;0.988
28.50	31.50	AMRO;0.994
36.25	40.00	AMRO;0.985
45.75	51.25	AMRO;0.969
62.25	65.25	AMRO;0.990
77.50	79.25	AMRO;0.995
84.25	86.50	AMRO;0.988
103.00	109.50	AMRO;0.988
119.00	125.00	AMRO;0.990
128.75	132.75	AMRO;0.992
133.75	134.75	AMRO;0.969
140.25	143.00	AMRO;0.945
147.50	152.50	AMRO;0.985
158.00	161.25	AMRO;0.924
167.50	170.00	AMRO;0.995
176.00	178.25	AMRO;0.968
182.25	186.00	AMRO;0.994
199.75	201.25	AMRO;0.916
205.50	209.00	AMRO;0.994
234.50	235.25	AMRO;0.797
243.25	247.00	AMRO;0.987
247.25	251.50	AMRO;0.990
260.25	268.75	AMRO;0.973
277.00	280.75	AMRO;0.987
281.50	283.25	AMRO;0.824
291.00	293.75	AMRO;0.993
260.50	261.25	ATSP;0.964
261.50	261.75	ATSP;0.539
81.50	81.75	BHVI;0.518
275.25	276.00	CHSP;0.644
115.25	116.00	CHSW;0.576
215.50	216.00	CHSW;0.606
79.75	80.00	DEJU;0.513
133.50	133.75	DEJU;0.579
159.25	159.50	DEJU;0.538
240.25	240.50	DEJU;0.516
247.75	248.00	DEJU;0.614
248.25	249.00	DEJU;0.593
256.50	257.25	DEJU;0.610
267.25	267.50	DEJU;0.517
292.50	292.75	DEJU;0.534
2.75	4.75	FOSP;0.960
12.00	12.25	FOSP;0.928
20.00	21.50	FOSP;0.968
52.75	55.00	FOSP;0.991
62.25	62.50	FOSP;0.803
66.25	68.50	FOSP;0.994
81.50	83.50	FOSP;0.978
86.25	86.50	FOSP;0.665
144.00	146.25	FOSP;0.995
160.25	161.75	FOSP;0.956
173.25	175.50	FOSP;0.994
186.50	188.75	FOSP;0.986
197.25	199.50	FOSP;0.990
210.00	212.00	FOSP;0.990
221.25	223.75	FOSP;0.977
235.00	236.75	FOSP;0.995
252.25	254.25	FOSP;0.968
285.75	287.50	FOSP;0.972
10.00	10.25	GWTE;0.571
31.00	31.25	GWTE;0.649
121.75	122.00	GWTE;0.720
152.00	152.25	GWTE;0.694
243.25	244.00	GWTE;0.775
247.00	247.50	GWTE;0.708
271.50	271.75	HETH;0.524
285.50	285.75	HUVI;0.507
8.50	9.25	LISP;0.897
65.00	65.75	OCWA;0.835
71.75	72.50	OCWA;0.918
87.00	88.25	OCWA;0.805
94.00	94.50	OCWA;0.613
95.00	95.25	OCWA;0.626
107.25	107.75	OCWA;0.582
125.25	127.00	OCWA;0.703
133.50	134.00	OCWA;0.646
134.50	135.00	OCWA;0.624
139.00	139.50	OCWA;0.639
142.25	142.50	OCWA;0.528
150.25	150.75	OCWA;0.603
158.50	159.75	OCWA;0.913
168.25	169.00	OCWA;0.952
184.00	184.25	OCWA;0.606
200.25	200.75	OCWA;0.616
207.00	207.50	OCWA;0.513
214.75	215.50	OCWA;0.736
231.00	232.25	OCWA;0.980
239.25	240.75	OCWA;0.838
247.75	248.00	OCWA;0.514
256.25	258.00	OCWA;0.829
267.25	267.75	OCWA;0.637
276.00	276.50	OCWA;0.782
283.50	285.00	OCWA;0.948
292.25	293.00	OCWA;0.805
299.75	300.00	OCWA;0.544
15.50	16.25	PISI;0.964
17.50	17.75	PISI;0.663
19.75	20.00	PISI;0.501
22.00	22.75	PISI;0.991
23.50	24.00	PISI;0.765
25.25	26.00	PISI;0.864
52.00	52.50	PISI;0.761
57.50	58.00	PISI;0.839
58.75	59.50	PISI;0.907
59.75	61.75	PISI;0.854
266.75	267.00	PISI;0.514
268.75	269.50	PISI;0.983
271.75	272.00	PISI;0.546
274.25	274.75	PISI;0.743
234.25	234.50	RWBL;0.511
12.00	12.25	SOSP;0.721
86.25	86.50	SOSP;0.677
10.50	11.25	SWSP;0.682
30.00	31.00	SWSP;0.618
37.25	38.00	SWSP;0.871
38.50	39.00	SWSP;0.532
50.25	51.25	SWSP;0.783
57.00	57.75	SWSP;0.849
70.25	71.00	SWSP;0.859
77.00	77.75	SWSP;0.742
89.25	90.75	SWSP;0.726
96.00	97.00	SWSP;0.896
103.00	103.50	SWSP;0.746
106.25	107.00	SWSP;0.708
110.00	110.50	SWSP;0.850
113.50	115.00	SWSP;0.654
116.00	117.50	SWSP;0.818
121.50	122.00	SWSP;0.671
123.25	124.00	SWSP;0.755
130.25	131.25	SWSP;0.782
136.25	137.50	SWSP;0.721
138.75	139.75	SWSP;0.582
143.00	143.75	SWSP;0.672
150.00	150.50	SWSP;0.575
153.25	154.25	SWSP;0.964
155.00	156.25	SWSP;0.842
156.50	158.00	SWSP;0.878
163.50	164.75	SWSP;0.945
165.50	167.25	SWSP;0.880
170.00	171.00	SWSP;0.762
171.25	172.25	SWSP;0.814
181.25	181.50	SWSP;0.540
183.25	183.75	SWSP;0.668
190.50	191.75	SWSP;0.889
192.00	192.25	SWSP;0.509
204.25	205.50	SWSP;0.671
212.50	212.75	SWSP;0.531
216.75	218.00	SWSP;0.959
220.00	220.75	SWSP;0.744
237.25	237.75	SWSP;0.568
238.00	238.50	SWSP;0.611
245.25	246.00	SWSP;0.756
249.00	249.25	SWSP;0.531
265.00	265.25	SWSP;0.504
273.00	274.00	SWSP;0.757
36.00	36.50	TEWA;0.616
69.25	69.50	TEWA;0.583
101.25	102.50	TEWA;0.768
135.50	136.00	TEWA;0.715
189.25	190.00	TEWA;0.834
202.75	203.75	TEWA;0.764
228.75	230.00	TEWA;0.663
4.00	4.75	VESP;0.765
54.50	55.00	VESP;0.563
83.00	83.75	VESP;0.775
188.25	188.50	VESP;0.507
199.00	199.50	VESP;0.608
211.25	212.00	VESP;0.648
223.00	224.00	VESP;0.749
253.75	254.00	VESP;0.613
0.00	1.75	WCSP;0.984
18.25	19.00	WCSP;0.954
31.50	32.75	WCSP;0.946
44.00	45.75	WCSP;0.995
54.25	54.75	WCSP;0.667
62.75	63.50	WCSP;0.818
72.25	74.25	WCSP;0.991
108.50	109.25	WCSP;0.929
148.00	149.00	WCSP;0.702
177.75	179.50	WCSP;0.995
192.75	194.75	WCSP;0.994
213.25	214.75	WCSP;0.894
218.50	218.75	WCSP;0.743
223.00	223.50	WCSP;0.668
230.25	231.00	WCSP;0.847
243.75	244.25	WCSP;0.815
262.50	262.75	WCSP;0.779
271.25	272.00	WCSP;0.950
16.75	17.25	WIWA;0.548
80.50	80.75	WWCR;0.508
