172.25	172.75	AMDI;0.644
30.50	30.75	ATSP;0.876
114.25	114.50	ATSP;0.787
124.25	124.75	ATSP;0.777
130.50	130.75	ATSP;0.578
148.25	148.50	ATSP;0.758
98.25	98.75	BCCH;0.875
112.50	112.75	BRCR;0.867
119.25	119.50	BRCR;0.558
127.00	127.50	BRCR;0.678
130.50	130.75	BRCR;0.602
133.00	133.50	BRCR;0.747
143.25	143.50	BRCR;0.933
93.25	93.50	CHSP;0.592
13.25	14.25	FOSP;0.856
82.50	82.75	HEWA;0.587
73.75	74.00	HOLA;0.534
74.25	74.50	HOLA;0.527
23.00	24.25	LISP;0.937
39.75	41.00	LISP;0.724
55.50	56.75	LISP;0.742
72.00	73.00	LISP;0.856
88.25	89.50	LISP;0.884
105.50	106.75	LISP;0.951
121.00	122.25	LISP;0.874
137.75	139.50	LISP;0.955
154.25	155.50	LISP;0.905
172.75	173.50	LISP;0.668
189.25	190.50	LISP;0.914
206.25	207.75	LISP;0.946
242.25	242.50	LISP;0.619
276.75	277.25	LISP;0.634
292.75	293.50	LISP;0.940
153.25	153.75	MOCH;0.673
161.50	161.75	MOCH;0.524
191.50	192.00	MOCH;0.614
201.25	201.75	MOCH;0.776
217.50	217.75	MOCH;0.617
231.75	232.75	MOCH;0.877
288.00	288.50	MOCH;0.526
290.50	290.75	MOCH;0.539
122.25	122.50	NHWR;0.523
73.00	73.50	ROWR;0.589
89.50	89.75	ROWR;0.509
139.00	139.25	ROWR;0.509
0.00	0.50	RWBL;0.671
80.00	80.25	SAPH;0.520
103.75	104.00	SAPH;0.889
3.00	3.25	SNBU;0.649
147.00	147.25	SWSP;0.505
284.25	284.75	SWSP;0.708
66.25	67.00	VATH;0.934
94.75	95.50	VATH;0.798
119.75	120.75	VATH;0.926
162.25	163.00	VATH;0.910
220.00	220.75	VATH;0.924
102.00	102.25	WCSP;0.525
108.00	108.25	WCSP;0.757
145.50	146.25	WCSP;0.818
177.25	178.25	WCSP;0.981
184.00	185.00	WCSP;0.760
127.00	127.25	WEFL;0.704
130.50	130.75	WEFL;0.635
133.00	133.25	WEFL;0.538
136.75	137.00	WEFL;0.567
163.25	163.50	WEFL;0.501
146.75	147.00	WIWA;0.512
9.25	11.75	WTSP;0.985
17.75	20.00	WTSP;0.986
87.25	87.75	WTSP;0.767
95.00	96.50	WTSP;0.938
99.50	102.00	WTSP;0.887
110.75	111.25	WTSP;0.726
114.75	119.50	WTSP;0.992
124.50	124.75	WTSP;0.769
130.50	131.00	WTSP;0.703
132.50	134.75	WTSP;0.989
145.25	146.00	WTSP;0.796
149.25	151.75	WTSP;0.997
153.50	153.75	WTSP;0.697
161.50	161.75	WTSP;0.690
167.25	170.00	WTSP;0.992
184.00	184.75	WTSP;0.777
191.00	192.50	WTSP;0.958
208.75	209.25	WTSP;0.703
238.50	240.00	WTSP;0.938
288.00	288.75	WTSP;0.783
290.00	291.00	WTSP;0.950
298.00	299.00	WTSP;0.877
25.00	25.75	YRWA;0.974
47.75	48.00	YRWA;0.658
69.25	69.50	YRWA;0.573
80.50	81.00	YRWA;0.697
123.50	124.00	YRWA;0.614
250.25	250.75	YRWA;0.630
264.50	265.50	YRWA;0.983
278.25	279.75	YRWA;0.984
