241.25	241.50	AMPI;0.534
5.00	5.50	AMRO;0.636
7.25	7.75	AMRO;0.503
17.00	18.00	AMRO;0.729
28.50	31.50	AMRO;0.796
35.25	35.50	AMRO;0.532
58.00	59.50	AMRO;0.945
72.25	72.75	AMRO;0.559
83.75	86.00	AMRO;0.943
93.00	93.75	AMRO;0.757
99.75	101.00	AMRO;0.918
115.00	116.50	AMRO;0.936
148.00	148.25	AMRO;0.565
152.00	152.25	AMRO;0.512
160.00	160.50	AMRO;0.673
168.00	168.75	AMRO;0.770
176.00	177.50	AMRO;0.952
183.75	184.75	AMRO;0.742
177.25	177.75	BHGR;0.527
216.25	216.75	BTNW;0.563
299.75	300.00	BTNW;0.510
213.75	214.00	CATE;0.500
190.50	190.75	CHSP;0.661
199.75	200.00	CHSP;0.700
210.50	211.00	CHSP;0.725
318.50	319.25	CHSP;0.777
324.50	325.25	CHSP;0.894
342.25	343.75	CHSP;0.929
359.50	361.50	CHSP;0.987
369.00	371.00	CHSP;0.934
387.75	388.50	CHSP;0.774
424.00	425.50	CHSP;0.803
441.75	443.50	CHSP;0.957
480.00	481.00	CHSP;0.928
488.25	490.00	CHSP;0.978
504.25	505.00	CHSP;0.879
506.00	506.50	CHSP;0.741
513.75	515.75	CHSP;0.992
522.50	524.50	CHSP;0.989
531.75	533.75	CHSP;0.956
541.50	542.00	CHSP;0.776
561.00	562.25	CHSP;0.949
588.00	590.00	CHSP;0.968
596.50	599.00	CHSP;0.971
297.00	297.75	CHSW;0.759
397.00	397.50	CHSW;0.679
480.50	480.75	DEJU;0.535
171.50	171.75	DUNL;0.507
491.25	491.50	EAME;0.657
415.00	415.25	EATO;0.561
387.00	387.75	FISP;0.784
8.00	9.50	FOSP;0.858
23.00	25.00	FOSP;0.983
26.50	28.25	FOSP;0.886
38.25	40.25	FOSP;0.976
44.25	45.50	FOSP;0.827
50.75	52.50	FOSP;0.991
60.75	62.50	FOSP;0.986
65.50	66.00	FOSP;0.744
67.75	70.00	FOSP;0.996
77.25	78.50	FOSP;0.880
78.75	80.50	FOSP;0.986
91.00	92.75	FOSP;0.989
94.75	96.00	FOSP;0.907
102.50	104.50	FOSP;0.991
107.75	109.50	FOSP;0.971
110.25	111.00	FOSP;0.892
116.50	118.50	FOSP;0.988
125.25	126.25	FOSP;0.950
129.25	129.50	FOSP;0.661
134.75	136.75	FOSP;0.994
140.00	142.25	FOSP;0.971
149.50	151.25	FOSP;0.910
153.25	155.25	FOSP;0.988
163.50	165.25	FOSP;0.992
177.50	179.50	FOSP;0.939
191.75	193.75	FOSP;0.993
204.50	206.50	FOSP;0.996
213.75	214.75	FOSP;0.881
220.50	222.50	FOSP;0.997
231.50	233.00	FOSP;0.896
234.75	236.75	FOSP;0.990
252.00	253.00	FOSP;0.812
253.50	255.50	FOSP;0.997
267.25	268.75	FOSP;0.962
271.25	273.25	FOSP;0.995
282.50	286.00	FOSP;0.994
293.00	294.75	FOSP;0.994
301.00	302.25	FOSP;0.906
306.00	306.75	FOSP;0.839
315.25	317.25	FOSP;0.994
332.50	334.75	FOSP;0.994
350.00	352.00	FOSP;0.995
366.75	368.75	FOSP;0.993
382.00	383.50	FOSP;0.995
398.00	400.00	FOSP;0.987
414.75	416.50	FOSP;0.919
431.00	433.00	FOSP;0.978
450.00	452.00	FOSP;0.996
471.00	472.75	FOSP;0.961
499.00	500.00	FOSP;0.957
518.00	519.50	FOSP;0.940
533.75	535.00	FOSP;0.926
548.50	550.25	FOSP;0.978
562.75	563.25	FOSP;0.782
578.00	579.50	FOSP;0.983
586.25	588.00	FOSP;0.970
12.50	12.75	GCSP;0.529
25.75	26.50	GCSP;0.701
128.00	129.50	GCSP;0.744
300.25	301.75	GCSP;0.774
563.25	563.75	GCSP;0.635
392.50	393.00	HASP;0.619
545.50	545.75	HASP;0.579
329.25	329.75	HETH;0.813
362.75	363.00	HETH;0.557
567.50	567.75	HOLA;0.569
122.00	122.25	MOCH;0.506
80.50	80.75	OSFL;0.613
183.75	184.00	OSFL;0.582
562.50	563.00	PIGR;0.615
0.00	0.50	ROWR;0.579
491.50	491.75	RWBL;0.536
552.00	552.50	RWBL;0.565
146.50	146.75	SBDO;0.531
317.25	317.50	SPTO;0.531
413.75	414.00	SWSP;0.625
429.50	430.00	SWSP;0.691
458.00	458.75	SWSP;0.626
468.00	468.25	SWSP;0.504
505.00	506.00	SWSP;0.791
546.75	547.50	SWSP;0.624
186.50	186.75	TOSO;0.524
487.50	488.25	VATH;0.881
497.25	497.75	VATH;0.630
552.50	552.75	VATH;0.534
45.25	45.75	VESP;0.729
165.25	165.75	VESP;0.697
201.25	202.00	VESP;0.639
579.25	579.50	VESP;0.556
587.25	588.00	VESP;0.705
566.00	566.50	WATA;0.712
574.75	575.00	WATA;0.608
5.50	7.75	WCSP;0.995
12.50	14.75	WCSP;0.997
20.00	22.00	WCSP;0.997
26.25	27.75	WCSP;0.939
32.75	35.00	WCSP;0.995
41.25	43.75	WCSP;0.995
48.50	50.75	WCSP;0.997
56.25	58.00	WCSP;0.987
62.50	64.25	WCSP;0.996
143.25	144.25	WCSP;0.965
159.50	160.50	WCSP;0.960
165.00	167.50	WCSP;0.808
173.00	174.75	WCSP;0.995
180.75	182.25	WCSP;0.991
188.00	189.25	WCSP;0.992
206.25	206.50	WCSP;0.679
214.50	215.00	WCSP;0.728
222.00	222.25	WCSP;0.675
236.25	236.75	WCSP;0.794
242.25	243.25	WCSP;0.927
275.00	276.00	WCSP;0.844
341.25	341.75	WCSP;0.831
351.50	351.75	WCSP;0.669
355.00	355.50	WCSP;0.769
357.25	358.00	WCSP;0.864
362.75	363.00	WCSP;0.658
375.50	376.25	WCSP;0.832
387.00	387.50	WCSP;0.685
392.50	393.50	WCSP;0.966
399.50	400.00	WCSP;0.736
419.25	421.25	WCSP;0.996
426.25	428.25	WCSP;0.996
433.00	435.00	WCSP;0.996
439.50	441.50	WCSP;0.996
446.25	448.25	WCSP;0.995
451.50	451.75	WCSP;0.665
454.50	456.75	WCSP;0.995
461.75	463.75	WCSP;0.994
469.50	471.75	WCSP;0.996
476.75	479.00	WCSP;0.996
484.00	486.00	WCSP;0.995
493.75	496.00	WCSP;0.996
502.00	504.00	WCSP;0.995
518.75	520.00	WCSP;0.819
550.00	550.75	WCSP;0.876
2.50	3.75	WIWA;0.941
11.25	12.50	WIWA;0.992
19.50	20.00	WIWA;0.837
28.75	30.25	WIWA;0.987
38.75	39.00	WIWA;0.722
47.00	48.75	WIWA;0.991
56.25	57.25	WIWA;0.873
64.25	65.50	WIWA;0.990
73.00	74.50	WIWA;0.994
84.00	85.25	WIWA;0.996
94.25	95.50	WIWA;0.980
103.50	104.25	WIWA;0.880
112.00	113.25	WIWA;0.996
120.50	121.75	WIWA;0.846
210.75	211.25	WIWA;0.853
224.75	225.00	WIWA;0.677
241.00	241.75	WIWA;0.910
251.25	252.25	WIWA;0.972
262.25	263.50	WIWA;0.992
277.00	278.25	WIWA;0.986
287.50	289.25	WIWA;0.995
297.50	299.00	WIWA;0.995
308.50	309.75	WIWA;0.990
321.50	322.50	WIWA;0.961
337.00	338.50	WIWA;0.992
353.00	354.50	WIWA;0.996
364.25	365.75	WIWA;0.995
385.25	385.75	WIWA;0.800
396.00	397.00	WIWA;0.995
405.25	406.75	WIWA;0.994
415.25	416.00	WIWA;0.870
428.25	429.00	WIWA;0.916
437.25	438.00	WIWA;0.848
457.00	458.75	WIWA;0.904
467.75	468.50	WIWA;0.899
486.00	487.50	WIWA;0.891
496.25	497.00	WIWA;0.861
497.75	498.50	WIWA;0.959
507.00	508.00	WIWA;0.991
515.25	517.00	WIWA;0.987
526.75	528.00	WIWA;0.981
536.50	537.25	WIWA;0.972
546.75	547.25	WIWA;0.807
557.25	558.25	WIWA;0.996
570.25	570.75	WIWA;0.699
581.25	582.50	WIWA;0.925
592.00	592.75	WIWA;0.924
0.75	3.00	WTSP;0.990
3.50	4.00	WTSP;0.836
20.00	20.25	WTSP;0.699
41.50	41.75	WTSP;0.697
54.75	56.50	WTSP;0.868
71.00	72.75	WTSP;0.974
80.00	84.00	WTSP;0.992
87.50	90.75	WTSP;0.994
96.00	98.75	WTSP;0.992
104.50	107.50	WTSP;0.992
120.50	120.75	WTSP;0.669
121.00	121.25	WTSP;0.688
121.50	122.75	WTSP;0.886
127.75	131.25	WTSP;0.991
136.50	140.00	WTSP;0.993
145.50	149.75	WTSP;0.994
166.25	166.75	WTSP;0.752
167.25	170.75	WTSP;0.993
180.50	181.25	WTSP;0.858
188.00	188.25	WTSP;0.691
216.00	219.75	WTSP;0.988
225.25	228.50	WTSP;0.991
236.50	239.75	WTSP;0.992
247.00	251.25	WTSP;0.996
255.25	259.00	WTSP;0.992
263.75	267.00	WTSP;0.996
273.00	275.50	WTSP;0.989
279.75	282.50	WTSP;0.992
295.00	295.25	WTSP;0.687
299.50	300.75	WTSP;0.885
302.00	303.25	WTSP;0.991
335.00	335.75	WTSP;0.842
357.50	358.00	WTSP;0.769
375.75	376.25	WTSP;0.721
400.00	400.50	WTSP;0.676
402.00	405.50	WTSP;0.991
410.00	413.75	WTSP;0.991
418.00	419.50	WTSP;0.937
426.50	426.75	WTSP;0.706
428.75	429.25	WTSP;0.747
436.75	437.75	WTSP;0.835
438.00	440.00	WTSP;0.885
446.25	446.75	WTSP;0.685
466.00	467.75	WTSP;0.951
469.50	470.00	WTSP;0.678
479.00	480.25	WTSP;0.988
500.25	502.25	WTSP;0.980
509.00	513.50	WTSP;0.994
519.25	522.00	WTSP;0.986
524.50	527.50	WTSP;0.991
530.50	533.00	WTSP;0.991
534.75	536.75	WTSP;0.989
537.25	538.25	WTSP;0.844
541.25	547.00	WTSP;0.994
547.25	547.75	WTSP;0.682
554.25	556.00	WTSP;0.983
558.25	561.25	WTSP;0.993
563.25	566.50	WTSP;0.985
568.25	571.25	WTSP;0.993
571.75	575.25	WTSP;0.985
580.50	581.50	WTSP;0.932
581.75	583.75	WTSP;0.989
589.75	592.25	WTSP;0.987
592.50	595.75	WTSP;0.994
10.25	10.50	WWCR;0.553
