126.50	127.00	AMGP;0.621
8.50	8.75	AMRO;0.511
19.00	20.75	AMRO;0.856
21.50	24.00	AMRO;0.797
35.25	35.50	AMRO;0.544
46.00	46.75	AMRO;0.832
51.00	52.00	AMRO;0.907
52.50	53.25	AMRO;0.690
57.00	58.75	AMRO;0.895
61.75	63.50	AMRO;0.636
68.00	69.00	AMRO;0.793
75.75	77.75	AMRO;0.948
83.00	84.75	AMRO;0.948
88.50	89.25	AMRO;0.765
94.00	95.25	AMRO;0.976
99.50	101.00	AMRO;0.827
110.25	111.75	AMRO;0.733
117.50	119.50	AMRO;0.986
125.25	126.50	AMRO;0.764
131.50	133.00	AMRO;0.801
133.25	134.50	AMRO;0.760
141.00	141.50	AMRO;0.700
149.00	149.50	AMRO;0.709
155.50	157.00	AMRO;0.969
245.00	245.50	AMRO;0.539
254.50	255.75	AMRO;0.768
258.75	260.75	AMRO;0.968
265.50	267.00	AMRO;0.855
273.25	274.00	AMRO;0.648
211.50	212.75	CCSP;0.976
6.00	8.75	CHSP;0.993
16.00	19.00	CHSP;0.992
35.25	38.25	CHSP;0.993
47.25	50.25	CHSP;0.993
55.00	56.25	CHSP;0.944
77.25	80.25	CHSP;0.992
102.00	105.25	CHSP;0.990
128.25	131.50	CHSP;0.989
144.00	146.50	CHSP;0.994
160.00	162.75	CHSP;0.984
190.00	192.00	CHSP;0.990
207.25	208.00	CHSP;0.865
228.00	229.75	CHSP;0.938
252.75	254.75	CHSP;0.932
279.25	280.75	CHSP;0.952
289.25	289.75	CHSP;0.860
290.00	291.00	CHSP;0.957
169.75	172.00	FOSP;0.991
0.00	3.25	LISP;0.994
5.00	6.00	LISP;0.959
13.25	16.00	LISP;0.993
23.00	23.50	LISP;0.724
29.50	31.75	LISP;0.968
33.50	34.75	LISP;0.875
44.75	47.00	LISP;0.994
52.00	53.00	LISP;0.877
60.25	62.25	LISP;0.994
74.50	76.25	LISP;0.971
89.50	92.00	LISP;0.993
105.25	107.75	LISP;0.993
123.00	125.25	LISP;0.982
140.00	140.75	LISP;0.820
157.00	158.00	LISP;0.941
188.75	190.00	LISP;0.952
206.00	207.00	LISP;0.989
220.25	221.75	LISP;0.983
235.00	236.25	LISP;0.992
249.75	250.75	LISP;0.979
252.00	252.50	LISP;0.736
207.25	207.50	MAWR;0.501
9.25	10.00	PISI;0.964
85.50	86.75	PISI;0.991
107.50	108.00	PISI;0.714
135.25	135.75	PISI;0.962
137.25	139.75	PISI;0.992
141.25	144.25	PISI;0.992
144.50	145.75	PISI;0.985
146.00	153.25	PISI;0.997
154.75	155.50	PISI;0.994
158.25	160.00	PISI;0.976
160.25	161.75	PISI;0.934
162.50	164.00	PISI;0.994
165.00	165.75	PISI;0.976
223.75	224.25	PISI;0.800
225.50	227.75	PISI;0.994
229.75	230.00	PISI;0.815
232.25	233.00	PISI;0.998
283.75	284.00	PISI;0.737
285.00	290.25	PISI;0.997
290.75	293.50	PISI;0.998
293.75	296.25	PISI;0.997
298.50	299.25	PISI;0.995
1.50	1.75	PUFI;0.589
31.00	31.25	PUFI;0.521
275.75	276.00	PUSA;0.563
163.75	164.00	PYNU;0.655
25.75	26.00	RBGR;0.511
94.25	94.50	RBGR;0.543
206.00	206.25	ROWR;0.548
220.25	221.00	ROWR;0.711
292.25	292.75	ROWR;0.522
177.25	177.75	RUTU;0.559
74.50	74.75	TOSO;0.529
172.00	173.75	WTSP;0.862
12.00	12.25	YRWA;0.547
13.75	14.00	YRWA;0.553
