7.50	8.25	AGOL;0.724
25.25	25.75	AGOL;0.708
67.75	68.25	AGOL;0.584
80.25	80.75	AGOL;0.667
85.25	85.50	AGOL;0.586
169.25	169.50	AMDI;0.522
296.25	296.50	AMPI;0.508
252.00	252.25	AMWO;0.550
35.25	35.50	ATSP;0.607
130.00	130.50	ATSP;0.898
131.50	132.00	ATSP;0.785
139.25	139.75	ATSP;0.855
187.25	187.75	BANS;0.682
277.75	278.00	BBPL;0.553
268.50	269.00	BLSW;0.648
111.25	112.00	BRSP;0.663
106.75	107.00	CAFI;0.599
1.50	4.00	CHSP;0.996
11.25	13.50	CHSP;0.992
21.75	24.50	CHSP;0.975
33.25	34.50	CHSP;0.750
36.00	38.50	CHSP;0.997
48.00	50.75	CHSP;0.995
60.25	63.00	CHSP;0.996
71.50	74.00	CHSP;0.997
85.50	88.00	CHSP;0.996
98.00	101.00	CHSP;0.995
111.75	114.75	CHSP;0.995
118.25	121.00	CHSP;0.996
186.00	186.50	CHSP;0.706
231.50	232.00	CHSP;0.771
273.00	274.50	CHSP;0.872
287.25	287.75	CHSP;0.766
291.50	292.00	CHSP;0.695
292.50	293.00	CHSP;0.686
82.50	82.75	EVGR;0.700
97.00	97.75	HETH;0.708
58.00	59.00	HOSP;0.880
19.00	19.75	LAZB;0.674
127.50	128.25	LAZB;0.625
151.25	151.50	LEOW;0.613
198.50	199.00	LISP;0.636
262.50	263.00	LISP;0.599
176.50	177.50	MOCH;0.711
188.25	188.75	MOCH;0.629
229.25	229.75	NAWA;0.745
17.25	17.50	NOFL;0.662
252.00	252.25	OCWA;0.545
262.50	263.00	OCWA;0.638
7.00	8.75	PISI;0.913
10.25	11.50	PISI;0.869
15.50	16.25	PISI;0.840
17.75	19.00	PISI;0.997
20.00	21.75	PISI;0.984
24.25	25.75	PISI;0.895
28.75	30.00	PISI;0.838
30.25	33.00	PISI;0.996
34.50	35.50	PISI;0.769
39.00	39.50	PISI;0.741
41.00	44.00	PISI;0.996
44.50	46.75	PISI;0.996
52.00	53.75	PISI;0.994
55.75	57.00	PISI;0.963
63.00	63.50	PISI;0.714
64.75	68.00	PISI;0.984
68.75	69.00	PISI;0.686
71.00	71.75	PISI;0.986
74.50	74.75	PISI;0.681
76.00	76.50	PISI;0.743
76.75	80.25	PISI;0.995
80.75	85.25	PISI;0.997
89.50	91.00	PISI;0.943
92.50	93.50	PISI;0.974
93.75	96.00	PISI;0.992
100.75	104.75	PISI;0.991
107.00	108.00	PISI;0.992
108.25	108.75	PISI;0.716
124.25	125.00	PISI;0.854
125.75	127.00	PISI;0.891
133.00	134.25	PISI;0.948
134.75	135.50	PISI;0.889
140.25	141.25	PISI;0.967
144.50	145.00	PISI;0.811
182.25	183.25	PISI;0.993
187.25	187.75	PISI;0.895
190.00	190.75	PISI;0.992
196.00	196.50	PISI;0.753
205.25	207.50	PISI;0.996
209.00	211.00	PISI;0.949
211.75	212.50	PISI;0.910
213.25	214.00	PISI;0.958
216.50	222.00	PISI;0.994
226.25	229.25	PISI;0.989
232.75	234.50	PISI;0.991
235.25	237.25	PISI;0.979
238.75	241.25	PISI;0.971
244.00	245.00	PISI;0.992
246.25	247.00	PISI;0.834
253.75	257.50	PISI;0.999
258.25	258.50	PISI;0.707
265.25	266.00	PISI;0.975
272.00	272.75	PISI;0.974
274.50	276.00	PISI;0.956
276.25	277.00	PISI;0.885
277.25	277.50	PISI;0.673
283.00	286.25	PISI;0.991
286.75	287.00	PISI;0.705
289.25	289.75	PISI;0.846
292.25	292.50	PISI;0.691
295.00	296.25	PISI;0.994
139.50	140.00	RECR;0.749
25.25	25.75	REDP;0.693
43.25	44.00	REDP;0.647
44.25	44.75	REDP;0.586
67.75	68.25	REDP;0.710
126.50	127.00	REDP;0.676
128.25	128.50	REDP;0.603
277.50	278.00	SAPH;0.732
293.25	293.50	SAPH;0.696
293.25	293.50	SNBU;0.726
28.25	28.50	SOSA;0.515
6.00	6.75	SWSP;0.861
12.50	14.00	SWSP;0.961
33.25	33.75	SWSP;0.718
40.25	41.00	SWSP;0.927
46.75	48.50	SWSP;0.978
53.75	54.75	SWSP;0.977
55.00	55.50	SWSP;0.717
69.25	70.75	SWSP;0.813
76.50	76.75	SWSP;0.699
91.00	92.50	SWSP;0.886
98.00	98.50	SWSP;0.816
105.00	106.75	SWSP;0.911
114.00	115.00	SWSP;0.829
120.50	121.25	SWSP;0.844
128.50	129.50	SWSP;0.844
135.75	136.75	SWSP;0.946
141.50	142.75	SWSP;0.980
149.00	150.75	SWSP;0.994
156.50	158.00	SWSP;0.885
163.50	165.00	SWSP;0.973
169.75	172.00	SWSP;0.993
177.50	178.50	SWSP;0.869
178.75	179.75	SWSP;0.979
185.00	186.75	SWSP;0.885
192.50	194.25	SWSP;0.908
200.00	202.00	SWSP;0.988
207.50	209.25	SWSP;0.980
214.75	216.75	SWSP;0.989
222.00	223.75	SWSP;0.865
234.25	235.00	SWSP;0.944
243.00	244.00	SWSP;0.836
261.00	262.00	SWSP;0.975
268.25	269.00	SWSP;0.787
274.00	274.50	SWSP;0.702
287.50	288.75	SWSP;0.968
299.00	300.00	SWSP;0.976
33.50	34.50	TEWA;0.652
106.25	106.50	TEWA;0.550
114.50	114.75	TEWA;0.521
121.00	121.50	TEWA;0.650
155.50	156.75	TEWA;0.818
193.50	194.00	TEWA;0.664
243.25	243.50	TEWA;0.502
4.50	5.00	VESP;0.510
3.75	5.50	WCSP;0.929
16.25	16.75	WCSP;0.715
26.50	27.75	WCSP;0.904
38.50	40.00	WCSP;0.950
51.25	52.00	WCSP;0.940
74.25	76.00	WCSP;0.872
97.00	97.50	WCSP;0.649
130.50	131.50	WCSP;0.960
166.00	166.50	WCSP;0.572
224.25	225.75	WCSP;0.935
238.25	238.50	WCSP;0.537
247.75	249.75	WCSP;0.977
266.50	267.50	WCSP;0.720
278.25	279.75	WCSP;0.934
178.50	178.75	WEWP;0.699
274.25	274.50	WIWA;0.519
3.75	4.25	WTSP;0.714
26.50	27.00	WTSP;0.762
38.50	39.00	WTSP;0.798
51.00	51.50	WTSP;0.740
74.00	74.75	WTSP;0.810
110.00	110.50	WTSP;0.724
121.25	123.25	WTSP;0.988
142.50	143.50	WTSP;0.959
153.25	153.75	WTSP;0.754
164.75	166.00	WTSP;0.972
176.50	177.75	WTSP;0.946
188.25	188.75	WTSP;0.723
237.75	238.75	WTSP;0.950
242.00	243.25	WTSP;0.909
259.00	261.00	WTSP;0.993
266.00	267.00	WTSP;0.933
270.50	273.00	WTSP;0.980
279.75	282.25	WTSP;0.995
298.50	299.25	WTSP;0.842
159.75	161.25	YRWA;0.991
