292.00	292.25	AMRO;0.504
297.00	298.25	AMRO;0.936
298.50	299.75	AMRO;0.614
292.25	292.50	BAOR;0.519
236.50	236.75	BRSP;0.544
255.25	255.50	CAFI;0.528
29.25	29.75	CHSP;0.604
146.00	146.25	CHSP;0.527
179.75	180.25	CHSP;0.552
243.75	244.25	CHSP;0.537
258.25	259.25	CHSP;0.746
266.50	266.75	CHSP;0.500
255.50	256.00	DEJU;0.606
283.25	284.00	DEJU;0.731
195.25	195.75	FISP;0.620
237.50	237.75	FISP;0.544
275.50	275.75	FISP;0.531
1.50	3.75	FOSP;0.991
20.25	22.50	FOSP;0.994
35.50	35.75	FOSP;0.698
36.00	37.50	FOSP;0.950
45.50	47.00	FOSP;0.872
51.00	53.00	FOSP;0.984
65.50	68.00	FOSP;0.995
82.25	84.75	FOSP;0.994
90.00	91.25	FOSP;0.940
99.75	102.50	FOSP;0.996
112.00	113.75	FOSP;0.968
116.00	118.00	FOSP;0.968
139.75	141.75	FOSP;0.954
152.75	155.25	FOSP;0.996
166.00	168.75	FOSP;0.994
186.75	188.75	FOSP;0.978
193.25	194.00	FOSP;0.758
202.25	204.50	FOSP;0.991
216.50	218.50	FOSP;0.996
230.75	234.25	FOSP;0.994
238.00	238.75	FOSP;0.858
248.25	250.75	FOSP;0.980
262.25	263.75	FOSP;0.958
275.75	277.00	FOSP;0.937
65.25	65.75	GCSP;0.649
165.75	166.25	GCSP;0.628
156.00	156.75	LASP;0.624
12.25	13.50	LISP;0.897
26.50	26.75	LISP;0.527
38.75	39.75	LISP;0.923
53.00	53.50	LISP;0.543
110.25	110.75	LISP;0.657
156.50	156.75	LISP;0.607
170.25	171.75	LISP;0.930
186.25	186.50	LISP;0.552
200.00	200.75	LISP;0.850
213.50	214.50	LISP;0.948
228.00	229.25	LISP;0.958
242.00	243.00	LISP;0.848
268.00	269.50	LISP;0.966
36.00	36.25	MAMU;0.567
165.25	165.75	MOCH;0.627
181.50	182.25	MOCH;0.661
205.25	206.50	MOCH;0.775
255.75	256.00	OCWA;0.692
249.00	249.25	OSFL;0.541
299.50	300.00	RBGR;0.532
127.50	128.00	RUBL;0.507
5.25	5.75	SEOW;0.751
50.50	50.75	SEOW;0.512
91.50	91.75	SEOW;0.582
120.25	120.50	SEOW;0.558
133.25	133.50	SEOW;0.510
139.25	139.50	SEOW;0.513
189.00	189.50	SEOW;0.695
258.50	259.25	SEOW;0.583
275.00	275.25	SEOW;0.513
230.50	230.75	SOSP;0.509
58.00	58.25	WATA;0.501
3.00	3.25	WCSP;0.663
10.25	12.50	WCSP;0.981
16.00	17.75	WCSP;0.994
25.00	26.50	WCSP;0.986
30.00	32.00	WCSP;0.995
35.50	37.50	WCSP;0.981
41.00	41.50	WCSP;0.947
42.50	44.75	WCSP;0.994
48.25	50.00	WCSP;0.972
52.50	53.00	WCSP;0.700
55.00	57.00	WCSP;0.995
61.25	63.25	WCSP;0.994
67.00	67.25	WCSP;0.705
72.25	72.50	WCSP;0.765
74.00	75.75	WCSP;0.998
80.75	82.50	WCSP;0.970
84.00	84.50	WCSP;0.665
88.75	89.25	WCSP;0.732
95.25	97.00	WCSP;0.980
102.50	103.25	WCSP;0.756
109.25	109.50	WCSP;0.674
117.00	117.75	WCSP;0.777
118.75	119.00	WCSP;0.780
123.75	125.00	WCSP;0.991
130.75	131.00	WCSP;0.753
137.00	137.75	WCSP;0.773
141.25	141.50	WCSP;0.693
143.75	144.75	WCSP;0.923
150.25	151.25	WCSP;0.888
159.00	160.25	WCSP;0.995
163.50	164.00	WCSP;0.744
187.25	187.75	WCSP;0.706
188.00	188.25	WCSP;0.670
203.50	203.75	WCSP;0.724
211.75	213.50	WCSP;0.995
218.00	220.00	WCSP;0.987
220.25	221.25	WCSP;0.923
234.25	236.00	WCSP;0.985
238.00	239.00	WCSP;0.927
240.25	242.00	WCSP;0.994
271.00	271.50	WCSP;0.682
295.00	295.50	WCSP;0.734
0.00	1.00	WTSP;0.928
7.75	11.00	WTSP;0.994
15.75	16.25	WTSP;0.809
17.75	20.25	WTSP;0.994
24.50	25.25	WTSP;0.717
27.25	29.50	WTSP;0.996
30.00	30.50	WTSP;0.740
37.50	38.75	WTSP;0.988
42.50	43.00	WTSP;0.669
47.00	48.75	WTSP;0.973
54.25	55.75	WTSP;0.877
56.50	58.50	WTSP;0.965
61.00	62.00	WTSP;0.802
63.50	65.50	WTSP;0.905
74.00	74.50	WTSP;0.691
75.25	76.75	WTSP;0.850
85.50	89.00	WTSP;0.995
93.25	94.00	WTSP;0.877
95.00	95.75	WTSP;0.779
103.00	107.75	WTSP;0.996
108.50	109.75	WTSP;0.963
113.75	115.75	WTSP;0.985
119.00	120.00	WTSP;0.879
120.75	124.00	WTSP;0.968
124.75	125.25	WTSP;0.709
127.50	128.50	WTSP;0.791
131.00	131.75	WTSP;0.747
132.25	136.00	WTSP;0.991
136.50	137.75	WTSP;0.857
142.50	147.00	WTSP;0.988
149.25	151.00	WTSP;0.895
155.50	156.00	WTSP;0.752
157.00	159.25	WTSP;0.995
161.50	164.00	WTSP;0.978
171.75	173.50	WTSP;0.979
175.25	177.00	WTSP;0.949
180.75	182.25	WTSP;0.796
183.00	185.50	WTSP;0.990
190.00	192.25	WTSP;0.994
193.75	196.50	WTSP;0.991
198.00	198.25	WTSP;0.670
201.00	202.00	WTSP;0.928
205.50	208.25	WTSP;0.984
211.25	212.50	WTSP;0.816
214.75	216.75	WTSP;0.947
220.50	221.25	WTSP;0.761
223.00	227.50	WTSP;0.992
237.00	237.75	WTSP;0.897
245.00	247.75	WTSP;0.980
256.50	258.00	WTSP;0.992
259.00	262.00	WTSP;0.990
270.25	272.25	WTSP;0.883
279.75	281.75	WTSP;0.994
290.00	291.00	WTSP;0.949
161.00	161.50	WWCR;0.601
