140.25	140.75	AMPI;0.789
152.25	152.75	AMPI;0.525
154.50	155.50	AMPI;0.667
0.25	1.50	AMRO;0.814
374.00	375.00	AMRO;0.674
375.25	376.75	AMRO;0.702
379.25	380.00	AMRO;0.778
385.00	385.50	AMRO;0.593
387.00	388.25	AMRO;0.846
392.50	392.75	AMRO;0.555
61.25	61.50	ATSP;0.548
327.50	328.00	BLSW;0.610
419.25	419.50	BRSP;0.784
45.50	45.75	CATE;0.834
27.00	28.00	CHSP;0.905
33.50	34.00	CHSP;0.930
41.75	44.25	CHSP;0.991
48.50	50.50	CHSP;0.991
56.25	59.00	CHSP;0.995
63.25	65.75	CHSP;0.993
72.00	73.75	CHSP;0.978
75.50	75.75	CHSP;0.670
78.50	81.25	CHSP;0.992
153.50	153.75	CHSP;0.703
162.25	162.75	CHSP;0.912
354.00	354.75	CHSP;0.710
361.25	362.25	CHSP;0.755
370.75	372.75	CHSP;0.976
377.00	377.75	CHSP;0.731
380.50	380.75	CHSP;0.732
381.50	382.25	CHSP;0.776
388.00	388.75	CHSP;0.960
404.75	405.00	CHSP;0.673
410.25	413.00	CHSP;0.991
427.50	429.00	CHSP;0.990
435.00	435.75	CHSP;0.965
436.25	437.00	CHSP;0.846
442.50	444.50	CHSP;0.994
450.00	452.50	CHSP;0.993
458.75	461.00	CHSP;0.994
468.75	469.25	CHSP;0.723
475.25	476.00	CHSP;0.960
490.50	492.00	CHSP;0.971
529.25	530.50	CHSP;0.908
537.25	539.75	CHSP;0.977
556.50	559.00	CHSP;0.995
576.00	578.00	CHSP;0.986
592.00	594.25	CHSP;0.995
320.50	320.75	CHSW;0.572
381.75	382.25	DEJU;0.586
569.50	570.00	EAME;0.734
465.25	465.75	EVGR;0.844
222.25	223.00	FISP;0.834
423.25	423.50	FISP;0.592
566.00	566.75	FISP;0.775
5.50	7.00	FOSP;0.896
17.00	18.50	FOSP;0.991
30.25	30.75	FOSP;0.753
39.25	39.50	FOSP;0.708
86.25	88.75	FOSP;0.995
102.25	104.25	FOSP;0.993
114.50	117.25	FOSP;0.998
129.50	131.75	FOSP;0.996
144.25	147.00	FOSP;0.986
159.00	162.50	FOSP;0.997
164.00	164.50	FOSP;0.738
169.00	170.50	FOSP;0.960
172.25	175.00	FOSP;0.996
183.50	183.75	FOSP;0.691
187.25	190.00	FOSP;0.995
229.75	232.00	FOSP;0.997
243.75	244.75	FOSP;0.910
247.50	250.25	FOSP;0.996
259.25	260.00	FOSP;0.800
271.00	272.25	FOSP;0.968
304.75	305.50	FOSP;0.823
311.50	312.25	FOSP;0.802
478.75	479.25	FOSP;0.713
492.00	493.25	FOSP;0.992
534.50	535.50	FOSP;0.841
16.50	17.00	GCSP;0.592
85.75	86.75	GCSP;0.844
101.25	102.50	GCSP;0.680
588.50	589.00	GCSP;0.611
282.50	282.75	HOLA;0.833
266.50	266.75	LOWA;0.845
274.00	274.25	LOWA;0.525
266.50	266.75	MGWA;0.759
454.00	454.25	MGWA;0.520
10.00	10.50	MOCH;0.581
279.50	280.25	MOCH;0.824
414.25	414.50	MOCH;0.599
455.25	455.50	MOCH;0.528
524.25	524.50	MOCH;0.521
5.25	5.75	PIGR;0.636
12.75	13.75	PISI;0.783
138.25	139.00	PISI;0.957
175.75	176.00	PISI;0.699
184.25	185.00	PISI;0.864
210.75	212.25	PISI;0.964
220.25	222.00	PISI;0.937
233.50	236.25	PISI;0.982
340.50	341.25	PISI;0.961
350.50	351.00	PISI;0.785
383.00	383.50	PISI;0.685
386.50	387.00	PISI;0.749
389.00	389.50	PISI;0.817
393.00	393.50	PISI;0.699
394.00	395.75	PISI;0.987
396.00	396.75	PISI;0.841
397.00	398.00	PISI;0.983
398.25	401.50	PISI;0.988
402.25	403.00	PISI;0.990
404.00	404.75	PISI;0.968
405.25	410.00	PISI;0.996
414.00	414.25	PISI;0.674
415.75	416.50	PISI;0.963
477.00	477.50	PISI;0.790
501.00	502.00	PISI;0.991
503.25	504.00	PISI;0.884
504.50	505.75	PISI;0.974
509.25	510.00	PISI;0.849
596.75	597.75	PISI;0.983
0.25	1.00	RBGR;0.617
375.75	376.00	RBGR;0.519
387.25	387.75	RBGR;0.710
16.75	17.00	SAPH;0.593
29.00	29.25	SAPH;0.581
75.00	75.25	SAPH;0.523
270.75	271.00	SAPH;0.899
598.50	598.75	SAPH;0.760
1.75	2.00	SNBU;0.547
94.75	95.00	SNBU;0.797
226.75	227.00	SNBU;0.508
420.25	420.75	SOSP;0.669
20.50	21.00	SWSP;0.695
34.50	35.25	SWSP;0.826
55.50	56.00	SWSP;0.669
61.25	62.25	SWSP;0.848
83.25	84.00	SWSP;0.774
97.50	98.75	SWSP;0.961
120.75	122.25	SWSP;0.935
136.25	137.50	SWSP;0.939
153.25	153.75	SWSP;0.639
216.25	216.75	SWSP;0.673
286.00	287.00	SWSP;0.947
295.00	295.50	SWSP;0.652
328.50	330.00	SWSP;0.979
344.50	344.75	SWSP;0.573
354.25	354.75	SWSP;0.660
377.25	378.25	SWSP;0.805
385.50	386.50	SWSP;0.878
496.25	496.75	SWSP;0.734
514.50	515.00	SWSP;0.581
523.00	524.00	SWSP;0.945
542.25	543.00	SWSP;0.847
552.00	553.00	SWSP;0.964
571.75	573.00	SWSP;0.897
544.50	545.00	TOSO;0.763
50.50	50.75	VATH;0.596
363.75	364.00	VATH;0.533
461.25	462.25	VATH;0.989
597.50	598.00	VATH;0.560
6.50	7.00	VESP;0.694
304.75	305.50	VESP;0.838
13.50	14.00	VGSW;0.608
413.00	413.50	WATA;0.538
227.25	227.50	WAVI;0.537
6.50	6.75	WCSP;0.701
9.75	10.00	WCSP;0.769
22.50	23.25	WCSP;0.904
39.00	40.50	WCSP;0.988
50.75	51.75	WCSP;0.749
58.50	60.25	WCSP;0.981
112.75	113.75	WCSP;0.971
126.50	127.50	WCSP;0.846
131.00	131.25	WCSP;0.681
139.25	139.50	WCSP;0.676
147.75	148.00	WCSP;0.697
151.50	152.50	WCSP;0.889
191.75	192.25	WCSP;0.697
192.75	194.50	WCSP;0.993
206.75	207.00	WCSP;0.801
208.25	209.75	WCSP;0.976
223.25	225.00	WCSP;0.993
236.50	237.00	WCSP;0.709
244.25	245.00	WCSP;0.850
251.50	252.25	WCSP;0.849
262.25	263.50	WCSP;0.976
272.00	272.50	WCSP;0.724
275.50	277.25	WCSP;0.997
288.50	289.75	WCSP;0.960
300.25	301.50	WCSP;0.984
301.75	303.50	WCSP;0.998
311.75	312.25	WCSP;0.759
313.50	315.00	WCSP;0.989
324.75	326.00	WCSP;0.959
335.75	337.00	WCSP;0.989
339.00	339.25	WCSP;0.660
345.25	347.00	WCSP;0.996
355.00	356.75	WCSP;0.993
367.00	368.00	WCSP;0.980
372.75	373.00	WCSP;0.675
391.00	392.75	WCSP;0.996
396.75	397.25	WCSP;0.803
403.00	404.00	WCSP;0.993
419.00	420.50	WCSP;0.977
422.75	423.25	WCSP;0.686
423.75	424.00	WCSP;0.797
425.25	425.50	WCSP;0.741
431.25	432.75	WCSP;0.976
439.25	440.00	WCSP;0.870
453.00	453.25	WCSP;0.706
457.50	458.25	WCSP;0.856
466.50	467.00	WCSP;0.755
476.50	477.25	WCSP;0.808
480.75	481.75	WCSP;0.925
497.50	498.00	WCSP;0.803
503.00	503.25	WCSP;0.688
508.50	509.00	WCSP;0.841
510.50	511.50	WCSP;0.813
527.75	528.00	WCSP;0.699
535.00	535.75	WCSP;0.795
536.25	536.75	WCSP;0.728
548.50	549.50	WCSP;0.925
561.50	562.50	WCSP;0.958
570.00	570.25	WCSP;0.695
323.50	323.75	WEFL;0.613
321.25	321.50	WEME;0.532
514.50	515.25	WIWA;0.773
571.75	572.25	WIWA;0.582
9.50	10.50	WTSP;0.933
14.25	17.00	WTSP;0.995
22.50	23.50	WTSP;0.900
29.50	32.00	WTSP;0.986
44.25	45.00	WTSP;0.797
50.25	52.75	WTSP;0.968
58.50	59.25	WTSP;0.738
69.00	72.25	WTSP;0.992
84.00	86.25	WTSP;0.984
91.75	92.25	WTSP;0.723
99.00	102.00	WTSP;0.980
117.50	120.75	WTSP;0.995
133.50	136.25	WTSP;0.995
147.50	150.75	WTSP;0.989
151.50	152.25	WTSP;0.867
164.25	167.50	WTSP;0.996
179.00	181.50	WTSP;0.993
193.00	193.50	WTSP;0.804
197.50	200.00	WTSP;0.996
206.50	206.75	WTSP;0.683
208.00	208.50	WTSP;0.725
212.25	215.50	WTSP;0.996
223.50	223.75	WTSP;0.663
236.25	239.50	WTSP;0.991
251.00	251.75	WTSP;0.810
253.00	256.25	WTSP;0.996
257.25	258.25	WTSP;0.883
313.25	314.00	WTSP;0.829
324.25	324.75	WTSP;0.677
330.25	330.75	WTSP;0.773
345.25	345.75	WTSP;0.713
349.50	349.75	WTSP;0.688
355.00	355.50	WTSP;0.696
363.50	367.25	WTSP;0.980
373.00	373.25	WTSP;0.660
388.75	389.00	WTSP;0.748
389.25	391.00	WTSP;0.950
407.25	407.50	WTSP;0.707
413.00	415.00	WTSP;0.978
419.00	419.50	WTSP;0.758
422.75	423.50	WTSP;0.870
425.75	427.50	WTSP;0.995
435.25	437.25	WTSP;0.946
439.25	439.75	WTSP;0.671
444.50	449.25	WTSP;0.994
449.50	449.75	WTSP;0.665
454.25	456.00	WTSP;0.947
474.25	475.25	WTSP;0.934
476.00	477.00	WTSP;0.922
477.50	477.75	WTSP;0.709
486.50	488.50	WTSP;0.904
497.50	501.00	WTSP;0.996
502.75	503.25	WTSP;0.798
504.25	504.50	WTSP;0.672
516.50	517.25	WTSP;0.872
518.00	518.75	WTSP;0.818
519.50	522.00	WTSP;0.995
523.75	524.50	WTSP;0.757
548.25	548.75	WTSP;0.787
561.75	562.50	WTSP;0.816
563.50	566.50	WTSP;0.992
573.25	575.75	WTSP;0.921
579.25	579.75	WTSP;0.712
582.75	583.50	WTSP;0.988
587.25	589.50	WTSP;0.919
177.75	178.25	YRWA;0.675
242.00	242.75	YRWA;0.751
264.75	265.25	YRWA;0.800
268.25	268.75	YRWA;0.867
275.75	276.00	YRWA;0.508
280.25	281.00	YRWA;0.954
287.50	288.50	YRWA;0.852
291.25	291.75	YRWA;0.960
440.00	441.00	YRWA;0.943
453.25	454.25	YRWA;0.982
466.75	468.25	YRWA;0.992
512.00	512.25	YRWA;0.517
540.75	541.75	YRWA;0.896
559.25	560.00	YRWA;0.953
