3.25	3.50	AMGP;0.512
16.25	16.50	AMGP;0.798
85.25	85.50	AMGP;0.571
117.50	117.75	AMGP;0.547
139.25	139.50	AMGP;0.549
140.00	140.50	AMGP;0.733
166.50	166.75	AMGP;0.570
195.25	195.75	AMGP;0.770
202.25	202.75	AMGP;0.518
240.50	240.75	AMGP;0.668
246.50	246.75	AMGP;0.619
252.50	252.75	AMGP;0.639
64.25	64.50	AMRO;0.523
204.25	205.00	AMRO;0.681
222.25	222.50	AMRO;0.517
122.75	123.25	ATSP;0.729
136.50	136.75	ATSP;0.506
138.75	139.00	ATSP;0.532
124.00	124.50	BLOY;0.701
231.00	231.75	BLOY;0.832
260.00	260.50	BLOY;0.803
104.00	104.25	BRSP;0.568
88.00	88.75	CHSP;0.986
90.75	91.00	CHSP;0.951
98.25	98.75	CHSP;0.921
105.50	110.00	CHSP;0.988
141.50	141.75	CHSP;0.883
52.00	53.00	DUNL;0.787
61.50	61.75	DUNL;0.529
124.50	124.75	DUNL;0.524
205.00	205.50	DUNL;0.717
228.00	228.50	EAME;0.592
149.75	151.50	FOSP;0.987
242.75	243.75	FOSP;0.902
263.50	264.50	FOSP;0.766
247.50	247.75	HASP;0.520
164.75	166.00	LISP;0.952
5.25	5.50	MAMU;0.559
167.50	167.75	MAMU;0.543
3.25	3.50	PUFI;0.569
215.75	216.00	RTHA;0.655
134.50	134.75	SAVS;0.634
136.50	136.75	SAVS;0.670
138.75	139.00	SAVS;0.634
226.50	226.75	SEPL;0.600
149.75	150.00	SNBU;0.525
242.75	243.00	SNBU;0.501
136.50	136.75	SOSP;0.614
2.00	2.25	SWSP;0.605
127.00	127.50	SWSP;0.668
224.00	224.75	SWSP;0.627
78.50	78.75	SWTH;0.653
11.25	12.00	VATH;0.766
44.25	45.50	VATH;0.981
99.75	100.75	VATH;0.857
115.50	116.75	VATH;0.927
133.75	134.00	VATH;0.701
187.50	188.75	VATH;0.988
221.25	222.00	VATH;0.978
125.50	125.75	WATA;0.514
9.25	11.50	WCSP;0.995
24.50	26.75	WCSP;0.995
39.00	41.00	WCSP;0.994
53.25	55.25	WCSP;0.988
71.75	74.00	WCSP;0.997
87.25	88.50	WCSP;0.896
101.50	103.75	WCSP;0.996
118.25	120.25	WCSP;0.982
131.75	133.75	WCSP;0.997
143.25	145.50	WCSP;0.997
151.00	151.25	WCSP;0.663
158.00	160.00	WCSP;0.996
172.00	174.00	WCSP;0.993
185.50	187.75	WCSP;0.994
199.75	201.75	WCSP;0.994
216.00	218.00	WCSP;0.996
233.00	235.00	WCSP;0.993
247.50	249.75	WCSP;0.995
260.50	262.75	WCSP;0.995
264.25	264.50	WCSP;0.713
273.00	275.00	WCSP;0.996
285.25	287.25	WCSP;0.994
298.00	300.00	WCSP;0.995
98.25	98.50	WEFL;0.653
1.50	2.25	WIWA;0.965
13.00	14.50	WIWA;0.993
22.25	23.50	WIWA;0.995
35.00	36.25	WIWA;0.998
45.50	47.00	WIWA;0.996
58.75	60.00	WIWA;0.982
74.00	74.25	WIWA;0.659
84.00	85.00	WIWA;0.971
92.00	93.50	WIWA;0.990
115.00	116.25	WIWA;0.987
126.75	127.50	WIWA;0.895
155.25	156.75	WIWA;0.992
169.50	170.50	WIWA;0.963
181.50	182.50	WIWA;0.973
192.50	193.50	WIWA;0.871
202.75	203.75	WIWA;0.966
213.50	214.75	WIWA;0.971
223.75	224.75	WIWA;0.851
244.00	245.00	WIWA;0.927
266.25	267.25	WIWA;0.994
276.25	277.25	WIWA;0.972
287.50	287.75	WIWA;0.685
0.00	1.00	WTSP;0.989
9.50	9.75	WTSP;0.683
24.50	25.00	WTSP;0.743
28.00	30.50	WTSP;0.995
49.25	52.25	WTSP;0.981
62.75	66.00	WTSP;0.992
85.50	88.25	WTSP;0.991
101.25	102.00	WTSP;0.825
103.75	106.75	WTSP;0.993
118.25	118.75	WTSP;0.700
132.00	132.50	WTSP;0.723
143.50	143.75	WTSP;0.680
158.00	158.25	WTSP;0.690
168.00	168.25	WTSP;0.665
171.75	172.50	WTSP;0.743
233.25	233.50	WTSP;0.659
265.50	266.25	WTSP;0.814
290.00	292.50	WTSP;0.994
298.25	298.75	WTSP;0.697
149.25	149.50	WWCR;0.531
27.50	27.75	YRWA;0.559
91.25	91.75	YRWA;0.639
97.25	97.75	YRWA;0.842
100.00	100.25	YRWA;0.683
111.75	112.00	YRWA;0.524
117.75	118.00	YRWA;0.697
120.50	121.00	YRWA;0.813
289.25	290.00	YRWA;0.949
