0.00	4.50	AMRO;0.996
7.25	9.75	AMRO;0.983
14.25	17.00	AMRO;0.994
21.25	24.25	AMRO;0.994
27.50	33.25	AMRO;0.990
37.50	37.75	AMRO;0.677
38.00	39.25	AMRO;0.783
45.25	46.00	AMRO;0.811
46.50	47.00	AMRO;0.795
52.75	55.25	AMRO;0.988
58.50	61.75	AMRO;0.985
65.50	68.75	AMRO;0.994
73.00	75.00	AMRO;0.995
79.50	84.50	AMRO;0.996
89.00	90.00	AMRO;0.832
91.00	94.00	AMRO;0.986
97.50	99.75	AMRO;0.977
102.75	105.00	AMRO;0.946
111.00	113.75	AMRO;0.994
117.75	119.50	AMRO;0.935
123.00	126.50	AMRO;0.993
127.50	128.75	AMRO;0.879
135.50	138.25	AMRO;0.993
141.75	144.25	AMRO;0.972
149.00	154.75	AMRO;0.917
157.25	160.50	AMRO;0.994
164.25	166.00	AMRO;0.978
204.75	205.50	AMRO;0.767
239.75	240.00	AMRO;0.741
251.50	252.00	AMRO;0.774
276.00	276.25	AMRO;0.693
93.50	94.00	BAOR;0.609
160.00	160.50	BAOR;0.746
193.00	193.25	BBPL;0.716
255.25	255.50	BLJA;0.525
194.25	195.00	BRSP;0.856
208.00	208.75	BRSP;0.685
272.50	272.75	BRSP;0.507
282.25	283.25	BRSP;0.637
144.75	149.75	CHSP;0.986
162.00	165.00	CHSP;0.969
172.50	175.75	CHSP;0.973
183.75	186.25	CHSP;0.978
194.75	197.75	CHSP;0.981
198.00	198.50	CHSP;0.779
206.00	208.50	CHSP;0.960
215.25	218.50	CHSP;0.945
249.50	251.00	CHSP;0.980
261.75	264.25	CHSP;0.990
272.00	276.00	CHSP;0.972
279.75	280.00	CHSP;0.808
280.75	284.00	CHSP;0.893
292.25	294.75	CHSP;0.981
175.50	176.25	DEJU;0.594
275.50	275.75	DEJU;0.559
284.25	284.50	EAME;0.522
105.25	105.75	FISP;0.630
16.25	16.50	GWTE;0.524
21.00	21.50	GWTE;0.775
58.50	59.00	GWTE;0.680
137.75	138.00	GWTE;0.539
159.25	159.50	GWTE;0.524
57.00	57.75	HETH;0.803
131.75	132.00	HETH;0.504
141.50	142.00	HETH;0.562
146.75	147.00	HETH;0.696
174.25	174.50	HETH;0.528
195.25	195.75	HETH;0.806
200.00	201.00	HETH;0.966
252.00	252.50	HETH;0.748
214.25	214.50	LALO;0.598
102.25	103.00	LISP;0.845
176.00	176.50	LISP;0.631
186.25	187.50	LISP;0.947
213.25	213.50	MAMU;0.524
231.50	232.00	MAMU;0.651
129.00	129.50	MOCH;0.645
108.00	108.75	PISI;0.863
109.00	109.75	PISI;0.856
110.25	110.75	PISI;0.829
111.50	112.00	PISI;0.584
119.25	120.00	PISI;0.899
121.50	122.25	PISI;0.984
123.25	123.75	PISI;0.842
126.25	127.00	PISI;0.932
131.00	131.75	PISI;0.866
44.25	44.75	PUSA;0.688
290.00	290.50	ROWR;0.632
37.50	38.00	SATH;0.615
45.00	45.50	SATH;0.563
60.50	60.75	SATH;0.538
61.50	62.00	SATH;0.568
266.50	266.75	SOSA;0.573
205.75	206.00	SPPI;0.578
214.25	214.50	SPPI;0.609
4.25	4.75	SWSP;0.863
17.75	18.50	SWSP;0.557
50.00	50.50	SWSP;0.566
64.00	64.75	SWSP;0.803
73.50	73.75	SWSP;0.533
78.25	78.50	SWSP;0.561
83.00	83.25	SWSP;0.579
101.25	101.50	SWSP;0.529
106.00	107.00	SWSP;0.878
120.25	121.00	SWSP;0.846
138.50	139.50	SWSP;0.938
157.25	157.75	SWSP;0.618
166.50	166.75	SWSP;0.522
180.25	180.75	SWSP;0.783
188.75	189.50	SWSP;0.653
192.25	192.75	SWSP;0.800
193.50	194.00	SWSP;0.570
203.50	203.75	SWSP;0.515
40.75	41.00	SWTH;0.664
49.75	50.00	SWTH;0.724
50.50	51.25	SWTH;0.910
51.75	52.25	SWTH;0.767
146.75	147.25	SWTH;0.618
162.75	163.00	SWTH;0.519
168.25	168.50	SWTH;0.624
172.00	172.50	SWTH;0.692
177.00	177.50	SWTH;0.700
190.25	190.75	SWTH;0.955
195.25	195.75	SWTH;0.801
203.00	203.25	SWTH;0.650
216.50	217.00	SWTH;0.647
218.25	218.50	SWTH;0.804
234.25	234.50	SWTH;0.618
13.50	14.00	TEWA;0.743
63.25	64.00	TEWA;0.821
72.00	73.00	TEWA;0.878
77.25	77.75	TEWA;0.711
82.00	82.50	TEWA;0.804
86.25	86.50	TEWA;0.670
99.75	101.25	TEWA;0.966
160.50	161.25	TEWA;0.787
169.75	170.50	TEWA;0.760
213.00	214.00	TEWA;0.967
217.50	217.75	TEWA;0.706
220.25	223.25	TEWA;0.994
225.00	227.00	TEWA;0.991
228.00	230.50	TEWA;0.989
231.75	234.00	TEWA;0.992
235.50	238.00	TEWA;0.994
240.00	242.00	TEWA;0.973
243.25	245.75	TEWA;0.993
247.25	249.75	TEWA;0.993
251.50	254.00	TEWA;0.995
255.75	258.25	TEWA;0.981
259.25	262.00	TEWA;0.995
264.25	266.50	TEWA;0.978
267.75	270.50	TEWA;0.986
274.25	275.00	TEWA;0.780
276.75	279.25	TEWA;0.995
283.50	284.00	TEWA;0.786
285.75	288.50	TEWA;0.992
290.75	292.75	TEWA;0.977
295.00	297.50	TEWA;0.996
299.50	300.00	TEWA;0.883
61.25	61.50	TOSO;0.519
103.25	103.75	TOSO;0.577
127.50	127.75	TOSO;0.559
79.00	79.75	WCSP;0.733
87.50	88.75	WCSP;0.969
96.25	97.00	WCSP;0.942
113.25	115.00	WCSP;0.980
122.50	122.75	WCSP;0.611
132.50	133.50	WCSP;0.777
141.50	142.50	WCSP;0.583
210.75	211.25	WCSP;0.657
212.50	213.00	WCSP;0.633
218.75	219.50	WCSP;0.947
272.00	272.25	WCSP;0.747
279.75	280.00	WCSP;0.729
25.25	26.75	WTSP;0.881
34.50	37.00	WTSP;0.991
45.75	48.50	WTSP;0.984
68.75	71.25	WTSP;0.987
78.75	79.50	WTSP;0.789
87.25	88.00	WTSP;0.817
90.75	93.75	WTSP;0.917
96.25	96.50	WTSP;0.683
104.25	105.00	WTSP;0.878
116.00	118.00	WTSP;0.980
122.25	122.75	WTSP;0.695
128.75	129.50	WTSP;0.795
138.00	139.00	WTSP;0.920
139.25	140.50	WTSP;0.976
141.00	141.75	WTSP;0.784
150.25	153.00	WTSP;0.948
161.00	162.25	WTSP;0.978
174.25	174.75	WTSP;0.685
183.25	184.50	WTSP;0.863
209.75	212.50	WTSP;0.995
221.75	225.00	WTSP;0.991
233.25	236.00	WTSP;0.995
244.00	247.25	WTSP;0.995
257.00	258.75	WTSP;0.949
268.25	270.75	WTSP;0.977
281.00	283.00	WTSP;0.945
291.50	292.25	WTSP;0.823
