94.00	94.25	AGOL;0.514
172.25	172.50	AMGP;0.530
68.50	68.75	BBWA;0.672
56.75	57.00	CHSP;0.646
58.25	58.50	CHSP;0.569
68.50	68.75	CHSP;0.647
17.50	18.00	FISP;0.673
285.50	285.75	FISP;0.543
115.50	117.25	FOSP;0.988
144.50	145.75	FOSP;0.965
157.25	158.25	FOSP;0.860
184.00	184.50	FOSP;0.662
197.00	198.50	FOSP;0.968
270.50	270.75	GWTE;0.563
25.75	26.25	MOCH;0.678
106.75	107.00	MOCH;0.598
124.00	124.25	MOCH;0.504
215.00	215.50	MOCH;0.563
39.25	39.75	PISI;0.770
74.50	75.25	PISI;0.926
257.00	257.50	RUTU;0.800
265.50	265.75	RUTU;0.543
274.25	274.50	RUTU;0.637
130.25	130.75	SNBU;0.619
183.00	184.25	SNBU;0.810
76.00	76.50	SWSP;0.715
164.25	164.75	SWSP;0.735
217.50	217.75	SWSP;0.718
239.00	239.75	SWSP;0.907
274.25	274.50	WATA;0.520
58.25	58.75	WCSP;0.868
68.50	68.75	WEFL;0.591
123.50	124.25	WTSP;0.769
159.50	162.75	WTSP;0.995
174.00	174.50	WTSP;0.732
179.00	182.00	WTSP;0.991
194.00	194.75	WTSP;0.965
200.25	202.75	WTSP;0.996
213.25	215.50	WTSP;0.993
229.25	231.75	WTSP;0.989
244.75	247.00	WTSP;0.996
285.00	286.00	WTSP;0.920
63.50	64.50	YRWA;0.920
81.50	82.25	YRWA;0.684
253.75	254.25	YRWA;0.632
296.25	296.75	YRWA;0.916
