153.75	154.50	AMRO;0.715
274.00	274.75	BTNW;0.765
33.50	33.75	DEJU;0.548
196.75	197.00	DEJU;0.504
11.75	12.00	EVGR;0.771
107.75	108.00	EVGR;0.609
68.25	69.50	FOSP;0.909
81.25	81.75	FOSP;0.623
108.00	108.25	FOSP;0.571
268.75	269.00	HOLA;0.576
273.00	273.25	HOLA;0.535
253.50	254.00	KILL;0.760
205.25	205.75	LBDO;0.949
50.50	51.25	LISP;0.802
61.25	62.50	LISP;0.975
73.75	74.75	LISP;0.764
77.00	77.50	LISP;0.671
97.25	98.50	LISP;0.745
99.00	100.25	LISP;0.881
105.25	106.00	LISP;0.825
111.25	112.00	LISP;0.816
123.50	124.25	LISP;0.859
133.00	133.50	LISP;0.819
136.00	137.50	LISP;0.963
147.75	149.25	LISP;0.672
159.50	160.25	LISP;0.754
162.25	163.00	LISP;0.822
183.75	185.00	LISP;0.973
209.50	210.50	LISP;0.871
223.00	223.25	LISP;0.557
233.00	233.50	OSFL;0.603
237.00	237.25	OSFL;0.563
24.50	24.75	PIGR;0.523
257.00	257.25	PISI;0.587
258.00	259.00	PISI;0.937
265.00	265.75	PISI;0.891
270.75	271.50	PISI;0.983
273.00	273.25	PISI;0.600
5.25	5.50	PUFI;0.515
262.00	262.25	PUFI;0.616
48.25	48.75	ROWR;0.609
161.25	161.75	RUTU;0.617
220.50	220.75	SESA;0.538
1.25	1.50	SNBU;0.647
11.75	12.00	SNBU;0.748
259.00	259.25	SPPI;0.604
137.50	137.75	TOSO;0.849
231.75	232.00	VATH;0.519
246.00	246.50	VATH;0.903
167.25	167.50	WATA;0.626
172.25	173.00	WATA;0.774
202.75	203.00	WATA;0.629
177.25	178.00	WHIM;0.711
194.50	194.75	WHIM;0.532
199.50	202.00	WTSP;0.963
243.25	243.50	WTSP;0.518
250.50	253.75	WTSP;0.776
254.00	254.75	WTSP;0.891
263.00	264.25	WTSP;0.939
269.50	270.50	WTSP;0.805
285.75	287.75	WTSP;0.838
293.00	295.00	WTSP;0.932
298.25	299.25	WTSP;0.853
124.00	124.50	YRWA;0.653
