0.00	1.75	AMRO;0.975
12.00	12.50	AMRO;0.621
13.75	15.00	AMRO;0.693
18.00	19.75	AMRO;0.984
34.25	34.50	AMRO;0.530
42.50	43.00	AMRO;0.651
50.25	50.50	AMRO;0.547
71.00	71.75	AMRO;0.754
74.75	76.00	AMRO;0.890
96.25	96.50	AMRO;0.576
111.00	111.50	AMRO;0.596
112.25	112.75	AMRO;0.567
137.25	137.50	AMRO;0.534
160.25	160.75	AMRO;0.611
174.25	175.00	AMRO;0.940
183.00	184.50	AMRO;0.663
189.00	190.00	AMRO;0.959
196.50	197.75	AMRO;0.556
198.50	199.00	AMRO;0.727
205.75	206.75	AMRO;0.940
219.25	222.50	AMRO;0.895
240.50	241.00	AMRO;0.573
250.75	251.25	AMRO;0.612
263.50	264.00	AMRO;0.556
264.25	266.00	AMRO;0.863
282.50	282.75	AMRO;0.514
197.25	197.75	BHGR;0.564
80.00	80.50	BLOY;0.533
21.50	22.50	CHSP;0.645
36.25	37.00	CHSP;0.832
43.50	44.00	CHSP;0.625
62.25	62.50	CHSP;0.502
79.00	80.00	CHSP;0.809
98.00	99.75	CHSP;0.905
104.25	104.75	CHSP;0.719
111.25	112.00	CHSP;0.763
152.00	153.00	CHSP;0.788
167.00	167.50	CHSP;0.642
226.25	226.75	CHSP;0.532
233.25	234.00	CHSP;0.724
253.00	253.50	CHSP;0.608
146.00	146.50	DEJU;0.510
184.50	185.00	DEJU;0.540
220.75	221.25	DEJU;0.613
252.75	253.00	DEJU;0.604
217.25	217.50	EATO;0.512
3.50	4.25	FOSP;0.645
25.25	26.00	FOSP;0.928
32.75	33.00	FOSP;0.561
48.00	48.50	FOSP;0.708
56.25	57.00	FOSP;0.950
65.50	66.50	FOSP;0.774
73.00	73.75	FOSP;0.750
80.50	81.00	FOSP;0.898
88.25	88.50	FOSP;0.525
105.75	106.25	FOSP;0.579
127.25	128.00	FOSP;0.757
144.00	145.00	FOSP;0.991
157.25	158.25	FOSP;0.847
173.25	174.00	FOSP;0.933
199.50	200.00	FOSP;0.848
242.00	242.75	FOSP;0.988
291.00	292.00	FOSP;0.982
266.25	266.50	GRCA;0.528
20.25	20.75	GRYE;0.573
43.00	43.25	GWTE;0.518
159.00	159.25	GWTE;0.630
45.75	46.25	HETH;0.588
168.75	169.00	HETH;0.587
41.25	41.50	LALO;0.517
6.00	7.00	LISP;0.956
17.25	17.75	LISP;0.588
28.00	29.25	LISP;0.955
52.00	52.75	LISP;0.778
64.25	65.50	LISP;0.955
76.25	76.75	LISP;0.647
113.25	114.25	LISP;0.868
139.00	139.50	LISP;0.560
150.25	151.75	LISP;0.884
188.25	189.00	LISP;0.910
212.00	213.00	LISP;0.984
247.25	247.75	LISP;0.635
269.50	270.75	LISP;0.823
299.50	300.00	LISP;0.655
220.75	221.00	PAWA;0.535
121.25	121.50	PIGR;0.527
3.25	3.50	PUFI;0.526
52.00	52.25	PUFI;0.526
74.00	74.25	PUFI;0.550
164.25	164.50	PUFI;0.517
256.00	256.75	RUGR;0.593
86.00	86.25	RUTU;0.680
105.00	105.50	RUTU;0.745
33.25	33.75	SATH;0.733
43.00	43.50	SATH;0.592
109.25	109.50	SATH;0.563
119.25	119.75	SATH;0.660
282.00	282.75	SATH;0.729
12.25	13.00	TOSO;0.567
33.50	33.75	TOSO;0.524
135.50	135.75	TOSO;0.526
0.50	1.00	WCSP;0.701
7.25	7.75	WCSP;0.716
8.00	8.25	WCSP;0.666
8.75	10.25	WCSP;0.997
13.25	16.75	WCSP;0.980
19.75	21.00	WCSP;0.856
23.00	24.50	WCSP;0.989
25.25	27.50	WCSP;0.871
30.50	34.25	WCSP;0.994
37.25	39.00	WCSP;0.994
39.25	40.50	WCSP;0.918
45.25	47.50	WCSP;0.993
52.50	55.25	WCSP;0.995
56.50	57.25	WCSP;0.810
60.25	62.00	WCSP;0.983
62.50	63.00	WCSP;0.737
65.75	66.75	WCSP;0.873
68.75	70.75	WCSP;0.997
75.25	76.25	WCSP;0.887
77.25	78.75	WCSP;0.976
81.25	81.50	WCSP;0.676
83.25	85.25	WCSP;0.997
86.50	87.25	WCSP;0.912
88.00	88.75	WCSP;0.830
91.50	93.50	WCSP;0.997
95.00	96.00	WCSP;0.982
100.25	103.50	WCSP;0.992
105.75	106.75	WCSP;0.893
107.25	109.00	WCSP;0.988
109.50	110.75	WCSP;0.876
115.00	117.00	WCSP;0.991
124.25	126.25	WCSP;0.995
131.00	134.25	WCSP;0.994
140.75	142.25	WCSP;0.997
148.00	149.75	WCSP;0.994
154.75	156.50	WCSP;0.996
157.50	158.25	WCSP;0.725
159.25	159.75	WCSP;0.898
161.75	164.25	WCSP;0.997
171.50	173.25	WCSP;0.997
175.00	176.50	WCSP;0.985
177.75	179.75	WCSP;0.995
182.25	182.75	WCSP;0.914
185.75	187.75	WCSP;0.995
193.50	195.50	WCSP;0.994
199.75	202.00	WCSP;0.995
208.00	209.75	WCSP;0.998
215.75	217.50	WCSP;0.988
223.00	225.50	WCSP;0.990
230.00	233.00	WCSP;0.991
235.50	238.00	WCSP;0.993
238.75	240.75	WCSP;0.996
242.50	244.50	WCSP;0.957
245.75	247.50	WCSP;0.997
249.75	251.00	WCSP;0.997
253.50	255.50	WCSP;0.995
256.50	258.25	WCSP;0.994
259.75	261.75	WCSP;0.995
267.25	269.00	WCSP;0.996
271.25	275.25	WCSP;0.993
280.00	282.00	WCSP;0.990
286.50	288.50	WCSP;0.996
294.00	296.00	WCSP;0.993
166.50	167.00	WEBL;0.541
45.25	45.75	WTSP;0.687
60.00	60.50	WTSP;0.660
81.25	82.00	WTSP;0.726
83.25	83.75	WTSP;0.598
107.25	107.75	WTSP;0.541
109.50	109.75	WTSP;0.609
171.50	171.75	WTSP;0.561
177.75	178.25	WTSP;0.622
193.50	194.00	WTSP;0.583
207.00	207.75	WTSP;0.760
286.50	287.00	WTSP;0.559
192.25	192.50	WWCR;0.566
40.00	40.50	YRWA;0.840
88.50	89.00	YRWA;0.679
165.50	165.75	YRWA;0.619
176.50	176.75	YRWA;0.503
