164.25	164.75	BCCH;0.629
20.75	23.00	CHSP;0.920
26.50	28.75	CHSP;0.976
49.25	51.50	CHSP;0.979
57.50	58.25	CHSP;0.839
68.00	71.00	CHSP;0.992
78.75	80.50	CHSP;0.979
85.00	85.50	CHSP;0.703
91.50	94.00	CHSP;0.994
97.00	98.00	CHSP;0.961
103.00	104.25	CHSP;0.957
109.25	109.75	CHSP;0.777
124.50	126.50	CHSP;0.988
128.75	130.75	CHSP;0.993
136.25	139.50	CHSP;0.969
141.00	142.00	CHSP;0.942
142.25	143.25	CHSP;0.972
148.00	148.50	CHSP;0.785
149.00	149.75	CHSP;0.879
154.00	155.50	CHSP;0.989
271.00	272.00	CHSP;0.738
285.75	286.00	CHSP;0.707
256.00	256.50	EVGR;0.888
30.75	31.25	FISP;0.564
64.50	64.75	FISP;0.525
78.50	78.75	FISP;0.519
118.25	118.75	FISP;0.583
169.00	169.50	FISP;0.663
272.50	273.00	FISP;0.532
279.25	279.75	FISP;0.712
7.50	10.00	FOSP;0.983
20.00	20.25	FOSP;0.659
21.50	23.00	FOSP;0.893
23.25	25.25	FOSP;0.934
33.75	34.25	FOSP;0.720
49.00	49.50	FOSP;0.743
62.50	64.75	FOSP;0.982
77.00	78.00	FOSP;0.939
106.25	108.75	FOSP;0.993
113.50	114.00	FOSP;0.696
118.25	120.75	FOSP;0.995
131.50	134.25	FOSP;0.996
144.00	146.50	FOSP;0.998
158.75	161.25	FOSP;0.995
173.25	176.00	FOSP;0.994
191.75	194.50	FOSP;0.997
207.75	210.50	FOSP;0.996
225.50	228.00	FOSP;0.995
238.00	239.00	FOSP;0.942
246.50	249.00	FOSP;0.996
249.25	250.25	FOSP;0.736
261.50	264.25	FOSP;0.993
273.25	274.50	FOSP;0.792
280.00	282.75	FOSP;0.996
288.25	289.00	FOSP;0.803
296.25	299.25	FOSP;0.996
65.25	65.75	GCSP;0.510
113.25	113.50	GCSP;0.520
122.50	123.00	GCSP;0.608
289.00	289.50	GCSP;0.523
74.50	75.25	LISP;0.679
164.50	164.75	MOCH;0.551
212.50	213.00	MOCH;0.533
21.50	21.75	NOCA;0.544
128.25	128.50	NSHR;0.562
19.00	19.25	OSFL;0.503
277.50	277.75	PYNU;0.565
19.00	19.50	SAPH;0.857
20.00	20.25	SNBU;0.500
113.75	114.00	SNBU;0.510
1.25	1.50	SWSP;0.610
41.00	42.00	SWSP;0.976
292.00	292.25	SWSP;0.619
54.25	56.50	TEWA;0.963
9.00	10.00	VESP;0.820
31.25	31.75	VESP;0.634
198.50	198.75	VESP;0.503
250.00	250.25	VESP;0.563
274.25	274.50	VESP;0.555
1.75	4.25	WCSP;0.994
9.25	9.50	WCSP;0.697
16.25	16.50	WCSP;0.684
23.50	25.00	WCSP;0.885
30.50	31.00	WCSP;0.744
37.50	38.75	WCSP;0.852
44.25	45.75	WCSP;0.964
51.75	53.25	WCSP;0.993
58.50	60.00	WCSP;0.995
65.50	67.25	WCSP;0.995
73.75	75.00	WCSP;0.853
77.50	78.00	WCSP;0.703
81.00	82.50	WCSP;0.995
86.75	87.25	WCSP;0.750
88.00	89.50	WCSP;0.995
95.25	96.75	WCSP;0.979
102.25	103.25	WCSP;0.873
109.75	111.50	WCSP;0.995
126.50	128.00	WCSP;0.996
135.00	136.00	WCSP;0.960
148.75	149.00	WCSP;0.658
168.50	169.50	WCSP;0.836
182.75	184.00	WCSP;0.784
211.50	212.25	WCSP;0.762
222.25	223.50	WCSP;0.997
232.00	233.75	WCSP;0.975
234.50	235.00	WCSP;0.824
240.75	242.00	WCSP;0.932
272.50	272.75	WCSP;0.664
6.25	6.75	WTSP;0.749
16.00	19.00	WTSP;0.995
28.75	29.50	WTSP;0.772
29.75	31.00	WTSP;0.901
34.50	38.00	WTSP;0.989
44.25	44.75	WTSP;0.763
46.75	49.50	WTSP;0.985
51.75	52.00	WTSP;0.681
57.25	57.75	WTSP;0.735
58.25	59.00	WTSP;0.742
61.50	63.00	WTSP;0.960
65.00	66.50	WTSP;0.855
72.75	74.50	WTSP;0.981
86.50	88.50	WTSP;0.983
91.00	92.00	WTSP;0.924
98.00	100.75	WTSP;0.985
102.00	103.00	WTSP;0.907
112.25	113.50	WTSP;0.841
124.00	124.75	WTSP;0.864
130.50	131.50	WTSP;0.908
135.00	135.50	WTSP;0.790
136.25	136.75	WTSP;0.727
141.75	142.00	WTSP;0.725
147.25	149.00	WTSP;0.945
151.75	154.00	WTSP;0.958
155.25	158.25	WTSP;0.996
169.50	171.00	WTSP;0.981
176.25	178.50	WTSP;0.960
182.50	183.50	WTSP;0.815
184.25	187.75	WTSP;0.995
199.00	202.50	WTSP;0.997
211.00	213.00	WTSP;0.900
213.25	213.75	WTSP;0.733
216.00	218.50	WTSP;0.992
229.50	232.50	WTSP;0.992
240.75	244.00	WTSP;0.989
257.50	260.50	WTSP;0.994
272.50	272.75	WTSP;0.727
274.75	277.00	WTSP;0.995
289.25	291.75	WTSP;0.984
