123.50	123.75	AMDI;0.546
3.25	6.75	AMRO;0.959
15.25	16.50	AMRO;0.922
19.50	20.00	AMRO;0.731
33.00	37.50	AMRO;0.968
41.50	43.50	AMRO;0.949
44.00	45.25	AMRO;0.864
50.75	51.75	AMRO;0.741
52.00	52.25	AMRO;0.659
53.50	56.25	AMRO;0.903
62.75	67.75	AMRO;0.957
74.00	74.50	AMRO;0.756
75.00	77.00	AMRO;0.894
78.75	80.50	AMRO;0.944
81.25	82.25	AMRO;0.818
94.50	96.75	AMRO;0.951
99.50	99.75	AMRO;0.691
102.50	102.75	AMRO;0.704
108.25	108.75	AMRO;0.704
112.00	113.25	AMRO;0.933
135.00	135.75	AMRO;0.817
140.25	141.00	AMRO;0.732
143.25	144.50	AMRO;0.948
148.50	154.75	AMRO;0.971
159.25	159.75	AMRO;0.805
160.50	161.00	AMRO;0.667
163.00	164.75	AMRO;0.874
168.00	170.25	AMRO;0.971
175.75	178.50	AMRO;0.936
183.00	185.75	AMRO;0.988
188.00	190.00	AMRO;0.905
195.50	196.00	AMRO;0.735
200.00	202.75	AMRO;0.895
203.00	204.25	AMRO;0.962
208.25	212.75	AMRO;0.990
218.25	220.25	AMRO;0.843
221.00	222.25	AMRO;0.958
222.50	223.50	AMRO;0.746
227.75	228.75	AMRO;0.827
229.00	231.00	AMRO;0.939
239.25	240.00	AMRO;0.806
254.00	259.00	AMRO;0.942
265.50	269.75	AMRO;0.963
272.75	273.00	AMRO;0.675
274.50	278.00	AMRO;0.973
279.00	283.25	AMRO;0.959
285.50	286.25	AMRO;0.833
289.25	290.00	AMRO;0.840
290.25	291.50	AMRO;0.914
297.00	297.25	AMRO;0.691
89.25	89.75	BCCH;0.762
298.25	298.50	BCCH;0.515
57.50	57.75	CAFI;0.518
266.25	266.75	COMU;0.622
297.00	297.25	COMU;0.560
67.75	68.25	DEJU;0.716
191.50	192.00	DEJU;0.642
242.50	242.75	DEJU;0.534
224.50	224.75	GWTE;0.582
72.50	72.75	HETH;0.541
83.25	83.75	HETH;0.668
89.25	89.75	HETH;0.884
136.75	137.25	HETH;0.538
243.25	243.75	HETH;0.609
298.25	299.00	HETH;0.867
278.00	278.75	LAZB;0.728
0.00	1.00	LISP;0.887
17.50	17.75	LISP;0.660
32.25	32.75	LISP;0.787
61.25	63.50	LISP;0.989
63.75	64.00	LISP;0.671
77.00	78.75	LISP;0.950
109.25	110.75	LISP;0.910
123.75	125.75	LISP;0.982
133.00	133.75	LISP;0.853
156.25	157.50	LISP;0.918
173.00	175.75	LISP;0.996
181.75	182.25	LISP;0.746
199.00	200.00	LISP;0.912
222.25	222.75	LISP;0.776
250.50	251.50	LISP;0.902
260.00	261.75	LISP;0.954
271.00	273.00	LISP;0.993
283.75	285.75	LISP;0.993
292.25	292.50	LISP;0.670
294.25	296.25	LISP;0.997
24.25	24.75	MOCH;0.667
83.25	83.50	MOCH;0.509
136.50	137.00	MOCH;0.742
17.25	17.75	NHWR;0.687
94.00	94.50	NHWR;0.665
158.00	158.75	NHWR;0.606
260.25	260.50	NHWR;0.531
57.25	57.50	PUFI;0.522
108.25	108.75	RBGR;0.708
148.50	149.25	RBGR;0.592
223.50	223.75	RBGR;0.658
228.00	228.50	RBGR;0.600
234.50	235.00	RBGR;0.685
246.50	247.00	RBGR;0.613
265.00	265.50	RBGR;0.652
150.25	150.75	SATH;0.525
151.25	151.75	SATH;0.622
203.00	203.25	SATH;0.544
217.25	217.75	SATH;0.567
221.00	221.50	SATH;0.608
81.25	81.75	TOSO;0.546
162.25	163.00	TOSO;0.701
104.25	104.75	VATH;0.816
10.50	10.75	WCSP;0.597
31.25	31.75	WCSP;0.850
37.75	38.50	WCSP;0.711
45.25	46.25	WCSP;0.983
51.75	52.00	WCSP;0.556
69.75	70.25	WCSP;0.620
117.75	118.75	WCSP;0.886
138.50	139.00	WCSP;0.734
145.50	147.00	WCSP;0.989
33.75	34.00	WEBL;0.514
243.25	243.75	WEME;0.613
6.50	8.00	WIWA;0.976
18.75	19.75	WIWA;0.989
28.50	30.00	WIWA;0.996
39.25	40.50	WIWA;0.996
46.75	48.00	WIWA;0.994
55.75	57.25	WIWA;0.996
64.50	66.00	WIWA;0.996
74.00	75.50	WIWA;0.994
83.50	84.50	WIWA;0.991
92.25	93.75	WIWA;0.994
101.25	103.00	WIWA;0.990
110.75	112.00	WIWA;0.989
119.75	121.25	WIWA;0.997
128.50	130.25	WIWA;0.992
139.00	140.25	WIWA;0.996
147.50	148.75	WIWA;0.994
166.00	167.25	WIWA;0.996
176.75	177.50	WIWA;0.917
185.50	186.75	WIWA;0.996
194.75	196.00	WIWA;0.994
204.00	205.75	WIWA;0.995
212.00	213.25	WIWA;0.958
219.75	221.00	WIWA;0.975
228.50	230.00	WIWA;0.998
236.75	238.00	WIWA;0.997
245.00	246.50	WIWA;0.995
253.00	254.25	WIWA;0.970
262.75	264.00	WIWA;0.989
269.50	270.75	WIWA;0.990
277.50	278.50	WIWA;0.812
286.50	288.00	WIWA;0.997
296.25	297.50	WIWA;0.940
12.50	13.50	WTSP;0.772
18.25	18.50	WTSP;0.516
52.00	52.50	WTSP;0.566
96.75	98.00	WTSP;0.866
128.25	128.50	WTSP;0.712
131.50	132.00	WTSP;0.573
138.25	138.75	WTSP;0.633
288.25	288.50	WTSP;0.558
