38.75	39.00	BBWA;0.807
60.50	60.75	BBWA;0.616
179.25	179.50	BCCH;0.637
197.25	197.50	BCCH;0.522
167.00	167.25	BEWR;0.571
57.00	57.50	BTNW;0.705
12.25	13.00	CHSP;0.630
25.50	26.75	CHSP;0.753
34.50	35.75	CHSP;0.623
62.75	63.75	CHSP;0.638
98.50	99.50	CHSP;0.591
107.50	109.00	CHSP;0.640
128.00	130.00	CHSP;0.663
159.25	159.75	CHSP;0.669
317.50	317.75	CHSP;0.561
392.25	394.00	CHSP;0.805
412.00	412.75	CHSP;0.640
413.25	413.75	CHSP;0.648
0.50	2.75	DEJU;0.907
11.50	13.75	DEJU;0.857
24.75	27.25	DEJU;0.789
33.75	36.00	DEJU;0.771
43.50	45.75	DEJU;0.916
52.50	54.75	DEJU;0.865
62.00	64.50	DEJU;0.826
71.25	73.50	DEJU;0.911
80.25	82.50	DEJU;0.925
89.25	91.50	DEJU;0.863
97.50	99.75	DEJU;0.885
107.00	108.00	DEJU;0.695
108.25	109.25	DEJU;0.757
118.25	120.50	DEJU;0.867
128.50	128.75	DEJU;0.537
129.00	130.00	DEJU;0.728
132.50	132.75	DEJU;0.558
138.25	138.50	DEJU;0.536
189.00	189.25	DEJU;0.603
234.25	234.50	DEJU;0.557
259.25	259.75	DEJU;0.524
284.25	285.00	DEJU;0.794
317.50	318.75	DEJU;0.917
341.00	341.50	DEJU;0.690
351.00	351.50	DEJU;0.699
393.25	394.00	DEJU;0.655
412.00	413.50	DEJU;0.811
427.50	428.00	DEJU;0.596
442.75	443.50	DEJU;0.777
446.25	446.75	DEJU;0.741
538.50	539.00	DEJU;0.627
578.75	579.25	DEJU;0.682
306.75	307.00	EVGR;0.572
354.25	354.75	EVGR;0.830
55.00	55.50	FISP;0.661
133.50	134.00	FISP;0.551
144.25	144.50	FISP;0.504
194.25	194.75	FISP;0.604
263.25	263.50	FISP;0.557
289.25	289.75	FISP;0.569
394.25	394.75	FISP;0.607
464.00	464.75	FISP;0.695
517.00	517.75	FISP;0.643
593.25	594.50	FISP;0.728
6.50	7.75	FOSP;0.771
19.00	21.00	FOSP;0.996
28.75	30.50	FOSP;0.911
33.00	34.00	FOSP;0.958
40.75	41.75	FOSP;0.961
52.00	52.75	FOSP;0.784
56.25	57.00	FOSP;0.871
68.50	70.00	FOSP;0.965
79.50	80.25	FOSP;0.809
85.25	87.00	FOSP;0.990
93.75	94.75	FOSP;0.890
96.75	97.25	FOSP;0.735
103.50	105.50	FOSP;0.995
113.00	114.75	FOSP;0.943
163.25	165.50	FOSP;0.964
169.25	170.75	FOSP;0.966
182.75	183.50	FOSP;0.824
188.00	189.00	FOSP;0.911
192.50	194.50	FOSP;0.938
198.00	202.75	FOSP;0.934
212.25	214.25	FOSP;0.934
219.25	221.50	FOSP;0.980
236.50	237.00	FOSP;0.719
241.50	243.75	FOSP;0.965
250.00	250.50	FOSP;0.997
252.75	255.00	FOSP;0.996
256.25	258.25	FOSP;0.996
260.25	262.00	FOSP;0.907
267.00	268.75	FOSP;0.985
271.75	274.00	FOSP;0.997
279.75	281.25	FOSP;0.983
282.25	283.25	FOSP;0.835
289.75	290.00	FOSP;0.675
290.25	291.75	FOSP;0.936
298.50	300.75	FOSP;0.990
301.25	303.25	FOSP;0.994
314.25	316.25	FOSP;0.983
324.75	327.25	FOSP;0.989
330.00	331.50	FOSP;0.954
335.00	336.50	FOSP;0.851
342.75	343.50	FOSP;0.850
358.75	361.00	FOSP;0.993
371.50	373.00	FOSP;0.956
384.25	386.00	FOSP;0.994
395.50	397.25	FOSP;0.993
407.00	409.50	FOSP;0.963
422.00	423.75	FOSP;0.983
434.50	439.00	FOSP;0.988
450.25	452.00	FOSP;0.982
455.25	455.50	FOSP;0.689
464.50	466.50	FOSP;0.997
479.00	480.75	FOSP;0.977
483.50	484.25	FOSP;0.919
495.00	496.00	FOSP;0.778
512.25	514.25	FOSP;0.995
533.25	534.25	FOSP;0.797
576.25	578.00	FOSP;0.989
10.25	10.50	GCSP;0.544
84.50	84.75	GCSP;0.520
168.25	169.50	GCSP;0.814
175.50	176.25	GCSP;0.660
227.00	228.00	GCSP;0.912
235.75	236.00	GCSP;0.525
236.25	236.50	GCSP;0.508
279.50	279.75	GCSP;0.522
313.50	314.75	GCSP;0.906
335.25	336.00	GCSP;0.601
346.25	346.50	GCSP;0.544
367.25	368.00	GCSP;0.763
390.00	390.50	GCSP;0.533
450.00	450.75	GCSP;0.832
454.75	455.00	HETH;0.600
60.50	60.75	HEWA;0.521
193.50	193.75	LISP;0.544
197.25	197.50	LISP;0.952
67.25	67.75	MAMU;0.647
121.50	121.75	MOCH;0.599
176.00	176.25	MOCH;0.523
431.00	431.50	MOCH;0.596
0.75	1.00	OCWA;0.508
43.50	44.00	OCWA;0.551
80.50	81.00	OCWA;0.518
89.50	90.00	OCWA;0.569
97.75	98.25	OCWA;0.577
120.00	120.50	OCWA;0.622
339.75	340.00	OCWA;0.541
340.25	340.75	OCWA;0.546
350.00	350.25	OCWA;0.504
469.75	470.00	OCWA;0.550
489.25	489.50	OCWA;0.504
588.00	588.25	OCWA;0.528
289.75	290.00	OSFL;0.512
401.00	401.25	PIGR;0.606
391.25	391.50	PUSA;0.709
240.75	241.00	RWBL;0.598
252.50	252.75	RWBL;0.519
271.50	271.75	RWBL;0.612
297.50	297.75	RWBL;0.607
44.50	44.75	SAPH;0.788
19.25	19.50	SNBU;0.561
162.50	162.75	SNBU;0.610
200.25	201.75	SNBU;0.713
290.50	290.75	SNBU;0.720
306.00	307.00	SNBU;0.781
354.25	354.50	SNBU;0.591
435.25	435.50	SNBU;0.593
77.25	78.00	SOSA;0.955
87.75	88.25	SOSA;0.896
270.00	270.25	SOSA;0.730
281.25	282.00	SOSA;0.982
293.00	293.75	SOSA;0.988
304.50	305.25	SOSA;0.984
327.25	328.00	SOSA;0.951
520.75	521.50	SOSA;0.912
64.25	64.75	SSHA;0.694
460.00	460.25	SWSP;0.580
510.00	510.50	SWSP;0.687
560.25	560.75	SWSP;0.786
232.25	232.50	TOSO;0.510
18.50	18.75	VESP;0.541
27.75	28.00	VESP;0.584
221.00	221.50	VESP;0.559
261.50	261.75	VESP;0.562
371.50	372.00	VESP;0.785
27.75	28.00	WCSP;0.655
38.75	39.00	WCSP;0.683
50.25	51.25	WCSP;0.739
51.50	51.75	WCSP;0.514
58.25	59.75	WCSP;0.955
66.50	67.25	WCSP;0.913
144.25	144.50	WCSP;0.523
213.25	214.00	WCSP;0.632
291.00	291.25	WCSP;0.525
330.50	331.00	WCSP;0.542
372.50	373.00	WCSP;0.608
455.25	455.50	WCSP;0.535
563.25	564.75	WCSP;0.946
588.25	589.25	WCSP;0.883
340.25	340.75	WIWA;0.872
344.50	345.50	WIWA;0.945
350.25	351.00	WIWA;0.981
364.75	365.50	WIWA;0.870
404.50	405.50	WIWA;0.988
459.75	460.00	WIWA;0.600
519.25	520.00	WIWA;0.986
569.25	570.25	WIWA;0.949
578.75	579.00	WIWA;0.571
587.50	588.00	WIWA;0.710
2.50	3.75	WTSP;0.951
5.00	6.75	WTSP;0.949
10.00	11.50	WTSP;0.897
13.75	17.00	WTSP;0.994
19.75	20.00	WTSP;0.666
21.25	25.00	WTSP;0.992
29.50	30.00	WTSP;0.673
30.50	32.75	WTSP;0.982
37.75	38.75	WTSP;0.964
39.00	40.50	WTSP;0.985
41.50	42.00	WTSP;0.696
47.00	50.00	WTSP;0.996
57.00	57.50	WTSP;0.725
58.25	58.50	WTSP;0.717
61.25	61.50	WTSP;0.733
65.00	67.00	WTSP;0.983
73.50	77.00	WTSP;0.993
78.00	79.25	WTSP;0.931
83.75	85.25	WTSP;0.942
91.25	93.75	WTSP;0.989
100.00	103.00	WTSP;0.993
109.50	112.75	WTSP;0.995
115.00	118.25	WTSP;0.990
120.50	122.00	WTSP;0.930
124.25	127.75	WTSP;0.966
130.00	132.00	WTSP;0.977
133.00	133.50	WTSP;0.731
134.00	135.75	WTSP;0.976
141.25	144.50	WTSP;0.985
148.75	151.75	WTSP;0.994
154.75	157.75	WTSP;0.996
158.00	158.75	WTSP;0.869
168.00	168.75	WTSP;0.806
174.00	176.00	WTSP;0.979
178.00	179.50	WTSP;0.820
185.25	187.00	WTSP;0.912
195.25	196.25	WTSP;0.838
197.25	197.50	WTSP;0.691
206.50	206.75	WTSP;0.724
208.75	212.00	WTSP;0.996
215.50	218.75	WTSP;0.994
226.25	230.00	WTSP;0.992
235.00	238.25	WTSP;0.963
245.25	248.50	WTSP;0.985
255.00	256.00	WTSP;0.869
263.50	267.00	WTSP;0.994
274.25	274.75	WTSP;0.669
276.25	279.50	WTSP;0.992
283.00	283.25	WTSP;0.662
286.50	289.75	WTSP;0.995
295.50	296.75	WTSP;0.944
307.50	311.00	WTSP;0.995
320.25	323.25	WTSP;0.993
329.00	329.75	WTSP;0.782
332.50	333.00	WTSP;0.711
333.50	334.00	WTSP;0.668
334.50	336.00	WTSP;0.895
336.25	337.25	WTSP;0.918
345.50	349.25	WTSP;0.932
356.00	359.00	WTSP;0.996
365.75	368.50	WTSP;0.991
373.75	376.50	WTSP;0.996
379.25	384.25	WTSP;0.997
388.50	391.25	WTSP;0.969
398.25	400.75	WTSP;0.994
404.25	404.75	WTSP;0.748
405.50	406.25	WTSP;0.890
409.25	411.50	WTSP;0.993
414.00	415.00	WTSP;0.948
418.00	420.75	WTSP;0.997
428.75	431.75	WTSP;0.998
439.00	442.75	WTSP;0.996
447.00	450.25	WTSP;0.996
457.50	464.50	WTSP;0.994
469.25	470.00	WTSP;0.813
470.25	478.25	WTSP;0.996
480.50	482.50	WTSP;0.992
484.25	492.00	WTSP;0.993
493.25	496.00	WTSP;0.997
496.25	497.75	WTSP;0.980
498.00	510.00	WTSP;0.999
510.50	511.75	WTSP;0.901
514.50	518.00	WTSP;0.998
521.50	526.00	WTSP;0.998
528.00	528.50	WTSP;0.772
529.25	538.25	WTSP;0.995
539.25	546.00	WTSP;0.996
547.25	553.25	WTSP;0.997
555.00	555.50	WTSP;0.711
556.00	559.00	WTSP;0.983
563.00	569.25	WTSP;0.993
571.75	575.75	WTSP;0.993
579.75	585.75	WTSP;0.997
589.25	595.50	WTSP;0.996
596.75	600.00	WTSP;0.996
153.50	154.00	YRWA;0.767
259.00	259.25	YRWA;0.503
362.25	362.75	YRWA;0.686
397.50	397.75	YRWA;0.551
421.25	421.50	YRWA;0.515
433.00	433.50	YRWA;0.707
445.75	446.25	YRWA;0.636
