476.50	477.75	AMPI;0.723
478.25	478.50	AMPI;0.502
263.25	263.75	BAOR;0.655
276.75	277.00	BAOR;0.590
285.25	285.50	BAOR;0.616
158.50	158.75	BCCH;0.571
327.75	328.00	BCCH;0.535
350.50	350.75	BCCH;0.547
427.00	427.50	BHCO;0.713
38.25	38.50	BRSP;0.567
125.00	125.75	BRSP;0.676
351.50	351.75	BRSP;0.528
449.50	449.75	BRSP;0.523
24.50	25.00	CHSP;0.979
123.25	124.00	CHSP;0.851
137.75	138.25	CHSP;0.753
171.75	173.00	CHSP;0.906
179.50	179.75	CHSP;0.741
204.25	204.50	CHSP;0.719
214.50	216.00	CHSP;0.853
223.75	226.75	CHSP;0.897
232.25	232.75	CHSP;0.691
234.25	234.50	CHSP;0.693
258.25	258.75	CHSP;0.722
277.00	277.75	CHSP;0.810
285.50	286.00	CHSP;0.795
325.25	327.25	CHSP;0.830
334.25	337.50	CHSP;0.907
342.25	343.00	CHSP;0.759
351.50	352.75	CHSP;0.715
353.25	353.50	CHSP;0.692
355.75	356.00	CHSP;0.679
362.50	364.50	CHSP;0.966
371.50	372.00	CHSP;0.701
372.75	374.50	CHSP;0.932
388.25	391.75	CHSP;0.977
398.25	399.25	CHSP;0.874
410.00	411.50	CHSP;0.828
417.50	418.00	CHSP;0.768
419.25	420.75	CHSP;0.856
434.00	435.75	CHSP;0.941
439.75	440.00	CHSP;0.720
441.75	442.75	CHSP;0.820
450.00	451.50	CHSP;0.843
455.50	458.25	CHSP;0.965
464.00	466.75	CHSP;0.958
498.75	501.00	CHSP;0.976
505.25	507.25	CHSP;0.934
522.50	522.75	CHSP;0.666
565.25	566.00	CHSP;0.788
574.75	577.25	CHSP;0.901
583.25	584.75	CHSP;0.800
585.25	586.25	CHSP;0.869
590.50	591.00	CHSP;0.799
326.50	326.75	DEJU;0.524
550.75	552.00	FOSP;0.988
558.75	560.00	FOSP;0.987
569.00	569.75	FOSP;0.964
580.00	581.50	FOSP;0.983
591.25	592.75	FOSP;0.902
132.50	133.25	GCKI;0.580
153.00	155.25	GCKI;0.915
171.25	171.50	GCKI;0.520
321.00	321.50	HETH;0.645
146.25	146.50	MOCH;0.564
158.50	159.00	MOCH;0.665
304.25	304.75	MOCH;0.645
15.50	15.75	RUBL;0.513
37.75	38.75	RUGR;0.647
286.50	287.00	SATH;0.616
295.25	295.75	SATH;0.662
452.50	453.00	SESA;0.522
523.50	523.75	SESA;0.576
297.25	297.50	SOSP;0.784
103.00	103.50	VESP;0.624
558.50	558.75	VESP;0.551
568.25	569.00	VESP;0.702
6.25	8.25	WCSP;0.977
17.50	18.00	WCSP;0.838
20.75	22.75	WCSP;0.990
24.00	25.00	WCSP;0.926
27.50	28.00	WCSP;0.744
33.50	35.00	WCSP;0.992
40.00	41.75	WCSP;0.996
45.75	47.00	WCSP;0.984
51.50	53.50	WCSP;0.993
58.75	59.25	WCSP;0.813
59.75	61.00	WCSP;0.987
64.00	65.25	WCSP;0.984
68.00	69.50	WCSP;0.958
73.50	75.50	WCSP;0.997
79.00	80.50	WCSP;0.990
85.25	85.75	WCSP;0.743
91.75	93.25	WCSP;0.996
98.00	99.00	WCSP;0.848
100.25	102.00	WCSP;0.980
106.75	107.50	WCSP;0.788
111.25	112.75	WCSP;0.982
113.75	115.25	WCSP;0.992
119.50	120.25	WCSP;0.711
126.75	128.75	WCSP;0.991
143.00	144.00	WCSP;0.885
151.00	151.75	WCSP;0.969
165.25	166.75	WCSP;0.906
275.00	276.00	WCSP;0.985
290.00	291.25	WCSP;0.997
303.75	304.50	WCSP;0.881
316.50	318.00	WCSP;0.985
330.25	332.25	WCSP;0.978
356.25	357.50	WCSP;0.941
581.00	581.50	WCSP;0.753
592.25	592.75	WCSP;0.688
53.75	54.00	WIWA;0.664
61.75	62.75	WIWA;0.985
75.75	77.00	WIWA;0.996
86.00	87.00	WIWA;0.995
96.50	97.75	WIWA;0.993
107.75	109.00	WIWA;0.998
121.50	122.75	WIWA;0.997
136.25	137.75	WIWA;0.994
149.25	150.75	WIWA;0.994
161.75	163.00	WIWA;0.997
175.25	176.50	WIWA;0.997
187.75	189.00	WIWA;0.993
200.50	201.75	WIWA;0.996
221.25	222.50	WIWA;0.997
236.75	238.25	WIWA;0.996
251.00	252.25	WIWA;0.997
264.75	266.00	WIWA;0.997
278.00	279.00	WIWA;0.997
287.50	288.75	WIWA;0.997
303.00	304.00	WIWA;0.970
315.50	316.75	WIWA;0.973
328.25	329.75	WIWA;0.994
343.00	344.50	WIWA;0.995
366.25	367.50	WIWA;0.996
383.00	384.25	WIWA;0.996
396.00	397.50	WIWA;0.995
405.00	405.50	WIWA;0.793
408.50	410.00	WIWA;0.993
424.50	425.75	WIWA;0.989
440.25	441.50	WIWA;0.992
460.50	462.00	WIWA;0.997
475.00	476.25	WIWA;0.995
486.00	487.25	WIWA;0.996
497.25	498.50	WIWA;0.997
513.75	515.25	WIWA;0.995
531.75	533.00	WIWA;0.996
548.00	549.50	WIWA;0.995
557.25	558.50	WIWA;0.993
566.25	567.50	WIWA;0.989
577.25	578.50	WIWA;0.995
587.25	588.75	WIWA;0.996
597.50	598.75	WIWA;0.994
41.25	41.75	WTSP;0.829
45.50	46.25	WTSP;0.583
68.25	68.50	WTSP;0.538
85.25	86.00	WTSP;0.839
106.75	107.25	WTSP;0.639
118.75	120.00	WTSP;0.705
134.75	135.75	WTSP;0.861
143.00	143.75	WTSP;0.725
180.00	181.75	WTSP;0.956
193.75	195.25	WTSP;0.960
297.25	297.50	WTSP;0.841
350.50	350.75	WTSP;0.670
366.00	366.25	WTSP;0.587
258.75	259.50	WWCR;0.641
553.50	554.00	WWCR;0.599
