120.75	121.00	BASA;0.732
235.50	235.75	BBWA;0.888
237.00	237.25	BBWA;0.666
234.00	234.50	CHSP;0.700
234.75	235.00	CHSP;0.850
237.00	237.25	CHSP;0.541
180.75	181.00	CLNU;0.511
81.50	81.75	FISP;0.503
134.00	134.50	FISP;0.529
23.25	25.00	FOSP;0.957
38.25	38.75	FOSP;0.677
39.25	39.50	FOSP;0.562
55.75	56.75	FOSP;0.910
70.75	73.25	FOSP;0.984
87.25	87.75	FOSP;0.570
105.00	105.75	FOSP;0.764
153.25	153.50	FOSP;0.755
161.50	161.75	FOSP;0.964
268.75	269.25	FOSP;0.706
119.25	119.75	GCSP;0.531
96.25	96.50	HASP;0.502
68.00	68.25	MOCH;0.563
153.25	153.50	SOSP;0.827
161.50	161.75	SOSP;0.640
268.75	269.00	SOSP;0.604
16.25	18.00	WCSP;0.985
34.50	36.25	WCSP;0.973
53.75	55.75	WCSP;0.996
74.25	76.25	WCSP;0.987
81.25	81.75	WCSP;0.726
90.00	92.00	WCSP;0.936
96.00	97.00	WCSP;0.972
125.75	127.50	WCSP;0.993
133.75	134.50	WCSP;0.760
144.50	146.00	WCSP;0.988
151.75	152.00	WCSP;0.758
161.75	163.50	WCSP;0.997
176.50	178.00	WCSP;0.991
195.25	197.00	WCSP;0.978
210.75	212.00	WCSP;0.904
229.00	230.75	WCSP;0.994
243.75	245.00	WCSP;0.990
277.25	278.00	WEME;0.922
34.25	34.75	WTSP;0.665
68.00	68.50	WTSP;0.759
81.25	82.00	WTSP;0.746
89.00	90.50	WTSP;0.841
112.00	112.75	WTSP;0.863
151.75	152.50	WTSP;0.648
