6.75	8.00	AMRO;0.913
54.25	55.00	AMRO;0.807
65.50	65.75	AMRO;0.537
84.75	85.00	AMRO;0.558
91.25	91.75	AMRO;0.735
109.50	110.50	AMRO;0.819
143.00	144.00	AMRO;0.810
67.75	68.25	BBPL;0.567
124.25	124.75	BBPL;0.683
277.00	277.50	BEKI;0.641
116.50	117.25	BLOY;0.903
203.00	203.50	BRSP;0.598
93.75	94.00	COMU;0.501
42.75	43.00	EVGR;0.557
85.50	86.00	FISP;0.575
99.25	99.75	FISP;0.670
129.25	129.75	FISP;0.619
264.00	265.00	FISP;0.907
17.00	19.00	FOSP;0.977
25.50	27.00	FOSP;0.830
36.75	38.50	FOSP;0.992
56.50	58.25	FOSP;0.887
70.50	72.50	FOSP;0.959
74.50	76.25	FOSP;0.951
87.50	87.75	FOSP;0.704
100.00	101.75	FOSP;0.949
111.50	113.50	FOSP;0.985
140.00	142.00	FOSP;0.985
158.25	160.00	FOSP;0.992
175.50	177.50	FOSP;0.977
204.50	206.50	FOSP;0.945
223.50	225.50	FOSP;0.985
239.00	240.25	FOSP;0.966
244.25	244.75	FOSP;0.807
254.25	256.00	FOSP;0.966
265.00	266.50	FOSP;0.923
268.25	269.25	FOSP;0.818
278.50	279.00	FOSP;0.748
281.50	283.50	FOSP;0.934
290.00	292.00	FOSP;0.980
293.50	294.50	FOSP;0.755
2.50	3.00	GCSP;0.719
36.50	37.25	GCSP;0.785
55.25	56.00	GCSP;0.816
175.25	175.75	GCSP;0.597
239.25	239.50	GCSP;0.507
122.25	122.50	GWTE;0.698
238.50	239.00	HOFI;0.698
269.00	269.50	LASP;0.621
138.25	138.75	LBDO;0.547
27.75	28.50	LISP;0.794
186.50	187.00	LISP;0.670
149.00	149.25	MOCH;0.506
249.50	249.75	MOCH;0.505
131.50	132.00	RUGR;0.652
100.25	100.50	SAPH;0.557
42.75	43.00	SNBU;0.518
171.00	171.75	SWSP;0.757
179.25	179.50	SWSP;0.626
191.50	192.25	SWSP;0.781
208.00	208.25	SWSP;0.551
217.50	218.25	SWSP;0.615
260.25	260.75	SWSP;0.575
287.00	287.25	SWSP;0.593
247.75	248.25	VATH;0.592
225.00	225.75	VESP;0.709
294.00	294.25	VESP;0.565
1.75	5.00	WCSP;0.995
5.75	6.50	WCSP;0.800
11.50	13.75	WCSP;0.995
15.25	16.50	WCSP;0.931
22.00	24.00	WCSP;0.989
25.75	27.25	WCSP;0.976
31.50	33.75	WCSP;0.993
40.25	42.00	WCSP;0.986
45.50	45.75	WCSP;0.721
50.50	53.25	WCSP;0.990
58.50	60.75	WCSP;0.989
62.00	63.25	WCSP;0.931
66.25	67.50	WCSP;0.884
68.00	70.00	WCSP;0.993
74.00	74.50	WCSP;0.743
77.75	80.25	WCSP;0.992
88.25	91.25	WCSP;0.993
94.75	97.50	WCSP;0.989
104.25	106.50	WCSP;0.992
107.00	107.75	WCSP;0.955
113.50	115.75	WCSP;0.989
124.50	126.50	WCSP;0.996
129.25	129.50	WCSP;0.689
135.75	137.75	WCSP;0.995
139.50	140.00	WCSP;0.735
144.75	146.75	WCSP;0.993
152.75	154.25	WCSP;0.994
156.00	158.00	WCSP;0.977
166.00	167.00	WCSP;0.889
168.75	171.00	WCSP;0.994
175.00	175.50	WCSP;0.739
178.75	179.00	WCSP;0.682
180.00	181.75	WCSP;0.991
189.25	191.50	WCSP;0.996
200.25	202.25	WCSP;0.988
206.00	206.50	WCSP;0.770
209.25	209.75	WCSP;0.707
210.50	213.00	WCSP;0.995
216.00	216.75	WCSP;0.868
219.00	221.00	WCSP;0.990
227.00	228.25	WCSP;0.992
229.50	231.75	WCSP;0.994
234.25	234.75	WCSP;0.716
239.50	241.50	WCSP;0.987
253.25	253.50	WCSP;0.667
256.25	256.75	WCSP;0.704
257.00	257.75	WCSP;0.919
275.00	276.75	WCSP;0.986
287.75	288.75	WCSP;0.849
292.25	294.00	WCSP;0.988
296.75	297.75	WCSP;0.860
158.00	158.25	WEWP;0.630
150.00	151.00	WIWA;0.980
199.50	200.25	WIWA;0.932
207.75	208.50	WIWA;0.788
217.50	217.75	WIWA;0.600
5.50	5.75	WTSP;0.746
9.00	11.00	WTSP;0.977
15.50	15.75	WTSP;0.670
20.00	22.25	WTSP;0.936
31.00	32.00	WTSP;0.876
45.25	48.75	WTSP;0.991
50.25	52.00	WTSP;0.890
55.00	55.50	WTSP;0.767
58.75	59.00	WTSP;0.679
61.00	62.00	WTSP;0.822
66.00	67.00	WTSP;0.877
96.00	96.25	WTSP;0.669
102.50	104.75	WTSP;0.967
113.75	114.00	WTSP;0.667
118.00	119.00	WTSP;0.933
129.00	129.75	WTSP;0.807
130.00	131.00	WTSP;0.919
139.00	140.00	WTSP;0.822
144.75	145.00	WTSP;0.673
148.75	149.75	WTSP;0.937
154.25	154.50	WTSP;0.672
156.25	156.75	WTSP;0.716
165.25	166.75	WTSP;0.944
168.25	169.00	WTSP;0.754
178.50	180.50	WTSP;0.852
181.50	183.00	WTSP;0.981
184.50	185.50	WTSP;0.898
192.25	197.00	WTSP;0.997
200.25	200.75	WTSP;0.752
203.25	204.25	WTSP;0.913
210.50	211.00	WTSP;0.695
213.00	215.75	WTSP;0.880
219.25	219.75	WTSP;0.706
221.25	222.25	WTSP;0.781
229.25	230.00	WTSP;0.795
234.25	235.00	WTSP;0.835
252.25	253.75	WTSP;0.919
259.75	260.25	WTSP;0.714
264.00	264.25	WTSP;0.674
269.50	272.75	WTSP;0.988
284.00	287.00	WTSP;0.982
287.50	288.50	WTSP;0.874
292.25	292.75	WTSP;0.790
299.50	300.00	WTSP;0.734
