74.75	75.00	ATSP;0.796
277.75	278.00	BBWA;0.607
167.75	168.00	CATE;0.564
9.25	11.25	CHSP;0.967
17.25	17.75	CHSP;0.722
24.75	25.75	CHSP;0.870
30.00	32.25	CHSP;0.897
38.50	39.00	CHSP;0.729
43.50	46.00	CHSP;0.951
50.50	54.00	CHSP;0.976
61.50	62.25	CHSP;0.762
68.75	71.00	CHSP;0.946
74.75	75.00	CHSP;0.857
76.00	78.50	CHSP;0.997
84.50	86.00	CHSP;0.949
86.25	87.25	CHSP;0.880
91.50	93.50	CHSP;0.937
98.50	100.75	CHSP;0.980
107.75	110.25	CHSP;0.974
115.25	117.50	CHSP;0.966
122.25	124.75	CHSP;0.976
130.25	132.25	CHSP;0.982
138.50	139.00	CHSP;0.697
147.00	149.00	CHSP;0.963
154.50	155.25	CHSP;0.856
162.00	163.50	CHSP;0.942
169.25	170.75	CHSP;0.887
185.00	187.00	CHSP;0.964
193.00	195.25	CHSP;0.958
201.25	203.50	CHSP;0.957
211.50	212.50	CHSP;0.804
218.25	220.00	CHSP;0.919
226.50	226.75	CHSP;0.698
234.75	235.00	CHSP;0.715
241.75	244.00	CHSP;0.948
250.00	251.50	CHSP;0.961
257.50	259.00	CHSP;0.813
265.50	266.00	CHSP;0.704
274.50	275.00	CHSP;0.730
277.75	278.00	CHSP;0.859
280.50	282.50	CHSP;0.931
288.50	291.00	CHSP;0.960
297.25	298.50	CHSP;0.821
17.25	17.75	DEJU;0.631
32.00	32.25	DEJU;0.575
39.00	39.25	DEJU;0.517
155.50	156.50	DEJU;0.726
203.00	203.50	DEJU;0.755
218.50	218.75	DEJU;0.602
226.50	227.00	DEJU;0.711
250.75	251.50	DEJU;0.710
257.25	258.75	DEJU;0.820
274.25	275.25	DEJU;0.761
282.00	282.50	DEJU;0.559
297.50	298.75	DEJU;0.743
1.25	1.50	FOSP;0.553
15.50	16.75	FOSP;0.831
126.50	127.75	FOSP;0.869
139.00	140.00	FOSP;0.923
151.00	152.25	FOSP;0.926
168.00	168.50	FOSP;0.682
180.75	182.50	FOSP;0.873
196.25	197.25	FOSP;0.991
216.25	217.75	FOSP;0.924
229.50	230.75	FOSP;0.941
245.00	246.00	FOSP;0.929
259.00	260.25	FOSP;0.968
74.75	75.00	GCSP;0.580
12.25	12.50	HETH;0.553
254.75	255.00	HETH;0.749
63.50	64.00	LBDO;0.845
156.00	156.25	OCWA;0.544
60.75	61.00	PISI;0.592
65.50	66.00	PISI;0.931
79.00	79.50	RECR;0.553
0.50	1.00	SNBU;0.858
151.00	151.25	SNBU;0.581
181.00	181.25	SNBU;0.500
216.50	216.75	SNBU;0.570
16.50	16.75	VESP;0.540
76.00	76.25	WEFL;0.506
277.75	278.00	WEFL;0.626
