216.50	216.75	AMRO;0.555
218.00	218.75	AMRO;0.661
236.00	236.50	AMRO;0.564
5.00	5.50	BAWW;0.697
85.25	85.50	BRSP;0.526
214.00	214.50	BRSP;0.650
291.00	291.25	BRSP;0.543
1.75	3.50	CCSP;0.996
9.25	11.00	CCSP;0.996
15.00	16.75	CCSP;0.995
21.50	23.25	CCSP;0.997
28.75	30.50	CCSP;0.996
35.25	37.00	CCSP;0.996
42.00	43.75	CCSP;0.995
49.75	51.50	CCSP;0.996
56.25	58.00	CCSP;0.996
61.75	63.75	CCSP;0.995
66.50	68.50	CCSP;0.996
72.00	73.50	CCSP;0.996
77.00	78.75	CCSP;0.995
81.75	83.75	CCSP;0.995
88.25	90.00	CCSP;0.996
95.75	97.50	CCSP;0.992
102.25	104.00	CCSP;0.997
108.75	110.50	CCSP;0.996
115.50	117.25	CCSP;0.996
122.00	124.50	CCSP;0.993
127.75	129.75	CCSP;0.995
134.00	135.50	CCSP;0.994
141.75	143.50	CCSP;0.995
148.25	150.00	CCSP;0.996
154.00	156.00	CCSP;0.997
162.50	164.25	CCSP;0.997
168.50	170.25	CCSP;0.995
175.00	176.75	CCSP;0.994
182.25	184.00	CCSP;0.996
188.50	190.50	CCSP;0.996
194.50	196.50	CCSP;0.997
201.25	202.75	CCSP;0.992
207.00	208.75	CCSP;0.994
214.25	216.25	CCSP;0.997
221.75	223.50	CCSP;0.996
228.25	230.00	CCSP;0.997
235.50	237.00	CCSP;0.994
242.50	244.50	CCSP;0.990
250.00	252.50	CCSP;0.995
256.75	258.75	CCSP;0.997
263.00	264.75	CCSP;0.995
269.00	270.75	CCSP;0.997
275.25	277.00	CCSP;0.994
282.25	284.00	CCSP;0.997
289.25	291.00	CCSP;0.995
296.50	298.00	CCSP;0.997
4.00	5.00	CHSP;0.702
225.25	227.25	CHSP;0.918
291.00	292.00	CHSP;0.889
104.25	104.75	DEJU;0.613
265.50	266.00	DEJU;0.774
286.50	287.00	DEJU;0.763
291.75	292.50	DEJU;0.706
280.00	280.25	DUNL;0.567
249.00	249.50	GCRF;0.624
254.00	254.25	GCRF;0.740
255.50	256.50	GCRF;0.728
287.50	287.75	GCTH;0.608
173.00	173.50	HETH;0.882
86.00	86.50	LISP;0.715
120.00	121.25	LISP;0.978
138.00	139.00	LISP;0.805
151.75	152.00	LISP;0.637
86.00	86.50	NHWR;0.576
151.50	152.00	NHWR;0.610
186.00	186.75	NHWR;0.797
172.50	172.75	OCWA;0.515
266.00	266.50	PAWA;0.938
5.00	5.50	PROW;0.652
191.00	191.25	SOSA;0.673
12.25	12.75	SWSP;0.677
146.75	147.00	SWTH;0.641
150.00	150.25	SWTH;0.616
153.75	154.25	SWTH;0.626
157.25	157.75	SWTH;0.849
169.25	169.50	SWTH;0.513
28.25	28.75	VATH;0.946
205.50	205.75	WATA;0.581
203.50	203.75	WBNU;0.527
180.25	181.00	WCSP;0.755
206.00	206.75	WCSP;0.796
220.00	220.75	WCSP;0.914
243.25	243.50	WCSP;0.517
251.25	251.75	WCSP;0.615
260.00	261.00	WCSP;0.989
12.00	12.50	WIWA;0.620
164.25	168.50	WTSP;0.977
180.25	180.50	WTSP;0.502
206.25	206.75	WTSP;0.600
84.50	84.75	YRWA;0.530
