15.25	15.50	AMRO;0.569
128.25	128.50	AMRO;0.669
189.50	190.00	AMRO;0.616
240.00	240.50	AMRO;0.640
244.25	244.75	AMRO;0.540
221.00	221.25	BHCO;0.532
75.75	76.25	BLSW;0.667
197.50	198.00	BRSP;0.601
247.25	247.50	CAFI;0.596
273.25	273.50	CHSP;0.537
26.25	26.50	COGO;0.561
248.00	248.50	DEJU;0.611
273.50	273.75	DEJU;0.547
289.25	289.75	DEJU;0.543
44.25	44.75	DUNL;0.665
183.50	183.75	EABL;0.519
54.75	55.25	EAME;0.672
94.50	95.00	EAME;0.805
6.25	7.00	FOSP;0.687
38.50	39.50	FOSP;0.799
46.00	46.75	FOSP;0.682
63.25	64.00	FOSP;0.724
236.50	237.75	FOSP;0.740
294.00	295.75	FOSP;0.988
178.25	178.75	GWTE;0.689
30.50	30.75	HETH;0.554
91.50	92.00	LISP;0.808
119.25	120.25	LISP;0.955
142.25	142.75	LISP;0.667
185.25	186.00	LISP;0.786
298.25	298.50	LISP;0.541
298.25	298.50	MGWA;0.571
107.00	107.50	MOCH;0.617
133.75	134.25	NHWR;0.605
130.00	130.50	NOWA;0.698
50.50	50.75	OCWA;0.541
114.00	114.50	OCWA;0.675
133.00	133.50	OCWA;0.816
216.75	217.00	OCWA;0.755
258.00	258.25	PYNU;0.507
172.25	173.75	RUGR;0.825
175.50	175.75	RUGR;0.526
88.50	88.75	RUTU;0.574
144.00	144.50	RUTU;0.691
208.50	208.75	RUTU;0.546
3.00	3.50	SAPH;0.621
12.00	12.75	SATH;0.813
140.50	140.75	SATH;0.526
166.25	166.50	SATH;0.663
183.50	184.00	SATH;0.693
85.00	85.50	SBDO;0.767
158.75	159.00	SBDO;0.679
1.25	1.75	SWSP;0.753
5.50	5.75	SWSP;0.753
10.25	11.00	SWSP;0.823
18.25	19.50	SWSP;0.969
26.50	27.75	SWSP;0.849
67.00	67.25	SWSP;0.667
80.25	80.75	SWSP;0.744
89.75	90.75	SWSP;0.936
96.00	96.75	SWSP;0.837
100.25	101.50	SWSP;0.931
105.00	105.75	SWSP;0.927
109.00	109.25	SWSP;0.714
113.00	113.50	SWSP;0.687
114.00	114.50	SWSP;0.738
116.50	117.75	SWSP;0.840
121.00	121.75	SWSP;0.950
124.75	125.75	SWSP;0.903
130.00	130.75	SWSP;0.843
137.50	139.00	SWSP;0.986
145.75	147.25	SWSP;0.928
149.75	152.00	SWSP;0.927
154.75	156.00	SWSP;0.969
159.00	160.75	SWSP;0.977
163.00	164.25	SWSP;0.947
167.25	168.25	SWSP;0.843
171.00	172.00	SWSP;0.966
175.75	176.50	SWSP;0.818
179.00	180.50	SWSP;0.910
183.75	184.50	SWSP;0.797
192.00	193.00	SWSP;0.966
196.00	196.75	SWSP;0.871
200.25	201.50	SWSP;0.976
209.00	210.50	SWSP;0.915
214.25	214.50	SWSP;0.714
216.75	218.75	SWSP;0.958
222.50	223.75	SWSP;0.849
225.50	226.00	SWSP;0.707
230.00	231.25	SWSP;0.930
234.75	235.25	SWSP;0.830
242.25	243.00	SWSP;0.795
248.50	249.25	SWSP;0.820
250.50	251.75	SWSP;0.958
260.00	260.75	SWSP;0.973
264.00	264.50	SWSP;0.852
267.75	269.75	SWSP;0.935
271.50	272.75	SWSP;0.966
275.50	276.50	SWSP;0.896
280.00	280.75	SWSP;0.810
288.25	288.50	SWSP;0.674
296.00	296.75	SWSP;0.958
35.50	35.75	TBLO;0.678
299.50	300.00	TEWA;0.531
72.50	72.75	TOSO;0.550
82.75	83.50	TOSO;0.940
230.00	230.50	TOSO;0.755
262.25	262.50	TOSO;0.590
210.50	210.75	VESP;0.604
237.50	238.00	VESP;0.534
234.50	234.75	WATA;0.660
41.50	42.50	WCSP;0.738
60.00	61.00	WCSP;0.928
73.50	74.00	WCSP;0.741
212.50	212.75	WCSP;0.517
286.00	286.75	WCSP;0.934
295.00	295.50	WCSP;0.544
140.25	140.75	WEME;0.745
167.75	168.00	WIWA;0.510
98.50	98.75	WTSP;0.730
106.50	106.75	WTSP;0.512
205.75	206.00	WTSP;0.551
186.75	187.00	WWCR;0.547
