69.00	69.25	BFAL;0.531
4.75	5.00	CHSP;0.705
91.00	91.50	CHSP;0.751
103.50	103.75	CHSP;0.672
105.50	106.00	CHSP;0.782
118.00	120.00	CHSP;0.993
131.00	133.50	CHSP;0.989
138.50	139.25	CHSP;0.720
139.50	143.25	CHSP;0.994
145.75	147.00	CHSP;0.825
151.00	154.25	CHSP;0.995
160.00	163.25	CHSP;0.995
165.25	167.00	CHSP;0.781
170.00	172.75	CHSP;0.993
178.75	180.50	CHSP;0.835
182.00	185.00	CHSP;0.994
192.50	194.25	CHSP;0.971
201.25	204.25	CHSP;0.991
213.00	216.00	CHSP;0.993
225.25	227.25	CHSP;0.960
228.25	228.50	CHSP;0.677
250.00	252.75	CHSP;0.990
266.25	267.75	CHSP;0.986
278.50	281.00	CHSP;0.994
290.00	292.75	CHSP;0.992
106.00	106.25	DEJU;0.599
138.25	139.00	DEJU;0.647
139.50	140.00	DEJU;0.589
146.25	147.50	DEJU;0.849
165.50	167.25	DEJU;0.761
179.25	180.25	DEJU;0.722
185.75	187.25	DEJU;0.808
84.75	85.00	EAME;0.556
270.50	270.75	EVGR;0.706
10.50	11.00	FISP;0.530
3.75	4.25	FOSP;0.733
6.00	8.50	FOSP;0.984
10.75	12.75	FOSP;0.994
14.75	16.75	FOSP;0.974
19.50	21.00	FOSP;0.979
32.00	34.75	FOSP;0.995
39.00	41.00	FOSP;0.981
44.75	46.00	FOSP;0.946
47.75	49.50	FOSP;0.949
50.75	54.25	FOSP;0.983
55.25	57.50	FOSP;0.992
58.25	62.25	FOSP;0.985
67.00	69.00	FOSP;0.907
72.50	74.50	FOSP;0.941
83.75	87.75	FOSP;0.957
94.25	96.25	FOSP;0.993
97.25	98.75	FOSP;0.977
110.25	111.50	FOSP;0.957
116.00	118.00	FOSP;0.968
121.75	123.25	FOSP;0.945
124.50	126.25	FOSP;0.993
134.75	137.00	FOSP;0.988
140.00	141.75	FOSP;0.974
149.75	151.25	FOSP;0.984
173.00	174.50	FOSP;0.946
189.00	190.50	FOSP;0.963
203.25	205.25	FOSP;0.976
218.50	220.00	FOSP;0.959
234.75	236.00	FOSP;0.986
240.75	242.25	FOSP;0.967
246.00	247.00	FOSP;0.947
256.25	258.50	FOSP;0.983
259.50	260.00	FOSP;0.710
264.25	266.50	FOSP;0.986
269.50	270.00	FOSP;0.770
270.50	271.75	FOSP;0.767
275.75	278.00	FOSP;0.994
286.75	288.75	FOSP;0.995
299.00	300.00	FOSP;0.882
148.25	149.00	HASP;0.716
181.50	182.00	HASP;0.561
121.50	121.75	HETH;0.557
188.75	189.00	HETH;0.507
234.75	235.00	HETH;0.507
3.75	4.00	HOLA;0.509
62.50	62.75	HOLA;0.568
185.75	187.25	OCWA;0.787
138.50	139.00	PIWA;0.690
145.50	146.75	PIWA;0.665
159.25	159.75	PIWA;0.676
165.50	166.00	PIWA;0.551
204.25	204.50	PUFI;0.525
245.50	245.75	SAPH;0.754
68.50	68.75	SNBU;0.517
270.50	270.75	SNBU;0.617
155.50	155.75	SOSA;0.533
190.75	191.25	SOSA;0.820
207.25	207.75	SOSA;0.746
225.00	225.25	SOSA;0.513
233.25	233.50	SOSA;0.589
0.00	0.75	SWSP;0.894
29.00	29.75	SWSP;0.855
42.75	43.25	SWSP;0.569
54.25	54.75	SWSP;0.710
72.00	72.50	SWSP;0.556
87.00	87.25	SWSP;0.518
100.50	101.50	SWSP;0.980
128.25	129.00	SWSP;0.707
144.00	144.25	SWSP;0.575
154.25	155.00	SWSP;0.831
180.50	181.25	SWSP;0.704
238.25	239.00	SWSP;0.923
248.25	248.50	SWSP;0.533
261.75	262.75	SWSP;0.835
284.00	284.75	SWSP;0.856
9.75	10.50	VATH;0.741
13.50	14.00	VATH;0.918
28.00	29.00	VATH;0.988
63.75	64.25	VATH;0.590
69.25	70.00	VATH;0.850
81.25	82.00	VATH;0.781
92.25	92.75	VATH;0.818
104.50	105.50	VATH;0.992
112.00	112.25	VATH;0.551
121.00	121.25	VATH;0.584
139.00	139.75	VATH;0.899
148.25	149.00	VATH;0.884
159.50	160.25	VATH;0.962
181.75	182.25	VATH;0.675
185.00	185.75	VATH;0.946
191.50	192.50	VATH;0.919
209.75	210.50	VATH;0.974
217.00	217.75	VATH;0.838
243.00	243.50	VATH;0.767
272.00	272.75	VATH;0.921
284.25	285.25	VATH;0.954
292.75	293.25	VATH;0.807
294.00	294.75	VATH;0.865
16.00	16.50	VESP;0.553
40.50	40.75	VESP;0.505
54.00	54.25	VESP;0.516
61.75	62.50	VESP;0.565
242.00	242.25	VESP;0.548
7.50	8.50	WCSP;0.878
45.25	45.75	WCSP;0.582
59.25	59.50	WCSP;0.525
62.00	62.50	WCSP;0.691
98.00	98.75	WCSP;0.727
110.75	111.50	WCSP;0.800
122.25	122.75	WCSP;0.626
135.50	136.25	WCSP;0.728
173.50	174.00	WCSP;0.649
219.00	219.50	WCSP;0.721
42.75	43.00	WIWA;0.534
72.00	72.50	WIWA;0.585
114.00	114.75	WIWA;0.837
143.50	144.25	WIWA;0.765
198.50	199.25	WIWA;0.965
209.00	209.75	WIWA;0.904
229.25	229.75	WIWA;0.788
273.00	274.00	WIWA;0.973
78.50	80.75	WTSP;0.908
89.00	91.00	WTSP;0.936
92.25	93.25	WTSP;0.762
99.50	100.25	WTSP;0.656
108.25	110.00	WTSP;0.838
112.00	112.25	WTSP;0.533
181.50	182.00	WTSP;0.615
197.50	198.00	WTSP;0.639
199.25	200.50	WTSP;0.931
233.25	233.75	YRWA;0.769
249.50	250.00	YRWA;0.749
