16.25	18.00	AMRO;0.878
52.50	54.75	AMRO;0.984
63.25	64.50	AMRO;0.851
64.75	65.75	AMRO;0.855
66.50	68.50	AMRO;0.899
80.50	82.00	AMRO;0.934
86.50	88.25	AMRO;0.965
97.50	98.50	AMRO;0.927
103.75	105.00	AMRO;0.892
174.75	176.00	AMRO;0.730
179.50	181.25	AMRO;0.976
197.50	198.25	AMRO;0.801
202.50	205.00	AMRO;0.966
251.00	251.75	AMRO;0.755
264.00	267.00	AMRO;0.990
267.50	268.25	AMRO;0.762
273.00	275.25	AMRO;0.972
288.75	291.25	AMRO;0.989
291.50	291.75	AMRO;0.699
333.75	336.25	AMRO;0.976
347.00	347.50	AMRO;0.699
348.00	350.00	AMRO;0.960
355.50	356.75	AMRO;0.888
359.75	360.75	AMRO;0.704
368.75	369.00	AMRO;0.675
374.50	375.00	AMRO;0.768
432.50	435.00	AMRO;0.992
527.00	527.75	AMRO;0.921
582.50	583.00	AMRO;0.775
588.50	590.00	AMRO;0.890
593.25	593.50	AMRO;0.724
437.25	437.50	BANS;0.604
545.00	545.25	BANS;0.689
28.50	29.00	BRSP;0.668
40.25	41.75	BRSP;0.650
50.00	50.25	BRSP;0.631
55.00	56.25	BRSP;0.836
64.75	65.00	BRSP;0.503
83.25	83.75	BRSP;0.614
97.00	97.50	BRSP;0.520
127.25	128.75	BRSP;0.731
129.00	129.25	BRSP;0.629
138.00	139.50	BRSP;0.966
146.50	146.75	BRSP;0.592
173.25	174.00	BRSP;0.628
190.00	190.50	BRSP;0.644
199.75	201.00	BRSP;0.792
206.25	206.75	BRSP;0.543
207.50	207.75	BRSP;0.532
214.25	214.75	BRSP;0.577
215.00	216.00	BRSP;0.769
240.50	240.75	BRSP;0.502
261.25	262.00	BRSP;0.743
271.00	272.25	BRSP;0.792
279.50	279.75	BRSP;0.550
317.25	317.50	BRSP;0.600
326.75	328.00	BRSP;0.801
337.00	338.75	BRSP;0.823
345.50	345.75	BRSP;0.516
365.00	365.75	BRSP;0.630
366.00	366.75	BRSP;0.796
374.75	376.50	BRSP;0.958
396.25	397.00	BRSP;0.687
405.50	405.75	BRSP;0.506
459.25	459.75	BRSP;0.551
460.00	460.50	BRSP;0.555
467.50	467.75	BRSP;0.556
468.25	468.50	BRSP;0.508
474.25	475.00	BRSP;0.686
488.50	488.75	BRSP;0.601
490.00	491.00	BRSP;0.794
508.75	509.00	BRSP;0.601
510.50	511.25	BRSP;0.618
516.00	518.00	BRSP;0.788
522.25	523.00	BRSP;0.675
530.00	530.50	BRSP;0.656
542.50	542.75	BRSP;0.537
577.75	578.25	BRSP;0.668
590.25	591.00	BRSP;0.711
591.25	592.00	BRSP;0.684
226.75	227.00	BTNW;0.517
270.25	270.50	BTNW;0.543
1.25	2.25	CHSP;0.734
4.75	7.00	CHSP;0.993
10.00	12.50	CHSP;0.987
16.50	19.75	CHSP;0.988
24.25	26.75	CHSP;0.991
28.50	29.75	CHSP;0.790
32.00	33.50	CHSP;0.921
36.25	36.75	CHSP;0.887
40.00	42.00	CHSP;0.936
45.25	47.00	CHSP;0.899
48.25	50.00	CHSP;0.947
53.50	56.00	CHSP;0.972
61.00	63.50	CHSP;0.990
64.75	66.00	CHSP;0.933
70.00	71.75	CHSP;0.946
79.75	81.75	CHSP;0.991
82.00	84.00	CHSP;0.853
88.00	90.50	CHSP;0.956
91.00	92.50	CHSP;0.925
93.00	93.50	CHSP;0.775
95.25	97.50	CHSP;0.973
100.00	101.75	CHSP;0.927
104.00	105.75	CHSP;0.957
110.75	113.25	CHSP;0.962
118.25	121.00	CHSP;0.986
128.00	129.25	CHSP;0.884
139.00	139.50	CHSP;0.738
146.50	149.25	CHSP;0.985
155.00	157.50	CHSP;0.989
163.25	165.75	CHSP;0.991
172.75	174.00	CHSP;0.886
181.25	182.00	CHSP;0.765
201.00	201.75	CHSP;0.801
206.00	208.25	CHSP;0.967
214.25	215.75	CHSP;0.879
218.50	219.00	CHSP;0.696
223.50	224.75	CHSP;0.851
225.00	225.50	CHSP;0.838
231.00	233.50	CHSP;0.989
240.75	242.50	CHSP;0.951
252.00	252.25	CHSP;0.772
259.50	262.00	CHSP;0.981
271.75	272.00	CHSP;0.699
278.00	279.00	CHSP;0.920
279.25	280.00	CHSP;0.875
286.50	287.50	CHSP;0.920
288.00	288.75	CHSP;0.873
296.00	298.00	CHSP;0.990
303.25	305.00	CHSP;0.982
309.25	311.50	CHSP;0.990
316.00	316.25	CHSP;0.687
317.00	318.00	CHSP;0.944
318.50	319.00	CHSP;0.791
327.00	328.25	CHSP;0.909
334.25	335.00	CHSP;0.721
337.00	340.50	CHSP;0.940
346.50	349.50	CHSP;0.983
349.75	351.00	CHSP;0.930
356.50	359.00	CHSP;0.992
364.50	365.75	CHSP;0.876
368.00	368.75	CHSP;0.867
375.75	376.75	CHSP;0.885
378.25	381.25	CHSP;0.989
384.25	385.75	CHSP;0.983
387.00	392.75	CHSP;0.989
396.50	398.50	CHSP;0.922
404.00	406.25	CHSP;0.977
411.75	414.00	CHSP;0.942
420.00	424.25	CHSP;0.959
427.25	429.25	CHSP;0.930
434.00	436.50	CHSP;0.976
442.25	444.50	CHSP;0.949
451.25	453.00	CHSP;0.970
454.25	455.75	CHSP;0.895
459.25	461.25	CHSP;0.912
464.50	466.75	CHSP;0.927
467.50	469.75	CHSP;0.946
473.75	475.75	CHSP;0.822
481.75	484.50	CHSP;0.962
488.25	488.75	CHSP;0.781
490.00	491.00	CHSP;0.907
492.50	494.25	CHSP;0.971
495.50	496.25	CHSP;0.782
496.75	497.25	CHSP;0.726
503.00	503.50	CHSP;0.758
509.50	511.25	CHSP;0.929
512.25	513.00	CHSP;0.844
516.00	518.00	CHSP;0.928
522.25	523.75	CHSP;0.894
528.25	530.75	CHSP;0.945
534.75	537.50	CHSP;0.929
542.25	544.50	CHSP;0.966
549.00	550.50	CHSP;0.846
576.50	578.25	CHSP;0.884
583.00	585.50	CHSP;0.968
590.50	590.75	CHSP;0.675
591.25	592.00	CHSP;0.704
594.50	594.75	CHSP;0.684
595.00	595.50	CHSP;0.708
598.00	600.00	CHSP;0.982
1.75	2.25	DEJU;0.582
12.00	12.25	DEJU;0.569
16.75	17.00	DEJU;0.559
24.50	24.75	DEJU;0.514
29.00	29.75	DEJU;0.707
32.25	32.75	DEJU;0.625
33.00	33.50	DEJU;0.582
45.75	46.75	DEJU;0.646
49.25	49.75	DEJU;0.549
53.75	54.00	DEJU;0.512
65.25	65.50	DEJU;0.519
70.25	71.00	DEJU;0.632
79.75	80.00	DEJU;0.545
82.25	83.00	DEJU;0.625
88.50	89.00	DEJU;0.562
95.50	95.75	DEJU;0.539
97.00	97.25	DEJU;0.507
100.25	100.75	DEJU;0.654
163.75	164.00	DEJU;0.525
172.75	173.00	DEJU;0.597
181.50	181.75	DEJU;0.556
189.75	190.00	DEJU;0.625
201.25	201.75	DEJU;0.604
223.50	225.50	DEJU;0.856
241.25	241.75	DEJU;0.611
242.00	242.25	DEJU;0.616
253.00	253.25	DEJU;0.548
261.50	261.75	DEJU;0.532
278.25	278.75	DEJU;0.579
279.50	279.75	DEJU;0.598
286.50	287.50	DEJU;0.698
288.00	288.50	DEJU;0.591
309.50	309.75	DEJU;0.506
311.00	311.50	DEJU;0.585
317.00	317.75	DEJU;0.628
328.25	328.50	DEJU;0.569
365.25	365.50	DEJU;0.556
392.00	392.50	DEJU;0.542
405.50	405.75	DEJU;0.515
436.00	436.50	DEJU;0.612
497.00	497.25	DEJU;0.528
503.00	503.50	DEJU;0.592
523.25	523.50	DEJU;0.596
528.50	529.00	DEJU;0.553
530.25	530.50	DEJU;0.563
536.25	536.50	DEJU;0.538
549.25	549.50	DEJU;0.513
578.00	578.25	DEJU;0.543
585.00	585.25	DEJU;0.528
598.25	598.75	DEJU;0.518
109.25	109.50	EAKI;0.527
381.75	382.00	EAME;0.538
550.25	550.50	EAME;0.653
556.25	556.50	EAME;0.513
196.00	196.50	FOSP;0.533
233.50	234.50	FOSP;0.771
301.50	302.00	FOSP;0.765
302.50	303.00	FOSP;0.661
314.25	314.75	FOSP;0.593
353.50	355.00	FOSP;0.935
369.75	371.25	FOSP;0.926
382.25	384.00	FOSP;0.984
389.00	389.25	FOSP;0.571
399.50	401.50	FOSP;0.869
418.00	419.50	FOSP;0.731
429.25	430.75	FOSP;0.979
444.50	445.75	FOSP;0.757
489.25	489.75	FOSP;0.573
524.50	526.50	FOSP;0.963
326.25	326.50	GCSP;0.542
65.50	66.00	GWTE;0.697
88.00	88.50	GWTE;0.864
9.50	10.25	HETH;0.700
125.25	125.75	HETH;0.711
243.50	243.75	HETH;0.537
281.75	282.00	HETH;0.632
210.50	210.75	HOLA;0.523
446.50	446.75	HOLA;0.537
487.00	487.25	HOLA;0.517
220.50	220.75	KILL;0.528
314.25	314.50	LASP;0.535
519.75	520.75	LISP;0.654
538.25	539.50	LISP;0.975
581.25	582.75	LISP;0.896
176.00	176.25	LOSH;0.555
506.75	507.00	NOWA;0.703
466.50	466.75	OCWA;0.613
475.25	475.50	OCWA;0.566
595.25	595.50	OCWA;0.617
369.50	370.00	OROR;0.604
185.25	185.50	PIGR;0.558
29.75	32.00	PISI;0.990
32.50	33.00	PISI;0.832
33.25	36.50	PISI;0.997
37.00	40.00	PISI;0.997
42.00	44.50	PISI;0.998
47.50	48.00	PISI;0.839
57.50	58.50	PISI;0.885
60.00	60.50	PISI;0.796
66.00	66.50	PISI;0.924
66.75	67.50	PISI;0.823
68.75	70.00	PISI;0.988
71.25	79.50	PISI;0.996
85.00	85.25	PISI;0.671
108.00	109.25	PISI;0.960
109.75	110.75	PISI;0.998
115.50	115.75	PISI;0.688
222.00	222.75	PISI;0.977
244.25	244.75	PISI;0.864
245.25	250.75	PISI;0.997
251.00	252.00	PISI;0.996
252.25	259.75	PISI;0.998
262.50	264.00	PISI;0.992
265.25	266.00	PISI;0.952
266.75	267.75	PISI;0.996
268.25	269.25	PISI;0.990
272.00	272.75	PISI;0.991
274.50	275.00	PISI;0.889
276.00	278.00	PISI;0.991
279.00	279.25	PISI;0.669
280.50	281.25	PISI;0.941
282.00	282.50	PISI;0.735
283.25	286.50	PISI;0.997
287.25	288.00	PISI;0.956
289.00	289.75	PISI;0.955
290.75	291.75	PISI;0.994
293.25	294.00	PISI;0.961
295.00	295.75	PISI;0.989
298.00	300.00	PISI;0.995
300.75	301.50	PISI;0.990
301.75	302.50	PISI;0.973
308.25	309.00	PISI;0.951
311.75	314.00	PISI;0.996
314.75	317.00	PISI;0.947
317.75	326.25	PISI;0.995
328.75	330.00	PISI;0.996
330.25	331.25	PISI;0.902
332.00	332.50	PISI;0.770
361.00	364.75	PISI;0.996
366.50	367.25	PISI;0.976
369.00	369.75	PISI;0.972
372.00	374.75	PISI;0.976
377.00	378.00	PISI;0.995
394.25	395.50	PISI;0.964
401.75	403.75	PISI;0.943
406.50	410.75	PISI;0.987
411.00	411.75	PISI;0.985
414.00	418.50	PISI;0.997
422.75	423.00	PISI;0.703
437.00	439.00	PISI;0.924
440.25	440.75	PISI;0.793
447.00	451.25	PISI;0.991
453.75	454.00	PISI;0.777
455.75	457.25	PISI;0.937
458.50	458.75	PISI;0.687
470.00	472.00	PISI;0.974
473.00	473.75	PISI;0.987
480.75	481.50	PISI;0.984
483.25	483.50	PISI;0.750
491.00	492.50	PISI;0.983
494.25	495.25	PISI;0.965
496.25	497.00	PISI;0.934
497.25	503.00	PISI;0.997
503.25	508.75	PISI;0.994
513.25	513.50	PISI;0.664
514.75	515.50	PISI;0.993
530.75	532.00	PISI;0.997
545.00	545.50	PISI;0.893
546.50	547.00	PISI;0.925
268.25	268.50	PUFI;0.548
476.50	477.00	PYNU;0.656
422.75	423.00	REDP;0.620
17.50	18.00	SATH;0.648
360.50	361.00	SATH;0.634
488.75	489.00	TOSO;0.541
495.25	495.75	TRES;0.542
314.00	314.50	VESP;0.769
354.50	355.00	VESP;0.587
384.00	384.25	VESP;0.509
401.00	401.50	VESP;0.568
419.00	419.75	VESP;0.751
430.50	430.75	VESP;0.567
445.00	445.75	VESP;0.664
489.00	490.00	VESP;0.803
106.00	107.75	WCSP;0.992
113.25	115.25	WCSP;0.993
121.00	123.00	WCSP;0.994
129.25	131.00	WCSP;0.996
136.75	138.25	WCSP;0.995
144.25	146.00	WCSP;0.985
151.25	153.25	WCSP;0.995
159.00	161.00	WCSP;0.990
166.00	168.00	WCSP;0.981
174.00	176.00	WCSP;0.973
182.25	184.25	WCSP;0.995
190.50	192.50	WCSP;0.997
197.75	199.50	WCSP;0.992
216.00	217.50	WCSP;0.996
226.75	228.75	WCSP;0.993
234.25	234.50	WCSP;0.661
238.75	240.00	WCSP;0.937
250.50	251.00	WCSP;0.850
270.00	271.00	WCSP;0.974
281.75	283.25	WCSP;0.984
293.75	295.00	WCSP;0.995
305.25	307.00	WCSP;0.990
314.00	314.75	WCSP;0.776
326.25	327.00	WCSP;0.895
336.25	337.00	WCSP;0.905
342.50	343.50	WCSP;0.978
351.50	352.25	WCSP;0.769
365.75	366.50	WCSP;0.864
389.00	389.25	WCSP;0.764
390.00	390.25	WCSP;0.829
416.50	417.00	WCSP;0.689
425.00	426.75	WCSP;0.994
136.75	137.00	WTSP;0.513
139.50	140.00	WTSP;0.628
336.25	336.75	WTSP;0.667
