127.00	127.25	AMGP;0.787
239.25	239.50	AMGP;0.703
252.75	253.00	AMGP;0.536
283.50	283.75	AMGP;0.573
0.75	1.00	AMRO;0.657
28.00	28.75	AMRO;0.833
86.00	87.75	AMRO;0.880
130.75	131.25	AMRO;0.825
147.00	149.50	AMRO;0.971
184.00	185.00	AMRO;0.833
185.25	185.50	AMRO;0.668
190.00	191.50	AMRO;0.972
211.50	212.25	AMRO;0.692
217.25	218.75	AMRO;0.857
229.00	230.50	AMRO;0.887
231.75	233.50	AMRO;0.983
345.50	348.25	AMRO;0.969
357.50	362.00	AMRO;0.985
382.25	384.75	AMRO;0.956
467.00	469.00	AMRO;0.980
526.50	526.75	AMRO;0.720
544.25	546.50	AMRO;0.985
553.50	554.75	AMRO;0.928
566.25	566.50	AMRO;0.720
570.25	572.75	AMRO;0.990
573.00	573.75	AMRO;0.747
593.50	598.25	AMRO;0.990
328.00	331.25	ATPU;0.926
185.25	185.75	BAOR;0.852
212.25	212.50	BBPL;0.555
471.50	471.75	BBPL;0.521
521.50	521.75	BBPL;0.720
13.25	13.75	BHVI;0.893
113.00	113.25	BHVI;0.558
453.25	453.75	BHVI;0.732
409.25	409.50	BLGU;0.507
486.00	488.50	CHSP;0.817
496.25	498.75	CHSP;0.951
0.25	0.50	DEJU;0.624
164.50	164.75	DUFL;0.517
501.00	501.50	FISP;0.722
14.00	15.75	FOSP;0.964
31.00	32.75	FOSP;0.977
36.50	37.50	FOSP;0.969
43.75	45.00	FOSP;0.957
47.50	49.50	FOSP;0.989
61.00	61.25	FOSP;0.711
66.25	68.50	FOSP;0.983
94.25	96.50	FOSP;0.992
116.75	119.00	FOSP;0.992
141.25	144.00	FOSP;0.995
150.25	151.50	FOSP;0.994
159.75	162.75	FOSP;0.996
177.75	179.00	FOSP;0.864
181.00	183.50	FOSP;0.988
186.75	188.25	FOSP;0.959
204.00	205.25	FOSP;0.993
207.75	210.25	FOSP;0.995
212.50	213.75	FOSP;0.955
222.00	223.00	FOSP;0.914
233.50	234.75	FOSP;0.977
241.25	244.25	FOSP;0.996
255.25	259.75	FOSP;0.993
278.75	280.75	FOSP;0.994
427.75	430.50	FOSP;0.995
454.00	456.25	FOSP;0.991
473.50	476.00	FOSP;0.997
493.00	495.25	FOSP;0.994
536.75	539.25	FOSP;0.996
574.00	576.25	FOSP;0.984
591.25	593.50	FOSP;0.993
268.25	268.50	GRCA;0.509
282.50	282.75	GRCA;0.520
195.75	196.00	HETH;0.575
518.75	519.00	HETH;0.540
231.75	232.00	HOLA;0.540
210.75	211.25	LALO;0.548
0.25	0.75	LISP;0.768
26.75	28.25	LISP;0.932
41.75	43.25	LISP;0.982
55.75	56.75	LISP;0.863
83.25	84.00	LISP;0.826
97.75	98.75	LISP;0.894
111.00	112.25	LISP;0.986
125.00	126.25	LISP;0.976
139.50	141.00	LISP;0.948
153.00	154.25	LISP;0.986
167.75	169.00	LISP;0.957
196.00	197.00	LISP;0.943
214.50	215.75	LISP;0.928
223.75	225.00	LISP;0.967
230.50	232.00	LISP;0.974
237.25	238.50	LISP;0.827
251.00	251.75	LISP;0.938
266.00	267.75	LISP;0.881
281.25	282.75	LISP;0.945
516.25	517.00	LISP;0.827
525.00	527.00	LISP;0.995
529.25	529.75	LISP;0.755
539.00	540.00	LISP;0.871
549.50	551.75	LISP;0.994
562.50	565.25	LISP;0.993
576.50	577.75	LISP;0.919
588.00	590.00	LISP;0.955
584.50	585.00	MOCH;0.559
504.00	504.25	OSFL;0.617
532.00	532.25	OSPR;0.586
8.00	8.25	PIGR;0.501
5.00	5.50	PISI;0.857
130.00	131.00	PISI;0.986
131.25	132.75	PISI;0.929
136.50	138.00	PISI;0.991
159.00	159.75	PISI;0.963
163.00	164.25	PISI;0.986
165.25	166.00	PISI;0.921
193.25	194.00	PISI;0.995
195.00	195.75	PISI;0.976
198.00	199.50	PISI;0.995
200.00	201.00	PISI;0.997
202.50	203.75	PISI;0.997
205.50	206.50	PISI;0.967
285.50	286.50	PISI;0.912
288.75	289.25	PISI;0.905
421.25	424.00	PISI;0.956
424.25	427.25	PISI;0.994
431.75	432.25	PISI;0.875
449.00	449.25	PISI;0.683
456.25	462.25	PISI;0.997
463.50	465.75	PISI;0.988
535.50	536.25	PISI;0.910
554.75	555.25	PISI;0.794
37.50	37.75	PUFI;0.630
526.50	526.75	PUFI;0.633
70.75	71.00	PYNU;0.601
69.75	70.00	ROWR;0.658
83.25	83.50	ROWR;0.500
97.75	98.00	ROWR;0.521
111.00	111.50	ROWR;0.700
139.50	140.00	ROWR;0.790
153.25	153.50	ROWR;0.577
168.00	168.25	ROWR;0.516
223.50	224.00	ROWR;0.719
237.25	237.75	ROWR;0.742
250.50	251.25	ROWR;0.961
266.25	266.75	ROWR;0.574
281.50	281.75	ROWR;0.527
549.50	550.00	ROWR;0.670
45.75	46.25	RUGR;0.763
50.00	50.75	RUGR;0.776
58.75	59.50	RUGR;0.758
126.50	127.00	RUGR;0.668
128.00	129.50	RUGR;0.833
164.00	172.00	RUGR;0.984
240.00	248.00	RUGR;0.982
312.00	314.00	RUGR;0.857
320.75	321.50	RUGR;0.776
324.00	327.75	RUGR;0.954
328.00	329.00	RUGR;0.911
329.75	332.00	RUGR;0.869
344.00	348.00	RUGR;0.971
349.00	349.25	RUGR;0.666
362.00	364.00	RUGR;0.913
391.50	391.75	RUGR;0.662
404.00	404.25	RUGR;0.664
432.00	436.75	RUGR;0.928
438.00	440.00	RUGR;0.895
444.00	444.25	RUGR;0.700
492.00	492.75	RUGR;0.737
504.00	508.00	RUGR;0.983
519.00	520.00	RUGR;0.775
488.25	488.50	SEOW;0.583
7.75	8.00	SEPL;0.531
80.00	80.75	TOSO;0.701
108.50	109.25	TOSO;0.825
183.00	183.50	VESP;0.565
259.25	259.50	VESP;0.583
421.25	421.75	VGSW;0.733
39.25	39.50	WCSP;0.612
44.50	44.75	WCSP;0.639
124.75	125.00	WCSP;0.602
151.75	152.00	WCSP;0.755
187.50	187.75	WCSP;0.600
196.50	197.25	WCSP;0.686
222.50	223.25	WCSP;0.673
405.25	405.50	WCSP;0.516
405.25	405.50	WEFL;0.513
