32.50	32.75	AGOL;0.579
17.25	17.50	AMAV;0.766
8.25	8.75	AMRO;0.735
193.75	194.00	AMRO;0.504
275.75	277.00	AMRO;0.810
287.25	289.00	AMRO;0.932
117.50	117.75	BAOR;0.596
60.75	61.00	CAFI;0.575
136.25	136.50	CATE;0.593
0.75	1.75	CHSP;0.946
10.00	12.00	CHSP;0.992
21.75	25.00	CHSP;0.991
35.75	37.50	CHSP;0.992
48.00	49.00	CHSP;0.861
55.75	56.50	CHSP;0.884
65.50	67.00	CHSP;0.988
67.25	68.00	CHSP;0.739
75.25	77.50	CHSP;0.992
86.25	89.25	CHSP;0.987
97.00	97.75	CHSP;0.859
99.50	100.25	CHSP;0.810
108.50	110.75	CHSP;0.977
120.00	122.25	CHSP;0.986
130.75	133.00	CHSP;0.990
142.00	144.00	CHSP;0.987
153.00	156.75	CHSP;0.992
163.25	166.50	CHSP;0.993
170.25	173.50	CHSP;0.992
180.50	183.00	CHSP;0.991
189.50	193.00	CHSP;0.992
199.50	202.00	CHSP;0.986
210.00	212.75	CHSP;0.990
220.75	223.75	CHSP;0.989
229.50	229.75	CHSP;0.659
231.00	232.50	CHSP;0.989
239.00	241.50	CHSP;0.982
250.75	253.00	CHSP;0.989
261.00	263.25	CHSP;0.988
271.00	273.25	CHSP;0.987
282.75	283.50	CHSP;0.768
292.25	293.50	CHSP;0.869
108.75	109.00	DEJU;0.581
212.25	212.50	DEJU;0.530
281.50	281.75	DEJU;0.527
291.75	292.00	FISP;0.543
2.00	3.50	FOSP;0.965
13.25	13.75	FOSP;0.707
19.00	20.00	FOSP;0.956
22.50	24.00	FOSP;0.971
34.50	36.00	FOSP;0.970
46.00	48.00	FOSP;0.986
53.00	54.25	FOSP;0.901
56.25	58.00	FOSP;0.992
66.75	67.75	FOSP;0.916
77.25	78.75	FOSP;0.989
89.00	90.00	FOSP;0.981
97.75	99.75	FOSP;0.990
102.75	104.00	FOSP;0.990
115.75	117.00	FOSP;0.978
124.00	124.50	FOSP;0.732
130.00	131.00	FOSP;0.975
141.50	142.50	FOSP;0.976
159.25	160.50	FOSP;0.992
173.75	175.00	FOSP;0.976
197.00	197.75	FOSP;0.883
200.75	201.50	FOSP;0.882
218.25	219.00	FOSP;0.830
230.00	231.25	FOSP;0.993
242.25	244.00	FOSP;0.937
248.00	249.75	FOSP;0.972
266.25	267.00	FOSP;0.833
279.00	280.50	FOSP;0.991
292.00	292.25	FOSP;0.679
218.25	219.25	GCSP;0.688
34.25	34.75	HETH;0.657
115.50	116.00	HETH;0.704
129.75	130.00	HETH;0.742
159.00	159.25	HETH;0.534
123.50	123.75	LISP;0.621
17.25	17.50	MAMU;0.547
45.25	45.50	PISI;0.573
231.00	231.25	PUFI;0.564
81.25	81.50	PYNU;0.533
292.50	292.75	REVI;0.531
59.50	60.25	ROWR;0.653
149.00	150.50	SATH;0.790
18.75	19.00	SNBU;0.742
135.50	135.75	SNBU;0.674
162.00	163.50	SWSP;0.808
166.50	167.00	SWSP;0.626
168.25	169.75	SWSP;0.847
179.75	180.75	SWSP;0.762
194.50	196.25	SWSP;0.818
223.25	224.25	SWSP;0.618
236.00	237.25	SWSP;0.866
238.75	239.00	SWSP;0.534
255.75	257.00	SWSP;0.916
258.25	259.00	SWSP;0.711
274.50	275.75	SWSP;0.818
289.00	289.25	SWSP;0.566
295.50	296.25	SWSP;0.723
64.00	65.00	VATH;0.951
72.00	72.50	VATH;0.679
113.75	114.75	VATH;0.985
269.50	269.75	VATH;0.627
286.50	287.50	VATH;0.959
293.50	293.75	VATH;0.546
0.00	0.75	WCSP;0.975
13.75	15.00	WCSP;0.994
20.75	21.75	WCSP;0.835
79.50	80.25	WCSP;0.758
133.50	134.25	WCSP;0.863
209.50	210.00	WCSP;0.728
269.75	270.75	WCSP;0.979
282.00	282.50	WCSP;0.648
294.00	294.50	WCSP;0.706
151.50	151.75	WIWA;0.518
12.00	12.75	WTSP;0.770
21.00	21.75	WTSP;0.774
43.00	43.25	WTSP;0.670
154.00	154.50	WTSP;0.700
155.25	155.50	WTSP;0.684
175.00	179.00	WTSP;0.996
185.25	188.75	WTSP;0.993
202.75	206.25	WTSP;0.995
217.75	218.75	WTSP;0.906
219.00	221.00	WTSP;0.990
232.25	235.75	WTSP;0.995
253.00	255.00	WTSP;0.994
267.00	270.00	WTSP;0.993
282.00	282.25	WTSP;0.676
289.25	292.00	WTSP;0.993
28.75	29.25	YRWA;0.534
123.50	123.75	YRWA;0.554
