261.50	261.75	AMDI;0.529
42.25	42.75	AMRO;0.729
146.00	146.50	AMRO;0.557
166.25	166.50	AMRO;0.522
172.75	173.00	AMRO;0.541
230.25	231.00	AMRO;0.679
246.25	246.50	AMRO;0.548
248.75	250.00	AMRO;0.954
270.25	271.00	AMRO;0.824
16.50	17.00	BLPW;0.627
34.25	34.50	BLPW;0.589
71.00	71.50	BLPW;0.558
89.25	89.50	BLPW;0.545
105.75	106.00	BLPW;0.792
85.25	85.50	BRBL;0.665
43.50	44.00	BRSP;0.579
174.25	174.50	BRSP;0.611
207.75	208.00	BRSP;0.521
238.75	239.00	BRSP;0.715
284.25	284.50	BRSP;0.595
291.75	292.00	BRSP;0.774
293.50	293.75	BRSP;0.517
299.50	299.75	BRSP;0.518
10.00	10.75	FISP;0.716
39.75	40.25	FOSP;0.628
49.75	51.25	FOSP;0.876
62.25	64.00	FOSP;0.926
75.75	76.00	FOSP;0.534
76.25	77.50	FOSP;0.971
91.25	92.75	FOSP;0.953
107.00	108.00	FOSP;0.891
136.75	137.25	FOSP;0.650
257.25	258.75	FOSP;0.862
268.25	269.00	FOSP;0.601
271.25	272.50	FOSP;0.866
294.50	296.25	FOSP;0.984
2.50	3.00	GCSP;0.801
67.00	68.00	GCSP;0.961
122.50	122.75	GCSP;0.628
251.00	251.75	HETH;0.893
157.50	157.75	HEWA;0.543
225.75	226.00	HEWA;0.569
7.50	7.75	LARB;0.513
95.25	95.50	LARB;0.510
108.50	108.75	LASP;0.508
137.50	137.75	LASP;0.518
24.50	25.25	LISP;0.656
101.25	102.50	LISP;0.941
150.00	150.75	LISP;0.777
164.75	165.00	LISP;0.573
178.50	179.00	LISP;0.792
192.50	194.00	LISP;0.967
208.50	209.00	LISP;0.556
219.50	220.00	LISP;0.742
222.25	222.75	LISP;0.610
234.00	234.75	LISP;0.754
260.25	261.00	LISP;0.969
273.75	274.75	LISP;0.974
288.50	288.75	LISP;0.539
4.00	4.50	MOBL;0.968
22.50	22.75	MOBL;0.511
174.25	174.50	NAWA;0.511
225.75	226.00	NAWA;0.729
50.25	50.75	OROR;0.563
1.25	1.50	OSFL;0.534
153.25	153.50	OVEN;0.524
184.50	184.75	OVEN;0.511
190.25	190.50	OVEN;0.529
39.50	39.75	PIGR;0.714
172.75	173.00	PUFI;0.508
287.00	287.75	PUFI;0.649
20.25	20.75	REVI;0.654
41.50	41.75	REVI;0.536
96.25	96.75	RTHA;0.703
85.25	85.50	RWBL;0.545
160.00	160.50	RWBL;0.656
76.00	76.25	SAPH;0.509
279.25	279.50	SNBU;0.594
49.50	49.75	SOSP;0.793
75.25	75.50	SOSP;0.659
97.25	97.50	SOSP;0.624
116.75	117.00	SOSP;0.627
118.25	118.50	SOSP;0.672
119.50	119.75	SOSP;0.709
121.75	122.00	SOSP;0.656
126.50	126.75	SOSP;0.617
127.75	128.00	SOSP;0.625
130.25	130.50	SOSP;0.558
134.50	134.75	SOSP;0.625
136.25	136.50	SOSP;0.724
140.25	140.75	SOSP;0.903
143.50	143.75	SOSP;0.753
145.75	146.00	SOSP;0.752
147.75	148.00	SOSP;0.697
149.50	149.75	SOSP;0.762
153.25	153.50	SOSP;0.752
154.75	155.00	SOSP;0.625
156.25	156.50	SOSP;0.769
157.50	157.75	SOSP;0.712
159.25	159.50	SOSP;0.622
161.00	161.25	SOSP;0.531
162.50	162.75	SOSP;0.824
164.25	164.75	SOSP;0.648
165.75	166.00	SOSP;0.704
169.50	170.00	SOSP;0.922
171.25	171.75	SOSP;0.800
172.25	172.75	SOSP;0.564
175.75	176.00	SOSP;0.557
177.50	177.75	SOSP;0.530
181.25	181.75	SOSP;0.865
186.50	186.75	SOSP;0.811
188.25	188.50	SOSP;0.662
190.25	190.50	SOSP;0.606
192.00	192.25	SOSP;0.526
194.00	194.25	SOSP;0.614
197.00	197.25	SOSP;0.593
199.00	199.50	SOSP;0.752
202.50	202.75	SOSP;0.654
204.00	204.50	SOSP;0.778
205.75	206.00	SOSP;0.691
207.75	208.00	SOSP;0.611
209.75	210.00	SOSP;0.519
213.50	214.00	SOSP;0.576
217.50	217.75	SOSP;0.761
218.75	219.00	SOSP;0.790
220.25	220.50	SOSP;0.624
222.50	222.75	SOSP;0.515
227.75	228.00	SOSP;0.550
229.50	229.75	SOSP;0.862
233.00	233.25	SOSP;0.600
240.00	240.25	SOSP;0.644
242.00	242.50	SOSP;0.808
243.75	244.00	SOSP;0.563
245.50	246.00	SOSP;0.714
249.25	249.50	SOSP;0.726
250.75	251.00	SOSP;0.616
253.00	253.25	SOSP;0.556
255.25	255.50	SOSP;0.634
257.00	257.25	SOSP;0.717
259.00	259.25	SOSP;0.673
263.25	263.50	SOSP;0.552
265.00	265.25	SOSP;0.588
267.00	267.25	SOSP;0.769
271.50	271.75	SOSP;0.613
277.25	277.50	SOSP;0.872
280.50	280.75	SOSP;0.661
282.00	282.25	SOSP;0.630
286.25	286.50	SOSP;0.642
288.00	288.25	SOSP;0.685
291.75	292.00	SOSP;0.584
293.25	293.75	SOSP;0.740
294.75	295.25	SOSP;0.616
297.50	297.75	SOSP;0.671
299.50	299.75	SOSP;0.526
42.50	42.75	TOSO;0.528
147.25	147.50	WBNU;0.510
134.50	134.75	WCSP;0.528
164.25	164.75	WCSP;0.565
175.75	176.00	WCSP;0.565
177.50	177.75	WCSP;0.608
207.75	208.00	WCSP;0.570
257.00	257.25	WCSP;0.509
265.00	265.25	WCSP;0.568
271.50	271.75	WCSP;0.642
284.25	284.50	WCSP;0.645
291.75	292.00	WCSP;0.576
215.25	215.75	WEME;0.602
8.25	10.25	WTSP;0.976
15.50	16.25	WTSP;0.558
34.75	35.75	WTSP;0.732
44.00	46.25	WTSP;0.961
53.50	56.25	WTSP;0.978
71.50	73.00	WTSP;0.888
81.25	83.75	WTSP;0.985
97.25	97.50	WTSP;0.510
112.75	113.00	WTSP;0.553
118.25	118.50	WTSP;0.738
121.75	122.00	WTSP;0.734
138.50	138.75	WTSP;0.539
141.75	142.00	WTSP;0.511
143.50	143.75	WTSP;0.708
149.50	149.75	WTSP;0.654
153.25	153.50	WTSP;0.616
154.75	155.00	WTSP;0.671
181.50	181.75	WTSP;0.643
183.00	183.25	WTSP;0.638
190.25	190.50	WTSP;0.605
194.00	194.25	WTSP;0.534
197.00	197.50	WTSP;0.846
205.75	206.00	WTSP;0.512
218.75	219.00	WTSP;0.545
222.50	222.75	WTSP;0.607
227.75	228.00	WTSP;0.646
243.75	244.00	WTSP;0.681
249.25	249.50	WTSP;0.619
250.75	251.00	WTSP;0.697
259.00	259.25	WTSP;0.511
263.25	263.50	WTSP;0.765
265.00	265.25	WTSP;0.549
267.00	267.25	WTSP;0.663
277.25	277.50	WTSP;0.555
282.00	282.25	WTSP;0.678
286.25	286.50	WTSP;0.736
297.50	297.75	WTSP;0.574
