39.00	39.50	AMGP;0.693
183.25	184.00	AMRO;0.632
50.25	50.75	ATSP;0.857
220.50	220.75	BBPL;0.694
114.50	115.00	BLOY;0.678
237.50	238.00	BLOY;0.768
148.50	149.00	BRSP;0.590
280.50	281.00	BRSP;0.615
46.50	48.50	CHSP;0.908
54.75	57.75	CHSP;0.990
64.00	66.75	CHSP;0.991
72.50	75.00	CHSP;0.962
81.75	84.75	CHSP;0.995
89.00	91.50	CHSP;0.978
96.75	99.25	CHSP;0.992
104.50	107.25	CHSP;0.986
112.25	114.75	CHSP;0.990
119.50	122.25	CHSP;0.993
127.75	130.25	CHSP;0.981
135.25	138.00	CHSP;0.988
143.25	144.75	CHSP;0.956
148.75	151.00	CHSP;0.993
158.00	160.50	CHSP;0.993
165.75	168.00	CHSP;0.988
173.75	176.00	CHSP;0.987
179.75	182.25	CHSP;0.991
187.25	189.75	CHSP;0.987
194.25	196.50	CHSP;0.970
201.00	203.50	CHSP;0.991
209.25	211.75	CHSP;0.993
217.00	219.50	CHSP;0.980
225.25	227.25	CHSP;0.977
231.25	233.75	CHSP;0.993
238.75	241.25	CHSP;0.958
246.25	248.50	CHSP;0.952
254.25	256.00	CHSP;0.992
261.75	264.50	CHSP;0.991
271.00	273.50	CHSP;0.988
280.00	282.00	CHSP;0.989
289.25	291.00	CHSP;0.889
298.00	299.75	CHSP;0.980
143.50	144.00	DEJU;0.532
189.00	189.25	DEJU;0.535
246.75	247.00	DEJU;0.527
271.50	272.00	DEJU;0.563
122.50	122.75	FISP;0.509
144.50	145.00	FISP;0.578
168.50	168.75	FISP;0.517
189.75	190.00	FISP;0.541
273.50	274.25	FISP;0.569
106.25	106.75	HETH;0.662
0.25	0.50	HOLA;0.553
30.00	30.75	LASP;0.635
30.50	31.50	LISP;0.681
94.25	95.25	LISP;0.875
109.50	110.75	LISP;0.877
155.75	156.50	LISP;0.665
172.50	173.50	LISP;0.910
206.50	207.75	LISP;0.962
14.50	15.00	MOCH;0.679
27.50	28.00	MOCH;0.761
93.25	94.00	MOCH;0.900
199.75	200.00	MOCH;0.573
200.75	201.00	MOCH;0.515
224.50	225.25	MOCH;0.582
228.50	229.00	MOCH;0.599
229.25	229.75	MOCH;0.573
235.25	235.75	MOCH;0.529
250.00	251.50	MOCH;0.629
282.75	283.00	MOCH;0.512
185.00	185.25	PUFI;0.674
293.25	293.75	RUGR;0.595
294.25	294.75	RUGR;0.542
288.00	288.25	SWTH;0.568
288.50	288.75	TBLO;0.530
23.75	24.00	VATH;0.586
190.25	191.00	WCSP;0.769
11.00	12.50	WEWA;0.921
23.25	23.75	WEWA;0.693
24.50	24.75	WEWA;0.582
35.00	35.50	WEWA;0.877
48.00	48.50	WEWA;0.617
212.50	213.25	WIWA;0.959
2.25	3.50	WTSP;0.899
14.50	16.25	WTSP;0.985
27.25	29.75	WTSP;0.933
44.00	46.00	WTSP;0.988
88.00	89.25	WTSP;0.989
93.00	93.25	WTSP;0.688
99.25	102.00	WTSP;0.986
107.50	107.75	WTSP;0.713
111.25	112.25	WTSP;0.979
122.25	122.75	WTSP;0.797
132.50	133.00	WTSP;0.776
141.00	143.75	WTSP;0.954
144.50	145.25	WTSP;0.844
146.75	148.50	WTSP;0.931
153.75	155.00	WTSP;0.976
160.25	162.75	WTSP;0.992
168.00	170.00	WTSP;0.937
176.00	180.00	WTSP;0.995
189.25	190.50	WTSP;0.881
193.00	195.50	WTSP;0.990
196.00	197.75	WTSP;0.960
199.75	201.00	WTSP;0.926
208.00	210.00	WTSP;0.991
211.75	212.50	WTSP;0.754
216.50	217.25	WTSP;0.881
219.25	219.75	WTSP;0.704
223.25	225.50	WTSP;0.968
228.25	230.50	WTSP;0.884
234.50	236.75	WTSP;0.891
241.00	242.00	WTSP;0.988
244.50	246.75	WTSP;0.982
250.25	251.75	WTSP;0.827
266.50	267.25	WTSP;0.854
269.00	269.50	WTSP;0.830
278.50	280.00	WTSP;0.809
282.50	285.00	WTSP;0.976
3.50	5.00	YRWA;0.996
14.00	14.50	YRWA;0.887
24.00	24.50	YRWA;0.865
31.75	33.25	YRWA;0.996
42.75	44.00	YRWA;0.996
52.50	53.50	YRWA;0.968
61.75	63.50	YRWA;0.990
78.25	79.75	YRWA;0.992
102.75	104.25	YRWA;0.994
115.25	116.75	YRWA;0.995
126.00	127.25	YRWA;0.997
164.25	165.00	YRWA;0.969
