335.50	336.00	AMAV;0.690
260.00	261.50	AMRO;0.705
278.25	278.75	AMRO;0.566
284.75	285.25	AMRO;0.579
291.00	291.25	AMRO;0.510
298.25	298.75	AMRO;0.640
253.75	254.00	BAOR;0.548
472.75	473.00	BCCH;0.512
348.50	348.75	BRCR;0.619
57.50	58.00	BRSP;0.987
60.00	60.50	BRSP;0.986
469.75	470.00	BRSP;0.556
469.75	470.00	CHSP;0.561
492.75	493.00	CHSP;0.901
432.25	432.50	DEJU;0.525
137.25	137.50	EAME;0.515
17.00	17.50	FOSP;0.747
40.50	40.75	FOSP;0.669
41.50	41.75	FOSP;0.719
80.25	80.50	FOSP;0.664
81.00	81.50	FOSP;0.751
112.00	114.00	FOSP;0.967
137.00	138.50	FOSP;0.850
191.50	193.00	FOSP;0.743
217.50	218.00	FOSP;0.763
254.50	256.75	FOSP;0.891
271.25	272.75	FOSP;0.901
295.75	298.00	FOSP;0.944
324.00	325.75	FOSP;0.930
363.00	365.25	FOSP;0.988
382.25	384.75	FOSP;0.965
401.00	403.25	FOSP;0.985
423.00	425.25	FOSP;0.992
448.25	450.25	FOSP;0.983
476.75	479.00	FOSP;0.970
535.25	537.50	FOSP;0.981
568.00	570.50	FOSP;0.990
595.25	597.75	FOSP;0.982
348.50	348.75	GCKI;0.577
241.25	241.50	HETH;0.706
272.75	273.00	PUFI;0.509
340.25	340.50	RECR;0.607
262.00	262.25	SATH;0.550
16.00	16.25	SNBU;0.500
16.50	16.75	SNBU;0.517
41.00	42.00	SNBU;0.793
80.25	80.50	SNBU;0.672
112.50	112.75	SNBU;0.732
113.25	113.50	SNBU;0.548
192.50	193.00	SNBU;0.590
218.25	219.00	SNBU;0.952
255.50	255.75	SNBU;0.513
324.75	325.00	SNBU;0.504
363.50	363.75	SNBU;0.683
25.50	25.75	TOSO;0.532
78.25	78.75	TOSO;0.725
180.75	182.00	WCSP;0.986
193.75	194.50	WCSP;0.782
205.50	207.00	WCSP;0.986
310.25	310.75	WCSP;0.611
327.25	329.00	WCSP;0.898
344.00	345.75	WCSP;0.977
356.25	356.75	WCSP;0.696
367.75	368.00	WCSP;0.591
392.75	393.00	WCSP;0.556
469.75	470.00	WCSP;0.895
513.50	514.25	WCSP;0.729
538.50	540.00	WCSP;0.989
550.75	551.50	WCSP;0.860
492.75	493.00	WEFL;0.770
479.50	479.75	WTSP;0.520
488.00	488.50	WTSP;0.833
501.75	502.50	WTSP;0.841
513.25	513.75	WTSP;0.599
526.75	527.25	WTSP;0.543
558.75	559.25	WTSP;0.548
8.50	8.75	YRWA;0.543
24.50	25.00	YRWA;0.643
