3.75	4.50	AMRO;0.722
20.75	22.75	AMRO;0.891
37.00	37.50	AMRO;0.582
62.75	63.25	AMRO;0.516
70.00	70.25	AMRO;0.524
77.25	78.25	AMRO;0.664
78.50	79.75	AMRO;0.784
84.00	84.75	AMRO;0.597
92.00	92.50	AMRO;0.591
96.25	97.00	AMRO;0.661
108.25	109.25	AMRO;0.726
112.75	113.50	AMRO;0.817
117.25	117.75	AMRO;0.660
123.25	123.75	AMRO;0.522
127.00	129.00	AMRO;0.817
129.75	130.00	AMRO;0.576
147.25	148.00	AMRO;0.717
151.50	152.00	AMRO;0.595
160.50	160.75	AMRO;0.561
161.00	161.50	AMRO;0.599
166.75	168.00	AMRO;0.840
169.25	170.25	AMRO;0.660
174.50	175.00	AMRO;0.597
194.25	194.75	AMRO;0.636
201.50	202.00	AMRO;0.513
206.25	207.75	AMRO;0.639
220.25	221.75	AMRO;0.915
233.25	234.75	AMRO;0.821
238.50	240.50	AMRO;0.908
248.00	250.50	AMRO;0.797
256.50	257.75	AMRO;0.836
273.00	274.25	AMRO;0.951
288.25	288.75	AMRO;0.562
289.25	291.00	AMRO;0.754
299.00	299.25	AMRO;0.576
241.75	242.00	CATE;0.557
282.00	282.50	DEJU;0.631
296.50	296.75	EAME;0.536
44.25	44.50	FISP;0.517
63.25	63.75	FISP;0.596
64.25	64.75	FISP;0.593
103.25	104.00	FISP;0.635
114.75	115.75	FISP;0.581
212.25	212.75	FISP;0.558
219.00	219.50	FISP;0.643
292.25	293.00	FISP;0.856
2.00	3.75	FOSP;0.936
10.75	13.00	FOSP;0.989
27.50	30.75	FOSP;0.981
48.75	49.75	FOSP;0.731
53.75	54.75	FOSP;0.827
56.50	58.25	FOSP;0.858
63.75	65.25	FOSP;0.835
72.25	73.50	FOSP;0.843
75.25	75.50	FOSP;0.696
86.25	87.25	FOSP;0.882
95.00	96.50	FOSP;0.977
98.50	98.75	FOSP;0.665
99.00	99.25	FOSP;0.679
103.75	104.00	FOSP;0.663
104.50	104.75	FOSP;0.670
106.25	107.00	FOSP;0.794
115.25	115.50	FOSP;0.661
119.75	120.00	FOSP;0.659
124.00	126.00	FOSP;0.942
129.00	129.50	FOSP;0.841
133.25	135.00	FOSP;0.828
138.25	140.00	FOSP;0.982
143.50	145.00	FOSP;0.772
148.50	149.50	FOSP;0.845
150.75	151.50	FOSP;0.789
152.50	153.75	FOSP;0.958
157.25	158.50	FOSP;0.896
163.25	163.75	FOSP;0.717
164.50	165.00	FOSP;0.708
178.50	179.00	FOSP;0.771
182.25	184.00	FOSP;0.917
191.75	193.75	FOSP;0.949
196.75	198.25	FOSP;0.772
202.25	204.50	FOSP;0.951
209.50	210.75	FOSP;0.849
213.25	214.50	FOSP;0.711
219.50	220.25	FOSP;0.801
223.00	225.25	FOSP;0.966
230.75	233.50	FOSP;0.947
235.00	236.00	FOSP;0.930
242.25	243.75	FOSP;0.844
244.50	246.25	FOSP;0.970
251.00	252.50	FOSP;0.913
254.00	256.00	FOSP;0.988
261.25	263.25	FOSP;0.966
263.50	265.75	FOSP;0.996
275.00	276.50	FOSP;0.964
283.50	286.00	FOSP;0.961
293.25	294.00	FOSP;0.913
295.75	296.50	FOSP;0.796
162.00	162.75	GCSP;0.791
269.25	269.75	GCSP;0.645
78.50	78.75	GRYE;0.509
240.25	240.50	GRYE;0.597
0.25	1.50	LISP;0.863
30.75	31.75	LISP;0.926
40.25	40.75	LISP;0.656
158.50	159.50	LISP;0.798
186.75	187.25	LISP;0.607
243.75	244.25	LISP;0.673
294.75	295.00	LISP;0.576
44.25	44.75	MAMU;0.723
230.00	230.25	MAMU;0.517
235.50	235.75	OROR;0.537
65.25	65.50	PUFI;0.527
106.00	106.50	RBGR;0.556
231.75	232.00	SNBU;0.543
289.75	290.25	SWSP;0.642
38.25	38.75	VATH;0.800
46.25	47.00	VATH;0.829
114.25	114.75	VATH;0.673
168.00	168.50	VATH;0.840
222.25	222.75	VATH;0.798
90.50	90.75	VESP;0.517
6.75	8.00	WCSP;0.903
15.75	17.25	WCSP;0.996
24.25	25.50	WCSP;0.947
29.00	29.50	WCSP;0.701
33.75	35.75	WCSP;0.994
41.50	42.75	WCSP;0.846
45.25	45.75	WCSP;0.710
52.25	53.00	WCSP;0.803
54.00	54.75	WCSP;0.782
57.50	58.00	WCSP;0.718
61.25	62.75	WCSP;0.978
65.00	65.50	WCSP;0.750
70.50	72.25	WCSP;0.997
79.50	82.00	WCSP;0.995
86.00	89.50	WCSP;0.998
90.25	90.75	WCSP;0.718
95.75	96.75	WCSP;0.887
97.00	98.75	WCSP;0.995
106.75	109.00	WCSP;0.994
115.75	117.75	WCSP;0.996
125.00	125.75	WCSP;0.751
126.00	128.25	WCSP;0.994
136.25	138.00	WCSP;0.971
139.25	139.50	WCSP;0.658
145.50	147.75	WCSP;0.993
150.50	151.75	WCSP;0.944
156.00	157.25	WCSP;0.985
164.25	167.50	WCSP;0.996
175.75	178.25	WCSP;0.982
185.00	187.00	WCSP;0.993
195.00	197.00	WCSP;0.978
198.00	198.25	WCSP;0.743
205.75	207.25	WCSP;0.979
209.75	210.50	WCSP;0.903
216.00	217.50	WCSP;0.955
220.00	220.50	WCSP;0.686
226.50	228.00	WCSP;0.853
237.25	238.75	WCSP;0.979
249.25	253.00	WCSP;0.985
259.00	259.75	WCSP;0.753
265.25	265.50	WCSP;0.687
267.25	268.75	WCSP;0.969
272.25	272.50	WCSP;0.741
277.00	279.25	WCSP;0.968
283.75	284.00	WCSP;0.690
286.75	288.75	WCSP;0.996
293.25	294.25	WCSP;0.837
296.75	298.50	WCSP;0.992
4.25	8.00	WTSP;0.991
13.50	16.00	WTSP;0.995
19.25	21.00	WTSP;0.981
22.25	24.75	WTSP;0.990
25.25	26.00	WTSP;0.926
32.00	34.00	WTSP;0.921
41.25	45.25	WTSP;0.990
47.25	48.75	WTSP;0.982
49.50	53.25	WTSP;0.997
57.50	57.75	WTSP;0.670
58.50	61.75	WTSP;0.996
66.75	71.00	WTSP;0.995
74.25	75.25	WTSP;0.948
75.50	79.00	WTSP;0.997
81.25	82.75	WTSP;0.847
83.00	86.25	WTSP;0.995
91.25	95.25	WTSP;0.996
97.25	97.50	WTSP;0.715
100.75	103.75	WTSP;0.992
105.00	106.25	WTSP;0.975
109.50	113.00	WTSP;0.998
114.25	115.00	WTSP;0.736
118.00	119.50	WTSP;0.915
120.00	123.75	WTSP;0.996
130.00	133.25	WTSP;0.994
134.00	134.50	WTSP;0.726
136.00	137.00	WTSP;0.835
140.00	143.50	WTSP;0.995
149.50	150.00	WTSP;0.856
150.50	150.75	WTSP;0.667
153.50	156.50	WTSP;0.994
161.50	163.25	WTSP;0.925
164.00	164.50	WTSP;0.786
169.75	173.00	WTSP;0.997
173.25	173.50	WTSP;0.719
175.75	176.75	WTSP;0.772
179.00	182.50	WTSP;0.991
188.50	191.75	WTSP;0.996
194.75	195.75	WTSP;0.743
198.25	201.25	WTSP;0.993
205.75	206.25	WTSP;0.709
207.25	209.75	WTSP;0.982
211.50	212.25	WTSP;0.865
215.75	219.50	WTSP;0.992
226.00	230.00	WTSP;0.975
236.00	238.00	WTSP;0.958
238.50	239.25	WTSP;0.791
246.25	249.50	WTSP;0.988
257.75	260.75	WTSP;0.989
267.25	267.75	WTSP;0.725
268.25	270.25	WTSP;0.964
279.25	282.00	WTSP;0.995
290.25	293.25	WTSP;0.993
222.75	223.00	YRWA;0.504
