54.25	54.50	ATSP;0.790
51.00	51.25	BBWA;0.571
372.25	372.50	BBWA;0.528
101.50	101.75	BCCH;0.545
150.25	150.50	BCCH;0.548
465.25	465.75	BCCH;0.608
472.00	472.25	BCCH;0.565
484.75	485.00	BCCH;0.581
487.75	488.25	BCCH;0.679
560.25	560.75	BCCH;0.553
588.00	588.50	BCCH;0.614
430.00	430.50	BLJA;0.554
458.25	458.75	BOWA;0.820
441.75	442.00	BRSP;0.777
39.25	39.50	CHSP;0.806
42.00	42.25	CHSP;0.568
49.25	49.75	CHSP;0.823
58.50	58.75	EAWP;0.603
78.00	78.50	EAWP;0.826
541.75	542.00	EVGR;0.625
37.25	37.50	FISP;0.532
61.50	62.00	FISP;0.592
210.50	211.25	FISP;0.831
220.50	221.00	FISP;0.686
332.50	332.75	FISP;0.526
493.50	493.75	FISP;0.553
517.50	518.00	FISP;0.648
593.00	593.50	FISP;0.617
170.25	170.50	FOSP;0.506
521.25	523.00	FOSP;0.958
532.25	533.00	FOSP;0.887
540.50	541.50	FOSP;0.745
554.50	556.00	FOSP;0.765
575.00	575.75	FOSP;0.934
439.25	440.00	GCSP;0.691
449.50	449.75	HASP;0.540
58.50	58.75	HETH;0.600
66.00	67.00	HETH;0.936
73.75	74.00	HETH;0.532
85.00	85.75	HETH;0.975
143.50	144.50	HETH;0.963
150.00	150.75	HETH;0.863
159.25	159.50	HETH;0.546
169.00	169.50	HETH;0.628
189.75	190.25	HETH;0.661
255.25	255.50	HETH;0.523
356.00	356.75	HETH;0.872
374.75	375.00	HETH;0.737
402.25	403.00	HETH;0.722
409.75	410.00	HETH;0.529
422.00	422.75	HETH;0.963
445.00	445.75	HETH;0.795
462.00	462.75	HETH;0.875
465.75	466.00	HETH;0.520
476.75	477.75	HETH;0.925
483.00	484.00	HETH;0.907
490.25	491.50	HETH;0.975
495.25	495.75	HETH;0.792
502.25	503.25	HETH;0.990
514.75	515.00	HETH;0.705
524.00	524.50	HETH;0.797
560.25	561.00	HETH;0.728
51.00	51.25	HEWA;0.517
64.00	64.25	KILL;0.538
68.50	68.75	KILL;0.561
315.50	315.75	LALO;0.515
169.25	170.00	MAMU;0.726
533.75	534.25	MAMU;0.678
320.50	321.00	MOCH;0.654
465.00	465.50	MOCH;0.520
482.50	483.25	MOCH;0.643
486.50	487.00	MOCH;0.567
555.00	555.75	OROR;0.583
574.50	574.75	OSFL;0.502
372.25	372.50	PAWA;0.751
0.25	1.00	PISI;0.976
3.25	4.00	PISI;0.966
5.00	5.75	PISI;0.982
7.25	8.25	PISI;0.976
8.75	10.75	PISI;0.984
11.25	12.00	PISI;0.853
12.75	13.25	PISI;0.530
409.50	410.00	RUBL;0.740
158.75	159.00	SAPH;0.503
315.50	315.75	SNBU;0.689
340.75	341.00	SNBU;0.644
541.75	542.00	SNBU;0.515
575.00	575.25	SNBU;0.509
441.75	442.00	SOSP;0.599
551.25	551.75	TOSO;0.814
181.25	181.75	VESP;0.626
340.75	341.00	VESP;0.513
16.25	16.50	VGSW;0.620
6.00	7.00	WCSP;0.917
17.00	18.00	WCSP;0.974
21.00	21.25	WCSP;0.748
23.00	23.25	WCSP;0.708
26.75	28.00	WCSP;0.991
50.00	51.25	WCSP;0.967
54.25	54.50	WCSP;0.831
61.50	62.50	WCSP;0.844
73.25	73.50	WCSP;0.722
74.00	75.25	WCSP;0.994
76.75	77.75	WCSP;0.942
80.75	82.25	WCSP;0.969
86.50	88.75	WCSP;0.986
90.75	91.00	WCSP;0.666
91.25	91.75	WCSP;0.789
92.25	94.00	WCSP;0.989
96.25	97.75	WCSP;0.991
99.00	99.25	WCSP;0.675
108.25	110.00	WCSP;0.985
116.00	116.50	WCSP;0.701
122.50	123.50	WCSP;0.933
124.50	126.00	WCSP;0.997
131.25	132.00	WCSP;0.955
141.50	142.75	WCSP;0.989
145.25	146.00	WCSP;0.789
152.75	154.25	WCSP;0.990
159.25	160.00	WCSP;0.857
162.25	164.00	WCSP;0.921
174.00	175.75	WCSP;0.993
183.25	185.00	WCSP;0.994
193.25	195.25	WCSP;0.997
205.50	206.25	WCSP;0.847
213.50	214.00	WCSP;0.687
224.50	226.00	WCSP;0.995
228.50	229.50	WCSP;0.943
231.00	233.00	WCSP;0.991
238.00	240.00	WCSP;0.978
240.75	241.75	WCSP;0.926
245.00	247.00	WCSP;0.987
251.25	253.50	WCSP;0.998
257.50	259.50	WCSP;0.996
264.00	266.25	WCSP;0.993
267.50	268.00	WCSP;0.801
271.25	273.50	WCSP;0.995
278.25	281.25	WCSP;0.992
286.25	288.50	WCSP;0.996
290.25	291.00	WCSP;0.902
293.50	295.75	WCSP;0.993
300.25	301.25	WCSP;0.857
303.25	305.25	WCSP;0.993
308.25	309.00	WCSP;0.945
316.00	316.50	WCSP;0.894
317.75	318.75	WCSP;0.995
330.25	331.25	WCSP;0.881
332.25	333.00	WCSP;0.838
336.50	338.25	WCSP;0.996
343.25	345.50	WCSP;0.996
352.75	354.75	WCSP;0.995
357.50	358.50	WCSP;0.978
360.25	362.00	WCSP;0.965
366.50	368.50	WCSP;0.993
369.25	371.75	WCSP;0.995
377.25	379.50	WCSP;0.994
384.75	386.75	WCSP;0.994
395.25	397.50	WCSP;0.994
405.50	407.75	WCSP;0.995
412.75	413.25	WCSP;0.736
415.75	418.00	WCSP;0.992
422.50	422.75	WCSP;0.701
424.50	426.75	WCSP;0.993
431.00	431.50	WCSP;0.771
432.25	434.50	WCSP;0.993
438.75	442.00	WCSP;0.994
446.50	448.00	WCSP;0.873
448.75	449.00	WCSP;0.671
449.25	451.50	WCSP;0.995
454.50	454.75	WCSP;0.736
458.75	460.75	WCSP;0.995
464.00	465.00	WCSP;0.976
466.50	468.75	WCSP;0.993
473.25	474.00	WCSP;0.873
479.50	480.25	WCSP;0.869
482.50	483.00	WCSP;0.760
486.75	487.75	WCSP;0.899
498.50	500.75	WCSP;0.988
509.25	511.00	WCSP;0.994
592.50	593.50	WCSP;0.906
42.00	42.25	WEFL;0.506
37.25	37.75	WTSP;0.619
90.75	91.00	WTSP;0.557
116.00	116.50	WTSP;0.582
145.25	146.00	WTSP;0.812
213.50	214.25	WTSP;0.713
231.00	231.50	WTSP;0.514
238.25	238.50	WTSP;0.542
261.50	261.75	WTSP;0.580
267.25	268.00	WTSP;0.729
277.75	278.75	WTSP;0.708
300.25	301.00	WTSP;0.710
343.25	344.00	WTSP;0.605
412.75	413.25	WTSP;0.686
418.25	418.50	WTSP;0.623
446.00	446.75	WTSP;0.725
454.50	455.50	WTSP;0.649
473.50	473.75	WTSP;0.523
493.25	494.00	WTSP;0.725
