195.00	195.75	AMRO;0.850
80.50	80.75	ATSP;0.608
84.00	84.25	ATSP;0.631
178.25	178.75	ATSP;0.762
103.25	103.75	BHCO;0.608
268.50	268.75	BHVI;0.664
96.00	96.50	CHSP;0.681
103.25	103.75	CHSP;0.636
109.50	109.75	CHSP;0.843
0.50	0.75	CLSW;0.652
219.00	219.50	DEJU;0.540
50.25	50.50	FISP;0.602
55.50	56.00	FOSP;0.550
83.00	83.50	FOSP;0.623
226.75	228.75	FOSP;0.972
233.75	234.00	FOSP;0.596
240.00	240.50	FOSP;0.984
252.25	252.50	FOSP;0.556
267.00	267.25	FOSP;0.886
270.00	270.50	FOSP;0.856
274.50	274.75	FOSP;0.884
278.00	279.50	FOSP;0.983
280.75	281.00	FOSP;0.633
285.00	285.25	FOSP;0.821
288.00	288.25	FOSP;0.876
292.25	292.50	FOSP;0.820
295.75	297.50	FOSP;0.971
299.00	299.25	FOSP;0.877
88.25	88.50	GCSP;0.559
267.00	267.25	GCSP;0.507
255.50	255.75	GRYE;0.503
252.25	252.50	HOWA;0.808
268.25	268.75	HUVI;0.741
290.50	290.75	LEOW;0.570
193.50	195.00	LISP;0.970
218.50	219.00	LISP;0.557
234.25	235.75	LISP;0.882
246.25	247.50	LISP;0.969
258.75	260.00	LISP;0.908
270.75	272.00	LISP;0.981
294.75	295.75	LISP;0.915
6.00	6.25	NAWA;0.559
252.25	252.50	NOWA;0.849
256.50	256.75	NOWA;0.955
6.00	6.25	OCWA;0.500
50.00	50.50	OCWA;0.951
51.25	52.00	OCWA;0.987
54.00	54.75	OCWA;0.994
59.75	60.00	OCWA;0.930
3.25	3.50	PISI;0.805
4.50	4.75	PISI;0.685
7.25	8.00	PISI;0.863
38.00	38.25	PISI;0.746
47.75	48.75	PISI;0.967
50.75	51.25	PISI;0.708
52.25	53.50	PISI;0.956
56.50	59.75	PISI;0.992
60.25	61.75	PISI;0.952
63.75	69.50	PISI;0.998
70.00	71.25	PISI;0.964
72.00	79.25	PISI;0.998
79.50	82.75	PISI;0.976
98.00	98.25	PISI;0.664
116.75	118.50	PISI;0.862
122.25	132.50	PISI;0.998
132.75	134.25	PISI;0.994
137.25	138.00	PISI;0.842
170.50	170.75	PISI;0.705
172.25	175.50	PISI;0.993
177.00	178.25	PISI;0.994
185.00	187.75	PISI;0.973
193.00	193.50	PISI;0.775
198.00	200.00	PISI;0.987
201.00	201.25	PISI;0.709
207.00	207.50	PISI;0.663
213.25	214.75	PISI;0.986
216.00	216.50	PISI;0.827
220.75	221.00	PISI;0.717
223.00	225.25	PISI;0.988
230.50	231.25	PISI;0.859
236.25	237.00	PISI;0.757
238.75	239.25	PISI;0.797
243.00	243.50	PISI;0.764
244.00	244.75	PISI;0.976
248.50	249.50	PISI;0.930
250.75	251.75	PISI;0.968
272.25	273.25	PISI;0.948
274.00	274.50	PISI;0.839
275.00	277.25	PISI;0.999
279.50	284.00	PISI;0.979
284.50	285.00	PISI;0.832
285.50	287.25	PISI;0.995
287.50	287.75	PISI;0.662
288.50	290.25	PISI;0.960
291.25	292.00	PISI;0.916
235.75	236.00	PUFI;0.732
247.50	247.75	PUFI;0.515
67.25	67.50	RCKI;0.564
132.50	132.75	SNBU;0.500
240.00	240.25	SOSP;0.656
267.00	267.25	SOSP;0.573
270.00	270.50	SOSP;0.515
274.50	274.75	SOSP;0.647
280.75	281.25	SOSP;0.718
285.00	285.50	SOSP;0.890
288.00	288.25	SOSP;0.693
298.75	299.25	SOSP;0.764
2.75	3.00	SWSP;0.739
3.25	4.00	SWSP;0.752
9.75	11.50	SWSP;0.920
17.50	18.50	SWSP;0.779
25.00	26.50	SWSP;0.897
33.25	34.50	SWSP;0.936
40.75	42.25	SWSP;0.971
63.25	63.75	SWSP;0.736
86.00	87.75	SWSP;0.937
94.50	95.00	SWSP;0.784
101.25	102.00	SWSP;0.911
107.25	107.75	SWSP;0.870
108.00	108.75	SWSP;0.854
114.25	116.00	SWSP;0.984
121.50	122.50	SWSP;0.886
135.00	136.00	SWSP;0.945
141.00	142.50	SWSP;0.976
148.25	149.75	SWSP;0.972
155.25	156.75	SWSP;0.968
162.00	163.75	SWSP;0.963
168.75	170.50	SWSP;0.953
176.25	177.00	SWSP;0.827
182.50	184.00	SWSP;0.970
189.50	190.00	SWSP;0.785
190.25	191.00	SWSP;0.809
196.25	198.00	SWSP;0.979
203.75	205.00	SWSP;0.947
211.00	212.75	SWSP;0.918
232.50	233.75	SWSP;0.946
239.50	239.75	SWSP;0.687
240.50	240.75	SWSP;0.701
254.50	254.75	SWSP;0.675
255.00	255.50	SWSP;0.724
261.50	263.00	SWSP;0.941
273.25	273.50	SWSP;0.720
24.25	24.50	TEWA;0.558
85.25	86.00	TEWA;0.812
100.25	101.00	TEWA;0.800
106.25	107.00	TEWA;0.792
113.25	114.25	TEWA;0.858
200.50	201.75	TRES;0.659
88.25	89.00	WCSP;0.931
152.50	154.00	WCSP;0.983
164.50	165.75	WCSP;0.943
180.25	181.75	WCSP;0.799
192.00	193.00	WCSP;0.969
207.75	209.50	WCSP;0.992
221.25	223.00	WCSP;0.985
242.25	243.75	WCSP;0.972
80.50	80.75	WEFL;0.748
103.25	103.50	WEFL;0.613
104.50	104.75	WEFL;0.601
105.25	105.75	WEFL;0.741
109.50	109.75	WEFL;0.514
111.75	112.00	WEFL;0.919
47.50	47.75	WIWA;0.523
99.25	100.00	WTSP;0.953
140.00	141.00	WTSP;0.953
165.25	166.00	WTSP;0.574
220.50	220.75	WTSP;0.550
248.25	248.50	WTSP;0.501
280.75	281.00	WTSP;0.605
290.75	291.00	WTSP;0.672
292.25	292.50	WTSP;0.658
