266.00	266.50	AMRO;0.807
95.75	96.00	BBPL;0.523
47.00	47.25	BRSP;0.517
54.00	54.50	BRSP;0.578
67.75	68.00	BRSP;0.501
258.50	258.75	BRSP;0.535
285.00	285.75	BRSP;0.757
6.75	7.00	CHSP;0.507
14.25	14.50	CHSP;0.512
15.00	15.50	CHSP;0.549
40.00	40.50	CHSP;0.738
54.00	54.25	CHSP;0.506
97.50	97.75	CHSP;0.510
127.50	127.75	CHSP;0.525
128.25	128.75	CHSP;0.535
151.50	152.75	CHSP;0.730
200.50	200.75	CHSP;0.511
201.25	201.75	CHSP;0.568
202.25	202.50	CHSP;0.510
209.25	210.50	CHSP;0.621
216.75	218.50	CHSP;0.798
225.25	227.25	CHSP;0.888
251.00	251.75	CHSP;0.638
258.50	258.75	CHSP;0.602
276.25	277.00	CHSP;0.547
55.00	56.00	FISP;0.726
1.00	3.25	FOSP;0.974
26.25	26.75	FOSP;0.758
45.50	46.25	GCSP;0.817
205.75	206.50	HETH;0.669
280.25	280.75	HETH;0.760
211.50	211.75	LALO;0.825
90.00	90.25	LESA;0.642
125.25	126.25	LISP;0.881
143.00	143.50	LISP;0.672
193.25	194.00	LISP;0.752
224.25	224.75	LISP;0.638
239.00	240.75	LISP;0.990
293.75	294.50	LISP;0.660
9.00	9.50	MOCH;0.838
22.50	22.75	MOCH;0.679
34.00	34.50	MOCH;0.593
115.25	115.50	MOCH;0.640
139.25	139.75	MOCH;0.619
213.50	213.75	MOCH;0.599
44.25	44.50	RWBL;0.567
6.25	7.00	SEOW;0.723
14.25	14.75	SEOW;0.629
15.00	15.50	SEOW;0.628
21.50	22.25	SEOW;0.629
23.00	23.50	SEOW;0.818
30.75	32.00	SEOW;0.846
38.50	39.00	SEOW;0.610
60.00	60.75	SEOW;0.731
68.25	69.25	SEOW;0.888
82.50	84.00	SEOW;0.756
90.25	91.50	SEOW;0.877
97.25	98.00	SEOW;0.629
98.25	98.50	SEOW;0.688
105.25	106.25	SEOW;0.845
111.00	112.00	SEOW;0.808
112.50	112.75	SEOW;0.555
118.25	120.00	SEOW;0.811
127.25	129.00	SEOW;0.781
135.25	137.00	SEOW;0.791
144.25	145.00	SEOW;0.728
152.50	152.75	SEOW;0.549
159.50	160.50	SEOW;0.661
166.50	168.50	SEOW;0.825
176.00	176.75	SEOW;0.742
184.25	185.75	SEOW;0.719
200.50	200.75	SEOW;0.545
201.25	202.75	SEOW;0.825
209.25	209.75	SEOW;0.593
210.00	210.75	SEOW;0.668
225.00	225.25	SEOW;0.500
234.50	236.25	SEOW;0.672
250.75	251.00	SEOW;0.516
251.25	251.75	SEOW;0.687
259.75	260.00	SEOW;0.657
268.25	269.50	SEOW;0.677
276.00	276.75	SEOW;0.769
277.00	277.25	SEOW;0.564
284.00	285.00	SEOW;0.721
73.25	73.50	SOSA;0.676
254.50	255.00	SOSA;0.665
269.50	270.00	SOSA;0.799
26.25	26.75	SOSP;0.822
109.25	109.75	SPPI;0.730
211.50	211.75	SPPI;0.542
255.75	256.00	SPPI;0.679
20.00	20.50	SWSP;0.678
150.25	150.50	VATH;0.509
28.25	29.50	WCSP;0.774
45.50	46.00	WCSP;0.610
73.00	73.25	WCSP;0.552
286.00	286.75	WCSP;0.968
93.25	93.75	WIWA;0.626
281.50	282.50	WIWA;0.917
9.25	9.50	WTSP;0.674
15.25	17.50	WTSP;0.989
22.50	22.75	WTSP;0.704
24.50	25.50	WTSP;0.889
28.50	29.25	WTSP;0.786
34.00	35.00	WTSP;0.917
35.50	36.00	WTSP;0.731
40.75	41.75	WTSP;0.948
46.00	46.75	WTSP;0.764
47.00	48.00	WTSP;0.876
48.25	48.50	WTSP;0.679
54.00	56.25	WTSP;0.887
62.50	66.00	WTSP;0.996
72.50	73.00	WTSP;0.667
73.75	75.75	WTSP;0.993
80.50	82.75	WTSP;0.990
103.25	103.50	WTSP;0.666
113.75	115.75	WTSP;0.972
124.00	125.00	WTSP;0.947
126.25	126.50	WTSP;0.715
133.00	134.75	WTSP;0.990
138.50	139.75	WTSP;0.915
157.00	159.25	WTSP;0.990
180.25	181.50	WTSP;0.979
194.50	195.25	WTSP;0.913
231.50	234.00	WTSP;0.931
243.00	245.00	WTSP;0.988
257.25	258.25	WTSP;0.875
258.75	259.50	WTSP;0.811
296.00	299.00	WTSP;0.987
108.25	108.75	YRWA;0.665
163.25	163.50	YRWA;0.537
224.25	224.75	YRWA;0.625
