4.50	8.25	AMRO;0.992
11.75	16.75	AMRO;0.995
21.75	23.75	AMRO;0.968
27.50	27.75	AMRO;0.669
29.50	35.75	AMRO;0.996
38.00	40.50	AMRO;0.997
44.25	46.25	AMRO;0.983
49.25	54.75	AMRO;0.997
57.75	60.75	AMRO;0.993
65.00	67.00	AMRO;0.990
70.00	72.00	AMRO;0.967
75.00	78.25	AMRO;0.997
81.00	83.75	AMRO;0.995
87.50	89.75	AMRO;0.998
92.25	93.25	AMRO;0.890
94.00	97.25	AMRO;0.984
99.50	102.00	AMRO;0.997
106.00	108.25	AMRO;0.948
111.00	113.00	AMRO;0.995
114.00	115.50	AMRO;0.991
119.25	121.50	AMRO;0.991
124.50	127.00	AMRO;0.992
129.00	131.75	AMRO;0.988
135.00	136.75	AMRO;0.991
140.00	143.00	AMRO;0.998
146.25	148.75	AMRO;0.998
151.25	153.75	AMRO;0.996
156.25	158.75	AMRO;0.994
162.00	164.00	AMRO;0.996
167.75	170.00	AMRO;0.988
173.25	176.00	AMRO;0.996
179.00	180.75	AMRO;0.957
183.25	186.50	AMRO;0.995
189.25	192.00	AMRO;0.998
194.75	197.50	AMRO;0.998
201.00	203.50	AMRO;0.996
206.50	208.50	AMRO;0.991
213.00	217.75	AMRO;0.994
221.25	223.50	AMRO;0.996
227.00	229.50	AMRO;0.998
233.50	236.75	AMRO;0.995
240.50	243.50	AMRO;0.995
247.75	250.50	AMRO;0.995
254.50	257.25	AMRO;0.994
260.25	262.75	AMRO;0.996
265.00	267.25	AMRO;0.992
271.75	273.75	AMRO;0.989
278.00	280.50	AMRO;0.958
284.00	287.00	AMRO;0.997
292.00	294.25	AMRO;0.991
299.50	302.75	AMRO;0.996
305.25	307.75	AMRO;0.987
313.50	317.50	AMRO;0.994
321.75	323.75	AMRO;0.994
328.00	330.50	AMRO;0.997
334.25	336.75	AMRO;0.993
340.75	343.00	AMRO;0.990
346.75	350.75	AMRO;0.994
353.50	356.75	AMRO;0.997
361.00	363.75	AMRO;0.997
366.75	368.75	AMRO;0.997
372.50	377.25	AMRO;0.997
380.00	382.75	AMRO;0.996
387.00	389.25	AMRO;0.997
393.50	396.75	AMRO;0.997
400.25	402.75	AMRO;0.992
406.00	409.00	AMRO;0.996
414.75	417.25	AMRO;0.990
421.75	423.75	AMRO;0.993
427.25	430.25	AMRO;0.996
434.25	437.00	AMRO;0.981
440.25	445.25	AMRO;0.995
449.25	452.00	AMRO;0.987
456.25	458.25	AMRO;0.997
464.00	467.00	AMRO;0.992
472.00	474.75	AMRO;0.996
478.25	481.00	AMRO;0.990
487.50	491.00	AMRO;0.983
496.00	498.75	AMRO;0.998
502.25	505.00	AMRO;0.996
529.50	532.50	AMRO;0.995
537.25	540.75	AMRO;0.994
543.75	547.00	AMRO;0.993
551.50	556.75	AMRO;0.994
560.75	562.75	AMRO;0.978
570.00	573.50	AMRO;0.996
576.50	580.00	AMRO;0.997
583.25	586.00	AMRO;0.996
591.00	593.75	AMRO;0.997
597.25	600.00	AMRO;0.996
81.25	81.50	BAOR;0.511
350.25	350.50	BAOR;0.589
512.25	512.50	BCCH;0.635
101.25	101.50	BHGR;0.514
119.50	119.75	BHGR;0.567
130.00	130.50	BHGR;0.549
27.50	27.75	BRTH;0.517
74.50	75.00	CHSP;0.572
112.50	114.00	CHSP;0.845
159.50	159.75	CHSP;0.647
438.50	439.50	DEJU;0.808
447.25	448.75	DEJU;0.912
452.00	453.50	DEJU;0.918
459.50	461.00	DEJU;0.933
469.00	470.25	DEJU;0.873
482.50	484.00	DEJU;0.960
487.75	488.50	DEJU;0.547
554.50	555.25	DEJU;0.782
559.25	559.75	DEJU;0.708
564.50	565.00	DEJU;0.668
569.75	570.25	DEJU;0.639
574.75	575.75	DEJU;0.838
580.00	580.50	DEJU;0.690
584.75	585.00	DEJU;0.537
589.50	590.75	DEJU;0.884
594.50	595.00	DEJU;0.589
64.25	64.75	FISP;0.631
103.50	104.00	FISP;0.591
124.00	124.75	FISP;0.706
588.00	588.50	FISP;0.617
19.00	19.25	GCSP;0.529
43.50	44.25	GCSP;0.915
55.75	57.00	GCSP;0.899
109.00	109.75	GCSP;0.893
136.25	136.75	GCSP;0.691
149.50	150.50	GCSP;0.968
163.75	164.00	GCSP;0.611
176.50	177.50	GCSP;0.699
233.00	233.50	GCSP;0.772
246.25	246.75	GCSP;0.625
259.25	259.50	GCSP;0.665
289.25	290.00	GCSP;0.919
301.50	302.00	GCSP;0.529
344.25	345.00	GCSP;0.900
384.75	386.00	GCSP;0.868
397.25	398.00	GCSP;0.714
431.50	432.25	GCSP;0.886
456.00	456.25	GCSP;0.543
508.50	509.75	GCSP;0.967
521.75	522.00	GCSP;0.706
547.50	548.25	GCSP;0.884
81.25	81.50	GWTE;0.512
247.75	248.00	GWTE;0.501
302.00	302.25	GWTE;0.516
417.00	417.25	GWTE;0.526
466.75	467.00	GWTE;0.536
496.00	496.25	GWTE;0.604
554.25	554.50	GWTE;0.616
579.50	580.00	GWTE;0.566
583.25	583.50	GWTE;0.552
85.00	85.25	HASP;0.550
211.00	211.50	HASP;0.563
510.00	510.50	HASP;0.620
518.00	518.25	HASP;0.521
527.50	527.75	HASP;0.524
512.25	512.50	HETH;0.516
427.75	428.00	HEWA;0.510
333.25	333.75	MOCH;0.690
405.50	405.75	MOCH;0.510
534.50	535.00	MOCH;0.761
427.75	428.00	NAWA;0.534
569.75	570.00	OCWA;0.510
106.50	106.75	RBGR;0.502
227.75	228.00	RBGR;0.528
241.25	241.75	RBGR;0.669
279.25	280.00	RBGR;0.736
0.00	4.00	RUGR;0.927
64.00	68.00	RUGR;0.926
243.50	243.75	RUTU;0.548
136.50	136.75	RWBL;0.669
246.25	246.75	RWBL;0.579
371.25	371.50	RWBL;0.558
419.00	419.25	RWBL;0.580
456.00	456.25	RWBL;0.525
521.75	522.00	RWBL;0.622
239.00	239.25	SAPH;0.744
35.50	36.00	SEPL;0.628
446.00	446.50	SWSP;0.776
427.75	428.00	VESP;0.533
9.25	9.75	WCSP;0.585
24.50	25.75	WCSP;0.929
37.25	38.00	WCSP;0.896
72.00	72.75	WCSP;0.967
85.00	86.00	WCSP;0.719
91.50	92.00	WCSP;0.721
103.75	104.75	WCSP;0.778
118.00	118.50	WCSP;0.563
138.25	139.25	WCSP;0.863
145.00	146.00	WCSP;0.890
165.75	166.75	WCSP;0.730
173.00	173.50	WCSP;0.653
192.00	192.75	WCSP;0.950
199.25	200.75	WCSP;0.979
211.25	212.25	WCSP;0.708
236.25	237.00	WCSP;0.837
269.00	270.00	WCSP;0.931
309.75	311.00	WCSP;0.923
318.25	318.50	WCSP;0.546
325.75	326.50	WCSP;0.755
365.50	366.00	WCSP;0.695
398.00	398.25	WCSP;0.512
405.50	405.75	WCSP;0.505
475.50	476.25	WCSP;0.665
485.50	486.00	WCSP;0.744
495.25	496.00	WCSP;0.858
518.00	519.00	WCSP;0.899
9.00	9.50	WTSP;0.625
24.25	24.50	WTSP;0.511
64.50	64.75	WTSP;0.512
78.50	79.00	WTSP;0.590
118.00	118.50	WTSP;0.619
138.25	138.50	WTSP;0.567
164.75	165.00	WTSP;0.515
224.25	224.75	WTSP;0.681
230.25	230.50	WTSP;0.537
317.25	317.50	WTSP;0.512
365.25	365.75	WTSP;0.557
527.25	529.50	WTSP;0.936
588.00	588.50	WTSP;0.605
482.00	482.50	WWCR;0.611
