20.25	24.00	AMRO;0.972
25.75	30.75	AMRO;0.991
31.25	32.50	AMRO;0.853
34.00	34.50	AMRO;0.755
35.25	40.25	AMRO;0.976
40.50	41.00	AMRO;0.697
44.75	52.75	AMRO;0.983
54.75	58.50	AMRO;0.967
60.50	60.75	AMRO;0.712
61.75	62.00	AMRO;0.678
62.25	64.25	AMRO;0.969
68.50	69.50	AMRO;0.878
70.00	72.00	AMRO;0.808
75.50	76.25	AMRO;0.811
79.25	81.25	AMRO;0.829
83.25	83.75	AMRO;0.737
92.75	93.75	AMRO;0.866
101.00	101.75	AMRO;0.725
103.50	105.00	AMRO;0.889
111.00	112.25	AMRO;0.807
142.50	142.75	ATSP;0.789
111.50	112.00	BAOR;0.646
59.25	59.75	BLGU;0.596
119.75	120.00	CHSP;0.510
167.50	168.00	CHSP;0.587
128.50	129.00	FISP;0.693
8.25	10.25	FOSP;0.985
19.75	20.25	FOSP;0.749
32.50	34.00	FOSP;0.945
73.00	74.75	FOSP;0.994
89.25	91.00	FOSP;0.990
98.50	100.75	FOSP;0.972
109.25	109.50	FOSP;0.690
118.25	120.25	FOSP;0.957
132.75	134.00	FOSP;0.921
140.25	140.75	FOSP;0.783
141.50	142.75	FOSP;0.927
143.00	143.25	FOSP;0.667
153.00	154.25	FOSP;0.925
164.25	165.75	FOSP;0.921
175.00	176.75	FOSP;0.982
184.25	186.25	FOSP;0.952
196.25	198.00	FOSP;0.979
203.00	203.75	FOSP;0.935
206.25	208.00	FOSP;0.966
218.25	220.50	FOSP;0.955
229.00	230.75	FOSP;0.994
291.50	293.00	FOSP;0.949
89.25	89.75	GCSP;0.698
109.25	109.75	GCSP;0.654
156.75	157.00	GRSP;0.538
19.25	19.50	KILL;0.506
38.00	38.50	LISP;0.695
61.00	61.50	LISP;0.626
294.75	295.00	LISP;0.514
18.25	18.50	MOCH;0.501
238.25	238.50	MOCH;0.551
277.50	278.00	MOCH;0.591
288.25	289.25	MOCH;0.945
19.75	20.00	PIGR;0.574
31.25	32.00	RBGR;0.726
41.25	41.75	RBGR;0.627
30.50	30.75	SAND;0.522
93.75	94.25	SOSA;0.716
261.25	261.50	SOSA;0.541
156.50	157.00	SOSP;0.844
111.50	112.00	SUTA;0.639
0.25	0.75	VATH;0.908
82.50	82.75	VATH;0.511
148.00	148.50	VATH;0.749
74.50	75.00	VESP;0.672
100.25	100.50	VESP;0.598
143.00	143.25	VESP;0.526
207.25	208.00	VESP;0.688
2.00	6.25	WCSP;0.992
12.00	14.75	WCSP;0.994
22.75	24.75	WCSP;0.989
34.50	37.00	WCSP;0.986
42.75	44.75	WCSP;0.996
51.25	52.25	WCSP;0.945
52.50	54.75	WCSP;0.996
59.25	59.75	WCSP;0.721
64.00	66.25	WCSP;0.995
74.25	74.75	WCSP;0.753
76.50	78.75	WCSP;0.995
85.00	87.25	WCSP;0.993
95.50	98.00	WCSP;0.993
105.50	109.00	WCSP;0.996
112.00	112.50	WCSP;0.721
112.75	113.50	WCSP;0.961
114.00	115.25	WCSP;0.997
116.00	118.00	WCSP;0.981
119.50	120.00	WCSP;0.950
124.25	126.75	WCSP;0.995
130.25	131.00	WCSP;0.998
134.50	137.00	WCSP;0.993
143.25	145.00	WCSP;0.992
150.75	153.75	WCSP;0.997
160.75	163.00	WCSP;0.997
165.00	166.00	WCSP;0.793
169.75	172.00	WCSP;0.992
179.25	182.00	WCSP;0.997
188.00	190.25	WCSP;0.988
195.75	196.50	WCSP;0.972
199.25	203.00	WCSP;0.992
211.75	212.50	WCSP;0.977
213.00	215.50	WCSP;0.995
219.50	220.00	WCSP;0.827
224.75	227.00	WCSP;0.996
232.00	234.25	WCSP;0.982
240.50	242.75	WCSP;0.991
250.25	252.50	WCSP;0.994
279.00	280.00	WCSP;0.969
283.25	284.00	WCSP;0.915
297.00	298.00	WCSP;0.861
2.00	2.75	WTSP;0.730
4.25	4.75	WTSP;0.720
6.00	7.50	WTSP;0.950
16.75	19.00	WTSP;0.965
29.00	29.50	WTSP;0.809
29.75	30.50	WTSP;0.857
34.75	35.00	WTSP;0.717
40.00	40.50	WTSP;0.762
58.25	60.75	WTSP;0.986
69.50	72.75	WTSP;0.994
76.50	77.00	WTSP;0.681
81.75	84.75	WTSP;0.971
85.00	85.50	WTSP;0.702
95.25	96.00	WTSP;0.788
102.00	103.25	WTSP;0.971
108.50	111.50	WTSP;0.991
113.75	114.00	WTSP;0.668
122.75	123.25	WTSP;0.672
126.50	130.25	WTSP;0.954
137.00	139.00	WTSP;0.993
145.25	145.75	WTSP;0.709
150.50	151.75	WTSP;0.847
154.50	157.00	WTSP;0.982
158.00	159.00	WTSP;0.928
165.00	165.25	WTSP;0.678
165.75	167.50	WTSP;0.977
170.00	170.25	WTSP;0.664
173.00	174.75	WTSP;0.927
182.50	184.25	WTSP;0.959
188.00	188.75	WTSP;0.756
192.25	195.50	WTSP;0.997
200.25	200.50	WTSP;0.689
204.00	206.00	WTSP;0.970
208.50	210.75	WTSP;0.995
216.25	217.50	WTSP;0.839
222.75	225.50	WTSP;0.993
227.25	229.00	WTSP;0.966
232.50	232.75	WTSP;0.675
237.25	241.50	WTSP;0.981
246.00	248.50	WTSP;0.962
256.00	259.00	WTSP;0.990
261.75	265.50	WTSP;0.997
267.50	270.75	WTSP;0.989
277.50	279.00	WTSP;0.970
280.25	283.25	WTSP;0.996
289.00	290.00	WTSP;0.956
