203.50	203.75	AMGP;0.662
88.25	88.75	BASA;0.533
188.25	188.50	BTNW;0.534
52.25	52.75	CHSP;0.619
221.00	221.25	FISP;0.564
261.25	261.50	FISP;0.552
278.75	279.00	FISP;0.508
234.50	235.50	FOSP;0.885
16.75	17.00	HAWO;0.710
5.00	6.25	LISP;0.964
20.75	22.75	LISP;0.986
38.00	38.50	LISP;0.812
53.50	55.00	LISP;0.949
103.75	105.00	LISP;0.976
120.25	122.00	LISP;0.977
138.50	139.75	LISP;0.774
226.50	226.75	LISP;0.580
276.50	277.00	LISP;0.614
292.75	293.75	LISP;0.854
283.25	283.50	NHWR;0.518
13.75	14.00	PUSA;0.647
259.25	259.75	RUGR;0.511
72.25	72.50	RUTU;0.609
240.25	240.50	RUTU;0.517
109.50	109.75	SPPI;0.593
152.50	152.75	TOSO;0.510
109.50	109.75	WCSP;0.512
6.50	9.75	WTSP;0.996
24.50	27.75	WTSP;0.995
40.50	41.25	WTSP;0.830
174.25	175.25	WTSP;0.930
217.00	218.50	WTSP;0.959
220.00	221.50	WTSP;0.934
229.00	230.50	WTSP;0.989
230.75	231.00	WTSP;0.709
239.00	239.25	WTSP;0.664
261.25	261.50	WTSP;0.688
278.25	278.75	WTSP;0.696
279.25	279.75	WTSP;0.725
