593.25	594.00	AMWO;0.765
419.75	420.00	BBWA;0.901
498.75	499.25	BHCO;0.691
206.00	206.25	CHSP;0.653
539.00	539.50	DEJU;0.674
584.50	585.50	DEJU;0.665
106.50	106.75	EAME;0.523
54.50	55.00	EVGR;0.736
12.25	12.75	FOSP;0.722
54.75	55.00	FOSP;0.514
72.25	73.75	FOSP;0.976
89.00	90.00	FOSP;0.943
148.00	149.00	FOSP;0.891
529.75	530.00	MOCH;0.595
61.25	61.75	RUGR;0.551
12.25	12.50	SNBU;0.532
34.50	35.00	SNBU;0.821
54.50	54.75	SNBU;0.519
301.75	302.00	SNBU;0.642
59.50	59.75	VATH;0.603
92.00	92.75	VATH;0.867
88.75	89.00	VESP;0.519
173.50	173.75	WCSP;0.595
206.50	206.75	WCSP;0.511
215.75	216.00	WCSP;0.793
432.50	433.25	WHIM;0.687
583.50	583.75	WTSP;0.564
595.50	595.75	WTSP;0.561
170.25	170.50	YERA;0.558
