554.00	554.25	AMRE;0.549
590.50	590.75	AMRO;0.549
344.50	344.75	AMWO;0.564
211.00	211.25	BASA;0.527
46.50	47.00	BCCH;0.808
84.75	85.00	BCCH;0.553
105.50	105.75	BCCH;0.545
139.25	139.50	BCCH;0.569
37.50	37.75	BHCO;0.507
517.75	518.00	BOBO;0.511
179.50	179.75	BRSP;0.519
357.25	357.75	BRSP;0.533
279.75	280.75	BUSH;0.667
166.75	167.00	CAFI;0.524
381.50	382.00	CCSP;0.721
427.50	428.25	CCSP;0.865
0.50	1.00	CHSP;0.774
22.00	22.25	CHSP;0.691
32.25	32.75	CHSP;0.738
44.25	46.50	CHSP;0.912
57.75	58.25	CHSP;0.779
66.75	67.75	CHSP;0.779
70.00	70.75	CHSP;0.866
73.50	75.25	CHSP;0.988
79.00	80.25	CHSP;0.869
84.00	86.00	CHSP;0.969
94.25	95.00	CHSP;0.914
104.00	105.00	CHSP;0.850
113.00	113.50	CHSP;0.733
114.25	114.75	CHSP;0.674
121.25	122.50	CHSP;0.846
134.50	135.75	CHSP;0.972
140.25	142.25	CHSP;0.975
150.25	150.75	CHSP;0.729
159.25	162.25	CHSP;0.988
169.25	171.50	CHSP;0.858
179.50	179.75	CHSP;0.749
190.25	192.25	CHSP;0.925
198.75	201.50	CHSP;0.995
208.50	209.50	CHSP;0.831
210.00	210.25	CHSP;0.682
227.00	228.25	CHSP;0.883
244.25	244.50	CHSP;0.708
245.00	245.75	CHSP;0.828
340.75	341.00	CHSP;0.674
350.00	350.75	CHSP;0.822
357.25	359.00	CHSP;0.962
359.25	360.00	CHSP;0.790
366.00	368.00	CHSP;0.967
376.00	378.00	CHSP;0.982
379.00	380.00	CHSP;0.969
383.25	386.25	CHSP;0.925
393.00	394.00	CHSP;0.829
398.00	398.75	CHSP;0.776
402.50	404.00	CHSP;0.955
407.75	408.75	CHSP;0.895
419.25	419.50	CHSP;0.706
439.50	442.25	CHSP;0.942
450.00	451.00	CHSP;0.902
483.75	484.50	CHSP;0.893
493.25	494.25	CHSP;0.763
503.00	503.50	CHSP;0.800
504.25	505.00	CHSP;0.878
513.25	513.50	CHSP;0.686
514.25	514.50	CHSP;0.695
553.00	555.00	CHSP;0.946
564.50	566.75	CHSP;0.922
587.25	588.75	CHSP;0.945
596.00	597.50	CHSP;0.910
599.00	600.00	CHSP;0.966
540.00	541.00	CHSW;0.923
580.25	581.00	CHSW;0.812
58.00	58.25	DEJU;0.583
84.00	84.75	DEJU;0.624
150.25	150.75	DEJU;0.701
162.00	162.25	DEJU;0.507
169.75	170.50	DEJU;0.768
191.75	192.25	DEJU;0.613
201.00	201.25	DEJU;0.528
208.75	209.00	DEJU;0.529
238.00	238.50	DEJU;0.565
245.00	245.75	DEJU;0.692
296.00	296.25	DEJU;0.507
300.50	301.25	DEJU;0.795
323.50	323.75	DEJU;0.683
333.00	334.00	DEJU;0.898
340.50	341.25	DEJU;0.676
349.25	349.75	DEJU;0.635
350.25	350.50	DEJU;0.562
367.25	368.50	DEJU;0.669
384.50	385.00	DEJU;0.731
402.75	403.00	DEJU;0.541
403.25	403.50	DEJU;0.527
430.25	431.00	DEJU;0.812
441.25	442.50	DEJU;0.742
458.50	459.00	DEJU;0.557
514.00	514.75	DEJU;0.681
544.75	545.00	DEJU;0.507
554.50	554.75	DEJU;0.592
578.00	578.50	DEJU;0.638
590.00	590.25	DEJU;0.542
596.25	597.50	DEJU;0.638
113.75	114.00	DOWO;0.714
182.25	182.50	DUNL;0.527
231.25	233.75	FOSP;0.979
254.00	256.50	FOSP;0.985
4.25	5.25	HETH;0.927
7.50	8.75	HETH;0.964
10.25	11.00	HETH;0.951
14.75	15.50	HETH;0.823
18.00	19.00	HETH;0.948
21.00	22.00	HETH;0.988
28.00	28.50	HETH;0.820
30.75	32.00	HETH;0.887
34.00	34.50	HETH;0.734
46.50	47.50	HETH;0.869
50.25	51.25	HETH;0.993
53.50	54.00	HETH;0.834
59.50	60.50	HETH;0.948
66.00	66.75	HETH;0.930
69.25	69.50	HETH;0.737
72.00	72.75	HETH;0.872
75.00	76.25	HETH;0.988
78.00	79.25	HETH;0.992
84.75	85.50	HETH;0.856
88.75	90.25	HETH;0.987
92.00	92.75	HETH;0.863
99.00	100.00	HETH;0.972
102.25	103.25	HETH;0.924
105.50	106.25	HETH;0.939
111.75	112.75	HETH;0.967
115.00	115.75	HETH;0.933
118.50	119.50	HETH;0.902
122.75	123.25	HETH;0.851
125.50	126.75	HETH;0.950
129.50	130.50	HETH;0.917
132.75	133.75	HETH;0.944
139.00	139.75	HETH;0.937
142.50	143.50	HETH;0.946
145.50	146.25	HETH;0.821
154.25	155.00	HETH;0.866
157.50	158.50	HETH;0.994
187.50	188.25	HETH;0.806
204.50	205.25	HETH;0.982
217.00	217.50	HETH;0.729
220.25	221.00	HETH;0.869
225.25	226.00	HETH;0.980
311.75	312.00	HETH;0.770
594.50	594.75	HETH;0.665
187.00	187.25	INBU;0.503
25.00	25.25	KILL;0.509
220.00	220.50	KILL;0.679
581.25	581.50	LALO;0.843
57.50	57.75	LEOW;0.545
547.00	547.25	LEWO;0.635
54.50	55.75	LISP;0.842
68.00	68.75	LISP;0.732
81.50	82.00	LISP;0.651
116.50	117.75	LISP;0.826
163.00	163.50	LISP;0.608
262.75	264.00	LISP;0.910
380.00	381.00	LISP;0.922
412.25	412.75	LISP;0.506
445.50	446.25	LISP;0.782
459.00	459.25	LISP;0.572
561.25	562.00	LISP;0.683
589.75	590.25	LISP;0.553
508.00	508.25	MGWA;0.517
4.25	4.75	MOCH;0.588
28.00	28.75	MOCH;0.889
59.50	59.75	MOCH;0.522
99.00	99.50	MOCH;0.669
112.00	112.50	MOCH;0.668
132.75	133.00	MOCH;0.523
139.00	139.75	MOCH;0.660
217.00	217.75	MOCH;0.836
545.75	546.00	MOCH;0.503
551.00	551.75	MOCH;0.747
291.75	292.00	NAWA;0.573
54.50	54.75	NHWR;0.525
123.25	123.50	OCWA;0.509
238.00	238.25	OCWA;0.510
333.25	333.75	OCWA;0.573
578.00	578.75	OCWA;0.767
161.00	161.25	PAWA;0.752
214.75	215.00	PAWA;0.555
483.25	483.50	PAWA;0.723
520.25	520.50	PAWA;0.532
530.75	531.00	PAWA;0.712
49.25	49.50	PAWR;0.569
61.00	61.50	PAWR;0.758
90.25	90.75	PAWR;0.727
103.25	103.50	PAWR;0.545
120.75	121.00	PAWR;0.599
123.50	124.00	PAWR;0.712
132.00	132.25	PAWR;0.661
494.25	494.50	PAWR;0.560
500.50	501.00	PAWR;0.763
520.25	520.75	PAWR;0.672
524.00	524.50	PAWR;0.655
527.25	528.00	PAWR;0.957
530.75	531.00	PAWR;0.616
543.75	544.00	PAWR;0.737
598.50	598.75	PAWR;0.523
125.00	125.50	PISI;0.713
374.25	374.75	PUFI;0.586
289.75	290.00	REDP;0.519
11.50	11.75	RTHA;0.642
1.75	2.00	RUBL;0.680
7.50	7.75	RUBL;0.611
25.00	25.25	RUBL;0.511
69.00	69.50	RUBL;0.758
109.00	109.25	RUBL;0.575
142.50	142.75	RUBL;0.670
151.00	151.25	RUBL;0.643
213.25	213.50	RUBL;0.742
82.25	83.50	RUGR;0.707
104.00	104.75	RUGR;0.570
105.00	107.75	RUGR;0.866
165.50	166.00	RUGR;0.527
167.00	167.50	RUGR;0.549
312.00	312.25	RUGR;0.556
392.00	393.50	RUGR;0.683
394.50	395.00	RUGR;0.542
540.00	544.00	RUGR;0.804
552.00	554.00	RUGR;0.848
576.00	580.00	RUGR;0.954
364.25	364.50	SATH;0.578
393.75	394.00	SPGR;0.599
38.50	38.75	SWSP;0.623
53.00	53.25	SWSP;0.503
362.00	362.25	SWSP;0.576
368.25	368.75	SWSP;0.572
378.00	378.25	SWSP;0.507
521.25	522.00	SWSP;0.838
530.00	530.50	SWSP;0.650
572.00	572.75	SWSP;0.856
0.25	0.75	TOSO;0.699
375.50	375.75	TOSO;0.562
389.25	389.75	TOSO;0.589
106.75	107.00	VGSW;0.553
145.50	145.75	WCSP;0.547
487.75	488.00	WCSP;0.555
494.50	495.00	WCSP;0.638
566.75	568.00	WCSP;0.992
575.25	576.25	WCSP;0.727
584.75	585.75	WCSP;0.818
594.25	594.75	WCSP;0.834
432.25	432.50	WEWP;0.629
6.25	7.50	WIWA;0.991
15.50	17.00	WIWA;0.996
23.75	25.00	WIWA;0.996
26.00	26.75	WIWA;0.982
33.25	35.00	WIWA;0.994
38.50	38.75	WIWA;0.715
42.50	44.25	WIWA;0.997
49.25	49.50	WIWA;0.861
52.50	54.00	WIWA;0.944
61.00	63.00	WIWA;0.993
71.00	73.25	WIWA;0.995
80.25	81.75	WIWA;0.987
91.25	93.00	WIWA;0.993
100.25	102.25	WIWA;0.995
103.25	103.50	WIWA;0.661
106.00	106.25	WIWA;0.733
109.75	111.50	WIWA;0.995
119.00	121.00	WIWA;0.996
123.75	124.00	WIWA;0.949
127.75	129.50	WIWA;0.995
132.00	132.25	WIWA;0.757
137.00	138.50	WIWA;0.994
144.75	145.00	WIWA;0.909
146.00	147.75	WIWA;0.996
152.50	153.00	WIWA;0.992
154.75	156.25	WIWA;0.996
163.50	165.00	WIWA;0.996
174.50	176.00	WIWA;0.997
185.00	186.75	WIWA;0.996
196.50	198.00	WIWA;0.997
206.25	208.00	WIWA;0.997
214.75	215.00	WIWA;0.787
217.75	219.50	WIWA;0.996
228.50	230.00	WIWA;0.996
239.25	241.00	WIWA;0.994
249.25	250.75	WIWA;0.993
258.50	260.00	WIWA;0.995
268.25	270.00	WIWA;0.996
278.25	279.25	WIWA;0.993
287.75	289.50	WIWA;0.996
297.50	299.00	WIWA;0.996
307.00	308.50	WIWA;0.994
316.50	318.00	WIWA;0.997
326.00	327.75	WIWA;0.996
335.25	337.00	WIWA;0.996
345.25	347.00	WIWA;0.997
355.75	357.00	WIWA;0.957
378.00	379.00	WIWA;0.984
387.00	388.25	WIWA;0.993
396.00	397.50	WIWA;0.980
405.00	406.50	WIWA;0.994
414.00	415.50	WIWA;0.981
423.25	424.75	WIWA;0.995
484.75	485.00	WIWA;0.837
500.50	501.00	WIWA;0.918
524.25	524.50	WIWA;0.814
530.75	531.00	WIWA;0.696
543.75	544.00	WIWA;0.777
572.00	572.50	WIWA;0.707
598.50	598.75	WIWA;0.704
11.75	14.75	WTSP;0.990
22.25	23.50	WTSP;0.954
41.00	41.50	WTSP;0.638
480.50	481.50	WTSP;0.892
487.25	488.25	WTSP;0.830
494.75	495.00	WTSP;0.511
512.50	513.00	WTSP;0.594
519.50	520.00	WTSP;0.791
528.50	529.00	WTSP;0.534
534.75	535.00	WTSP;0.586
542.00	543.00	WTSP;0.889
550.75	551.50	WTSP;0.779
559.00	560.00	WTSP;0.894
593.00	594.00	WTSP;0.784
180.25	181.00	WWCR;0.774
299.25	299.75	WWCR;0.724
461.00	480.00	WWCR;1.000
481.75	483.00	WWCR;0.995
484.25	487.50	WWCR;0.989
488.25	489.50	WWCR;0.993
490.25	491.75	WWCR;0.972
492.00	492.75	WWCR;0.868
495.00	497.50	WWCR;0.988
498.25	499.25	WWCR;0.979
501.00	503.50	WWCR;0.997
504.50	505.50	WWCR;0.932
506.00	507.75	WWCR;0.992
509.00	510.00	WWCR;0.981
511.25	512.00	WWCR;0.865
515.00	516.00	WWCR;0.908
517.25	518.00	WWCR;0.886
518.75	519.50	WWCR;0.881
520.75	521.00	WWCR;0.668
522.50	525.75	WWCR;0.996
526.25	527.00	WWCR;0.758
529.25	530.25	WWCR;0.983
531.25	532.25	WWCR;0.992
533.25	534.25	WWCR;0.954
536.75	538.25	WWCR;0.967
547.25	548.25	WWCR;0.948
