78.25	78.75	EAME;0.593
208.00	208.75	EAME;0.681
0.50	1.00	FISP;0.589
26.25	27.00	FISP;0.634
23.50	23.75	FOSP;0.655
122.00	122.75	FOSP;0.826
141.25	141.75	FOSP;0.545
168.50	169.00	FOSP;0.604
137.25	138.00	MOCH;0.772
171.25	171.75	MOCH;0.580
213.75	214.00	MOCH;0.546
265.50	266.00	MOCH;0.559
131.75	132.00	RUGR;0.501
14.25	14.50	SAPH;0.860
228.75	229.00	SAPH;0.501
230.25	230.50	SBDO;0.502
6.25	6.50	SNBU;0.559
14.25	14.50	SNBU;0.537
23.50	23.75	SNBU;0.647
167.50	168.00	SNBU;0.743
247.25	248.00	VATH;0.996
252.50	253.25	VATH;0.802
264.50	265.25	VATH;0.945
0.25	0.75	WTSP;0.723
10.25	13.00	WTSP;0.986
25.50	28.00	WTSP;0.969
90.00	91.00	WTSP;0.839
115.50	115.75	WTSP;0.657
123.00	125.25	WTSP;0.993
137.25	137.75	WTSP;0.774
143.25	145.00	WTSP;0.977
158.75	160.00	WTSP;0.952
171.50	171.75	WTSP;0.664
187.75	191.25	WTSP;0.975
212.25	215.50	WTSP;0.928
234.00	234.50	WTSP;0.768
237.25	239.50	WTSP;0.986
241.50	241.75	WTSP;0.707
265.00	267.00	WTSP;0.959
286.25	287.00	WTSP;0.849
