239.00	239.25	AMAV;0.514
19.25	20.00	AMRO;0.916
30.00	30.75	AMRO;0.588
31.50	32.75	AMRO;0.838
34.25	35.25	AMRO;0.731
41.50	43.00	AMRO;0.907
45.50	45.75	AMRO;0.511
47.25	48.75	AMRO;0.803
52.75	53.00	AMRO;0.586
56.75	57.50	AMRO;0.694
62.00	64.50	AMRO;0.758
81.25	83.00	AMRO;0.954
90.25	91.25	AMRO;0.805
98.25	99.25	AMRO;0.921
110.25	110.75	AMRO;0.647
113.25	113.50	AMRO;0.552
119.25	119.75	AMRO;0.705
126.50	129.00	AMRO;0.750
133.25	134.00	AMRO;0.665
156.75	157.25	AMRO;0.566
164.25	165.50	AMRO;0.809
186.00	187.50	AMRO;0.973
191.25	192.50	AMRO;0.952
199.00	200.00	AMRO;0.894
206.00	206.75	AMRO;0.826
219.50	220.25	AMRO;0.593
226.75	230.00	AMRO;0.915
268.25	269.00	AMRO;0.688
289.50	289.75	AMRO;0.563
295.00	295.75	AMRO;0.695
310.25	310.50	ATSP;0.520
312.00	312.25	ATSP;0.509
487.50	487.75	ATSP;0.518
77.75	78.25	BAOR;0.561
95.50	95.75	BAOR;0.641
129.00	129.25	BAOR;0.550
174.75	175.25	BAOR;0.600
180.00	180.25	BAOR;0.555
243.25	243.75	BAOR;0.699
437.00	437.25	BBWA;0.573
490.50	490.75	BBWA;0.842
529.00	529.25	BBWA;0.696
523.25	523.50	BCCH;0.526
571.25	571.75	BLJA;0.635
65.25	65.75	BRSP;0.704
74.25	76.50	BRSP;0.895
445.50	445.75	BRSP;0.527
546.75	547.00	BRSP;0.542
547.75	548.00	BRSP;0.575
5.50	5.75	CHSP;0.674
8.25	8.75	CHSP;0.899
9.25	9.50	CHSP;0.856
60.50	61.00	CHSP;0.690
132.75	133.75	CHSP;0.785
247.00	249.25	CHSP;0.988
261.25	263.50	CHSP;0.994
270.00	272.50	CHSP;0.994
279.25	281.75	CHSP;0.995
290.25	292.75	CHSP;0.993
298.75	301.25	CHSP;0.994
307.25	310.00	CHSP;0.990
315.75	318.00	CHSP;0.995
324.50	325.50	CHSP;0.915
330.75	333.25	CHSP;0.994
338.00	340.50	CHSP;0.993
347.50	350.25	CHSP;0.994
356.00	358.75	CHSP;0.993
364.50	367.00	CHSP;0.993
372.75	375.25	CHSP;0.994
380.75	383.50	CHSP;0.994
389.25	391.50	CHSP;0.993
396.75	399.25	CHSP;0.993
405.50	407.75	CHSP;0.992
413.50	416.00	CHSP;0.994
423.75	426.25	CHSP;0.996
431.75	434.25	CHSP;0.993
434.75	435.00	CHSP;0.772
436.25	436.75	CHSP;0.959
437.00	437.25	CHSP;0.750
439.75	442.00	CHSP;0.994
446.00	448.25	CHSP;0.995
453.00	455.25	CHSP;0.995
529.00	529.25	CHSP;0.816
549.25	549.50	CHSP;0.757
470.25	470.50	DEJU;0.537
483.00	483.50	DEJU;0.608
516.00	516.50	DEJU;0.738
363.75	364.50	FOSP;0.731
371.00	372.25	FOSP;0.951
436.25	436.50	GCSP;0.679
237.50	237.75	GRYE;0.558
297.50	297.75	HAFL;0.657
401.75	402.00	HETH;0.548
427.25	428.00	HETH;0.909
503.25	503.50	HETH;0.505
539.00	539.50	HETH;0.606
561.75	562.00	HETH;0.756
442.75	443.25	HEWA;0.757
490.50	490.75	HEWA;0.520
504.00	504.25	HEWA;0.723
520.25	520.75	HEWA;0.769
522.00	522.25	HEWA;0.511
523.25	523.50	HEWA;0.732
546.50	546.75	HEWA;0.504
259.25	259.50	LBDO;0.583
122.25	122.50	LEYE;0.501
401.50	402.00	MOCH;0.603
503.00	503.75	MOCH;0.802
528.50	528.75	MOCH;0.626
542.25	542.50	MOCH;0.546
555.00	555.75	MOCH;0.904
578.50	579.00	MOCH;0.662
596.50	597.25	MOCH;0.791
111.00	111.25	OSFL;0.577
306.75	307.00	PAWA;0.529
179.50	179.75	PIGR;0.551
217.50	217.75	PIGR;0.503
122.25	122.50	RUTU;0.576
249.50	249.75	RUTU;0.580
37.25	37.50	SATH;0.526
272.50	272.75	SATH;0.530
249.50	249.75	SBDO;0.573
364.00	364.50	SNBU;0.698
303.75	304.00	SPPI;0.636
45.50	46.00	SUTA;0.596
113.50	114.00	SUTA;0.798
126.50	127.00	SUTA;0.605
3.75	5.00	SWSP;0.828
18.50	19.00	SWSP;0.597
41.00	41.75	SWSP;0.766
52.25	52.75	SWSP;0.686
60.50	61.50	SWSP;0.809
71.00	71.75	SWSP;0.852
99.25	100.00	SWSP;0.918
108.75	109.50	SWSP;0.864
118.00	118.75	SWSP;0.785
130.25	131.00	SWSP;0.723
147.00	147.25	SWSP;0.519
159.25	160.00	SWSP;0.728
193.25	194.25	SWSP;0.723
205.25	206.00	SWSP;0.698
224.00	224.25	SWSP;0.511
263.25	264.00	SWSP;0.805
294.25	294.50	SWSP;0.575
470.00	470.75	SWSP;0.732
483.00	483.75	SWSP;0.703
498.75	499.50	SWSP;0.655
516.00	516.50	SWSP;0.511
534.25	534.75	SWSP;0.664
44.00	44.75	TOSO;0.898
77.50	77.75	TOSO;0.544
113.25	113.75	TOSO;0.645
136.00	136.50	TOSO;0.712
140.25	140.75	TOSO;0.625
150.50	150.75	TOSO;0.507
174.25	174.75	TOSO;0.565
239.00	239.25	TOSO;0.540
5.25	5.75	VESP;0.773
372.00	372.50	VESP;0.634
5.25	5.75	WCSP;0.723
9.25	9.50	WCSP;0.554
310.25	310.50	WCSP;0.864
314.50	314.75	WCSP;0.580
315.25	315.75	WCSP;0.740
417.75	418.00	WCSP;0.659
432.50	433.00	WCSP;0.828
433.75	434.00	WCSP;0.581
442.25	443.25	WCSP;0.583
444.25	444.50	WCSP;0.548
445.25	446.00	WCSP;0.959
488.25	488.75	WCSP;0.671
486.25	486.50	WEFL;0.533
18.50	19.00	WIWA;0.763
52.25	52.75	WIWA;0.750
108.75	109.00	WIWA;0.546
130.00	130.75	WIWA;0.695
146.50	147.25	WIWA;0.822
158.75	159.75	WIWA;0.705
170.25	170.75	WIWA;0.778
183.25	184.25	WIWA;0.970
193.25	194.00	WIWA;0.707
205.25	206.00	WIWA;0.807
213.50	214.75	WIWA;0.966
223.50	224.50	WIWA;0.945
233.00	234.00	WIWA;0.982
244.00	245.00	WIWA;0.853
253.75	254.75	WIWA;0.937
284.50	285.50	WIWA;0.964
294.00	294.75	WIWA;0.839
303.00	303.75	WIWA;0.918
312.25	313.50	WIWA;0.959
323.50	324.50	WIWA;0.657
334.00	335.00	WIWA;0.959
344.00	345.00	WIWA;0.950
482.75	483.00	WIWA;0.532
515.75	516.00	WIWA;0.558
83.25	86.25	WTSP;0.988
417.75	418.00	WTSP;0.530
421.00	422.00	WTSP;0.856
450.75	451.50	WTSP;0.808
476.25	476.75	WTSP;0.737
542.00	543.00	WTSP;0.925
578.25	579.75	WTSP;0.767
