10.50	11.75	AMRO;0.762
12.00	13.50	AMRO;0.969
32.50	33.75	AMRO;0.721
44.75	45.75	AMRO;0.746
48.25	49.00	AMRO;0.671
50.25	51.00	AMRO;0.696
58.50	59.25	AMRO;0.589
59.50	59.75	AMRO;0.521
63.00	64.25	AMRO;0.902
73.25	74.00	AMRO;0.581
75.50	76.75	AMRO;0.636
81.25	81.75	AMRO;0.590
86.75	87.00	AMRO;0.542
89.00	89.50	AMRO;0.611
90.25	91.75	AMRO;0.756
93.50	93.75	AMRO;0.534
95.50	96.50	AMRO;0.587
101.50	102.25	AMRO;0.679
117.25	118.00	AMRO;0.757
126.25	127.75	AMRO;0.882
131.25	131.75	AMRO;0.602
151.75	152.75	AMRO;0.797
155.75	156.25	AMRO;0.529
171.75	172.00	AMRO;0.559
175.50	176.75	AMRO;0.794
193.50	195.75	AMRO;0.876
222.50	223.50	AMRO;0.688
236.00	237.75	AMRO;0.732
239.25	242.00	AMRO;0.968
243.50	244.50	AMRO;0.780
253.25	254.50	AMRO;0.787
266.25	267.75	AMRO;0.692
275.75	277.00	AMRO;0.958
279.00	282.00	AMRO;0.921
288.25	289.75	AMRO;0.874
290.00	290.75	AMRO;0.649
293.00	294.50	AMRO;0.825
296.00	297.75	AMRO;0.953
290.00	290.25	BHGR;0.550
149.00	149.25	CCSP;0.599
206.50	206.75	CCSP;0.567
221.50	222.25	CCSP;0.690
260.25	260.75	CHSP;0.674
275.00	276.00	CHSP;0.938
46.00	46.50	DEJU;0.596
70.25	70.75	DEJU;0.635
82.50	83.00	DEJU;0.760
81.25	81.75	EABL;0.582
130.00	130.50	EABL;0.727
142.25	143.00	FISP;0.785
57.00	57.75	FOSP;0.789
83.75	84.00	FOSP;0.541
97.25	97.75	FOSP;0.617
122.25	122.75	FOSP;0.800
135.00	136.00	FOSP;0.965
196.00	196.75	FOSP;0.688
210.00	210.25	FOSP;0.507
178.75	179.00	LEYE;0.561
4.00	6.50	LISP;0.901
10.00	10.50	LISP;0.694
16.25	19.00	LISP;0.993
23.50	26.00	LISP;0.994
29.75	32.50	LISP;0.995
36.75	39.25	LISP;0.993
45.75	46.50	LISP;0.768
51.75	53.00	LISP;0.971
89.75	90.25	LISP;0.711
208.50	209.75	LISP;0.820
198.00	198.50	MAMU;0.581
54.25	54.50	OCWA;0.598
84.00	84.50	RBGR;0.622
90.50	90.75	RBGR;0.623
95.25	96.00	RBGR;0.730
147.50	148.25	RBGR;0.582
123.25	123.50	REVI;0.520
212.25	212.75	RUGR;0.532
213.75	215.75	RUGR;0.775
8.50	9.25	SWSP;0.689
64.00	64.50	SWSP;0.584
64.75	65.25	SWSP;0.525
77.00	78.00	SWSP;0.681
87.25	87.50	SWSP;0.550
118.50	119.00	SWSP;0.686
183.00	183.50	SWSP;0.633
201.00	201.25	SWSP;0.507
211.00	211.25	SWSP;0.572
229.00	229.50	SWSP;0.607
49.00	50.50	TOSO;0.936
76.25	76.75	TOSO;0.544
87.50	89.00	TOSO;0.761
43.75	44.25	VATH;0.810
201.50	201.75	VATH;0.736
2.25	4.50	WCSP;0.995
8.00	8.25	WCSP;0.706
9.75	10.50	WCSP;0.798
15.00	15.75	WCSP;0.771
20.00	20.50	WCSP;0.701
21.25	22.50	WCSP;0.945
28.25	29.75	WCSP;0.985
34.75	36.75	WCSP;0.986
40.75	42.75	WCSP;0.991
45.50	46.00	WCSP;0.695
46.75	48.50	WCSP;0.960
53.00	54.50	WCSP;0.998
60.25	62.25	WCSP;0.989
66.50	68.75	WCSP;0.998
73.00	74.75	WCSP;0.990
79.00	81.00	WCSP;0.986
86.00	87.00	WCSP;0.988
92.00	93.75	WCSP;0.987
98.50	100.25	WCSP;0.996
104.50	106.75	WCSP;0.994
110.25	111.00	WCSP;0.809
111.25	113.50	WCSP;0.995
130.50	130.75	WCSP;0.726
132.25	132.75	WCSP;0.789
133.25	134.75	WCSP;0.970
138.25	139.75	WCSP;0.819
148.50	149.25	WCSP;0.914
155.25	156.00	WCSP;0.917
160.00	162.00	WCSP;0.990
166.25	168.25	WCSP;0.996
173.00	174.75	WCSP;0.985
179.50	181.50	WCSP;0.997
185.75	187.75	WCSP;0.997
192.25	194.00	WCSP;0.991
196.25	196.75	WCSP;0.733
198.75	200.75	WCSP;0.995
206.00	207.50	WCSP;0.844
211.75	213.75	WCSP;0.986
214.00	215.75	WCSP;0.992
220.25	222.25	WCSP;0.983
226.25	227.75	WCSP;0.919
231.75	233.25	WCSP;0.991
236.00	236.50	WCSP;0.704
237.75	239.50	WCSP;0.993
244.50	246.50	WCSP;0.987
251.00	253.25	WCSP;0.992
258.00	260.00	WCSP;0.995
264.25	266.25	WCSP;0.994
272.00	274.00	WCSP;0.990
278.50	280.50	WCSP;0.915
284.25	284.75	WCSP;0.736
285.25	287.25	WCSP;0.994
292.25	294.25	WCSP;0.993
296.25	296.50	WCSP;0.700
298.50	300.00	WCSP;0.998
8.75	9.25	WIWA;0.583
22.50	23.00	WIWA;0.589
32.75	34.00	WIWA;0.815
43.25	43.75	WIWA;0.645
44.25	45.00	WIWA;0.809
64.00	65.25	WIWA;0.890
76.75	77.75	WIWA;0.756
87.50	87.75	WIWA;0.610
98.50	98.75	WIWA;0.537
109.50	110.00	WIWA;0.599
119.00	120.00	WIWA;0.917
127.25	128.50	WIWA;0.979
146.50	146.75	WIWA;0.507
156.00	156.75	WIWA;0.974
168.50	169.50	WIWA;0.960
183.25	183.50	WIWA;0.515
210.50	211.00	WIWA;0.781
229.00	229.75	WIWA;0.835
250.00	250.75	WIWA;0.862
282.25	282.75	WIWA;0.689
0.00	1.00	WTSP;0.980
6.75	9.00	WTSP;0.938
9.50	9.75	WTSP;0.676
11.50	12.25	WTSP;0.852
13.00	16.25	WTSP;0.991
19.75	22.00	WTSP;0.954
26.25	29.00	WTSP;0.990
34.50	35.25	WTSP;0.762
36.25	36.75	WTSP;0.743
40.50	41.25	WTSP;0.778
46.50	48.75	WTSP;0.899
55.00	56.75	WTSP;0.964
60.50	60.75	WTSP;0.696
62.25	63.00	WTSP;0.832
66.25	67.00	WTSP;0.874
70.75	73.25	WTSP;0.982
78.00	79.50	WTSP;0.968
84.50	86.25	WTSP;0.993
91.50	92.50	WTSP;0.845
93.75	95.75	WTSP;0.974
100.25	103.75	WTSP;0.996
104.50	104.75	WTSP;0.699
107.00	110.00	WTSP;0.995
111.50	112.00	WTSP;0.692
113.50	118.50	WTSP;0.997
120.25	121.75	WTSP;0.868
123.00	126.25	WTSP;0.990
129.00	130.00	WTSP;0.893
133.25	133.75	WTSP;0.738
136.00	141.75	WTSP;0.992
143.75	148.00	WTSP;0.997
148.25	148.50	WTSP;0.701
149.25	151.75	WTSP;0.960
152.00	155.75	WTSP;0.997
157.50	158.75	WTSP;0.765
159.50	160.50	WTSP;0.748
163.00	165.00	WTSP;0.983
165.75	167.00	WTSP;0.785
169.50	171.50	WTSP;0.987
173.00	173.75	WTSP;0.807
175.50	180.00	WTSP;0.993
182.50	182.75	WTSP;0.686
184.75	186.50	WTSP;0.955
187.50	193.00	WTSP;0.994
198.25	199.00	WTSP;0.726
201.50	201.75	WTSP;0.694
203.00	206.25	WTSP;0.994
211.50	212.00	WTSP;0.815
212.75	214.75	WTSP;0.905
220.00	220.75	WTSP;0.742
224.00	229.00	WTSP;0.997
230.00	232.25	WTSP;0.898
233.00	235.50	WTSP;0.996
237.75	238.25	WTSP;0.694
239.25	242.50	WTSP;0.981
243.00	243.25	WTSP;0.672
246.25	250.00	WTSP;0.994
251.25	251.75	WTSP;0.671
254.50	258.50	WTSP;0.995
261.50	265.00	WTSP;0.997
267.00	272.50	WTSP;0.974
277.50	279.75	WTSP;0.956
280.00	281.25	WTSP;0.943
285.50	285.75	WTSP;0.699
287.00	288.75	WTSP;0.979
291.50	292.00	WTSP;0.690
294.00	296.25	WTSP;0.987
