5.00	5.25	AMRO;0.667
6.75	9.25	AMRO;0.977
10.25	12.00	AMRO;0.957
14.00	16.00	AMRO;0.994
19.75	23.00	AMRO;0.992
25.00	26.50	AMRO;0.934
29.75	31.25	AMRO;0.940
32.75	34.00	AMRO;0.950
36.75	38.75	AMRO;0.921
43.25	43.50	AMRO;0.697
47.75	50.00	AMRO;0.980
52.50	54.00	AMRO;0.845
57.00	59.25	AMRO;0.992
62.75	64.50	AMRO;0.932
67.50	69.75	AMRO;0.884
72.75	74.75	AMRO;0.993
78.50	80.25	AMRO;0.989
83.50	85.50	AMRO;0.979
88.50	90.50	AMRO;0.988
94.50	95.75	AMRO;0.793
98.75	101.25	AMRO;0.991
103.00	105.75	AMRO;0.989
109.00	110.75	AMRO;0.992
113.50	116.00	AMRO;0.958
117.25	118.75	AMRO;0.978
123.25	123.75	AMRO;0.736
124.00	124.75	AMRO;0.772
128.00	132.50	AMRO;0.987
135.75	137.25	AMRO;0.987
141.50	143.00	AMRO;0.805
146.75	148.50	AMRO;0.915
152.25	153.75	AMRO;0.934
156.00	157.50	AMRO;0.905
160.75	162.50	AMRO;0.919
165.25	171.00	AMRO;0.990
174.25	175.00	AMRO;0.772
179.25	181.00	AMRO;0.926
191.75	192.50	AMRO;0.776
194.00	196.25	AMRO;0.978
200.25	202.00	AMRO;0.952
206.00	207.75	AMRO;0.971
208.50	210.25	AMRO;0.839
211.75	213.50	AMRO;0.987
213.75	215.00	AMRO;0.940
219.25	220.50	AMRO;0.864
223.00	224.75	AMRO;0.956
228.75	229.75	AMRO;0.873
231.50	232.25	AMRO;0.687
237.00	238.25	AMRO;0.985
241.25	242.75	AMRO;0.894
243.75	246.25	AMRO;0.994
249.25	250.00	AMRO;0.799
254.00	256.00	AMRO;0.949
259.50	261.75	AMRO;0.994
265.25	266.50	AMRO;0.856
270.00	275.50	AMRO;0.997
278.00	280.00	AMRO;0.983
282.75	285.00	AMRO;0.944
285.75	287.50	AMRO;0.985
288.00	290.50	AMRO;0.892
294.50	296.00	AMRO;0.984
299.25	300.00	AMRO;0.894
155.75	156.00	BRTH;0.500
236.50	237.00	BRTH;0.658
4.50	7.00	CHSP;0.990
12.25	12.75	CHSP;0.711
13.75	16.00	CHSP;0.952
21.75	22.00	CHSP;0.687
22.25	25.00	CHSP;0.987
32.25	34.25	CHSP;0.972
40.25	43.00	CHSP;0.947
49.25	52.00	CHSP;0.949
59.75	61.25	CHSP;0.796
69.50	70.25	CHSP;0.833
78.25	78.50	CHSP;0.667
86.75	88.50	CHSP;0.891
96.25	98.25	CHSP;0.969
104.25	106.50	CHSP;0.922
125.00	126.50	CHSP;0.881
134.25	134.75	CHSP;0.785
135.25	136.25	CHSP;0.860
144.00	145.75	CHSP;0.945
184.00	186.00	CHSP;0.968
194.25	196.75	CHSP;0.914
204.00	204.50	CHSP;0.793
205.50	206.00	CHSP;0.742
221.25	222.00	CHSP;0.747
229.50	231.00	CHSP;0.886
239.75	240.25	CHSP;0.784
240.50	241.50	CHSP;0.865
250.00	252.00	CHSP;0.871
261.25	263.75	CHSP;0.971
275.25	275.50	CHSP;0.683
276.75	277.25	CHSP;0.794
221.50	222.00	DEJU;0.619
40.00	40.25	FISP;0.506
1.25	3.50	FOSP;0.975
13.25	14.00	FOSP;0.832
17.75	19.75	FOSP;0.994
27.00	27.50	FOSP;0.748
30.75	31.75	FOSP;0.838
40.00	41.00	FOSP;0.910
45.25	47.25	FOSP;0.993
50.75	51.50	FOSP;0.805
52.50	56.00	FOSP;0.930
56.25	56.50	FOSP;0.669
60.50	62.50	FOSP;0.951
65.50	67.50	FOSP;0.984
75.25	77.00	FOSP;0.993
80.75	82.00	FOSP;0.924
90.50	92.50	FOSP;0.983
94.50	95.00	FOSP;0.736
95.50	96.25	FOSP;0.814
106.75	109.00	FOSP;0.969
110.50	112.50	FOSP;0.996
122.75	124.00	FOSP;0.845
126.50	127.75	FOSP;0.819
128.00	128.25	FOSP;0.670
139.50	141.25	FOSP;0.990
158.00	159.75	FOSP;0.961
172.50	173.75	FOSP;0.951
186.00	187.50	FOSP;0.874
189.25	191.00	FOSP;0.985
198.00	199.50	FOSP;0.781
209.50	211.00	FOSP;0.887
214.75	216.00	FOSP;0.982
226.75	229.00	FOSP;0.979
230.25	230.75	FOSP;0.749
231.50	231.75	FOSP;0.677
246.75	249.00	FOSP;0.993
250.75	253.00	FOSP;0.986
257.75	259.25	FOSP;0.989
263.50	265.00	FOSP;0.972
268.00	270.25	FOSP;0.998
280.25	282.25	FOSP;0.975
287.50	288.00	FOSP;0.848
297.00	299.00	FOSP;0.977
19.25	19.75	LASP;0.601
62.00	62.50	LASP;0.596
173.75	174.00	LASP;0.539
211.00	211.50	LASP;0.749
265.00	265.25	LASP;0.550
16.25	17.00	LISP;0.854
29.00	29.50	LISP;0.679
67.75	68.00	LISP;0.526
121.00	122.50	LISP;0.976
149.25	150.00	LISP;0.695
204.75	205.25	LISP;0.692
218.50	219.50	LISP;0.742
220.00	220.75	LISP;0.949
233.50	235.50	LISP;0.908
290.25	291.50	LISP;0.942
178.50	178.75	MOCH;0.519
204.25	204.50	OCWA;0.547
264.25	264.50	OROR;0.515
297.75	298.00	OROR;0.502
110.50	111.00	OSFL;0.537
0.25	1.25	PISI;0.997
84.00	84.75	PISI;0.911
85.25	85.50	PISI;0.721
86.25	86.50	PISI;0.671
138.25	139.50	PISI;0.897
143.00	144.25	PISI;0.969
145.00	145.25	PISI;0.764
145.50	147.25	PISI;0.986
149.75	152.00	PISI;0.962
156.50	158.50	PISI;0.982
159.00	159.25	PISI;0.671
160.00	164.00	PISI;0.998
164.25	170.25	PISI;0.995
170.50	172.75	PISI;0.991
175.00	178.00	PISI;0.993
178.50	178.75	PISI;0.707
179.50	180.25	PISI;0.975
180.75	181.50	PISI;0.955
182.00	184.00	PISI;0.995
185.00	185.25	PISI;0.762
232.75	233.50	PISI;0.972
234.25	234.75	PISI;0.741
235.25	236.50	PISI;0.908
236.75	240.75	PISI;0.997
242.50	243.25	PISI;0.829
243.50	244.00	PISI;0.768
278.00	278.25	PISI;0.734
285.25	286.00	PISI;0.821
291.50	294.00	PISI;0.970
4.25	4.50	PUFI;0.574
94.00	94.50	PUFI;0.711
95.25	95.50	PUFI;0.571
96.00	96.50	PUFI;0.679
7.50	7.75	RBGR;0.501
218.75	219.00	ROWR;0.554
36.00	36.50	RUGR;0.613
38.50	39.00	RUGR;0.536
39.25	40.00	RUGR;0.561
91.00	91.50	RUGR;0.569
115.25	116.00	RUGR;0.635
120.25	120.50	RUGR;0.506
164.00	164.50	RUGR;0.738
165.75	168.00	RUGR;0.830
26.00	26.75	SATH;0.639
38.25	38.50	SATH;0.510
64.00	64.75	SATH;0.757
83.50	83.75	SATH;0.606
100.25	100.50	SATH;0.565
127.50	128.25	SATH;0.752
142.50	142.75	SATH;0.552
152.25	152.50	SATH;0.545
153.50	153.75	SATH;0.608
179.25	179.75	SATH;0.663
180.25	180.75	SATH;0.645
191.25	193.25	SATH;0.919
200.25	200.50	SATH;0.516
207.25	207.75	SATH;0.673
224.25	224.75	SATH;0.631
232.00	232.50	SATH;0.708
241.25	241.50	SATH;0.544
242.25	242.75	SATH;0.733
255.50	256.00	SATH;0.664
266.00	266.75	SATH;0.658
270.50	270.75	SATH;0.542
286.00	286.25	SATH;0.521
12.25	13.00	SEOW;0.707
43.75	44.00	SEOW;0.550
44.25	44.75	SEOW;0.643
101.00	101.25	SEOW;0.527
208.00	208.50	SEPL;0.704
42.75	43.75	TOSO;0.656
52.75	53.00	TOSO;0.501
68.50	68.75	TOSO;0.505
229.00	230.00	TOSO;0.666
282.25	283.00	TOSO;0.832
54.50	54.75	WCSP;0.548
132.25	133.50	WTSP;0.766
154.00	156.50	WTSP;0.979
