65.25	66.00	AMRO;0.697
211.50	212.00	AMRO;0.620
220.50	221.00	AMRO;0.671
224.25	225.50	AMRO;0.804
250.25	250.50	BCCH;0.515
236.50	236.75	BLJA;0.731
257.75	258.25	CEDW;0.736
262.75	263.00	CEDW;0.525
267.50	268.00	CEDW;0.763
272.25	272.75	CEDW;0.661
274.75	275.25	CEDW;0.729
277.25	277.50	CEDW;0.555
279.25	279.75	CEDW;0.733
294.00	294.50	CEDW;0.776
186.25	187.50	CHSP;0.685
210.25	210.50	COMU;0.553
192.50	192.75	DEJU;0.567
222.75	223.25	DEJU;0.559
96.25	97.00	DUNL;0.818
66.50	68.00	FISP;0.981
173.75	175.00	FISP;0.904
137.00	137.50	GCSP;0.612
212.50	212.75	GOEA;0.534
199.50	200.00	HETH;0.607
257.75	258.25	HETH;0.532
264.25	264.50	HETH;0.508
272.25	272.75	HETH;0.842
274.75	275.25	HETH;0.731
298.75	299.25	HETH;0.664
99.50	99.75	LISP;0.523
225.75	227.00	LISP;0.990
63.00	63.50	MOCH;0.723
85.00	86.00	MOCH;0.909
108.50	109.00	MOCH;0.662
130.75	131.25	MOCH;0.720
161.25	161.75	MOCH;0.616
188.00	188.50	MOCH;0.723
265.50	266.50	MOCH;0.813
298.50	299.00	MOCH;0.535
18.50	18.75	OCWA;0.538
212.50	212.75	OSPR;0.549
156.75	157.00	PIGR;0.561
261.75	262.00	PIGR;0.611
122.50	122.75	PYNU;0.502
127.50	127.75	RUBL;0.677
199.50	200.00	RUBL;0.715
140.75	141.25	SAPH;0.631
219.25	220.00	SATH;0.787
88.75	89.00	SESA;0.535
181.00	181.50	SESA;0.572
5.00	5.50	WCSP;0.750
17.75	18.00	WCSP;0.751
20.00	20.75	WCSP;0.805
26.25	27.75	WCSP;0.993
32.25	34.00	WCSP;0.983
38.75	40.75	WCSP;0.988
46.50	48.00	WCSP;0.997
51.50	51.75	WCSP;0.684
52.75	54.50	WCSP;0.989
59.75	61.50	WCSP;0.989
74.00	75.25	WCSP;0.959
86.00	86.75	WCSP;0.801
98.25	98.50	WCSP;0.708
169.50	169.75	WCSP;0.726
232.75	233.50	WCSP;0.839
241.00	241.75	WCSP;0.811
253.75	254.25	WCSP;0.682
258.75	261.00	WCSP;0.978
296.25	296.50	WCSP;0.703
5.00	5.50	WTSP;0.675
20.00	20.75	WTSP;0.833
23.75	26.00	WTSP;0.844
32.50	32.75	WTSP;0.527
37.25	38.00	WTSP;0.843
51.50	52.00	WTSP;0.607
52.50	53.00	WTSP;0.525
54.25	56.50	WTSP;0.833
63.25	63.50	WTSP;0.585
76.75	77.00	WTSP;0.544
85.50	86.00	WTSP;0.575
94.00	95.75	WTSP;0.830
98.00	98.25	WTSP;0.582
104.25	105.50	WTSP;0.590
108.50	108.75	WTSP;0.522
136.00	137.00	WTSP;0.626
137.50	137.75	WTSP;0.512
161.50	162.75	WTSP;0.917
174.50	175.25	WTSP;0.531
184.50	184.75	WTSP;0.508
188.00	188.50	WTSP;0.690
198.50	199.25	WTSP;0.634
229.25	233.00	WTSP;0.917
242.00	244.25	WTSP;0.972
266.25	266.75	WTSP;0.739
