38.00	39.50	AMRO;0.994
53.25	54.25	AMRO;0.862
60.50	61.25	AMRO;0.737
63.00	64.25	AMRO;0.956
65.50	67.00	AMRO;0.877
68.25	69.50	AMRO;0.771
71.00	71.75	AMRO;0.838
73.50	77.00	AMRO;0.987
78.25	78.75	AMRO;0.770
81.00	81.25	AMRO;0.667
83.25	85.00	AMRO;0.949
86.50	87.75	AMRO;0.907
88.75	92.00	AMRO;0.942
93.25	94.50	AMRO;0.831
138.00	141.25	AMRO;0.937
170.00	170.75	AMRO;0.733
187.50	189.75	AMRO;0.818
191.00	191.50	AMRO;0.689
192.00	194.00	AMRO;0.950
195.25	197.00	AMRO;0.883
202.25	205.50	AMRO;0.964
207.25	209.00	AMRO;0.988
209.50	210.00	AMRO;0.713
213.00	213.25	AMRO;0.660
215.00	216.50	AMRO;0.980
217.75	219.00	AMRO;0.989
220.50	221.75	AMRO;0.939
223.75	225.00	AMRO;0.986
228.50	231.25	AMRO;0.945
233.00	236.75	AMRO;0.993
238.50	238.75	AMRO;0.712
241.00	241.75	AMRO;0.792
244.50	246.00	AMRO;0.940
246.25	247.25	AMRO;0.815
248.00	248.75	AMRO;0.760
249.00	249.75	AMRO;0.759
250.75	251.75	AMRO;0.730
254.00	255.25	AMRO;0.886
257.25	257.50	AMRO;0.659
259.75	263.25	AMRO;0.982
266.00	266.75	AMRO;0.772
267.75	269.50	AMRO;0.928
270.50	271.75	AMRO;0.976
273.50	277.25	AMRO;0.980
279.75	281.00	AMRO;0.977
282.50	284.00	AMRO;0.924
286.25	287.75	AMRO;0.854
289.00	290.00	AMRO;0.963
257.00	257.75	BHGR;0.590
201.25	202.00	BLOY;0.862
244.50	245.00	BRTH;0.540
293.50	293.75	BTNW;0.513
130.25	130.50	CATE;0.513
102.50	103.50	CHSP;0.817
112.25	112.75	CHSP;0.591
120.75	122.25	CHSP;0.967
158.50	158.75	CHSP;0.550
103.00	103.50	DEJU;0.549
132.75	133.00	EAME;0.515
98.50	99.00	FISP;0.577
5.00	7.00	FOSP;0.992
17.25	19.25	FOSP;0.976
29.00	31.00	FOSP;0.994
42.75	43.75	FOSP;0.854
54.00	55.75	FOSP;0.953
98.25	99.75	FOSP;0.819
117.75	119.50	FOSP;0.974
126.25	126.75	FOSP;0.697
133.25	134.00	FOSP;0.827
134.25	135.00	FOSP;0.752
143.25	145.50	FOSP;0.939
154.00	156.00	FOSP;0.995
161.00	161.50	FOSP;0.736
164.25	166.50	FOSP;0.986
176.00	177.50	FOSP;0.875
180.50	182.25	FOSP;0.978
184.75	187.00	FOSP;0.997
198.25	200.75	FOSP;0.924
211.00	212.75	FOSP;0.973
225.75	226.75	FOSP;0.956
237.50	239.50	FOSP;0.798
251.50	253.25	FOSP;0.842
264.25	266.00	FOSP;0.928
273.00	273.25	FOSP;0.675
277.00	278.75	FOSP;0.901
290.00	292.00	FOSP;0.969
296.00	297.25	FOSP;0.962
42.00	42.50	GCSP;0.559
175.00	175.75	GCSP;0.703
2.25	2.75	HETH;0.571
134.50	134.75	LASP;0.512
58.00	58.50	MAMU;0.839
216.25	216.50	PIGR;0.522
240.50	240.75	PIGR;0.503
95.25	95.50	PUSA;0.596
89.25	89.75	RBGR;0.697
189.00	189.50	RBGR;0.504
238.25	239.00	RBGR;0.809
254.50	255.00	RBGR;0.616
160.25	160.50	SAPH;0.713
19.50	20.00	SATH;0.560
68.25	68.50	SATH;0.514
69.00	69.75	SATH;0.738
86.00	86.50	SATH;0.648
87.50	88.00	SATH;0.561
210.00	210.75	SATH;0.693
233.50	233.75	SATH;0.513
96.00	96.25	SBDO;0.648
214.50	214.75	SBDO;0.542
173.25	173.50	SEPL;0.564
126.50	126.75	SNBU;0.503
127.00	127.50	SNBU;0.700
232.25	232.50	SNBU;0.697
194.50	195.00	TOSO;0.519
266.00	267.25	TOSO;0.754
287.50	288.00	TOSO;0.658
99.50	99.75	VESP;0.605
145.00	145.25	VESP;0.574
177.00	177.75	VESP;0.731
199.50	200.00	VESP;0.587
239.00	239.25	VESP;0.599
278.25	278.75	VESP;0.538
214.50	214.75	WATA;0.658
2.25	3.75	WCSP;0.957
10.25	11.50	WCSP;0.921
13.25	16.50	WCSP;0.994
20.25	22.00	WCSP;0.996
26.50	28.50	WCSP;0.994
34.25	35.75	WCSP;0.981
42.00	43.75	WCSP;0.953
44.00	45.75	WCSP;0.987
47.75	49.50	WCSP;0.995
53.25	54.25	WCSP;0.921
56.50	58.25	WCSP;0.997
61.50	63.00	WCSP;0.996
64.25	65.75	WCSP;0.994
70.00	71.50	WCSP;0.982
72.50	73.00	WCSP;0.769
77.00	80.50	WCSP;0.985
85.25	85.50	WCSP;0.681
87.75	89.00	WCSP;0.967
91.75	93.00	WCSP;0.997
96.50	98.25	WCSP;0.992
99.25	99.75	WCSP;0.688
101.00	102.25	WCSP;0.995
104.75	106.50	WCSP;0.982
108.50	110.25	WCSP;0.996
113.25	115.00	WCSP;0.970
115.25	117.25	WCSP;0.996
122.25	124.50	WCSP;0.991
128.75	130.75	WCSP;0.996
133.00	134.75	WCSP;0.915
136.25	138.00	WCSP;0.997
141.25	144.00	WCSP;0.958
149.00	152.00	WCSP;0.985
156.25	157.75	WCSP;0.993
159.25	162.00	WCSP;0.962
162.75	164.00	WCSP;0.997
168.25	171.50	WCSP;0.981
175.25	176.75	WCSP;0.874
179.00	180.75	WCSP;0.969
182.50	184.50	WCSP;0.994
189.75	191.00	WCSP;0.938
191.25	192.50	WCSP;0.898
197.25	198.75	WCSP;0.927
200.00	200.75	WCSP;0.776
205.00	206.75	WCSP;0.994
209.50	209.75	WCSP;0.730
210.25	210.75	WCSP;0.695
212.50	214.00	WCSP;0.976
219.00	220.25	WCSP;0.985
221.25	222.75	WCSP;0.982
227.50	229.75	WCSP;0.955
235.25	239.00	WCSP;0.979
241.75	243.25	WCSP;0.997
247.00	248.50	WCSP;0.980
249.50	251.00	WCSP;0.995
256.25	258.00	WCSP;0.957
261.25	262.75	WCSP;0.952
263.00	264.50	WCSP;0.996
269.50	271.25	WCSP;0.996
273.25	274.50	WCSP;0.952
278.00	279.50	WCSP;0.933
283.50	286.50	WCSP;0.989
291.75	294.75	WCSP;0.985
298.00	299.75	WCSP;0.989
10.00	10.75	WTSP;0.621
12.75	13.50	WTSP;0.601
23.00	25.00	WTSP;0.862
34.25	34.75	WTSP;0.602
35.50	36.00	WTSP;0.593
50.00	50.75	WTSP;0.877
64.25	64.75	WTSP;0.523
71.50	72.50	WTSP;0.657
77.00	77.50	WTSP;0.564
85.00	85.75	WTSP;0.847
