296.50	296.75	AMPI;0.730
281.00	282.00	AMRO;0.943
293.00	295.25	AMRO;0.898
310.75	312.00	AMRO;0.695
73.25	73.50	ANMU;0.741
174.25	174.75	BHGR;0.646
395.25	395.75	BHVI;0.827
168.25	168.50	BLJA;0.665
323.50	323.75	BRCR;0.683
154.50	155.25	CHSP;0.744
177.50	178.50	CHSP;0.792
232.25	232.50	CHSP;0.502
262.00	263.75	CHSP;0.964
283.25	283.75	CHSP;0.561
284.25	286.25	CHSP;0.940
294.25	294.50	CHSP;0.531
329.25	330.00	CHSP;0.869
449.50	449.75	CHSP;0.606
0.75	1.00	DEJU;0.551
15.00	15.50	DEJU;0.638
30.25	30.50	DEJU;0.576
46.25	46.50	DEJU;0.594
154.75	155.25	DEJU;0.749
329.25	329.75	DEJU;0.564
449.00	449.50	DEJU;0.640
599.25	599.50	DEJU;0.504
83.00	83.50	DUNL;0.635
196.75	197.00	EABL;0.731
404.25	404.50	EAME;0.623
166.75	167.00	EATO;0.609
272.25	272.75	EATO;0.721
527.25	527.50	EATO;0.655
454.75	455.00	EVGR;0.539
68.25	68.75	FISP;0.569
167.25	168.00	FISP;0.752
231.00	232.00	FISP;0.939
382.50	382.75	FISP;0.545
549.00	550.50	FISP;0.648
3.25	3.50	FOSP;0.673
18.00	19.75	FOSP;0.975
24.00	25.25	FOSP;0.990
43.00	43.75	FOSP;0.794
51.50	52.00	FOSP;0.733
59.50	60.50	FOSP;0.955
63.25	64.00	FOSP;0.768
75.25	76.00	FOSP;0.905
80.00	81.00	FOSP;0.998
94.00	95.25	FOSP;0.951
108.00	109.25	FOSP;0.994
122.00	123.00	FOSP;0.995
151.50	152.00	FOSP;0.803
181.00	181.75	FOSP;0.986
197.50	198.75	FOSP;0.951
247.00	248.00	FOSP;0.977
264.75	266.00	FOSP;0.962
273.00	273.25	FOSP;0.779
282.00	282.25	FOSP;0.718
313.00	316.00	FOSP;0.966
328.00	328.75	FOSP;0.814
331.00	331.75	FOSP;0.789
342.75	343.00	FOSP;0.672
354.25	354.50	FOSP;0.704
356.25	356.50	FOSP;0.779
361.25	362.25	FOSP;0.989
375.25	376.50	FOSP;0.963
388.25	389.00	FOSP;0.847
412.00	416.00	FOSP;0.993
423.75	425.75	FOSP;0.996
430.00	431.75	FOSP;0.988
460.50	461.50	FOSP;0.967
465.50	466.50	FOSP;0.722
470.25	471.00	FOSP;0.834
477.25	478.50	FOSP;0.989
495.25	496.25	FOSP;0.953
502.25	503.00	FOSP;0.754
511.25	512.75	FOSP;0.990
527.25	527.50	FOSP;0.658
543.50	544.50	FOSP;0.882
574.75	575.75	FOSP;0.940
591.00	592.00	FOSP;0.973
33.50	33.75	GCSP;0.549
93.25	94.00	GCSP;0.827
149.75	150.25	GCSP;0.630
269.00	269.75	GCSP;0.819
326.50	327.00	GCSP;0.795
337.50	338.00	GCSP;0.813
343.25	344.50	GCSP;0.889
392.50	392.75	GCSP;0.568
470.50	470.75	GCSP;0.519
548.50	548.75	GCSP;0.517
40.00	40.25	HAFL;0.521
161.75	162.00	HETH;0.641
166.50	167.00	HETH;0.590
213.75	214.00	HETH;0.822
342.25	342.50	HETH;0.530
361.00	361.50	HETH;0.566
379.00	379.25	HETH;0.538
477.25	477.50	HETH;0.710
495.00	495.50	HETH;0.770
349.25	350.00	HOLA;0.951
565.50	565.75	HOLA;0.558
62.00	62.75	LASP;0.765
63.50	63.75	LASP;0.548
356.25	356.50	LEWO;0.682
31.50	32.00	LISP;0.593
72.25	72.50	LISP;0.580
379.50	380.00	LISP;0.800
394.25	394.50	LISP;0.547
447.50	448.00	LISP;0.677
473.25	473.75	LISP;0.627
23.00	23.25	MAMU;0.510
468.00	468.50	MAMU;0.637
383.25	383.50	MOCH;0.579
31.25	31.75	NHWR;0.589
120.00	120.50	NHWR;0.729
233.25	233.75	NHWR;0.597
348.50	349.00	NHWR;0.554
406.50	407.00	NHWR;0.617
464.25	464.75	OCWA;0.632
48.50	48.75	PIGR;0.666
416.75	417.25	PISI;0.634
25.25	25.50	PUFI;0.634
44.00	44.25	PUFI;0.528
52.25	52.75	PUFI;0.643
215.00	215.25	PUFI;0.505
248.00	248.25	PUFI;0.555
356.25	356.50	RBGR;0.591
576.25	576.50	RBGR;0.515
453.00	453.50	RBGU;0.873
180.50	180.75	RBNU;0.666
76.50	77.50	RCKI;0.818
97.50	98.00	RCKI;0.850
436.50	436.75	RCKI;0.541
438.25	439.25	RCKI;0.716
44.00	44.25	REVI;0.592
461.50	462.00	REVI;0.701
143.25	143.50	RTHA;0.560
337.50	337.75	RWBL;0.503
211.25	211.75	SAND;0.654
396.00	396.25	SBDO;0.684
440.00	440.25	SBDO;0.606
43.00	43.25	SEPL;0.534
266.50	266.75	SOSP;0.726
268.00	268.25	SOSP;0.672
86.50	87.50	SWSP;0.689
106.25	107.25	SWSP;0.769
123.25	124.00	SWSP;0.728
157.25	158.50	SWSP;0.839
254.50	255.00	SWSP;0.625
304.25	304.50	SWSP;0.522
312.75	313.00	SWSP;0.600
328.50	329.00	SWSP;0.633
378.25	378.75	SWSP;0.549
387.50	387.75	SWSP;0.569
398.25	399.75	SWSP;0.917
406.00	406.50	SWSP;0.645
426.00	426.25	SWSP;0.563
456.50	456.75	SWSP;0.571
486.50	487.75	SWSP;0.746
12.75	13.50	VATH;0.815
53.25	53.75	VATH;0.668
102.50	103.00	VATH;0.722
115.75	116.50	VATH;0.909
169.25	169.75	VATH;0.757
208.75	209.25	VATH;0.655
210.00	210.75	VATH;0.934
220.75	221.50	VATH;0.654
226.00	226.25	VATH;0.842
236.75	237.25	VATH;0.880
263.75	264.50	VATH;0.747
303.00	303.25	VATH;0.612
305.25	305.75	VATH;0.650
324.50	325.75	VATH;0.970
371.50	372.00	VATH;0.570
408.75	409.50	VATH;0.811
418.00	419.00	VATH;0.989
507.50	508.00	VATH;0.810
63.50	63.75	VESP;0.564
139.50	139.75	VESP;0.543
315.25	316.00	VESP;0.664
56.00	57.00	WCSP;0.988
125.00	125.75	WCSP;0.857
139.00	139.25	WCSP;0.581
150.25	150.50	WCSP;0.541
159.00	159.75	WCSP;0.828
161.75	162.25	WCSP;0.685
165.75	166.00	WCSP;0.538
245.50	246.00	WCSP;0.701
295.25	296.00	WCSP;0.881
392.50	393.25	WCSP;0.589
402.25	403.50	WCSP;0.861
434.25	435.00	WCSP;0.817
446.50	447.25	WCSP;0.779
479.50	479.75	WCSP;0.585
489.50	489.75	WCSP;0.552
535.25	536.00	WCSP;0.889
544.00	544.25	WCSP;0.507
546.50	547.75	WCSP;0.954
558.25	559.25	WCSP;0.824
3.50	4.25	WIWA;0.973
16.25	17.50	WIWA;0.996
86.50	87.50	WIWA;0.814
98.25	99.00	WIWA;0.962
114.25	115.75	WIWA;0.983
123.25	123.75	WIWA;0.769
126.00	127.00	WIWA;0.986
132.50	133.25	WIWA;0.992
137.25	138.50	WIWA;0.982
140.25	141.75	WIWA;0.987
152.75	153.75	WIWA;0.994
157.75	158.25	WIWA;0.776
159.75	161.00	WIWA;0.997
168.50	169.50	WIWA;0.995
175.00	176.50	WIWA;0.991
181.75	182.50	WIWA;0.985
188.50	189.75	WIWA;0.997
194.25	195.25	WIWA;0.992
201.75	203.00	WIWA;0.994
225.00	225.75	WIWA;0.942
237.75	238.75	WIWA;0.946
246.00	246.50	WIWA;0.719
254.50	255.00	WIWA;0.763
264.25	264.75	WIWA;0.827
274.50	275.50	WIWA;0.976
304.00	304.50	WIWA;0.785
346.50	347.50	WIWA;0.957
354.25	354.75	WIWA;0.701
405.50	406.00	WIWA;0.821
420.25	421.50	WIWA;0.909
449.50	450.00	WIWA;0.827
453.50	454.25	WIWA;0.992
455.75	457.00	WIWA;0.904
462.50	463.75	WIWA;0.993
464.50	465.00	WIWA;0.716
471.00	472.50	WIWA;0.994
479.75	481.00	WIWA;0.988
484.00	485.50	WIWA;0.994
486.50	488.00	WIWA;0.898
490.50	491.75	WIWA;0.994
494.00	495.25	WIWA;0.996
499.50	500.25	WIWA;0.984
504.50	505.75	WIWA;0.958
506.50	507.75	WIWA;0.994
512.25	513.75	WIWA;0.995
516.50	517.50	WIWA;0.993
523.75	525.00	WIWA;0.994
526.50	528.00	WIWA;0.990
531.50	533.50	WIWA;0.996
538.00	539.50	WIWA;0.993
551.75	553.50	WIWA;0.995
562.25	563.75	WIWA;0.996
570.50	572.00	WIWA;0.995
584.25	585.75	WIWA;0.994
594.00	595.50	WIWA;0.996
276.75	277.00	WRSA;0.552
5.25	9.00	WTSP;0.991
19.75	23.00	WTSP;0.994
32.75	34.00	WTSP;0.930
35.00	36.25	WTSP;0.978
41.50	42.50	WTSP;0.781
65.75	69.50	WTSP;0.989
70.25	71.50	WTSP;0.782
77.25	80.00	WTSP;0.977
86.00	86.25	WTSP;0.738
91.00	93.75	WTSP;0.989
104.00	105.25	WTSP;0.935
105.75	106.75	WTSP;0.885
118.50	120.00	WTSP;0.927
120.50	121.00	WTSP;0.767
128.00	128.25	WTSP;0.701
134.25	135.25	WTSP;0.923
136.25	136.75	WTSP;0.748
138.50	139.00	WTSP;0.695
145.25	146.00	WTSP;0.775
149.75	150.50	WTSP;0.777
154.00	154.50	WTSP;0.733
162.00	162.50	WTSP;0.754
165.25	166.00	WTSP;0.908
174.50	175.00	WTSP;0.726
183.00	185.50	WTSP;0.981
199.75	202.00	WTSP;0.986
221.00	221.75	WTSP;0.791
228.75	231.00	WTSP;0.980
245.50	245.75	WTSP;0.662
258.50	259.00	WTSP;0.969
269.00	269.75	WTSP;0.751
302.25	302.50	WTSP;0.668
305.00	305.75	WTSP;0.762
306.00	306.25	WTSP;0.675
319.75	320.50	WTSP;0.779
323.25	323.75	WTSP;0.903
334.25	336.75	WTSP;0.963
343.25	344.00	WTSP;0.834
352.00	354.00	WTSP;0.963
357.25	359.50	WTSP;0.985
365.00	366.00	WTSP;0.862
372.00	373.75	WTSP;0.925
380.00	382.50	WTSP;0.951
383.00	383.75	WTSP;0.726
386.00	386.25	WTSP;0.837
390.00	391.75	WTSP;0.965
396.50	398.50	WTSP;0.969
400.25	400.75	WTSP;0.896
402.00	402.75	WTSP;0.787
409.50	410.00	WTSP;0.712
417.50	418.00	WTSP;0.744
426.50	429.50	WTSP;0.979
434.00	434.75	WTSP;0.809
443.00	443.75	WTSP;0.841
446.50	447.00	WTSP;0.700
457.00	458.75	WTSP;0.978
469.75	470.50	WTSP;0.698
479.25	479.75	WTSP;0.697
488.00	488.25	WTSP;0.688
489.00	490.75	WTSP;0.943
492.75	493.75	WTSP;0.908
497.25	502.00	WTSP;0.991
506.25	506.50	WTSP;0.719
507.75	511.25	WTSP;0.995
517.50	520.75	WTSP;0.993
522.00	523.25	WTSP;0.976
525.00	526.75	WTSP;0.981
530.00	531.00	WTSP;0.917
535.00	538.25	WTSP;0.993
540.00	542.00	WTSP;0.971
547.50	549.00	WTSP;0.888
549.50	550.50	WTSP;0.737
554.00	554.75	WTSP;0.798
555.00	555.50	WTSP;0.680
559.25	562.50	WTSP;0.990
565.50	570.25	WTSP;0.966
572.00	574.75	WTSP;0.991
577.00	577.75	WTSP;0.747
578.00	581.25	WTSP;0.993
583.75	584.25	WTSP;0.832
585.50	587.00	WTSP;0.988
589.50	591.00	WTSP;0.959
595.50	599.00	WTSP;0.992
203.00	203.75	WWCR;0.773
521.25	521.50	WWCR;0.536
299.75	300.25	YEWA;0.804
363.75	364.00	YEWA;0.506
