0.00	2.75	AMRO;0.986
8.50	8.75	AMRO;0.694
9.25	11.00	AMRO;0.971
16.00	18.75	AMRO;0.996
26.00	29.00	AMRO;0.994
33.25	36.25	AMRO;0.995
43.50	45.50	AMRO;0.986
50.00	54.00	AMRO;0.992
61.00	61.25	AMRO;0.708
67.50	70.00	AMRO;0.993
74.25	77.00	AMRO;0.983
82.50	86.00	AMRO;0.992
95.75	97.75	AMRO;0.964
103.25	105.75	AMRO;0.964
111.25	113.50	AMRO;0.987
123.75	125.75	AMRO;0.949
127.50	129.50	AMRO;0.903
137.00	138.00	AMRO;0.872
138.25	140.25	AMRO;0.939
146.25	147.75	AMRO;0.910
151.75	154.00	AMRO;0.990
158.00	159.50	AMRO;0.977
168.50	169.25	AMRO;0.844
175.50	177.50	AMRO;0.991
183.00	187.00	AMRO;0.963
191.25	193.50	AMRO;0.995
206.00	209.25	AMRO;0.994
218.75	221.50	AMRO;0.994
225.50	227.50	AMRO;0.985
231.50	232.00	AMRO;0.734
233.25	234.75	AMRO;0.836
237.00	237.75	AMRO;0.898
246.00	249.25	AMRO;0.987
255.75	258.50	AMRO;0.993
263.75	268.75	AMRO;0.997
275.00	276.75	AMRO;0.987
286.00	289.50	AMRO;0.995
303.25	307.25	AMRO;0.985
312.25	313.75	AMRO;0.953
314.00	314.75	AMRO;0.724
315.25	318.00	AMRO;0.969
325.50	329.00	AMRO;0.970
335.50	338.50	AMRO;0.992
345.75	350.00	AMRO;0.996
355.25	356.75	AMRO;0.952
362.25	364.00	AMRO;0.989
374.00	377.00	AMRO;0.986
384.25	387.50	AMRO;0.994
391.75	394.50	AMRO;0.996
397.25	399.00	AMRO;0.993
403.75	405.50	AMRO;0.981
410.00	412.25	AMRO;0.988
418.00	419.50	AMRO;0.703
426.25	430.25	AMRO;0.991
435.50	437.50	AMRO;0.995
445.00	448.25	AMRO;0.994
451.75	456.75	AMRO;0.995
460.00	464.25	AMRO;0.993
472.50	477.25	AMRO;0.993
485.50	488.00	AMRO;0.996
495.25	500.50	AMRO;0.994
510.25	511.50	AMRO;0.865
519.25	522.75	AMRO;0.990
527.75	530.25	AMRO;0.996
546.75	551.25	AMRO;0.987
557.00	560.00	AMRO;0.993
566.75	568.00	AMRO;0.911
574.25	576.75	AMRO;0.995
581.75	584.00	AMRO;0.975
590.75	591.25	AMRO;0.700
148.00	148.50	ATSP;0.880
117.25	117.50	BCCH;0.653
323.50	323.75	BHVI;0.520
554.25	554.50	BHVI;0.503
588.75	589.00	BHVI;0.756
246.75	247.25	BRSP;0.565
478.50	479.00	BRSP;0.553
10.00	12.75	CHSP;0.979
24.00	24.50	CHSP;0.763
36.25	39.00	CHSP;0.963
51.50	54.00	CHSP;0.938
73.00	75.75	CHSP;0.921
84.50	87.25	CHSP;0.979
93.00	96.75	CHSP;0.965
121.50	123.50	CHSP;0.956
131.50	134.50	CHSP;0.982
143.50	145.00	CHSP;0.843
148.25	148.50	CHSP;0.865
154.50	156.75	CHSP;0.938
165.00	167.50	CHSP;0.952
177.75	178.25	CHSP;0.759
187.00	189.50	CHSP;0.945
200.00	202.00	CHSP;0.945
212.25	214.75	CHSP;0.970
224.50	226.75	CHSP;0.892
233.00	234.75	CHSP;0.845
245.25	246.25	CHSP;0.822
246.50	247.25	CHSP;0.741
256.25	258.75	CHSP;0.883
266.50	269.00	CHSP;0.961
277.00	277.50	CHSP;0.718
277.75	279.00	CHSP;0.964
301.75	303.00	CHSP;0.854
312.00	314.00	CHSP;0.872
333.75	335.00	CHSP;0.923
346.25	348.50	CHSP;0.895
357.00	359.50	CHSP;0.962
367.75	370.50	CHSP;0.933
379.00	381.50	CHSP;0.906
389.00	391.50	CHSP;0.940
395.50	395.75	CHSP;0.662
403.25	406.00	CHSP;0.903
417.50	419.00	CHSP;0.908
428.25	430.75	CHSP;0.948
439.00	441.50	CHSP;0.872
451.25	453.75	CHSP;0.877
454.50	454.75	CHSP;0.696
462.25	464.50	CHSP;0.854
477.25	479.25	CHSP;0.845
489.75	491.75	CHSP;0.881
500.25	502.75	CHSP;0.969
511.75	514.00	CHSP;0.921
523.75	525.00	CHSP;0.817
527.25	528.25	CHSP;0.847
549.25	550.00	CHSP;0.818
558.50	560.25	CHSP;0.939
568.00	570.50	CHSP;0.966
581.50	582.00	CHSP;0.693
591.00	593.00	CHSP;0.978
471.00	471.75	CHSW;0.790
24.00	24.25	DEJU;0.591
51.25	52.00	DEJU;0.736
119.25	119.75	DEJU;0.687
156.25	156.75	DEJU;0.587
277.00	277.50	DEJU;0.546
302.25	302.75	DEJU;0.583
357.00	357.75	DEJU;0.576
369.50	370.50	DEJU;0.827
381.00	381.25	DEJU;0.505
403.50	404.00	DEJU;0.631
417.75	418.00	DEJU;0.548
439.50	440.00	DEJU;0.589
441.00	441.50	DEJU;0.630
451.25	452.00	DEJU;0.622
464.25	464.50	DEJU;0.511
489.75	490.00	DEJU;0.559
491.00	491.75	DEJU;0.637
500.50	501.00	DEJU;0.608
524.00	524.75	DEJU;0.734
368.75	369.25	EAME;0.616
7.25	9.50	FOSP;0.980
19.25	21.00	FOSP;0.805
24.25	26.00	FOSP;0.986
32.00	33.25	FOSP;0.993
41.25	43.75	FOSP;0.993
61.00	62.75	FOSP;0.980
80.50	82.75	FOSP;0.997
88.75	90.25	FOSP;0.987
99.00	101.00	FOSP;0.995
105.75	107.75	FOSP;0.995
125.50	127.75	FOSP;0.954
137.75	139.50	FOSP;0.890
144.50	146.25	FOSP;0.943
148.25	150.00	FOSP;0.968
159.25	162.00	FOSP;0.991
169.25	171.50	FOSP;0.995
178.00	180.25	FOSP;0.984
182.25	184.25	FOSP;0.969
197.00	199.25	FOSP;0.990
215.50	217.75	FOSP;0.934
234.50	236.50	FOSP;0.901
252.00	254.50	FOSP;0.993
272.25	274.25	FOSP;0.992
290.25	292.25	FOSP;0.995
307.25	309.00	FOSP;0.991
323.50	325.50	FOSP;0.994
341.50	342.00	FOSP;0.715
342.50	344.25	FOSP;0.972
364.00	366.25	FOSP;0.992
369.00	369.50	FOSP;0.692
382.00	384.25	FOSP;0.993
400.25	402.75	FOSP;0.995
406.50	406.75	FOSP;0.697
423.00	424.75	FOSP;0.998
441.00	441.75	FOSP;0.837
493.50	495.00	FOSP;0.869
514.75	516.75	FOSP;0.993
535.00	536.50	FOSP;0.993
554.00	556.00	FOSP;0.987
572.00	574.25	FOSP;0.987
579.25	580.25	FOSP;0.959
589.00	590.75	FOSP;0.882
595.00	596.50	FOSP;0.909
148.25	148.50	GCSP;0.687
566.50	566.75	GRCA;0.508
60.50	60.75	GWTE;0.574
391.50	392.00	GWTE;0.818
412.00	412.50	GWTE;0.648
475.50	475.75	GWTE;0.532
25.50	26.00	LASP;0.617
33.25	33.50	LASP;0.520
107.25	107.75	LASP;0.592
198.50	199.00	LASP;0.575
536.50	536.75	LASP;0.530
2.50	3.00	LISP;0.653
18.75	19.50	LISP;0.785
66.75	67.75	LISP;0.863
114.50	115.75	LISP;0.722
116.00	116.25	LISP;0.594
130.25	131.00	LISP;0.701
230.25	231.75	LISP;0.960
262.25	263.75	LISP;0.925
295.75	296.00	LISP;0.611
310.50	311.50	LISP;0.738
360.00	362.00	LISP;0.791
398.75	399.25	LISP;0.599
448.75	450.00	LISP;0.991
464.50	465.50	LISP;0.748
479.25	480.50	LISP;0.747
508.25	509.50	LISP;0.683
522.50	523.75	LISP;0.980
550.75	551.50	LISP;0.869
565.00	566.00	LISP;0.957
580.25	581.25	LISP;0.831
560.25	561.00	OCWA;0.787
19.75	20.00	OROR;0.554
20.25	20.50	OROR;0.588
234.75	235.00	OROR;0.507
13.00	13.25	PIGR;0.583
29.00	29.50	PIGR;0.622
457.00	457.25	PIGR;0.506
0.00	0.50	PISI;0.985
3.00	4.25	PISI;0.991
54.25	55.00	PISI;0.930
56.00	59.75	PISI;0.981
63.25	65.25	PISI;0.927
65.75	66.75	PISI;0.978
70.50	71.00	PISI;0.873
119.75	120.00	PISI;0.732
120.75	121.50	PISI;0.966
123.50	124.00	PISI;0.703
125.00	125.25	PISI;0.727
128.25	129.00	PISI;0.878
129.75	130.00	PISI;0.661
244.50	245.00	PISI;0.919
249.00	249.50	PISI;0.823
255.25	255.75	PISI;0.914
269.25	270.00	PISI;0.981
270.25	271.50	PISI;0.757
274.75	275.75	PISI;0.995
276.25	277.00	PISI;0.852
279.00	280.00	PISI;0.972
280.25	283.25	PISI;0.981
284.50	286.25	PISI;0.863
293.00	302.00	PISI;0.995
303.25	306.00	PISI;0.971
311.50	312.00	PISI;0.759
313.25	313.50	PISI;0.698
313.75	318.25	PISI;0.984
319.50	323.00	PISI;0.997
326.00	328.50	PISI;0.948
329.00	335.25	PISI;0.993
337.00	340.50	PISI;0.994
341.00	341.50	PISI;0.939
342.00	342.50	PISI;0.738
414.00	416.75	PISI;0.996
417.00	417.75	PISI;0.878
419.00	421.50	PISI;0.992
422.25	423.00	PISI;0.933
457.75	459.75	PISI;0.979
466.75	467.25	PISI;0.680
468.00	468.25	PISI;0.704
480.50	486.50	PISI;0.987
487.00	487.25	PISI;0.790
488.25	489.75	PISI;0.989
492.25	493.50	PISI;0.921
498.00	499.25	PISI;0.986
504.25	505.25	PISI;0.996
506.00	507.00	PISI;0.986
526.00	526.75	PISI;0.955
527.00	527.50	PISI;0.680
530.25	530.75	PISI;0.737
531.50	532.25	PISI;0.928
533.00	533.75	PISI;0.919
534.50	535.00	PISI;0.772
542.50	543.25	PISI;0.810
543.50	547.00	PISI;0.990
547.75	548.00	PISI;0.706
548.50	548.75	PISI;0.700
551.50	552.25	PISI;0.868
553.50	554.00	PISI;0.772
556.25	557.75	PISI;0.994
562.25	562.75	PISI;0.708
563.00	564.00	PISI;0.961
571.00	571.50	PISI;0.837
577.00	577.50	PISI;0.717
578.00	579.25	PISI;0.987
582.00	582.50	PISI;0.740
583.25	588.50	PISI;0.996
588.75	589.00	PISI;0.667
593.00	594.00	PISI;0.879
597.00	597.75	PISI;0.954
550.00	550.25	RBGR;0.501
163.00	164.00	ROWR;0.940
277.50	277.75	ROWR;0.521
295.75	296.00	ROWR;0.737
448.75	449.00	ROWR;0.526
479.50	479.75	ROWR;0.606
594.00	594.75	ROWR;0.966
381.25	383.25	RUGR;0.791
528.00	528.50	RUGR;0.589
595.00	595.25	SAPH;0.514
97.25	97.75	SATH;0.679
123.25	123.50	SATH;0.531
168.00	168.75	SATH;0.701
169.25	169.50	SATH;0.599
199.50	199.75	SATH;0.522
219.25	219.75	SATH;0.550
356.25	356.75	SATH;0.590
362.25	362.75	SATH;0.589
405.25	405.75	SATH;0.644
474.00	474.75	SATH;0.768
510.00	510.25	SATH;0.550
511.00	511.75	SATH;0.855
519.25	519.75	SATH;0.694
537.50	538.00	SATH;0.537
566.25	566.75	SATH;0.639
13.00	13.25	SNBU;0.524
440.25	440.75	SNBU;0.851
108.00	108.25	SPTO;0.625
175.25	175.75	SWSP;0.750
359.25	359.75	SWSP;0.692
455.25	455.50	SWSP;0.530
123.50	123.75	TOSO;0.532
231.50	232.00	TOSO;0.557
419.25	420.00	TOSO;0.677
581.25	581.50	TOSO;0.508
236.25	236.50	VESP;0.504
325.00	325.50	VESP;0.654
139.25	139.50	WCSP;0.549
142.25	143.25	WCSP;0.948
167.25	168.00	WCSP;0.879
195.25	196.75	WCSP;0.943
240.50	240.75	WCSP;0.628
250.25	250.75	WCSP;0.627
494.25	494.75	WCSP;0.602
503.00	503.75	WCSP;0.836
525.50	526.00	WCSP;0.721
541.00	542.75	WCSP;0.987
555.25	556.00	WCSP;0.726
590.00	590.50	WCSP;0.556
154.25	154.50	WEME;0.607
217.75	218.75	WIWA;0.989
227.00	228.25	WIWA;0.978
258.75	259.50	WIWA;0.889
287.00	287.75	WIWA;0.969
309.75	310.50	WIWA;0.829
318.25	319.50	WIWA;0.988
335.00	336.00	WIWA;0.939
344.25	345.25	WIWA;0.989
117.25	117.50	WTSP;0.549
