141.50	142.00	AMPI;0.688
14.50	14.75	AMRO;0.710
146.75	147.00	AMRO;0.676
158.75	159.00	AMRO;0.739
162.25	162.75	AMRO;0.682
168.75	169.00	AMRO;0.639
175.25	175.50	AMRO;0.693
215.25	215.75	AMRO;0.680
264.25	264.50	AMRO;0.585
281.75	282.00	AMRO;0.523
297.00	297.25	AMRO;0.668
4.75	5.00	ATSP;0.831
106.75	107.00	BCCH;0.523
49.00	49.25	BHCO;0.517
297.00	297.25	BOWA;0.642
32.50	32.75	BRSP;0.929
113.25	113.50	CAFI;0.566
173.00	173.50	CAJA;0.605
67.25	67.75	CATE;0.909
146.50	147.00	CBCH;0.798
162.00	162.75	CBCH;0.810
16.75	17.00	CHSP;0.909
36.00	36.50	CHSP;0.806
122.25	122.50	CMWA;0.645
160.25	161.00	COPO;0.918
0.25	1.00	DEJU;0.996
19.00	19.25	DEJU;0.775
49.25	50.00	DEJU;0.981
87.75	88.25	DEJU;0.847
113.50	114.00	DEJU;0.781
180.25	180.50	EAME;0.534
21.50	21.75	EVGR;0.636
123.75	124.00	FISP;0.513
126.25	127.00	FISP;0.731
226.25	226.75	FISP;0.530
296.00	296.50	FISP;0.585
40.25	41.25	FOSP;0.904
59.50	60.75	FOSP;0.948
72.00	73.00	FOSP;0.941
156.50	156.75	FOSP;0.649
180.00	181.00	FOSP;0.897
256.25	256.75	FOSP;0.630
299.50	299.75	FOSP;0.565
256.50	257.00	GCSP;0.664
170.75	171.00	HADU;0.611
75.25	76.00	HASP;0.718
136.00	136.25	HEWA;0.548
238.75	239.00	LBDO;0.617
156.00	156.25	LESC;0.588
22.25	23.00	LISP;0.726
34.25	34.50	LISP;0.586
46.25	46.75	LOSH;0.531
255.00	255.25	LTJA;0.659
264.25	264.50	LTJA;0.632
281.75	282.00	LTJA;0.757
104.25	104.75	MOCH;0.608
169.75	170.00	MOCH;0.512
198.00	198.25	MOCH;0.546
271.75	272.00	MOCH;0.511
136.00	136.25	NAWA;0.561
166.25	166.75	NOPI;0.734
212.25	212.50	NSHR;0.576
279.25	279.50	PAWA;0.831
111.00	111.75	PISI;0.994
115.25	115.75	PISI;0.937
143.50	144.25	PISI;0.762
164.75	165.50	PISI;0.987
189.25	189.75	PISI;0.861
194.75	195.00	PISI;0.606
189.50	189.75	REDP;0.654
196.75	197.00	RNDU;0.535
81.75	82.00	ROWR;0.702
39.50	39.75	SAPH;0.512
21.50	21.75	SNBU;0.564
39.50	39.75	SNBU;0.707
69.25	69.50	TOSO;0.772
122.25	122.50	VASW;0.530
257.25	257.75	VESP;0.707
32.50	32.75	WCSP;0.641
75.50	76.00	WCSP;0.844
86.50	87.50	WCSP;0.834
99.00	100.25	WCSP;0.920
116.75	117.75	WCSP;0.857
257.00	257.50	WCSP;0.610
216.00	216.25	WTPT;0.561
251.75	252.00	WTPT;0.641
261.00	261.50	WTPT;0.890
83.00	86.50	WTSP;0.978
90.25	92.00	WTSP;0.972
97.50	99.50	WTSP;0.823
103.00	104.75	WTSP;0.946
117.00	117.25	WTSP;0.678
122.75	125.25	WTSP;0.982
126.25	126.50	WTSP;0.728
127.00	127.75	WTSP;0.839
128.25	130.50	WTSP;0.936
134.25	134.50	WTSP;0.679
136.00	138.00	WTSP;0.993
140.00	141.75	WTSP;0.953
152.50	155.00	WTSP;0.958
158.50	159.25	WTSP;0.743
169.25	172.50	WTSP;0.989
198.00	198.25	WTSP;0.692
199.00	200.00	WTSP;0.910
202.25	204.50	WTSP;0.966
224.00	226.75	WTSP;0.952
241.00	242.75	WTSP;0.961
252.25	253.50	WTSP;0.965
258.50	260.00	WTSP;0.887
263.50	266.75	WTSP;0.976
270.50	272.25	WTSP;0.941
280.00	281.50	WTSP;0.974
293.50	296.50	WTSP;0.984
138.00	138.50	YRWA;0.823
150.75	152.00	YRWA;0.992
163.00	164.00	YRWA;0.946
176.50	178.00	YRWA;0.991
235.50	235.75	YRWA;0.530
