105.25	105.50	AMPI;0.685
472.50	473.00	AMPI;0.771
473.50	474.00	AMPI;0.762
561.00	561.25	AMRO;0.511
483.00	483.50	BHVI;0.939
473.00	473.50	DEJU;0.735
308.50	308.75	EATO;0.555
410.00	410.50	EATO;0.636
411.00	411.50	EATO;0.689
535.50	536.00	EATO;0.565
31.50	32.00	FISP;0.810
66.50	67.00	FISP;0.628
233.50	233.75	FISP;0.542
520.75	521.25	FISP;0.573
3.25	5.25	FOSP;0.992
7.00	8.75	FOSP;0.986
9.25	11.25	FOSP;0.992
19.25	20.75	FOSP;0.988
22.75	24.75	FOSP;0.997
32.25	34.25	FOSP;0.992
37.25	38.25	FOSP;0.931
44.00	45.75	FOSP;0.994
50.00	51.00	FOSP;0.955
55.50	57.50	FOSP;0.990
63.25	66.00	FOSP;0.998
68.50	70.50	FOSP;0.863
74.50	76.75	FOSP;0.996
77.75	82.50	FOSP;0.989
87.25	89.50	FOSP;0.996
91.25	92.75	FOSP;0.980
98.00	100.25	FOSP;0.994
101.75	103.75	FOSP;0.910
105.75	107.75	FOSP;0.979
110.25	112.75	FOSP;0.985
113.50	114.50	FOSP;0.832
117.25	118.75	FOSP;0.955
124.00	126.25	FOSP;0.992
126.50	128.00	FOSP;0.943
130.75	132.25	FOSP;0.936
139.50	143.00	FOSP;0.978
149.50	151.75	FOSP;0.997
163.00	165.00	FOSP;0.994
165.25	165.75	FOSP;0.838
167.75	169.00	FOSP;0.975
175.50	177.75	FOSP;0.997
183.50	185.00	FOSP;0.914
186.50	187.75	FOSP;0.795
195.75	196.00	FOSP;0.706
197.25	199.00	FOSP;0.978
221.00	222.75	FOSP;0.996
236.00	237.00	FOSP;0.899
244.50	246.00	FOSP;0.982
256.00	258.25	FOSP;0.994
271.75	273.00	FOSP;0.971
280.50	282.00	FOSP;0.992
289.00	290.75	FOSP;0.991
294.00	296.00	FOSP;0.996
304.00	305.75	FOSP;0.890
308.50	310.00	FOSP;0.963
319.75	322.50	FOSP;0.992
326.00	327.00	FOSP;0.983
333.50	336.75	FOSP;0.995
341.25	342.00	FOSP;0.915
347.50	349.00	FOSP;0.964
351.25	353.75	FOSP;0.993
363.50	364.75	FOSP;0.976
367.00	369.00	FOSP;0.995
378.00	378.25	FOSP;0.766
382.50	384.00	FOSP;0.952
393.25	394.00	FOSP;0.965
399.25	400.25	FOSP;0.738
409.75	411.00	FOSP;0.951
413.25	413.75	FOSP;0.838
416.25	418.00	FOSP;0.954
424.25	427.00	FOSP;0.986
431.75	433.50	FOSP;0.990
438.75	439.00	FOSP;0.664
439.50	441.00	FOSP;0.962
441.75	444.00	FOSP;0.996
449.50	451.00	FOSP;0.983
453.00	455.25	FOSP;0.998
456.00	458.50	FOSP;0.993
464.25	469.00	FOSP;0.989
476.00	478.50	FOSP;0.976
481.00	481.25	FOSP;0.672
484.25	485.50	FOSP;0.951
486.75	488.25	FOSP;0.988
490.75	493.25	FOSP;0.990
497.25	498.00	FOSP;0.977
499.50	502.75	FOSP;0.948
513.25	516.00	FOSP;0.997
523.25	526.00	FOSP;0.998
531.75	533.75	FOSP;0.996
535.25	537.50	FOSP;0.994
540.25	542.00	FOSP;0.989
548.25	550.25	FOSP;0.992
557.25	558.25	FOSP;0.992
561.75	563.50	FOSP;0.987
566.00	567.50	FOSP;0.958
576.75	578.00	FOSP;0.991
587.50	591.25	FOSP;0.992
599.25	600.00	FOSP;0.997
14.25	15.50	GCSP;0.784
45.25	45.75	GCSP;0.515
93.50	94.25	GCSP;0.690
139.75	140.00	GCSP;0.512
187.50	187.75	GCSP;0.510
195.25	195.75	GCSP;0.575
250.75	251.00	GCSP;0.614
258.50	259.00	GCSP;0.584
309.25	309.75	GCSP;0.629
347.00	347.50	GCSP;0.620
356.50	357.00	GCSP;0.554
385.50	385.75	GCSP;0.518
398.75	399.75	GCSP;0.923
508.00	508.75	GCSP;0.735
411.00	411.25	HETH;0.593
486.75	487.00	HETH;0.621
55.25	55.50	HOFI;0.657
475.50	476.25	HOLA;0.807
452.00	452.50	KILL;0.588
293.25	293.75	MOCH;0.524
307.25	308.00	MOCH;0.729
581.25	581.50	OSFL;0.741
205.00	205.50	PUFI;0.508
482.25	482.50	RWBL;0.603
581.25	581.75	SAPH;0.692
131.00	132.00	SNBU;0.648
304.25	305.00	SNBU;0.638
426.50	426.75	SNBU;0.544
105.25	105.50	SWSP;0.552
27.50	28.00	VATH;0.547
38.75	39.50	VATH;0.982
67.25	67.50	VATH;0.533
96.75	97.50	VATH;0.965
166.75	167.50	VATH;0.936
313.75	314.00	VATH;0.662
403.25	404.00	VATH;0.939
419.75	420.50	VATH;0.743
556.75	557.25	VATH;0.614
570.50	571.50	VATH;0.959
595.25	595.75	VATH;0.699
142.50	142.75	VESP;0.592
272.75	273.50	VESP;0.612
411.50	411.75	VESP;0.606
433.00	433.50	VESP;0.546
476.50	476.75	VESP;0.551
550.25	550.75	VESP;0.636
578.00	578.50	VESP;0.752
54.00	54.50	WATA;0.695
268.75	269.00	WATA;0.572
344.00	344.25	WATA;0.506
401.25	401.75	WATA;0.623
422.00	423.25	WATA;0.888
14.50	15.25	WCSP;0.577
20.00	20.50	WCSP;0.527
26.00	27.00	WCSP;0.946
37.50	38.75	WCSP;0.948
45.25	45.50	WCSP;0.523
50.50	51.25	WCSP;0.654
68.25	69.50	WCSP;0.896
79.50	80.00	WCSP;0.688
92.00	92.50	WCSP;0.687
102.00	103.00	WCSP;0.796
114.00	114.75	WCSP;0.871
156.00	156.25	WCSP;0.565
195.75	196.00	WCSP;0.509
227.50	227.75	WCSP;0.545
341.50	341.75	WCSP;0.525
399.75	401.00	WCSP;0.994
413.50	413.75	WCSP;0.569
417.00	417.50	WCSP;0.682
425.00	425.75	WCSP;0.725
440.25	441.00	WCSP;0.900
454.25	455.00	WCSP;0.769
468.00	468.50	WCSP;0.622
508.75	510.00	WCSP;0.986
541.00	541.75	WCSP;0.701
566.50	567.00	WCSP;0.699
553.25	553.75	WIWA;0.593
1.25	3.25	WTSP;0.967
13.75	14.75	WTSP;0.892
15.25	17.50	WTSP;0.975
34.25	37.25	WTSP;0.993
45.00	47.25	WTSP;0.899
51.25	54.50	WTSP;0.991
59.50	62.25	WTSP;0.991
67.75	68.25	WTSP;0.767
70.00	70.25	WTSP;0.699
83.00	87.25	WTSP;0.992
92.75	94.75	WTSP;0.930
100.75	101.75	WTSP;0.893
108.25	110.25	WTSP;0.981
115.50	117.50	WTSP;0.993
118.25	118.50	WTSP;0.687
118.75	121.25	WTSP;0.993
137.00	140.25	WTSP;0.998
144.25	148.00	WTSP;0.998
152.00	156.00	WTSP;0.997
159.75	163.25	WTSP;0.997
169.25	175.00	WTSP;0.999
177.50	181.25	WTSP;0.995
182.25	183.25	WTSP;0.795
186.75	195.75	WTSP;0.995
196.25	196.50	WTSP;0.686
199.25	203.75	WTSP;0.996
206.25	213.75	WTSP;0.997
215.50	221.00	WTSP;0.998
224.00	227.50	WTSP;0.999
231.25	233.25	WTSP;0.970
233.75	239.25	WTSP;0.996
239.50	244.00	WTSP;0.998
245.75	252.75	WTSP;0.995
258.00	265.25	WTSP;0.995
266.00	271.50	WTSP;0.997
274.00	280.50	WTSP;0.998
281.75	288.25	WTSP;0.997
291.00	293.75	WTSP;0.995
298.50	303.25	WTSP;0.998
307.00	308.50	WTSP;0.839
309.25	311.75	WTSP;0.977
315.25	320.00	WTSP;0.997
322.75	326.00	WTSP;0.977
327.00	329.50	WTSP;0.994
331.25	333.50	WTSP;0.972
336.75	340.00	WTSP;0.994
340.25	340.50	WTSP;0.675
341.25	341.50	WTSP;0.680
342.25	347.75	WTSP;0.986
355.25	358.00	WTSP;0.994
360.75	363.00	WTSP;0.986
364.75	367.25	WTSP;0.997
370.25	376.50	WTSP;0.997
378.25	381.50	WTSP;0.984
383.75	386.50	WTSP;0.997
387.75	390.50	WTSP;0.984
394.25	397.00	WTSP;0.994
398.50	398.75	WTSP;0.694
401.00	402.00	WTSP;0.916
405.00	407.75	WTSP;0.995
412.00	413.25	WTSP;0.909
414.00	416.25	WTSP;0.992
419.75	422.25	WTSP;0.966
427.00	429.50	WTSP;0.997
436.00	438.75	WTSP;0.996
446.75	449.50	WTSP;0.995
458.00	460.75	WTSP;0.996
469.25	472.00	WTSP;0.998
478.25	481.00	WTSP;0.997
488.00	490.50	WTSP;0.993
497.75	499.75	WTSP;0.997
506.25	508.75	WTSP;0.995
517.75	520.50	WTSP;0.997
527.25	530.00	WTSP;0.997
543.75	546.75	WTSP;0.996
558.00	559.75	WTSP;0.972
585.00	587.75	WTSP;0.992
591.00	593.75	WTSP;0.990
595.75	598.50	WTSP;0.997
303.50	304.00	WWCR;0.526
