109.00	110.00	AMRO;0.962
263.75	264.00	ATSP;0.617
491.25	491.75	ATSP;0.829
263.75	264.00	BBWA;0.664
575.50	575.75	BBWA;0.510
266.25	266.50	BCCH;0.507
88.25	88.50	CHSP;0.881
251.50	251.75	CHSP;0.852
567.25	567.50	CHSP;0.837
571.25	571.50	CHSP;0.773
573.25	573.50	CHSP;0.924
575.50	575.75	CHSP;0.624
576.00	576.50	CHSP;0.651
577.50	578.00	CHSP;0.952
160.00	160.50	COGO;0.640
57.25	57.75	COMU;0.877
44.00	44.25	DUNL;0.539
497.25	497.50	EAME;0.524
81.25	81.75	GADW;0.587
150.00	150.25	GADW;0.522
571.25	571.50	GCSP;0.525
573.25	573.50	GCSP;0.521
34.25	34.75	GWTE;0.635
113.25	114.00	GWTE;0.874
28.25	28.50	HETH;0.589
276.50	277.25	MOCH;0.687
311.25	311.75	MOCH;0.755
393.50	393.75	MOCH;0.572
495.25	495.50	MOCH;0.571
534.25	534.50	MOCH;0.656
584.00	584.25	RUTU;0.655
584.00	584.25	SBDO;0.537
189.50	189.75	SNBU;0.708
497.25	497.50	VESP;0.576
48.00	48.25	WCSP;0.672
90.25	90.75	WCSP;0.694
244.75	245.00	WCSP;0.625
522.50	523.00	WCSP;0.594
544.75	545.00	WCSP;0.587
567.25	567.50	WCSP;0.592
571.25	571.50	WCSP;0.876
263.75	264.00	WEFL;0.538
347.50	347.75	WEFL;0.875
44.00	44.25	WEWP;0.687
76.75	77.50	WTSP;0.867
86.00	87.00	WTSP;0.946
100.50	101.00	WTSP;0.710
184.75	185.50	WTSP;0.717
244.50	245.25	WTSP;0.763
277.00	277.25	WTSP;0.505
345.25	345.50	YERA;0.527
