78.50	78.75	AMWI;0.678
11.25	11.50	BHVI;0.684
11.25	11.50	CATE;0.694
155.25	155.50	DEJU;0.608
0.00	0.75	FOSP;0.960
6.00	7.50	FOSP;0.891
14.25	15.00	FOSP;0.978
18.25	19.75	FOSP;0.988
21.75	24.00	FOSP;0.996
27.75	29.00	FOSP;0.979
29.50	31.75	FOSP;0.997
34.25	36.25	FOSP;0.991
39.75	42.00	FOSP;0.995
43.75	44.50	FOSP;0.888
48.25	52.75	FOSP;0.990
57.50	58.50	FOSP;0.927
60.25	62.50	FOSP;0.986
71.00	73.25	FOSP;0.996
74.50	76.00	FOSP;0.927
80.00	82.00	FOSP;0.992
85.00	86.75	FOSP;0.997
89.50	92.75	FOSP;0.995
100.25	104.00	FOSP;0.993
106.50	107.75	FOSP;0.986
112.25	116.25	FOSP;0.994
121.25	122.25	FOSP;0.989
123.75	126.00	FOSP;0.997
128.25	130.00	FOSP;0.997
134.50	136.75	FOSP;0.994
142.25	144.00	FOSP;0.994
146.50	148.75	FOSP;0.997
151.00	152.00	FOSP;0.986
157.00	161.25	FOSP;0.993
168.00	168.50	FOSP;0.751
171.00	173.25	FOSP;0.989
181.50	183.75	FOSP;0.997
184.25	185.00	FOSP;0.774
185.75	187.50	FOSP;0.956
193.00	195.25	FOSP;0.995
199.25	201.00	FOSP;0.987
205.00	207.00	FOSP;0.994
214.25	218.00	FOSP;0.997
226.50	228.75	FOSP;0.996
229.00	230.25	FOSP;0.979
246.50	248.00	FOSP;0.922
261.75	263.25	FOSP;0.961
277.75	279.75	FOSP;0.979
282.00	283.25	FOSP;0.996
291.75	293.75	FOSP;0.997
297.25	299.00	FOSP;0.972
247.00	247.25	OSFL;0.778
273.00	273.25	OSFL;0.639
10.25	10.75	RWBL;0.881
6.25	6.50	SNBU;0.504
83.00	83.75	SWSP;0.780
93.25	93.75	SWSP;0.761
106.00	106.25	SWSP;0.514
127.50	128.25	SWSP;0.857
165.25	165.75	SWSP;0.635
4.50	5.75	VATH;0.980
17.50	18.00	VATH;0.628
25.50	26.50	VATH;0.963
32.00	32.50	VATH;0.943
37.75	39.00	VATH;0.976
68.00	68.75	VATH;0.976
94.75	95.75	VATH;0.915
110.00	111.00	VATH;0.985
177.75	178.75	VATH;0.979
222.50	224.00	VATH;0.990
231.75	233.00	VATH;0.953
243.75	244.75	VATH;0.988
270.50	271.75	VATH;0.981
284.75	285.00	VATH;0.560
295.50	296.00	VATH;0.708
136.25	136.50	VESP;0.530
107.00	107.50	WCSP;0.642
298.00	298.50	WCSP;0.625
3.50	4.50	WIWA;0.955
12.00	13.25	WIWA;0.994
32.75	33.50	WIWA;0.897
105.50	106.25	WIWA;0.820
116.50	117.00	WIWA;0.780
165.25	165.75	WIWA;0.685
185.00	186.00	WIWA;0.983
195.50	196.50	WIWA;0.984
207.75	209.00	WIWA;0.985
218.75	220.25	WIWA;0.995
230.25	230.50	WIWA;0.691
239.00	240.75	WIWA;0.996
249.25	250.50	WIWA;0.995
295.75	297.00	WIWA;0.982
