4.00	5.50	AMRO;0.953
6.75	8.75	AMRO;0.988
12.00	13.75	AMRO;0.903
15.50	17.75	AMRO;0.973
21.25	23.50	AMRO;0.991
23.75	25.00	AMRO;0.955
28.50	30.75	AMRO;0.994
32.75	34.75	AMRO;0.972
36.25	37.75	AMRO;0.907
41.50	43.25	AMRO;0.947
49.75	50.75	AMRO;0.826
51.25	52.00	AMRO;0.747
52.25	53.00	AMRO;0.806
55.25	58.00	AMRO;0.981
58.75	60.00	AMRO;0.992
63.00	64.75	AMRO;0.970
67.00	69.00	AMRO;0.940
69.50	70.50	AMRO;0.826
72.50	74.00	AMRO;0.994
77.25	78.75	AMRO;0.930
82.00	84.25	AMRO;0.993
86.00	88.50	AMRO;0.988
92.50	93.75	AMRO;0.765
98.25	100.50	AMRO;0.968
103.75	106.00	AMRO;0.955
110.25	112.75	AMRO;0.994
114.25	117.50	AMRO;0.998
120.50	123.00	AMRO;0.995
124.25	128.25	AMRO;0.979
131.00	134.00	AMRO;0.987
134.25	135.00	AMRO;0.779
135.50	137.50	AMRO;0.992
143.50	146.00	AMRO;0.980
149.50	151.25	AMRO;0.924
155.00	156.75	AMRO;0.944
158.50	160.50	AMRO;0.965
165.00	166.75	AMRO;0.866
170.50	172.00	AMRO;0.947
174.00	175.25	AMRO;0.944
179.00	180.75	AMRO;0.963
184.75	185.25	AMRO;0.702
187.75	189.00	AMRO;0.867
193.50	195.00	AMRO;0.958
196.00	198.50	AMRO;0.993
201.25	202.75	AMRO;0.954
203.50	204.75	AMRO;0.910
209.25	210.50	AMRO;0.853
211.75	213.75	AMRO;0.990
217.50	217.75	AMRO;0.708
218.00	218.75	AMRO;0.796
222.25	223.25	AMRO;0.749
225.75	228.00	AMRO;0.982
230.25	231.75	AMRO;0.957
236.25	236.75	AMRO;0.707
241.50	242.75	AMRO;0.776
246.50	247.00	AMRO;0.691
251.25	252.00	AMRO;0.845
257.00	258.50	AMRO;0.913
260.25	261.50	AMRO;0.982
263.75	266.50	AMRO;0.993
269.25	270.75	AMRO;0.808
273.75	275.75	AMRO;0.948
277.75	279.25	AMRO;0.973
286.50	288.00	AMRO;0.937
290.50	292.75	AMRO;0.985
293.25	295.00	AMRO;0.952
297.00	298.00	AMRO;0.900
50.00	50.75	BHGR;0.587
258.25	258.50	BHGR;0.513
267.75	268.00	BHVI;0.530
40.25	41.75	BRSP;0.827
64.50	66.00	BRSP;0.848
89.75	91.25	BRSP;0.863
104.50	104.75	BRSP;0.513
122.75	123.50	BRSP;0.665
128.50	128.75	BRSP;0.501
240.75	241.00	BRSP;0.582
247.50	247.75	BRSP;0.502
271.00	271.25	BRSP;0.526
4.25	4.50	BRTH;0.511
158.50	158.75	BRTH;0.537
203.75	204.00	BRTH;0.533
293.50	293.75	BRTH;0.587
280.00	280.25	CAFI;0.537
35.00	36.25	CHSP;0.592
50.25	52.25	CHSP;0.908
74.25	75.75	CHSP;0.837
78.25	78.50	CHSP;0.794
84.25	85.50	CHSP;0.601
106.00	107.00	CHSP;0.705
110.25	110.50	CHSP;0.617
133.00	134.25	CHSP;0.632
160.25	161.00	CHSP;0.798
171.00	172.50	CHSP;0.818
177.00	178.00	CHSP;0.750
183.00	183.25	CHSP;0.612
188.00	188.75	CHSP;0.649
213.50	213.75	CHSP;0.521
223.75	224.75	CHSP;0.642
240.75	241.50	CHSP;0.708
270.50	271.00	CHSP;0.610
280.50	282.00	CHSP;0.662
293.00	293.75	CHSP;0.647
34.75	35.00	DEJU;0.519
40.50	41.00	DEJU;0.664
55.25	55.75	DEJU;0.577
69.75	70.50	DEJU;0.606
106.50	107.25	DEJU;0.551
134.00	134.50	DEJU;0.755
155.25	155.75	DEJU;0.669
160.50	161.00	DEJU;0.556
171.25	171.50	DEJU;0.524
178.00	178.50	DEJU;0.646
198.75	200.00	DEJU;0.755
204.50	205.00	DEJU;0.603
218.00	218.25	DEJU;0.520
275.50	275.75	DEJU;0.597
280.75	281.75	DEJU;0.620
292.50	293.50	DEJU;0.720
196.00	196.25	EABL;0.567
268.75	269.00	EATO;0.561
185.50	186.25	FISP;0.646
0.25	0.50	FOSP;0.696
2.25	2.50	FOSP;0.702
9.50	12.25	FOSP;0.996
13.50	14.00	FOSP;0.711
19.00	20.25	FOSP;0.949
25.00	26.50	FOSP;0.947
37.50	39.75	FOSP;0.997
44.00	45.50	FOSP;0.993
48.50	49.25	FOSP;0.851
60.25	62.25	FOSP;0.984
70.50	71.50	FOSP;0.809
79.75	81.75	FOSP;0.956
93.75	95.75	FOSP;0.967
101.00	102.75	FOSP;0.981
110.25	110.75	FOSP;0.673
117.75	119.00	FOSP;0.814
138.25	139.25	FOSP;0.957
140.25	141.50	FOSP;0.853
147.00	148.00	FOSP;0.939
151.00	154.75	FOSP;0.952
164.00	165.00	FOSP;0.891
167.50	169.50	FOSP;0.980
173.25	173.75	FOSP;0.714
175.00	176.25	FOSP;0.931
184.50	187.00	FOSP;0.879
191.25	192.50	FOSP;0.916
195.25	197.00	FOSP;0.925
200.00	201.25	FOSP;0.921
206.25	206.75	FOSP;0.792
216.25	217.50	FOSP;0.977
228.75	229.75	FOSP;0.929
231.50	232.00	FOSP;0.763
242.25	242.75	FOSP;0.695
251.00	251.50	FOSP;0.881
252.00	253.75	FOSP;0.995
255.75	256.75	FOSP;0.981
267.75	269.25	FOSP;0.993
272.00	273.00	FOSP;0.932
284.00	286.25	FOSP;0.946
298.00	299.75	FOSP;0.911
183.50	183.75	GCSP;0.529
235.00	235.25	LASP;0.501
6.00	6.25	LISP;0.731
14.75	15.50	LISP;0.885
23.25	23.75	LISP;0.741
27.00	28.50	LISP;0.988
32.00	32.75	LISP;0.843
53.25	53.75	LISP;0.731
66.25	66.50	LISP;0.737
78.75	79.75	LISP;0.899
91.25	92.75	LISP;0.880
118.50	118.75	LISP;0.672
129.50	131.25	LISP;0.994
142.00	144.00	LISP;0.992
170.00	170.25	LISP;0.675
180.75	182.50	LISP;0.991
193.50	194.50	LISP;0.805
207.00	208.75	LISP;0.979
220.75	222.75	LISP;0.958
233.25	235.25	LISP;0.960
239.75	240.25	LISP;0.726
248.75	250.75	LISP;0.982
262.25	264.00	LISP;0.982
276.00	278.00	LISP;0.956
288.50	290.75	LISP;0.989
295.25	296.50	LISP;0.931
237.50	237.75	MAMU;0.598
46.25	46.50	PUFI;0.518
37.25	37.75	RBGR;0.709
70.25	70.50	RBGR;0.505
278.25	278.50	RBGR;0.541
54.00	54.25	RCKI;0.556
125.50	125.75	RECR;0.521
2.75	3.00	REVI;0.594
232.25	232.50	REVI;0.502
88.25	88.50	SATH;0.635
92.75	93.50	SATH;0.591
156.25	156.50	SATH;0.567
208.25	208.50	SATH;0.641
236.50	236.75	SATH;0.503
88.75	89.00	SEPL;0.684
211.00	211.25	SEPL;0.749
210.00	210.75	SWSP;0.767
5.25	6.00	TOSO;0.699
13.25	13.50	TOSO;0.506
15.75	16.25	TOSO;0.544
82.25	82.50	TOSO;0.606
93.25	93.75	TOSO;0.576
170.50	170.75	TOSO;0.539
188.00	188.75	TOSO;0.626
190.00	190.50	TOSO;0.519
222.00	223.75	TOSO;0.877
225.50	225.75	TOSO;0.507
230.25	231.00	TOSO;0.644
274.25	274.50	TOSO;0.504
287.25	287.75	TOSO;0.529
294.50	295.25	TOSO;0.612
102.50	103.25	VESP;0.611
118.50	118.75	VESP;0.543
15.50	15.75	WAVI;0.514
54.00	54.25	WAVI;0.609
2.25	2.50	WCSP;0.532
161.50	162.00	WCSP;0.598
175.50	176.00	WCSP;0.606
231.50	232.00	WCSP;0.575
3.25	3.50	WTSP;0.557
76.00	76.25	WTSP;0.599
183.50	184.25	WTSP;0.769
244.25	244.75	WTSP;0.591
254.50	254.75	WTSP;0.573
178.25	178.75	WWCR;0.551
