120.25	120.75	AMDI;0.770
58.00	58.25	BRSP;0.506
59.25	59.50	BRSP;0.621
77.00	77.25	BRSP;0.666
145.50	147.50	BRSP;0.694
156.25	156.50	BRSP;0.522
166.00	166.25	BRSP;0.528
10.25	11.00	CCSP;0.805
16.50	16.75	CCSP;0.561
58.25	58.50	CCSP;0.556
67.50	68.75	CCSP;0.686
145.00	145.75	CCSP;0.640
147.00	147.25	CCSP;0.542
165.50	165.75	CCSP;0.699
185.75	187.00	CCSP;0.987
237.00	238.75	CCSP;0.985
257.25	258.50	CCSP;0.908
266.50	267.25	CCSP;0.748
285.00	285.75	CCSP;0.815
293.00	294.25	CCSP;0.987
298.75	299.75	CCSP;0.987
3.75	6.50	CHSP;0.993
12.75	16.00	CHSP;0.993
21.25	24.50	CHSP;0.992
28.25	30.25	CHSP;0.973
31.25	34.00	CHSP;0.982
41.00	43.75	CHSP;0.992
44.50	45.75	CHSP;0.876
50.00	52.50	CHSP;0.994
53.25	54.25	CHSP;0.746
59.25	62.50	CHSP;0.996
70.00	71.00	CHSP;0.766
71.25	74.00	CHSP;0.980
78.50	80.50	CHSP;0.988
81.50	83.50	CHSP;0.995
86.25	87.50	CHSP;0.962
89.25	92.00	CHSP;0.994
94.00	95.75	CHSP;0.922
100.25	105.00	CHSP;0.995
110.25	114.00	CHSP;0.993
120.75	123.50	CHSP;0.994
126.00	129.00	CHSP;0.989
133.25	133.75	CHSP;0.731
135.50	137.50	CHSP;0.992
146.00	146.75	CHSP;0.855
157.25	159.75	CHSP;0.995
177.75	180.50	CHSP;0.995
181.50	181.75	CHSP;0.703
200.25	201.75	CHSP;0.920
204.50	207.75	CHSP;0.994
208.00	208.75	CHSP;0.880
209.25	210.50	CHSP;0.946
214.00	216.50	CHSP;0.996
218.00	219.50	CHSP;0.991
222.50	225.00	CHSP;0.994
227.25	228.00	CHSP;0.886
229.00	229.50	CHSP;0.694
229.75	230.75	CHSP;0.792
234.25	236.25	CHSP;0.953
243.50	244.25	CHSP;0.833
251.00	252.00	CHSP;0.965
260.00	262.75	CHSP;0.980
267.25	270.00	CHSP;0.990
276.50	277.75	CHSP;0.945
283.25	285.00	CHSP;0.981
287.25	288.25	CHSP;0.765
289.75	290.50	CHSP;0.855
291.25	292.75	CHSP;0.950
295.50	296.00	CHSP;0.806
298.25	298.75	CHSP;0.726
295.50	296.00	DEJU;0.556
139.75	140.00	FISP;0.618
250.50	251.00	FISP;0.755
54.25	56.50	FOSP;0.997
70.50	73.00	FOSP;0.971
140.25	142.50	FOSP;0.996
150.00	152.50	FOSP;0.995
162.25	164.50	FOSP;0.995
172.25	174.75	FOSP;0.996
183.00	185.00	FOSP;0.991
192.50	195.00	FOSP;0.993
202.25	204.50	FOSP;0.996
192.00	192.25	KILL;0.554
64.50	64.75	PISI;0.660
152.75	153.25	SWSP;0.668
169.00	169.25	SWSP;0.558
188.25	188.50	SWSP;0.645
220.50	220.75	SWSP;0.576
297.00	298.00	SWSP;0.960
129.25	129.50	VATH;0.571
217.00	218.00	VATH;0.914
230.75	231.25	VATH;0.605
272.00	272.50	VATH;0.687
202.25	202.50	VESP;0.501
12.50	12.75	WCSP;0.675
20.00	20.50	WCSP;0.719
24.75	26.50	WCSP;0.977
37.75	38.75	WCSP;0.859
44.00	44.75	WCSP;0.784
52.50	53.00	WCSP;0.780
62.75	64.00	WCSP;0.995
76.75	77.50	WCSP;0.995
82.00	82.25	WCSP;0.719
96.25	98.25	WCSP;0.992
108.25	109.50	WCSP;0.928
114.25	115.50	WCSP;0.909
117.25	119.00	WCSP;0.987
124.75	125.75	WCSP;0.814
132.00	133.00	WCSP;0.776
143.50	144.00	WCSP;0.696
153.75	154.50	WCSP;0.991
156.00	156.75	WCSP;0.996
165.75	168.25	WCSP;0.986
169.25	170.00	WCSP;0.994
175.50	177.50	WCSP;0.998
182.25	183.75	WCSP;0.939
185.00	185.75	WCSP;0.993
256.75	257.50	WCSP;0.763
263.25	263.50	WCSP;0.729
265.75	267.00	WCSP;0.966
277.75	278.50	WCSP;0.851
285.00	285.50	WCSP;0.733
290.50	291.00	WCSP;0.842
243.25	243.50	WEWP;0.547
220.25	221.00	WIWA;0.668
9.50	10.50	WTSP;0.714
37.75	38.50	WTSP;0.793
44.00	44.75	WTSP;0.841
52.50	52.75	WTSP;0.691
66.00	68.00	WTSP;0.944
74.25	77.00	WTSP;0.993
77.25	77.75	WTSP;0.825
84.50	85.25	WTSP;0.790
87.50	89.50	WTSP;0.960
90.00	90.25	WTSP;0.675
98.25	99.25	WTSP;0.864
105.25	109.00	WTSP;0.993
114.00	114.75	WTSP;0.767
123.75	125.00	WTSP;0.901
129.25	132.25	WTSP;0.990
138.75	139.75	WTSP;0.807
142.75	143.50	WTSP;0.826
160.00	161.75	WTSP;0.976
166.25	166.75	WTSP;0.706
170.00	172.00	WTSP;0.972
175.25	176.00	WTSP;0.774
177.00	178.00	WTSP;0.944
180.50	182.50	WTSP;0.867
188.00	192.00	WTSP;0.993
196.25	197.50	WTSP;0.746
198.00	200.25	WTSP;0.992
208.50	209.25	WTSP;0.819
213.75	214.00	WTSP;0.680
229.25	231.00	WTSP;0.979
244.75	247.00	WTSP;0.988
254.75	257.50	WTSP;0.944
258.25	259.75	WTSP;0.983
261.50	261.75	WTSP;0.658
263.00	263.75	WTSP;0.898
265.75	266.25	WTSP;0.677
272.00	272.25	WTSP;0.659
273.50	275.50	WTSP;0.994
277.75	278.50	WTSP;0.822
286.00	287.75	WTSP;0.920
290.25	291.25	WTSP;0.808
