64.00	64.25	AMAV;0.533
111.00	111.50	AMAV;0.709
143.25	143.50	AMGP;0.665
100.50	100.75	BBWA;0.745
492.75	493.50	BCCH;0.721
196.50	197.00	BLGU;0.653
158.00	158.25	BRSP;0.510
299.50	299.75	BRSP;0.616
122.75	123.75	CBCH;0.851
136.75	138.75	CHSP;0.953
151.25	153.50	CHSP;0.984
159.00	160.50	CHSP;0.906
179.50	181.25	CHSP;0.933
187.25	188.00	CHSP;0.938
191.25	192.50	CHSP;0.934
197.75	201.00	CHSP;0.977
205.00	206.00	CHSP;0.853
212.00	214.75	CHSP;0.986
216.50	216.75	CHSP;0.667
219.75	221.75	CHSP;0.958
223.00	223.50	CHSP;0.689
225.00	227.25	CHSP;0.967
233.50	236.00	CHSP;0.992
239.25	242.00	CHSP;0.970
246.00	248.00	CHSP;0.975
251.25	254.25	CHSP;0.989
258.00	261.50	CHSP;0.989
262.00	262.50	CHSP;0.679
265.50	267.75	CHSP;0.964
272.00	273.50	CHSP;0.979
278.25	280.50	CHSP;0.980
299.75	302.00	CHSP;0.962
309.00	311.50	CHSP;0.977
316.50	318.50	CHSP;0.936
319.00	319.75	CHSP;0.866
354.50	355.00	CHSP;0.765
356.00	357.25	CHSP;0.891
445.50	445.75	CHSP;0.796
40.00	40.25	CHSW;0.553
540.50	540.75	CHSW;0.504
587.25	587.50	CHSW;0.544
137.25	138.50	DEJU;0.655
191.50	192.50	DEJU;0.749
273.00	273.25	DEJU;0.517
495.00	495.50	DEJU;0.612
113.00	115.25	FOSP;0.960
562.25	563.75	FOSP;0.946
579.25	581.00	FOSP;0.842
263.50	263.75	GRSP;0.602
101.50	102.00	HAFL;0.611
451.50	452.00	HASP;0.629
294.75	295.00	HAWO;0.547
499.25	499.50	HOLA;0.681
502.75	503.25	HOLA;0.765
551.25	551.75	LAZB;0.598
12.50	13.50	LISP;0.832
29.00	30.00	LISP;0.821
62.25	63.00	LISP;0.696
130.25	130.75	LISP;0.640
374.50	376.00	LISP;0.973
396.50	397.50	LISP;0.888
436.00	436.75	LISP;0.865
475.50	476.50	LISP;0.824
550.00	551.25	LISP;0.964
453.25	453.50	LOSH;0.749
64.00	64.25	MAMU;0.574
421.25	421.75	MOCH;0.567
496.75	497.25	NHWR;0.578
493.00	493.25	NOCA;0.567
507.25	507.50	NOCA;0.555
162.25	162.50	NSHR;0.572
453.25	453.50	NSHR;0.554
467.50	467.75	PAWA;0.566
289.50	289.75	PIGU;0.503
42.50	43.25	PISI;0.995
46.50	47.75	PISI;0.989
421.50	422.00	PISI;0.536
468.50	469.25	PISI;0.850
471.25	471.50	PISI;0.755
498.00	498.25	PISI;0.587
499.25	499.50	PISI;0.633
505.50	506.00	PISI;0.798
508.50	509.00	PISI;0.883
28.75	29.25	ROWR;0.561
45.50	46.00	ROWR;0.789
62.00	62.75	ROWR;0.863
109.50	109.75	ROWR;0.536
130.00	130.50	ROWR;0.784
141.50	142.00	ROWR;0.617
158.00	158.50	ROWR;0.710
374.50	375.00	ROWR;0.533
414.25	414.50	ROWR;0.566
568.50	569.00	ROWR;0.813
410.50	411.00	SOSA;0.564
523.25	523.50	SPPI;0.777
19.00	20.00	SWSP;0.968
25.75	27.00	SWSP;0.939
31.25	32.50	SWSP;0.805
52.00	53.50	SWSP;0.986
54.75	56.00	SWSP;0.940
58.00	59.25	SWSP;0.909
64.50	66.00	SWSP;0.951
71.25	72.75	SWSP;0.977
78.75	79.75	SWSP;0.949
85.25	86.25	SWSP;0.981
92.00	93.25	SWSP;0.877
98.50	100.00	SWSP;0.971
106.00	107.25	SWSP;0.973
119.50	120.75	SWSP;0.908
126.25	127.75	SWSP;0.980
133.00	134.50	SWSP;0.981
140.50	141.25	SWSP;0.735
147.50	148.50	SWSP;0.825
153.25	154.75	SWSP;0.940
161.50	161.75	SWSP;0.683
167.25	168.75	SWSP;0.976
174.75	176.00	SWSP;0.968
176.50	176.75	SWSP;0.682
181.50	182.50	SWSP;0.900
188.25	189.75	SWSP;0.985
195.00	195.50	SWSP;0.733
196.00	196.25	SWSP;0.727
201.75	203.00	SWSP;0.963
208.75	210.00	SWSP;0.950
216.00	217.00	SWSP;0.914
222.25	223.50	SWSP;0.900
229.25	230.00	SWSP;0.695
235.50	236.25	SWSP;0.791
248.00	249.50	SWSP;0.969
261.25	262.50	SWSP;0.898
275.25	276.50	SWSP;0.939
283.00	283.50	SWSP;0.678
290.50	292.00	SWSP;0.974
307.25	307.50	SWSP;0.662
314.50	314.75	SWSP;0.671
315.00	315.50	SWSP;0.690
323.25	324.75	SWSP;0.932
332.00	333.25	SWSP;0.901
340.75	341.75	SWSP;0.965
352.00	352.75	SWSP;0.922
363.00	363.25	SWSP;0.678
372.00	373.00	SWSP;0.909
379.50	380.50	SWSP;0.895
387.00	388.00	SWSP;0.969
403.00	404.50	SWSP;0.982
411.75	413.00	SWSP;0.980
419.50	420.50	SWSP;0.754
426.50	427.50	SWSP;0.923
434.00	435.75	SWSP;0.957
452.25	452.75	SWSP;0.750
459.50	460.50	SWSP;0.877
477.50	478.50	SWSP;0.802
484.25	485.75	SWSP;0.969
498.50	499.00	SWSP;0.896
506.00	507.00	SWSP;0.787
512.50	513.75	SWSP;0.972
519.25	520.25	SWSP;0.830
526.50	527.75	SWSP;0.952
534.25	535.00	SWSP;0.897
558.75	560.00	SWSP;0.965
575.00	575.50	SWSP;0.910
10.75	12.00	TEWA;0.836
17.50	18.25	TEWA;0.673
25.00	25.75	TEWA;0.761
51.50	52.00	TEWA;0.622
77.75	78.75	TEWA;0.719
91.25	92.00	TEWA;0.750
105.25	106.00	TEWA;0.898
118.50	119.00	TEWA;0.595
139.50	140.25	TEWA;0.575
166.50	167.25	TEWA;0.732
173.75	174.25	TEWA;0.584
201.25	201.75	TEWA;0.631
215.00	215.75	TEWA;0.879
228.00	229.25	TEWA;0.973
274.00	275.50	TEWA;0.929
282.00	283.00	TEWA;0.925
322.25	323.25	TEWA;0.923
331.50	332.00	TEWA;0.579
433.25	434.00	TEWA;0.932
458.25	459.50	TEWA;0.882
505.00	505.25	TEWA;0.504
518.25	519.00	TEWA;0.938
533.25	534.25	TEWA;0.903
541.50	541.75	TEWA;0.597
482.50	483.00	VASW;0.548
112.75	113.00	VESP;0.614
505.75	506.00	VGSW;0.565
85.00	85.25	WATA;0.897
111.00	111.25	WATA;0.554
131.50	132.00	WATA;0.669
66.75	67.00	WCSP;0.717
68.25	68.75	WCSP;0.850
87.25	87.50	WCSP;0.913
88.50	90.25	WCSP;0.997
104.75	105.00	WCSP;0.709
140.50	141.00	WCSP;0.736
148.50	150.00	WCSP;0.916
160.75	162.00	WCSP;0.882
171.25	173.00	WCSP;0.885
176.00	176.25	WCSP;0.832
178.00	178.25	WCSP;0.786
182.50	183.00	WCSP;0.697
190.00	190.25	WCSP;0.714
194.00	195.75	WCSP;0.970
206.25	208.00	WCSP;0.985
219.00	219.75	WCSP;0.912
231.75	233.50	WCSP;0.995
242.00	244.00	WCSP;0.978
255.25	257.00	WCSP;0.967
268.00	269.75	WCSP;0.980
284.50	286.25	WCSP;0.967
292.00	292.50	WCSP;0.882
297.25	299.25	WCSP;0.996
311.50	313.25	WCSP;0.990
328.25	329.75	WCSP;0.995
350.00	351.75	WCSP;0.995
369.75	371.75	WCSP;0.995
383.00	384.75	WCSP;0.994
395.25	396.25	WCSP;0.858
407.75	409.75	WCSP;0.985
421.75	422.75	WCSP;0.911
438.75	440.75	WCSP;0.994
445.50	445.75	WCSP;0.760
451.50	452.00	WCSP;0.815
465.00	466.75	WCSP;0.994
479.25	481.25	WCSP;0.942
490.75	491.75	WCSP;0.855
503.00	504.75	WCSP;0.995
515.00	516.75	WCSP;0.993
528.00	530.00	WCSP;0.996
542.25	544.00	WCSP;0.984
555.50	557.25	WCSP;0.988
569.25	571.00	WCSP;0.995
583.25	585.00	WCSP;0.992
597.50	599.50	WCSP;0.910
161.50	161.75	WIWA;0.504
307.25	307.50	WIWA;0.511
97.25	97.75	WRSA;0.602
148.75	149.00	WTSP;0.613
161.00	161.25	WTSP;0.508
171.50	172.00	WTSP;0.661
182.25	183.25	WTSP;0.890
194.00	194.75	WTSP;0.766
206.00	206.75	WTSP;0.724
219.00	219.50	WTSP;0.694
242.00	242.75	WTSP;0.641
255.00	255.75	WTSP;0.724
395.25	395.75	WTSP;0.617
491.00	491.25	WTSP;0.536
542.00	542.75	WTSP;0.803
597.50	598.50	WTSP;0.827
