151.50	152.00	AGOL;0.574
0.25	2.00	AMRO;0.939
8.00	9.25	AMRO;0.871
14.00	17.75	AMRO;0.975
22.50	23.00	AMRO;0.698
26.50	28.75	AMRO;0.996
32.00	34.50	AMRO;0.979
44.00	46.00	AMRO;0.997
50.50	52.25	AMRO;0.965
55.00	56.00	AMRO;0.804
57.50	60.00	AMRO;0.949
62.00	63.75	AMRO;0.929
67.00	69.00	AMRO;0.995
71.75	74.75	AMRO;0.952
77.00	79.25	AMRO;0.943
82.75	85.25	AMRO;0.992
88.50	88.75	AMRO;0.662
89.00	91.00	AMRO;0.985
96.75	98.25	AMRO;0.989
109.00	110.50	AMRO;0.973
111.00	111.75	AMRO;0.822
117.00	118.00	AMRO;0.961
126.75	127.50	AMRO;0.806
130.00	131.25	AMRO;0.861
132.75	133.00	AMRO;0.739
136.25	137.00	AMRO;0.916
139.50	141.50	AMRO;0.998
142.50	143.25	AMRO;0.719
154.75	157.25	AMRO;0.997
158.75	161.25	AMRO;0.990
163.25	165.50	AMRO;0.853
175.25	176.50	AMRO;0.767
191.50	192.00	AMRO;0.776
193.00	197.50	AMRO;0.983
197.75	198.50	AMRO;0.918
199.00	199.50	AMRO;0.787
204.00	204.25	AMRO;0.695
208.00	208.75	AMRO;0.916
210.00	210.75	AMRO;0.976
212.00	212.50	AMRO;0.729
223.00	224.00	AMRO;0.886
230.25	231.25	AMRO;0.808
238.25	239.00	AMRO;0.850
242.50	244.50	AMRO;0.984
249.00	251.00	AMRO;0.985
256.25	257.75	AMRO;0.910
267.25	267.75	AMRO;0.721
268.00	268.25	AMRO;0.689
289.25	290.00	AMRO;0.923
304.50	305.25	AMRO;0.761
310.25	312.75	AMRO;0.996
320.25	321.00	AMRO;0.888
325.25	330.00	AMRO;0.896
336.75	337.50	AMRO;0.775
338.50	338.75	AMRO;0.675
339.25	341.75	AMRO;0.936
346.50	349.50	AMRO;0.996
354.00	354.50	AMRO;0.715
356.25	356.75	AMRO;0.738
358.00	361.75	AMRO;0.995
366.00	371.00	AMRO;0.934
374.00	374.50	AMRO;0.728
374.75	378.75	AMRO;0.939
384.75	389.50	AMRO;0.983
393.25	394.00	AMRO;0.833
401.25	404.00	AMRO;0.987
409.00	412.25	AMRO;0.975
415.00	416.75	AMRO;0.989
421.25	422.50	AMRO;0.825
427.50	428.75	AMRO;0.768
433.50	434.00	AMRO;0.702
434.25	435.75	AMRO;0.967
438.25	440.00	AMRO;0.942
446.50	448.75	AMRO;0.874
452.25	454.75	AMRO;0.995
458.00	460.00	AMRO;0.967
460.50	461.75	AMRO;0.794
465.75	468.50	AMRO;0.993
472.00	473.50	AMRO;0.748
476.50	481.75	AMRO;0.996
486.25	486.75	AMRO;0.728
493.00	495.50	AMRO;0.995
499.50	502.00	AMRO;0.992
506.00	507.00	AMRO;0.899
508.50	510.50	AMRO;0.942
522.25	523.75	AMRO;0.841
524.00	524.25	AMRO;0.662
527.00	528.75	AMRO;0.992
533.25	535.00	AMRO;0.937
536.00	536.25	AMRO;0.682
539.00	541.50	AMRO;0.997
544.50	546.00	AMRO;0.880
546.50	546.75	AMRO;0.665
550.50	552.75	AMRO;0.993
556.00	556.75	AMRO;0.740
557.25	559.50	AMRO;0.920
563.25	566.00	AMRO;0.994
568.25	570.50	AMRO;0.954
571.25	573.50	AMRO;0.971
576.25	580.00	AMRO;0.994
584.50	586.25	AMRO;0.931
589.50	592.00	AMRO;0.994
595.25	598.00	AMRO;0.994
197.00	197.50	BAOR;0.607
397.50	398.00	BAOR;0.543
285.50	285.75	BOCH;0.513
11.00	11.50	BRSP;0.582
75.50	76.00	BRSP;0.603
397.50	397.75	BRSP;0.576
498.25	499.00	BRSP;0.574
528.75	529.00	BRSP;0.547
588.25	589.75	BRSP;0.758
341.25	341.75	CAFI;0.694
547.25	547.75	CAFI;0.679
209.75	210.50	CBCH;0.877
0.00	1.50	CHSP;0.883
8.50	11.75	CHSP;0.981
19.00	21.25	CHSP;0.977
28.00	28.75	CHSP;0.843
29.50	29.75	CHSP;0.703
37.00	40.75	CHSP;0.986
48.50	50.75	CHSP;0.968
57.25	59.50	CHSP;0.930
63.00	63.25	CHSP;0.845
75.50	78.00	CHSP;0.975
87.25	90.00	CHSP;0.950
91.00	91.50	CHSP;0.784
97.50	99.00	CHSP;0.947
106.25	109.25	CHSP;0.984
117.00	118.25	CHSP;0.918
130.00	132.00	CHSP;0.956
132.25	132.75	CHSP;0.824
143.25	146.00	CHSP;0.976
156.75	158.75	CHSP;0.961
165.25	167.75	CHSP;0.982
176.25	179.00	CHSP;0.979
186.25	186.75	CHSP;0.717
187.25	188.00	CHSP;0.778
197.25	198.00	CHSP;0.819
198.50	198.75	CHSP;0.723
207.75	209.25	CHSP;0.949
220.75	223.75	CHSP;0.972
235.50	237.50	CHSP;0.969
244.00	246.50	CHSP;0.982
248.25	249.00	CHSP;0.834
255.75	257.50	CHSP;0.968
268.25	270.50	CHSP;0.884
283.00	283.75	CHSP;0.795
296.00	296.50	CHSP;0.757
309.00	310.00	CHSP;0.933
318.00	319.00	CHSP;0.851
321.50	322.00	CHSP;0.677
327.00	329.50	CHSP;0.948
340.00	341.25	CHSP;0.808
342.00	342.50	CHSP;0.737
352.00	353.50	CHSP;0.899
361.25	364.25	CHSP;0.968
375.25	377.25	CHSP;0.982
397.00	399.25	CHSP;0.894
407.25	408.00	CHSP;0.807
408.50	409.50	CHSP;0.769
420.50	422.25	CHSP;0.945
426.00	426.50	CHSP;0.942
428.75	431.50	CHSP;0.974
439.00	441.00	CHSP;0.899
448.75	451.75	CHSP;0.986
459.75	462.50	CHSP;0.954
470.00	470.75	CHSP;0.775
471.00	473.00	CHSP;0.977
477.00	478.00	CHSP;0.894
486.75	489.75	CHSP;0.982
496.00	498.75	CHSP;0.978
507.25	509.75	CHSP;0.921
518.25	520.25	CHSP;0.950
528.75	530.75	CHSP;0.975
539.25	539.75	CHSP;0.728
548.25	550.50	CHSP;0.978
555.50	559.50	CHSP;0.892
568.50	569.75	CHSP;0.951
577.25	580.00	CHSP;0.973
587.50	589.00	CHSP;0.831
589.25	589.50	CHSP;0.658
597.50	599.75	CHSP;0.948
91.00	91.50	DEJU;0.622
143.50	143.75	DEJU;0.508
198.50	198.75	DEJU;0.536
470.25	471.00	DEJU;0.598
161.00	161.25	EVGR;0.787
418.00	418.75	FISP;0.727
5.25	7.75	FOSP;0.994
29.25	31.25	FOSP;0.946
46.50	48.25	FOSP;0.962
60.00	62.00	FOSP;0.990
69.50	71.00	FOSP;0.905
81.25	82.25	FOSP;0.934
96.00	97.00	FOSP;0.814
101.25	103.00	FOSP;0.992
112.00	114.25	FOSP;0.992
125.00	125.25	FOSP;0.659
125.50	126.75	FOSP;0.887
133.25	134.75	FOSP;0.931
137.50	139.25	FOSP;0.983
151.75	152.50	FOSP;0.746
167.50	171.50	FOSP;0.996
172.75	175.00	FOSP;0.992
182.00	184.00	FOSP;0.989
187.50	189.50	FOSP;0.967
193.00	194.00	FOSP;0.772
194.50	196.00	FOSP;0.837
205.25	207.00	FOSP;0.954
213.25	216.00	FOSP;0.985
216.25	217.25	FOSP;0.826
226.75	230.00	FOSP;0.996
240.25	242.75	FOSP;0.991
253.25	255.50	FOSP;0.989
268.75	271.00	FOSP;0.905
276.25	278.50	FOSP;0.993
282.75	285.00	FOSP;0.991
292.50	294.25	FOSP;0.981
296.75	298.75	FOSP;0.992
303.00	303.75	FOSP;0.910
307.00	308.75	FOSP;0.992
314.25	317.75	FOSP;0.957
329.50	331.00	FOSP;0.885
349.75	351.50	FOSP;0.957
353.25	354.25	FOSP;0.840
354.50	355.00	FOSP;0.791
366.25	367.00	FOSP;0.809
383.25	385.50	FOSP;0.939
393.75	394.75	FOSP;0.912
403.00	404.50	FOSP;0.857
406.50	408.75	FOSP;0.963
418.25	420.25	FOSP;0.981
424.25	425.75	FOSP;0.912
432.50	434.50	FOSP;0.928
445.50	447.75	FOSP;0.991
462.00	463.75	FOSP;0.919
477.75	478.00	FOSP;0.737
479.00	479.25	FOSP;0.682
490.75	493.25	FOSP;0.994
504.00	506.00	FOSP;0.993
520.50	522.50	FOSP;0.962
537.00	538.50	FOSP;0.985
552.50	554.50	FOSP;0.967
566.25	568.00	FOSP;0.983
572.00	573.00	FOSP;0.861
581.75	584.75	FOSP;0.953
592.25	594.00	FOSP;0.995
63.00	63.25	GCSP;0.584
189.75	190.00	GWTE;0.524
346.50	347.00	GWTE;0.723
368.00	368.75	GWTE;0.656
378.25	378.75	GWTE;0.829
401.50	401.75	GWTE;0.518
410.50	411.00	GWTE;0.712
415.00	415.25	GWTE;0.596
448.00	448.25	GWTE;0.628
479.50	479.75	GWTE;0.520
499.25	499.75	GWTE;0.534
295.50	295.75	HOSP;0.508
93.25	93.75	LALO;0.661
100.50	100.75	LALO;0.502
61.25	61.50	LASP;0.518
171.25	171.75	LASP;0.602
317.25	318.00	LASP;0.586
330.25	330.75	LASP;0.605
364.75	365.50	LASP;0.546
404.00	404.50	LASP;0.520
434.00	434.50	LASP;0.564
478.75	479.00	LASP;0.505
505.50	506.00	LASP;0.682
538.25	539.00	LASP;0.740
12.00	14.00	LISP;0.989
42.75	43.25	LISP;0.677
104.00	105.00	LISP;0.847
119.75	120.00	LISP;0.515
135.00	135.50	LISP;0.587
190.50	191.50	LISP;0.759
237.50	238.75	LISP;0.868
319.00	320.75	LISP;0.974
335.75	337.00	LISP;0.934
381.00	382.50	LISP;0.985
411.00	412.75	LISP;0.890
441.25	442.50	LISP;0.706
456.50	457.25	LISP;0.643
485.00	486.00	LISP;0.925
513.50	514.50	LISP;0.685
543.50	544.25	LISP;0.605
574.75	575.75	LISP;0.837
599.25	599.50	MOBL;0.517
269.00	269.25	OROR;0.634
222.25	222.50	OSFL;0.587
259.00	259.50	PAWR;0.833
177.00	177.50	PIGR;0.600
17.50	18.75	PISI;0.834
24.25	26.00	PISI;0.987
26.75	27.50	PISI;0.895
31.50	33.50	PISI;0.994
33.75	34.25	PISI;0.737
35.25	36.25	PISI;0.868
36.50	37.00	PISI;0.831
37.50	38.00	PISI;0.767
41.00	41.50	PISI;0.883
53.00	56.00	PISI;0.991
63.75	68.00	PISI;0.987
91.75	92.50	PISI;0.988
105.00	105.75	PISI;0.809
114.75	117.00	PISI;0.923
118.25	125.75	PISI;0.998
126.50	129.25	PISI;0.996
141.00	143.00	PISI;0.974
146.00	151.75	PISI;0.998
152.75	155.25	PISI;0.992
155.50	156.25	PISI;0.882
157.50	157.75	PISI;0.669
161.50	162.00	PISI;0.838
164.00	164.50	PISI;0.785
180.00	181.00	PISI;0.993
224.00	225.00	PISI;0.995
239.00	239.25	PISI;0.689
250.00	250.50	PISI;0.793
251.50	252.00	PISI;0.776
257.50	258.75	PISI;0.982
259.50	268.00	PISI;0.996
275.25	275.75	PISI;0.702
278.75	281.75	PISI;0.964
285.75	289.50	PISI;0.995
290.00	292.50	PISI;0.996
294.50	295.00	PISI;0.766
295.25	296.00	PISI;0.844
298.75	303.25	PISI;0.995
303.75	306.00	PISI;0.994
310.75	311.25	PISI;0.687
367.00	367.75	PISI;0.856
368.00	369.75	PISI;0.972
370.50	375.25	PISI;0.997
391.00	391.75	PISI;0.832
423.00	423.50	PISI;0.849
436.75	437.00	PISI;0.708
464.50	465.00	PISI;0.774
465.25	465.75	PISI;0.705
468.75	469.25	PISI;0.824
476.00	476.25	PISI;0.832
29.00	29.50	PUFI;0.649
152.25	152.50	PUFI;0.507
183.50	183.75	PUFI;0.528
350.00	350.50	PUFI;0.520
547.25	547.50	PUFI;0.537
157.75	158.25	REVI;0.603
12.25	12.50	ROWR;0.571
456.25	457.00	ROWR;0.695
513.25	513.75	ROWR;0.620
543.25	543.75	ROWR;0.602
574.50	575.00	ROWR;0.619
220.00	220.50	RUGR;0.565
222.75	224.00	RUGR;0.602
232.00	233.00	RUGR;0.900
233.25	234.25	RUGR;0.611
240.00	248.00	RUGR;0.951
253.00	253.25	RUGR;0.519
344.00	346.00	RUGR;0.780
346.25	347.50	RUGR;0.721
354.25	355.25	RUGR;0.639
535.50	535.75	SAPH;0.611
23.25	24.00	SATH;0.903
34.00	34.50	SATH;0.594
131.00	132.00	SATH;0.822
326.00	326.50	SATH;0.568
327.25	327.50	SATH;0.566
359.25	359.50	SATH;0.517
374.25	374.50	SATH;0.609
394.50	395.00	SATH;0.699
422.25	422.75	SATH;0.651
428.25	428.75	SATH;0.582
467.00	467.75	SATH;0.657
472.75	473.00	SATH;0.566
510.50	511.00	SATH;0.689
515.50	516.75	SATH;0.726
517.00	518.25	SATH;0.858
523.50	523.75	SATH;0.588
534.50	535.25	SATH;0.681
545.75	546.25	SATH;0.640
559.50	559.75	SATH;0.528
4.25	4.50	SEPL;0.676
101.00	101.75	SNBU;0.840
1.75	2.75	TOSO;0.588
23.00	23.50	TOSO;0.687
52.00	53.00	TOSO;0.923
55.50	57.00	TOSO;0.674
62.00	62.75	TOSO;0.648
132.00	132.75	TOSO;0.684
143.00	143.25	TOSO;0.614
165.00	165.50	TOSO;0.717
190.00	190.50	TOSO;0.564
396.00	397.25	TOSO;0.929
471.50	471.75	TOSO;0.529
486.00	486.75	TOSO;0.711
514.50	515.75	TOSO;0.607
546.25	547.00	TOSO;0.700
139.00	139.25	VESP;0.586
171.25	171.75	VESP;0.554
242.00	242.50	VESP;0.565
255.00	255.50	VESP;0.642
308.00	309.00	VESP;0.777
317.00	317.75	VESP;0.645
404.25	404.50	VESP;0.514
434.00	434.25	VESP;0.536
567.50	568.25	VESP;0.670
274.25	274.50	VGSW;0.557
36.25	36.50	WAVI;0.501
69.00	69.75	WCSP;0.815
78.50	80.00	WCSP;0.982
397.50	397.75	WCSP;0.677
511.25	511.50	WEME;0.501
181.50	182.00	WWCR;0.736
4.25	4.50	YBFL;0.617
43.00	43.50	YRWA;0.726
