28.00	28.75	CHSP;0.888
72.25	72.75	CHSP;0.625
116.00	116.50	CHSW;0.585
226.00	226.75	CHSW;0.813
278.25	278.75	CHSW;0.688
164.25	164.50	DEJU;0.600
1.00	3.00	FOSP;0.996
16.25	18.50	FOSP;0.989
29.50	31.75	FOSP;0.992
43.75	44.75	FOSP;0.949
57.75	59.75	FOSP;0.995
69.50	71.75	FOSP;0.993
88.00	90.25	FOSP;0.995
106.25	108.25	FOSP;0.993
125.25	127.25	FOSP;0.993
145.25	147.50	FOSP;0.995
160.75	162.50	FOSP;0.984
172.50	174.25	FOSP;0.989
191.25	193.00	FOSP;0.926
208.75	211.00	FOSP;0.995
229.75	231.50	FOSP;0.992
245.50	248.00	FOSP;0.994
262.00	264.00	FOSP;0.997
57.00	57.50	GCSP;0.612
272.75	273.00	HAFL;0.527
120.75	121.00	HETH;0.595
266.50	266.75	LALO;0.507
24.50	24.75	MOCH;0.548
37.00	37.75	MOCH;0.844
79.25	79.75	MOCH;0.578
44.25	44.50	OROR;0.510
22.25	22.50	RUTU;0.529
132.75	133.00	RUTU;0.528
225.25	225.50	RUTU;0.548
4.25	4.50	SWSP;0.559
24.25	24.50	SWSP;0.513
55.25	56.00	SWSP;0.712
203.00	203.50	SWSP;0.593
214.00	214.50	SWSP;0.541
254.50	255.00	SWSP;0.626
31.25	31.50	VESP;0.561
71.25	71.50	VESP;0.501
192.25	192.75	VESP;0.559
292.50	293.00	VESP;0.737
104.50	105.00	WCSP;0.604
272.75	273.00	WEKI;0.545
14.25	15.25	WIWA;0.914
24.00	24.50	WIWA;0.603
33.50	34.50	WIWA;0.795
44.50	45.00	WIWA;0.924
65.25	66.00	WIWA;0.848
75.00	76.00	WIWA;0.959
85.50	86.00	WIWA;0.795
95.50	96.75	WIWA;0.989
166.50	167.00	WIWA;0.617
213.50	214.25	WIWA;0.900
242.50	243.25	WIWA;0.686
268.75	269.25	WIWA;0.629
11.50	13.00	WTSP;0.890
35.50	37.00	WTSP;0.916
56.00	57.00	WTSP;0.927
66.25	67.00	WTSP;0.621
78.75	79.75	WTSP;0.709
143.50	143.75	WTSP;0.610
166.00	166.50	WTSP;0.681
