288.25	288.75	AMAV;0.780
1.50	2.75	AMRO;0.890
10.00	10.75	AMRO;0.964
13.25	13.75	AMRO;0.603
16.00	17.00	AMRO;0.901
19.00	19.50	AMRO;0.663
21.25	22.25	AMRO;0.692
79.50	81.50	AMRO;0.747
82.25	83.50	AMRO;0.933
85.25	86.50	AMRO;0.588
87.50	89.00	AMRO;0.746
90.00	90.75	AMRO;0.640
105.50	106.00	AMRO;0.573
109.50	110.75	AMRO;0.874
116.25	116.75	AMRO;0.619
118.00	119.00	AMRO;0.919
130.00	130.50	AMRO;0.521
131.25	132.00	AMRO;0.709
132.25	132.75	AMRO;0.690
141.25	142.25	AMRO;0.699
149.25	149.75	AMRO;0.520
152.00	153.25	AMRO;0.789
157.75	158.25	AMRO;0.690
160.00	160.50	AMRO;0.619
170.00	171.00	AMRO;0.896
173.00	174.25	AMRO;0.905
182.25	183.25	AMRO;0.744
184.75	185.75	AMRO;0.573
189.00	189.75	AMRO;0.735
192.00	192.75	AMRO;0.707
199.00	199.50	AMRO;0.740
203.50	203.75	AMRO;0.531
205.25	206.75	AMRO;0.762
213.25	213.75	AMRO;0.627
214.25	214.75	AMRO;0.683
215.00	215.75	AMRO;0.658
217.50	217.75	AMRO;0.515
225.00	225.25	AMRO;0.507
227.50	228.00	AMRO;0.516
232.25	232.50	AMRO;0.519
246.25	247.75	AMRO;0.923
253.00	254.50	AMRO;0.791
255.50	256.00	AMRO;0.610
259.00	259.50	AMRO;0.526
260.00	260.25	AMRO;0.523
261.50	262.75	AMRO;0.821
264.25	265.75	AMRO;0.831
267.50	267.75	AMRO;0.616
269.25	270.75	AMRO;0.748
274.50	275.00	AMRO;0.688
275.25	275.75	AMRO;0.669
277.50	278.00	AMRO;0.691
279.25	279.75	AMRO;0.624
281.00	282.00	AMRO;0.888
287.50	288.00	AMRO;0.769
291.75	292.00	AMRO;0.522
294.25	295.50	AMRO;0.722
297.50	298.50	AMRO;0.685
24.00	24.25	BAOR;0.588
277.75	278.00	BAOR;0.512
43.50	43.75	BASA;0.748
199.00	199.50	BHGR;0.599
129.00	129.25	BRSP;0.558
133.25	133.75	BRSP;0.609
137.25	137.75	BRSP;0.591
138.00	138.50	BRSP;0.528
140.50	141.00	BRSP;0.638
141.25	141.50	BRSP;0.507
218.50	218.75	BRSP;0.557
4.50	4.75	CCSP;0.709
10.50	12.00	CCSP;0.996
17.50	19.00	CCSP;0.995
22.50	24.00	CCSP;0.968
35.00	36.25	CCSP;0.986
40.25	41.75	CCSP;0.974
60.00	61.50	CCSP;0.988
65.25	67.00	CCSP;0.996
72.00	73.25	CCSP;0.995
78.00	78.50	CCSP;0.763
83.00	84.50	CCSP;0.992
116.75	117.75	CCSP;0.867
123.00	123.50	CCSP;0.723
127.50	128.50	CCSP;0.934
133.25	133.75	CCSP;0.788
152.00	153.25	CCSP;0.993
159.00	160.25	CCSP;0.990
165.50	166.00	CCSP;0.731
171.00	172.00	CCSP;0.963
176.25	177.25	CCSP;0.962
182.50	183.25	CCSP;0.857
188.25	189.00	CCSP;0.941
194.25	195.50	CCSP;0.985
199.50	200.75	CCSP;0.906
205.75	206.75	CCSP;0.906
212.75	214.50	CCSP;0.965
214.75	215.00	CCSP;0.713
218.00	219.50	CCSP;0.943
222.75	223.25	CCSP;0.702
223.50	225.00	CCSP;0.946
229.75	230.75	CCSP;0.979
236.50	238.00	CCSP;0.953
243.00	244.50	CCSP;0.994
249.25	250.75	CCSP;0.994
254.50	257.25	CCSP;0.995
261.00	262.50	CCSP;0.978
267.00	268.50	CCSP;0.968
273.00	274.00	CCSP;0.983
275.00	275.50	CCSP;0.745
278.00	279.50	CCSP;0.982
284.00	284.25	CCSP;0.662
288.75	290.25	CCSP;0.987
293.75	294.25	CCSP;0.675
295.25	296.75	CCSP;0.986
88.75	94.25	CHSP;0.997
95.25	98.25	CHSP;0.996
99.50	102.50	CHSP;0.996
103.75	105.00	CHSP;0.967
106.00	108.50	CHSP;0.997
111.00	113.25	CHSP;0.996
114.50	116.75	CHSP;0.996
117.50	120.00	CHSP;0.993
120.75	122.75	CHSP;0.988
125.00	127.50	CHSP;0.997
128.25	129.50	CHSP;0.965
130.50	132.75	CHSP;0.993
133.50	135.75	CHSP;0.988
137.25	139.00	CHSP;0.980
141.00	142.75	CHSP;0.976
145.25	148.00	CHSP;0.999
156.50	159.00	CHSP;0.993
161.75	163.75	CHSP;0.985
165.25	167.50	CHSP;0.989
169.25	171.00	CHSP;0.966
173.25	175.75	CHSP;0.994
177.00	179.00	CHSP;0.971
180.50	182.75	CHSP;0.994
184.25	186.25	CHSP;0.986
188.75	190.50	CHSP;0.994
191.00	193.00	CHSP;0.995
195.75	197.00	CHSP;0.960
203.00	205.00	CHSP;0.996
206.50	208.50	CHSP;0.995
210.75	213.00	CHSP;0.996
59.25	59.50	DUNL;0.590
144.00	144.25	EABL;0.810
155.25	155.50	EABL;0.502
7.25	9.00	FOSP;0.898
25.75	26.00	FOSP;0.546
62.75	64.50	FOSP;0.964
76.25	76.75	FOSP;0.554
77.00	78.00	FOSP;0.861
93.25	93.50	FOSP;0.588
162.25	162.50	FOSP;0.524
268.50	269.25	FOSP;0.875
4.00	4.75	LARB;0.559
5.00	6.00	LISP;0.767
14.50	16.50	LISP;0.993
38.50	38.75	LISP;0.671
55.75	57.00	LISP;0.956
75.25	76.50	LISP;0.729
85.50	86.00	LISP;0.647
86.50	87.75	LISP;0.870
150.00	152.00	LISP;0.915
155.50	156.50	LISP;0.664
164.00	164.75	LISP;0.731
190.50	191.00	LISP;0.754
197.25	199.00	LISP;0.953
201.25	202.25	LISP;0.840
208.25	209.50	LISP;0.736
226.25	227.00	LISP;0.690
228.50	229.50	LISP;0.792
236.00	236.25	LISP;0.573
240.00	241.50	LISP;0.984
248.25	248.75	LISP;0.680
251.25	252.25	LISP;0.911
259.25	260.00	LISP;0.759
262.75	263.75	LISP;0.893
285.75	286.75	LISP;0.980
297.25	297.75	LISP;0.722
234.25	234.50	MAMU;0.543
234.50	234.75	MOCH;0.546
0.25	0.75	OCWA;0.544
197.00	197.50	PUFI;0.582
209.50	209.75	RBGR;0.529
212.00	212.75	RBGR;0.623
76.75	77.00	SAPH;0.617
1.25	1.75	SATH;0.562
22.00	22.25	SATH;0.569
25.25	25.50	SATH;0.536
42.00	42.75	SATH;0.826
47.25	47.50	SATH;0.525
109.25	109.75	SATH;0.602
123.50	124.00	SATH;0.602
133.75	134.00	SATH;0.516
187.25	188.00	SATH;0.799
25.75	26.00	SNBU;0.528
77.50	77.75	SNBU;0.659
31.75	32.00	TOSO;0.603
134.25	134.50	TOSO;0.523
217.50	217.75	TOSO;0.631
259.25	260.25	TOSO;0.562
77.00	77.25	VESP;0.639
172.25	173.00	WCSP;0.720
193.00	193.50	WCSP;0.591
200.25	201.25	WCSP;0.580
222.25	222.75	WCSP;0.530
225.00	225.75	WCSP;0.728
235.50	235.75	WCSP;0.503
237.25	238.25	WCSP;0.772
244.25	245.00	WCSP;0.761
253.00	253.50	WCSP;0.651
257.50	259.25	WCSP;0.973
274.00	274.75	WCSP;0.773
276.25	278.25	WCSP;0.979
283.00	284.75	WCSP;0.979
290.00	292.25	WCSP;0.981
298.75	300.00	WCSP;0.988
2.50	3.25	WTSP;0.746
67.25	68.75	WTSP;0.867
84.25	84.50	WTSP;0.540
136.00	137.25	WTSP;0.910
184.00	184.25	WTSP;0.521
215.50	217.25	WTSP;0.928
234.50	234.75	WTSP;0.607
282.00	283.00	WTSP;0.812
287.00	287.50	WTSP;0.674
