32.00	32.50	AMAV;0.669
45.25	45.75	AMDI;0.642
2.00	2.50	AMRO;0.808
3.00	6.00	AMRO;0.987
8.75	11.00	AMRO;0.968
12.00	12.25	AMRO;0.659
21.50	24.00	AMRO;0.953
26.25	26.75	AMRO;0.740
32.00	32.50	AMRO;0.731
37.25	39.00	AMRO;0.899
39.25	41.00	AMRO;0.874
43.00	43.50	AMRO;0.742
43.75	44.00	AMRO;0.722
46.50	49.75	AMRO;0.934
50.25	51.75	AMRO;0.860
52.25	54.00	AMRO;0.844
55.75	56.25	AMRO;0.827
70.25	71.25	AMRO;0.775
74.25	76.50	AMRO;0.923
79.50	81.75	AMRO;0.941
82.25	84.50	AMRO;0.831
94.50	96.50	AMRO;0.883
105.00	107.75	AMRO;0.879
112.25	113.00	AMRO;0.770
114.25	114.50	AMRO;0.692
121.25	121.75	AMRO;0.690
123.50	123.75	AMRO;0.701
124.00	125.50	AMRO;0.812
126.00	129.00	AMRO;0.940
130.25	135.00	AMRO;0.986
135.50	137.75	AMRO;0.943
138.25	145.00	AMRO;0.971
146.25	147.75	AMRO;0.821
150.00	153.75	AMRO;0.951
158.50	160.50	AMRO;0.958
163.75	167.00	AMRO;0.939
170.75	174.00	AMRO;0.890
174.25	175.00	AMRO;0.762
177.25	187.00	AMRO;0.996
188.00	189.25	AMRO;0.882
191.00	197.50	AMRO;0.992
199.75	201.75	AMRO;0.986
202.25	205.00	AMRO;0.991
206.25	208.00	AMRO;0.926
208.75	215.25	AMRO;0.952
216.75	217.75	AMRO;0.913
218.00	222.50	AMRO;0.992
223.00	225.00	AMRO;0.984
226.25	227.75	AMRO;0.890
228.00	231.00	AMRO;0.956
232.25	232.50	AMRO;0.672
236.25	240.75	AMRO;0.995
241.75	246.00	AMRO;0.997
249.00	249.75	AMRO;0.735
250.25	252.00	AMRO;0.946
252.50	257.00	AMRO;0.980
259.25	264.75	AMRO;0.988
266.25	269.00	AMRO;0.987
270.25	272.25	AMRO;0.964
274.25	276.50	AMRO;0.862
277.50	280.00	AMRO;0.994
282.50	285.00	AMRO;0.985
285.25	287.25	AMRO;0.927
289.25	292.25	AMRO;0.996
294.25	296.75	AMRO;0.994
298.75	300.00	AMRO;0.975
111.50	111.75	AMWI;0.679
53.25	53.75	BAOR;0.657
119.50	120.00	BBPL;0.543
123.50	125.00	BHGR;0.847
128.00	129.00	BHGR;0.655
222.25	222.75	BHGR;0.604
236.00	237.00	BHGR;0.728
260.50	260.75	BHGR;0.529
273.25	273.75	BHGR;0.588
113.75	114.00	BHVI;0.587
245.75	246.00	CAFI;0.512
297.25	297.50	CAFI;0.543
82.25	82.75	COMU;0.721
95.25	95.50	COMU;0.649
230.75	231.75	EABL;0.831
6.25	8.75	FOSP;0.996
15.50	18.00	FOSP;0.996
27.25	29.75	FOSP;0.997
36.75	37.00	FOSP;0.659
56.25	59.00	FOSP;0.996
62.50	64.75	FOSP;0.989
66.75	69.50	FOSP;0.996
76.50	79.00	FOSP;0.993
87.75	90.50	FOSP;0.995
98.50	101.00	FOSP;0.997
155.50	156.75	FOSP;0.845
202.75	203.50	FOSP;0.938
274.25	275.00	FOSP;0.725
281.75	282.25	FOSP;0.691
288.00	289.25	FOSP;0.962
11.50	11.75	GCRF;0.644
11.50	11.75	GCTH;0.810
120.50	120.75	GWTE;0.542
122.50	123.00	HASP;0.617
31.00	31.75	HETH;0.755
39.00	39.50	HETH;0.819
73.25	74.00	LISP;0.861
149.25	150.00	LISP;0.815
161.25	161.75	LISP;0.601
197.75	198.50	LISP;0.626
39.25	39.50	MAMU;0.600
254.50	254.75	NSHR;0.600
287.50	288.00	PIGR;0.596
149.00	149.50	PUFI;0.684
258.00	258.50	PUFI;0.736
281.50	281.75	PUFI;0.531
297.25	297.75	PUFI;0.836
8.50	8.75	RBGR;0.515
113.25	114.50	RBGR;0.806
135.50	136.50	RBGR;0.779
144.25	144.50	RBGR;0.512
177.50	179.00	RBGR;0.822
186.25	186.75	RBGR;0.610
192.00	193.50	RBGR;0.698
230.50	231.00	RBGR;0.576
236.00	237.00	RBGR;0.813
248.50	249.50	RBGR;0.607
250.50	250.75	RBGR;0.511
259.50	260.00	RBGR;0.554
13.00	15.00	SATH;0.957
83.00	83.50	SATH;0.650
121.50	122.00	SATH;0.539
202.50	202.75	SATH;0.511
213.00	214.00	SATH;0.972
272.50	273.00	SATH;0.561
286.25	287.00	SUTA;0.741
0.00	0.25	SWSP;0.503
37.25	37.75	SWSP;0.635
75.00	75.25	SWSP;0.560
162.50	163.50	SWSP;0.925
24.50	24.75	TOSO;0.505
138.25	138.75	TOSO;0.608
197.50	197.75	TOSO;0.553
212.00	213.00	TOSO;0.720
245.50	245.75	TOSO;0.518
272.75	273.50	TOSO;0.615
20.75	21.25	VATH;0.946
33.00	33.75	VATH;0.956
91.50	92.50	VATH;0.954
154.00	155.50	VATH;0.983
190.00	191.00	VATH;0.828
199.25	199.75	VATH;0.588
8.00	8.50	WCSP;0.771
44.00	46.25	WCSP;0.914
49.75	50.50	WCSP;0.992
53.00	53.25	WCSP;0.788
55.00	55.75	WCSP;0.924
63.75	64.50	WCSP;0.815
69.00	69.25	WCSP;0.672
122.50	123.00	WCSP;0.735
136.50	137.75	WCSP;0.980
156.75	158.50	WCSP;0.943
168.50	170.50	WCSP;0.992
173.50	175.00	WCSP;0.995
182.75	184.50	WCSP;0.982
196.75	197.50	WCSP;0.857
205.50	206.25	WCSP;0.891
214.75	216.75	WCSP;0.997
221.75	222.75	WCSP;0.893
225.50	226.25	WCSP;0.792
226.75	228.75	WCSP;0.995
234.25	236.00	WCSP;0.946
240.50	242.25	WCSP;0.996
247.00	248.50	WCSP;0.931
252.00	253.25	WCSP;0.995
261.75	262.75	WCSP;0.881
264.50	266.25	WCSP;0.996
276.25	277.50	WCSP;0.810
280.00	281.50	WCSP;0.996
290.00	290.25	WCSP;0.724
290.75	291.00	WCSP;0.662
293.50	295.25	WCSP;0.992
166.25	166.75	WEBL;0.713
109.25	109.50	WEME;0.509
258.00	258.25	WETA;0.551
74.50	75.25	WIWA;0.743
85.75	86.25	WIWA;0.554
95.50	96.75	WIWA;0.932
104.00	105.00	WIWA;0.865
114.50	115.75	WIWA;0.970
127.50	128.25	WIWA;0.729
139.25	140.25	WIWA;0.963
150.50	151.25	WIWA;0.688
187.25	188.00	WIWA;0.739
217.50	218.25	WIWA;0.938
229.25	229.50	WIWA;0.502
43.25	44.00	WTSP;0.871
96.75	97.50	WTSP;0.730
116.00	117.00	WTSP;0.839
117.25	117.75	WTSP;0.598
145.25	146.00	WTSP;0.761
180.50	180.75	WTSP;0.617
188.25	188.75	WTSP;0.614
205.50	206.00	WTSP;0.642
214.75	215.00	WTSP;0.539
