163.25	163.50	BEWR;0.502
251.25	251.75	BHCO;0.552
88.50	89.75	BRSP;0.647
108.50	108.75	CAFI;0.502
88.25	89.00	CCSP;0.877
2.00	3.00	CHSP;0.885
13.50	15.00	CHSP;0.923
17.25	18.00	CHSP;0.768
29.00	29.75	CHSP;0.906
32.25	33.25	CHSP;0.895
38.00	39.25	CHSP;0.853
40.50	41.50	CHSP;0.792
49.75	52.00	CHSP;0.956
57.50	60.75	CHSP;0.952
68.75	71.00	CHSP;0.981
75.00	75.75	CHSP;0.839
80.00	80.75	CHSP;0.752
88.75	91.50	CHSP;0.982
100.00	102.25	CHSP;0.990
105.00	106.75	CHSP;0.969
116.00	117.00	CHSP;0.869
118.00	118.25	CHSP;0.697
122.00	124.00	CHSP;0.933
138.25	138.50	CHSP;0.801
139.00	140.50	CHSP;0.984
147.25	149.75	CHSP;0.929
155.50	156.75	CHSP;0.785
158.00	158.25	CHSP;0.683
169.00	170.50	CHSP;0.887
188.50	190.75	CHSP;0.983
201.25	202.00	CHSP;0.782
216.00	218.25	CHSP;0.936
239.25	241.75	CHSP;0.961
254.25	255.50	CHSP;0.951
257.00	260.00	CHSP;0.988
265.00	266.75	CHSP;0.969
271.50	274.25	CHSP;0.981
280.75	282.25	CHSP;0.979
297.00	298.75	CHSP;0.966
106.25	106.50	DEJU;0.527
112.75	114.25	DEJU;0.867
3.25	3.50	DUFL;0.607
256.50	257.00	DUFL;0.849
241.75	242.25	EAME;0.598
238.00	238.25	EVGR;0.593
267.50	268.00	FOSP;0.709
285.00	286.25	FOSP;0.952
72.75	73.75	GCSP;0.612
104.25	104.50	GCSP;0.730
117.50	118.00	GCSP;0.622
142.25	142.75	GCSP;0.636
195.25	195.50	GCSP;0.529
234.50	235.25	GCSP;0.775
253.00	253.50	GCSP;0.639
181.50	181.75	HOLA;0.653
183.25	183.50	HOLA;0.816
0.00	0.75	LISP;0.934
9.25	11.00	LISP;0.976
19.25	20.00	LISP;0.932
26.75	28.50	LISP;0.996
34.50	35.25	LISP;0.796
43.75	45.25	LISP;0.966
61.50	62.00	LISP;0.750
77.75	79.00	LISP;0.980
95.25	97.25	LISP;0.998
112.75	113.75	LISP;0.715
128.50	130.00	LISP;0.909
145.25	146.75	LISP;0.901
162.75	163.75	LISP;0.874
178.50	180.00	LISP;0.978
195.50	197.50	LISP;0.989
213.00	214.75	LISP;0.995
230.00	231.25	LISP;0.975
246.00	247.00	LISP;0.864
262.75	264.25	LISP;0.981
278.25	280.25	LISP;0.990
294.75	296.25	LISP;0.992
120.50	121.25	PIGR;0.956
1.00	1.75	PISI;0.894
132.50	133.25	PISI;0.946
136.00	137.25	PISI;0.997
138.50	139.25	PISI;0.977
142.50	143.50	PISI;0.982
153.50	154.25	PISI;0.882
159.25	159.75	PISI;0.851
165.00	165.75	PISI;0.921
171.00	171.75	PISI;0.964
176.25	177.75	PISI;0.992
214.25	214.75	PISI;0.705
218.25	219.25	PISI;0.990
219.50	226.75	PISI;0.997
227.25	228.75	PISI;0.995
231.00	231.50	PISI;0.749
232.25	233.25	PISI;0.994
238.50	239.25	PISI;0.901
243.00	243.75	PISI;0.996
249.00	249.75	PISI;0.971
256.50	257.00	PISI;0.817
259.75	260.75	PISI;0.995
261.75	262.25	PISI;0.699
266.50	267.50	PISI;0.915
130.25	131.00	RCKI;0.866
249.75	250.25	RCKI;0.586
34.50	34.75	ROWR;0.642
151.50	152.00	ROWR;0.741
104.25	104.50	RWBL;0.658
234.75	235.00	RWBL;0.517
253.00	253.25	RWBL;0.680
79.50	81.00	SEOW;0.766
63.25	64.50	SNBU;0.862
219.25	219.50	SNBU;0.595
237.25	237.75	SNBU;0.796
238.00	238.25	SNBU;0.557
276.00	277.25	SNBU;0.849
127.00	127.25	SOSP;0.651
42.75	43.00	TOSO;0.796
247.25	247.50	VESP;0.566
286.00	286.50	VESP;0.591
39.25	40.00	WCSP;0.816
55.75	56.50	WCSP;0.690
61.00	61.75	WCSP;0.846
66.25	67.00	WCSP;0.936
82.75	83.00	WCSP;0.578
162.75	163.00	WCSP;0.552
11.25	13.75	WTSP;0.964
22.50	23.75	WTSP;0.899
33.25	34.00	WTSP;0.839
49.00	49.75	WTSP;0.791
56.00	56.50	WTSP;0.557
73.50	74.25	WTSP;0.696
83.00	83.50	WTSP;0.594
113.50	113.75	WWCR;0.516
