397.50	398.25	AMRO;0.985
533.75	534.50	AMRO;0.721
537.25	538.00	AMRO;0.912
538.75	539.50	AMRO;0.736
554.00	556.00	AMRO;0.781
559.00	561.00	AMRO;0.984
567.25	568.50	AMRO;0.796
586.25	587.00	AMRO;0.842
327.50	328.00	BHVI;0.865
4.00	6.00	CHSP;0.983
12.50	14.00	CHSP;0.950
22.25	24.50	CHSP;0.979
31.50	32.50	CHSP;0.933
40.00	41.00	CHSP;0.922
46.75	49.00	CHSP;0.980
55.00	57.25	CHSP;0.987
63.50	64.25	CHSP;0.743
64.75	65.00	CHSP;0.703
72.75	75.00	CHSP;0.975
81.25	83.75	CHSP;0.953
90.25	91.50	CHSP;0.917
99.25	100.00	CHSP;0.814
102.25	105.25	CHSP;0.981
112.50	115.00	CHSP;0.981
123.00	124.50	CHSP;0.949
131.00	133.00	CHSP;0.956
139.50	141.50	CHSP;0.884
148.50	150.75	CHSP;0.975
156.75	159.25	CHSP;0.973
166.25	169.00	CHSP;0.981
175.75	178.00	CHSP;0.942
184.50	186.00	CHSP;0.958
192.75	194.75	CHSP;0.855
203.00	204.00	CHSP;0.751
221.50	222.25	CHSP;0.779
222.50	223.25	CHSP;0.727
238.50	239.50	CHSP;0.750
248.75	249.75	CHSP;0.887
256.25	258.50	CHSP;0.944
264.00	266.25	CHSP;0.867
272.25	273.50	CHSP;0.807
282.00	282.75	CHSP;0.808
289.00	289.50	CHSP;0.762
289.75	291.00	CHSP;0.882
297.50	298.50	CHSP;0.848
314.00	314.50	CHSP;0.748
330.75	331.25	CHSP;0.782
348.25	350.75	CHSP;0.983
358.25	360.00	CHSP;0.970
365.50	367.75	CHSP;0.979
375.50	376.00	CHSP;0.731
382.25	383.25	CHSP;0.923
384.00	384.50	CHSP;0.858
392.75	394.00	CHSP;0.967
400.50	402.00	CHSP;0.884
409.50	411.25	CHSP;0.984
417.50	419.75	CHSP;0.982
435.00	436.50	CHSP;0.953
443.00	445.25	CHSP;0.980
460.00	462.75	CHSP;0.979
470.50	471.00	CHSP;0.912
485.50	486.00	CHSP;0.705
495.00	497.00	CHSP;0.919
503.25	505.75	CHSP;0.975
512.00	514.00	CHSP;0.991
521.50	522.25	CHSP;0.800
528.25	529.25	CHSP;0.989
529.75	530.50	CHSP;0.757
537.75	538.25	CHSP;0.686
538.50	538.75	CHSP;0.729
554.50	554.75	CHSP;0.702
571.50	572.25	CHSP;0.817
579.25	580.50	CHSP;0.903
587.25	589.00	CHSP;0.945
596.25	597.00	CHSP;0.840
568.25	568.50	DEJU;0.654
597.25	598.00	DEJU;0.740
364.50	364.75	EAME;0.520
2.00	2.75	FISP;0.606
99.50	100.25	FISP;0.738
133.00	133.25	FISP;0.503
144.00	145.00	FISP;0.838
160.25	161.25	FISP;0.654
303.50	304.25	FISP;0.814
383.25	384.00	FISP;0.677
508.50	508.75	FISP;0.521
0.25	0.75	FOSP;0.671
2.25	2.50	FOSP;0.706
9.25	11.75	FOSP;0.965
14.50	16.50	FOSP;0.993
19.75	21.25	FOSP;0.978
26.50	28.00	FOSP;0.986
30.00	30.75	FOSP;0.892
34.00	36.00	FOSP;0.985
42.00	43.25	FOSP;0.979
45.00	46.25	FOSP;0.975
52.00	54.25	FOSP;0.885
63.75	65.00	FOSP;0.902
67.50	69.75	FOSP;0.988
75.25	77.50	FOSP;0.974
78.25	79.75	FOSP;0.905
89.50	90.25	FOSP;0.771
93.50	95.50	FOSP;0.964
104.75	106.25	FOSP;0.989
109.50	110.25	FOSP;0.796
121.50	123.25	FOSP;0.974
125.50	127.50	FOSP;0.995
131.75	134.25	FOSP;0.922
144.25	144.75	FOSP;0.715
154.50	156.00	FOSP;0.960
161.25	161.50	FOSP;0.658
165.00	166.25	FOSP;0.982
173.50	174.75	FOSP;0.921
176.25	177.75	FOSP;0.934
178.25	179.00	FOSP;0.835
180.00	182.25	FOSP;0.991
182.50	184.00	FOSP;0.958
187.00	188.00	FOSP;0.884
207.75	208.50	FOSP;0.803
216.25	216.75	FOSP;0.801
229.50	231.75	FOSP;0.990
235.25	236.75	FOSP;0.882
242.00	243.00	FOSP;0.877
255.50	256.00	FOSP;0.687
262.25	264.00	FOSP;0.992
264.75	266.00	FOSP;0.806
276.00	277.50	FOSP;0.828
283.50	285.75	FOSP;0.897
289.25	290.00	FOSP;0.782
290.50	290.75	FOSP;0.699
295.25	296.75	FOSP;0.917
304.25	305.75	FOSP;0.854
310.75	312.25	FOSP;0.990
317.00	319.75	FOSP;0.992
321.25	322.50	FOSP;0.904
330.00	330.75	FOSP;0.946
333.50	335.50	FOSP;0.993
337.50	338.75	FOSP;0.903
343.75	346.75	FOSP;0.997
353.75	355.75	FOSP;0.965
356.25	358.25	FOSP;0.997
364.50	365.00	FOSP;0.698
367.75	369.75	FOSP;0.998
371.25	373.00	FOSP;0.887
376.50	378.00	FOSP;0.808
379.00	381.00	FOSP;0.995
383.50	384.00	FOSP;0.738
387.25	388.25	FOSP;0.964
390.25	392.50	FOSP;0.995
396.25	397.25	FOSP;0.968
401.50	403.75	FOSP;0.996
404.00	405.50	FOSP;0.897
408.50	409.25	FOSP;0.834
414.25	416.25	FOSP;0.991
419.50	421.50	FOSP;0.981
426.00	428.00	FOSP;0.996
437.75	441.00	FOSP;0.993
451.00	453.50	FOSP;0.995
454.25	456.25	FOSP;0.986
464.25	466.50	FOSP;0.984
471.25	473.00	FOSP;0.995
478.00	480.00	FOSP;0.998
487.00	488.50	FOSP;0.879
492.00	494.00	FOSP;0.997
495.50	496.00	FOSP;0.738
500.75	502.00	FOSP;0.957
505.25	507.00	FOSP;0.994
517.50	518.50	FOSP;0.746
519.00	521.50	FOSP;0.995
531.25	533.50	FOSP;0.994
544.50	546.75	FOSP;0.999
551.25	552.75	FOSP;0.839
563.00	565.00	FOSP;0.996
569.75	571.50	FOSP;0.995
580.75	582.75	FOSP;0.997
589.75	591.00	FOSP;0.917
593.50	595.75	FOSP;0.997
110.00	110.50	GCSP;0.614
376.50	377.00	GCSP;0.716
405.75	406.50	GCSP;0.666
19.50	20.00	HETH;0.630
29.75	30.00	HETH;0.724
41.75	42.00	HETH;0.542
182.50	182.75	HETH;0.510
417.00	417.50	HETH;0.661
62.25	62.75	LISP;0.555
85.00	85.75	LISP;0.819
116.50	117.00	LISP;0.525
186.00	187.25	LISP;0.954
475.50	476.00	LISP;0.530
509.25	510.00	LISP;0.706
539.50	539.75	LISP;0.512
548.75	549.75	LISP;0.766
550.25	550.75	LISP;0.613
597.25	597.75	LISP;0.628
360.50	360.75	MOCH;0.563
557.25	557.75	MOCH;0.729
53.00	53.25	OSFL;0.843
321.50	321.75	OSFL;0.663
51.75	52.00	PIGR;0.632
117.50	117.75	PISI;0.591
548.25	548.75	PUFI;0.681
302.00	302.75	RCKI;0.635
348.00	352.00	RUGR;0.921
558.25	558.50	RUTU;0.599
575.50	576.00	RUTU;0.848
580.50	580.75	RUTU;0.558
309.00	309.25	RWBL;0.534
551.00	551.25	SAPH;0.569
342.50	342.75	SOSA;0.529
227.50	228.50	VATH;0.906
145.00	145.75	VESP;0.865
187.50	187.75	VESP;0.536
220.25	220.50	VESP;0.562
234.75	235.50	VESP;0.597
427.50	428.25	VESP;0.551
466.00	467.00	VESP;0.757
501.50	502.00	VESP;0.575
508.25	508.75	VESP;0.582
564.25	564.75	VESP;0.579
0.00	0.75	WCSP;0.984
6.75	9.00	WCSP;0.992
28.25	29.50	WCSP;0.934
33.00	34.75	WCSP;0.993
38.25	39.00	WCSP;0.929
42.75	43.25	WCSP;0.781
43.75	45.25	WCSP;0.935
50.00	51.25	WCSP;0.994
53.25	54.75	WCSP;0.947
57.50	60.50	WCSP;0.939
65.00	66.50	WCSP;0.982
71.25	72.50	WCSP;0.994
76.75	77.00	WCSP;0.672
78.00	79.00	WCSP;0.760
95.00	95.75	WCSP;0.923
101.00	101.50	WCSP;0.823
107.00	108.00	WCSP;0.987
111.25	111.50	WCSP;0.667
133.50	133.75	WCSP;0.696
136.75	138.25	WCSP;0.996
143.00	143.75	WCSP;0.829
144.75	145.25	WCSP;0.693
147.50	148.50	WCSP;0.846
155.25	155.75	WCSP;0.711
171.00	172.00	WCSP;0.834
183.25	183.75	WCSP;0.795
188.50	189.25	WCSP;0.747
194.75	197.25	WCSP;0.997
200.25	202.50	WCSP;0.995
205.50	208.50	WCSP;0.997
210.00	211.25	WCSP;0.898
212.00	214.50	WCSP;0.995
218.00	220.50	WCSP;0.996
224.50	226.75	WCSP;0.996
232.25	234.75	WCSP;0.997
239.75	242.75	WCSP;0.997
246.25	248.50	WCSP;0.996
252.75	255.50	WCSP;0.997
259.25	262.25	WCSP;0.997
267.25	269.75	WCSP;0.997
273.50	276.00	WCSP;0.996
279.75	282.00	WCSP;0.996
286.00	288.75	WCSP;0.995
292.50	295.75	WCSP;0.997
298.75	301.00	WCSP;0.997
305.75	308.50	WCSP;0.998
311.50	312.00	WCSP;0.721
314.50	316.75	WCSP;0.995
319.00	319.75	WCSP;0.784
322.00	322.25	WCSP;0.690
323.00	325.25	WCSP;0.987
331.25	333.50	WCSP;0.995
336.75	337.75	WCSP;0.847
339.75	342.00	WCSP;0.996
352.50	354.00	WCSP;0.989
361.00	362.25	WCSP;0.985
364.50	365.00	WCSP;0.727
369.25	369.50	WCSP;0.664
373.75	375.50	WCSP;0.994
383.25	384.00	WCSP;0.754
388.25	389.50	WCSP;0.973
396.75	397.25	WCSP;0.672
398.25	400.25	WCSP;0.993
407.50	409.00	WCSP;0.981
415.25	416.25	WCSP;0.800
420.75	422.00	WCSP;0.932
422.25	424.50	WCSP;0.996
430.25	432.25	WCSP;0.998
441.00	442.75	WCSP;0.989
447.25	447.50	WCSP;0.687
449.00	451.00	WCSP;0.996
456.25	458.25	WCSP;0.996
468.75	470.50	WCSP;0.980
477.25	478.25	WCSP;0.940
486.00	487.50	WCSP;0.997
488.00	488.50	WCSP;0.801
493.75	495.00	WCSP;0.997
516.75	518.50	WCSP;0.995
529.00	530.00	WCSP;0.938
564.50	565.25	WCSP;0.734
572.25	574.25	WCSP;0.988
582.50	584.25	WCSP;0.992
589.75	591.00	WCSP;0.885
599.25	600.00	WCSP;0.983
139.75	140.00	WEWA;0.575
140.25	140.50	WEWA;0.548
157.25	157.50	WEWA;0.504
0.75	2.00	WIWA;0.996
11.25	12.50	WIWA;0.992
21.00	22.50	WIWA;0.991
30.00	31.50	WIWA;0.995
38.75	40.25	WIWA;0.996
48.50	50.00	WIWA;0.996
60.50	62.00	WIWA;0.994
69.75	71.50	WIWA;0.996
458.00	458.75	WIWA;0.958
465.50	466.00	WIWA;0.763
473.25	475.00	WIWA;0.996
482.00	484.00	WIWA;0.995
489.50	491.00	WIWA;0.995
498.00	499.50	WIWA;0.995
507.00	508.00	WIWA;0.995
515.00	516.75	WIWA;0.996
523.25	525.00	WIWA;0.996
534.50	536.00	WIWA;0.995
546.50	547.50	WIWA;0.929
555.00	556.75	WIWA;0.994
566.00	567.75	WIWA;0.995
577.00	578.50	WIWA;0.997
591.00	592.50	WIWA;0.995
2.75	3.50	WTSP;0.763
28.00	29.00	WTSP;0.771
38.00	39.00	WTSP;0.850
59.25	59.50	WTSP;0.704
86.00	89.75	WTSP;0.994
91.75	92.00	WTSP;0.692
97.25	101.25	WTSP;0.992
106.50	107.25	WTSP;0.800
109.00	111.75	WTSP;0.930
118.50	121.25	WTSP;0.993
127.75	131.25	WTSP;0.994
134.25	135.00	WTSP;0.862
136.75	137.00	WTSP;0.664
141.00	143.75	WTSP;0.987
147.50	148.50	WTSP;0.883
150.75	154.50	WTSP;0.994
161.25	164.75	WTSP;0.997
170.50	172.00	WTSP;0.838
174.75	176.00	WTSP;0.983
188.50	188.75	WTSP;0.711
190.00	191.00	WTSP;0.879
204.00	206.00	WTSP;0.923
212.25	212.75	WTSP;0.706
214.50	216.00	WTSP;0.990
218.50	218.75	WTSP;0.657
222.50	222.75	WTSP;0.661
223.25	224.75	WTSP;0.907
228.50	229.00	WTSP;0.738
232.25	232.75	WTSP;0.672
243.50	244.75	WTSP;0.733
257.25	257.50	WTSP;0.658
259.50	259.75	WTSP;0.674
267.50	268.00	WTSP;0.715
279.75	280.00	WTSP;0.660
351.50	353.00	WTSP;0.931
360.00	363.00	WTSP;0.988
370.25	371.00	WTSP;0.755
381.25	382.00	WTSP;0.857
384.75	386.75	WTSP;0.942
394.50	396.00	WTSP;0.951
398.25	398.75	WTSP;0.721
405.75	406.00	WTSP;0.739
406.50	406.75	WTSP;0.670
407.25	407.75	WTSP;0.738
413.25	413.75	WTSP;0.717
422.50	422.75	WTSP;0.704
436.25	437.00	WTSP;0.868
446.00	447.25	WTSP;0.982
467.50	469.50	WTSP;0.917
489.00	489.50	WTSP;0.733
502.50	503.00	WTSP;0.700
510.75	512.25	WTSP;0.907
529.00	529.75	WTSP;0.809
557.00	558.00	WTSP;0.862
599.50	599.75	WTSP;0.695
17.75	18.00	YRWA;0.514
343.25	343.50	YRWA;0.540
