87.00	87.25	BTNW;0.500
50.50	50.75	EVGR;0.505
79.50	79.75	EVGR;0.560
101.25	101.50	EVGR;0.507
181.50	182.00	FISP;0.742
58.50	59.00	FOSP;0.778
124.25	124.50	FOSP;0.671
153.25	154.75	FOSP;0.962
163.50	165.75	FOSP;0.977
177.00	179.50	FOSP;0.990
190.75	193.00	FOSP;0.978
210.50	212.75	FOSP;0.910
222.00	224.50	FOSP;0.994
234.50	236.75	FOSP;0.957
246.00	248.25	FOSP;0.994
259.00	261.00	FOSP;0.992
269.50	269.75	FOSP;0.670
271.25	273.75	FOSP;0.972
286.00	287.75	FOSP;0.988
24.25	25.00	LISP;0.913
292.00	293.00	LISP;0.818
124.75	125.00	MOCH;0.578
292.25	292.75	NHWR;0.582
269.50	269.75	PIGR;0.820
208.75	209.00	RWBL;0.565
79.25	80.00	SNBU;0.863
211.50	211.75	SNBU;0.529
235.00	235.25	SNBU;0.515
235.50	235.75	SNBU;0.526
246.50	246.75	SNBU;0.573
259.25	259.50	SNBU;0.589
286.50	287.00	SNBU;0.686
234.25	234.50	VESP;0.518
258.25	258.75	VESP;0.542
86.00	87.25	WCSP;0.937
103.00	104.25	WCSP;0.983
115.25	116.00	WCSP;0.921
189.75	190.00	WCSP;0.563
205.50	206.25	WCSP;0.741
214.75	215.50	WCSP;0.814
226.25	227.25	WCSP;0.982
238.25	239.75	WCSP;0.980
250.00	251.50	WCSP;0.983
263.25	263.75	WCSP;0.557
276.75	277.75	WCSP;0.981
289.50	290.50	WCSP;0.722
173.75	174.00	WEWP;0.532
7.00	8.25	WTSP;0.924
37.00	39.50	WTSP;0.876
262.25	263.50	WTSP;0.724
289.25	289.75	WTSP;0.634
