115.75	116.25	AGOL;0.599
291.50	292.00	AMDI;0.668
43.75	44.00	AMPI;0.594
250.25	250.50	ATPU;0.507
57.75	58.25	ATSP;0.779
120.50	121.00	ATSP;0.978
124.50	124.75	ATSP;0.640
134.75	135.00	ATSP;0.811
211.75	212.00	ATSP;0.588
257.50	257.75	ATSP;0.712
311.25	311.50	ATSP;0.572
21.50	22.00	BBPL;0.761
44.00	44.50	BBPL;0.733
130.25	130.75	BBPL;0.608
168.75	169.00	BBPL;0.524
282.00	282.50	BBPL;0.736
315.25	315.75	BBPL;0.858
348.25	348.75	BBPL;0.844
388.25	388.50	BBPL;0.502
420.75	421.25	BBPL;0.687
541.75	542.25	BBPL;0.763
594.25	594.50	BLJA;0.589
195.25	195.50	BRSP;0.522
146.25	146.50	CCSP;0.610
149.75	150.00	CCSP;0.717
152.00	152.25	CCSP;0.574
155.25	155.50	CCSP;0.615
156.75	157.00	CCSP;0.801
159.00	159.25	CCSP;0.732
160.00	160.25	CCSP;0.538
161.25	161.50	CCSP;0.657
162.25	162.50	CCSP;0.773
163.25	163.75	CCSP;0.558
164.50	164.75	CCSP;0.528
165.25	165.50	CCSP;0.546
166.50	166.75	CCSP;0.554
167.50	167.75	CCSP;0.740
169.00	169.50	CCSP;0.737
170.50	170.75	CCSP;0.795
171.75	172.00	CCSP;0.554
173.50	173.75	CCSP;0.709
174.75	175.00	CCSP;0.693
176.25	176.50	CCSP;0.722
178.75	179.00	CCSP;0.626
179.75	180.00	CCSP;0.593
181.00	181.25	CCSP;0.618
182.75	183.00	CCSP;0.690
183.50	183.75	CCSP;0.592
184.75	185.00	CCSP;0.566
186.25	186.50	CCSP;0.532
188.00	188.25	CCSP;0.650
189.50	189.75	CCSP;0.578
190.75	191.00	CCSP;0.526
192.50	192.75	CCSP;0.523
124.50	124.75	CHSP;0.573
134.00	134.25	CHSP;0.526
134.50	135.00	CHSP;0.836
145.50	146.50	CHSP;0.684
152.00	154.75	CHSP;0.942
155.25	155.50	CHSP;0.650
156.75	157.00	CHSP;0.681
158.00	158.25	CHSP;0.531
159.00	159.50	CHSP;0.613
160.00	160.75	CHSP;0.904
161.00	161.75	CHSP;0.907
162.00	162.75	CHSP;0.814
163.00	163.75	CHSP;0.649
169.00	169.50	CHSP;0.797
170.25	171.00	CHSP;0.819
171.50	172.25	CHSP;0.929
173.25	173.75	CHSP;0.782
174.50	175.00	CHSP;0.707
176.25	176.75	CHSP;0.752
178.50	179.25	CHSP;0.821
179.50	180.00	CHSP;0.853
180.75	181.50	CHSP;0.851
181.75	183.75	CHSP;0.803
189.25	191.25	CHSP;0.916
191.50	192.75	CHSP;0.789
193.25	194.50	CHSP;0.673
195.25	197.00	CHSP;0.927
298.25	298.50	CHSP;0.914
528.25	528.50	CHSP;0.682
530.00	531.50	CHSP;0.918
198.50	198.75	DEJU;0.631
44.00	44.25	DUFL;0.572
130.25	130.75	DUFL;0.651
168.75	169.00	DUFL;0.518
282.00	282.25	DUFL;0.713
334.25	334.50	DUFL;0.641
420.75	421.25	DUFL;0.705
541.75	542.00	DUFL;0.854
445.00	445.50	DUNL;0.540
291.50	291.75	EAKI;0.504
99.25	99.50	EAME;0.540
260.50	261.50	EAME;0.762
377.00	377.25	EAME;0.544
329.75	330.00	EATO;0.513
53.25	53.75	EVGR;0.928
178.25	178.75	FISP;0.629
193.00	193.50	FISP;0.563
76.25	76.75	FOSP;0.771
99.00	100.00	FOSP;0.915
116.25	117.75	FOSP;0.989
175.00	176.00	FOSP;0.903
193.75	194.00	FOSP;0.693
194.25	195.25	FOSP;0.899
210.00	210.50	FOSP;0.690
211.00	211.25	FOSP;0.663
223.75	224.25	FOSP;0.688
246.25	246.50	FOSP;0.703
285.50	285.75	FOSP;0.770
305.00	305.25	FOSP;0.852
311.75	312.50	FOSP;0.698
313.25	314.75	FOSP;0.949
321.25	323.25	FOSP;0.994
327.50	328.50	FOSP;0.697
329.25	331.50	FOSP;0.986
347.50	347.75	FOSP;0.708
349.25	351.25	FOSP;0.993
358.75	360.75	FOSP;0.993
368.25	369.00	FOSP;0.925
375.00	375.25	FOSP;0.669
379.25	381.50	FOSP;0.988
409.00	409.50	FOSP;0.878
415.25	415.50	FOSP;0.904
423.50	424.00	FOSP;0.986
431.25	431.50	FOSP;0.658
474.00	475.25	FOSP;0.785
484.50	486.00	FOSP;0.913
498.25	499.50	FOSP;0.901
504.00	505.50	FOSP;0.916
513.50	515.50	FOSP;0.984
524.50	524.75	FOSP;0.732
536.75	538.00	FOSP;0.890
567.75	568.25	FOSP;0.698
32.00	32.50	GCSP;0.603
234.50	235.00	GCSP;0.610
301.25	301.50	GCSP;0.537
377.00	377.50	GCSP;0.624
588.50	589.00	GCSP;0.562
140.00	140.50	GRSP;0.854
144.25	144.75	GRSP;0.959
145.50	146.00	GRSP;0.648
146.25	146.50	GRSP;0.655
149.75	150.00	GRSP;0.709
152.00	152.25	GRSP;0.656
155.25	155.50	GRSP;0.638
158.00	158.25	GRSP;0.690
163.50	163.75	GRSP;0.591
164.50	165.75	GRSP;0.855
171.75	172.00	GRSP;0.513
174.75	175.00	GRSP;0.599
184.50	185.00	GRSP;0.958
186.00	186.50	GRSP;0.940
188.00	188.25	GRSP;0.826
194.25	194.50	GRSP;0.697
195.50	195.75	GRSP;0.588
149.75	150.00	GWWA;0.508
365.25	365.50	HETH;0.557
518.00	518.75	HETH;0.956
519.00	519.25	HETH;0.518
555.75	556.25	HETH;0.663
369.25	369.50	HOFI;0.761
403.25	403.50	HOLA;0.762
362.50	362.75	LALO;0.666
203.50	204.00	LISP;0.518
251.25	251.75	LISP;0.530
306.25	306.50	LISP;0.531
410.25	411.25	LISP;0.884
481.00	481.75	LISP;0.686
510.00	511.00	LISP;0.910
522.75	523.25	LISP;0.600
534.25	535.50	LISP;0.947
581.75	582.50	LISP;0.764
31.25	32.00	MOCH;0.907
35.50	36.00	MOCH;0.575
49.75	50.50	MOCH;0.688
552.00	552.25	MOCH;0.580
337.00	337.50	NHWR;0.599
116.25	116.75	NOCA;0.574
435.25	435.50	NSHR;0.520
159.00	159.25	OCWA;0.593
223.00	223.25	PIGR;0.531
368.50	369.00	PIGR;0.746
70.50	71.50	PISI;0.933
72.50	73.25	PISI;0.991
74.00	76.50	PISI;0.980
77.00	78.00	PISI;0.897
78.25	79.75	PISI;0.953
80.50	81.25	PISI;0.963
81.75	88.50	PISI;0.998
89.25	92.25	PISI;0.996
94.00	95.00	PISI;0.971
97.75	99.00	PISI;0.999
101.00	107.00	PISI;0.999
108.75	109.00	PISI;0.739
113.00	114.00	PISI;0.991
115.50	116.25	PISI;0.955
248.50	249.00	PISI;0.740
340.00	342.00	PISI;0.986
342.25	342.75	PISI;0.762
343.75	345.75	PISI;0.995
363.75	364.50	PISI;0.881
395.25	396.25	PISI;0.995
398.25	399.75	PISI;0.993
416.25	417.25	PISI;0.954
418.00	418.25	PISI;0.661
452.50	453.50	PISI;0.994
478.00	478.50	PISI;0.821
488.50	489.00	PISI;0.675
533.25	534.00	PISI;0.921
548.00	548.75	PISI;0.949
550.00	551.00	PISI;0.995
552.75	553.75	PISI;0.995
560.25	560.75	PISI;0.862
124.50	124.75	PROW;0.642
442.00	442.25	PYNU;0.631
217.25	217.50	RCKI;0.589
103.25	103.50	REDP;0.602
44.00	44.25	RTHA;0.542
334.25	334.50	RTHA;0.628
574.25	574.50	SAND;0.650
4.00	4.25	SAPH;0.511
19.75	20.00	SAPH;0.593
44.00	44.25	SAPH;0.525
375.00	375.25	SAPH;0.636
149.75	150.00	SAVS;0.644
167.50	167.75	SAVS;0.613
19.75	20.00	SNBU;0.599
223.75	224.00	SNBU;0.541
327.50	327.75	SNBU;0.600
400.50	400.75	SNBU;0.830
474.00	474.25	SNBU;0.582
484.50	484.75	SNBU;0.564
485.25	485.50	SNBU;0.703
504.00	504.25	SNBU;0.527
505.00	505.50	SNBU;0.547
524.50	524.75	SNBU;0.636
557.25	557.50	SNBU;0.762
37.00	37.25	SOSA;0.511
334.75	335.00	SOSA;0.714
305.00	305.25	SOSP;0.505
241.25	241.75	SPGR;0.559
86.75	87.00	SWHA;0.538
348.50	348.75	SWHA;0.520
388.00	388.50	SWHA;0.607
111.25	111.75	TOSO;0.676
227.25	227.75	TOWA;0.690
110.50	110.75	TRES;0.504
374.00	374.75	VESP;0.917
499.00	499.50	VESP;0.533
567.75	568.50	VESP;0.623
0.25	1.25	WCSP;0.888
6.00	6.25	WCSP;0.705
8.00	8.75	WCSP;0.892
9.50	10.75	WCSP;0.987
16.50	17.50	WCSP;0.808
23.50	24.00	WCSP;0.864
29.75	30.00	WCSP;0.688
36.75	37.50	WCSP;0.896
40.25	40.75	WCSP;0.822
45.25	45.75	WCSP;0.674
56.50	57.50	WCSP;0.945
60.75	61.00	WCSP;0.666
71.25	72.50	WCSP;0.958
77.75	78.25	WCSP;0.802
99.50	100.00	WCSP;0.692
106.75	108.50	WCSP;0.996
109.25	110.25	WCSP;0.890
131.50	132.00	WCSP;0.771
139.50	140.00	WCSP;0.741
158.50	159.00	WCSP;0.713
186.50	187.50	WCSP;0.929
201.75	203.50	WCSP;0.994
209.25	211.50	WCSP;0.988
213.25	214.25	WCSP;0.884
218.50	220.00	WCSP;0.958
224.50	224.75	WCSP;0.712
226.75	228.00	WCSP;0.811
235.00	235.75	WCSP;0.803
238.00	239.50	WCSP;0.956
242.25	243.75	WCSP;0.917
250.25	251.50	WCSP;0.861
253.25	254.50	WCSP;0.937
258.25	259.50	WCSP;0.853
264.75	265.00	WCSP;0.742
265.50	267.75	WCSP;0.986
272.50	274.25	WCSP;0.987
278.50	279.00	WCSP;0.697
279.75	281.75	WCSP;0.993
287.25	289.50	WCSP;0.997
293.75	295.25	WCSP;0.982
296.50	298.50	WCSP;0.997
301.25	303.00	WCSP;0.980
309.75	311.00	WCSP;0.972
311.75	312.50	WCSP;0.901
316.50	318.25	WCSP;0.994
323.25	324.75	WCSP;0.900
338.25	339.50	WCSP;0.960
352.25	354.50	WCSP;0.991
366.00	366.25	WCSP;0.668
377.25	378.75	WCSP;0.974
389.75	390.25	WCSP;0.730
406.00	407.50	WCSP;0.976
409.00	409.50	WCSP;0.740
415.25	415.50	WCSP;0.744
417.75	419.00	WCSP;0.947
432.25	434.00	WCSP;0.995
446.00	447.50	WCSP;0.993
465.50	466.00	WCSP;0.761
482.75	484.75	WCSP;0.995
486.25	486.50	WCSP;0.695
496.50	498.25	WCSP;0.997
528.75	529.50	WCSP;0.858
531.50	532.00	WCSP;0.713
537.25	537.50	WCSP;0.727
539.50	540.75	WCSP;0.925
559.75	560.50	WCSP;0.888
566.75	568.25	WCSP;0.984
569.75	570.25	WCSP;0.713
575.50	576.00	WCSP;0.703
586.75	587.00	WCSP;0.692
589.00	589.50	WCSP;0.698
591.50	592.50	WCSP;0.947
599.50	600.00	WCSP;0.743
225.00	225.25	WEFL;0.813
257.50	257.75	WEFL;0.527
292.25	292.50	WEFL;0.816
435.25	435.50	WEME;0.673
479.75	480.00	WEWP;0.599
0.25	0.75	WTSP;0.828
6.00	6.50	WTSP;0.842
8.00	10.00	WTSP;0.949
12.25	14.25	WTSP;0.973
16.00	17.00	WTSP;0.950
21.00	21.50	WTSP;0.751
22.00	24.00	WTSP;0.969
25.25	27.75	WTSP;0.990
31.75	37.75	WTSP;0.981
40.25	41.00	WTSP;0.886
45.25	45.50	WTSP;0.661
47.50	50.00	WTSP;0.985
57.00	57.50	WTSP;0.750
60.25	61.75	WTSP;0.919
62.00	64.50	WTSP;0.992
80.00	80.75	WTSP;0.970
81.25	81.50	WTSP;0.711
97.00	98.00	WTSP;0.905
109.25	109.75	WTSP;0.758
121.00	123.75	WTSP;0.989
131.50	132.25	WTSP;0.806
135.75	137.50	WTSP;0.872
142.50	144.25	WTSP;0.878
144.75	145.25	WTSP;0.671
153.50	154.25	WTSP;0.785
161.50	162.00	WTSP;0.733
162.50	163.25	WTSP;0.851
168.00	168.50	WTSP;0.761
178.00	178.75	WTSP;0.821
182.25	184.50	WTSP;0.857
185.25	187.00	WTSP;0.930
198.00	198.25	WTSP;0.658
200.25	202.00	WTSP;0.925
213.00	214.00	WTSP;0.918
218.25	219.00	WTSP;0.852
226.25	227.00	WTSP;0.819
234.00	235.75	WTSP;0.887
237.75	238.50	WTSP;0.781
242.25	243.00	WTSP;0.847
250.25	251.00	WTSP;0.801
253.00	253.75	WTSP;0.794
258.25	259.00	WTSP;0.849
264.25	266.50	WTSP;0.931
273.00	273.50	WTSP;0.710
277.75	278.75	WTSP;0.885
279.75	280.00	WTSP;0.674
287.25	287.75	WTSP;0.726
293.50	294.50	WTSP;0.793
296.50	297.25	WTSP;0.741
308.25	310.75	WTSP;0.971
331.50	334.25	WTSP;0.960
351.75	353.00	WTSP;0.933
353.25	353.50	WTSP;0.660
365.00	366.00	WTSP;0.878
396.00	397.50	WTSP;0.950
406.25	407.00	WTSP;0.821
417.00	418.00	WTSP;0.927
435.75	438.50	WTSP;0.991
445.50	446.25	WTSP;0.841
454.50	457.50	WTSP;0.994
465.25	466.50	WTSP;0.936
496.50	497.00	WTSP;0.696
529.00	529.50	WTSP;0.808
531.75	532.00	WTSP;0.697
543.75	546.25	WTSP;0.994
551.75	552.50	WTSP;0.932
559.75	560.00	WTSP;0.661
563.25	566.25	WTSP;0.994
569.50	572.00	WTSP;0.896
575.50	576.00	WTSP;0.834
584.00	584.75	WTSP;0.877
586.50	589.50	WTSP;0.993
591.25	592.00	WTSP;0.825
599.25	599.75	WTSP;0.792
95.75	97.00	YRWA;0.994
