86.25	86.50	BLGU;0.532
294.50	295.50	BLGU;0.709
430.25	430.50	BLGU;0.510
71.25	71.50	BTNW;0.520
285.50	286.00	EAME;0.600
529.50	529.75	EAME;0.576
556.75	557.00	EAME;0.590
156.00	156.50	EATO;0.571
492.75	493.00	EVGR;0.709
88.00	89.00	FISP;0.699
206.00	206.25	FISP;0.510
209.00	209.25	FISP;0.546
289.25	289.75	FISP;0.556
356.50	357.00	FISP;0.633
377.75	378.25	FISP;0.678
394.50	395.25	FISP;0.579
404.25	404.50	FISP;0.531
424.00	424.50	FISP;0.672
557.00	557.75	FISP;0.838
1.25	2.25	FOSP;0.953
5.00	7.00	FOSP;0.991
16.00	16.50	FOSP;0.716
18.00	18.50	FOSP;0.715
27.75	29.75	FOSP;0.997
32.75	33.75	FOSP;0.898
43.00	43.75	FOSP;0.954
70.25	71.00	FOSP;0.877
79.75	80.75	FOSP;0.799
83.50	84.25	FOSP;0.893
94.00	95.00	FOSP;0.983
109.00	109.75	FOSP;0.899
124.00	125.00	FOSP;0.992
145.00	145.50	FOSP;0.704
156.25	157.00	FOSP;0.936
158.50	160.25	FOSP;0.989
171.25	172.00	FOSP;0.916
190.75	191.00	FOSP;0.722
200.75	201.75	FOSP;0.960
215.75	216.00	FOSP;0.682
218.00	218.75	FOSP;0.880
231.75	232.50	FOSP;0.911
247.50	248.50	FOSP;0.965
261.75	263.25	FOSP;0.992
281.50	282.75	FOSP;0.894
303.50	304.75	FOSP;0.948
327.75	329.00	FOSP;0.994
335.00	336.75	FOSP;0.941
345.25	346.50	FOSP;0.958
368.50	369.50	FOSP;0.791
380.00	381.00	FOSP;0.881
389.25	390.00	FOSP;0.816
403.50	404.75	FOSP;0.881
409.75	412.50	FOSP;0.946
434.75	436.00	FOSP;0.985
442.25	442.50	FOSP;0.670
452.00	453.25	FOSP;0.986
464.50	465.50	FOSP;0.845
471.25	472.25	FOSP;0.990
481.75	482.25	FOSP;0.753
485.50	487.50	FOSP;0.975
496.50	498.50	FOSP;0.992
502.25	504.00	FOSP;0.984
506.00	509.75	FOSP;0.991
518.75	521.00	FOSP;0.998
529.50	532.00	FOSP;0.994
533.75	535.00	FOSP;0.988
540.75	542.75	FOSP;0.998
544.25	546.25	FOSP;0.970
550.50	551.50	FOSP;0.946
557.00	557.25	FOSP;0.679
561.00	563.25	FOSP;0.995
565.75	566.75	FOSP;0.957
570.00	571.75	FOSP;0.951
575.25	578.00	FOSP;0.997
582.50	583.50	FOSP;0.957
591.75	594.00	FOSP;0.998
63.25	63.75	GCSP;0.626
88.25	88.50	GCSP;0.527
96.00	96.75	GCSP;0.886
144.50	145.25	GCSP;0.597
368.25	368.50	GCSP;0.506
398.25	399.50	GCSP;0.893
441.25	441.75	GCSP;0.649
459.50	460.50	GCSP;0.633
578.50	578.75	GCSP;0.502
579.00	579.25	GCSP;0.519
599.25	599.75	GCSP;0.684
239.25	239.75	HASP;0.641
108.50	109.00	HETH;0.866
123.75	124.00	HETH;0.652
156.00	156.25	HETH;0.640
200.50	201.00	HETH;0.949
231.25	231.75	HETH;0.729
247.25	247.75	HETH;0.845
261.50	262.00	HETH;0.573
269.00	269.25	HETH;0.580
281.25	281.75	HETH;0.660
327.50	328.00	HETH;0.800
345.25	345.75	HETH;0.863
368.25	368.50	HETH;0.599
403.25	403.50	HETH;0.523
434.50	434.75	HETH;0.647
502.50	502.75	HETH;0.595
565.50	566.00	HETH;0.718
582.25	582.50	HETH;0.703
425.25	425.50	KILL;0.502
14.00	14.50	MOCH;0.605
40.25	40.75	MOCH;0.638
226.50	227.00	MOCH;0.585
296.25	296.50	MOCH;0.514
381.75	382.50	MOCH;0.573
540.25	540.50	MOCH;0.505
74.75	75.00	OCWA;0.823
109.75	110.25	PUFI;0.574
263.00	263.25	PUFI;0.501
535.00	535.25	PUFI;0.524
157.25	157.75	REVI;0.659
427.00	427.25	ROWR;0.520
65.75	66.00	SAPH;0.712
464.25	465.00	SNBU;0.843
492.50	493.00	SNBU;0.889
587.50	587.75	SNBU;0.892
25.00	25.50	SWSP;0.585
97.50	98.25	SWSP;0.750
118.25	119.00	SWSP;0.687
532.25	532.75	SWSP;0.613
539.00	539.50	SWSP;0.540
552.25	553.25	SWSP;0.665
559.50	560.25	SWSP;0.697
567.00	567.75	SWSP;0.737
590.00	590.50	SWSP;0.594
597.75	598.00	SWSP;0.540
74.25	74.50	VATH;0.559
153.50	154.00	VATH;0.722
239.50	239.75	VATH;0.558
244.50	245.25	VATH;0.969
284.25	285.25	VATH;0.953
356.25	356.50	VATH;0.551
426.75	427.25	VATH;0.744
448.50	448.75	VATH;0.690
475.25	475.50	VATH;0.566
504.75	505.25	VATH;0.531
548.00	548.25	VATH;0.512
586.00	586.75	VATH;0.766
590.50	591.00	VATH;0.591
336.25	336.50	VESP;0.593
498.00	498.50	VESP;0.533
575.25	575.75	VESP;0.546
16.00	16.75	WCSP;0.986
79.50	80.50	WCSP;0.847
109.00	109.50	WCSP;0.557
218.00	218.50	WCSP;0.539
275.25	275.50	WCSP;0.603
304.00	304.75	WCSP;0.629
368.50	369.50	WCSP;0.712
405.25	405.50	WCSP;0.501
2.00	3.00	WIWA;0.995
9.00	10.25	WIWA;0.996
16.75	18.00	WIWA;0.995
24.50	25.50	WIWA;0.979
31.25	32.50	WIWA;0.996
38.50	40.00	WIWA;0.996
46.50	47.75	WIWA;0.994
53.50	55.00	WIWA;0.994
61.50	62.75	WIWA;0.993
68.50	70.00	WIWA;0.979
91.50	92.00	WIWA;0.872
111.00	112.00	WIWA;0.988
118.25	119.00	WIWA;0.830
133.50	134.00	WIWA;0.925
148.00	149.00	WIWA;0.986
200.00	200.75	WIWA;0.895
538.75	539.50	WIWA;0.773
552.00	553.00	WIWA;0.857
567.00	567.25	WIWA;0.669
574.25	574.75	WIWA;0.745
597.50	598.00	WIWA;0.838
3.50	5.00	WTSP;0.906
8.75	9.25	WTSP;0.714
10.00	14.50	WTSP;0.996
22.00	26.00	WTSP;0.994
30.00	31.25	WTSP;0.923
34.50	38.00	WTSP;0.994
40.25	40.75	WTSP;0.740
44.75	46.75	WTSP;0.996
47.50	49.00	WTSP;0.960
55.00	56.75	WTSP;0.936
58.25	61.75	WTSP;0.996
63.00	64.25	WTSP;0.888
71.00	74.50	WTSP;0.984
78.00	79.75	WTSP;0.966
86.00	89.00	WTSP;0.987
95.25	97.50	WTSP;0.877
104.00	107.00	WTSP;0.994
115.00	117.25	WTSP;0.995
119.00	121.25	WTSP;0.993
125.50	128.75	WTSP;0.996
139.00	142.75	WTSP;0.997
143.50	145.75	WTSP;0.954
149.00	152.75	WTSP;0.994
162.00	165.75	WTSP;0.994
171.75	174.25	WTSP;0.992
178.25	180.25	WTSP;0.990
183.75	190.25	WTSP;0.996
192.25	199.25	WTSP;0.996
202.50	209.50	WTSP;0.996
211.50	215.25	WTSP;0.994
216.00	218.00	WTSP;0.952
221.00	227.00	WTSP;0.994
233.50	236.50	WTSP;0.993
255.25	256.75	WTSP;0.887
268.00	269.00	WTSP;0.837
272.50	275.25	WTSP;0.984
279.25	281.75	WTSP;0.986
286.75	290.00	WTSP;0.988
295.50	296.75	WTSP;0.946
302.25	303.50	WTSP;0.819
308.00	310.25	WTSP;0.990
313.25	315.00	WTSP;0.905
316.00	319.25	WTSP;0.993
323.75	327.25	WTSP;0.989
331.00	334.25	WTSP;0.996
340.25	343.50	WTSP;0.994
349.00	352.25	WTSP;0.993
355.50	356.25	WTSP;0.689
357.75	364.00	WTSP;0.997
367.75	368.75	WTSP;0.753
369.25	374.25	WTSP;0.990
375.50	378.75	WTSP;0.995
381.50	382.75	WTSP;0.850
384.75	387.00	WTSP;0.988
390.00	395.25	WTSP;0.990
398.00	398.75	WTSP;0.807
399.50	401.75	WTSP;0.986
402.75	403.50	WTSP;0.736
406.25	408.00	WTSP;0.939
414.00	417.25	WTSP;0.969
422.00	424.25	WTSP;0.996
429.75	432.50	WTSP;0.991
439.75	441.25	WTSP;0.988
445.00	445.75	WTSP;0.724
450.00	452.00	WTSP;0.986
459.00	460.00	WTSP;0.957
468.50	471.50	WTSP;0.991
478.75	481.00	WTSP;0.978
488.00	490.25	WTSP;0.989
512.75	514.75	WTSP;0.969
521.25	521.75	WTSP;0.763
526.25	526.75	WTSP;0.861
539.50	540.25	WTSP;0.786
548.00	550.50	WTSP;0.981
558.50	560.75	WTSP;0.899
567.75	570.00	WTSP;0.976
578.25	579.00	WTSP;0.759
588.00	590.00	WTSP;0.989
595.25	595.75	WTSP;0.781
599.25	599.75	WTSP;0.683
180.25	181.25	YRWA;0.987
230.75	232.00	YRWA;0.856
243.00	244.00	YRWA;0.986
