48.00	48.25	AMRO;0.519
599.00	599.25	AMRO;0.541
141.25	141.50	BCCH;0.571
27.00	27.75	CHSP;0.747
45.00	46.50	CHSP;0.836
51.50	53.75	CHSP;0.910
58.25	59.75	CHSP;0.845
64.00	65.75	CHSP;0.872
70.25	72.00	CHSP;0.920
75.00	76.00	CHSP;0.919
77.75	78.00	CHSP;0.882
80.25	82.00	CHSP;0.939
86.50	88.00	CHSP;0.811
91.25	93.00	CHSP;0.983
97.25	98.75	CHSP;0.954
102.25	103.25	CHSP;0.749
107.50	109.25	CHSP;0.972
113.25	115.00	CHSP;0.927
119.50	121.00	CHSP;0.840
125.50	127.00	CHSP;0.777
130.75	132.50	CHSP;0.917
136.50	138.25	CHSP;0.921
200.50	200.75	CHSP;0.688
215.50	216.25	CHSP;0.790
224.25	225.75	CHSP;0.834
232.50	233.75	CHSP;0.895
240.00	240.50	CHSP;0.685
245.00	246.50	CHSP;0.923
253.00	254.00	CHSP;0.758
263.00	264.00	CHSP;0.881
270.00	271.75	CHSP;0.894
278.25	279.75	CHSP;0.800
286.00	287.25	CHSP;0.921
294.25	295.75	CHSP;0.893
301.75	303.50	CHSP;0.983
310.50	310.75	CHSP;0.666
317.25	319.00	CHSP;0.979
324.00	325.75	CHSP;0.963
330.00	332.00	CHSP;0.973
350.00	350.50	CHSP;0.711
456.50	457.75	CHSP;0.830
477.25	478.25	CHSP;0.841
486.75	488.00	CHSP;0.913
590.75	591.00	CHSP;0.673
27.50	28.00	DEJU;0.640
33.00	33.50	DEJU;0.582
46.00	46.25	DEJU;0.530
51.75	52.75	DEJU;0.597
59.25	59.75	DEJU;0.594
64.25	64.75	DEJU;0.605
65.00	65.50	DEJU;0.622
71.25	71.50	DEJU;0.520
80.75	81.25	DEJU;0.657
86.50	88.00	DEJU;0.882
98.25	98.50	DEJU;0.505
102.25	103.50	DEJU;0.797
113.50	113.75	DEJU;0.502
119.50	120.75	DEJU;0.657
125.50	126.00	DEJU;0.539
130.75	131.00	DEJU;0.584
131.25	131.75	DEJU;0.535
132.00	132.50	DEJU;0.566
136.50	137.00	DEJU;0.658
143.75	144.25	DEJU;0.540
200.50	200.75	DEJU;0.551
225.25	225.75	DEJU;0.652
233.25	233.75	DEJU;0.628
239.75	240.75	DEJU;0.774
253.25	253.50	DEJU;0.528
269.75	270.75	DEJU;0.687
278.25	279.75	DEJU;0.828
310.50	311.50	DEJU;0.575
350.00	350.50	DEJU;0.555
477.75	478.25	DEJU;0.597
487.25	488.00	DEJU;0.670
174.75	175.00	EVGR;0.564
72.75	73.00	FISP;0.535
475.50	476.00	FISP;0.651
536.50	537.25	FISP;0.680
32.25	33.00	FOSP;0.638
189.75	190.00	FOSP;0.509
113.00	113.25	GWTE;0.543
153.50	153.75	GWTE;0.595
411.25	411.75	GWTE;0.597
141.50	141.75	HETH;0.591
182.00	182.25	HETH;0.553
294.50	294.75	HETH;0.567
316.75	317.75	HETH;0.860
340.75	341.25	HETH;0.579
414.00	414.25	HETH;0.526
471.75	472.75	HETH;0.697
178.25	178.75	HOLA;0.815
100.50	101.00	MOCH;0.640
141.25	141.50	MOCH;0.603
149.75	150.25	MOCH;0.677
475.25	476.00	MOCH;0.744
130.00	130.25	PISI;0.549
134.00	134.50	PISI;0.836
136.00	136.50	PISI;0.671
311.25	311.50	PIWA;0.541
560.50	560.75	RUGR;0.524
598.75	599.25	SAND;0.624
19.50	20.00	SAPH;0.652
48.25	48.75	SATH;0.549
153.50	153.75	SATH;0.535
31.50	32.75	SNBU;0.811
57.25	57.50	SNBU;0.629
294.25	295.00	TUTI;0.800
44.25	45.00	VESP;0.795
72.75	73.25	WCSP;0.724
466.75	467.50	WCSP;0.739
485.00	486.00	WCSP;0.981
537.00	537.25	WCSP;0.595
572.00	573.00	WCSP;0.978
513.50	514.50	WTSP;0.771
