0.25	0.50	AMRO;0.659
3.00	3.75	AMRO;0.770
4.75	6.75	AMRO;0.995
9.00	13.75	AMRO;0.987
15.25	16.50	AMRO;0.904
19.25	19.50	AMRO;0.706
21.50	22.00	AMRO;0.711
22.25	23.50	AMRO;0.840
31.00	32.00	AMRO;0.767
38.75	40.25	AMRO;0.994
48.50	49.00	AMRO;0.697
52.25	52.75	AMRO;0.770
54.00	56.25	AMRO;0.991
58.50	59.75	AMRO;0.914
62.25	63.75	AMRO;0.887
64.00	64.75	AMRO;0.783
70.25	72.50	AMRO;0.933
73.75	74.75	AMRO;0.792
82.50	84.00	AMRO;0.910
89.25	91.25	AMRO;0.851
98.00	98.25	AMRO;0.668
108.50	109.25	AMRO;0.739
113.25	113.75	AMRO;0.707
114.00	115.75	AMRO;0.757
116.25	119.00	AMRO;0.871
120.25	121.00	AMRO;0.771
130.25	131.00	AMRO;0.815
137.25	138.00	AMRO;0.856
143.75	145.25	AMRO;0.881
148.25	149.50	AMRO;0.817
153.00	154.75	AMRO;0.943
155.75	157.00	AMRO;0.958
159.00	161.75	AMRO;0.939
165.00	172.00	AMRO;0.990
176.00	176.50	AMRO;0.698
177.25	178.00	AMRO;0.784
178.75	183.75	AMRO;0.995
187.00	187.50	AMRO;0.736
189.00	189.75	AMRO;0.793
190.00	192.50	AMRO;0.820
193.75	194.50	AMRO;0.714
200.50	201.75	AMRO;0.765
212.50	213.75	AMRO;0.847
216.00	216.75	AMRO;0.772
224.50	224.75	AMRO;0.663
247.50	248.25	AMRO;0.746
248.75	250.00	AMRO;0.863
253.25	253.75	AMRO;0.751
254.50	255.25	AMRO;0.835
257.25	257.75	AMRO;0.721
262.25	263.75	AMRO;0.859
271.25	272.75	AMRO;0.729
273.50	274.00	AMRO;0.686
285.00	285.75	AMRO;0.803
296.00	297.25	AMRO;0.931
207.00	207.25	BFAL;0.531
2.75	3.00	BHGR;0.577
19.00	19.75	BHGR;0.690
28.25	28.75	BHGR;0.583
70.25	70.50	BHGR;0.520
74.50	75.00	BHGR;0.577
67.00	67.75	BRSP;0.725
200.25	200.75	BRSP;0.554
219.75	220.00	BRTH;0.564
228.25	228.75	BRTH;0.593
183.25	183.75	CCSP;0.666
215.00	215.75	CCSP;0.796
222.00	223.00	CCSP;0.929
251.50	252.00	CCSP;0.774
257.25	259.00	CCSP;0.987
280.00	281.50	CCSP;0.984
1.25	1.75	CHSP;0.791
3.25	4.75	CHSP;0.981
9.00	9.50	CHSP;0.764
11.00	12.00	CHSP;0.930
13.50	15.50	CHSP;0.995
16.75	17.00	CHSP;0.667
20.00	21.50	CHSP;0.992
23.00	23.75	CHSP;0.878
30.00	31.75	CHSP;0.993
36.25	37.50	CHSP;0.985
39.25	41.75	CHSP;0.966
47.00	47.50	CHSP;0.712
49.75	52.50	CHSP;0.997
54.50	56.00	CHSP;0.972
58.00	59.25	CHSP;0.859
61.00	61.50	CHSP;0.793
63.00	64.75	CHSP;0.995
66.25	67.50	CHSP;0.883
69.25	71.00	CHSP;0.932
75.00	76.25	CHSP;0.982
76.75	78.75	CHSP;0.995
80.25	82.50	CHSP;0.996
82.75	83.50	CHSP;0.785
84.25	87.25	CHSP;0.978
89.25	91.75	CHSP;0.997
93.25	96.00	CHSP;0.990
98.25	100.00	CHSP;0.992
101.25	104.25	CHSP;0.992
107.75	111.00	CHSP;0.995
112.00	114.00	CHSP;0.996
117.25	118.75	CHSP;0.964
120.25	122.25	CHSP;0.996
123.00	123.25	CHSP;0.665
124.00	125.75	CHSP;0.850
126.50	128.00	CHSP;0.995
130.00	131.75	CHSP;0.984
133.25	135.50	CHSP;0.998
138.00	140.00	CHSP;0.990
141.50	143.00	CHSP;0.992
144.50	147.00	CHSP;0.992
150.25	152.00	CHSP;0.986
154.25	155.50	CHSP;0.968
157.00	158.75	CHSP;0.973
160.25	160.50	CHSP;0.701
162.00	163.00	CHSP;0.978
165.25	167.50	CHSP;0.994
169.00	170.50	CHSP;0.871
172.50	174.50	CHSP;0.996
175.50	177.25	CHSP;0.995
178.25	180.75	CHSP;0.979
187.00	189.50	CHSP;0.994
193.00	197.25	CHSP;0.994
198.75	200.25	CHSP;0.997
201.50	203.00	CHSP;0.995
208.00	209.75	CHSP;0.989
213.00	214.75	CHSP;0.989
217.00	218.75	CHSP;0.973
224.00	226.25	CHSP;0.994
230.00	231.50	CHSP;0.997
233.25	234.75	CHSP;0.971
239.75	242.25	CHSP;0.996
249.75	251.25	CHSP;0.946
261.50	262.50	CHSP;0.806
268.75	271.75	CHSP;0.994
276.25	279.50	CHSP;0.992
285.25	288.00	CHSP;0.995
288.75	290.75	CHSP;0.993
293.00	294.25	CHSP;0.997
297.00	299.50	CHSP;0.994
45.00	45.50	DEJU;0.616
66.25	67.25	DEJU;0.641
70.50	71.00	DEJU;0.582
86.00	86.50	DEJU;0.538
115.25	116.00	DEJU;0.707
133.50	133.75	DEJU;0.518
155.00	155.25	DEJU;0.548
158.25	158.75	DEJU;0.647
169.50	169.75	DEJU;0.539
233.50	233.75	DEJU;0.543
250.50	251.25	DEJU;0.639
248.00	249.00	HETH;0.855
260.25	261.00	HETH;0.952
132.50	133.00	LARB;0.625
0.25	3.25	LISP;0.968
10.00	11.00	LISP;0.886
17.25	20.00	LISP;0.926
24.00	24.50	LISP;0.748
25.75	27.75	LISP;0.996
28.75	29.75	LISP;0.863
32.00	33.25	LISP;0.951
34.50	36.25	LISP;0.997
37.75	39.00	LISP;0.980
42.75	44.75	LISP;0.877
45.00	46.00	LISP;0.857
47.50	49.00	LISP;0.993
52.75	54.50	LISP;0.986
56.00	57.75	LISP;0.930
61.50	62.50	LISP;0.849
78.75	79.75	LISP;0.873
97.00	97.75	LISP;0.879
104.00	105.50	LISP;0.972
126.25	126.50	LISP;0.673
136.25	137.00	LISP;0.786
147.00	147.25	LISP;0.672
163.75	165.25	LISP;0.994
174.25	174.75	LISP;0.692
184.00	186.75	LISP;0.993
192.25	193.00	LISP;0.880
197.25	198.00	LISP;0.813
202.75	204.25	LISP;0.996
211.00	213.00	LISP;0.985
219.75	221.75	LISP;0.983
228.50	230.25	LISP;0.997
238.25	240.00	LISP;0.995
265.00	268.25	LISP;0.994
274.50	276.00	LISP;0.995
283.00	284.75	LISP;0.986
291.75	293.00	LISP;0.971
124.75	125.00	OCWA;0.501
9.50	10.00	RBGR;0.690
28.00	28.50	RBGR;0.511
89.50	89.75	RBGR;0.552
178.00	178.75	RBGR;0.636
189.75	190.75	RBGR;0.591
201.00	202.00	RBGR;0.805
49.50	50.00	SAPH;0.767
105.75	106.00	SATH;0.536
111.50	111.75	SATH;0.506
15.25	15.50	SUTA;0.599
82.25	82.50	SWSP;0.536
208.25	208.50	SWSP;0.610
217.00	217.75	SWSP;0.580
299.50	299.75	SWSP;0.502
202.50	202.75	SWTH;0.509
298.00	298.25	TBLO;0.550
120.25	120.50	TOSO;0.546
37.50	37.75	VATH;0.691
227.00	227.25	VATH;0.520
243.50	244.00	VATH;0.779
288.25	288.75	VATH;0.582
43.75	44.00	WCSP;0.509
215.25	215.75	WCSP;0.603
47.50	47.75	WEME;0.632
111.75	112.00	WEME;0.529
194.25	194.50	WILL;0.501
195.00	195.50	WILL;0.613
6.25	7.75	WIWA;0.986
15.25	16.75	WIWA;0.986
24.50	25.75	WIWA;0.954
33.75	34.75	WIWA;0.986
64.50	65.75	WIWA;0.978
72.50	73.75	WIWA;0.960
82.00	82.75	WIWA;0.844
91.50	93.25	WIWA;0.994
99.75	100.75	WIWA;0.986
116.00	116.50	WIWA;0.781
133.00	133.25	WIWA;0.757
143.00	144.00	WIWA;0.941
151.75	152.75	WIWA;0.988
160.50	162.00	WIWA;0.980
170.75	172.00	WIWA;0.997
180.50	181.75	WIWA;0.991
189.25	190.00	WIWA;0.903
198.00	199.00	WIWA;0.994
207.25	208.50	WIWA;0.901
216.50	217.50	WIWA;0.853
226.50	227.75	WIWA;0.969
235.50	237.00	WIWA;0.998
243.75	245.50	WIWA;0.996
253.25	254.75	WIWA;0.996
259.50	259.75	WIWA;0.925
263.25	265.00	WIWA;0.995
272.25	273.50	WIWA;0.995
281.50	282.75	WIWA;0.997
290.50	291.75	WIWA;0.989
299.50	300.00	WIWA;0.814
59.25	60.00	WTSP;0.705
68.50	68.75	WTSP;0.568
242.25	243.25	WTSP;0.972
8.25	8.75	WWCR;0.531
