1.00	4.25	AMRO;0.992
4.50	6.00	AMRO;0.879
9.25	12.00	AMRO;0.996
18.25	19.75	AMRO;0.778
23.25	25.00	AMRO;0.780
28.00	30.00	AMRO;0.956
30.75	32.00	AMRO;0.922
35.25	36.50	AMRO;0.966
37.00	40.25	AMRO;0.992
44.25	45.50	AMRO;0.786
49.50	51.00	AMRO;0.981
52.00	53.25	AMRO;0.817
57.25	58.00	AMRO;0.763
58.50	59.25	AMRO;0.771
62.00	62.75	AMRO;0.831
64.50	66.50	AMRO;0.974
69.25	71.25	AMRO;0.865
75.00	75.75	AMRO;0.765
81.00	83.50	AMRO;0.947
85.00	87.25	AMRO;0.967
94.75	96.50	AMRO;0.989
100.00	101.75	AMRO;0.974
105.75	106.25	AMRO;0.748
106.50	107.00	AMRO;0.759
108.75	110.75	AMRO;0.958
113.50	115.50	AMRO;0.978
118.00	120.00	AMRO;0.994
123.00	125.50	AMRO;0.995
128.50	128.75	AMRO;0.662
129.25	129.75	AMRO;0.715
133.00	135.50	AMRO;0.972
139.00	140.00	AMRO;0.971
140.25	142.25	AMRO;0.945
145.50	147.50	AMRO;0.955
148.75	151.00	AMRO;0.987
153.50	155.75	AMRO;0.994
159.25	159.50	AMRO;0.683
160.00	160.75	AMRO;0.768
165.25	167.25	AMRO;0.991
169.25	172.00	AMRO;0.984
175.25	176.75	AMRO;0.778
179.75	180.00	AMRO;0.677
180.25	183.75	AMRO;0.985
186.25	188.00	AMRO;0.943
191.50	193.25	AMRO;0.961
197.25	199.00	AMRO;0.948
201.25	203.25	AMRO;0.996
203.50	203.75	AMRO;0.658
207.25	208.75	AMRO;0.809
213.00	214.25	AMRO;0.852
216.50	216.75	AMRO;0.674
218.00	218.50	AMRO;0.736
220.00	222.50	AMRO;0.969
223.00	224.75	AMRO;0.962
227.75	229.75	AMRO;0.994
238.75	241.75	AMRO;0.987
244.00	247.00	AMRO;0.984
249.25	250.75	AMRO;0.904
253.75	255.75	AMRO;0.942
259.00	260.75	AMRO;0.955
265.50	265.75	AMRO;0.700
266.00	268.25	AMRO;0.914
277.00	279.00	AMRO;0.976
281.00	282.75	AMRO;0.997
286.25	288.00	AMRO;0.918
291.75	292.50	AMRO;0.808
297.75	300.00	AMRO;0.988
293.75	294.00	ATSP;0.664
295.00	295.25	BAOR;0.566
12.00	12.25	BRSP;0.502
27.25	27.75	BRSP;0.543
28.25	28.50	BRSP;0.513
75.50	76.75	BRSP;0.701
80.50	81.00	BRSP;0.715
145.00	145.75	BRSP;0.717
3.25	4.25	CHSP;0.901
10.50	12.75	CHSP;0.950
17.50	18.00	CHSP;0.748
27.00	28.50	CHSP;0.851
33.50	35.00	CHSP;0.871
39.75	41.50	CHSP;0.943
53.25	55.50	CHSP;0.974
61.00	61.50	CHSP;0.750
67.00	69.00	CHSP;0.957
72.50	73.75	CHSP;0.882
74.25	76.00	CHSP;0.750
80.50	83.00	CHSP;0.931
83.50	84.00	CHSP;0.794
87.25	89.25	CHSP;0.932
90.50	90.75	CHSP;0.673
98.25	100.50	CHSP;0.973
101.50	102.25	CHSP;0.790
102.75	103.00	CHSP;0.662
109.75	112.00	CHSP;0.916
114.25	114.50	CHSP;0.687
114.75	115.50	CHSP;0.817
120.25	120.50	CHSP;0.692
125.50	129.75	CHSP;0.984
132.25	133.50	CHSP;0.908
135.00	137.00	CHSP;0.984
138.75	139.00	CHSP;0.659
139.50	140.00	CHSP;0.829
143.75	144.75	CHSP;0.776
146.00	147.00	CHSP;0.844
151.50	154.00	CHSP;0.986
163.25	164.25	CHSP;0.924
166.50	168.25	CHSP;0.946
173.25	174.75	CHSP;0.918
179.75	181.50	CHSP;0.959
182.25	184.00	CHSP;0.944
191.00	191.50	CHSP;0.790
193.25	195.25	CHSP;0.944
200.25	202.00	CHSP;0.828
237.25	239.50	CHSP;0.931
242.50	244.00	CHSP;0.858
258.25	259.50	CHSP;0.930
267.25	269.00	CHSP;0.979
284.75	286.75	CHSP;0.883
293.75	294.25	CHSP;0.917
295.00	296.25	CHSP;0.925
298.75	299.25	CHSP;0.727
5.00	5.75	DEJU;0.824
10.75	11.00	DEJU;0.513
17.50	18.00	DEJU;0.617
18.50	19.25	DEJU;0.643
102.50	103.00	DEJU;0.555
167.50	167.75	DEJU;0.528
200.50	200.75	DEJU;0.512
224.00	224.50	DEJU;0.587
243.00	243.75	DEJU;0.687
298.75	299.25	DEJU;0.628
6.75	8.50	FOSP;0.987
13.00	15.00	FOSP;0.996
16.25	17.50	FOSP;0.890
24.75	26.25	FOSP;0.836
41.00	42.75	FOSP;0.963
46.00	46.75	FOSP;0.784
56.25	57.00	FOSP;0.948
61.25	61.50	FOSP;0.730
68.00	69.00	FOSP;0.807
73.25	74.25	FOSP;0.878
78.00	80.00	FOSP;0.978
90.50	92.25	FOSP;0.794
94.25	94.75	FOSP;0.692
106.25	108.00	FOSP;0.965
112.50	113.00	FOSP;0.766
120.50	123.00	FOSP;0.989
136.75	138.25	FOSP;0.986
142.00	143.50	FOSP;0.962
150.00	150.50	FOSP;0.707
158.25	160.00	FOSP;0.937
172.00	173.00	FOSP;0.980
177.75	179.50	FOSP;0.962
195.75	196.50	FOSP;0.753
197.00	197.50	FOSP;0.803
231.75	233.00	FOSP;0.839
249.75	251.25	FOSP;0.946
252.00	254.00	FOSP;0.995
262.75	264.75	FOSP;0.884
270.75	272.50	FOSP;0.950
290.00	291.75	FOSP;0.965
274.25	274.50	GCSP;0.614
148.25	148.50	HOFI;0.568
25.50	25.75	LASP;0.550
31.75	33.00	LISP;0.971
76.75	77.25	LISP;0.708
103.50	104.75	LISP;0.964
116.75	117.75	LISP;0.873
130.25	131.25	LISP;0.934
161.50	162.00	LISP;0.608
175.50	176.00	LISP;0.517
189.25	190.50	LISP;0.691
231.50	231.75	LISP;0.501
246.00	246.75	LISP;0.794
260.50	261.75	LISP;0.864
275.00	276.75	LISP;0.983
56.50	57.00	OROR;0.686
73.50	74.00	OROR;0.591
53.00	53.25	PIGR;0.700
283.25	283.50	PIGR;0.516
44.25	45.00	PISI;0.903
45.50	46.00	PISI;0.879
47.25	49.25	PISI;0.994
55.75	56.25	PISI;0.876
57.00	57.25	PISI;0.704
58.00	58.50	PISI;0.870
59.00	61.00	PISI;0.994
61.50	62.00	PISI;0.929
63.00	64.75	PISI;0.907
72.25	72.50	PISI;0.734
203.00	207.25	PISI;0.991
207.75	217.00	PISI;0.997
217.25	224.00	PISI;0.998
224.25	227.00	PISI;0.993
227.25	228.00	PISI;0.989
230.50	230.75	PISI;0.680
14.25	14.50	PUFI;0.602
265.00	265.25	PUFI;0.588
2.50	2.75	RBGR;0.539
28.50	29.00	RBGR;0.641
114.25	114.50	RBGR;0.508
165.75	166.00	RBGR;0.518
249.50	250.00	RBGR;0.597
259.50	259.75	RBGR;0.511
116.75	117.25	ROWR;0.543
189.25	189.75	ROWR;0.574
5.50	6.00	SATH;0.591
23.50	24.00	SATH;0.626
51.75	52.00	SATH;0.512
58.25	58.75	SATH;0.619
70.25	70.50	SATH;0.584
75.25	75.75	SATH;0.612
86.25	86.75	SATH;0.615
131.25	131.50	SATH;0.546
133.25	133.50	SATH;0.556
138.75	139.00	SATH;0.510
176.50	177.00	SATH;0.671
193.00	193.50	SATH;0.631
234.25	234.75	SATH;0.657
264.50	265.00	SATH;0.665
272.50	273.00	SATH;0.614
276.75	277.25	SATH;0.530
287.50	288.00	SATH;0.623
292.25	293.25	SATH;0.879
111.25	111.50	SEOW;0.547
21.00	21.25	SEPL;0.774
4.25	4.50	TOSO;0.566
18.00	18.75	TOSO;0.679
19.25	19.75	TOSO;0.715
36.00	37.00	TOSO;0.842
57.50	58.00	TOSO;0.506
69.00	70.00	TOSO;0.792
70.25	71.00	TOSO;0.661
75.00	75.50	TOSO;0.600
87.00	87.25	TOSO;0.508
207.25	207.75	TOSO;0.607
234.00	235.50	TOSO;0.828
254.00	254.75	TOSO;0.673
265.50	265.75	TOSO;0.527
46.25	47.00	VESP;0.738
79.75	80.50	VESP;0.706
143.00	143.50	VESP;0.638
179.00	179.25	VESP;0.533
45.00	45.75	WAVI;0.708
22.75	23.00	WCSP;0.522
157.00	157.50	WCSP;0.534
247.25	248.75	WCSP;0.919
255.75	257.00	WCSP;0.990
21.75	23.00	WTSP;0.926
165.25	165.50	WTSP;0.518
273.00	274.25	WTSP;0.819
206.50	206.75	WWCR;0.559
