35.25	36.00	AMRO;0.644
45.75	46.75	AMRO;0.865
54.00	54.75	AMRO;0.812
65.00	66.00	AMRO;0.866
90.75	91.50	AMRO;0.572
104.25	104.50	AMRO;0.532
135.75	136.25	AMRO;0.571
191.00	191.25	AMRO;0.560
39.75	40.00	BAOR;0.608
234.00	234.50	BCCH;0.637
63.50	64.00	CHSP;0.695
66.00	67.50	CHSP;0.895
74.00	74.75	CHSP;0.711
75.00	76.00	CHSP;0.845
135.50	137.00	CHSP;0.682
146.25	146.75	CHSP;0.728
166.00	166.50	CHSP;0.602
177.75	179.00	CHSP;0.661
191.00	193.00	CHSP;0.979
219.25	220.25	CHSP;0.702
231.25	233.25	CHSP;0.916
239.50	239.75	CHSP;0.514
251.50	253.00	CHSP;0.738
283.50	284.00	CHSP;0.618
292.25	293.50	CHSP;0.678
87.50	88.25	DEJU;0.749
146.50	146.75	DEJU;0.509
178.00	179.00	DEJU;0.680
192.25	193.25	DEJU;0.741
219.25	220.25	DEJU;0.834
233.00	233.25	DEJU;0.530
239.00	240.75	DEJU;0.890
251.50	253.00	DEJU;0.645
262.50	264.00	DEJU;0.894
271.75	272.50	DEJU;0.618
283.25	284.50	DEJU;0.781
292.25	293.50	DEJU;0.804
299.25	299.75	EAME;0.677
198.75	199.00	EATO;0.527
262.00	262.50	EATO;0.704
15.75	17.00	FOSP;0.923
24.25	25.50	FOSP;0.982
30.00	31.50	FOSP;0.952
32.75	35.00	FOSP;0.996
41.25	42.75	FOSP;0.981
43.25	45.00	FOSP;0.988
55.25	56.00	FOSP;0.808
56.25	59.00	FOSP;0.995
68.00	72.25	FOSP;0.995
83.25	85.50	FOSP;0.995
88.50	89.75	FOSP;0.925
97.25	99.50	FOSP;0.993
105.00	107.00	FOSP;0.972
113.75	116.00	FOSP;0.989
123.25	124.25	FOSP;0.869
133.25	135.25	FOSP;0.992
137.25	138.25	FOSP;0.948
155.50	156.00	FOSP;0.725
166.75	168.75	FOSP;0.993
171.00	172.50	FOSP;0.895
183.25	185.50	FOSP;0.991
195.00	196.75	FOSP;0.976
198.75	200.75	FOSP;0.992
248.00	249.75	FOSP;0.984
272.50	274.50	FOSP;0.977
287.50	289.00	FOSP;0.914
3.75	4.00	GCSP;0.513
14.50	16.25	GCSP;0.955
113.50	114.00	GCSP;0.639
154.50	155.50	GCSP;0.934
176.25	176.75	GCSP;0.687
220.25	221.00	GCSP;0.724
234.00	234.25	GCSP;0.562
77.25	77.50	GWTE;0.649
90.25	90.50	GWTE;0.576
130.50	130.75	GWTE;0.550
6.25	6.75	HETH;0.548
21.00	21.25	HETH;0.558
205.00	205.50	KILL;0.775
258.25	258.50	MOBL;0.509
124.75	125.50	MOCH;0.929
176.75	177.50	MOCH;0.653
234.25	234.50	MOCH;0.523
88.50	88.75	NOCA;0.514
0.25	0.50	RUBL;0.689
36.25	36.75	RUTU;0.731
162.25	162.50	RWBL;0.500
53.50	53.75	SATH;0.501
214.25	214.50	SATH;0.628
298.75	299.00	SATH;0.515
55.50	56.00	SNBU;0.684
56.25	56.50	SNBU;0.544
123.25	123.75	SNBU;0.753
19.25	19.75	SOSA;0.738
77.50	78.00	SWSP;0.718
86.50	87.00	SWSP;0.738
165.25	165.75	VESP;0.524
249.50	249.75	VESP;0.504
6.50	7.00	WCSP;0.760
63.50	63.75	WCSP;0.570
79.00	79.75	WCSP;0.842
103.25	104.25	WCSP;0.942
128.25	130.00	WCSP;0.982
138.25	138.75	WCSP;0.729
148.50	150.00	WCSP;0.988
155.50	156.00	WCSP;0.565
158.25	159.50	WCSP;0.977
181.25	182.50	WCSP;0.971
223.75	224.25	WCSP;0.629
225.50	225.75	WCSP;0.597
226.25	226.50	WCSP;0.722
228.00	228.25	WCSP;0.646
228.50	229.00	WCSP;0.723
235.25	235.75	WCSP;0.642
236.50	236.75	WCSP;0.550
238.00	238.25	WCSP;0.556
241.75	242.50	WCSP;0.713
251.00	251.25	WCSP;0.522
261.75	262.00	WCSP;0.690
268.75	269.00	WCSP;0.755
270.00	270.50	WCSP;0.764
273.00	273.75	WCSP;0.745
279.00	279.25	WCSP;0.655
282.25	283.00	WCSP;0.883
287.50	288.50	WCSP;0.753
290.25	291.00	WCSP;0.679
294.25	294.50	WCSP;0.554
2.00	3.25	WIWA;0.992
11.50	13.00	WIWA;0.991
21.50	22.75	WIWA;0.985
31.25	32.00	WIWA;0.933
60.25	61.00	WIWA;0.925
77.50	78.00	WIWA;0.839
4.00	5.00	WTSP;0.883
14.50	15.00	WTSP;0.701
25.50	27.25	WTSP;0.988
37.25	39.75	WTSP;0.992
49.50	52.25	WTSP;0.994
61.50	64.25	WTSP;0.993
71.50	72.00	WTSP;0.752
72.25	73.25	WTSP;0.921
80.25	83.25	WTSP;0.991
90.25	92.25	WTSP;0.962
101.00	103.75	WTSP;0.990
113.50	113.75	WTSP;0.678
124.50	125.25	WTSP;0.745
143.50	146.25	WTSP;0.991
153.75	155.75	WTSP;0.873
175.25	175.75	WTSP;0.769
176.00	177.50	WTSP;0.883
186.75	189.25	WTSP;0.994
197.00	198.75	WTSP;0.984
207.50	209.75	WTSP;0.975
233.50	234.50	WTSP;0.805
243.00	245.50	WTSP;0.990
254.25	257.00	WTSP;0.995
265.75	269.00	WTSP;0.990
276.00	279.00	WTSP;0.993
286.50	287.25	WTSP;0.811
296.00	298.75	WTSP;0.992
