44.50	44.75	AMDI;0.585
17.00	18.00	AMRO;0.911
39.25	40.25	AMRO;0.886
121.00	121.50	AMRO;0.717
127.00	129.00	AMRO;0.978
132.50	133.00	AMRO;0.707
139.25	140.75	AMRO;0.875
148.25	150.25	AMRO;0.994
151.00	152.50	AMRO;0.917
153.25	153.50	AMRO;0.675
156.75	158.50	AMRO;0.980
165.50	167.25	AMRO;0.996
169.75	170.75	AMRO;0.770
172.50	174.00	AMRO;0.917
179.25	179.75	AMRO;0.786
183.00	185.00	AMRO;0.865
193.25	194.50	AMRO;0.838
196.25	196.50	AMRO;0.699
206.50	208.75	AMRO;0.983
216.25	218.50	AMRO;0.981
222.75	225.25	AMRO;0.979
227.25	228.75	AMRO;0.890
232.25	234.50	AMRO;0.983
237.25	238.00	AMRO;0.784
245.50	248.00	AMRO;0.985
248.75	250.75	AMRO;0.988
259.25	261.25	AMRO;0.874
265.50	267.50	AMRO;0.940
268.75	270.00	AMRO;0.886
273.00	274.75	AMRO;0.994
278.75	281.00	AMRO;0.974
285.00	285.75	AMRO;0.807
286.25	287.25	AMRO;0.756
294.00	296.50	AMRO;0.969
298.50	298.75	AMRO;0.682
350.25	351.75	AMRO;0.945
510.25	510.75	BANS;0.665
510.50	510.75	BLTU;0.514
136.00	136.75	CHSP;0.744
142.00	143.50	CHSP;0.839
169.25	169.75	CHSP;0.539
170.00	170.50	CHSP;0.601
176.50	178.00	CHSP;0.727
274.25	275.50	CHSP;0.633
305.50	308.50	CHSP;0.950
318.75	320.50	CHSP;0.866
349.50	349.75	CHSP;0.534
365.50	365.75	CHSP;0.554
376.00	376.25	CHSP;0.601
391.00	392.00	CHSP;0.646
437.75	438.00	CHSP;0.686
440.00	441.00	CHSP;0.734
465.00	465.50	CHSP;0.585
480.50	480.75	CHSP;0.559
494.25	494.75	CHSP;0.621
496.25	497.25	CHSP;0.655
594.50	595.00	CHSP;0.710
8.00	8.50	DEJU;0.571
163.00	164.00	DEJU;0.799
184.25	184.50	DEJU;0.502
185.00	185.50	DEJU;0.536
199.25	199.50	DEJU;0.540
252.25	252.50	DEJU;0.588
325.25	326.00	DEJU;0.677
356.25	357.00	DEJU;0.757
374.50	374.75	DEJU;0.505
375.50	376.25	DEJU;0.659
407.25	408.25	DEJU;0.619
425.25	425.50	DEJU;0.518
432.25	432.75	DEJU;0.532
448.25	448.50	DEJU;0.508
455.25	455.50	DEJU;0.528
464.50	464.75	DEJU;0.574
479.50	480.00	DEJU;0.559
487.50	488.00	DEJU;0.521
489.00	489.50	DEJU;0.587
569.25	569.75	DEJU;0.597
269.50	269.75	EABL;0.554
415.25	415.50	EATO;0.578
430.00	430.75	EATO;0.791
594.00	594.25	EAWP;0.528
599.75	600.00	EAWP;0.627
502.25	502.50	EVGR;0.521
24.50	25.25	FOSP;0.806
52.50	53.00	FOSP;0.900
97.00	98.50	FOSP;0.910
130.25	130.75	FOSP;0.646
154.00	154.50	FOSP;0.624
209.00	210.75	FOSP;0.936
238.25	239.25	FOSP;0.664
344.50	344.75	FOSP;0.642
346.00	346.25	FOSP;0.600
352.25	352.50	FOSP;0.631
370.00	370.75	FOSP;0.776
459.50	459.75	FOSP;0.932
461.50	461.75	FOSP;0.637
566.50	566.75	HASP;0.617
361.50	361.75	LALO;0.541
369.50	369.75	LALO;0.503
7.00	8.00	LISP;0.959
19.25	21.50	LISP;0.996
32.00	33.50	LISP;0.991
44.50	46.00	LISP;0.882
58.25	59.75	LISP;0.982
72.25	74.00	LISP;0.972
84.50	86.50	LISP;0.996
91.25	93.75	LISP;0.997
100.25	100.75	LISP;0.723
102.25	104.00	LISP;0.998
110.50	111.75	LISP;0.959
114.50	116.00	LISP;0.967
119.25	120.25	LISP;0.957
133.50	134.75	LISP;0.983
143.50	146.25	LISP;0.969
152.25	153.50	LISP;0.979
160.00	163.00	LISP;0.998
171.25	172.75	LISP;0.881
174.00	175.25	LISP;0.994
179.75	181.50	LISP;0.990
186.25	187.75	LISP;0.964
188.00	190.25	LISP;0.977
200.25	201.50	LISP;0.927
215.00	215.50	LISP;0.770
241.50	243.25	LISP;0.949
254.75	256.50	LISP;0.996
270.00	270.75	LISP;0.942
300.25	301.50	LISP;0.892
314.25	315.25	LISP;0.804
328.25	329.50	LISP;0.973
346.00	346.25	LISP;0.677
352.25	352.50	LISP;0.664
372.75	373.75	LISP;0.878
386.00	388.25	LISP;0.992
401.00	402.75	LISP;0.988
415.00	416.50	LISP;0.842
430.00	431.00	LISP;0.842
445.75	447.75	LISP;0.984
462.00	463.50	LISP;0.981
477.00	478.50	LISP;0.988
490.75	492.50	LISP;0.966
559.75	560.25	LISP;0.807
133.25	133.50	NHWR;0.507
264.50	264.75	NHWR;0.503
62.50	62.75	NOFL;0.617
333.50	334.00	NOWA;0.567
0.00	1.25	OCWA;0.974
8.25	9.00	OCWA;0.758
43.25	44.25	OCWA;0.906
78.50	79.00	OCWA;0.871
136.75	137.75	OCWA;0.975
162.75	163.75	OCWA;0.795
164.00	164.25	OCWA;0.739
170.00	170.75	OCWA;0.823
175.25	175.75	OCWA;0.762
177.50	178.50	OCWA;0.865
184.25	185.25	OCWA;0.758
192.00	193.00	OCWA;0.973
199.00	199.75	OCWA;0.799
205.00	206.25	OCWA;0.948
212.25	213.75	OCWA;0.924
218.25	219.50	OCWA;0.988
225.25	226.75	OCWA;0.985
230.00	230.75	OCWA;0.986
234.50	236.50	OCWA;0.867
243.25	244.50	OCWA;0.965
252.25	252.75	OCWA;0.698
259.00	259.75	OCWA;0.878
260.25	261.00	OCWA;0.917
266.75	268.25	OCWA;0.778
275.00	275.50	OCWA;0.697
282.75	284.50	OCWA;0.905
291.00	292.00	OCWA;0.936
299.00	300.00	OCWA;0.839
304.75	306.25	OCWA;0.862
310.25	310.50	OCWA;0.734
312.00	313.50	OCWA;0.978
318.50	320.50	OCWA;0.828
325.25	326.75	OCWA;0.981
332.50	333.75	OCWA;0.993
340.25	341.75	OCWA;0.832
345.00	345.75	OCWA;0.787
349.25	350.25	OCWA;0.945
356.25	358.25	OCWA;0.841
362.75	363.00	OCWA;0.730
365.00	366.25	OCWA;0.942
374.25	376.50	OCWA;0.869
382.50	384.25	OCWA;0.989
390.25	392.00	OCWA;0.862
398.75	400.25	OCWA;0.965
407.25	407.75	OCWA;0.719
416.75	418.50	OCWA;0.956
424.00	425.75	OCWA;0.991
432.25	434.00	OCWA;0.967
439.75	441.50	OCWA;0.906
448.00	449.75	OCWA;0.976
455.00	457.00	OCWA;0.979
465.00	466.00	OCWA;0.969
471.50	473.25	OCWA;0.994
479.50	481.50	OCWA;0.930
487.50	489.50	OCWA;0.935
494.50	495.00	OCWA;0.750
495.50	497.50	OCWA;0.914
513.50	514.00	OCWA;0.702
521.25	522.00	OCWA;0.937
530.25	531.25	OCWA;0.956
538.25	539.75	OCWA;0.993
546.50	547.75	OCWA;0.919
554.25	555.25	OCWA;0.901
561.50	563.25	OCWA;0.992
568.50	570.00	OCWA;0.848
577.50	578.25	OCWA;0.957
578.50	579.00	OCWA;0.860
584.75	585.25	OCWA;0.704
586.25	586.75	OCWA;0.852
594.50	596.00	OCWA;0.991
1.00	2.00	PISI;0.991
2.50	3.25	PISI;0.929
187.50	187.75	PISI;0.697
190.25	192.00	PISI;0.978
193.00	194.25	PISI;0.998
194.50	196.50	PISI;0.993
196.75	198.25	PISI;0.998
199.50	200.25	PISI;0.978
202.00	203.25	PISI;0.996
287.00	291.25	PISI;0.997
292.00	292.50	PISI;0.889
293.00	294.25	PISI;0.991
296.50	296.75	PISI;0.685
352.50	352.75	PISI;0.778
501.00	502.00	PISI;0.997
503.50	509.50	PISI;0.999
512.00	512.75	PISI;0.804
513.00	521.25	PISI;0.990
521.75	522.50	PISI;0.925
523.00	523.75	PISI;0.837
524.75	525.25	PISI;0.894
525.75	530.25	PISI;0.994
531.00	538.25	PISI;0.995
539.50	546.00	PISI;0.999
547.50	549.75	PISI;0.998
556.00	556.75	PISI;0.977
564.00	564.50	PISI;0.745
570.25	577.75	PISI;0.997
578.00	578.75	PISI;0.869
579.25	584.75	PISI;0.996
585.25	586.50	PISI;0.944
586.75	593.25	PISI;0.997
596.25	597.00	PISI;0.902
597.50	597.75	PISI;0.693
598.25	599.25	PISI;0.983
591.25	591.75	REDP;0.695
110.50	111.00	ROWR;0.624
148.00	148.50	RUGR;0.593
150.75	151.75	RUGR;0.727
196.50	196.75	SATH;0.519
308.25	308.50	SEOW;0.554
229.25	229.75	SEPL;0.858
502.25	502.50	SNBU;0.649
52.50	53.00	SOSP;0.748
4.25	4.75	SWSP;0.835
8.25	9.00	SWSP;0.780
10.00	11.00	SWSP;0.959
15.50	17.00	SWSP;0.887
31.00	31.75	SWSP;0.968
33.75	34.00	SWSP;0.678
36.25	37.00	SWSP;0.932
42.00	43.00	SWSP;0.884
48.00	49.00	SWSP;0.981
51.00	52.50	SWSP;0.883
53.75	55.00	SWSP;0.973
60.00	61.50	SWSP;0.840
63.00	64.50	SWSP;0.977
65.00	66.50	SWSP;0.962
68.25	70.75	SWSP;0.980
71.75	72.25	SWSP;0.694
75.00	75.25	SWSP;0.690
77.00	78.75	SWSP;0.870
82.50	83.75	SWSP;0.924
87.00	89.00	SWSP;0.946
94.00	94.75	SWSP;0.849
95.00	96.75	SWSP;0.874
101.75	102.00	SWSP;0.669
105.50	106.75	SWSP;0.981
107.50	107.75	SWSP;0.661
108.00	109.50	SWSP;0.952
116.25	117.25	SWSP;0.830
124.25	125.00	SWSP;0.770
126.50	127.25	SWSP;0.929
132.00	132.75	SWSP;0.799
140.00	140.25	SWSP;0.721
155.00	155.75	SWSP;0.830
167.50	169.75	SWSP;0.804
182.00	182.75	SWSP;0.780
206.00	207.25	SWSP;0.821
220.25	221.00	SWSP;0.865
223.00	224.00	SWSP;0.901
230.75	231.25	SWSP;0.860
244.25	245.50	SWSP;0.841
250.50	252.75	SWSP;0.913
257.00	258.25	SWSP;0.888
264.00	264.50	SWSP;0.701
265.00	265.50	SWSP;0.835
267.25	267.75	SWSP;0.724
274.00	275.75	SWSP;0.770
281.00	282.00	SWSP;0.928
282.50	283.00	SWSP;0.755
283.25	284.75	SWSP;0.744
297.50	299.00	SWSP;0.902
302.75	303.75	SWSP;0.943
306.00	306.25	SWSP;0.695
309.50	310.50	SWSP;0.849
316.00	317.00	SWSP;0.889
320.25	323.50	SWSP;0.908
327.75	328.00	SWSP;0.696
334.25	335.75	SWSP;0.939
337.50	338.25	SWSP;0.769
339.50	341.50	SWSP;0.748
342.25	342.50	SWSP;0.691
345.00	346.00	SWSP;0.781
346.75	347.00	SWSP;0.677
353.00	354.25	SWSP;0.913
359.50	360.75	SWSP;0.938
362.75	363.00	SWSP;0.658
366.00	367.00	SWSP;0.984
372.25	372.50	SWSP;0.677
379.75	381.00	SWSP;0.986
384.00	385.00	SWSP;0.915
392.00	392.25	SWSP;0.711
406.75	408.25	SWSP;0.778
418.00	418.50	SWSP;0.704
448.50	448.75	SWSP;0.667
487.75	488.00	SWSP;0.693
493.75	495.00	SWSP;0.777
499.25	499.75	SWSP;0.700
525.25	525.50	SWSP;0.710
545.75	546.00	SWSP;0.685
546.50	547.00	SWSP;0.703
550.00	551.00	SWSP;0.978
565.00	566.25	SWSP;0.977
584.75	585.00	SWSP;0.716
338.75	339.50	TEWA;0.603
379.00	379.75	TEWA;0.684
524.00	524.25	TEWA;0.526
172.25	172.75	TOSO;0.578
196.25	196.75	TOSO;0.591
575.25	575.75	TRES;0.631
585.50	585.75	TRES;0.505
179.25	179.50	TUTI;0.588
146.50	146.75	VESP;0.551
25.25	25.75	WCSP;0.547
461.50	461.75	WCSP;0.589
554.25	554.50	WCSP;0.529
574.50	575.00	WCSP;0.508
36.50	36.75	WIWA;0.528
175.50	175.75	WIWA;0.598
420.00	420.25	WTSP;0.540
141.25	141.50	YBFL;0.860
107.00	108.00	YERA;0.837
342.00	342.50	YRWA;0.783
343.00	343.50	YRWA;0.840
