252.75	253.00	BCCH;0.578
420.00	420.50	BRSP;0.722
435.25	435.75	BRSP;0.776
444.25	445.00	BRSP;0.743
560.50	560.75	BRSP;0.728
203.00	203.50	CAFI;0.712
313.75	314.50	CAFI;0.685
313.00	313.75	CHSP;0.818
335.25	335.75	CHSP;0.826
371.50	372.25	CHSP;0.809
382.25	384.00	CHSP;0.983
393.50	393.75	CHSP;0.731
417.00	420.25	CHSP;0.986
442.25	445.00	CHSP;0.906
495.50	496.00	CHSP;0.745
501.00	503.50	CHSP;0.983
530.75	533.00	CHSP;0.988
553.75	556.00	CHSP;0.993
567.25	570.00	CHSP;0.988
582.25	584.50	CHSP;0.992
34.50	34.75	DEJU;0.545
268.75	269.25	DEJU;0.725
382.50	382.75	DEJU;0.543
394.50	394.75	EATO;0.504
157.75	158.00	FISP;0.531
158.25	158.75	FISP;0.541
182.50	183.00	FISP;0.600
390.00	390.50	FISP;0.547
85.50	86.00	FOSP;0.644
374.50	374.75	FOSP;0.616
438.75	439.00	FOSP;0.508
590.50	591.25	FOSP;0.876
302.25	302.75	GCKI;0.649
219.00	219.25	HETH;0.509
344.25	344.50	LASP;0.562
9.00	9.75	LISP;0.841
21.00	21.50	LISP;0.728
34.75	35.25	LISP;0.700
46.25	47.75	LISP;0.990
57.25	58.50	LISP;0.916
68.75	70.25	LISP;0.990
80.25	81.75	LISP;0.931
92.50	94.00	LISP;0.979
103.75	105.25	LISP;0.994
115.25	117.00	LISP;0.984
127.00	128.50	LISP;0.994
138.75	140.00	LISP;0.975
152.00	153.00	LISP;0.939
164.00	165.00	LISP;0.981
177.50	178.75	LISP;0.930
190.75	192.50	LISP;0.996
214.50	215.00	LISP;0.803
241.25	242.25	LISP;0.874
254.25	255.00	LISP;0.808
267.50	268.25	LISP;0.881
282.50	283.75	LISP;0.915
295.75	296.25	LISP;0.755
343.25	344.25	LISP;0.933
357.00	358.00	LISP;0.939
369.50	370.75	LISP;0.956
382.00	382.50	LISP;0.747
394.25	396.00	LISP;0.968
406.25	407.25	LISP;0.918
432.00	432.50	LISP;0.742
455.75	457.50	LISP;0.990
468.50	470.00	LISP;0.893
481.25	482.00	LISP;0.853
494.25	495.25	LISP;0.987
508.00	509.00	LISP;0.906
520.50	521.75	LISP;0.904
533.25	534.75	LISP;0.934
548.25	549.50	LISP;0.933
580.50	581.50	LISP;0.880
495.00	495.50	MAWR;0.619
252.75	253.00	MOCH;0.665
441.50	441.75	MOCH;0.500
469.25	469.75	NHWR;0.597
214.50	215.00	PUFI;0.620
295.50	296.25	PUFI;0.773
314.00	314.25	PUFI;0.577
428.75	429.00	SAPH;0.603
239.00	239.50	SOSP;0.595
374.75	375.00	SOSP;0.604
414.75	415.00	SOSP;0.567
427.00	427.25	SOSP;0.695
435.25	435.75	SOSP;0.776
438.75	439.25	SOSP;0.873
450.00	450.50	SOSP;0.798
460.00	460.50	SOSP;0.956
485.50	486.00	SOSP;0.677
560.50	560.75	SOSP;0.664
588.25	588.50	SOSP;0.826
595.75	596.00	SOSP;0.614
153.25	153.50	TOSO;0.558
178.75	179.00	TOSO;0.614
170.00	170.50	VATH;0.889
259.75	260.00	VATH;0.641
526.75	527.00	VATH;0.820
507.75	508.00	VESP;0.641
278.25	279.50	WCSP;0.729
374.75	375.00	WCSP;0.544
410.25	411.25	WCSP;0.912
475.50	476.00	WCSP;0.587
497.25	497.75	WCSP;0.767
518.50	518.75	WCSP;0.513
560.50	560.75	WCSP;0.558
73.00	73.50	WTSP;0.607
157.25	158.75	WTSP;0.783
182.50	183.25	WTSP;0.704
229.50	231.50	WTSP;0.971
239.00	239.50	WTSP;0.863
247.25	247.75	WTSP;0.934
258.00	258.75	WTSP;0.990
261.50	263.50	WTSP;0.886
278.25	278.50	WTSP;0.521
284.75	285.25	WTSP;0.653
293.00	293.50	WTSP;0.903
339.50	340.00	WTSP;0.642
433.25	435.25	WTSP;0.919
441.25	442.00	WTSP;0.926
470.50	471.75	WTSP;0.778
485.50	486.00	WTSP;0.593
486.50	490.25	WTSP;0.924
164.50	164.75	YRWA;0.585
593.50	593.75	YRWA;0.532
