101.25	101.75	AMRO;0.668
44.50	44.75	ANMU;0.519
48.25	48.50	BCCH;0.608
93.50	93.75	BLJA;0.684
94.25	94.50	BLOY;0.547
41.50	41.75	CAFI;0.762
25.50	25.75	DUNL;0.520
33.00	33.25	DUNL;0.526
257.25	257.50	EVGR;0.831
1.50	1.75	FISP;0.513
138.00	139.25	FISP;0.829
243.25	245.00	FOSP;0.959
84.00	84.25	GCFL;0.507
167.25	167.75	GCSP;0.583
288.00	288.25	LASP;0.557
137.25	137.50	LISP;0.513
209.25	210.50	LISP;0.953
249.25	249.50	LISP;0.551
288.25	289.50	LISP;0.838
1.25	2.00	MOCH;0.823
86.50	87.00	MOCH;0.592
189.75	190.50	MOCH;0.612
240.50	241.00	MOCH;0.751
275.00	275.50	MOCH;0.564
249.00	249.50	NHWR;0.708
245.25	245.75	RUBL;0.577
257.25	257.50	SNBU;0.650
5.75	7.00	WCSP;0.855
14.00	15.25	WCSP;0.987
21.25	22.00	WCSP;0.925
28.25	29.50	WCSP;0.948
35.25	36.75	WCSP;0.994
44.50	44.75	WCSP;0.737
57.75	59.25	WCSP;0.996
65.00	66.75	WCSP;0.998
73.50	74.00	WCSP;0.749
79.25	81.75	WCSP;0.988
88.50	90.00	WCSP;0.937
95.25	96.75	WCSP;0.877
104.75	106.00	WCSP;0.892
112.75	114.50	WCSP;0.989
121.50	121.75	WCSP;0.715
125.25	126.75	WCSP;0.917
187.50	188.00	WCSP;0.717
190.50	191.25	WCSP;0.762
199.00	200.50	WCSP;0.989
205.25	206.50	WCSP;0.895
211.25	213.00	WCSP;0.995
218.25	219.75	WCSP;0.897
225.50	227.25	WCSP;0.996
233.00	235.00	WCSP;0.992
287.25	287.75	WCSP;0.789
142.50	142.75	WHWO;0.540
1.00	2.75	WTSP;0.899
4.00	6.00	WTSP;0.891
6.50	10.75	WTSP;0.988
12.25	12.75	WTSP;0.788
13.25	14.25	WTSP;0.811
21.00	22.00	WTSP;0.844
28.25	29.00	WTSP;0.827
35.00	35.50	WTSP;0.794
60.50	62.00	WTSP;0.838
64.50	65.50	WTSP;0.811
70.75	75.00	WTSP;0.996
75.75	77.75	WTSP;0.971
79.00	80.50	WTSP;0.916
84.25	85.50	WTSP;0.922
86.25	89.00	WTSP;0.977
90.00	91.75	WTSP;0.938
95.00	96.00	WTSP;0.872
96.25	99.25	WTSP;0.985
105.00	108.00	WTSP;0.992
112.00	113.25	WTSP;0.852
114.50	117.00	WTSP;0.984
120.50	121.00	WTSP;0.742
122.00	123.00	WTSP;0.946
125.00	126.75	WTSP;0.823
130.00	133.25	WTSP;0.987
138.25	140.25	WTSP;0.903
144.75	146.50	WTSP;0.985
147.50	153.75	WTSP;0.957
155.25	158.00	WTSP;0.969
159.50	163.50	WTSP;0.998
165.25	167.50	WTSP;0.991
168.25	172.75	WTSP;0.994
176.00	179.25	WTSP;0.988
179.75	182.50	WTSP;0.984
184.00	188.00	WTSP;0.992
190.00	190.75	WTSP;0.848
194.25	196.00	WTSP;0.986
197.00	197.25	WTSP;0.717
198.50	199.50	WTSP;0.825
203.00	206.00	WTSP;0.977
207.00	209.00	WTSP;0.929
211.00	211.75	WTSP;0.737
218.00	218.75	WTSP;0.810
219.50	221.75	WTSP;0.986
231.25	233.50	WTSP;0.981
235.00	236.25	WTSP;0.871
240.75	242.00	WTSP;0.983
250.25	252.00	WTSP;0.983
253.50	256.25	WTSP;0.974
260.00	262.00	WTSP;0.970
264.50	266.00	WTSP;0.974
272.00	274.00	WTSP;0.964
274.75	278.00	WTSP;0.940
281.25	284.75	WTSP;0.982
286.50	287.50	WTSP;0.788
293.25	294.50	WTSP;0.871
296.25	298.25	WTSP;0.971
61.00	61.50	WWCR;0.586
