27.25	28.00	AMRO;0.655
59.50	60.25	AMRO;0.516
63.25	63.50	AMRO;0.559
82.50	83.00	AMRO;0.716
88.50	89.00	AMRO;0.745
89.25	89.50	AMRO;0.519
89.75	90.00	AMRO;0.508
131.50	133.00	AMRO;0.860
141.75	142.25	AMRO;0.574
154.75	155.00	AMRO;0.518
176.00	177.00	AMRO;0.806
182.00	182.75	AMRO;0.810
201.25	201.75	AMRO;0.586
204.75	205.50	AMRO;0.657
212.75	213.50	AMRO;0.751
218.25	219.25	AMRO;0.919
232.25	232.75	AMRO;0.507
241.25	243.00	AMRO;0.853
271.00	271.75	AMRO;0.844
284.25	285.00	AMRO;0.621
291.00	292.00	AMRO;0.875
285.00	285.75	BAOR;0.679
85.00	85.75	BLGU;0.632
150.25	150.75	BLGU;0.644
74.75	75.75	CHSP;0.703
227.00	228.25	CHSP;0.682
239.50	240.25	CHSP;0.632
270.75	271.00	CHSP;0.557
277.50	277.75	CHSP;0.553
289.75	290.25	CHSP;0.506
126.75	127.75	DEJU;0.664
152.75	153.25	DEJU;0.508
139.50	139.75	DOWO;0.610
293.75	294.00	EAME;0.516
124.75	125.00	EATO;0.507
12.00	13.00	FISP;0.675
40.25	41.00	FISP;0.611
48.25	48.75	FISP;0.584
68.50	69.00	FISP;0.643
79.00	80.50	FISP;0.763
100.25	100.75	FISP;0.621
107.50	108.00	FISP;0.662
172.75	173.75	FISP;0.765
185.25	185.75	FISP;0.579
194.00	194.75	FISP;0.807
209.00	209.50	FISP;0.575
215.00	216.00	FISP;0.711
223.00	223.75	FISP;0.672
238.75	239.50	FISP;0.703
249.00	249.50	FISP;0.574
257.50	257.75	FISP;0.533
265.00	265.50	FISP;0.520
288.75	289.00	FISP;0.516
296.50	297.00	FISP;0.531
3.00	5.00	FOSP;0.981
12.25	13.00	FOSP;0.724
33.25	34.00	FOSP;0.883
35.25	36.50	FOSP;0.767
41.25	42.25	FOSP;0.799
49.25	50.25	FOSP;0.918
56.25	57.75	FOSP;0.846
65.50	66.50	FOSP;0.778
83.25	84.00	FOSP;0.821
92.00	93.00	FOSP;0.951
102.00	103.50	FOSP;0.935
113.50	115.25	FOSP;0.987
124.75	126.00	FOSP;0.955
160.50	160.75	FOSP;0.663
166.00	167.50	FOSP;0.993
194.75	195.25	FOSP;0.761
209.50	210.75	FOSP;0.889
211.00	211.50	FOSP;0.701
212.00	212.50	FOSP;0.666
236.75	237.50	FOSP;0.724
240.00	240.50	FOSP;0.737
243.75	247.00	FOSP;0.993
262.25	264.00	FOSP;0.974
265.25	266.00	FOSP;0.893
274.50	276.75	FOSP;0.994
281.00	283.00	FOSP;0.976
286.25	288.25	FOSP;0.990
293.75	294.00	FOSP;0.722
298.25	300.00	FOSP;0.996
0.00	0.75	GCSP;0.619
6.00	7.00	GCSP;0.694
33.50	33.75	GCSP;0.542
101.50	103.00	GCSP;0.812
136.25	136.75	GCSP;0.635
34.00	34.50	HETH;0.645
124.50	125.00	HETH;0.591
236.25	236.75	HETH;0.628
273.75	274.25	KILL;0.536
72.50	73.50	LISP;0.736
134.00	135.00	LISP;0.887
169.25	169.75	LISP;0.697
2.25	3.25	MAMU;0.600
19.00	19.50	MAMU;0.670
117.75	118.00	MAMU;0.526
186.50	186.75	MOBL;0.535
127.50	127.75	OCWA;0.564
186.50	186.75	OSPR;0.579
97.50	98.00	PIGR;0.737
296.75	297.00	PIGR;0.592
210.75	211.00	PUFI;0.513
282.00	283.00	PUFI;0.805
84.25	84.75	REVI;0.589
93.25	93.50	REVI;0.577
237.75	238.00	REVI;0.553
20.00	20.50	SAVS;0.858
42.25	43.00	SWSP;0.746
58.00	58.50	SWSP;0.669
74.25	74.50	SWSP;0.509
80.50	81.25	SWSP;0.661
103.50	104.00	SWSP;0.598
137.00	137.25	SWSP;0.523
152.25	152.50	SWSP;0.541
252.25	252.50	SWSP;0.553
224.25	224.50	SWTH;0.553
92.50	93.00	WCSP;0.568
237.25	237.50	WCSP;0.547
261.25	262.00	WCSP;0.836
96.25	96.75	WIWA;0.621
127.50	128.00	WIWA;0.851
136.75	137.25	WIWA;0.755
145.25	145.75	WIWA;0.874
152.25	153.00	WIWA;0.654
164.00	164.50	WIWA;0.811
172.00	172.75	WIWA;0.872
243.00	243.50	WIWA;0.608
0.00	2.00	WTSP;0.955
5.75	9.50	WTSP;0.995
13.00	19.25	WTSP;0.997
19.50	21.25	WTSP;0.896
21.50	25.00	WTSP;0.995
26.00	26.75	WTSP;0.821
28.75	33.25	WTSP;0.996
37.00	41.00	WTSP;0.993
44.00	44.75	WTSP;0.890
45.00	49.00	WTSP;0.994
51.00	56.50	WTSP;0.993
57.00	57.50	WTSP;0.714
59.25	64.25	WTSP;0.994
67.00	68.50	WTSP;0.858
69.00	72.50	WTSP;0.992
75.75	80.50	WTSP;0.992
84.75	88.00	WTSP;0.971
91.25	92.25	WTSP;0.810
93.50	96.25	WTSP;0.993
98.25	102.25	WTSP;0.986
102.75	103.25	WTSP;0.741
104.00	104.75	WTSP;0.761
105.25	107.75	WTSP;0.990
109.50	113.25	WTSP;0.995
118.25	121.75	WTSP;0.994
128.00	130.50	WTSP;0.994
135.50	136.75	WTSP;0.942
137.25	139.00	WTSP;0.990
140.00	140.50	WTSP;0.673
143.00	143.50	WTSP;0.718
144.00	145.25	WTSP;0.969
145.50	147.75	WTSP;0.994
149.75	150.00	WTSP;0.676
150.50	151.75	WTSP;0.863
153.25	157.75	WTSP;0.991
161.25	164.50	WTSP;0.997
170.00	172.25	WTSP;0.997
172.50	173.50	WTSP;0.827
177.50	182.25	WTSP;0.995
183.50	186.50	WTSP;0.969
187.25	190.75	WTSP;0.991
191.50	194.50	WTSP;0.964
196.75	200.50	WTSP;0.994
205.25	209.50	WTSP;0.993
213.00	215.75	WTSP;0.989
220.75	223.00	WTSP;0.991
229.50	232.25	WTSP;0.989
237.25	239.00	WTSP;0.976
247.25	253.75	WTSP;0.994
254.75	261.50	WTSP;0.993
263.25	263.75	WTSP;0.763
264.00	265.00	WTSP;0.849
266.75	270.00	WTSP;0.995
271.75	272.75	WTSP;0.762
273.00	273.75	WTSP;0.832
278.25	279.00	WTSP;0.863
279.25	280.00	WTSP;0.891
294.50	296.50	WTSP;0.967
