47.00	47.75	AMRO;0.816
61.00	61.25	AMRO;0.512
215.50	215.75	AMRO;0.507
283.00	283.50	AMRO;0.609
16.00	16.50	ATPU;0.535
3.50	3.75	BRSP;0.519
7.25	7.50	BRSP;0.551
34.00	34.50	BRSP;0.638
64.00	64.25	BRSP;0.551
80.50	81.75	BRSP;0.859
90.50	91.00	BRSP;0.547
131.50	132.00	BRSP;0.587
165.50	166.25	BRSP;0.672
171.25	171.75	BRSP;0.556
173.25	173.75	BRSP;0.702
196.75	197.75	BRSP;0.821
229.50	229.75	BRSP;0.524
286.25	286.50	BRSP;0.562
1.00	3.75	CHSP;0.973
6.50	9.25	CHSP;0.949
11.25	11.50	CHSP;0.671
17.25	19.25	CHSP;0.980
21.00	23.25	CHSP;0.989
30.50	32.75	CHSP;0.978
33.50	34.50	CHSP;0.898
36.25	38.75	CHSP;0.988
48.50	49.50	CHSP;0.898
57.00	58.50	CHSP;0.993
59.75	62.00	CHSP;0.996
62.50	63.50	CHSP;0.900
64.75	71.25	CHSP;0.994
72.50	77.25	CHSP;0.995
78.25	80.50	CHSP;0.986
81.50	83.50	CHSP;0.981
83.75	85.50	CHSP;0.919
86.50	89.75	CHSP;0.992
91.25	93.25	CHSP;0.959
96.50	97.50	CHSP;0.743
102.50	104.50	CHSP;0.993
105.75	107.75	CHSP;0.988
109.50	112.50	CHSP;0.997
113.25	115.25	CHSP;0.987
116.75	118.25	CHSP;0.988
121.00	127.75	CHSP;0.995
128.50	131.00	CHSP;0.995
131.75	136.00	CHSP;0.995
137.25	142.00	CHSP;0.984
143.75	144.25	CHSP;0.808
146.00	148.00	CHSP;0.976
152.75	156.75	CHSP;0.990
157.75	158.00	CHSP;0.683
161.25	163.25	CHSP;0.874
166.00	169.00	CHSP;0.991
169.25	170.75	CHSP;0.772
171.00	173.00	CHSP;0.983
174.50	176.50	CHSP;0.995
177.25	177.75	CHSP;0.756
182.25	183.75	CHSP;0.867
187.25	188.00	CHSP;0.907
188.25	190.50	CHSP;0.976
192.50	193.00	CHSP;0.788
197.75	200.50	CHSP;0.950
201.75	203.00	CHSP;0.941
204.00	205.00	CHSP;0.862
205.75	208.00	CHSP;0.978
217.50	219.00	CHSP;0.967
220.00	221.00	CHSP;0.781
225.00	226.00	CHSP;0.970
227.00	227.50	CHSP;0.675
229.25	229.75	CHSP;0.757
232.00	234.00	CHSP;0.935
235.00	235.25	CHSP;0.718
237.50	238.00	CHSP;0.707
240.25	241.75	CHSP;0.889
245.00	246.75	CHSP;0.996
250.50	252.25	CHSP;0.988
254.50	256.50	CHSP;0.990
257.75	258.75	CHSP;0.839
261.50	262.00	CHSP;0.721
263.00	264.75	CHSP;0.903
266.50	267.75	CHSP;0.977
272.00	274.00	CHSP;0.987
277.00	279.00	CHSP;0.994
280.00	281.25	CHSP;0.973
287.00	287.50	CHSP;0.788
290.25	292.00	CHSP;0.993
295.25	299.50	CHSP;0.990
48.75	49.25	DEJU;0.620
85.00	85.25	DEJU;0.522
118.00	118.25	DEJU;0.668
141.50	142.00	DEJU;0.564
237.75	238.00	DEJU;0.522
247.50	248.75	DEJU;0.798
169.25	169.50	EAME;0.522
252.25	252.75	EAME;0.664
224.25	225.00	FISP;0.716
7.25	7.50	FOSP;0.531
28.25	29.00	FOSP;0.880
44.25	44.75	FOSP;0.588
69.00	69.75	FOSP;0.677
94.00	94.50	FOSP;0.585
96.50	97.75	FOSP;0.802
112.75	113.50	FOSP;0.717
127.50	128.00	FOSP;0.540
144.25	145.75	FOSP;0.860
149.50	150.00	FOSP;0.674
164.00	164.50	FOSP;0.615
169.00	170.00	FOSP;0.706
199.25	200.00	FOSP;0.813
209.25	210.00	FOSP;0.911
219.50	220.75	FOSP;0.691
230.50	231.00	FOSP;0.641
231.25	231.50	FOSP;0.517
241.75	243.50	FOSP;0.823
252.25	253.75	FOSP;0.784
260.25	260.75	FOSP;0.559
261.00	261.75	FOSP;0.793
269.50	272.00	FOSP;0.987
280.50	281.75	FOSP;0.682
289.75	290.50	FOSP;0.784
295.50	296.00	FOSP;0.568
77.50	79.00	GCSP;0.670
93.50	94.00	GCSP;0.571
104.50	105.75	GCSP;0.669
115.00	115.50	GCSP;0.571
239.25	240.00	GCSP;0.802
268.75	269.25	GCSP;0.616
275.00	275.25	GCSP;0.510
157.25	157.50	LASP;0.549
223.25	223.50	LASP;0.508
243.25	243.50	LASP;0.568
262.00	262.75	LASP;0.702
0.00	0.75	LISP;0.821
16.00	17.00	LISP;0.873
40.50	41.25	LISP;0.846
71.25	72.00	LISP;0.680
89.75	90.00	LISP;0.614
99.00	99.75	LISP;0.715
100.25	100.75	LISP;0.528
118.00	118.50	LISP;0.581
142.25	143.00	LISP;0.627
149.75	150.25	LISP;0.584
151.25	151.50	LISP;0.544
165.00	165.25	LISP;0.658
179.00	180.50	LISP;0.989
211.25	212.75	LISP;0.978
238.00	239.00	LISP;0.868
248.00	248.75	LISP;0.644
256.75	257.50	LISP;0.806
275.50	276.75	LISP;0.923
292.25	294.25	LISP;0.982
288.00	288.50	MOCH;0.744
210.25	210.50	OCWA;0.548
237.75	238.00	OCWA;0.531
209.50	209.75	PIGR;0.523
79.50	79.75	PUFI;0.503
195.00	195.50	PUFI;0.636
206.75	207.25	PUFI;0.691
261.00	261.25	PUFI;0.517
234.75	235.00	REDP;0.510
139.25	140.00	REVI;0.834
27.50	27.75	SAPH;0.720
104.25	104.75	SAPH;0.915
4.25	4.50	SAVS;0.524
113.25	113.50	SNBU;0.619
169.00	169.25	SNBU;0.508
184.50	184.75	SNBU;0.615
205.50	205.75	SNBU;0.690
243.75	244.00	SPTO;0.587
183.25	183.75	SWSP;0.631
160.50	160.75	TOSO;0.510
19.50	19.75	VESP;0.554
97.75	98.50	VESP;0.684
163.75	164.00	VESP;0.520
243.25	243.50	VESP;0.509
5.25	6.00	WCSP;0.869
9.00	9.25	WCSP;0.633
19.50	20.00	WCSP;0.936
44.00	45.00	WCSP;0.886
53.00	53.75	WCSP;0.886
55.50	56.75	WCSP;0.950
94.00	94.25	WCSP;0.506
115.50	116.00	WCSP;0.715
196.25	196.75	WCSP;0.565
253.50	253.75	WCSP;0.590
3.75	5.25	WTSP;0.923
12.50	15.75	WTSP;0.979
19.75	21.25	WTSP;0.949
23.50	26.50	WTSP;0.990
30.25	30.75	WTSP;0.689
35.00	36.50	WTSP;0.941
42.00	44.00	WTSP;0.943
45.75	47.25	WTSP;0.890
47.50	48.75	WTSP;0.925
49.75	53.00	WTSP;0.984
54.50	55.75	WTSP;0.935
56.00	56.75	WTSP;0.733
59.00	59.75	WTSP;0.911
62.00	62.50	WTSP;0.776
66.00	67.00	WTSP;0.759
72.00	73.25	WTSP;0.759
77.25	78.50	WTSP;0.872
83.00	84.25	WTSP;0.977
86.00	86.25	WTSP;0.659
91.00	91.75	WTSP;0.783
92.00	93.75	WTSP;0.907
94.50	96.50	WTSP;0.976
104.50	105.00	WTSP;0.684
105.50	106.50	WTSP;0.868
107.25	110.00	WTSP;0.974
119.00	121.00	WTSP;0.989
135.00	138.00	WTSP;0.981
147.75	148.75	WTSP;0.836
152.50	153.00	WTSP;0.753
156.00	157.00	WTSP;0.775
158.00	159.75	WTSP;0.995
166.25	167.25	WTSP;0.878
173.75	174.75	WTSP;0.896
176.00	177.50	WTSP;0.941
186.75	188.75	WTSP;0.899
190.50	192.75	WTSP;0.980
196.00	196.50	WTSP;0.745
200.75	202.50	WTSP;0.984
203.00	203.75	WTSP;0.843
207.75	209.00	WTSP;0.953
215.00	215.25	WTSP;0.672
216.00	217.75	WTSP;0.968
222.25	222.75	WTSP;0.702
224.00	224.75	WTSP;0.815
226.25	228.00	WTSP;0.943
239.25	241.25	WTSP;0.964
246.50	247.00	WTSP;0.773
263.50	264.00	WTSP;0.773
264.25	265.50	WTSP;0.928
267.50	269.00	WTSP;0.912
275.00	275.50	WTSP;0.819
284.00	285.75	WTSP;0.858
286.50	287.00	WTSP;0.704
287.25	288.50	WTSP;0.957
298.25	298.75	WTSP;0.848
299.50	300.00	WTSP;0.854
