538.25	538.50	AMGP;0.689
308.25	308.50	ATSP;0.655
309.50	310.00	ATSP;0.636
533.50	533.75	BASA;0.576
68.50	68.75	BCCH;0.509
105.50	105.75	BCCH;0.522
457.25	457.50	BCCH;0.525
186.50	186.75	BEWR;0.560
301.25	301.75	CATE;0.688
1.75	4.25	CHSP;0.995
8.50	11.00	CHSP;0.997
16.25	17.00	CHSP;0.985
17.25	19.00	CHSP;0.984
24.75	25.00	CHSP;0.774
31.00	33.75	CHSP;0.990
39.00	41.50	CHSP;0.983
46.00	48.75	CHSP;0.996
53.75	54.25	CHSP;0.776
61.00	61.75	CHSP;0.931
66.50	68.50	CHSP;0.989
73.25	74.25	CHSP;0.797
75.00	75.50	CHSP;0.718
85.50	86.50	CHSP;0.785
108.50	109.00	CHSP;0.687
189.00	189.25	CHSP;0.680
281.50	282.00	CHSP;0.723
289.00	290.00	CHSP;0.780
290.25	293.75	CHSP;0.956
298.00	300.75	CHSP;0.996
306.00	307.75	CHSP;0.993
317.00	317.25	CHSP;0.661
336.00	336.25	CHSP;0.682
367.25	367.50	CHSP;0.724
381.25	382.00	CHSP;0.775
391.25	391.75	CHSP;0.772
398.00	398.25	CHSP;0.717
413.00	414.50	CHSP;0.953
452.00	452.75	CHSP;0.899
480.00	480.25	CHSP;0.751
487.00	487.75	CHSP;0.781
509.25	509.75	CHSP;0.724
558.25	558.50	CHSP;0.666
578.50	579.75	CHSP;0.804
243.50	243.75	DUNL;0.503
185.75	186.00	EVGR;0.523
74.25	74.75	FISP;0.558
164.75	165.00	FISP;0.522
220.75	221.25	FISP;0.579
270.00	270.50	FISP;0.615
292.50	292.75	FISP;0.508
589.50	590.00	FISP;0.546
73.50	74.75	FOSP;0.849
92.00	92.25	FOSP;0.679
129.50	129.75	FOSP;0.670
133.25	134.25	FOSP;0.951
143.25	143.50	FOSP;0.726
145.25	147.00	FOSP;0.912
164.00	164.75	FOSP;0.953
167.00	168.50	FOSP;0.845
169.75	170.00	FOSP;0.895
171.75	172.25	FOSP;0.859
173.00	173.75	FOSP;0.910
176.25	176.75	FOSP;0.836
181.75	182.00	FOSP;0.905
185.50	186.25	FOSP;0.882
187.50	187.75	FOSP;0.670
189.50	189.75	FOSP;0.661
190.50	193.25	FOSP;0.997
199.25	202.25	FOSP;0.996
204.25	204.50	FOSP;0.904
209.75	210.00	FOSP;0.884
212.25	215.00	FOSP;0.996
218.75	219.25	FOSP;0.957
221.25	222.25	FOSP;0.960
226.00	226.50	FOSP;0.941
233.00	236.25	FOSP;0.996
241.25	242.00	FOSP;0.989
245.75	246.25	FOSP;0.787
249.25	249.75	FOSP;0.888
267.75	268.00	FOSP;0.762
340.75	341.50	FOSP;0.883
353.75	354.50	FOSP;0.738
367.75	368.50	FOSP;0.792
379.50	381.00	FOSP;0.873
513.50	513.75	FOSP;0.720
542.00	542.50	FOSP;0.830
590.00	591.75	FOSP;0.883
94.25	94.50	GCSP;0.522
120.75	121.25	GCSP;0.566
304.25	305.25	GCSP;0.870
329.50	329.75	GCSP;0.513
382.25	382.50	GCSP;0.501
580.25	580.50	GCSP;0.529
91.50	91.75	HOLA;0.650
173.25	173.50	HOWA;0.576
44.25	44.50	LASP;0.511
111.25	112.00	LASP;0.726
29.25	30.25	LISP;0.690
44.50	45.00	LISP;0.748
88.25	88.75	LISP;0.575
125.00	125.75	LISP;0.846
162.25	163.00	LISP;0.830
186.50	187.00	LISP;0.583
241.50	242.00	LISP;0.644
540.50	541.50	LISP;0.706
216.75	217.00	LOSH;0.564
4.25	5.00	MOCH;0.858
13.50	14.25	MOCH;0.639
75.50	76.00	MOCH;0.642
108.00	108.25	MOCH;0.517
142.50	143.25	MOCH;0.785
207.00	207.75	MOCH;0.623
320.25	321.00	MOCH;0.673
361.25	361.50	MOCH;0.552
423.50	424.25	MOCH;0.914
457.00	457.50	MOCH;0.638
489.75	490.25	MOCH;0.795
531.00	531.50	MOCH;0.603
561.25	561.50	MOCH;0.548
507.50	508.00	NAWA;0.632
172.00	172.25	NOWA;0.511
173.25	173.50	NOWA;0.611
599.50	599.75	NOWA;0.605
307.00	307.25	OCWA;0.580
312.00	312.25	OCWA;0.507
10.75	11.50	PISI;0.805
12.25	12.75	PISI;0.750
15.50	16.25	PISI;0.812
17.00	17.50	PISI;0.965
18.00	18.50	PISI;0.871
19.00	28.75	PISI;0.998
29.25	29.75	PISI;0.783
34.00	34.50	PISI;0.842
36.50	37.00	PISI;0.915
37.75	38.50	PISI;0.816
39.00	39.50	PISI;0.865
43.50	44.00	PISI;0.790
51.75	53.00	PISI;0.978
53.25	54.00	PISI;0.808
54.25	61.25	PISI;0.997
61.50	62.25	PISI;0.985
62.75	63.00	PISI;0.735
63.50	64.25	PISI;0.874
64.75	66.50	PISI;0.955
321.00	321.75	PISI;0.917
453.75	457.00	PISI;0.996
459.50	461.00	PISI;0.968
462.50	464.50	PISI;0.996
466.25	467.00	PISI;0.976
468.50	470.50	PISI;0.996
473.00	477.75	PISI;0.992
484.00	484.25	PISI;0.687
488.25	489.00	PISI;0.996
499.00	499.75	PISI;0.947
503.25	504.25	PISI;0.997
563.75	564.00	PISI;0.706
565.50	566.00	PISI;0.721
566.50	567.75	PISI;0.991
575.50	575.75	PISI;0.777
399.25	400.00	PYNU;0.717
547.25	547.75	RUBL;0.636
132.75	133.00	SAPH;0.539
245.00	245.25	SAPH;0.802
30.50	30.75	SESA;0.531
379.50	379.75	SNBU;0.518
143.25	143.75	SOSP;0.672
181.75	182.00	SOSP;0.722
189.25	189.75	SOSP;0.716
204.25	204.75	SOSP;0.888
209.50	210.25	SOSP;0.957
218.75	219.25	SOSP;0.801
225.75	226.50	SOSP;0.973
233.00	233.75	SOSP;0.958
241.25	241.75	SOSP;0.770
249.00	249.75	SOSP;0.974
267.50	268.00	SOSP;0.980
513.25	513.75	SOSP;0.887
6.00	6.75	SWSP;0.914
12.75	13.50	SWSP;0.806
14.00	14.25	SWSP;0.669
20.25	20.75	SWSP;0.748
21.00	21.50	SWSP;0.799
27.50	28.00	SWSP;0.778
34.75	36.00	SWSP;0.988
49.25	50.25	SWSP;0.871
64.25	64.75	SWSP;0.685
70.75	72.50	SWSP;0.970
78.00	79.75	SWSP;0.940
85.50	86.75	SWSP;0.937
92.50	94.00	SWSP;0.961
100.00	101.75	SWSP;0.967
108.50	109.25	SWSP;0.763
115.25	115.50	SWSP;0.659
116.25	116.50	SWSP;0.700
123.25	124.75	SWSP;0.887
130.50	132.50	SWSP;0.932
138.75	140.25	SWSP;0.939
154.00	154.75	SWSP;0.825
160.25	162.00	SWSP;0.972
166.75	167.00	SWSP;0.668
175.75	176.00	SWSP;0.786
181.00	181.75	SWSP;0.946
182.00	182.75	SWSP;0.889
188.00	189.25	SWSP;0.814
195.00	195.75	SWSP;0.912
202.25	204.00	SWSP;0.978
210.25	211.25	SWSP;0.972
217.25	218.00	SWSP;0.951
224.25	225.50	SWSP;0.908
230.75	231.75	SWSP;0.823
238.25	239.75	SWSP;0.910
245.25	246.50	SWSP;0.874
252.50	254.25	SWSP;0.966
260.50	261.50	SWSP;0.885
267.00	267.50	SWSP;0.760
268.00	268.50	SWSP;0.773
274.50	275.75	SWSP;0.946
282.00	282.25	SWSP;0.694
288.75	290.00	SWSP;0.880
296.25	297.00	SWSP;0.921
303.00	304.25	SWSP;0.874
316.75	317.50	SWSP;0.821
321.75	323.25	SWSP;0.980
324.00	325.00	SWSP;0.987
330.50	332.25	SWSP;0.974
337.25	339.00	SWSP;0.960
352.00	353.50	SWSP;0.967
359.00	360.00	SWSP;0.946
366.25	366.75	SWSP;0.793
367.00	367.75	SWSP;0.914
373.50	375.00	SWSP;0.749
388.25	389.00	SWSP;0.917
389.25	389.75	SWSP;0.713
396.00	396.50	SWSP;0.720
401.25	403.00	SWSP;0.897
410.25	410.75	SWSP;0.750
415.75	416.75	SWSP;0.815
422.25	423.75	SWSP;0.978
430.25	430.50	SWSP;0.658
436.00	437.50	SWSP;0.865
444.50	445.00	SWSP;0.862
450.50	451.00	SWSP;0.680
458.25	459.25	SWSP;0.832
464.50	465.25	SWSP;0.871
471.50	472.00	SWSP;0.727
472.25	473.00	SWSP;0.827
478.50	480.00	SWSP;0.986
494.25	494.75	SWSP;0.799
495.50	495.75	SWSP;0.721
502.00	503.25	SWSP;0.971
509.25	510.00	SWSP;0.823
516.00	517.50	SWSP;0.907
522.50	523.00	SWSP;0.819
529.00	530.75	SWSP;0.977
544.00	544.50	SWSP;0.662
550.00	551.75	SWSP;0.917
557.50	557.75	SWSP;0.665
558.75	559.00	SWSP;0.665
564.25	565.25	SWSP;0.948
571.50	572.75	SWSP;0.942
578.25	579.75	SWSP;0.813
586.00	587.50	SWSP;0.985
599.75	600.00	SWSP;0.669
5.50	5.75	TEWA;0.580
107.00	107.75	TEWA;0.730
108.25	108.75	TEWA;0.628
147.00	147.50	TEWA;0.553
153.00	154.00	TEWA;0.799
273.50	274.75	TEWA;0.682
302.25	303.00	TEWA;0.650
374.00	374.50	TEWA;0.703
381.25	382.00	TEWA;0.713
389.00	389.50	TEWA;0.672
400.75	401.00	TEWA;0.538
402.25	403.00	TEWA;0.763
416.50	417.00	TEWA;0.752
428.50	430.50	TEWA;0.834
444.00	444.50	TEWA;0.597
457.50	458.50	TEWA;0.792
487.50	488.25	TEWA;0.660
508.25	509.50	TEWA;0.800
556.75	557.00	TEWA;0.619
557.25	558.75	TEWA;0.837
110.50	111.00	TOSO;0.812
66.50	67.00	VATH;0.748
376.50	377.00	VATH;0.806
462.00	462.25	VATH;0.670
472.00	472.50	VATH;0.786
599.00	599.50	VATH;0.787
129.50	129.75	VESP;0.613
412.00	412.50	WATA;0.644
6.75	8.00	WCSP;0.984
33.75	34.25	WCSP;0.669
50.50	51.25	WCSP;0.868
87.25	88.25	WCSP;0.840
106.00	106.50	WCSP;0.663
135.75	136.00	WCSP;0.676
143.25	143.50	WCSP;0.673
180.25	180.75	WCSP;0.751
194.50	195.00	WCSP;0.689
205.50	206.00	WCSP;0.725
208.50	209.00	WCSP;0.684
221.50	221.75	WCSP;0.659
249.50	250.50	WCSP;0.901
294.00	296.00	WCSP;0.987
304.75	305.25	WCSP;0.695
308.50	309.25	WCSP;0.798
317.50	318.75	WCSP;0.860
329.25	329.75	WCSP;0.712
341.00	341.75	WCSP;0.818
343.25	345.25	WCSP;0.995
354.50	356.50	WCSP;0.993
370.50	371.75	WCSP;0.977
382.25	382.50	WCSP;0.691
392.50	392.75	WCSP;0.743
405.75	406.00	WCSP;0.744
419.25	419.75	WCSP;0.783
430.50	432.00	WCSP;0.882
441.75	442.00	WCSP;0.659
450.00	451.75	WCSP;0.899
453.50	454.00	WCSP;0.754
465.25	466.25	WCSP;0.972
480.00	480.25	WCSP;0.702
494.75	495.50	WCSP;0.762
505.00	505.75	WCSP;0.882
531.25	532.50	WCSP;0.859
543.50	545.50	WCSP;0.931
568.25	568.75	WCSP;0.701
592.75	594.75	WCSP;0.981
480.00	480.25	WEFL;0.512
42.50	43.00	WIWA;0.639
487.50	488.00	WIWA;0.603
4.25	4.75	WTSP;0.728
13.25	14.50	WTSP;0.872
50.50	50.75	WTSP;0.679
54.75	55.25	WTSP;0.794
67.00	67.50	WTSP;0.710
75.25	75.75	WTSP;0.785
80.25	80.75	WTSP;0.786
83.00	85.50	WTSP;0.993
86.75	87.75	WTSP;0.858
94.50	97.75	WTSP;0.993
104.00	106.00	WTSP;0.989
107.75	108.25	WTSP;0.734
115.25	117.00	WTSP;0.976
126.00	128.50	WTSP;0.977
135.50	138.00	WTSP;0.985
142.50	143.25	WTSP;0.737
147.50	149.25	WTSP;0.989
155.00	156.75	WTSP;0.987
158.50	161.00	WTSP;0.997
171.25	172.00	WTSP;0.915
176.75	179.00	WTSP;0.944
180.00	181.00	WTSP;0.969
182.75	185.50	WTSP;0.988
189.50	189.75	WTSP;0.704
193.75	195.00	WTSP;0.991
195.50	197.25	WTSP;0.953
205.00	209.25	WTSP;0.992
215.00	216.00	WTSP;0.949
217.75	221.25	WTSP;0.986
227.00	228.00	WTSP;0.928
231.25	233.25	WTSP;0.964
237.00	237.25	WTSP;0.684
240.25	241.00	WTSP;0.867
246.50	248.75	WTSP;0.977
254.25	257.75	WTSP;0.952
263.25	265.75	WTSP;0.966
269.00	269.75	WTSP;0.812
270.50	271.00	WTSP;0.684
280.00	281.00	WTSP;0.948
282.25	285.00	WTSP;0.994
286.75	288.75	WTSP;0.992
305.00	305.50	WTSP;0.732
307.50	309.00	WTSP;0.874
312.75	313.75	WTSP;0.855
317.50	318.00	WTSP;0.837
319.25	321.00	WTSP;0.962
325.00	327.50	WTSP;0.984
339.00	339.75	WTSP;0.941
348.00	351.00	WTSP;0.994
358.25	359.00	WTSP;0.842
359.75	362.75	WTSP;0.970
372.75	374.00	WTSP;0.921
382.00	383.00	WTSP;0.945
383.50	385.25	WTSP;0.975
392.00	393.25	WTSP;0.914
394.50	397.75	WTSP;0.993
405.50	407.00	WTSP;0.959
409.00	412.25	WTSP;0.991
419.00	419.75	WTSP;0.925
423.75	425.00	WTSP;0.934
426.00	426.75	WTSP;0.885
430.50	431.25	WTSP;0.812
434.00	438.25	WTSP;0.945
441.50	444.25	WTSP;0.986
445.50	448.25	WTSP;0.992
450.00	450.50	WTSP;0.755
453.25	453.75	WTSP;0.752
457.00	457.50	WTSP;0.778
465.25	465.50	WTSP;0.700
467.00	468.50	WTSP;0.930
472.25	472.50	WTSP;0.676
482.75	484.00	WTSP;0.932
484.50	484.75	WTSP;0.668
490.00	491.75	WTSP;0.981
494.75	497.00	WTSP;0.928
501.25	502.00	WTSP;0.797
505.00	507.75	WTSP;0.903
512.00	513.75	WTSP;0.949
516.50	516.75	WTSP;0.720
519.25	520.25	WTSP;0.909
527.00	527.25	WTSP;0.663
531.00	531.50	WTSP;0.776
539.75	540.00	WTSP;0.681
543.25	544.25	WTSP;0.860
549.50	552.00	WTSP;0.890
556.25	556.50	WTSP;0.693
560.50	563.00	WTSP;0.966
572.25	574.50	WTSP;0.967
576.00	577.00	WTSP;0.932
579.50	581.25	WTSP;0.888
585.75	586.00	WTSP;0.723
587.50	590.00	WTSP;0.963
592.75	593.25	WTSP;0.734
599.00	599.50	WTSP;0.838
76.25	76.75	WWCR;0.557
140.25	140.75	YRWA;0.725
151.50	152.75	YRWA;0.970
172.25	173.00	YRWA;0.952
309.00	309.75	YRWA;0.905
318.25	319.00	YRWA;0.978
328.75	329.50	YRWA;0.600
387.00	387.75	YRWA;0.920
