443.25	443.75	AMAV;0.544
459.00	459.25	AMGP;0.554
308.25	308.50	AMPI;0.509
419.00	419.25	AMPI;0.553
500.25	500.50	ANHU;0.557
159.25	159.50	ANMU;0.607
490.50	490.75	BARS;0.592
525.50	525.75	BBPL;0.517
19.25	19.50	BCCH;0.545
207.75	208.00	BEWR;0.624
85.75	86.00	CATE;0.672
343.00	343.50	DUFL;0.694
64.25	66.50	FOSP;0.992
77.25	80.00	FOSP;0.995
91.00	93.25	FOSP;0.990
104.50	107.00	FOSP;0.995
119.25	121.75	FOSP;0.991
139.00	140.50	FOSP;0.986
385.00	385.50	FOSP;0.905
389.00	389.25	FOSP;0.907
392.25	392.50	FOSP;0.696
453.25	453.50	FOSP;0.770
457.75	458.00	FOSP;0.692
463.25	463.50	FOSP;0.809
467.75	469.25	FOSP;0.966
474.75	476.25	FOSP;0.961
488.50	489.75	FOSP;0.903
496.75	498.50	FOSP;0.988
503.75	507.25	FOSP;0.992
511.00	512.50	FOSP;0.990
518.25	522.25	FOSP;0.985
525.75	527.25	FOSP;0.988
534.75	536.25	FOSP;0.964
551.00	553.25	FOSP;0.994
574.00	576.25	FOSP;0.991
386.25	386.50	GCKI;0.568
467.25	467.75	HETH;0.695
474.50	474.75	HETH;0.750
481.00	481.25	HETH;0.517
488.50	488.75	HETH;0.544
510.75	511.00	HETH;0.814
534.00	534.50	HETH;0.609
98.00	98.25	HOLA;0.638
129.50	129.75	HOLA;0.533
268.00	268.50	HOLA;0.638
294.25	294.75	HOLA;0.553
307.50	309.50	HOLA;0.831
548.50	548.75	HOLA;0.638
577.00	577.50	HOLA;0.846
592.00	592.25	HOLA;0.592
16.50	17.00	HOSP;0.633
355.50	355.75	LALO;0.588
54.00	55.00	LISP;0.901
96.00	96.50	LISP;0.851
150.25	150.50	LISP;0.591
164.50	164.75	LISP;0.595
188.75	189.50	LISP;0.649
201.75	203.00	LISP;0.821
214.50	215.00	LISP;0.785
229.25	229.50	LISP;0.548
356.00	357.00	LISP;0.808
366.50	367.00	LISP;0.572
380.25	381.50	LISP;0.718
389.00	389.25	LISP;0.665
392.25	392.75	LISP;0.912
403.50	403.75	LISP;0.640
410.25	410.75	LISP;0.623
501.50	502.25	LISP;0.620
515.00	515.75	LISP;0.906
15.50	16.00	NHWR;0.718
28.25	29.50	NHWR;0.846
123.25	123.50	OSFL;0.612
139.00	139.25	OSFL;0.510
334.25	334.50	OSFL;0.634
505.50	505.75	OSFL;0.772
0.00	1.00	PISI;0.996
5.00	5.75	PISI;0.987
8.75	9.75	PISI;0.996
12.00	13.00	PISI;0.993
15.25	15.75	PISI;0.729
19.00	19.25	PISI;0.701
23.75	24.75	PISI;0.950
55.25	56.00	PISI;0.792
82.75	83.00	PISI;0.702
85.75	86.00	PISI;0.739
94.00	94.25	PISI;0.706
101.00	104.25	PISI;0.991
105.50	105.75	PISI;0.784
107.00	107.75	PISI;0.996
110.25	112.75	PISI;0.998
113.25	114.25	PISI;0.990
123.00	123.50	PISI;0.775
129.25	129.75	PISI;0.789
130.75	135.25	PISI;0.985
137.25	137.50	PISI;0.687
140.50	141.50	PISI;0.978
142.00	147.75	PISI;0.992
149.25	149.75	PISI;0.801
153.50	154.25	PISI;0.881
155.50	156.00	PISI;0.755
157.50	157.75	PISI;0.660
158.00	160.25	PISI;0.975
167.75	171.25	PISI;0.994
172.25	176.50	PISI;0.982
179.25	183.75	PISI;0.996
185.75	187.25	PISI;0.952
190.75	191.00	PISI;0.681
192.25	193.00	PISI;0.843
208.25	211.75	PISI;0.908
216.75	218.25	PISI;0.990
219.25	223.25	PISI;0.956
225.25	225.75	PISI;0.833
227.25	229.00	PISI;0.998
230.00	262.50	PISI;0.997
263.00	265.25	PISI;0.989
265.75	267.00	PISI;0.996
268.75	270.75	PISI;0.994
271.00	274.00	PISI;0.991
275.00	276.00	PISI;0.995
276.25	293.25	PISI;0.997
294.25	295.00	PISI;0.981
296.00	308.50	PISI;0.999
309.25	317.50	PISI;0.995
318.50	325.25	PISI;0.996
325.50	328.50	PISI;0.942
331.75	334.00	PISI;0.990
335.75	338.00	PISI;0.995
338.50	341.00	PISI;0.991
343.25	343.50	PISI;0.670
344.50	344.75	PISI;0.713
345.50	346.25	PISI;0.878
348.25	349.00	PISI;0.996
350.50	351.00	PISI;0.858
351.25	355.00	PISI;0.994
359.75	366.75	PISI;0.993
367.00	368.00	PISI;0.995
374.00	374.50	PISI;0.788
402.50	403.25	PISI;0.900
405.50	406.00	PISI;0.763
408.75	410.00	PISI;0.944
410.75	411.25	PISI;0.789
412.00	414.50	PISI;0.996
417.50	418.50	PISI;0.995
419.75	424.00	PISI;0.996
424.50	426.75	PISI;0.992
427.25	428.00	PISI;0.859
476.75	479.00	PISI;0.995
481.25	488.50	PISI;0.999
502.50	502.75	PISI;0.721
534.25	535.00	PISI;0.996
536.25	536.75	PISI;0.710
537.75	541.00	PISI;0.998
571.00	571.25	PISI;0.722
583.25	584.00	PISI;0.997
590.00	591.25	PISI;0.987
171.50	172.00	PYNU;0.574
319.25	319.75	REDP;0.529
394.25	395.00	ROWR;0.789
410.00	410.75	ROWR;0.829
424.00	424.50	ROWR;0.800
441.25	442.00	ROWR;0.948
457.00	457.75	ROWR;0.891
472.00	472.75	ROWR;0.972
501.25	501.75	ROWR;0.805
596.50	597.00	ROWR;0.785
385.00	385.50	SOSP;0.659
453.25	453.50	SOSP;0.857
463.00	463.50	SOSP;0.831
126.00	126.50	SPPI;0.929
338.25	338.50	SPPI;0.542
7.25	8.50	SWSP;0.959
21.50	22.50	SWSP;0.863
35.00	35.75	SWSP;0.964
42.25	42.75	SWSP;0.731
48.25	49.75	SWSP;0.989
62.25	62.75	SWSP;0.793
68.50	69.50	SWSP;0.857
75.00	76.25	SWSP;0.968
81.00	82.25	SWSP;0.981
87.75	89.00	SWSP;0.992
115.25	116.75	SWSP;0.967
122.25	123.00	SWSP;0.878
135.25	137.00	SWSP;0.964
163.00	164.00	SWSP;0.956
177.50	179.00	SWSP;0.973
184.25	185.75	SWSP;0.938
192.00	192.50	SWSP;0.796
198.75	200.25	SWSP;0.989
206.25	206.75	SWSP;0.793
218.25	218.75	SWSP;0.789
262.50	263.00	SWSP;0.820
275.75	276.50	SWSP;0.818
295.00	296.00	SWSP;0.962
359.25	359.50	SWSP;0.660
433.25	435.00	SWSP;0.989
448.00	449.00	SWSP;0.958
455.25	456.25	SWSP;0.930
460.75	462.25	SWSP;0.969
467.25	467.75	SWSP;0.699
473.75	474.75	SWSP;0.836
480.75	481.25	SWSP;0.691
494.25	494.75	SWSP;0.771
495.25	495.50	SWSP;0.660
508.25	509.50	SWSP;0.849
522.25	523.25	SWSP;0.946
528.50	530.00	SWSP;0.986
542.75	544.25	SWSP;0.972
557.00	558.00	SWSP;0.982
563.75	565.25	SWSP;0.978
578.75	580.00	SWSP;0.957
585.25	586.50	SWSP;0.924
592.50	593.75	SWSP;0.884
599.25	599.75	SWSP;0.763
162.00	163.00	TEWA;0.805
454.50	454.75	TEWA;0.535
191.50	191.75	VGSW;0.620
588.25	588.50	VGSW;0.551
443.50	443.75	WATA;0.535
385.25	385.50	WCSP;0.516
457.50	458.25	WCSP;0.972
463.25	463.50	WCSP;0.881
475.25	475.50	WCSP;0.524
479.50	480.25	WRSA;0.807
69.50	69.75	WTSP;0.625
386.25	386.50	WTSP;0.527
556.50	557.25	WTSP;0.780
558.00	559.00	WTSP;0.974
123.50	124.25	YRWA;0.819
229.25	229.50	YRWA;0.519
334.75	335.00	YRWA;0.535
