135.25	135.50	BASA;0.606
286.00	286.25	BHCO;0.594
272.25	272.50	CHSP;0.750
290.50	291.00	EATO;0.595
134.50	134.75	EVGR;0.624
242.00	242.25	EVGR;0.720
106.25	106.50	FISP;0.569
140.25	141.00	FOSP;0.971
161.25	163.25	FOSP;0.987
176.00	177.75	FOSP;0.966
182.25	182.75	FOSP;0.640
190.00	192.00	FOSP;0.976
200.75	201.50	FOSP;0.831
206.25	207.75	FOSP;0.900
210.25	211.00	FOSP;0.823
221.75	223.00	FOSP;0.989
226.50	227.75	FOSP;0.678
250.25	251.25	FOSP;0.804
263.75	264.75	FOSP;0.731
277.50	278.75	FOSP;0.799
290.50	291.25	FOSP;0.784
133.50	134.00	HETH;0.724
227.50	227.75	OROR;0.564
108.00	109.50	RUGR;0.897
109.75	111.75	RUGR;0.779
215.00	215.75	RUGR;0.600
220.00	220.75	RUGR;0.638
105.50	105.75	SAPH;0.854
181.75	182.00	SAPH;0.770
134.25	134.75	SNBU;0.795
200.50	201.00	SNBU;0.844
242.00	242.25	SNBU;0.683
277.25	277.75	VESP;0.548
182.75	183.00	WCSP;0.510
210.50	211.50	WCSP;0.910
250.50	251.00	WCSP;0.652
