516.50	516.75	AMGP;0.512
4.50	4.75	ATSP;0.586
226.75	227.00	ATSP;0.524
4.50	4.75	BBWA;0.632
5.25	5.50	BBWA;0.678
7.00	7.25	CHSP;0.919
390.25	390.50	EVGR;0.673
72.25	72.75	FISP;0.677
320.75	321.00	HETH;0.625
461.50	461.75	PIGR;0.508
52.75	53.50	RUGR;0.608
113.50	113.75	RUGR;0.508
124.25	125.75	RUGR;0.668
127.50	128.00	RUGR;0.609
131.25	131.75	RUGR;0.580
449.00	449.75	RUGR;0.674
506.50	506.75	RUGR;0.550
540.00	540.75	RUGR;0.734
256.50	256.75	SAPH;0.749
389.50	389.75	SAPH;0.567
257.25	257.50	SNBU;0.864
390.25	390.50	SNBU;0.523
532.50	532.75	SNBU;0.674
