16.00	16.50	AMAV;0.825
0.00	0.50	AMGP;0.561
1.25	3.00	AMRO;0.905
5.00	7.25	AMRO;0.943
9.50	10.50	AMRO;0.846
11.00	12.25	AMRO;0.973
15.00	16.00	AMRO;0.904
19.25	20.00	AMRO;0.773
24.50	26.00	AMRO;0.954
33.00	34.00	AMRO;0.889
35.00	36.00	AMRO;0.718
38.25	38.50	AMRO;0.530
47.50	48.25	AMRO;0.689
49.00	49.25	AMRO;0.529
146.75	147.50	AMRO;0.671
150.00	150.75	AMRO;0.686
167.00	167.75	AMRO;0.789
169.25	169.75	AMRO;0.584
174.25	175.00	AMRO;0.851
183.50	184.00	AMRO;0.637
197.00	197.25	AMRO;0.524
209.75	211.00	AMRO;0.813
214.00	214.75	AMRO;0.642
215.00	216.00	AMRO;0.799
271.00	271.75	AMRO;0.732
92.00	92.25	ATSP;0.635
94.00	94.25	ATSP;0.545
96.25	96.50	ATSP;0.537
156.25	157.00	ATSP;0.902
158.00	159.00	ATSP;0.949
274.50	274.75	ATSP;0.823
38.25	38.50	BAOR;0.670
187.25	187.50	BAOR;0.559
18.00	18.50	BRSP;0.593
241.25	241.50	CAFI;0.523
6.75	8.75	CHSP;0.981
17.00	17.75	CHSP;0.668
23.25	24.50	CHSP;0.915
106.00	106.25	CHSP;0.508
127.25	128.00	CHSP;0.660
195.25	196.75	CHSP;0.957
261.00	262.25	CHSP;0.825
273.00	274.00	CHSP;0.967
296.25	297.50	CHSP;0.711
127.75	128.25	DEJU;0.521
177.25	177.50	DUNL;0.720
151.50	151.75	EABL;0.594
28.25	28.75	FOSP;0.692
29.00	29.75	FOSP;0.701
43.00	43.25	FOSP;0.556
72.50	74.25	FOSP;0.959
91.00	92.75	FOSP;0.930
107.50	109.00	FOSP;0.987
126.00	126.75	FOSP;0.789
143.00	144.75	FOSP;0.925
163.75	164.75	FOSP;0.968
179.25	181.00	FOSP;0.975
197.25	199.00	FOSP;0.988
232.50	232.75	FOSP;0.508
251.25	251.75	FOSP;0.573
269.00	270.25	FOSP;0.816
287.25	287.50	FOSP;0.616
183.00	183.50	GWTE;0.542
187.75	188.00	GWTE;0.584
221.25	221.50	GWTE;0.585
248.75	249.00	GWTE;0.589
224.75	225.00	MOCH;0.539
162.00	162.25	NSHR;0.507
94.00	94.25	OCWA;0.618
259.00	259.25	PUSA;0.536
60.25	60.50	RUGR;0.529
67.25	67.50	RUGR;0.504
135.25	135.75	SAND;0.680
14.00	14.50	SATH;0.703
20.00	21.00	SATH;0.749
25.00	25.25	SATH;0.532
36.25	36.75	SATH;0.553
190.75	191.00	SATH;0.579
191.75	192.00	SATH;0.508
201.75	202.25	SATH;0.642
94.00	94.25	SAVS;0.509
219.50	221.00	SEOW;0.823
250.00	250.25	SEOW;0.552
262.25	262.50	SEOW;0.565
290.00	291.75	SEOW;0.854
29.00	29.25	SNBU;0.514
91.00	91.50	SNBU;0.573
232.50	233.75	SNBU;0.903
251.25	251.75	SNBU;0.590
252.25	252.50	SNBU;0.561
200.75	202.75	TOSO;0.964
129.25	129.50	VATH;0.525
2.50	3.75	WCSP;0.943
10.75	11.00	WCSP;0.671
22.75	23.00	WCSP;0.662
26.00	27.00	WCSP;0.993
39.50	41.25	WCSP;0.966
48.50	48.75	WCSP;0.781
55.25	56.50	WCSP;0.990
71.00	72.50	WCSP;0.994
78.75	80.25	WCSP;0.996
87.25	88.00	WCSP;0.880
94.75	96.25	WCSP;0.990
103.00	104.50	WCSP;0.984
110.75	112.00	WCSP;0.982
120.25	121.25	WCSP;0.956
137.00	138.75	WCSP;0.987
154.25	156.00	WCSP;0.939
160.25	161.25	WCSP;0.842
163.00	164.00	WCSP;0.880
170.00	171.00	WCSP;0.881
182.00	183.00	WCSP;0.994
192.50	193.00	WCSP;0.779
218.00	218.25	WCSP;0.771
229.50	230.00	WCSP;0.809
268.50	270.50	WCSP;0.973
277.00	278.75	WCSP;0.993
280.50	282.50	WCSP;0.989
285.25	287.50	WCSP;0.996
293.00	295.00	WCSP;0.997
250.50	250.75	WEWA;0.587
87.25	87.50	WTSP;0.577
159.75	160.50	WTSP;0.752
