222.75	223.00	AMPI;0.648
373.50	373.75	AMPI;0.603
347.75	348.00	BBPL;0.508
410.50	410.75	BCCH;0.522
414.50	414.75	BRSP;0.682
440.00	440.25	BTNW;0.503
242.50	242.75	CATE;0.656
79.50	80.00	EAME;0.612
353.25	353.50	EAME;0.502
478.50	478.75	EAME;0.503
492.25	492.50	EAME;0.508
359.75	360.00	EATO;0.523
520.50	521.00	EATO;0.552
541.75	542.00	EATO;0.540
160.50	161.00	FISP;0.585
598.50	599.00	FISP;0.603
1.25	2.75	FOSP;0.976
7.00	8.50	FOSP;0.974
10.75	11.75	FOSP;0.898
24.25	25.75	FOSP;0.781
28.25	29.50	FOSP;0.779
31.25	31.75	FOSP;0.748
39.50	40.75	FOSP;0.976
43.00	44.25	FOSP;0.889
53.50	55.00	FOSP;0.974
60.25	62.00	FOSP;0.804
74.50	75.00	FOSP;0.751
82.25	84.00	FOSP;0.966
88.00	89.25	FOSP;0.842
91.00	92.25	FOSP;0.916
98.50	101.75	FOSP;0.982
106.25	108.25	FOSP;0.990
111.50	111.75	FOSP;0.704
115.00	116.00	FOSP;0.973
119.00	120.00	FOSP;0.943
132.75	133.50	FOSP;0.871
144.75	146.00	FOSP;0.946
148.50	149.75	FOSP;0.838
150.75	151.25	FOSP;0.667
156.25	158.00	FOSP;0.983
163.00	164.25	FOSP;0.982
167.00	167.50	FOSP;0.714
168.00	168.25	FOSP;0.695
177.50	179.00	FOSP;0.918
180.00	182.00	FOSP;0.969
189.25	190.75	FOSP;0.955
192.50	193.25	FOSP;0.781
203.25	205.25	FOSP;0.909
208.50	209.50	FOSP;0.747
217.25	218.00	FOSP;0.946
229.00	231.50	FOSP;0.990
232.00	232.75	FOSP;0.836
242.50	244.00	FOSP;0.869
248.25	248.75	FOSP;0.712
250.25	250.75	FOSP;0.784
257.50	258.00	FOSP;0.724
262.25	263.75	FOSP;0.961
270.00	271.50	FOSP;0.927
273.75	274.50	FOSP;0.817
276.25	276.75	FOSP;0.796
279.25	280.25	FOSP;0.871
284.25	285.50	FOSP;0.987
287.25	287.75	FOSP;0.731
292.25	293.50	FOSP;0.949
297.00	297.75	FOSP;0.833
299.25	301.00	FOSP;0.923
301.50	303.50	FOSP;0.965
307.00	312.00	FOSP;0.975
317.75	319.25	FOSP;0.984
327.25	328.75	FOSP;0.986
334.25	335.25	FOSP;0.808
337.50	339.25	FOSP;0.942
342.00	343.25	FOSP;0.922
347.75	349.50	FOSP;0.992
357.00	358.50	FOSP;0.989
359.75	362.25	FOSP;0.961
369.25	371.00	FOSP;0.976
372.25	373.25	FOSP;0.959
377.25	379.50	FOSP;0.986
384.75	385.00	FOSP;0.804
387.50	389.00	FOSP;0.856
399.00	401.25	FOSP;0.974
402.75	403.75	FOSP;0.832
405.00	405.75	FOSP;0.844
406.50	407.75	FOSP;0.917
411.00	412.00	FOSP;0.984
415.25	415.75	FOSP;0.704
419.25	421.00	FOSP;0.992
435.00	436.00	FOSP;0.973
451.00	453.25	FOSP;0.991
456.50	457.50	FOSP;0.861
463.50	465.50	FOSP;0.994
466.00	467.25	FOSP;0.950
469.00	469.75	FOSP;0.834
478.00	481.00	FOSP;0.948
487.75	489.00	FOSP;0.841
490.50	492.50	FOSP;0.937
499.50	501.25	FOSP;0.841
502.25	504.25	FOSP;0.987
511.25	513.00	FOSP;0.979
513.50	514.25	FOSP;0.773
514.75	515.00	FOSP;0.724
520.25	522.25	FOSP;0.981
524.50	526.00	FOSP;0.970
529.25	531.75	FOSP;0.994
534.75	536.75	FOSP;0.967
541.50	545.00	FOSP;0.982
551.25	553.75	FOSP;0.994
560.75	561.50	FOSP;0.772
562.75	565.75	FOSP;0.991
572.75	575.75	FOSP;0.989
576.75	578.25	FOSP;0.996
585.75	587.75	FOSP;0.995
588.50	588.75	FOSP;0.697
28.00	29.00	GCSP;0.734
57.50	58.00	GCSP;0.628
75.00	75.75	GCSP;0.636
103.50	103.75	GCSP;0.512
130.25	131.00	GCSP;0.776
139.00	139.50	GCSP;0.541
140.00	140.25	GCSP;0.561
164.25	165.25	GCSP;0.893
186.00	187.25	GCSP;0.971
202.50	203.25	GCSP;0.735
220.00	220.50	GCSP;0.581
244.25	244.50	GCSP;0.501
257.50	258.00	GCSP;0.563
279.75	280.25	GCSP;0.554
286.25	287.25	GCSP;0.832
314.00	314.50	GCSP;0.558
333.25	333.50	GCSP;0.531
402.50	404.00	GCSP;0.832
438.50	439.25	GCSP;0.798
446.00	446.25	GCSP;0.546
457.00	457.75	GCSP;0.873
488.50	488.75	GCSP;0.543
500.00	500.75	GCSP;0.675
564.50	564.75	GCSP;0.510
220.25	220.50	HASP;0.649
254.50	254.75	HASP;0.636
313.50	314.25	HASP;0.633
382.00	382.25	HASP;0.501
393.25	393.75	HASP;0.634
532.50	533.00	HASP;0.664
10.25	10.75	HETH;0.631
74.00	74.75	HETH;0.846
87.50	88.00	HETH;0.782
262.25	262.75	HETH;0.818
296.50	296.75	HETH;0.541
321.25	322.00	HETH;0.800
338.75	339.25	HETH;0.564
353.50	353.75	HETH;0.514
372.00	372.50	HETH;0.722
450.75	451.00	HETH;0.612
454.00	454.50	HETH;0.840
458.00	458.25	HETH;0.629
475.00	476.00	HETH;0.987
546.50	547.00	HETH;0.825
554.25	554.50	HETH;0.568
572.50	573.00	HETH;0.705
202.00	202.25	HOLA;0.524
201.50	202.00	LISP;0.605
121.50	122.00	MAMU;0.585
195.50	196.00	MOCH;0.638
258.50	259.00	MOCH;0.601
259.50	260.00	MOCH;0.594
557.00	558.00	MOCH;0.902
349.00	349.50	PUFI;0.544
358.00	358.50	PUFI;0.605
481.00	481.25	REVI;0.525
201.25	201.75	ROWR;0.671
6.75	7.00	SAPH;0.662
65.50	65.75	SAPH;0.651
294.25	294.50	SAPH;0.617
127.25	127.50	SAVS;0.640
416.25	416.75	SAVS;0.933
493.75	494.00	SBDO;0.583
24.00	24.75	SNBU;0.652
110.25	110.75	SNBU;0.565
156.25	156.50	SNBU;0.675
180.25	180.50	SNBU;0.521
207.50	208.00	SNBU;0.815
208.25	208.75	SNBU;0.567
292.75	293.00	SNBU;0.741
384.75	385.00	SOSP;0.523
362.00	362.25	VESP;0.602
593.25	593.75	VGSW;0.784
472.25	472.75	WATA;0.590
11.00	11.75	WCSP;0.778
25.25	26.00	WCSP;0.840
31.00	31.75	WCSP;0.806
43.25	43.75	WCSP;0.599
45.25	46.00	WCSP;0.916
49.25	49.75	WCSP;0.523
55.75	56.75	WCSP;0.887
60.50	61.00	WCSP;0.690
88.00	88.75	WCSP;0.848
93.25	93.75	WCSP;0.791
95.00	95.25	WCSP;0.530
109.00	109.75	WCSP;0.729
115.75	116.75	WCSP;0.974
126.25	126.50	WCSP;0.501
132.25	133.00	WCSP;0.678
144.50	145.50	WCSP;0.603
148.25	149.00	WCSP;0.775
160.25	161.00	WCSP;0.763
169.25	170.00	WCSP;0.892
176.50	177.75	WCSP;0.693
178.00	178.50	WCSP;0.552
190.00	190.50	WCSP;0.693
204.25	204.75	WCSP;0.640
231.25	231.75	WCSP;0.686
248.25	249.00	WCSP;0.786
249.25	250.50	WCSP;0.836
254.50	254.75	WCSP;0.510
266.25	266.75	WCSP;0.696
272.50	274.25	WCSP;0.990
276.25	277.00	WCSP;0.818
285.00	285.50	WCSP;0.627
296.75	297.75	WCSP;0.878
299.50	300.25	WCSP;0.723
310.00	310.50	WCSP;0.548
328.00	328.50	WCSP;0.654
330.75	331.75	WCSP;0.881
335.50	336.25	WCSP;0.711
342.50	343.25	WCSP;0.579
345.50	346.75	WCSP;0.872
374.50	375.75	WCSP;0.914
387.75	388.75	WCSP;0.935
405.25	405.75	WCSP;0.706
407.50	408.00	WCSP;0.658
414.50	416.00	WCSP;0.927
439.25	440.00	WCSP;0.839
448.25	449.00	WCSP;0.851
459.00	460.25	WCSP;0.855
466.50	467.00	WCSP;0.608
479.00	479.75	WCSP;0.786
480.50	480.75	WCSP;0.575
512.50	512.75	WCSP;0.550
561.00	561.75	WCSP;0.738
581.75	582.00	WCSP;0.516
72.75	73.25	WIWA;0.614
359.00	359.75	WIWA;0.937
505.75	506.25	WIWA;0.802
538.75	539.50	WIWA;0.833
550.00	550.75	WIWA;0.931
571.75	572.00	WIWA;0.641
3.75	6.00	WTSP;0.983
12.00	13.50	WTSP;0.987
14.25	15.00	WTSP;0.765
19.75	22.50	WTSP;0.984
27.00	28.50	WTSP;0.972
34.50	36.75	WTSP;0.984
42.00	43.00	WTSP;0.945
44.75	45.75	WTSP;0.828
49.25	52.00	WTSP;0.970
57.50	60.00	WTSP;0.990
65.75	68.75	WTSP;0.983
75.00	76.50	WTSP;0.959
84.00	86.25	WTSP;0.987
94.00	95.75	WTSP;0.890
102.50	104.50	WTSP;0.965
108.75	109.25	WTSP;0.722
111.50	113.25	WTSP;0.988
120.00	123.50	WTSP;0.976
130.00	131.75	WTSP;0.834
138.75	141.50	WTSP;0.984
153.25	155.75	WTSP;0.984
161.25	161.75	WTSP;0.707
165.00	165.75	WTSP;0.860
169.25	169.50	WTSP;0.710
173.25	175.50	WTSP;0.989
176.00	177.00	WTSP;0.871
184.25	185.00	WTSP;0.812
185.25	186.50	WTSP;0.875
187.00	188.00	WTSP;0.864
191.50	192.25	WTSP;0.748
196.50	198.75	WTSP;0.979
213.75	216.00	WTSP;0.970
220.25	220.75	WTSP;0.683
224.50	227.00	WTSP;0.994
234.75	237.50	WTSP;0.991
244.25	244.50	WTSP;0.724
246.25	248.50	WTSP;0.983
254.50	255.25	WTSP;0.770
258.00	261.00	WTSP;0.991
267.00	267.50	WTSP;0.724
267.75	270.00	WTSP;0.993
277.00	278.25	WTSP;0.976
280.25	280.75	WTSP;0.700
287.75	289.75	WTSP;0.936
298.25	299.50	WTSP;0.888
303.25	305.00	WTSP;0.962
320.00	320.50	WTSP;0.790
322.00	322.50	WTSP;0.832
323.25	327.25	WTSP;0.993
330.50	331.00	WTSP;0.723
335.50	336.25	WTSP;0.729
339.75	341.50	WTSP;0.950
345.00	346.00	WTSP;0.822
349.75	351.75	WTSP;0.977
355.00	356.75	WTSP;0.925
362.50	366.00	WTSP;0.999
384.75	385.00	WTSP;0.725
385.50	387.75	WTSP;0.994
393.25	399.00	WTSP;0.997
402.50	405.25	WTSP;0.994
407.75	410.25	WTSP;0.990
411.50	415.00	WTSP;0.993
416.50	416.75	WTSP;0.697
417.25	419.25	WTSP;0.983
420.75	421.00	WTSP;0.701
421.25	426.00	WTSP;0.996
429.00	435.00	WTSP;0.995
437.50	438.75	WTSP;0.867
439.00	439.50	WTSP;0.715
442.00	448.25	WTSP;0.993
453.25	454.00	WTSP;0.933
457.25	458.75	WTSP;0.940
467.00	469.00	WTSP;0.984
469.50	472.75	WTSP;0.989
475.75	477.00	WTSP;0.978
482.25	483.50	WTSP;0.944
484.25	487.50	WTSP;0.996
488.75	489.00	WTSP;0.663
489.25	490.25	WTSP;0.940
494.50	498.25	WTSP;0.993
501.50	502.25	WTSP;0.837
504.50	505.75	WTSP;0.872
506.25	511.00	WTSP;0.996
514.25	516.75	WTSP;0.929
517.25	519.00	WTSP;0.973
521.75	522.00	WTSP;0.660
522.75	524.00	WTSP;0.888
526.00	528.25	WTSP;0.978
539.50	541.50	WTSP;0.989
547.25	548.25	WTSP;0.910
548.75	550.00	WTSP;0.860
550.75	551.25	WTSP;0.802
559.50	560.75	WTSP;0.943
568.50	571.50	WTSP;0.979
576.00	576.50	WTSP;0.742
578.50	580.25	WTSP;0.985
587.75	588.75	WTSP;0.907
589.00	593.50	WTSP;0.995
596.00	600.00	WTSP;0.992
206.25	206.75	WWCR;0.720
