273.25	273.75	AMRO;0.647
285.75	287.00	AMRO;0.642
207.75	208.00	BTNW;0.513
144.25	144.50	DEJU;0.528
204.25	204.75	FISP;0.567
10.25	11.75	FOSP;0.921
24.75	26.25	FOSP;0.986
39.00	40.50	FOSP;0.988
54.00	55.50	FOSP;0.974
68.25	69.75	FOSP;0.941
82.00	83.50	FOSP;0.985
98.00	99.25	FOSP;0.832
111.50	113.50	FOSP;0.935
125.25	128.75	FOSP;0.979
141.50	143.00	FOSP;0.937
156.25	157.75	FOSP;0.991
171.00	172.75	FOSP;0.992
195.75	197.25	FOSP;0.966
213.50	215.25	FOSP;0.987
229.25	231.00	FOSP;0.988
245.75	247.25	FOSP;0.996
257.75	259.50	FOSP;0.979
269.00	270.75	FOSP;0.995
283.25	285.00	FOSP;0.987
296.75	298.50	FOSP;0.986
170.50	170.75	HASP;0.607
245.00	245.50	HASP;0.634
81.75	82.00	HETH;0.568
111.50	111.75	HETH;0.527
195.50	195.75	HETH;0.616
296.50	296.75	HETH;0.541
71.00	71.25	HOLA;0.517
99.00	99.75	LASP;0.685
163.25	163.50	LASP;0.504
232.00	232.25	LASP;0.517
114.25	114.50	LISP;0.561
149.50	149.75	LISP;0.536
163.25	164.25	LISP;0.640
241.50	242.00	LISP;0.596
210.00	210.50	NHWR;0.583
254.75	255.00	NHWR;0.518
112.75	113.00	PUFI;0.534
285.00	285.75	RBGR;0.782
266.25	267.00	SATH;0.691
286.50	287.50	SATH;0.596
290.25	290.75	SATH;0.545
10.00	10.50	SOSA;0.774
69.75	70.00	SOSA;0.648
291.25	291.50	TOSO;0.502
272.50	272.75	UPSA;0.674
33.25	33.50	VATH;0.631
43.25	43.50	VATH;0.561
44.00	45.00	VATH;0.956
64.50	65.50	VATH;0.939
85.25	85.50	VATH;0.527
87.50	88.00	VATH;0.658
106.50	107.50	VATH;0.979
118.25	119.00	VATH;0.815
122.75	123.75	VATH;0.847
136.50	136.75	VATH;0.667
148.50	148.75	VATH;0.529
152.00	152.75	VATH;0.831
159.50	159.75	VATH;0.544
170.50	170.75	VATH;0.582
177.00	177.50	VATH;0.700
181.75	182.25	VATH;0.813
183.50	184.50	VATH;0.985
203.50	204.00	VATH;0.882
209.25	209.50	VATH;0.578
220.75	222.00	VATH;0.844
226.25	227.00	VATH;0.926
236.50	237.00	VATH;0.621
244.75	245.00	VATH;0.502
245.25	245.50	VATH;0.516
253.75	254.25	VATH;0.555
264.50	265.00	VATH;0.790
274.50	275.00	VATH;0.608
298.75	299.75	VATH;0.930
63.00	63.25	WATA;0.513
0.00	1.75	WCSP;0.997
6.25	8.25	WCSP;0.995
13.00	16.00	WCSP;0.995
20.75	23.00	WCSP;0.991
24.50	24.75	WCSP;0.665
28.00	30.25	WCSP;0.985
82.50	83.00	WCSP;0.676
112.00	112.75	WCSP;0.769
127.25	128.00	WCSP;0.782
142.00	142.75	WCSP;0.813
196.25	196.75	WCSP;0.710
297.25	297.50	WCSP;0.668
75.00	76.50	WIWA;0.995
86.00	87.50	WIWA;0.997
97.25	99.00	WIWA;0.984
108.50	110.00	WIWA;0.996
119.50	121.00	WIWA;0.996
131.25	132.75	WIWA;0.993
143.00	144.25	WIWA;0.997
155.25	157.00	WIWA;0.977
173.50	175.00	WIWA;0.997
191.75	193.25	WIWA;0.994
218.75	220.50	WIWA;0.996
233.75	235.25	WIWA;0.993
255.25	256.75	WIWA;0.993
276.25	278.00	WIWA;0.996
288.00	289.50	WIWA;0.994
2.75	4.75	WTSP;0.955
6.25	6.75	WTSP;0.691
13.25	14.00	WTSP;0.763
16.50	19.75	WTSP;0.992
21.00	21.75	WTSP;0.840
28.00	28.75	WTSP;0.827
37.50	39.00	WTSP;0.959
51.50	54.00	WTSP;0.990
66.25	68.25	WTSP;0.983
100.50	103.25	WTSP;0.993
110.50	110.75	WTSP;0.709
115.25	118.00	WTSP;0.987
130.25	131.00	WTSP;0.918
172.50	173.75	WTSP;0.899
181.50	182.00	WTSP;0.810
203.75	204.00	WTSP;0.709
207.50	209.75	WTSP;0.962
233.00	233.50	WTSP;0.742
236.50	237.00	WTSP;0.705
256.50	257.25	WTSP;0.921
279.50	281.00	WTSP;0.981
62.00	62.50	YRWA;0.802
77.00	77.50	YRWA;0.840
95.00	95.25	YRWA;0.579
