92.75	93.00	CHSP;0.617
0.00	1.00	FOSP;0.995
16.25	18.00	FOSP;0.994
34.25	36.00	FOSP;0.982
44.25	45.00	FOSP;0.886
55.75	58.00	FOSP;0.997
71.25	73.25	FOSP;0.996
85.25	87.75	FOSP;0.996
100.25	103.00	FOSP;0.993
118.75	121.00	FOSP;0.991
124.25	124.75	FOSP;0.709
135.00	137.00	FOSP;0.993
144.00	145.50	FOSP;0.984
151.00	153.00	FOSP;0.996
164.00	164.25	FOSP;0.720
167.75	170.50	FOSP;0.993
181.75	184.00	FOSP;0.995
203.75	206.00	FOSP;0.995
223.75	226.00	FOSP;0.973
242.25	244.75	FOSP;0.994
265.00	267.25	FOSP;0.997
285.75	288.00	FOSP;0.997
118.25	118.50	GCSP;0.503
197.00	197.50	GCSP;0.546
223.00	223.75	GCSP;0.815
229.50	229.75	GCSP;0.525
279.75	280.00	GRYE;0.507
24.75	25.50	MAMU;0.666
50.50	51.00	MOCH;0.607
91.00	91.25	MOCH;0.561
198.00	198.50	MOCH;0.596
264.00	264.50	MOCH;0.659
181.25	182.25	NOCA;0.779
52.00	52.75	SWSP;0.796
190.25	191.25	SWSP;0.838
277.50	278.25	SWSP;0.732
224.25	224.75	VESP;0.660
11.75	12.00	WCSP;0.688
14.75	16.75	WCSP;0.996
17.50	17.75	WCSP;0.680
22.00	24.25	WCSP;0.992
28.50	30.00	WCSP;0.991
33.25	36.00	WCSP;0.991
40.25	41.75	WCSP;0.990
55.50	56.25	WCSP;0.875
59.50	59.75	WCSP;0.671
66.00	66.75	WCSP;0.918
70.00	71.50	WCSP;0.992
75.75	77.50	WCSP;0.985
82.00	83.75	WCSP;0.996
86.00	86.25	WCSP;0.908
87.75	88.50	WCSP;0.861
90.00	90.50	WCSP;0.768
92.50	93.50	WCSP;0.910
97.75	98.75	WCSP;0.918
108.00	109.50	WCSP;0.994
112.50	114.00	WCSP;0.971
115.25	117.00	WCSP;0.994
118.25	119.75	WCSP;0.977
121.50	124.00	WCSP;0.994
124.25	124.50	WCSP;0.659
125.75	126.75	WCSP;0.760
128.75	129.25	WCSP;0.836
130.00	131.25	WCSP;0.986
131.50	134.00	WCSP;0.991
134.25	136.00	WCSP;0.913
138.25	140.25	WCSP;0.992
141.50	143.00	WCSP;0.956
145.75	148.00	WCSP;0.990
148.25	150.50	WCSP;0.993
152.75	155.00	WCSP;0.984
158.00	160.00	WCSP;0.979
160.75	161.50	WCSP;0.882
162.00	163.75	WCSP;0.995
167.75	168.25	WCSP;0.685
168.75	169.25	WCSP;0.898
171.25	172.75	WCSP;0.930
176.50	180.25	WCSP;0.994
183.75	186.00	WCSP;0.992
188.25	189.00	WCSP;0.973
191.25	192.00	WCSP;0.933
194.00	196.00	WCSP;0.996
201.00	203.00	WCSP;0.977
207.75	209.50	WCSP;0.989
213.75	216.00	WCSP;0.981
224.50	225.75	WCSP;0.954
233.75	234.00	WCSP;0.683
236.50	236.75	WCSP;0.843
238.25	238.75	WCSP;0.751
240.50	241.00	WCSP;0.928
245.25	246.25	WCSP;0.926
254.50	256.00	WCSP;0.989
261.00	263.00	WCSP;0.994
273.50	275.50	WCSP;0.994
1.00	15.25	WTSP;0.994
17.75	21.25	WTSP;0.996
22.00	22.75	WTSP;0.689
24.25	29.25	WTSP;0.994
36.00	40.50	WTSP;0.983
41.00	44.00	WTSP;0.991
45.75	51.00	WTSP;0.993
58.00	59.75	WTSP;0.973
60.25	63.00	WTSP;0.996
64.50	65.25	WTSP;0.831
66.75	70.50	WTSP;0.997
73.00	76.25	WTSP;0.990
77.75	82.00	WTSP;0.995
84.50	84.75	WTSP;0.669
88.75	91.50	WTSP;0.984
93.25	96.50	WTSP;0.995
97.25	99.00	WTSP;0.912
106.50	108.50	WTSP;0.947
109.50	113.00	WTSP;0.996
115.25	115.75	WTSP;0.666
121.50	122.00	WTSP;0.696
125.25	128.75	WTSP;0.994
129.25	129.75	WTSP;0.706
130.75	132.50	WTSP;0.987
134.00	134.75	WTSP;0.791
140.00	142.25	WTSP;0.954
143.25	144.00	WTSP;0.946
145.50	146.25	WTSP;0.741
148.00	149.00	WTSP;0.751
153.00	153.50	WTSP;0.686
155.50	158.50	WTSP;0.936
160.00	162.50	WTSP;0.969
164.50	167.75	WTSP;0.989
170.50	171.75	WTSP;0.874
173.00	177.00	WTSP;0.996
185.75	190.25	WTSP;0.965
192.00	194.50	WTSP;0.996
196.00	201.75	WTSP;0.995
206.00	208.50	WTSP;0.940
209.25	214.75	WTSP;0.994
216.50	221.75	WTSP;0.998
222.25	223.50	WTSP;0.945
226.75	230.00	WTSP;0.993
231.00	231.25	WTSP;0.663
232.50	234.00	WTSP;0.863
237.75	240.75	WTSP;0.974
245.00	245.75	WTSP;0.857
247.75	255.00	WTSP;0.991
256.25	261.50	WTSP;0.980
264.25	264.75	WTSP;0.741
270.50	274.00	WTSP;0.945
277.00	277.50	WTSP;0.790
278.50	280.50	WTSP;0.849
282.75	285.25	WTSP;0.967
291.00	293.75	WTSP;0.988
294.75	299.25	WTSP;0.977
