292.25	293.50	AMCR;0.853
54.75	55.00	AMGP;0.698
457.25	457.75	AMPI;0.692
317.25	317.50	AMRO;0.556
317.75	319.25	AMRO;0.741
489.50	489.75	AMRO;0.538
492.50	494.00	AMRO;0.971
498.25	501.25	AMRO;0.974
505.25	505.75	AMRO;0.570
443.25	444.00	AMWI;0.955
257.50	257.75	BCCH;0.541
307.25	308.00	BCCH;0.768
342.00	342.50	BCCH;0.716
363.00	363.50	BCCH;0.601
420.75	421.00	BCCH;0.515
523.50	523.75	BCCH;0.580
248.25	248.50	BFAL;0.502
304.25	304.75	BHCO;0.781
317.75	318.00	BHCO;0.549
339.00	339.25	BHCO;0.536
110.50	110.75	BLJA;0.552
204.25	204.50	BLJA;0.626
207.00	207.50	BLJA;0.665
217.50	217.75	BLJA;0.519
584.00	584.25	BLJA;0.575
590.00	590.25	BLJA;0.742
125.00	125.25	BLTE;0.567
560.50	560.75	BOBO;0.582
486.50	486.75	BUOR;0.519
527.50	527.75	COMU;0.531
572.75	573.25	COMU;0.637
275.50	276.00	CORA;0.829
118.50	118.75	DUNL;0.561
271.50	271.75	EABL;0.567
503.00	503.50	EABL;0.805
586.00	586.50	EAME;0.605
146.00	146.50	EVGR;0.755
31.50	31.75	FISP;0.513
265.25	266.75	FISP;0.859
557.75	559.25	FISP;0.774
64.50	65.75	FOSP;0.866
78.25	79.25	FOSP;0.793
128.00	128.75	FOSP;0.953
140.50	141.75	FOSP;0.854
157.75	159.00	FOSP;0.916
163.00	163.75	FOSP;0.753
168.50	170.00	FOSP;0.945
180.00	180.50	FOSP;0.734
183.00	184.25	FOSP;0.872
191.25	192.50	FOSP;0.834
195.00	197.00	FOSP;0.997
207.50	208.75	FOSP;0.985
223.25	224.25	FOSP;0.925
266.25	266.75	FOSP;0.813
337.50	339.00	FOSP;0.961
346.75	347.00	FOSP;0.692
347.25	348.50	FOSP;0.874
357.00	358.50	FOSP;0.969
366.25	368.75	FOSP;0.978
378.50	380.25	FOSP;0.991
390.25	392.50	FOSP;0.984
409.25	410.75	FOSP;0.962
424.00	426.00	FOSP;0.960
440.00	442.00	FOSP;0.994
452.25	454.75	FOSP;0.987
467.25	468.75	FOSP;0.974
566.00	567.50	FOSP;0.992
574.00	576.25	FOSP;0.997
586.50	588.75	FOSP;0.929
582.00	582.25	GCSP;0.674
215.25	215.75	GWTE;0.736
459.25	459.50	GWTE;0.598
494.25	495.00	GWTE;0.728
495.50	496.75	GWTE;0.613
518.50	519.50	GWTE;0.802
186.50	187.00	HETH;0.812
198.50	198.75	HETH;0.741
204.25	204.50	HETH;0.775
210.00	210.75	HETH;0.873
217.25	218.00	HETH;0.988
219.50	220.00	HETH;0.930
225.00	225.50	HETH;0.694
227.25	228.00	HETH;0.931
231.50	232.25	HETH;0.964
233.50	234.25	HETH;0.943
236.00	236.50	HETH;0.983
238.00	238.50	HETH;0.941
240.00	240.75	HETH;0.976
242.50	242.75	HETH;0.778
244.25	244.75	HETH;0.913
246.25	247.00	HETH;0.987
248.25	248.50	HETH;0.709
250.00	250.75	HETH;0.952
257.25	257.75	HETH;0.898
260.50	261.25	HETH;0.967
269.50	270.00	HETH;0.667
276.00	277.00	HETH;0.976
278.50	279.50	HETH;0.967
281.75	283.00	HETH;0.996
288.50	289.25	HETH;0.781
291.75	292.00	HETH;0.769
294.50	295.75	HETH;0.982
297.75	298.00	HETH;0.765
301.00	301.25	HETH;0.689
304.25	305.00	HETH;0.829
307.25	308.00	HETH;0.881
309.25	309.75	HETH;0.738
310.50	311.75	HETH;0.974
314.25	315.50	HETH;0.959
317.75	318.00	HETH;0.781
321.25	322.25	HETH;0.959
324.75	325.00	HETH;0.670
327.50	328.75	HETH;0.980
332.75	333.00	HETH;0.661
334.75	335.25	HETH;0.750
342.00	343.00	HETH;0.969
345.50	345.75	HETH;0.661
349.00	350.00	HETH;0.994
363.00	364.25	HETH;0.984
370.00	371.25	HETH;0.985
376.75	378.00	HETH;0.992
384.00	385.00	HETH;0.981
398.75	400.00	HETH;0.975
405.75	406.25	HETH;0.682
409.75	410.00	HETH;0.674
412.75	414.00	HETH;0.930
420.75	421.75	HETH;0.873
523.25	524.25	HETH;0.979
547.25	547.50	HETH;0.780
550.50	551.25	HETH;0.968
553.00	553.50	HETH;0.819
555.00	555.75	HETH;0.985
557.50	557.75	HETH;0.793
559.50	560.00	HETH;0.799
561.75	562.25	HETH;0.917
564.50	565.00	HETH;0.948
577.75	578.00	HETH;0.811
584.00	584.25	HETH;0.828
590.00	590.25	HETH;0.819
598.50	599.25	HETH;0.991
286.50	286.75	HOLA;0.604
330.25	330.75	HOLA;0.589
457.50	457.75	HOLA;0.622
403.00	403.25	LBDO;0.506
487.50	488.25	LISP;0.585
510.25	510.75	LTJA;0.553
12.75	13.50	MAMU;0.770
115.25	115.75	MAMU;0.689
118.50	119.00	MAMU;0.554
222.25	223.00	MAMU;0.626
229.50	229.75	MAMU;0.512
295.75	296.75	MAMU;0.841
553.00	553.25	MAMU;0.539
14.25	14.75	MOCH;0.563
288.25	289.00	MOCH;0.926
334.50	334.75	MOCH;0.609
405.75	406.00	MOCH;0.542
475.00	475.25	MOCH;0.513
544.50	545.25	MOCH;0.774
525.00	525.25	PAWA;0.625
54.75	55.00	PIGR;0.595
180.25	180.50	PIGR;0.515
469.25	469.50	PIGR;0.638
23.00	24.25	PISI;0.985
125.00	125.25	PISI;0.557
34.25	34.75	PUSA;0.650
430.00	430.50	RCKI;0.571
345.25	345.75	RUBL;0.652
451.25	451.75	RUTU;0.728
561.75	562.00	RWBL;0.553
229.75	230.00	SAPH;0.510
251.25	251.50	SATH;0.571
481.25	482.50	SATH;0.757
496.00	497.00	SATH;0.807
142.00	142.25	SBDO;0.558
114.50	114.75	SNBU;0.547
163.00	163.50	SNBU;0.822
179.50	180.00	SNBU;0.836
191.25	191.50	SNBU;0.575
202.50	202.75	SNBU;0.507
338.50	338.75	SNBU;0.525
346.75	347.00	SNBU;0.580
347.50	347.75	SNBU;0.685
378.50	378.75	SNBU;0.687
508.75	509.00	SOSP;0.680
515.00	516.00	SWSP;0.806
525.25	526.00	SWSP;0.889
532.75	533.25	SWSP;0.516
551.50	551.75	SWSP;0.556
560.00	560.25	SWSP;0.686
578.00	578.50	SWSP;0.631
117.25	117.75	TBLO;0.555
396.50	397.00	TOSO;0.857
404.25	404.50	TOSO;0.528
72.75	73.25	VATH;0.647
156.50	157.00	VATH;0.853
247.75	248.00	VATH;0.567
433.50	434.00	VATH;0.581
242.50	242.75	VESP;0.505
356.75	357.00	VESP;0.589
378.50	378.75	VESP;0.510
405.75	406.00	VESP;0.525
467.25	467.50	VESP;0.518
550.75	551.00	VESP;0.569
503.25	503.75	WEBL;0.697
242.25	243.00	WEME;0.826
321.25	321.75	WEME;0.682
6.75	8.50	WIWA;0.996
18.50	20.00	WIWA;0.996
29.00	30.50	WIWA;0.997
39.25	40.75	WIWA;0.994
73.50	74.75	WIWA;0.997
82.25	83.75	WIWA;0.995
92.25	93.75	WIWA;0.996
102.50	103.75	WIWA;0.994
506.50	507.75	WIWA;0.982
515.25	516.00	WIWA;0.834
532.75	533.75	WIWA;0.936
551.50	552.50	WIWA;0.843
568.50	569.75	WIWA;0.962
577.75	578.50	WIWA;0.856
587.50	588.25	WIWA;0.796
596.25	597.50	WIWA;0.958
13.75	14.75	WTSP;0.909
21.00	21.50	WTSP;0.748
27.75	28.50	WTSP;0.767
30.50	32.25	WTSP;0.932
33.25	35.00	WTSP;0.944
42.25	43.25	WTSP;0.844
44.25	47.00	WTSP;0.988
58.50	60.75	WTSP;0.933
72.75	73.00	WTSP;0.659
86.75	90.25	WTSP;0.993
108.00	109.75	WTSP;0.962
175.50	175.75	WTSP;0.695
224.50	225.25	WTSP;0.848
262.75	265.50	WTSP;0.972
332.75	334.75	WTSP;0.972
336.00	336.75	WTSP;0.906
360.50	362.75	WTSP;0.995
373.25	375.25	WTSP;0.989
387.75	390.00	WTSP;0.995
400.25	402.75	WTSP;0.990
414.00	418.00	WTSP;0.990
433.50	435.50	WTSP;0.958
445.00	449.00	WTSP;0.988
460.75	464.50	WTSP;0.980
473.00	475.25	WTSP;0.974
489.25	491.75	WTSP;0.983
512.50	515.00	WTSP;0.993
529.50	532.75	WTSP;0.994
544.25	545.00	WTSP;0.786
556.50	559.25	WTSP;0.887
578.50	582.00	WTSP;0.990
592.75	595.00	WTSP;0.936
