115.00	115.25	BCCH;0.510
10.75	11.00	BRSP;0.716
30.25	30.50	BRSP;0.505
178.00	178.75	CHSP;0.815
179.00	180.00	CHSP;0.917
182.25	183.75	CHSP;0.973
110.50	110.75	DEJU;0.645
70.75	71.00	EAME;0.596
107.50	107.75	EAME;0.506
209.75	210.00	EAME;0.584
223.25	223.75	EATO;0.684
81.25	82.00	FISP;0.772
1.50	3.25	FOSP;0.933
4.75	5.75	FOSP;0.924
12.75	13.00	FOSP;0.673
18.75	20.00	FOSP;0.956
26.00	28.00	FOSP;0.990
34.00	35.00	FOSP;0.909
39.25	40.75	FOSP;0.937
50.00	54.75	FOSP;0.989
66.50	68.00	FOSP;0.972
72.50	73.75	FOSP;0.949
75.75	77.75	FOSP;0.990
86.25	88.00	FOSP;0.988
92.25	95.00	FOSP;0.973
103.00	105.50	FOSP;0.983
107.25	109.00	FOSP;0.996
118.25	120.25	FOSP;0.989
121.00	122.75	FOSP;0.989
123.00	123.75	FOSP;0.728
136.25	139.00	FOSP;0.991
140.00	140.50	FOSP;0.696
145.75	147.50	FOSP;0.977
151.25	151.50	FOSP;0.690
152.25	153.50	FOSP;0.989
159.75	161.50	FOSP;0.977
164.25	166.25	FOSP;0.964
168.00	169.25	FOSP;0.955
171.25	174.75	FOSP;0.990
180.00	182.75	FOSP;0.972
190.25	192.00	FOSP;0.988
193.00	194.25	FOSP;0.965
198.00	200.75	FOSP;0.995
204.50	205.25	FOSP;0.808
206.50	208.25	FOSP;0.979
215.25	217.75	FOSP;0.985
223.25	225.00	FOSP;0.952
227.25	227.50	FOSP;0.659
231.25	232.50	FOSP;0.974
234.00	235.75	FOSP;0.986
238.75	240.75	FOSP;0.986
244.25	245.00	FOSP;0.803
247.00	249.25	FOSP;0.990
256.50	258.25	FOSP;0.952
266.25	270.50	FOSP;0.994
275.00	278.75	FOSP;0.992
285.00	285.50	FOSP;0.728
289.50	290.00	FOSP;0.713
290.75	292.00	FOSP;0.947
294.75	296.50	FOSP;0.857
297.75	299.75	FOSP;0.982
34.25	34.75	GCSP;0.550
135.50	136.75	GCSP;0.826
203.75	204.50	GCSP;0.699
209.50	210.25	GCSP;0.855
295.00	295.75	GCSP;0.684
18.50	19.00	HETH;0.683
25.50	26.00	HETH;0.678
33.75	34.00	HETH;0.514
37.25	37.75	HETH;0.572
86.00	86.25	HETH;0.647
100.50	101.25	HETH;0.866
102.75	103.00	HETH;0.737
115.00	115.50	HETH;0.701
131.00	131.25	HETH;0.749
151.75	152.00	HETH;0.570
184.00	184.50	HETH;0.746
189.00	189.75	HETH;0.791
231.00	231.25	HETH;0.534
238.50	239.00	HETH;0.683
244.00	244.50	HETH;0.535
256.25	256.75	HETH;0.846
30.25	30.50	HEWA;0.504
246.50	247.00	HOFI;0.662
64.00	64.50	KILL;0.601
90.00	90.25	MAMU;0.505
58.00	58.50	MOCH;0.629
70.50	70.75	MOCH;0.558
111.00	111.75	MOCH;0.769
169.75	170.25	MOCH;0.648
177.25	177.50	MOCH;0.508
187.50	188.00	MOCH;0.625
192.25	192.75	MOCH;0.715
259.25	259.75	MOCH;0.739
262.50	262.75	MOCH;0.523
9.50	10.50	VATH;0.952
20.25	21.50	VATH;0.941
35.50	36.50	VATH;0.861
46.50	47.75	VATH;0.838
86.00	86.25	VATH;0.819
96.50	97.75	VATH;0.975
125.75	127.00	VATH;0.970
148.75	149.75	VATH;0.895
158.75	159.50	VATH;0.625
178.50	179.25	VATH;0.978
208.75	209.00	VATH;0.542
221.00	221.50	VATH;0.825
254.25	255.50	VATH;0.978
287.00	288.25	VATH;0.965
27.75	28.00	VESP;0.542
30.25	30.50	VESP;0.540
40.25	40.75	VESP;0.649
42.25	42.50	VESP;0.581
44.00	44.25	VESP;0.507
46.00	46.25	VESP;0.501
48.50	48.75	VESP;0.557
77.25	77.75	VESP;0.655
159.75	160.00	VESP;0.514
174.50	174.75	VESP;0.524
267.50	268.25	VESP;0.607
286.00	286.75	VESP;0.598
3.25	3.50	WCSP;0.665
4.00	6.25	WCSP;0.986
10.75	11.25	WCSP;0.879
19.00	19.75	WCSP;0.785
23.50	24.25	WCSP;0.989
27.50	28.25	WCSP;0.974
30.25	30.75	WCSP;0.962
33.75	34.00	WCSP;0.675
34.25	35.00	WCSP;0.724
36.75	37.50	WCSP;0.878
42.25	42.75	WCSP;0.883
43.75	44.50	WCSP;0.949
45.50	46.25	WCSP;0.947
48.25	49.00	WCSP;0.976
67.25	67.75	WCSP;0.712
87.00	87.25	WCSP;0.661
103.25	104.50	WCSP;0.902
112.75	113.25	WCSP;0.756
124.25	124.75	WCSP;0.697
144.75	146.00	WCSP;0.988
160.00	161.50	WCSP;0.882
162.25	163.00	WCSP;0.958
164.00	166.25	WCSP;0.930
167.75	169.00	WCSP;0.782
191.00	191.50	WCSP;0.726
196.25	196.50	WCSP;0.662
199.25	200.75	WCSP;0.962
204.50	205.00	WCSP;0.729
207.25	207.75	WCSP;0.697
211.75	212.75	WCSP;0.921
213.50	213.75	WCSP;0.695
215.00	216.25	WCSP;0.813
217.00	217.50	WCSP;0.676
220.25	221.00	WCSP;0.888
224.00	224.75	WCSP;0.858
225.75	227.50	WCSP;0.991
230.75	232.50	WCSP;0.839
235.00	237.25	WCSP;0.997
239.50	240.00	WCSP;0.704
244.50	244.75	WCSP;0.669
247.75	248.50	WCSP;0.731
253.00	253.75	WCSP;0.897
257.00	257.50	WCSP;0.768
259.75	260.00	WCSP;0.682
264.50	265.75	WCSP;0.990
271.50	273.50	WCSP;0.995
277.00	277.50	WCSP;0.765
278.50	279.00	WCSP;0.685
279.50	281.25	WCSP;0.993
285.50	287.00	WCSP;0.972
294.00	294.75	WCSP;0.921
298.50	299.00	WCSP;0.700
116.50	117.00	WIWA;0.844
6.25	9.75	WTSP;0.971
14.50	17.50	WTSP;0.990
22.75	25.00	WTSP;0.980
33.75	34.25	WTSP;0.731
45.25	45.75	WTSP;0.806
46.50	47.25	WTSP;0.728
56.00	58.50	WTSP;0.991
65.00	66.75	WTSP;0.986
132.50	134.00	WTSP;0.986
140.75	141.00	WTSP;0.688
141.25	145.00	WTSP;0.995
153.75	156.25	WTSP;0.995
166.25	168.00	WTSP;0.989
175.25	177.75	WTSP;0.992
184.25	187.75	WTSP;0.994
196.00	197.75	WTSP;0.966
202.25	204.75	WTSP;0.994
210.00	212.00	WTSP;0.990
212.50	213.50	WTSP;0.814
217.75	220.50	WTSP;0.994
221.25	222.00	WTSP;0.732
226.00	226.25	WTSP;0.699
230.50	231.25	WTSP;0.774
232.25	234.00	WTSP;0.977
241.75	244.25	WTSP;0.996
250.75	253.25	WTSP;0.995
259.00	263.00	WTSP;0.983
264.25	264.75	WTSP;0.718
282.50	285.00	WTSP;0.985
292.50	294.50	WTSP;0.960
296.00	297.25	WTSP;0.834
