27.75	28.25	BLJA;0.849
59.50	60.00	CHSP;0.587
70.50	72.75	CHSP;0.927
88.25	89.75	CHSP;0.894
99.25	101.75	CHSP;0.981
111.00	112.50	CHSP;0.966
59.75	60.50	DEJU;0.827
8.00	10.00	FOSP;0.994
23.25	23.50	FOSP;0.691
40.00	42.25	FOSP;0.993
48.50	52.00	FOSP;0.997
62.50	64.50	FOSP;0.948
73.00	75.25	FOSP;0.977
77.25	77.75	FOSP;0.777
92.75	95.00	FOSP;0.992
109.25	110.25	FOSP;0.823
116.25	117.75	FOSP;0.978
126.50	128.25	FOSP;0.985
137.25	139.25	FOSP;0.990
142.50	144.00	FOSP;0.977
154.00	155.75	FOSP;0.995
158.00	159.75	FOSP;0.980
163.00	164.00	FOSP;0.874
166.25	168.00	FOSP;0.995
174.25	176.00	FOSP;0.976
179.25	181.25	FOSP;0.995
189.00	190.75	FOSP;0.964
192.25	194.25	FOSP;0.973
204.25	205.75	FOSP;0.844
216.00	217.75	FOSP;0.994
221.50	223.50	FOSP;0.874
226.25	227.25	FOSP;0.934
235.25	239.00	FOSP;0.993
245.50	246.25	FOSP;0.944
251.25	254.75	FOSP;0.922
258.00	258.75	FOSP;0.918
263.00	264.00	FOSP;0.966
267.25	269.25	FOSP;0.983
272.00	274.00	FOSP;0.989
277.75	278.75	FOSP;0.985
281.50	283.25	FOSP;0.990
285.50	286.25	FOSP;0.800
289.75	290.75	FOSP;0.939
293.50	295.50	FOSP;0.978
297.75	299.25	FOSP;0.982
3.50	4.00	HETH;0.931
6.75	7.00	HETH;0.884
285.00	285.25	KILL;0.570
77.00	77.75	PIGR;0.811
227.00	227.25	PIGR;0.595
285.75	286.25	PIGR;0.752
48.50	48.75	SNBU;0.783
174.50	174.75	SNBU;0.532
189.00	189.25	SNBU;0.504
221.75	222.25	SNBU;0.610
222.50	222.75	SNBU;0.554
286.00	286.25	SNBU;0.536
196.25	196.50	SWSP;0.525
283.00	283.75	SWSP;0.740
66.50	67.50	VATH;0.979
122.50	123.25	VATH;0.865
207.50	208.00	VATH;0.873
3.50	4.00	VESP;0.589
6.75	7.00	VESP;0.578
295.00	295.50	VESP;0.636
95.25	95.50	WCSP;0.509
267.75	268.50	WCSP;0.582
4.50	6.00	WIWA;0.996
14.50	15.75	WIWA;0.996
23.25	24.50	WIWA;0.993
32.50	34.00	WIWA;0.996
46.00	47.25	WIWA;0.993
63.25	63.75	WIWA;0.797
73.75	74.50	WIWA;0.911
84.25	85.75	WIWA;0.994
97.25	98.50	WIWA;0.994
106.75	108.00	WIWA;0.996
121.25	122.50	WIWA;0.995
132.25	133.50	WIWA;0.994
143.50	145.00	WIWA;0.995
155.75	156.50	WIWA;0.989
165.25	166.50	WIWA;0.996
176.25	177.00	WIWA;0.990
182.50	184.00	WIWA;0.997
193.00	193.75	WIWA;0.899
202.00	203.50	WIWA;0.995
215.00	216.25	WIWA;0.996
228.25	229.25	WIWA;0.996
242.00	243.25	WIWA;0.996
255.25	256.50	WIWA;0.996
263.75	264.50	WIWA;0.877
274.25	275.50	WIWA;0.990
283.00	283.50	WIWA;0.819
290.50	292.00	WIWA;0.992
299.25	300.00	WIWA;0.982
78.25	81.00	WTSP;0.975
171.00	172.00	WTSP;0.678
172.25	173.00	WTSP;0.570
187.00	187.50	WTSP;0.622
