19.50	19.75	AMGP;0.536
53.25	53.50	AMGP;0.711
102.25	102.50	AMGP;0.641
117.00	117.25	AMGP;0.695
258.50	258.75	AMGP;0.562
269.50	269.75	AMGP;0.523
271.25	271.50	AMGP;0.547
335.25	335.75	AMGP;0.642
336.25	336.50	AMGP;0.582
337.00	337.50	AMGP;0.600
346.50	346.75	AMGP;0.617
370.50	370.75	AMGP;0.504
405.50	405.75	AMGP;0.690
476.25	476.50	AMGP;0.620
480.00	480.50	AMGP;0.715
530.75	531.00	AMGP;0.502
566.00	566.50	AMGP;0.712
54.25	54.75	AMRO;0.534
65.00	65.50	AMRO;0.548
160.25	160.75	AMRO;0.564
427.25	427.50	AMRO;0.536
506.25	506.75	ARTE;0.821
200.00	200.50	BBWA;0.727
202.25	202.50	BBWA;0.567
70.25	70.75	BLOY;0.632
107.00	107.50	BLOY;0.824
146.50	147.00	BLOY;0.697
247.50	247.75	BLOY;0.659
380.00	380.50	BLOY;0.637
406.25	406.75	BLOY;0.709
464.50	464.75	BLOY;0.522
481.25	481.75	BLOY;0.578
73.75	74.00	COMU;0.524
87.50	87.75	COMU;0.533
305.50	305.75	DEJU;0.503
4.25	4.75	DUNL;0.609
33.00	33.75	DUNL;0.677
36.50	37.25	DUNL;0.737
54.50	54.75	DUNL;0.519
56.50	57.00	DUNL;0.699
62.25	62.75	DUNL;0.637
70.75	71.75	DUNL;0.699
74.25	74.75	DUNL;0.699
88.00	88.50	DUNL;0.671
90.50	91.00	DUNL;0.612
171.50	172.00	DUNL;0.586
188.75	189.75	DUNL;0.683
210.25	211.00	DUNL;0.642
211.25	211.75	DUNL;0.741
213.00	213.50	DUNL;0.635
231.50	232.50	DUNL;0.694
243.25	243.75	DUNL;0.561
262.25	263.75	DUNL;0.836
275.25	275.75	DUNL;0.676
342.25	342.75	DUNL;0.625
377.25	378.00	DUNL;0.734
390.50	391.00	DUNL;0.588
416.50	416.75	DUNL;0.637
436.25	436.50	DUNL;0.546
482.00	482.75	DUNL;0.708
483.00	483.25	DUNL;0.517
484.25	485.00	DUNL;0.787
491.50	491.75	DUNL;0.595
492.25	492.50	DUNL;0.527
504.25	504.75	DUNL;0.627
505.25	505.75	DUNL;0.593
515.50	516.00	DUNL;0.666
517.25	517.75	DUNL;0.596
530.00	530.75	DUNL;0.871
538.25	539.00	DUNL;0.704
545.00	545.50	DUNL;0.562
546.00	546.25	DUNL;0.521
555.00	555.75	DUNL;0.674
564.50	565.50	DUNL;0.679
583.25	583.75	DUNL;0.696
291.25	291.50	FISP;0.658
321.00	321.75	FISP;0.676
98.25	100.50	FOSP;0.997
110.25	112.50	FOSP;0.989
257.00	258.25	FOSP;0.961
267.75	269.50	FOSP;0.851
287.25	288.75	FOSP;0.782
297.75	299.00	FOSP;0.973
332.75	334.25	FOSP;0.980
346.75	347.75	FOSP;0.886
371.75	372.75	FOSP;0.944
386.50	386.75	FOSP;0.658
401.00	403.75	FOSP;0.989
410.75	412.00	FOSP;0.956
417.25	419.00	FOSP;0.925
437.25	440.00	FOSP;0.990
454.25	457.00	FOSP;0.988
473.50	473.75	FOSP;0.707
493.50	494.25	FOSP;0.798
309.00	309.50	GCSP;0.565
396.75	397.00	GCSP;0.531
16.75	17.00	HASP;0.539
37.50	38.00	HASP;0.625
178.00	178.75	HASP;0.623
248.25	249.00	HASP;0.693
264.25	264.75	HASP;0.564
320.50	320.75	HASP;0.511
332.00	332.50	HASP;0.582
485.00	485.50	HASP;0.600
589.50	590.25	HASP;0.848
202.25	202.50	HEWA;0.512
297.50	298.00	HOFI;0.703
29.00	29.75	LARB;0.710
77.75	78.00	LARB;0.535
516.50	516.75	LESA;0.567
1.75	2.00	LISP;0.659
63.75	64.75	LISP;0.927
115.50	116.50	LISP;0.958
129.50	131.75	LISP;0.980
144.75	145.00	LISP;0.681
145.25	146.50	LISP;0.930
166.75	169.00	LISP;0.991
181.00	183.00	LISP;0.995
194.00	196.25	LISP;0.995
206.00	208.50	LISP;0.990
219.75	221.75	LISP;0.979
575.50	577.75	LISP;0.959
591.75	593.25	LISP;0.950
307.25	308.00	MOCH;0.678
212.25	212.75	NSHR;0.604
473.50	473.75	OSFL;0.552
21.00	21.50	PUFI;0.786
129.50	129.75	PUFI;0.577
234.25	234.75	RTHA;0.598
208.50	209.00	RUGR;0.519
404.00	405.00	RUGR;0.726
406.25	407.75	RUGR;0.646
45.00	45.50	SATH;0.609
351.00	351.50	SEPL;0.525
417.50	417.75	SNBU;0.705
2.50	3.50	SWSP;0.768
34.00	34.50	SWSP;0.541
45.50	45.75	SWSP;0.505
162.50	163.00	SWSP;0.553
175.25	175.75	SWSP;0.588
296.00	296.25	SWSP;0.511
305.50	306.00	SWSP;0.521
349.75	350.00	SWSP;0.618
366.00	366.25	SWSP;0.592
385.25	386.00	SWSP;0.835
434.50	434.75	SWSP;0.535
435.00	435.25	SWSP;0.651
453.75	454.00	SWSP;0.550
493.25	493.75	SWSP;0.546
503.00	503.75	SWSP;0.699
513.25	513.75	SWSP;0.606
533.50	534.00	SWSP;0.660
331.75	332.25	VATH;0.709
527.00	527.50	VATH;0.633
589.50	589.75	VATH;0.527
440.25	440.50	WATA;0.581
10.50	12.25	WCSP;0.994
16.75	17.00	WCSP;0.679
23.50	25.75	WCSP;0.995
37.50	39.75	WCSP;0.995
50.50	52.75	WCSP;0.989
66.50	68.50	WCSP;0.995
81.75	83.25	WCSP;0.993
96.75	98.50	WCSP;0.995
113.25	115.00	WCSP;0.994
125.50	127.75	WCSP;0.995
140.25	142.50	WCSP;0.993
153.25	155.00	WCSP;0.996
165.25	166.50	WCSP;0.916
178.25	180.00	WCSP;0.980
192.25	193.75	WCSP;0.984
200.00	201.00	WCSP;0.787
208.25	209.25	WCSP;0.915
216.50	216.75	WCSP;0.691
221.50	223.25	WCSP;0.994
234.50	236.75	WCSP;0.994
248.25	250.50	WCSP;0.995
257.50	258.25	WCSP;0.766
264.75	266.50	WCSP;0.994
267.25	267.50	WCSP;0.657
277.75	281.00	WCSP;0.996
293.75	296.00	WCSP;0.993
298.50	299.00	WCSP;0.746
309.25	311.25	WCSP;0.997
321.00	322.00	WCSP;0.840
323.50	325.75	WCSP;0.995
340.25	342.00	WCSP;0.989
347.00	347.75	WCSP;0.864
356.25	358.25	WCSP;0.978
373.50	375.75	WCSP;0.996
388.25	390.00	WCSP;0.995
411.50	411.75	WCSP;0.657
422.25	422.50	WCSP;0.775
432.25	433.75	WCSP;0.958
446.00	447.50	WCSP;0.963
458.00	460.00	WCSP;0.986
468.75	470.75	WCSP;0.995
474.50	475.00	WCSP;0.777
485.00	487.00	WCSP;0.987
497.25	499.25	WCSP;0.993
509.00	510.75	WCSP;0.992
523.00	524.75	WCSP;0.985
535.00	536.50	WCSP;0.997
547.00	548.75	WCSP;0.996
559.25	561.25	WCSP;0.993
571.50	573.50	WCSP;0.998
584.25	586.25	WCSP;0.994
599.25	600.00	WCSP;0.754
45.25	45.50	WEME;0.529
586.00	586.50	WEWP;0.616
33.75	34.50	WIWA;0.862
45.50	45.75	WIWA;0.720
55.75	56.50	WIWA;0.828
77.00	77.75	WIWA;0.859
88.00	89.00	WIWA;0.904
134.25	135.00	WIWA;0.978
150.00	151.00	WIWA;0.960
162.25	163.00	WIWA;0.837
175.00	175.75	WIWA;0.874
185.25	186.25	WIWA;0.980
228.00	229.50	WIWA;0.993
239.00	240.50	WIWA;0.994
254.25	255.50	WIWA;0.975
264.25	265.00	WIWA;0.890
284.75	285.75	WIWA;0.929
305.75	306.25	WIWA;0.703
315.25	316.50	WIWA;0.989
334.25	335.25	WIWA;0.991
343.50	345.00	WIWA;0.984
355.50	356.00	WIWA;0.938
365.50	366.50	WIWA;0.966
375.75	376.50	WIWA;0.890
385.25	386.00	WIWA;0.836
395.25	396.50	WIWA;0.991
414.25	415.50	WIWA;0.940
424.00	425.00	WIWA;0.946
434.25	435.25	WIWA;0.796
444.00	445.25	WIWA;0.995
453.75	454.00	WIWA;0.677
463.50	464.50	WIWA;0.954
473.75	474.25	WIWA;0.835
483.50	484.25	WIWA;0.871
503.25	503.75	WIWA;0.773
513.00	514.00	WIWA;0.893
533.50	533.75	WIWA;0.669
543.25	544.25	WIWA;0.982
553.25	554.50	WIWA;0.991
563.25	563.75	WIWA;0.770
581.75	583.00	WIWA;0.984
9.75	11.00	WTSP;0.884
16.75	17.00	WTSP;0.677
54.50	55.75	WTSP;0.883
66.25	67.00	WTSP;0.872
79.75	82.00	WTSP;0.973
93.50	95.75	WTSP;0.962
96.25	97.00	WTSP;0.899
113.50	113.75	WTSP;0.714
120.50	121.50	WTSP;0.772
121.75	123.50	WTSP;0.993
135.00	137.00	WTSP;0.983
148.25	150.00	WTSP;0.990
153.00	154.00	WTSP;0.789
155.00	162.25	WTSP;0.997
165.25	166.00	WTSP;0.784
169.50	171.00	WTSP;0.890
174.25	174.75	WTSP;0.700
175.75	176.75	WTSP;0.972
178.25	178.75	WTSP;0.688
184.25	187.25	WTSP;0.994
190.50	193.00	WTSP;0.873
197.00	197.75	WTSP;0.865
203.50	205.25	WTSP;0.979
209.50	209.75	WTSP;0.672
218.75	219.00	WTSP;0.708
223.75	224.50	WTSP;0.840
240.00	243.00	WTSP;0.991
248.50	248.75	WTSP;0.674
250.50	251.25	WTSP;0.889
254.75	255.00	WTSP;0.666
255.25	256.75	WTSP;0.989
266.75	267.00	WTSP;0.705
272.75	274.75	WTSP;0.991
277.75	278.00	WTSP;0.679
283.25	285.00	WTSP;0.983
288.75	291.00	WTSP;0.986
300.75	304.00	WTSP;0.993
307.25	308.00	WTSP;0.832
309.25	309.75	WTSP;0.730
319.00	321.00	WTSP;0.981
338.50	341.00	WTSP;0.982
355.00	355.25	WTSP;0.659
356.25	356.75	WTSP;0.772
373.75	374.00	WTSP;0.664
388.00	388.75	WTSP;0.822
396.25	398.75	WTSP;0.977
408.25	408.50	WTSP;0.683
415.50	416.25	WTSP;0.861
425.25	426.00	WTSP;0.795
432.50	432.75	WTSP;0.696
446.00	446.50	WTSP;0.773
450.00	451.25	WTSP;0.839
458.00	458.75	WTSP;0.822
485.00	485.75	WTSP;0.805
488.75	491.75	WTSP;0.994
507.75	509.25	WTSP;0.964
519.25	523.75	WTSP;0.984
525.00	527.50	WTSP;0.978
531.75	535.25	WTSP;0.996
546.75	547.25	WTSP;0.780
561.25	563.25	WTSP;0.955
571.50	572.00	WTSP;0.774
584.25	585.00	WTSP;0.755
599.00	600.00	WTSP;0.940
