544.00	544.75	AMPI;0.577
546.75	547.25	AMPI;0.633
551.50	551.75	AMPI;0.581
352.25	352.75	AMRO;0.629
31.50	31.75	AMWO;0.559
243.25	243.50	ATSP;0.577
251.25	251.50	BBWA;0.845
30.50	30.75	BCCH;0.597
247.75	248.00	CHSP;0.973
249.25	249.50	CHSP;0.879
577.00	577.25	EVGR;0.596
14.25	15.75	FOSP;0.948
27.00	28.50	FOSP;0.981
200.50	202.00	FOSP;0.987
265.00	265.25	FOSP;0.804
542.25	542.75	FOSP;0.755
543.25	543.50	FOSP;0.679
555.75	556.75	FOSP;0.851
566.25	567.75	FOSP;0.896
571.00	573.00	FOSP;0.997
576.00	576.75	FOSP;0.831
581.00	583.50	FOSP;0.997
584.75	586.50	FOSP;0.988
592.00	594.50	FOSP;0.996
175.25	175.50	HETH;0.530
417.75	418.00	HEWA;0.620
447.50	448.25	HEWA;0.717
509.50	510.00	HEWA;0.844
532.50	532.75	HEWA;0.587
340.50	341.00	LISP;0.632
351.75	352.00	LISP;0.514
363.25	363.50	LISP;0.583
374.50	375.50	LISP;0.866
407.50	408.50	LISP;0.887
442.00	442.75	LISP;0.844
452.50	453.25	LISP;0.766
490.00	490.75	LISP;0.671
515.00	515.75	LISP;0.938
527.75	528.25	LISP;0.611
37.50	37.75	LOSH;0.711
269.50	269.75	MAMU;0.508
60.75	61.25	MOCH;0.605
175.25	175.75	MOCH;0.588
278.50	278.75	MOCH;0.555
435.50	436.00	MOCH;0.621
515.75	516.00	PUFI;0.584
504.50	504.75	PYNU;0.608
544.50	544.75	RUGR;0.510
596.50	596.75	SAPH;0.632
2.25	2.50	SNBU;0.648
200.50	200.75	SNBU;0.592
542.25	542.75	SNBU;0.596
576.25	577.25	SNBU;0.862
326.00	326.25	SOSA;0.772
265.00	265.25	SOSP;0.553
386.50	386.75	TOSO;0.582
212.25	212.50	VATH;0.573
258.75	259.00	VATH;0.551
368.00	368.50	VATH;0.932
455.25	455.75	VATH;0.808
530.00	530.25	VATH;0.636
556.25	557.25	VESP;0.708
586.00	586.50	VESP;0.596
21.25	22.25	WCSP;0.969
31.25	31.50	WCSP;0.561
39.50	41.00	WCSP;0.988
44.75	46.25	WCSP;0.992
48.75	50.25	WCSP;0.979
294.75	296.00	WCSP;0.973
333.50	334.00	WCSP;0.933
338.00	338.50	WCSP;0.858
339.50	340.00	WCSP;0.958
399.50	399.75	WCSP;0.516
567.25	567.50	WCSP;0.617
243.00	243.50	WEFL;0.893
249.25	249.50	WEFL;0.664
18.00	20.50	WTSP;0.985
58.50	58.75	WTSP;0.529
61.25	62.50	WTSP;0.864
90.00	90.50	WTSP;0.839
185.00	185.25	WTSP;0.665
212.00	212.75	WTSP;0.902
262.25	262.50	WTSP;0.565
264.75	265.25	WTSP;0.656
455.25	455.75	WTSP;0.643
500.50	501.00	WTSP;0.697
564.00	566.75	WTSP;0.984
570.00	570.50	WWCR;0.571
418.25	418.75	YRWA;0.566
432.25	433.00	YRWA;0.986
464.00	465.00	YRWA;0.986
476.00	476.75	YRWA;0.922
546.00	546.25	YRWA;0.613
587.25	588.00	YRWA;0.976
599.50	600.00	YRWA;0.558
