217.00	218.00	AMRO;0.733
218.25	219.00	AMRO;0.810
220.25	221.50	AMRO;0.691
241.25	242.75	AMRO;0.784
382.25	382.75	AMRO;0.709
468.50	468.75	AMRO;0.505
220.50	221.00	BAOR;0.564
178.25	178.50	BEKI;0.571
454.00	454.50	BEWR;0.657
152.50	153.00	BLTU;0.590
68.00	68.25	DEJU;0.534
96.50	97.50	DEJU;0.740
112.75	113.50	DEJU;0.810
127.00	127.50	DEJU;0.595
164.25	164.50	DEJU;0.646
245.50	246.25	DEJU;0.888
296.25	296.50	DEJU;0.637
310.25	310.75	DEJU;0.676
323.75	324.25	DEJU;0.738
363.75	364.50	DEJU;0.776
377.50	378.25	DEJU;0.669
410.25	410.75	DEJU;0.723
522.00	522.50	DEJU;0.570
536.50	537.00	DEJU;0.631
550.50	550.75	DEJU;0.546
551.00	551.25	DEJU;0.545
591.25	591.50	DEJU;0.519
593.25	593.75	DEJU;0.631
181.75	182.00	EAME;0.525
229.50	230.25	EAME;0.820
65.50	66.25	EATO;0.813
246.50	246.75	EATO;0.624
265.50	265.75	EVGR;0.558
57.75	58.00	FISP;0.616
576.50	577.25	FISP;0.731
583.75	584.00	FISP;0.504
10.75	11.75	FOSP;0.986
30.50	31.75	FOSP;0.968
46.50	46.75	FOSP;0.666
65.75	66.50	FOSP;0.734
89.50	91.00	FOSP;0.996
103.50	104.75	FOSP;0.983
120.75	121.50	FOSP;0.864
124.00	125.25	FOSP;0.961
139.25	140.25	FOSP;0.912
164.75	165.00	FOSP;0.681
187.75	188.50	FOSP;0.772
191.25	192.25	FOSP;0.952
199.25	199.75	FOSP;0.719
214.00	215.25	FOSP;0.993
224.25	224.75	FOSP;0.831
229.75	230.00	FOSP;0.737
246.50	247.50	FOSP;0.979
259.00	260.00	FOSP;0.967
270.50	271.75	FOSP;0.963
288.00	289.25	FOSP;0.982
294.75	295.00	FOSP;0.661
302.25	303.50	FOSP;0.976
315.25	316.75	FOSP;0.972
329.00	330.00	FOSP;0.988
339.50	341.50	FOSP;0.994
345.25	346.25	FOSP;0.957
350.00	351.50	FOSP;0.964
358.75	360.00	FOSP;0.981
371.50	372.75	FOSP;0.904
379.25	380.25	FOSP;0.837
386.25	387.25	FOSP;0.989
391.25	392.50	FOSP;0.761
401.00	402.00	FOSP;0.986
403.25	404.25	FOSP;0.895
415.25	415.75	FOSP;0.713
429.50	431.00	FOSP;0.980
435.00	435.50	FOSP;0.691
443.50	445.25	FOSP;0.933
460.25	461.25	FOSP;0.978
473.50	474.75	FOSP;0.901
475.50	476.00	FOSP;0.713
487.00	488.50	FOSP;0.994
501.50	503.00	FOSP;0.979
509.50	511.25	FOSP;0.970
516.00	517.00	FOSP;0.983
527.25	528.75	FOSP;0.945
553.25	554.50	FOSP;0.984
565.50	567.00	FOSP;0.947
579.50	580.25	FOSP;0.868
594.00	595.00	FOSP;0.990
596.50	598.00	FOSP;0.897
170.25	171.00	GCSP;0.857
198.25	198.75	GCSP;0.679
321.25	322.25	GCSP;0.820
426.25	426.50	GCSP;0.501
65.50	65.75	HETH;0.532
223.75	224.25	HETH;0.623
315.25	315.50	HETH;0.547
328.75	329.00	HETH;0.707
371.25	371.75	HETH;0.545
414.25	414.50	HETH;0.617
429.50	429.75	HETH;0.578
443.50	443.75	HETH;0.563
501.25	501.75	HETH;0.652
553.00	553.25	HETH;0.576
393.00	393.25	HOLA;0.533
508.50	508.75	HOLA;0.570
582.50	582.75	HOLA;0.703
3.50	3.75	LISP;0.611
14.00	14.75	LISP;0.905
18.50	19.00	LISP;0.677
50.75	52.00	LISP;0.975
66.25	66.75	LISP;0.634
81.25	83.00	LISP;0.980
96.25	97.00	LISP;0.535
102.00	103.00	LISP;0.945
122.25	123.75	LISP;0.946
126.75	127.25	LISP;0.576
140.75	142.00	LISP;0.947
164.00	164.50	LISP;0.538
239.50	240.50	LISP;0.740
258.25	259.00	LISP;0.806
268.75	269.00	LISP;0.514
277.50	278.75	LISP;0.909
280.75	281.75	LISP;0.679
316.75	317.75	LISP;0.747
396.25	396.75	LISP;0.683
418.00	419.00	LISP;0.803
467.25	468.00	LISP;0.901
498.75	499.50	LISP;0.646
515.25	515.50	LISP;0.506
521.25	522.50	LISP;0.716
535.50	537.00	LISP;0.744
545.50	546.00	LISP;0.637
564.00	565.25	LISP;0.935
573.00	574.00	LISP;0.846
578.75	579.50	LISP;0.787
593.00	593.50	LISP;0.569
595.25	595.50	MAMU;0.538
93.25	93.50	NOPA;0.569
185.00	185.50	OCWA;0.693
298.00	298.50	OCWA;0.612
377.75	378.00	OCWA;0.540
550.50	551.00	OCWA;0.524
367.00	367.25	OSFL;0.617
475.00	475.25	OSFL;0.506
185.25	185.50	PIWA;0.513
125.00	125.25	PUFI;0.516
165.25	165.50	PUFI;0.531
461.25	461.50	PUFI;0.662
541.00	541.50	PUFI;0.561
155.25	155.50	RWBL;0.539
378.75	379.00	SAPH;0.587
218.00	218.75	SATH;0.575
219.00	219.75	SATH;0.538
221.25	221.75	SATH;0.598
138.25	138.50	SNBU;0.583
379.75	380.25	SNBU;0.576
12.50	13.25	SOSA;0.807
26.00	26.50	SOSA;0.737
39.50	40.25	SOSA;0.862
53.50	54.00	SOSA;0.882
67.75	68.00	SOSA;0.537
169.50	170.00	SOSA;0.809
197.50	197.75	SOSA;0.779
238.50	239.25	SOSA;0.915
253.25	253.75	SOSA;0.762
266.75	267.00	SOSA;0.550
419.00	419.75	SOSA;0.989
433.00	433.75	SOSA;0.973
465.50	466.00	SOSA;0.754
595.25	595.50	SWHA;0.516
19.50	19.75	TOSO;0.627
221.75	222.25	TOSO;0.546
20.50	21.50	VATH;0.873
22.00	23.25	VATH;0.942
24.25	24.50	VATH;0.716
33.00	34.25	VATH;0.992
36.25	36.50	VATH;0.510
47.00	48.00	VATH;0.977
49.25	49.50	VATH;0.571
58.75	59.50	VATH;0.889
68.25	69.50	VATH;0.990
71.50	72.00	VATH;0.927
77.50	78.00	VATH;0.775
80.00	81.00	VATH;0.719
107.00	108.25	VATH;0.990
121.75	122.00	VATH;0.585
131.75	132.00	VATH;0.737
142.00	142.75	VATH;0.856
151.50	152.25	VATH;0.984
175.50	176.75	VATH;0.980
196.50	197.25	VATH;0.955
200.00	200.50	VATH;0.611
208.50	209.25	VATH;0.792
243.75	244.50	VATH;0.782
252.50	253.00	VATH;0.729
262.25	263.25	VATH;0.966
272.25	273.00	VATH;0.896
292.75	293.75	VATH;0.905
308.00	308.75	VATH;0.962
312.75	313.75	VATH;0.991
318.00	319.00	VATH;0.884
324.75	325.00	VATH;0.591
330.25	331.00	VATH;0.934
344.25	344.75	VATH;0.717
353.50	355.00	VATH;0.958
360.50	360.75	VATH;0.607
375.50	376.00	VATH;0.724
402.00	402.50	VATH;0.757
412.25	413.00	VATH;0.903
417.00	417.75	VATH;0.903
437.25	438.00	VATH;0.791
447.75	448.25	VATH;0.658
450.75	451.50	VATH;0.857
455.00	455.75	VATH;0.917
459.50	460.25	VATH;0.885
464.00	464.50	VATH;0.894
476.25	476.75	VATH;0.682
483.00	483.75	VATH;0.887
507.00	507.50	VATH;0.524
517.50	518.50	VATH;0.881
519.25	520.00	VATH;0.920
524.75	525.25	VATH;0.817
532.00	533.25	VATH;0.994
547.75	548.50	VATH;0.929
561.75	562.50	VATH;0.845
568.00	568.25	VATH;0.519
583.00	583.75	VATH;0.883
584.50	585.75	VATH;0.770
7.25	7.75	VESP;0.625
351.00	351.50	VESP;0.753
363.25	363.50	VESP;0.542
30.00	30.50	WCSP;0.510
94.50	95.50	WCSP;0.764
188.00	188.50	WCSP;0.728
192.00	192.50	WCSP;0.843
271.25	271.50	WCSP;0.578
284.00	284.50	WCSP;0.759
341.25	341.50	WCSP;0.742
372.25	372.50	WCSP;0.508
444.25	444.75	WCSP;0.558
170.25	170.50	WEME;0.536
147.25	147.50	WEWP;0.525
75.00	75.75	WIWA;0.996
83.00	83.75	WIWA;0.935
93.00	93.75	WIWA;0.916
117.50	118.25	WIWA;0.883
128.25	129.00	WIWA;0.991
139.00	139.50	WIWA;0.840
149.25	150.25	WIWA;0.994
161.50	162.50	WIWA;0.973
172.00	173.25	WIWA;0.996
184.00	185.00	WIWA;0.996
193.50	195.00	WIWA;0.996
203.50	205.00	WIWA;0.998
215.50	216.75	WIWA;0.997
225.00	226.00	WIWA;0.995
235.75	237.25	WIWA;0.997
249.00	250.00	WIWA;0.997
260.00	261.25	WIWA;0.997
273.50	275.00	WIWA;0.997
297.00	298.50	WIWA;0.998
320.00	321.00	WIWA;0.996
336.75	337.50	WIWA;0.913
356.75	358.00	WIWA;0.998
373.75	374.75	WIWA;0.970
399.00	400.25	WIWA;0.997
414.00	415.25	WIWA;0.991
424.75	426.00	WIWA;0.997
439.00	440.50	WIWA;0.997
451.75	453.00	WIWA;0.997
463.00	464.00	WIWA;0.998
479.75	480.75	WIWA;0.997
494.50	495.75	WIWA;0.998
507.25	508.25	WIWA;0.998
517.00	518.25	WIWA;0.989
528.75	530.00	WIWA;0.997
539.25	540.75	WIWA;0.995
555.00	556.25	WIWA;0.997
569.25	570.75	WIWA;0.989
586.00	587.50	WIWA;0.994
37.25	37.75	WTSP;0.688
49.25	49.75	WTSP;0.747
57.50	58.25	WTSP;0.744
60.25	62.50	WTSP;0.921
79.75	80.00	WTSP;0.704
94.50	95.00	WTSP;0.745
136.50	137.00	WTSP;0.723
142.25	142.50	WTSP;0.681
157.50	157.75	WTSP;0.661
163.25	163.75	WTSP;0.754
171.00	171.75	WTSP;0.877
179.25	179.75	WTSP;0.699
189.50	191.25	WTSP;0.954
198.00	199.25	WTSP;0.896
206.75	209.00	WTSP;0.886
232.75	234.75	WTSP;0.989
250.50	252.00	WTSP;0.879
289.50	291.75	WTSP;0.972
332.25	334.75	WTSP;0.971
354.75	357.00	WTSP;0.986
367.75	370.00	WTSP;0.987
385.50	386.00	WTSP;0.746
387.25	390.75	WTSP;0.983
397.00	399.25	WTSP;0.979
406.00	409.00	WTSP;0.987
426.50	426.75	WTSP;0.670
441.50	443.25	WTSP;0.922
446.50	447.50	WTSP;0.760
484.50	485.75	WTSP;0.864
512.00	512.50	WTSP;0.816
524.50	525.25	WTSP;0.753
551.50	551.75	WTSP;0.710
3.50	3.75	YRWA;0.646
96.25	96.75	YRWA;0.656
126.50	126.75	YRWA;0.588
174.50	174.75	YRWA;0.512
281.25	281.50	YRWA;0.505
295.25	296.00	YRWA;0.817
377.00	377.25	YRWA;0.600
405.25	405.50	YRWA;0.548
451.25	451.75	YRWA;0.593
483.75	484.00	YRWA;0.633
492.75	493.25	YRWA;0.663
514.75	515.25	YRWA;0.672
521.50	521.75	YRWA;0.508
549.50	550.25	YRWA;0.771
579.25	579.50	YRWA;0.598
592.75	593.25	YRWA;0.562
