552.50	552.75	AMDI;0.532
252.00	252.50	AMRO;0.652
258.50	259.00	AMRO;0.653
281.50	282.50	AMRO;0.703
303.25	303.75	AMRO;0.727
330.75	331.50	AMRO;0.786
394.00	395.00	AMRO;0.891
398.25	399.00	AMRO;0.993
406.75	407.00	AMRO;0.686
411.25	411.50	AMRO;0.615
415.25	415.50	AMRO;0.889
422.50	423.00	AMRO;0.636
433.75	434.25	AMRO;0.677
438.25	438.75	AMRO;0.919
441.25	441.75	AMRO;0.950
443.50	444.25	AMRO;0.948
447.00	447.50	AMRO;0.744
451.25	452.00	AMRO;0.862
468.50	469.00	AMRO;0.887
258.50	258.75	BAOR;0.509
200.00	200.25	BLJA;0.610
299.00	300.00	CHSP;0.656
300.25	300.75	CHSP;0.556
515.50	516.50	CHSP;0.624
534.25	534.75	CHSP;0.669
515.50	516.50	DEJU;0.592
534.25	534.75	DEJU;0.620
585.25	586.00	DEJU;0.823
140.50	140.75	DUNL;0.603
248.00	248.50	DUNL;0.594
66.00	66.25	EVGR;0.509
147.75	148.00	EVGR;0.704
553.50	554.00	EVGR;0.756
14.50	16.00	FOSP;0.983
30.00	31.00	FOSP;0.981
45.50	45.75	FOSP;0.511
60.00	60.75	FOSP;0.691
117.00	118.25	FOSP;0.944
138.25	139.00	FOSP;0.791
164.00	165.00	FOSP;0.934
220.00	220.75	FOSP;0.925
294.00	294.75	FOSP;0.807
332.00	333.00	FOSP;0.981
386.75	387.25	FOSP;0.633
425.75	426.25	FOSP;0.603
434.75	435.50	FOSP;0.622
460.75	461.25	FOSP;0.529
490.75	492.75	FOSP;0.968
510.25	510.75	FOSP;0.557
522.50	524.50	FOSP;0.985
538.25	538.75	FOSP;0.623
539.00	539.75	FOSP;0.879
570.50	571.75	FOSP;0.968
591.25	592.50	FOSP;0.604
323.50	323.75	GCRF;0.507
240.25	241.00	HETH;0.724
536.25	537.00	HETH;0.932
100.50	100.75	LALO;0.500
269.75	270.00	LTJA;0.552
249.25	249.50	MAMU;0.562
156.75	157.00	MOCH;0.505
175.25	175.50	MOCH;0.512
183.50	184.00	MOCH;0.613
193.75	194.25	MOCH;0.759
257.75	258.25	MOCH;0.586
315.25	315.75	MOCH;0.665
335.25	335.75	MOCH;0.611
349.50	349.75	MOCH;0.536
417.50	417.75	MOCH;0.648
249.25	249.50	OSFL;0.504
475.50	475.75	OSFL;0.698
364.00	364.25	OSPR;0.601
153.50	154.00	PIGR;0.631
510.25	510.50	PIGR;0.556
583.25	583.75	PIGR;0.777
472.25	473.00	PIWO;0.796
520.50	520.75	RUBL;0.567
288.75	289.25	RUTU;0.537
319.50	320.00	SAND;0.891
374.25	375.00	SAND;0.977
398.50	398.75	SAND;0.520
406.75	407.00	SAND;0.763
411.00	411.50	SAND;0.867
415.25	415.50	SAND;0.669
422.50	422.75	SAND;0.561
433.75	434.00	SAND;0.679
447.00	447.50	SAND;0.859
451.25	452.00	SAND;0.905
463.75	464.00	SAND;0.894
298.25	300.75	SEOW;0.782
65.25	65.75	SNBU;0.803
116.75	117.00	SNBU;0.512
538.25	538.50	SNBU;0.544
555.00	555.50	SNBU;0.673
570.75	571.00	SNBU;0.513
591.00	591.50	SNBU;0.821
537.50	538.00	SPSA;0.614
17.25	17.75	VATH;0.640
57.75	58.75	VATH;0.991
89.25	89.75	VATH;0.911
150.00	150.75	VATH;0.958
230.25	231.00	VATH;0.993
273.75	274.00	VATH;0.598
302.25	303.25	VATH;0.990
316.75	317.25	VATH;0.613
382.25	383.00	VATH;0.924
489.50	490.50	VATH;0.968
549.50	550.00	VATH;0.694
565.25	566.00	VATH;0.978
163.75	164.00	VESP;0.502
425.50	425.75	VESP;0.625
509.50	510.00	VESP;0.796
556.00	556.75	VESP;0.787
157.25	157.75	WCSP;0.834
165.00	166.00	WCSP;0.990
175.25	175.50	WCSP;0.642
184.00	184.75	WCSP;0.884
193.75	194.25	WCSP;0.547
203.50	204.25	WCSP;0.898
360.50	361.00	WCSP;0.686
387.00	387.50	WCSP;0.609
426.00	426.75	WCSP;0.709
242.25	242.50	WIWA;0.620
175.00	175.75	WTSP;0.735
194.00	194.25	WTSP;0.521
258.00	258.25	WTSP;0.665
283.00	283.75	WTSP;0.753
315.00	315.75	WTSP;0.713
335.25	335.50	WTSP;0.536
349.25	350.00	WTSP;0.893
360.50	361.25	WTSP;0.760
373.00	373.75	WTSP;0.764
402.25	403.00	WTSP;0.837
455.00	455.50	WTSP;0.651
