177.25	177.75	AMRO;0.738
196.75	197.50	AMRO;0.632
167.25	167.50	BAOR;0.579
186.75	187.00	BAOR;0.527
222.50	223.00	DEJU;0.600
145.25	146.00	FISP;0.638
0.00	2.00	FOSP;0.993
3.75	6.00	FOSP;0.995
18.50	20.75	FOSP;0.991
29.75	32.00	FOSP;0.981
32.50	34.75	FOSP;0.995
42.75	45.25	FOSP;0.996
56.25	59.00	FOSP;0.996
64.50	65.75	FOSP;0.903
68.00	70.75	FOSP;0.994
74.00	75.75	FOSP;0.955
81.50	84.00	FOSP;0.991
93.75	95.75	FOSP;0.994
111.00	112.75	FOSP;0.995
138.50	140.75	FOSP;0.994
146.00	146.50	FOSP;0.700
154.00	155.00	FOSP;0.943
168.25	170.50	FOSP;0.970
205.00	206.00	FOSP;0.810
223.25	224.25	FOSP;0.827
252.75	254.25	FOSP;0.982
252.00	252.75	GCSP;0.828
18.25	18.75	HOFI;0.634
110.25	110.50	KILL;0.514
40.25	40.50	LASP;0.514
10.25	10.75	LISP;0.548
40.25	40.75	LISP;0.732
102.00	103.00	LISP;0.951
156.25	157.00	LISP;0.704
222.75	223.00	LISP;0.514
79.00	79.50	MOCH;0.642
117.50	117.75	MOCH;0.612
182.00	182.75	MOCH;0.838
230.00	230.50	MOCH;0.627
80.00	80.50	PISI;0.643
85.50	86.25	PISI;0.816
91.75	92.25	PISI;0.733
162.00	162.75	PISI;0.916
190.00	190.75	PISI;0.688
191.50	192.75	PISI;0.991
200.50	201.50	PISI;0.856
215.25	216.00	PISI;0.981
243.50	243.75	PISI;0.535
277.00	277.50	PISI;0.608
282.25	283.00	PISI;0.746
153.25	153.75	ROWR;0.643
289.75	290.00	SAPH;0.605
163.00	164.00	SATH;0.715
176.00	177.00	SATH;0.961
208.25	208.75	SOSA;0.503
26.25	26.75	SOSP;0.897
158.25	159.00	SWSP;0.662
166.00	166.25	SWSP;0.500
189.00	189.75	SWSP;0.729
212.25	212.50	SWSP;0.504
6.25	8.50	TEWA;0.960
13.25	14.00	TEWA;0.937
14.25	15.50	TEWA;0.801
21.00	23.25	TEWA;0.964
29.75	31.00	TEWA;0.826
36.50	38.50	TEWA;0.991
45.00	46.00	TEWA;0.967
50.75	51.75	TEWA;0.898
52.25	53.00	TEWA;0.917
59.00	61.25	TEWA;0.962
66.25	68.00	TEWA;0.935
72.75	75.25	TEWA;0.938
80.50	82.00	TEWA;0.930
88.75	90.50	TEWA;0.924
96.00	98.50	TEWA;0.971
104.25	105.75	TEWA;0.986
106.00	107.25	TEWA;0.978
113.00	115.00	TEWA;0.987
119.50	122.00	TEWA;0.977
127.25	129.25	TEWA;0.952
134.50	135.00	TEWA;0.871
136.00	137.00	TEWA;0.800
141.50	144.00	TEWA;0.979
148.75	151.25	TEWA;0.985
157.00	159.00	TEWA;0.940
164.00	165.00	TEWA;0.976
165.25	166.25	TEWA;0.852
171.25	172.75	TEWA;0.987
173.00	174.00	TEWA;0.916
179.25	182.00	TEWA;0.987
187.25	189.50	TEWA;0.936
195.00	197.50	TEWA;0.920
202.50	205.00	TEWA;0.951
210.25	212.50	TEWA;0.935
217.25	219.25	TEWA;0.973
225.00	227.50	TEWA;0.966
233.00	234.75	TEWA;0.962
240.25	240.75	TEWA;0.669
241.00	242.50	TEWA;0.934
248.50	249.75	TEWA;0.890
254.75	255.00	TEWA;0.700
255.25	257.00	TEWA;0.802
262.75	265.00	TEWA;0.984
269.50	272.50	TEWA;0.936
277.50	280.25	TEWA;0.979
286.00	286.75	TEWA;0.895
287.25	288.00	TEWA;0.921
292.50	295.25	TEWA;0.973
112.50	112.75	VESP;0.513
122.50	123.00	VESP;0.767
276.00	276.75	WATA;0.783
1.25	1.75	WCSP;0.701
3.25	3.50	WCSP;0.659
11.50	12.25	WCSP;0.841
15.50	17.25	WCSP;0.992
31.25	31.75	WCSP;0.768
40.75	42.50	WCSP;0.822
51.75	52.00	WCSP;0.695
53.00	53.75	WCSP;0.926
63.00	64.50	WCSP;0.957
76.50	77.25	WCSP;0.680
90.50	91.75	WCSP;0.993
100.25	101.25	WCSP;0.902
105.50	106.00	WCSP;0.842
115.75	116.75	WCSP;0.879
119.25	119.50	WCSP;0.680
122.50	123.00	WCSP;0.884
123.75	126.25	WCSP;0.991
130.25	132.00	WCSP;0.993
134.75	136.75	WCSP;0.835
145.50	145.75	WCSP;0.677
146.50	148.75	WCSP;0.996
159.50	161.50	WCSP;0.994
167.75	169.00	WCSP;0.975
172.50	173.00	WCSP;0.770
185.50	187.25	WCSP;0.956
198.00	200.50	WCSP;0.953
208.25	208.75	WCSP;0.669
219.25	222.00	WCSP;0.988
223.25	224.50	WCSP;0.871
232.25	232.50	WCSP;0.660
234.50	236.50	WCSP;0.997
237.50	239.75	WCSP;0.996
244.00	246.00	WCSP;0.996
249.75	252.00	WCSP;0.995
257.00	258.50	WCSP;0.996
260.50	262.25	WCSP;0.985
266.75	268.75	WCSP;0.997
272.75	273.00	WCSP;0.674
283.50	285.00	WCSP;0.924
295.75	296.00	WCSP;0.666
119.25	119.50	WEFL;0.714
297.25	297.50	WEWP;0.516
8.25	9.75	WTSP;0.958
15.25	16.25	WTSP;0.945
27.75	29.75	WTSP;0.997
38.50	38.75	WTSP;0.732
40.75	41.75	WTSP;0.882
51.50	52.75	WTSP;0.931
55.00	56.00	WTSP;0.930
63.00	63.75	WTSP;0.845
76.25	76.75	WTSP;0.682
78.25	79.50	WTSP;0.841
86.25	88.75	WTSP;0.962
90.25	91.00	WTSP;0.912
99.25	101.00	WTSP;0.912
105.00	106.00	WTSP;0.863
109.50	110.25	WTSP;0.888
115.75	116.25	WTSP;0.704
117.50	118.50	WTSP;0.889
129.50	130.75	WTSP;0.728
135.00	135.75	WTSP;0.920
144.75	145.00	WTSP;0.683
159.25	160.00	WTSP;0.818
172.25	173.25	WTSP;0.902
180.25	182.75	WTSP;0.909
185.50	185.75	WTSP;0.666
193.00	195.00	WTSP;0.953
197.75	199.00	WTSP;0.872
208.75	209.75	WTSP;0.805
213.00	215.00	WTSP;0.936
219.00	220.75	WTSP;0.902
228.00	231.00	WTSP;0.982
240.00	241.50	WTSP;0.953
245.75	248.75	WTSP;0.997
254.25	257.25	WTSP;0.977
261.00	261.25	WTSP;0.676
271.25	273.00	WTSP;0.911
273.25	276.50	WTSP;0.994
281.25	281.50	WTSP;0.735
283.25	289.00	WTSP;0.997
295.00	296.75	WTSP;0.991
23.50	24.00	YRWA;0.603
35.25	35.75	YRWA;0.772
46.00	46.75	YRWA;0.700
49.50	50.75	YRWA;0.950
54.00	54.25	YRWA;0.705
93.00	93.50	YRWA;0.522
108.50	109.00	YRWA;0.882
116.50	117.00	YRWA;0.784
280.25	280.50	YRWA;0.550
289.25	289.75	YRWA;0.884
297.75	298.75	YRWA;0.825
