172.25	173.00	AMGP;0.772
368.25	368.50	AMGP;0.613
384.25	384.75	AMGP;0.554
567.50	568.00	AMGP;0.610
2.75	4.75	AMRO;0.885
5.00	5.50	AMRO;0.724
10.50	11.50	AMRO;0.883
20.50	23.50	AMRO;0.952
30.25	31.00	AMRO;0.861
31.25	31.75	AMRO;0.691
33.75	34.50	AMRO;0.731
35.25	36.00	AMRO;0.717
48.75	50.00	AMRO;0.994
54.00	55.50	AMRO;0.932
59.25	60.75	AMRO;0.910
86.00	86.50	AMRO;0.740
90.50	91.50	AMRO;0.710
96.75	97.50	AMRO;0.719
102.50	103.50	AMRO;0.761
109.00	110.00	AMRO;0.801
110.25	111.00	AMRO;0.813
113.75	115.25	AMRO;0.807
116.00	118.50	AMRO;0.924
121.50	127.00	AMRO;0.975
140.00	142.50	AMRO;0.975
143.00	143.75	AMRO;0.773
145.50	147.25	AMRO;0.944
166.00	169.75	AMRO;0.993
173.50	174.25	AMRO;0.692
179.50	181.50	AMRO;0.981
185.50	185.75	AMRO;0.668
186.00	186.50	AMRO;0.709
187.00	187.50	AMRO;0.688
198.50	199.75	AMRO;0.801
203.75	204.75	AMRO;0.871
209.00	210.75	AMRO;0.930
214.25	215.75	AMRO;0.951
218.75	219.00	AMRO;0.681
239.00	240.75	AMRO;0.890
243.50	246.00	AMRO;0.928
256.75	257.50	AMRO;0.759
262.75	265.00	AMRO;0.910
270.00	272.00	AMRO;0.949
277.00	277.75	AMRO;0.811
292.25	292.50	AMRO;0.665
294.00	294.50	AMRO;0.689
296.00	296.50	AMRO;0.708
301.50	302.00	AMRO;0.683
302.75	305.50	AMRO;0.962
305.75	307.50	AMRO;0.934
311.00	312.75	AMRO;0.940
314.50	316.00	AMRO;0.951
318.75	319.75	AMRO;0.876
326.25	327.75	AMRO;0.763
328.50	329.50	AMRO;0.889
333.25	336.00	AMRO;0.984
339.25	341.75	AMRO;0.759
346.25	349.00	AMRO;0.980
353.25	353.75	AMRO;0.701
356.50	359.00	AMRO;0.920
361.50	365.00	AMRO;0.905
367.50	367.75	AMRO;0.661
369.25	371.00	AMRO;0.829
373.50	375.25	AMRO;0.804
378.00	379.00	AMRO;0.881
381.50	382.50	AMRO;0.804
383.25	384.75	AMRO;0.787
387.25	389.75	AMRO;0.896
391.75	393.75	AMRO;0.901
399.50	403.00	AMRO;0.952
406.25	408.75	AMRO;0.966
411.25	413.25	AMRO;0.808
420.50	422.75	AMRO;0.909
423.25	425.00	AMRO;0.910
427.25	431.00	AMRO;0.927
433.00	438.25	AMRO;0.917
439.00	441.25	AMRO;0.840
443.75	446.75	AMRO;0.952
448.50	452.00	AMRO;0.978
452.25	453.25	AMRO;0.924
453.75	454.00	AMRO;0.672
454.25	454.75	AMRO;0.698
457.50	461.50	AMRO;0.982
461.75	463.00	AMRO;0.867
464.00	465.25	AMRO;0.949
465.75	466.25	AMRO;0.662
466.50	468.25	AMRO;0.970
472.75	475.00	AMRO;0.927
478.50	480.00	AMRO;0.841
482.50	484.50	AMRO;0.930
484.75	489.75	AMRO;0.980
492.00	493.75	AMRO;0.935
494.75	496.25	AMRO;0.934
500.00	501.50	AMRO;0.780
507.50	509.00	AMRO;0.877
517.50	517.75	AMRO;0.673
520.00	521.25	AMRO;0.948
521.50	523.75	AMRO;0.751
527.50	527.75	AMRO;0.710
530.75	534.50	AMRO;0.990
539.75	540.75	AMRO;0.810
542.25	543.00	AMRO;0.839
544.75	547.25	AMRO;0.993
572.25	574.25	AMRO;0.900
578.25	580.00	AMRO;0.840
580.75	582.00	AMRO;0.826
584.25	585.75	AMRO;0.934
588.75	590.50	AMRO;0.937
598.25	599.50	AMRO;0.774
55.00	55.25	BAOR;0.661
481.00	481.50	BAOR;0.512
107.25	107.75	BFAL;0.524
149.25	149.75	BFAL;0.532
216.50	216.75	BFAL;0.504
559.00	559.50	BRSP;0.914
0.75	1.25	CHSP;0.650
43.50	45.00	CHSP;0.896
80.50	82.00	CHSP;0.790
127.25	127.75	CHSP;0.548
156.25	157.25	CHSP;0.736
175.75	176.75	CHSP;0.711
185.25	187.00	CHSP;0.874
195.25	197.00	CHSP;0.775
208.00	210.00	CHSP;0.775
218.00	218.50	CHSP;0.638
238.25	239.00	CHSP;0.655
249.50	251.00	CHSP;0.729
260.25	261.75	CHSP;0.753
316.25	317.00	CHSP;0.710
87.75	88.00	DEJU;0.524
127.25	128.00	DEJU;0.746
218.25	218.50	DEJU;0.508
255.75	256.00	DEJU;0.532
316.50	316.75	DEJU;0.564
256.25	256.50	EABL;0.527
373.00	373.50	EABL;0.806
482.25	482.50	EABL;0.558
542.00	542.25	EABL;0.618
549.25	549.50	EABL;0.514
598.25	598.50	EABL;0.640
112.25	112.50	EATO;0.560
190.75	191.25	EATO;0.547
560.50	561.00	EATO;0.799
47.25	47.75	FISP;0.585
170.50	170.75	FISP;0.547
237.50	238.00	FISP;0.675
574.25	574.75	FISP;0.655
597.50	598.25	FISP;0.659
15.50	16.00	FOSP;0.615
33.25	33.75	FOSP;0.689
58.75	59.25	FOSP;0.529
70.50	71.00	FOSP;0.620
95.00	95.50	FOSP;0.697
150.25	150.75	FOSP;0.599
153.25	153.75	FOSP;0.563
376.50	377.75	FOSP;0.685
441.75	443.00	FOSP;0.956
455.00	456.25	FOSP;0.944
470.00	471.50	FOSP;0.940
480.25	482.00	FOSP;0.796
498.25	500.00	FOSP;0.939
513.75	515.25	FOSP;0.974
524.00	525.75	FOSP;0.990
538.00	539.50	FOSP;0.924
560.75	561.75	FOSP;0.754
592.00	593.75	FOSP;0.986
149.50	150.00	GCSP;0.635
100.50	101.50	GRYE;0.903
327.25	327.50	GRYE;0.614
36.00	36.50	GWTE;0.644
54.50	54.75	GWTE;0.625
65.00	65.25	GWTE;0.556
140.75	141.00	GWTE;0.532
174.25	174.50	GWTE;0.511
181.25	181.50	GWTE;0.661
199.25	199.50	GWTE;0.606
222.50	223.00	GWTE;0.671
232.75	234.00	GWTE;0.897
234.75	235.00	GWTE;0.653
276.75	277.00	GWTE;0.516
352.75	353.00	GWTE;0.530
362.25	362.75	GWTE;0.631
364.75	365.00	GWTE;0.705
370.00	370.50	GWTE;0.874
399.25	399.75	GWTE;0.661
578.50	578.75	GWTE;0.543
583.50	584.00	GWTE;0.790
111.75	112.00	HETH;0.642
262.00	262.50	HETH;0.803
286.75	287.75	HETH;0.969
87.75	88.50	LISP;0.765
92.25	93.00	LISP;0.865
174.50	175.00	LISP;0.864
243.00	243.50	LISP;0.692
344.25	345.00	LISP;0.659
490.50	491.00	LISP;0.533
543.00	544.00	LISP;0.789
557.00	557.75	LISP;0.674
210.50	210.75	MOBL;0.604
337.75	338.00	MOCH;0.566
510.00	511.00	MOCH;0.734
480.25	481.00	OROR;0.582
502.00	502.50	OSFL;0.853
0.00	0.75	PISI;0.988
2.25	3.00	PISI;0.991
4.25	5.00	PISI;0.977
5.75	7.00	PISI;0.997
8.50	9.25	PISI;0.940
11.00	11.75	PISI;0.992
13.50	14.50	PISI;0.939
23.25	24.25	PISI;0.989
25.25	26.00	PISI;0.943
30.25	31.00	PISI;0.815
39.25	40.00	PISI;0.997
49.50	50.25	PISI;0.984
51.75	52.50	PISI;0.925
61.00	61.25	PISI;0.679
63.00	64.25	PISI;0.996
68.25	69.25	PISI;0.993
75.50	77.50	PISI;0.993
78.75	79.50	PISI;0.838
83.25	83.75	PISI;0.806
84.75	85.50	PISI;0.971
433.50	434.00	RBGR;0.608
444.00	444.50	RBGR;0.589
474.00	474.50	RBGR;0.559
488.50	488.75	RBGR;0.503
494.50	494.75	RBGR;0.509
301.00	301.25	REVI;0.659
340.00	343.50	RUGR;0.895
561.50	562.50	RUGR;0.669
259.25	259.50	RUTU;0.579
226.75	227.00	RWBL;0.508
422.25	423.00	SATH;0.720
430.00	431.50	SATH;0.751
434.00	434.75	SATH;0.762
439.00	440.25	SATH;0.934
443.50	444.00	SATH;0.729
454.00	455.00	SATH;0.727
460.25	460.75	SATH;0.588
462.75	463.75	SATH;0.716
468.00	469.50	SATH;0.773
522.25	523.00	SATH;0.539
506.50	506.75	SOSA;0.894
559.00	559.25	SOSP;0.502
562.00	562.25	SWSP;0.509
431.25	432.00	TOSO;0.844
465.25	466.00	TOSO;0.864
523.25	523.75	TOSO;0.603
18.25	18.75	VATH;0.824
29.25	29.75	VATH;0.728
115.50	116.00	VATH;0.935
155.50	156.00	VATH;0.958
162.25	163.25	VATH;0.776
216.75	217.50	VATH;0.851
227.00	227.50	VATH;0.662
240.75	241.50	VATH;0.932
251.25	252.25	VATH;0.929
284.00	284.50	VATH;0.557
329.75	330.50	VATH;0.846
371.75	372.75	VATH;0.846
379.75	380.00	VATH;0.737
385.75	386.50	VATH;0.869
395.50	396.75	VATH;0.804
410.00	410.25	VATH;0.824
451.75	452.25	VATH;0.799
457.00	457.25	VATH;0.664
496.50	497.00	VATH;0.654
505.50	505.75	VATH;0.506
519.25	520.25	VATH;0.930
548.25	549.00	VATH;0.791
551.50	552.25	VATH;0.648
564.25	565.00	VATH;0.854
569.75	570.50	VATH;0.754
594.00	594.75	VATH;0.886
377.25	378.00	VESP;0.811
456.25	456.50	VESP;0.547
317.00	317.50	WATA;0.758
466.50	466.75	WATA;0.704
507.25	507.50	WATA;0.599
140.00	140.50	WBNU;0.656
14.75	15.50	WCSP;0.798
28.25	28.75	WCSP;0.533
93.25	93.75	WCSP;0.554
96.25	96.50	WCSP;0.573
121.00	121.50	WCSP;0.598
147.75	148.75	WCSP;0.795
157.75	158.00	WCSP;0.516
179.00	179.75	WCSP;0.752
197.75	198.00	WCSP;0.573
294.75	295.00	WCSP;0.593
308.25	308.75	WCSP;0.626
322.50	323.00	WCSP;0.566
382.75	383.25	WCSP;0.643
416.25	416.50	WCSP;0.642
437.25	437.75	WCSP;0.541
472.00	472.50	WCSP;0.633
528.25	528.75	WCSP;0.677
554.50	555.00	WCSP;0.924
563.00	563.50	WCSP;0.643
558.25	558.50	WETA;0.585
216.00	216.50	WIWA;0.899
304.50	305.50	WIWA;0.941
313.50	314.75	WIWA;0.987
323.00	323.75	WIWA;0.974
332.25	333.50	WIWA;0.996
341.50	343.00	WIWA;0.997
351.50	352.75	WIWA;0.996
360.50	362.00	WIWA;0.998
378.75	379.75	WIWA;0.976
410.25	411.50	WIWA;0.990
426.25	427.50	WIWA;0.996
457.00	457.50	WIWA;0.800
493.00	493.75	WIWA;0.866
503.50	504.75	WIWA;0.994
516.25	517.25	WIWA;0.982
526.50	527.50	WIWA;0.975
561.75	562.00	WIWA;0.691
575.00	576.00	WIWA;0.995
588.00	588.75	WIWA;0.941
14.50	15.25	WTSP;0.804
18.25	20.25	WTSP;0.991
28.00	29.00	WTSP;0.888
30.75	33.00	WTSP;0.984
40.75	41.75	WTSP;0.964
45.50	47.50	WTSP;0.993
61.00	61.75	WTSP;0.882
73.25	75.75	WTSP;0.976
91.75	92.00	WTSP;0.743
93.00	94.00	WTSP;0.912
104.50	107.50	WTSP;0.993
109.50	110.50	WTSP;0.954
118.25	121.25	WTSP;0.990
129.50	132.00	WTSP;0.985
135.75	137.00	WTSP;0.974
147.50	149.25	WTSP;0.890
151.00	153.00	WTSP;0.967
157.50	158.50	WTSP;0.923
179.00	179.50	WTSP;0.745
180.50	183.75	WTSP;0.987
192.75	194.75	WTSP;0.990
197.50	198.50	WTSP;0.761
206.25	208.00	WTSP;0.982
220.50	223.00	WTSP;0.974
234.00	238.00	WTSP;0.993
246.00	248.75	WTSP;0.994
256.25	259.25	WTSP;0.992
265.00	265.75	WTSP;0.865
266.00	267.25	WTSP;0.730
268.00	270.50	WTSP;0.977
278.25	282.75	WTSP;0.994
291.25	293.25	WTSP;0.945
294.50	295.50	WTSP;0.837
301.25	303.25	WTSP;0.972
307.75	308.75	WTSP;0.790
312.00	313.75	WTSP;0.992
322.00	325.50	WTSP;0.994
330.00	330.25	WTSP;0.694
336.00	338.25	WTSP;0.953
349.25	351.50	WTSP;0.990
353.75	355.00	WTSP;0.857
365.25	367.50	WTSP;0.981
379.75	381.75	WTSP;0.990
382.50	383.25	WTSP;0.839
392.25	393.00	WTSP;0.795
394.00	397.00	WTSP;0.983
403.00	404.00	WTSP;0.983
406.50	407.75	WTSP;0.891
413.50	414.00	WTSP;0.779
415.50	416.75	WTSP;0.852
422.25	422.50	WTSP;0.697
432.25	433.25	WTSP;0.818
436.25	437.50	WTSP;0.920
446.25	448.50	WTSP;0.984
461.25	463.25	WTSP;0.967
475.00	477.75	WTSP;0.966
485.75	487.25	WTSP;0.865
505.00	505.50	WTSP;0.704
509.50	510.75	WTSP;0.868
521.00	523.00	WTSP;0.980
535.25	537.75	WTSP;0.989
549.50	551.50	WTSP;0.970
562.25	563.25	WTSP;0.900
574.25	574.50	WTSP;0.709
576.00	578.00	WTSP;0.977
580.25	580.75	WTSP;0.734
586.25	588.25	WTSP;0.988
589.50	591.00	WTSP;0.939
598.00	598.75	WTSP;0.753
305.50	306.00	YRWA;0.663
360.00	360.25	YRWA;0.500
367.50	368.00	YRWA;0.675
448.50	449.25	YRWA;0.672
464.50	465.25	YRWA;0.701
473.00	473.75	YRWA;0.721
489.25	489.75	YRWA;0.793
