268.75	269.00	BHCO;0.540
19.25	19.75	BLOY;0.601
193.75	194.00	BTNW;0.673
105.00	105.50	CHSW;0.580
118.00	118.75	EAKI;0.949
128.25	128.75	FISP;0.657
291.50	292.75	FOSP;0.832
224.75	225.00	GCKI;0.501
131.50	131.75	GCSP;0.509
119.00	119.25	HOLA;0.513
157.50	157.75	HOLA;0.543
61.00	61.50	MOCH;0.523
65.25	65.75	OCWA;0.718
30.00	30.25	RUTU;0.663
30.50	31.00	SATH;0.645
276.75	277.00	SNBU;0.602
277.50	277.75	SNBU;0.514
105.00	105.50	SWSP;0.720
113.50	113.75	SWSP;0.528
133.50	134.50	SWSP;0.738
152.50	152.75	SWSP;0.529
171.25	171.50	SWSP;0.544
180.75	181.00	SWSP;0.503
198.00	199.00	SWSP;0.847
5.00	6.75	WCSP;0.976
116.50	117.25	WCSP;0.662
131.50	132.50	WCSP;0.920
156.75	157.50	WCSP;0.996
141.00	141.25	WEFL;0.502
34.25	34.50	WIWA;0.721
46.75	47.50	WIWA;0.626
55.75	56.75	WIWA;0.897
84.25	85.00	WIWA;0.906
113.50	114.00	WIWA;0.758
124.50	125.50	WIWA;0.944
134.00	134.25	WIWA;0.502
152.25	152.75	WIWA;0.771
180.50	181.00	WIWA;0.655
190.00	191.00	WIWA;0.968
3.75	5.50	WTSP;0.936
24.50	27.50	WTSP;0.990
42.50	44.75	WTSP;0.991
59.25	59.75	WTSP;0.717
60.50	61.50	WTSP;0.845
68.25	69.00	WTSP;0.866
80.25	83.00	WTSP;0.982
114.00	115.50	WTSP;0.987
127.25	129.50	WTSP;0.922
159.50	161.50	WTSP;0.987
176.50	178.25	WTSP;0.986
199.25	201.00	WTSP;0.914
204.25	207.50	WTSP;0.993
216.00	218.00	WTSP;0.984
227.00	229.50	WTSP;0.994
238.25	240.00	WTSP;0.954
250.50	252.25	WTSP;0.994
2.50	3.75	YRWA;0.987
22.50	23.75	YRWA;0.983
34.50	36.00	YRWA;0.996
50.75	52.00	YRWA;0.995
64.50	65.75	YRWA;0.913
75.00	76.75	YRWA;0.993
85.75	87.25	YRWA;0.995
98.25	99.25	YRWA;0.970
108.50	110.00	YRWA;0.991
119.25	120.50	YRWA;0.946
130.25	131.50	YRWA;0.985
143.25	144.50	YRWA;0.989
154.75	155.75	YRWA;0.937
168.75	170.00	YRWA;0.987
222.50	223.25	YRWA;0.823
232.25	233.25	YRWA;0.982
242.00	243.00	YRWA;0.958
265.00	266.00	YRWA;0.993
282.75	283.25	YRWA;0.740
