75.00	76.00	AMRO;0.997
205.25	205.50	ANMU;0.502
247.25	247.50	DEJU;0.512
257.50	258.25	DEJU;0.667
269.00	269.50	DEJU;0.690
293.25	293.50	DEJU;0.505
33.25	33.50	EATO;0.595
131.25	131.50	EATO;0.743
165.75	166.00	EVGR;0.574
1.75	4.00	FOSP;0.995
5.00	5.75	FOSP;0.970
19.00	20.25	FOSP;0.983
33.25	34.50	FOSP;0.950
46.25	48.75	FOSP;0.987
63.50	64.75	FOSP;0.853
68.00	69.25	FOSP;0.981
79.25	81.25	FOSP;0.993
88.50	89.75	FOSP;0.984
92.50	94.00	FOSP;0.941
109.00	110.00	FOSP;0.993
113.25	114.25	FOSP;0.946
124.50	125.75	FOSP;0.983
133.50	135.00	FOSP;0.992
142.00	143.75	FOSP;0.990
158.00	159.50	FOSP;0.992
171.25	172.50	FOSP;0.989
183.50	185.25	FOSP;0.996
189.50	191.00	FOSP;0.946
198.75	200.00	FOSP;0.991
211.75	213.00	FOSP;0.939
219.25	221.00	FOSP;0.993
225.25	226.75	FOSP;0.994
241.00	242.25	FOSP;0.994
248.00	249.00	FOSP;0.776
255.00	256.25	FOSP;0.995
282.00	284.25	FOSP;0.995
294.50	296.50	FOSP;0.980
33.00	33.25	HETH;0.531
211.50	211.75	HETH;0.656
240.75	241.00	HETH;0.525
129.50	130.00	LISP;0.567
246.50	247.50	LISP;0.632
257.25	257.50	LISP;0.593
268.25	269.00	LISP;0.740
292.25	293.25	LISP;0.749
217.50	218.00	MOCH;0.576
269.00	269.25	OCWA;0.547
200.00	200.25	PUFI;0.507
242.25	242.50	REVI;0.542
67.75	68.00	SNBU;0.545
88.25	88.75	SNBU;0.626
165.75	166.25	SNBU;0.896
248.00	249.00	SNBU;0.766
148.25	148.75	SOSA;0.882
215.75	216.00	SOSA;0.528
25.25	25.75	SWSP;0.577
6.50	7.00	VATH;0.727
16.50	17.50	VATH;0.950
20.50	21.00	VATH;0.625
38.50	39.00	VATH;0.743
61.75	62.75	VATH;0.762
102.50	103.50	VATH;0.858
110.75	111.50	VATH;0.801
115.00	115.75	VATH;0.967
138.75	139.25	VATH;0.754
153.00	153.50	VATH;0.870
162.00	162.75	VATH;0.991
165.25	165.75	VATH;0.821
175.00	175.75	VATH;0.973
177.75	178.25	VATH;0.826
192.00	193.00	VATH;0.992
196.50	197.25	VATH;0.960
201.25	201.50	VATH;0.508
206.50	207.50	VATH;0.964
209.25	210.00	VATH;0.970
230.00	230.75	VATH;0.949
237.75	238.75	VATH;0.973
265.50	266.25	VATH;0.902
272.25	273.00	VATH;0.989
277.50	278.25	VATH;0.954
290.75	291.25	VATH;0.684
297.00	297.25	VATH;0.668
133.50	133.75	VESP;0.514
49.75	50.25	WCSP;0.592
62.75	64.00	WCSP;0.824
81.00	81.50	WCSP;0.799
93.25	94.00	WCSP;0.690
190.00	190.75	WCSP;0.746
212.25	212.75	WCSP;0.576
233.25	234.50	WCSP;0.956
244.50	245.50	WCSP;0.911
296.25	296.50	WCSP;0.609
25.25	25.75	WIWA;0.519
56.25	56.50	WTSP;0.603
217.50	218.00	WTSP;0.560
193.50	194.00	YRWA;0.699
236.50	237.00	YRWA;0.625
246.75	247.00	YRWA;0.666
257.00	257.50	YRWA;0.628
268.25	268.75	YRWA;0.563
281.25	281.50	YRWA;0.538
