27.25	27.50	AMAV;0.520
148.50	148.75	AMDI;0.520
2.75	3.25	AMRO;0.637
6.00	6.75	AMRO;0.838
9.25	10.50	AMRO;0.968
19.50	20.25	AMRO;0.976
23.00	24.00	AMRO;0.994
33.25	34.00	AMRO;0.977
36.50	37.00	AMRO;0.899
38.75	39.75	AMRO;0.965
42.25	42.50	AMRO;0.624
43.50	44.25	AMRO;0.951
51.75	52.25	AMRO;0.872
55.00	55.50	AMRO;0.972
56.75	57.25	AMRO;0.870
60.25	60.50	AMRO;0.526
65.75	66.50	AMRO;0.778
69.50	70.00	AMRO;0.778
73.75	75.00	AMRO;0.998
227.75	228.00	AMRO;0.520
276.00	277.00	AMRO;0.861
280.25	280.50	AMRO;0.549
290.25	290.75	AMRO;0.738
298.50	299.25	AMRO;0.811
299.25	299.75	BHGR;0.607
222.25	222.50	BLJA;0.625
239.50	239.75	CATE;0.612
0.00	1.00	CHSP;0.990
10.50	13.00	CHSP;0.995
21.00	23.00	CHSP;0.995
30.75	33.00	CHSP;0.993
40.00	43.00	CHSP;0.994
49.50	51.75	CHSP;0.994
58.50	61.50	CHSP;0.995
68.00	70.75	CHSP;0.992
78.25	80.50	CHSP;0.994
87.25	90.25	CHSP;0.994
97.50	100.00	CHSP;0.993
107.00	109.75	CHSP;0.993
116.25	118.75	CHSP;0.989
126.00	128.75	CHSP;0.995
136.00	138.25	CHSP;0.995
144.75	147.75	CHSP;0.996
154.50	157.75	CHSP;0.995
164.25	167.00	CHSP;0.992
174.00	176.75	CHSP;0.993
183.25	186.00	CHSP;0.995
193.00	195.75	CHSP;0.989
203.00	206.00	CHSP;0.993
214.00	216.25	CHSP;0.994
223.00	225.50	CHSP;0.993
232.00	234.75	CHSP;0.992
241.00	244.00	CHSP;0.993
251.50	254.25	CHSP;0.992
260.50	263.00	CHSP;0.995
269.00	271.50	CHSP;0.995
291.50	293.25	CHSP;0.993
73.25	73.75	DEJU;0.554
109.50	109.75	DEJU;0.576
34.50	34.75	EAME;0.554
3.25	3.50	FOSP;0.660
17.00	18.50	FOSP;0.996
34.25	35.25	FOSP;0.740
47.00	49.25	FOSP;0.905
61.50	64.50	FOSP;0.958
77.25	78.75	FOSP;0.964
91.50	93.75	FOSP;0.983
105.00	106.75	FOSP;0.996
116.25	117.50	FOSP;0.883
130.00	131.50	FOSP;0.939
162.25	164.00	FOSP;0.994
177.50	178.75	FOSP;0.941
194.25	194.75	FOSP;0.782
205.25	207.00	FOSP;0.954
208.50	209.00	FOSP;0.755
216.50	218.25	FOSP;0.971
225.25	227.50	FOSP;0.985
235.25	236.75	FOSP;0.869
240.25	240.50	FOSP;0.690
245.50	247.50	FOSP;0.984
255.00	256.50	FOSP;0.990
257.25	258.00	FOSP;0.793
264.25	265.50	FOSP;0.954
272.75	275.75	FOSP;0.985
284.25	286.00	FOSP;0.971
286.75	287.50	FOSP;0.733
296.25	297.75	FOSP;0.950
238.75	239.00	HETH;0.596
285.25	285.50	HETH;0.575
30.25	30.50	LBDO;0.556
51.75	52.00	LBDO;0.628
92.25	92.75	OROR;0.565
228.75	229.00	PISI;0.602
10.25	10.50	PIWO;0.544
268.50	269.00	REVI;0.688
204.00	205.25	RUGR;0.633
206.00	207.00	RUGR;0.644
289.25	289.75	SBDO;0.641
46.50	46.75	SEPL;0.666
116.50	116.75	SNBU;0.573
130.25	130.75	SNBU;0.582
194.25	194.75	SNBU;0.744
43.00	43.50	VATH;0.820
85.25	85.75	VATH;0.827
90.25	91.25	VATH;0.894
94.25	95.25	VATH;0.983
104.00	105.00	VATH;0.981
119.00	119.25	VATH;0.676
120.50	121.50	VATH;0.700
138.00	138.25	VATH;0.677
139.50	140.50	VATH;0.977
156.50	157.00	VATH;0.728
160.50	161.75	VATH;0.976
181.50	182.00	VATH;0.828
185.75	187.00	VATH;0.993
196.25	196.75	VATH;0.629
209.25	210.00	VATH;0.969
213.25	213.50	VATH;0.533
219.50	220.00	VATH;0.595
250.00	250.50	VATH;0.942
254.25	254.50	VATH;0.542
259.50	260.50	VATH;0.989
270.50	271.00	VATH;0.910
294.50	295.50	VATH;0.860
236.25	236.50	VESP;0.531
128.50	129.25	WIWA;0.974
133.75	134.75	WIWA;0.996
141.00	142.25	WIWA;0.990
150.25	151.50	WIWA;0.994
159.50	160.75	WIWA;0.994
171.25	172.00	WIWA;0.996
179.00	180.25	WIWA;0.998
188.75	190.25	WIWA;0.996
190.75	192.00	WIWA;0.994
200.50	202.00	WIWA;0.995
210.00	211.00	WIWA;0.996
218.25	219.25	WIWA;0.989
