270.50	271.25	AMRO;0.973
174.75	175.00	CCLO;0.560
41.00	41.50	CHSP;0.772
53.25	54.50	CHSP;0.781
61.25	62.00	CHSP;0.804
71.00	71.75	CHSP;0.944
72.25	73.25	CHSP;0.968
82.25	83.00	CHSP;0.828
90.50	92.00	CHSP;0.946
100.25	102.50	CHSP;0.875
110.25	112.75	CHSP;0.982
121.00	121.25	CHSP;0.526
140.50	142.25	CHSP;0.715
152.50	153.00	CHSP;0.760
163.00	163.25	CHSP;0.620
172.25	173.00	CHSP;0.834
182.25	183.00	CHSP;0.823
193.25	194.50	CHSP;0.893
239.00	240.25	CHSP;0.939
120.75	121.00	DEJU;0.592
95.25	95.50	EVGR;0.676
11.50	13.00	LISP;0.961
25.25	26.50	LISP;0.989
38.25	40.00	LISP;0.979
51.00	52.25	LISP;0.974
63.75	64.25	LISP;0.709
64.75	66.50	LISP;0.996
78.00	79.50	LISP;0.991
92.00	93.00	LISP;0.996
105.50	106.25	LISP;0.838
120.25	121.00	LISP;0.960
133.25	134.00	LISP;0.884
147.00	148.00	LISP;0.944
160.00	160.75	LISP;0.936
173.75	174.25	LISP;0.809
188.75	190.25	LISP;0.827
203.25	205.00	LISP;0.964
217.50	219.00	LISP;0.941
231.75	232.75	LISP;0.847
246.00	247.25	LISP;0.938
272.00	273.50	LISP;0.993
285.50	287.25	LISP;0.995
275.50	275.75	PYNU;0.504
105.75	106.25	ROWR;0.774
160.25	160.50	ROWR;0.541
260.25	260.50	ROWR;0.514
9.25	9.50	VATH;0.582
20.50	21.00	VATH;0.739
34.00	34.50	VATH;0.659
70.00	70.50	VATH;0.885
81.25	82.25	VATH;0.948
127.25	127.50	VATH;0.541
173.00	173.75	VATH;0.940
183.00	183.75	VATH;0.913
185.25	186.25	VATH;0.986
195.50	196.75	VATH;0.991
207.50	208.75	VATH;0.986
238.50	239.00	VATH;0.939
260.25	260.75	VATH;0.849
298.00	298.25	VATH;0.520
104.50	104.75	WCSP;0.627
20.50	20.75	WTSP;0.610
298.25	298.75	WTSP;0.692
261.50	261.75	WWCR;0.522
