486.25	486.50	AMAV;0.553
489.25	489.50	AMGP;0.515
31.25	31.75	AMRO;0.581
33.50	33.75	AMRO;0.633
66.00	67.00	AMRO;0.728
111.25	111.75	AMRO;0.627
112.50	112.75	AMRO;0.565
119.25	120.25	AMRO;0.591
134.75	135.25	AMRO;0.569
136.25	136.50	AMRO;0.507
174.25	174.75	AMRO;0.609
178.75	179.25	AMRO;0.718
192.25	193.00	AMRO;0.880
239.50	239.75	AMRO;0.513
240.00	241.00	AMRO;0.725
271.50	272.75	AMRO;0.722
273.00	273.50	AMRO;0.550
280.50	280.75	AMRO;0.521
304.50	305.75	AMRO;0.601
322.25	323.50	AMRO;0.775
328.75	329.00	AMRO;0.511
330.00	330.50	AMRO;0.754
389.00	390.00	AMRO;0.751
397.75	398.00	AMRO;0.511
398.75	399.50	AMRO;0.598
407.50	408.25	AMRO;0.546
415.00	415.50	AMRO;0.654
428.50	429.00	AMRO;0.647
433.50	433.75	AMRO;0.511
445.75	446.50	AMRO;0.679
474.00	476.75	AMRO;0.792
494.00	494.50	AMRO;0.536
499.50	500.25	AMRO;0.542
515.25	516.50	AMRO;0.650
522.25	523.00	AMRO;0.540
531.50	531.75	AMRO;0.525
532.75	534.00	AMRO;0.743
581.00	582.25	AMRO;0.843
364.00	364.50	AMWI;0.637
521.00	521.50	AMWI;0.822
7.75	8.00	BBWA;0.868
10.00	10.25	BBWA;0.639
13.75	14.00	BBWA;0.887
18.75	19.00	BBWA;0.668
52.50	52.75	BBWA;0.554
58.75	59.00	BBWA;0.639
61.75	62.00	BBWA;0.608
87.50	88.00	BBWA;0.688
98.75	99.00	BBWA;0.667
178.25	178.75	BBWA;0.619
315.50	315.75	BLJA;0.551
136.00	136.25	CHSP;0.571
523.75	524.00	CHSW;0.533
212.25	212.75	DUNL;0.579
121.00	121.25	EABL;0.554
155.50	156.00	EABL;0.753
159.75	160.00	EABL;0.698
173.00	173.25	EABL;0.565
234.00	234.25	EABL;0.534
296.25	296.50	EABL;0.545
398.50	398.75	EABL;0.604
418.00	418.25	EABL;0.596
427.50	427.75	EABL;0.533
453.25	453.75	EABL;0.627
518.50	519.00	EABL;0.725
328.00	328.50	EATO;0.741
50.00	50.50	FISP;0.627
59.25	60.00	FISP;0.695
250.50	251.25	FISP;0.695
592.50	593.00	FISP;0.581
5.00	7.50	FOSP;0.997
20.00	23.00	FOSP;0.996
36.50	39.25	FOSP;0.995
43.50	44.00	FOSP;0.802
55.25	57.75	FOSP;0.995
71.50	74.25	FOSP;0.994
89.00	91.75	FOSP;0.995
103.25	104.00	FOSP;0.959
105.00	107.50	FOSP;0.996
118.00	118.25	FOSP;0.671
124.00	127.00	FOSP;0.994
142.25	145.00	FOSP;0.996
157.50	158.75	FOSP;0.820
162.00	164.75	FOSP;0.997
167.25	167.75	FOSP;0.678
175.25	176.75	FOSP;0.886
180.25	182.75	FOSP;0.994
194.00	196.00	FOSP;0.897
199.75	202.00	FOSP;0.994
205.00	206.75	FOSP;0.976
216.50	218.25	FOSP;0.985
220.00	222.25	FOSP;0.985
226.00	227.75	FOSP;0.914
236.75	237.25	FOSP;0.782
248.25	250.50	FOSP;0.994
259.25	260.00	FOSP;0.916
265.50	268.00	FOSP;0.991
270.50	270.75	FOSP;0.670
283.00	285.50	FOSP;0.979
301.25	303.75	FOSP;0.988
319.00	321.00	FOSP;0.998
340.50	342.50	FOSP;0.995
365.25	367.25	FOSP;0.998
379.25	380.00	FOSP;0.827
383.00	385.25	FOSP;0.993
401.00	401.75	FOSP;0.835
420.50	423.00	FOSP;0.994
430.25	431.75	FOSP;0.944
443.00	445.00	FOSP;0.989
450.75	451.75	FOSP;0.920
462.25	464.75	FOSP;0.993
467.25	469.00	FOSP;0.973
477.50	478.75	FOSP;0.924
482.50	485.00	FOSP;0.991
487.50	489.25	FOSP;0.986
500.50	502.50	FOSP;0.979
512.75	514.75	FOSP;0.921
524.50	526.25	FOSP;0.970
430.00	430.50	GCSP;0.602
555.50	556.00	GCSP;0.530
177.50	178.50	GWTE;0.725
185.25	185.75	GWTE;0.672
193.25	193.50	GWTE;0.504
297.00	297.25	GWTE;0.560
300.25	300.75	HETH;0.728
354.50	355.00	HETH;0.866
390.25	390.50	HETH;0.612
425.25	426.25	HETH;0.960
16.25	16.50	HEWA;0.852
27.75	28.00	HEWA;0.793
40.00	40.25	HEWA;0.559
45.50	45.75	HEWA;0.883
52.50	52.75	HEWA;0.564
58.75	59.00	HEWA;0.602
61.75	62.00	HEWA;0.763
82.25	82.50	HEWA;0.600
87.75	88.00	HEWA;0.604
98.50	99.00	HEWA;0.893
113.75	114.00	HEWA;0.847
12.00	13.00	LISP;0.778
25.25	26.75	LISP;0.947
61.00	61.75	LISP;0.880
82.75	83.75	LISP;0.895
94.25	95.75	LISP;0.903
133.50	134.75	LISP;0.942
147.00	147.75	LISP;0.851
159.75	161.00	LISP;0.953
186.00	187.25	LISP;0.986
198.25	198.50	LISP;0.746
253.75	254.50	LISP;0.879
270.25	271.50	LISP;0.946
297.50	299.00	LISP;0.994
312.75	314.25	LISP;0.986
326.25	327.75	LISP;0.951
339.25	339.75	LISP;0.801
349.25	349.75	LISP;0.731
362.50	363.50	LISP;0.919
374.75	376.50	LISP;0.996
387.50	389.00	LISP;0.982
400.50	401.00	LISP;0.767
401.75	404.00	LISP;0.990
412.00	414.75	LISP;0.991
427.50	428.75	LISP;0.869
453.75	454.50	LISP;0.706
480.00	480.50	LISP;0.660
492.50	493.00	LISP;0.783
506.00	507.25	LISP;0.996
534.50	535.50	LISP;0.919
562.25	564.00	LISP;0.986
573.75	575.50	LISP;0.991
582.50	584.25	LISP;0.996
596.25	598.50	LISP;0.993
161.25	161.50	MAMU;0.582
315.50	315.75	MAMU;0.542
316.75	317.00	MOCH;0.521
347.00	347.75	MOCH;0.772
456.25	456.50	MOCH;0.504
16.25	16.50	NAWA;0.638
27.75	28.00	NAWA;0.610
45.50	45.75	NAWA;0.572
117.50	117.75	NOCA;0.666
187.75	188.00	PISI;0.693
189.75	190.25	PISI;0.727
25.50	25.75	PUFI;0.528
80.50	81.00	PUFI;0.688
349.25	350.00	PUFI;0.797
374.75	375.25	PUFI;0.572
400.50	401.00	PUFI;0.797
402.00	402.50	PUFI;0.581
492.50	493.00	PUFI;0.845
273.75	274.00	PYNU;0.513
118.25	118.75	RBGR;0.633
271.50	271.75	RBGR;0.553
279.25	279.75	RBGR;0.548
304.25	304.75	RBGR;0.579
454.00	454.50	RBGR;0.605
498.25	499.00	RBGR;0.719
541.00	542.75	RBGR;0.704
442.25	442.50	RTHA;0.552
43.00	43.25	SAPH;0.545
68.00	68.75	SATH;0.761
75.25	75.75	SATH;0.577
137.00	138.00	SATH;0.795
263.00	263.50	SATH;0.629
289.50	290.00	SATH;0.644
390.75	391.00	SATH;0.520
331.25	331.50	SBDO;0.722
43.00	43.25	SNBU;0.558
43.50	43.75	SNBU;0.549
138.25	138.50	SNBU;0.746
205.25	205.50	SNBU;0.508
233.50	233.75	SNBU;0.626
487.75	488.00	SNBU;0.551
449.25	449.50	SOSP;0.676
67.25	67.75	TOSO;0.640
75.50	76.00	TOSO;0.556
386.50	386.75	TOSO;0.582
514.75	515.25	TOSO;0.551
11.00	11.25	VATH;0.601
17.00	17.75	VATH;0.873
192.00	192.25	VATH;0.584
214.50	214.75	VATH;0.551
346.00	346.75	VATH;0.904
357.00	357.50	VATH;0.778
577.75	578.00	VATH;0.828
18.75	19.00	VESP;0.693
85.25	85.50	VESP;0.710
226.00	226.75	VESP;0.735
337.25	337.75	VESP;0.573
52.50	52.75	WCSP;0.586
82.25	82.50	WCSP;0.554
85.25	85.75	WCSP;0.747
130.00	130.25	WCSP;0.547
150.75	151.00	WCSP;0.525
196.50	196.75	WCSP;0.655
229.50	230.75	WCSP;0.807
241.50	242.50	WCSP;0.695
155.50	155.75	WEBL;0.506
532.25	532.75	WEBL;0.616
473.00	474.00	WIWA;0.997
504.50	504.75	WIWA;0.666
527.00	528.25	WIWA;0.997
536.00	537.25	WIWA;0.996
544.75	546.00	WIWA;0.996
553.75	555.00	WIWA;0.995
563.75	565.00	WIWA;0.997
571.50	573.00	WIWA;0.996
584.25	585.50	WIWA;0.994
594.00	595.25	WIWA;0.997
0.25	2.00	WTSP;0.944
2.50	3.75	WTSP;0.865
29.50	33.25	WTSP;0.973
47.50	51.00	WTSP;0.991
57.75	58.75	WTSP;0.855
59.00	60.50	WTSP;0.816
114.25	117.25	WTSP;0.977
127.00	129.50	WTSP;0.976
139.00	142.25	WTSP;0.979
150.50	151.25	WTSP;0.840
151.50	155.50	WTSP;0.986
168.00	171.25	WTSP;0.992
183.00	184.25	WTSP;0.925
202.25	204.50	WTSP;0.980
213.25	214.50	WTSP;0.901
222.75	225.00	WTSP;0.957
229.75	232.00	WTSP;0.817
241.50	241.75	WTSP;0.709
261.25	262.00	WTSP;0.868
280.00	280.25	WTSP;0.808
286.00	286.50	WTSP;0.908
286.75	287.25	WTSP;0.865
290.25	290.75	WTSP;0.760
293.25	293.50	WTSP;0.697
294.50	296.00	WTSP;0.947
305.25	305.50	WTSP;0.769
306.50	309.75	WTSP;0.982
316.50	317.75	WTSP;0.816
330.75	331.00	WTSP;0.663
331.25	333.00	WTSP;0.933
335.50	335.75	WTSP;0.763
346.50	347.00	WTSP;0.720
347.75	348.50	WTSP;0.798
352.00	352.50	WTSP;0.800
353.00	353.25	WTSP;0.912
355.25	355.75	WTSP;0.926
357.00	357.50	WTSP;0.688
359.50	360.00	WTSP;0.787
365.50	365.75	WTSP;0.671
372.25	374.50	WTSP;0.977
378.75	379.00	WTSP;0.883
389.50	390.00	WTSP;0.903
392.50	393.25	WTSP;0.833
406.75	407.50	WTSP;0.987
408.75	409.00	WTSP;0.713
424.00	424.50	WTSP;0.900
429.25	430.00	WTSP;0.786
438.00	438.50	WTSP;0.919
442.50	443.00	WTSP;0.871
445.00	445.50	WTSP;0.804
446.75	447.50	WTSP;0.911
449.25	449.50	WTSP;0.845
455.00	456.75	WTSP;0.874
468.75	472.25	WTSP;0.961
475.25	475.75	WTSP;0.935
480.00	480.25	WTSP;0.674
493.00	493.50	WTSP;0.905
494.75	496.25	WTSP;0.796
501.75	502.00	WTSP;0.776
508.00	511.75	WTSP;0.993
529.50	531.50	WTSP;0.854
531.75	532.50	WTSP;0.882
543.00	544.50	WTSP;0.890
547.75	548.25	WTSP;0.682
555.75	556.75	WTSP;0.904
565.25	568.75	WTSP;0.974
577.75	578.00	WTSP;0.711
590.00	592.75	WTSP;0.946
