320.00	320.25	AMGP;0.654
56.00	56.50	AMRO;0.560
227.25	227.50	AMRO;0.555
228.25	229.00	AMRO;0.624
12.25	12.75	ANHU;0.510
209.25	209.75	BCCH;0.655
191.50	192.00	BLGU;0.700
344.25	344.75	BLGU;0.641
599.25	599.50	BLGU;0.549
399.50	400.00	BRSP;0.662
392.25	393.00	DEJU;0.789
409.50	409.75	DEJU;0.501
530.50	530.75	DEJU;0.616
203.50	204.00	EABL;0.855
86.25	86.75	EAME;0.551
276.00	276.25	EAME;0.551
298.25	298.75	EAME;0.782
401.25	401.50	EATO;0.619
523.50	524.00	EATO;0.678
582.50	582.75	EATO;0.516
6.50	7.00	FISP;0.590
329.00	329.50	FISP;0.607
373.25	373.50	FISP;0.538
400.00	400.50	FISP;0.645
18.50	19.00	FOSP;0.761
50.25	51.75	FOSP;0.892
90.50	90.75	FOSP;0.533
168.00	168.75	FOSP;0.920
233.00	234.00	FOSP;0.956
261.00	262.00	FOSP;0.990
272.25	273.25	FOSP;0.921
278.50	279.75	FOSP;0.829
287.50	288.75	FOSP;0.767
308.75	310.25	FOSP;0.907
316.00	317.25	FOSP;0.986
320.75	322.25	FOSP;0.738
331.50	332.00	FOSP;0.834
349.00	349.50	FOSP;0.522
372.50	373.50	FOSP;0.790
401.25	401.75	FOSP;0.603
415.25	416.00	FOSP;0.724
418.25	418.75	FOSP;0.756
432.00	432.75	FOSP;0.633
445.00	445.75	FOSP;0.799
458.75	459.50	FOSP;0.803
486.25	488.00	FOSP;0.980
517.50	519.00	FOSP;0.959
535.00	535.50	FOSP;0.727
560.50	561.00	FOSP;0.741
568.00	568.50	FOSP;0.657
571.50	572.75	FOSP;0.855
581.25	581.75	FOSP;0.767
582.50	582.75	FOSP;0.681
590.50	591.75	FOSP;0.803
595.25	595.75	FOSP;0.572
598.00	598.50	FOSP;0.762
593.00	593.25	GCKI;0.517
61.75	62.00	GCSP;0.553
86.00	87.00	GCSP;0.645
209.00	209.50	GCSP;0.629
430.25	431.00	GCSP;0.902
468.25	468.50	GCSP;0.508
549.75	550.75	GCSP;0.967
580.25	580.75	GCSP;0.668
591.00	592.00	GCSP;0.846
9.75	10.00	GWTE;0.652
195.75	196.00	GWTE;0.504
342.25	342.75	HAFL;0.890
20.25	20.50	HETH;0.578
63.00	63.25	HETH;0.624
272.00	272.50	HETH;0.626
407.50	407.75	HETH;0.564
458.50	458.75	HETH;0.586
559.50	559.75	HETH;0.529
385.50	385.75	HEWA;0.511
99.25	99.75	KILL;0.602
22.75	23.50	LISP;0.790
402.75	403.00	LISP;0.573
409.25	410.25	LISP;0.735
523.50	524.00	LISP;0.669
40.25	41.00	MOCH;0.777
167.25	167.75	MOCH;0.554
209.50	209.75	MOCH;0.529
229.00	229.50	MOCH;0.694
238.00	238.75	MOCH;0.643
431.00	431.25	MOCH;0.575
592.00	592.50	MOCH;0.546
236.25	236.50	OCWA;0.570
312.00	312.75	RUGR;0.615
424.00	428.00	RUGR;0.916
0.00	0.25	SBDO;0.612
233.25	233.50	SNBU;0.510
264.75	265.00	SNBU;0.538
298.25	298.50	SNBU;0.568
491.25	491.50	SNBU;0.633
492.25	492.50	SNBU;0.568
571.75	572.00	SNBU;0.600
312.00	312.50	SPPI;0.655
252.25	253.00	SWSP;0.697
259.00	259.50	SWSP;0.697
290.25	290.75	SWSP;0.584
332.75	333.50	SWSP;0.953
360.25	360.50	SWSP;0.565
122.50	123.00	TOSO;0.675
219.25	219.50	TOSO;0.708
288.50	289.00	VESP;0.530
310.00	310.50	VESP;0.624
18.75	19.00	WCSP;0.526
22.00	22.75	WCSP;0.751
86.75	87.00	WCSP;0.502
101.00	101.50	WCSP;0.866
151.25	151.50	WCSP;0.563
340.25	340.50	WCSP;0.675
345.25	345.50	WCSP;0.595
360.75	361.75	WCSP;0.912
476.00	478.25	WCSP;0.942
560.50	561.00	WCSP;0.786
576.00	576.75	WCSP;0.939
581.00	581.75	WCSP;0.649
284.25	285.00	WIWA;0.981
290.25	291.00	WIWA;0.815
305.25	306.00	WIWA;0.965
313.75	314.00	WIWA;0.740
347.50	348.50	WIWA;0.948
356.50	357.75	WIWA;0.955
367.25	368.25	WIWA;0.991
381.75	382.00	WIWA;0.566
2.50	6.50	WTSP;0.997
7.00	8.25	WTSP;0.942
13.00	16.50	WTSP;0.998
20.25	22.25	WTSP;0.847
24.50	30.25	WTSP;0.997
35.25	39.50	WTSP;0.995
40.25	40.75	WTSP;0.758
46.00	49.50	WTSP;0.996
54.50	55.50	WTSP;0.808
56.25	60.00	WTSP;0.996
60.75	62.75	WTSP;0.964
66.25	70.00	WTSP;0.994
70.75	72.00	WTSP;0.940
77.50	79.50	WTSP;0.987
80.75	83.75	WTSP;0.994
85.00	86.00	WTSP;0.962
94.50	98.75	WTSP;0.994
104.75	111.25	WTSP;0.997
115.25	117.50	WTSP;0.954
119.00	122.25	WTSP;0.995
124.50	126.00	WTSP;0.992
133.25	137.25	WTSP;0.996
144.75	149.75	WTSP;0.991
156.00	160.25	WTSP;0.994
165.75	167.75	WTSP;0.977
170.25	172.75	WTSP;0.989
174.75	177.00	WTSP;0.959
182.25	185.00	WTSP;0.996
191.00	193.50	WTSP;0.948
199.25	201.25	WTSP;0.954
217.50	219.25	WTSP;0.890
228.25	229.75	WTSP;0.913
236.75	238.75	WTSP;0.948
245.75	248.75	WTSP;0.980
313.00	313.75	WTSP;0.916
323.00	323.25	WTSP;0.668
326.75	329.75	WTSP;0.992
336.50	339.25	WTSP;0.994
344.00	346.75	WTSP;0.966
350.00	353.00	WTSP;0.990
354.00	356.75	WTSP;0.995
357.50	360.50	WTSP;0.994
362.50	367.50	WTSP;0.996
368.00	368.50	WTSP;0.740
373.50	378.50	WTSP;0.993
379.75	382.00	WTSP;0.998
386.75	391.50	WTSP;0.997
394.50	400.75	WTSP;0.996
403.75	407.75	WTSP;0.996
412.00	415.25	WTSP;0.994
420.75	424.25	WTSP;0.997
429.25	430.00	WTSP;0.865
430.50	431.50	WTSP;0.792
432.50	433.00	WTSP;0.799
433.25	435.75	WTSP;0.993
436.25	439.00	WTSP;0.989
441.25	445.00	WTSP;0.994
446.50	449.50	WTSP;0.967
451.50	455.00	WTSP;0.996
461.25	465.25	WTSP;0.996
468.25	470.00	WTSP;0.960
471.75	475.00	WTSP;0.997
478.25	484.75	WTSP;0.993
488.25	490.00	WTSP;0.977
490.50	490.75	WTSP;0.680
492.50	495.25	WTSP;0.991
501.00	506.25	WTSP;0.992
511.50	514.00	WTSP;0.992
514.75	517.75	WTSP;0.998
522.00	523.00	WTSP;0.963
524.50	528.50	WTSP;0.994
531.25	534.00	WTSP;0.990
535.25	538.75	WTSP;0.996
540.00	542.00	WTSP;0.974
543.00	547.00	WTSP;0.994
549.00	556.25	WTSP;0.997
557.75	559.50	WTSP;0.962
562.25	566.00	WTSP;0.998
568.75	571.00	WTSP;0.973
573.00	576.25	WTSP;0.994
578.75	580.25	WTSP;0.985
582.75	586.25	WTSP;0.997
591.50	592.50	WTSP;0.887
