115.00	115.50	AMPI;0.923
239.25	239.50	AMPI;0.541
279.50	279.75	AMPI;0.547
77.75	78.00	AMRO;0.637
104.00	105.00	AMRO;0.955
210.50	211.50	AMRO;0.751
232.25	232.50	AMRO;0.654
279.50	279.75	AMRO;0.665
39.25	39.50	AMWO;0.531
179.00	180.00	AMWO;0.776
83.00	83.25	ATSP;0.893
17.50	17.75	BHCO;0.539
188.25	188.75	BHCO;0.704
128.25	128.50	BRSP;0.514
77.75	78.00	CBCH;0.684
81.50	82.00	CHSP;0.987
168.00	168.75	CHSP;0.741
7.75	8.50	DEJU;0.769
28.25	28.75	DEJU;0.585
40.00	40.50	DEJU;0.653
167.75	168.00	DEJU;0.523
168.25	168.75	DEJU;0.565
19.25	19.50	DUNL;0.535
121.75	123.00	FOSP;0.989
134.75	136.50	FOSP;0.819
149.00	149.50	FOSP;0.683
173.75	175.75	FOSP;0.943
22.25	22.75	HETH;0.591
31.00	31.25	KILL;0.556
276.25	276.50	LOSH;0.679
53.75	54.00	MOCH;0.560
88.00	89.00	MOCH;0.756
101.25	101.75	MOCH;0.640
276.25	276.50	NSHR;0.553
208.50	208.75	REDP;0.557
31.00	31.25	RUBL;0.572
125.50	125.75	RUTU;0.565
127.50	128.25	SEOW;0.781
3.75	5.50	WCSP;0.992
14.25	16.25	WCSP;0.953
24.50	25.50	WCSP;0.915
33.50	34.75	WCSP;0.927
40.50	41.75	WCSP;0.995
45.00	46.00	WCSP;0.986
54.00	55.50	WCSP;0.883
60.25	61.00	WCSP;0.937
63.50	64.75	WCSP;0.892
72.25	73.50	WCSP;0.919
85.00	85.25	WCSP;0.672
88.50	88.75	WCSP;0.676
93.75	96.00	WCSP;0.954
101.25	102.50	WCSP;0.857
109.50	111.75	WCSP;0.992
118.00	119.50	WCSP;0.987
123.75	125.25	WCSP;0.993
126.25	127.00	WCSP;0.811
135.25	136.75	WCSP;0.860
137.00	138.50	WCSP;0.993
140.50	141.50	WCSP;0.935
144.25	145.00	WCSP;0.987
150.50	151.50	WCSP;0.890
154.25	155.50	WCSP;0.997
160.25	161.00	WCSP;0.826
176.50	178.50	WCSP;0.997
185.50	186.50	WCSP;0.924
190.50	190.75	WCSP;0.709
198.25	199.25	WCSP;0.828
201.75	203.50	WCSP;0.952
209.00	210.00	WCSP;0.939
213.50	214.50	WCSP;0.869
221.00	222.25	WCSP;0.881
224.75	226.25	WCSP;0.967
230.75	232.00	WCSP;0.968
236.50	238.00	WCSP;0.981
240.50	241.50	WCSP;0.969
244.75	246.25	WCSP;0.993
248.50	250.25	WCSP;0.996
253.75	255.00	WCSP;0.997
261.25	262.50	WCSP;0.995
264.50	266.50	WCSP;0.996
275.00	276.00	WCSP;0.976
284.25	286.00	WCSP;0.983
289.00	290.00	WCSP;0.797
294.25	295.75	WCSP;0.987
22.50	23.00	WTSP;0.641
217.50	218.75	WTSP;0.795
224.75	225.25	WTSP;0.543
236.50	236.75	WTSP;0.546
288.75	289.50	WTSP;0.886
