50.75	51.00	BRSP;0.736
83.75	84.00	BRSP;0.589
128.25	128.50	CATE;0.612
10.25	11.50	CHSP;0.882
80.25	80.50	CHSP;0.524
100.50	100.75	CHSP;0.637
148.25	149.00	CHSP;0.793
177.00	178.50	CHSP;0.796
202.00	203.00	CHSP;0.831
80.25	80.50	DEJU;0.529
177.50	177.75	DEJU;0.532
288.50	288.75	EVGR;0.717
95.00	95.50	FISP;0.580
197.00	197.25	FISP;0.599
22.25	24.00	FOSP;0.985
33.50	35.50	FOSP;0.920
42.75	45.50	FOSP;0.975
54.00	55.50	FOSP;0.922
64.00	66.00	FOSP;0.987
75.25	76.50	FOSP;0.876
86.00	87.75	FOSP;0.974
98.25	99.75	FOSP;0.977
102.25	103.00	FOSP;0.792
110.25	111.25	FOSP;0.930
117.75	119.75	FOSP;0.987
122.00	124.00	FOSP;0.996
133.00	134.25	FOSP;0.992
136.25	138.25	FOSP;0.958
142.00	144.50	FOSP;0.986
146.00	146.75	FOSP;0.815
154.00	155.75	FOSP;0.969
160.75	163.50	FOSP;0.996
164.00	165.25	FOSP;0.952
172.25	174.75	FOSP;0.997
181.25	183.75	FOSP;0.962
188.50	192.25	FOSP;0.991
196.50	197.25	FOSP;0.703
199.75	201.50	FOSP;0.988
208.50	210.00	FOSP;0.911
211.25	211.50	FOSP;0.755
216.25	218.00	FOSP;0.987
225.00	227.50	FOSP;0.995
230.50	231.00	FOSP;0.878
237.75	238.00	FOSP;0.720
238.50	239.00	FOSP;0.709
244.50	245.50	FOSP;0.982
251.25	252.75	FOSP;0.981
257.75	259.25	FOSP;0.981
265.00	266.25	FOSP;0.995
273.50	275.00	FOSP;0.938
278.50	278.75	FOSP;0.736
280.75	281.50	FOSP;0.870
293.50	293.75	FOSP;0.660
296.75	298.00	FOSP;0.957
82.00	82.25	LISP;0.587
102.50	103.00	LISP;0.577
113.25	113.50	MOCH;0.510
138.50	138.75	PUFI;0.614
22.25	22.50	SNBU;0.669
168.00	168.25	SNBU;0.682
178.50	178.75	SNBU;0.509
179.25	179.50	SNBU;0.810
189.00	189.25	SNBU;0.548
209.25	209.50	SNBU;0.508
211.25	211.50	SNBU;0.725
237.75	238.00	SNBU;0.672
238.50	238.75	SNBU;0.670
278.50	278.75	SNBU;0.500
280.00	280.25	SNBU;0.574
125.00	125.25	SOSA;0.642
50.75	51.00	SOSP;0.567
76.25	76.50	VESP;0.550
144.00	144.50	VESP;0.564
155.25	155.75	VESP;0.571
280.25	280.50	VESP;0.510
298.00	298.25	VESP;0.604
23.50	24.00	WCSP;0.813
35.00	35.50	WCSP;0.632
65.50	66.00	WCSP;0.654
76.50	76.75	WCSP;0.518
89.00	89.75	WCSP;0.881
95.25	95.50	WCSP;0.578
183.25	183.75	WCSP;0.806
258.50	258.75	WCSP;0.532
274.00	274.50	WCSP;0.573
4.00	6.75	WTSP;0.984
25.50	27.75	WTSP;0.972
48.00	51.25	WTSP;0.991
69.75	73.25	WTSP;0.994
89.00	89.50	WTSP;0.696
92.00	95.00	WTSP;0.992
113.00	113.75	WTSP;0.771
129.25	129.50	WTSP;0.660
