269.75	270.00	AMRO;0.513
2.75	3.00	CHSP;0.601
6.00	6.50	CHSP;0.644
11.75	13.00	CHSP;0.674
20.00	21.75	CHSP;0.872
27.75	29.75	CHSP;0.974
34.25	37.00	CHSP;0.982
40.00	42.50	CHSP;0.981
59.25	60.75	CHSP;0.834
71.50	72.50	CHSP;0.746
92.50	92.75	CHSP;0.542
93.00	93.75	CHSP;0.741
97.50	97.75	CHSP;0.616
125.50	126.50	CHSP;0.815
128.25	128.75	CHSP;0.640
135.50	136.00	CHSP;0.728
138.25	138.50	CHSP;0.503
157.50	158.00	CHSP;0.636
173.50	175.00	CHSP;0.798
194.25	194.75	CHSP;0.547
278.25	279.50	CHSP;0.755
3.00	3.25	DEJU;0.517
21.50	21.75	DEJU;0.514
47.25	47.50	DEJU;0.513
97.25	97.75	DEJU;0.523
128.50	128.75	DEJU;0.595
0.00	0.75	EAME;0.765
25.00	25.25	EVGR;0.514
30.00	30.25	FISP;0.596
5.50	6.00	FOSP;0.702
8.75	11.25	FOSP;0.996
14.25	17.50	FOSP;0.987
23.25	25.25	FOSP;0.973
37.25	39.00	FOSP;0.968
62.50	65.00	FOSP;0.987
68.25	70.00	FOSP;0.942
82.00	83.25	FOSP;0.990
88.75	90.25	FOSP;0.977
126.50	127.75	FOSP;0.910
252.50	253.50	FOSP;0.927
258.50	260.25	FOSP;0.988
272.50	275.50	FOSP;0.983
0.25	0.75	GCSP;0.583
14.00	14.75	GCSP;0.613
29.50	31.50	GCSP;0.780
45.50	46.00	GCSP;0.598
88.25	89.25	GCSP;0.705
253.00	253.75	GCSP;0.625
272.25	272.50	GCSP;0.516
167.25	167.75	LISP;0.728
204.25	205.00	LISP;0.953
232.25	232.75	LISP;0.619
283.75	284.25	LISP;0.530
297.00	298.00	LISP;0.972
114.00	114.25	MAMU;0.708
155.25	155.75	MOCH;0.676
159.25	159.50	MOCH;0.575
184.00	184.50	MOCH;0.767
241.75	242.25	MOCH;0.636
247.25	247.50	MOCH;0.539
269.25	269.50	MOCH;0.537
271.50	271.75	MOCH;0.564
3.00	3.25	OCWA;0.554
49.75	50.00	OCWA;0.607
97.00	97.50	OCWA;0.768
106.25	106.50	OCWA;0.531
128.50	128.75	OCWA;0.502
164.25	165.00	OCWA;0.617
177.00	177.25	OCWA;0.570
185.50	186.25	OCWA;0.680
24.50	24.75	OSFL;0.533
37.00	37.25	SAPH;0.821
88.50	88.75	SAPH;0.582
48.50	48.75	TOSO;0.533
17.25	17.50	VESP;0.528
46.25	46.75	VESP;0.579
69.25	70.00	VESP;0.675
275.00	275.50	VESP;0.707
6.75	8.00	WCSP;0.949
19.00	19.75	WCSP;0.862
30.00	30.25	WCSP;0.682
31.25	32.75	WCSP;0.973
42.50	43.75	WCSP;0.927
44.50	45.00	WCSP;0.707
45.75	46.75	WCSP;0.825
53.00	54.75	WCSP;0.980
65.00	66.75	WCSP;0.992
67.50	68.50	WCSP;0.944
76.25	78.00	WCSP;0.976
79.25	80.00	WCSP;0.768
86.75	87.75	WCSP;0.753
89.25	89.50	WCSP;0.661
90.00	91.00	WCSP;0.843
94.00	95.75	WCSP;0.996
100.50	103.50	WCSP;0.990
105.50	106.00	WCSP;0.717
106.25	107.00	WCSP;0.714
113.50	115.25	WCSP;0.977
122.75	124.25	WCSP;0.993
127.00	127.75	WCSP;0.805
131.25	133.50	WCSP;0.992
142.50	144.75	WCSP;0.997
151.25	153.50	WCSP;0.972
159.25	159.50	WCSP;0.672
162.25	162.50	WCSP;0.706
170.00	171.50	WCSP;0.995
176.25	176.75	WCSP;0.718
179.00	180.50	WCSP;0.993
191.00	192.75	WCSP;0.992
200.00	202.25	WCSP;0.997
209.00	211.00	WCSP;0.994
214.00	214.25	WCSP;0.675
217.75	219.75	WCSP;0.988
228.75	229.50	WCSP;0.734
233.25	235.00	WCSP;0.802
236.00	237.25	WCSP;0.986
244.00	245.50	WCSP;0.992
253.50	254.50	WCSP;0.838
262.25	263.50	WCSP;0.886
273.25	273.75	WCSP;0.742
282.00	284.00	WCSP;0.994
291.25	293.25	WCSP;0.979
0.50	3.00	WTSP;0.993
3.25	4.50	WTSP;0.877
7.50	8.75	WTSP;0.787
13.25	13.75	WTSP;0.711
19.00	19.50	WTSP;0.719
26.00	26.25	WTSP;0.695
28.50	29.25	WTSP;0.880
30.50	31.75	WTSP;0.767
42.75	43.75	WTSP;0.805
44.25	46.00	WTSP;0.889
55.50	59.25	WTSP;0.986
67.50	68.50	WTSP;0.811
72.25	75.00	WTSP;0.993
79.00	80.00	WTSP;0.969
84.50	84.75	WTSP;0.658
85.25	88.25	WTSP;0.975
88.50	89.00	WTSP;0.695
95.75	96.75	WTSP;0.874
100.25	100.75	WTSP;0.730
105.25	107.00	WTSP;0.872
107.75	109.50	WTSP;0.936
113.25	114.00	WTSP;0.923
115.00	115.75	WTSP;0.798
116.75	119.00	WTSP;0.982
120.00	122.00	WTSP;0.943
122.50	123.25	WTSP;0.813
136.00	137.75	WTSP;0.970
139.50	143.00	WTSP;0.989
144.75	147.00	WTSP;0.970
149.75	151.50	WTSP;0.986
152.00	152.75	WTSP;0.799
153.50	155.75	WTSP;0.844
159.00	161.25	WTSP;0.981
169.50	170.50	WTSP;0.830
171.00	173.75	WTSP;0.870
175.00	176.50	WTSP;0.949
182.00	185.25	WTSP;0.985
189.50	191.50	WTSP;0.914
194.50	200.50	WTSP;0.995
205.25	208.00	WTSP;0.978
208.75	209.75	WTSP;0.835
210.50	214.25	WTSP;0.964
215.25	217.00	WTSP;0.939
217.50	218.25	WTSP;0.809
222.75	225.25	WTSP;0.979
228.75	230.75	WTSP;0.966
234.25	236.50	WTSP;0.851
240.00	242.00	WTSP;0.963
245.50	249.00	WTSP;0.969
253.50	253.75	WTSP;0.681
254.25	255.00	WTSP;0.847
261.00	263.00	WTSP;0.922
267.25	269.50	WTSP;0.981
271.25	272.25	WTSP;0.891
277.50	278.75	WTSP;0.891
279.50	280.00	WTSP;0.801
282.00	282.50	WTSP;0.708
285.00	288.50	WTSP;0.981
291.25	291.75	WTSP;0.771
298.50	299.75	WTSP;0.977
