247.25	247.50	AMGP;0.576
4.00	5.75	AMRO;0.862
7.00	13.00	AMRO;0.971
13.25	16.75	AMRO;0.988
17.25	18.00	AMRO;0.883
22.25	23.75	AMRO;0.821
24.25	25.25	AMRO;0.837
26.75	30.50	AMRO;0.937
83.25	83.75	AMRO;0.744
85.25	86.00	AMRO;0.732
91.50	92.50	AMRO;0.761
112.50	113.00	AMRO;0.694
114.75	115.50	AMRO;0.798
135.75	139.50	AMRO;0.859
145.00	145.75	AMRO;0.791
146.00	146.75	AMRO;0.804
154.00	155.00	AMRO;0.812
160.50	161.00	AMRO;0.740
165.00	167.00	AMRO;0.836
167.25	170.75	AMRO;0.950
173.00	174.50	AMRO;0.861
179.25	182.00	AMRO;0.905
183.00	183.75	AMRO;0.790
195.50	197.00	AMRO;0.894
202.75	203.50	AMRO;0.833
212.25	213.25	AMRO;0.825
218.25	220.75	AMRO;0.949
221.00	221.25	AMRO;0.658
225.00	232.00	AMRO;0.987
232.25	235.25	AMRO;0.979
236.25	238.00	AMRO;0.962
240.50	242.00	AMRO;0.885
243.75	250.00	AMRO;0.980
250.50	252.25	AMRO;0.942
256.00	258.50	AMRO;0.956
263.75	266.00	AMRO;0.872
268.00	269.25	AMRO;0.855
273.00	275.00	AMRO;0.980
280.00	282.25	AMRO;0.963
283.75	284.75	AMRO;0.836
297.25	297.75	AMRO;0.676
57.00	57.50	BLGU;0.709
78.25	78.75	BLGU;0.601
96.25	97.00	CHSP;0.985
97.75	98.25	CHSP;0.717
99.00	99.50	CHSP;0.981
100.25	100.50	CHSP;0.849
112.00	112.50	CHSP;0.643
113.00	114.25	CHSP;0.873
137.75	138.75	CHSP;0.575
190.75	191.25	CHSW;0.552
103.50	103.75	DEJU;0.533
160.50	160.75	EABL;0.595
161.75	162.00	EABL;0.536
192.50	193.00	EABL;0.848
20.00	20.75	FISP;0.711
58.25	58.75	FISP;0.629
207.25	208.00	FISP;0.674
1.00	1.75	FOSP;0.728
21.00	22.00	FOSP;0.938
46.50	47.75	FOSP;0.961
53.75	55.00	FOSP;0.920
76.25	77.00	FOSP;0.943
94.75	95.50	FOSP;0.838
97.00	98.00	FOSP;0.945
117.75	119.50	FOSP;0.948
127.00	129.00	FOSP;0.995
133.75	135.50	FOSP;0.988
151.00	152.75	FOSP;0.889
162.75	164.75	FOSP;0.992
176.00	176.75	FOSP;0.795
186.25	188.00	FOSP;0.984
200.50	202.50	FOSP;0.981
215.00	215.75	FOSP;0.762
223.00	224.75	FOSP;0.886
238.25	240.25	FOSP;0.991
253.75	255.75	FOSP;0.974
261.25	261.50	FOSP;0.665
276.75	279.00	FOSP;0.973
290.50	291.50	FOSP;0.774
20.50	21.00	GCSP;0.555
151.00	151.75	GCSP;0.702
174.50	175.75	GCSP;0.759
290.00	291.00	GCSP;0.817
111.50	111.75	GWTE;0.547
172.25	172.50	GWTE;0.637
183.75	184.00	GWTE;0.636
280.50	280.75	HETH;0.508
6.00	6.75	LISP;0.761
32.25	32.75	LISP;0.661
293.75	295.00	LISP;0.962
45.75	46.50	MAMU;0.807
258.50	259.00	MAMU;0.640
231.25	231.50	PIGR;0.526
0.50	1.00	PUFI;0.622
4.00	4.50	RBGR;0.626
139.00	139.25	RBGR;0.570
180.00	180.75	RBGR;0.701
225.50	225.75	RBGR;0.536
241.00	241.75	RBGR;0.709
180.50	183.50	RUGR;0.866
3.50	3.75	SATH;0.558
23.25	24.25	SATH;0.734
33.75	34.50	SATH;0.718
82.50	82.75	SATH;0.510
86.25	86.75	SATH;0.570
114.25	114.75	SATH;0.634
131.25	132.50	SATH;0.660
145.25	146.50	SATH;0.687
149.00	150.50	SATH;0.731
154.00	155.00	SATH;0.720
166.25	166.50	SATH;0.511
170.00	170.50	SATH;0.578
173.50	174.25	SATH;0.564
181.50	181.75	SATH;0.593
235.75	236.00	SATH;0.507
262.50	263.00	SATH;0.620
264.25	264.50	SATH;0.509
75.50	75.75	SNBU;0.502
260.50	260.75	SNBU;0.503
261.25	261.50	SNBU;0.666
70.25	70.75	SPSA;0.797
55.25	55.75	SWSP;0.778
249.00	249.50	SWSP;0.541
137.25	138.00	TOSO;0.817
155.25	156.00	TOSO;0.893
44.50	45.00	VESP;0.579
75.50	76.25	VESP;0.807
119.00	119.50	VESP;0.733
152.25	152.75	VESP;0.616
289.25	290.00	VESP;0.712
36.75	37.75	WCSP;0.923
41.50	42.00	WCSP;0.514
99.50	100.00	WCSP;0.726
104.50	105.75	WCSP;0.764
109.00	110.50	WCSP;0.980
176.75	177.25	WCSP;0.505
189.00	190.50	WCSP;0.838
242.25	243.00	WCSP;0.907
269.50	269.75	WCSP;0.523
280.25	281.00	WCSP;0.940
286.50	287.75	WCSP;0.988
292.25	294.00	WCSP;0.991
298.75	300.00	WCSP;0.994
3.00	5.00	WTSP;0.852
12.00	13.50	WTSP;0.942
17.00	21.25	WTSP;0.991
22.75	27.75	WTSP;0.995
29.00	32.00	WTSP;0.992
32.75	37.00	WTSP;0.996
37.50	44.50	WTSP;0.998
47.75	52.00	WTSP;0.996
56.00	59.00	WTSP;0.879
63.25	69.75	WTSP;0.996
71.75	74.25	WTSP;0.992
78.00	81.50	WTSP;0.971
83.75	85.00	WTSP;0.953
87.75	91.00	WTSP;0.995
98.25	99.00	WTSP;0.933
104.00	104.75	WTSP;0.757
106.00	109.00	WTSP;0.992
115.25	118.00	WTSP;0.993
120.75	121.00	WTSP;0.671
123.00	126.50	WTSP;0.994
131.00	133.75	WTSP;0.992
139.00	143.00	WTSP;0.993
146.75	147.25	WTSP;0.683
147.50	151.25	WTSP;0.988
156.25	162.50	WTSP;0.991
165.00	167.75	WTSP;0.988
170.25	171.75	WTSP;0.894
174.50	176.25	WTSP;0.872
180.50	183.00	WTSP;0.954
183.25	186.50	WTSP;0.996
189.00	189.50	WTSP;0.749
191.50	194.00	WTSP;0.982
198.25	200.50	WTSP;0.991
203.25	208.00	WTSP;0.995
210.75	215.00	WTSP;0.947
217.00	219.25	WTSP;0.981
220.25	223.00	WTSP;0.995
242.00	242.25	WTSP;0.746
251.00	251.50	WTSP;0.708
251.75	254.00	WTSP;0.993
259.25	259.50	WTSP;0.663
263.00	265.75	WTSP;0.990
269.00	271.75	WTSP;0.958
274.50	276.50	WTSP;0.943
282.25	285.25	WTSP;0.990
296.25	299.00	WTSP;0.989
71.25	71.50	WWCR;0.516
248.50	248.75	YRWA;0.519
