366.00	367.50	AMRO;0.868
445.25	446.00	AMRO;0.750
523.75	524.50	AMRO;0.706
571.25	572.00	AMRO;0.889
427.50	428.00	ATSP;0.787
428.25	428.50	ATSP;0.697
0.00	0.75	BCCH;0.876
232.00	232.25	BCCH;0.535
258.00	258.50	BFAL;0.672
263.00	263.50	BLJA;0.707
221.25	221.50	BRSP;0.834
230.75	231.00	BRSP;0.733
240.50	241.00	BRSP;0.732
497.75	498.00	BRSP;0.719
531.00	531.75	BRSP;0.965
27.50	28.00	CCSP;0.790
40.75	42.00	CCSP;0.993
55.00	55.75	CCSP;0.913
100.50	102.00	CCSP;0.944
170.00	170.50	CCSP;0.619
298.25	298.50	CHSP;0.523
319.00	319.25	CHSP;0.566
334.00	335.50	CHSP;0.832
341.25	342.75	CHSP;0.767
357.75	358.00	CHSP;0.564
428.25	428.50	CHSP;0.690
430.00	430.25	CHSP;0.565
441.50	441.75	CHSP;0.513
456.50	457.50	CHSP;0.705
496.25	497.75	CHSP;0.942
513.75	515.00	CHSP;0.852
523.00	523.75	CHSP;0.814
559.75	560.00	CHSP;0.579
560.25	560.75	CHSP;0.607
567.50	568.00	CHSP;0.774
568.50	568.75	CHSP;0.607
597.25	598.25	CHSP;0.714
298.00	299.00	DEJU;0.695
304.75	306.00	DEJU;0.805
319.00	319.50	DEJU;0.751
342.00	343.00	DEJU;0.753
350.00	351.00	DEJU;0.973
365.50	365.75	DEJU;0.524
383.25	383.75	DEJU;0.589
398.75	399.50	DEJU;0.771
409.25	410.50	DEJU;0.918
432.00	433.75	DEJU;0.754
464.00	464.50	DEJU;0.637
481.75	482.00	DEJU;0.505
513.50	514.00	DEJU;0.681
537.25	537.50	DEJU;0.530
553.25	554.25	DEJU;0.799
560.25	560.75	DEJU;0.617
568.50	569.25	DEJU;0.669
597.75	598.00	DEJU;0.514
205.25	205.50	EAME;0.659
443.25	443.50	EAME;0.510
576.25	577.00	EAME;0.911
206.25	206.50	EVGR;0.719
163.50	163.75	FISP;0.589
207.00	207.25	FISP;0.514
53.00	54.25	FOSP;0.980
118.00	118.75	FOSP;0.752
249.00	250.25	FOSP;0.807
443.25	444.25	FOSP;0.806
477.25	477.50	FOSP;0.523
568.00	568.50	FOSP;0.548
0.00	1.00	GCSP;0.882
13.50	15.75	GCSP;0.988
29.50	31.25	GCSP;0.991
45.25	46.75	GCSP;0.988
64.25	66.00	GCSP;0.986
79.25	81.75	GCSP;0.987
97.75	99.50	GCSP;0.994
114.50	116.00	GCSP;0.994
129.75	131.50	GCSP;0.984
144.50	146.50	GCSP;0.993
158.25	160.25	GCSP;0.990
175.00	176.50	GCSP;0.994
196.75	198.50	GCSP;0.993
211.00	212.25	GCSP;0.978
226.50	228.50	GCSP;0.993
232.00	232.25	GCSP;0.675
244.25	246.00	GCSP;0.985
260.75	262.75	GCSP;0.987
276.00	277.75	GCSP;0.992
291.50	293.25	GCSP;0.988
311.25	313.25	GCSP;0.984
325.50	327.50	GCSP;0.993
344.50	346.25	GCSP;0.993
358.50	360.25	GCSP;0.985
373.25	374.00	GCSP;0.947
392.00	393.50	GCSP;0.966
407.25	408.75	GCSP;0.987
423.00	424.75	GCSP;0.980
428.25	428.50	GCSP;0.883
438.00	439.50	GCSP;0.994
453.00	454.50	GCSP;0.964
467.75	469.25	GCSP;0.984
485.00	486.75	GCSP;0.975
501.00	501.75	GCSP;0.886
515.75	517.50	GCSP;0.990
530.00	531.50	GCSP;0.991
545.00	546.50	GCSP;0.990
560.75	562.00	GCSP;0.980
576.50	578.25	GCSP;0.992
592.25	594.25	GCSP;0.997
451.25	452.00	GWTE;0.762
462.00	462.75	GWTE;0.775
424.50	424.75	HASP;0.503
484.25	484.50	HETH;0.565
492.00	492.75	HETH;0.744
509.25	509.75	HETH;0.577
518.25	518.75	HETH;0.621
404.25	404.75	HOLA;0.754
506.25	506.75	HOLA;0.651
503.50	504.00	LALO;0.538
182.50	183.50	LARB;0.741
60.25	60.50	LEYE;0.703
4.75	6.25	LISP;0.987
17.75	19.25	LISP;0.996
32.00	33.25	LISP;0.965
67.25	68.00	LISP;0.769
73.50	73.75	LISP;0.710
75.75	76.75	LISP;0.913
89.00	89.75	LISP;0.827
90.25	91.00	LISP;0.939
104.75	105.75	LISP;0.897
107.25	108.00	LISP;0.776
122.75	124.00	LISP;0.997
136.75	137.50	LISP;0.848
151.25	152.75	LISP;0.976
166.00	167.00	LISP;0.771
174.25	174.50	LISP;0.670
191.25	192.00	LISP;0.923
212.50	213.75	LISP;0.944
241.25	242.75	LISP;0.970
255.75	256.75	LISP;0.813
273.25	274.00	LISP;0.781
285.50	286.75	LISP;0.887
289.00	290.00	LISP;0.980
300.00	301.50	LISP;0.990
314.25	315.25	LISP;0.995
328.50	329.25	LISP;0.739
343.25	344.50	LISP;0.984
387.50	388.25	LISP;0.811
389.00	389.75	LISP;0.781
417.50	418.25	LISP;0.783
419.25	419.75	LISP;0.751
432.00	432.75	LISP;0.772
446.00	447.25	LISP;0.987
463.50	464.50	LISP;0.750
520.00	521.00	LISP;0.804
534.25	535.00	LISP;0.786
222.75	223.00	NAWA;0.572
114.25	114.50	PIGR;0.575
200.75	201.00	PIGR;0.605
268.00	268.75	PIGR;0.834
283.25	283.50	PUFI;0.527
49.25	49.75	RCKI;0.516
103.25	104.00	RCKI;0.601
67.25	67.75	ROWR;0.685
387.50	387.75	ROWR;0.510
215.00	215.50	RUTU;0.659
320.25	320.50	RUTU;0.615
52.75	53.00	SAPH;0.698
267.50	267.75	SAPH;0.561
349.00	349.25	SAPH;0.908
505.00	505.25	SAPH;0.757
524.25	524.75	SATH;0.590
96.00	96.25	SBDO;0.644
491.50	491.75	SBDO;0.507
206.25	206.75	SNBU;0.675
267.50	267.75	SNBU;0.551
307.25	307.50	SNBU;0.511
476.50	476.75	SNBU;0.587
567.25	567.50	SNBU;0.537
512.50	512.75	SOSP;0.519
391.25	391.75	SWSP;0.606
461.00	461.50	SWSP;0.546
521.50	522.25	SWSP;0.648
552.00	553.00	SWSP;0.694
573.25	573.75	SWSP;0.573
583.50	584.25	SWSP;0.657
524.25	524.50	TOSO;0.628
1.00	1.50	VATH;0.661
31.25	31.50	VATH;0.528
47.25	47.50	VATH;0.514
66.00	66.25	VATH;0.754
131.50	132.00	VATH;0.711
246.00	246.50	VATH;0.628
293.25	293.75	VATH;0.718
313.00	313.50	VATH;0.555
502.25	502.50	VATH;0.508
562.25	562.50	VATH;0.550
38.25	38.50	WCSP;0.653
93.25	93.50	WCSP;0.647
110.00	111.00	WCSP;0.958
374.00	374.25	WCSP;0.520
402.25	403.50	WCSP;0.718
408.50	408.75	WCSP;0.697
417.00	417.50	WCSP;0.607
445.25	445.50	WCSP;0.685
447.50	447.75	WCSP;0.564
449.25	449.75	WCSP;0.676
501.50	501.75	WCSP;0.528
531.25	531.50	WCSP;0.710
550.25	550.75	WCSP;0.779
430.00	430.25	WEFL;0.628
571.00	571.25	WEME;0.556
323.75	324.75	WIWA;0.995
330.00	331.75	WIWA;0.994
338.00	339.75	WIWA;0.996
346.75	348.00	WIWA;0.995
355.00	356.00	WIWA;0.988
362.50	364.00	WIWA;0.992
372.00	373.25	WIWA;0.995
381.50	383.00	WIWA;0.990
391.00	391.75	WIWA;0.833
400.75	402.00	WIWA;0.927
411.25	412.25	WIWA;0.994
421.00	422.00	WIWA;0.915
430.75	432.00	WIWA;0.973
441.50	442.00	WIWA;0.794
452.25	453.00	WIWA;0.983
460.50	461.25	WIWA;0.957
470.75	471.50	WIWA;0.846
480.00	481.00	WIWA;0.923
489.75	490.50	WIWA;0.834
500.25	501.00	WIWA;0.993
510.75	511.75	WIWA;0.916
521.50	522.00	WIWA;0.678
532.00	532.75	WIWA;0.934
541.50	543.00	WIWA;0.959
552.00	553.00	WIWA;0.780
563.25	563.75	WIWA;0.898
583.50	584.25	WIWA;0.823
594.50	595.25	WIWA;0.947
404.25	404.50	WRSA;0.527
79.25	80.00	WTSP;0.741
416.50	416.75	WTSP;0.542
