243.25	243.50	AMWO;0.700
247.50	249.00	AMWO;0.820
264.00	264.50	AMWO;0.611
287.50	288.00	AMWO;0.629
187.50	187.75	BASA;0.552
248.50	248.75	BHCO;0.540
149.50	150.00	EAME;0.607
108.25	108.50	EVGR;0.690
278.75	279.00	EVGR;0.589
32.00	33.50	FOSP;0.874
254.50	255.75	FOSP;0.640
163.50	164.00	MOCH;0.856
255.25	255.50	OROR;0.510
5.00	5.25	RUBL;0.527
2.25	2.50	RUGR;0.529
50.25	51.00	RUGR;0.714
51.50	51.75	RUGR;0.530
61.50	62.75	RUGR;0.749
77.00	77.75	RUGR;0.649
80.25	80.75	RUGR;0.569
81.25	81.75	RUGR;0.637
97.75	98.50	RUGR;0.576
99.25	99.50	RUGR;0.520
103.25	103.75	RUGR;0.596
119.25	119.75	RUGR;0.578
125.00	125.75	RUGR;0.669
136.25	136.75	RUGR;0.615
137.25	137.75	RUGR;0.556
139.25	140.25	RUGR;0.677
180.25	180.50	RUGR;0.549
185.00	185.75	RUGR;0.703
224.50	224.75	RUGR;0.516
226.50	227.50	RUGR;0.596
231.25	231.50	RUGR;0.522
232.25	232.50	RUGR;0.561
295.25	295.50	RUGR;0.513
90.75	91.00	RWBL;0.656
90.75	91.00	SNBU;0.601
107.50	108.50	SNBU;0.848
20.25	20.50	WCSP;0.641
20.00	20.50	WTSP;0.654
