49.50	50.00	AMAV;0.694
339.50	340.00	AMPI;0.612
587.25	587.50	AMPI;0.731
564.00	564.25	AMRE;0.662
2.75	3.75	AMRO;0.858
7.50	7.75	AMRO;0.660
10.75	12.50	AMRO;0.977
16.50	18.00	AMRO;0.921
24.75	26.00	AMRO;0.930
29.25	30.75	AMRO;0.866
33.50	34.75	AMRO;0.854
38.50	40.50	AMRO;0.837
42.00	44.00	AMRO;0.976
46.50	46.75	AMRO;0.660
47.75	48.25	AMRO;0.705
50.25	50.75	AMRO;0.694
59.50	60.75	AMRO;0.859
67.00	67.50	AMRO;0.719
70.25	71.00	AMRO;0.865
73.75	74.75	AMRO;0.897
78.25	79.25	AMRO;0.897
82.50	84.00	AMRO;0.950
85.75	88.50	AMRO;0.988
89.00	91.75	AMRO;0.905
94.00	95.50	AMRO;0.970
96.00	96.75	AMRO;0.794
98.00	99.75	AMRO;0.840
102.00	102.75	AMRO;0.844
104.25	104.75	AMRO;0.768
110.25	111.25	AMRO;0.866
117.75	119.00	AMRO;0.880
121.50	123.75	AMRO;0.952
128.25	129.75	AMRO;0.869
131.75	134.75	AMRO;0.984
140.50	142.00	AMRO;0.980
145.25	146.75	AMRO;0.895
150.50	153.25	AMRO;0.987
155.75	156.75	AMRO;0.746
159.75	160.50	AMRO;0.844
163.50	164.50	AMRO;0.853
164.75	165.75	AMRO;0.862
167.00	167.75	AMRO;0.786
168.00	169.00	AMRO;0.908
176.00	177.50	AMRO;0.991
179.50	181.75	AMRO;0.995
185.75	187.50	AMRO;0.995
189.25	191.00	AMRO;0.971
194.50	195.00	AMRO;0.685
197.75	199.25	AMRO;0.991
202.00	203.00	AMRO;0.756
204.25	204.75	AMRO;0.792
207.75	209.75	AMRO;0.975
212.25	213.75	AMRO;0.943
215.75	217.50	AMRO;0.972
218.75	219.75	AMRO;0.823
223.25	224.00	AMRO;0.765
227.25	228.75	AMRO;0.950
231.25	231.50	AMRO;0.672
232.75	233.25	AMRO;0.713
237.00	237.50	AMRO;0.746
237.75	238.50	AMRO;0.769
240.50	241.75	AMRO;0.822
244.25	246.25	AMRO;0.979
248.50	249.75	AMRO;0.904
250.25	252.00	AMRO;0.934
255.75	257.50	AMRO;0.971
266.25	268.50	AMRO;0.973
269.00	270.00	AMRO;0.863
271.25	273.25	AMRO;0.994
275.00	277.25	AMRO;0.977
277.50	280.00	AMRO;0.992
280.25	281.00	AMRO;0.751
283.50	283.75	AMRO;0.665
284.75	286.50	AMRO;0.990
289.00	290.50	AMRO;0.983
294.00	295.50	AMRO;0.995
299.00	300.50	AMRO;0.996
303.00	304.00	AMRO;0.976
306.75	308.00	AMRO;0.964
311.75	312.75	AMRO;0.844
313.50	314.75	AMRO;0.889
316.50	318.00	AMRO;0.875
322.00	322.50	AMRO;0.789
325.50	328.00	AMRO;0.986
328.50	328.75	AMRO;0.662
330.00	330.75	AMRO;0.803
333.25	334.75	AMRO;0.884
337.25	341.25	AMRO;0.993
343.75	345.25	AMRO;0.869
348.75	349.75	AMRO;0.885
350.25	350.75	AMRO;0.670
353.00	354.00	AMRO;0.926
356.25	356.75	AMRO;0.737
357.75	358.00	AMRO;0.668
361.00	362.25	AMRO;0.965
366.00	367.25	AMRO;0.902
371.00	372.75	AMRO;0.914
374.00	380.50	AMRO;0.984
381.00	381.75	AMRO;0.819
383.25	384.25	AMRO;0.826
385.25	386.75	AMRO;0.994
388.00	389.25	AMRO;0.995
391.00	393.75	AMRO;0.979
394.25	397.00	AMRO;0.911
398.50	401.75	AMRO;0.982
402.25	404.00	AMRO;0.991
405.25	405.50	AMRO;0.673
407.25	408.25	AMRO;0.866
408.50	412.50	AMRO;0.953
414.25	415.25	AMRO;0.969
418.50	419.75	AMRO;0.880
421.50	422.75	AMRO;0.858
424.25	426.00	AMRO;0.927
426.50	430.00	AMRO;0.830
434.00	436.75	AMRO;0.993
437.25	437.75	AMRO;0.724
439.25	440.00	AMRO;0.816
442.25	443.75	AMRO;0.921
447.50	448.75	AMRO;0.740
451.00	452.00	AMRO;0.886
452.50	452.75	AMRO;0.722
455.75	456.50	AMRO;0.741
456.75	457.75	AMRO;0.865
462.75	464.50	AMRO;0.893
466.50	467.75	AMRO;0.814
471.75	473.75	AMRO;0.956
475.00	476.25	AMRO;0.836
477.25	480.00	AMRO;0.951
482.75	484.25	AMRO;0.914
488.25	489.75	AMRO;0.852
492.00	494.75	AMRO;0.959
496.25	496.75	AMRO;0.705
498.25	499.00	AMRO;0.878
499.75	501.25	AMRO;0.908
501.50	501.75	AMRO;0.662
504.25	504.50	AMRO;0.674
506.25	508.25	AMRO;0.989
510.00	511.00	AMRO;0.916
513.50	514.25	AMRO;0.707
516.75	517.75	AMRO;0.894
527.00	530.00	AMRO;0.898
531.50	532.25	AMRO;0.701
535.00	536.25	AMRO;0.913
539.25	540.25	AMRO;0.725
542.75	543.50	AMRO;0.738
545.00	547.00	AMRO;0.977
548.25	550.75	AMRO;0.927
553.50	555.25	AMRO;0.965
557.50	558.75	AMRO;0.888
560.00	560.50	AMRO;0.727
561.00	562.25	AMRO;0.978
563.25	563.75	AMRO;0.777
565.00	566.50	AMRO;0.919
569.75	571.00	AMRO;0.863
571.25	573.25	AMRO;0.897
573.50	575.00	AMRO;0.938
577.75	578.75	AMRO;0.943
581.00	583.00	AMRO;0.969
584.25	585.50	AMRO;0.873
586.00	588.50	AMRO;0.967
590.00	591.75	AMRO;0.954
594.75	597.00	AMRO;0.978
598.25	599.75	AMRO;0.933
159.75	160.00	BAOR;0.634
475.00	475.50	BAOR;0.676
539.25	539.50	BAOR;0.516
142.75	143.00	BBWA;0.555
40.75	41.25	BCCH;0.678
259.25	259.50	BCCH;0.541
335.00	335.25	BCCH;0.574
365.00	365.50	BCCH;0.786
532.50	533.00	BCCH;0.724
25.25	25.75	BHGR;0.550
39.00	39.50	BHGR;0.771
43.50	43.75	BHGR;0.553
98.25	98.75	BHGR;0.611
125.00	126.00	BHGR;0.769
156.00	157.00	BHGR;0.920
267.75	268.25	BHGR;0.609
327.00	327.50	BHGR;0.715
334.00	334.75	BHGR;0.815
375.00	375.75	BHGR;0.692
439.50	440.00	BHGR;0.697
447.75	448.50	BHGR;0.624
467.00	467.50	BHGR;0.633
549.50	550.00	BHGR;0.636
599.25	599.75	BHGR;0.634
363.25	363.50	BHVI;0.560
252.25	252.50	BLBW;0.695
255.75	256.00	BLBW;0.582
379.50	380.00	BOWA;0.745
173.00	175.25	BRSP;0.949
188.25	189.75	BRSP;0.811
395.50	395.75	BRSP;0.683
331.75	332.25	CCSP;0.556
476.25	476.75	CCSP;0.664
560.25	561.75	CCSP;0.971
565.25	566.50	CCSP;0.851
569.75	570.50	CCSP;0.768
579.00	580.50	CCSP;0.980
588.50	589.75	CCSP;0.953
596.50	598.00	CCSP;0.980
8.00	10.25	CHSP;0.979
12.25	14.00	CHSP;0.988
16.75	19.50	CHSP;0.971
28.00	28.75	CHSP;0.746
29.00	30.25	CHSP;0.861
36.75	39.75	CHSP;0.942
47.75	49.50	CHSP;0.976
55.25	58.00	CHSP;0.953
73.25	74.00	CHSP;0.813
82.50	83.75	CHSP;0.771
84.25	84.50	CHSP;0.686
91.25	92.25	CHSP;0.865
94.75	97.00	CHSP;0.993
98.50	99.25	CHSP;0.736
101.25	105.50	CHSP;0.997
109.50	114.75	CHSP;0.993
120.25	122.50	CHSP;0.995
124.75	125.75	CHSP;0.923
128.75	131.00	CHSP;0.989
135.25	135.75	CHSP;0.816
136.75	139.00	CHSP;0.991
143.00	147.50	CHSP;0.986
150.25	155.00	CHSP;0.997
158.25	160.50	CHSP;0.975
161.50	163.75	CHSP;0.991
166.00	168.00	CHSP;0.978
169.50	172.00	CHSP;0.994
176.25	176.75	CHSP;0.700
177.25	179.75	CHSP;0.986
182.25	183.25	CHSP;0.753
190.50	193.25	CHSP;0.992
193.75	194.75	CHSP;0.975
198.00	199.75	CHSP;0.939
200.75	203.25	CHSP;0.994
206.00	208.00	CHSP;0.928
215.25	220.00	CHSP;0.997
223.75	226.00	CHSP;0.978
232.00	233.75	CHSP;0.954
240.00	241.50	CHSP;0.949
246.25	247.00	CHSP;0.871
247.25	248.75	CHSP;0.899
255.00	255.75	CHSP;0.864
256.00	257.25	CHSP;0.963
263.25	265.00	CHSP;0.954
271.50	273.00	CHSP;0.863
281.25	282.50	CHSP;0.800
282.75	283.75	CHSP;0.922
291.50	292.75	CHSP;0.959
293.00	293.50	CHSP;0.767
301.00	303.50	CHSP;0.979
321.25	322.00	CHSP;0.765
336.25	336.50	CHSP;0.663
337.25	338.00	CHSP;0.748
345.25	348.25	CHSP;0.989
362.00	362.50	CHSP;0.754
369.25	369.75	CHSP;0.702
378.25	379.25	CHSP;0.874
387.50	388.75	CHSP;0.857
395.00	397.50	CHSP;0.960
403.75	406.25	CHSP;0.982
409.00	409.50	CHSP;0.762
412.25	414.50	CHSP;0.990
430.25	432.50	CHSP;0.958
449.00	451.25	CHSP;0.961
455.00	457.00	CHSP;0.931
458.00	458.50	CHSP;0.739
473.50	474.75	CHSP;0.871
493.75	494.50	CHSP;0.915
495.25	495.75	CHSP;0.856
502.00	503.00	CHSP;0.915
504.00	506.00	CHSP;0.961
513.00	515.00	CHSP;0.926
520.25	521.50	CHSP;0.837
527.50	528.25	CHSP;0.728
531.00	532.75	CHSP;0.934
547.25	548.75	CHSP;0.769
552.50	553.25	CHSP;0.792
553.50	558.25	CHSP;0.998
563.00	563.75	CHSP;0.847
566.50	569.75	CHSP;0.998
572.00	573.75	CHSP;0.942
574.25	578.00	CHSP;0.996
581.25	586.50	CHSP;0.998
591.75	595.00	CHSP;0.994
39.50	39.75	DEJU;0.513
50.50	51.25	DEJU;0.614
98.50	99.25	DEJU;0.660
208.00	208.50	DEJU;0.785
232.50	232.75	DEJU;0.522
233.25	234.00	DEJU;0.785
248.25	248.50	DEJU;0.548
255.25	255.50	DEJU;0.521
282.50	282.75	DEJU;0.541
293.00	293.25	DEJU;0.524
336.75	337.75	DEJU;0.791
338.00	338.25	DEJU;0.532
369.25	370.25	DEJU;0.655
370.50	371.00	DEJU;0.611
394.25	395.00	DEJU;0.700
422.75	423.25	DEJU;0.743
495.25	495.50	DEJU;0.529
239.50	239.75	DOWO;0.704
78.50	78.75	EABL;0.663
350.25	351.00	EABL;0.917
419.25	419.50	EABL;0.541
430.00	430.50	EABL;0.660
2.00	2.75	EAME;0.602
261.50	261.75	EAME;0.512
184.00	186.00	FOSP;0.993
58.50	59.00	HASP;0.664
2.50	3.00	HETH;0.641
4.00	4.75	HETH;0.889
11.75	12.00	HETH;0.544
20.50	20.75	HETH;0.585
24.00	24.75	HETH;0.825
26.00	26.75	HETH;0.652
67.75	68.50	HETH;0.733
74.50	75.00	HETH;0.628
81.25	82.25	HETH;0.950
154.25	154.50	HETH;0.606
221.50	222.25	HETH;0.756
239.00	240.00	HETH;0.933
259.25	260.00	HETH;0.942
262.50	263.00	HETH;0.719
302.25	303.00	HETH;0.751
305.75	307.00	HETH;0.970
315.25	316.00	HETH;0.772
322.75	323.50	HETH;0.669
335.00	335.75	HETH;0.797
365.25	365.50	HETH;0.552
383.00	383.75	HETH;0.704
532.75	533.50	HETH;0.718
78.00	78.25	KILL;0.523
6.00	6.75	LISP;0.663
21.00	21.75	LISP;0.785
65.50	66.75	LISP;0.930
139.25	139.50	LISP;0.603
142.00	142.75	LISP;0.848
236.25	237.00	LISP;0.945
295.75	296.25	LISP;0.633
352.50	353.00	LISP;0.545
354.00	355.25	LISP;0.979
370.00	370.75	LISP;0.918
380.75	381.50	LISP;0.679
384.25	385.50	LISP;0.871
394.25	394.50	LISP;0.561
401.25	402.75	LISP;0.816
406.75	407.50	LISP;0.819
417.50	418.75	LISP;0.853
421.00	421.75	LISP;0.773
434.00	434.25	LISP;0.536
438.00	438.75	LISP;0.945
465.75	466.25	LISP;0.612
469.00	470.00	LISP;0.955
483.50	483.75	LISP;0.536
497.75	498.25	LISP;0.625
511.00	511.75	LISP;0.829
524.00	524.75	LISP;0.859
544.25	545.00	LISP;0.734
570.75	571.50	LISP;0.690
147.25	147.50	MAMU;0.509
246.00	246.75	MAMU;0.886
252.75	253.75	MAMU;0.828
323.00	323.75	MAMU;0.818
335.50	335.75	MAMU;0.629
4.00	4.25	MOCH;0.575
26.00	26.50	MOCH;0.608
33.75	34.00	MOCH;0.571
441.25	441.75	MOCH;0.562
508.25	508.75	MOCH;0.679
485.00	485.75	OSPR;0.962
231.75	232.00	PAWA;0.690
247.25	247.50	PAWA;0.544
264.00	264.25	PAWA;0.736
289.25	289.50	PAWA;0.758
291.00	291.25	PAWA;0.543
292.50	293.00	PAWA;0.868
297.00	297.25	PAWA;0.934
487.00	487.25	PAWA;0.576
497.25	497.50	PAWA;0.642
503.25	503.75	PAWA;0.681
551.25	551.50	PAWA;0.638
553.25	553.50	PAWA;0.657
580.75	581.00	PAWA;0.514
234.50	234.75	PAWR;0.578
249.50	249.75	PAWR;0.517
252.25	252.50	PAWR;0.539
254.50	254.75	PAWR;0.530
257.25	257.50	PAWR;0.601
259.75	260.00	PAWR;0.751
265.25	265.75	PAWR;0.633
268.25	268.50	PAWR;0.576
271.00	271.25	PAWR;0.590
273.00	273.25	PAWR;0.509
276.00	276.50	PAWR;0.761
359.00	359.75	PAWR;0.923
484.25	485.00	PAWR;0.785
489.00	489.25	PAWR;0.581
491.50	491.75	PAWR;0.653
494.50	495.00	PAWR;0.753
0.00	0.50	PIGR;0.941
277.25	277.50	PIGR;0.528
72.00	72.50	PISI;0.866
6.00	6.25	PUFI;0.575
277.25	277.50	PUFI;0.610
384.25	384.50	PUFI;0.524
454.25	454.50	PUFI;0.636
432.25	432.75	PUSA;0.617
17.50	18.50	RBGR;0.906
25.25	25.75	RBGR;0.636
118.25	118.75	RBGR;0.625
125.25	125.75	RBGR;0.618
164.00	164.25	RBGR;0.566
223.25	223.75	RBGR;0.676
344.00	344.50	RBGR;0.537
390.50	390.75	RBGR;0.571
395.25	396.00	RBGR;0.555
411.00	412.00	RBGR;0.611
422.25	422.75	RBGR;0.616
428.50	428.75	RBGR;0.520
429.25	430.25	RBGR;0.849
448.00	448.50	RBGR;0.642
63.25	64.25	RCKI;0.953
471.25	471.75	REVI;0.548
445.00	445.25	RUTU;0.581
423.25	423.75	SATH;0.674
426.25	426.50	SATH;0.513
269.00	269.50	SBDO;0.621
488.50	488.75	SBDO;0.561
208.25	208.50	SWSP;0.505
455.25	455.75	SWSP;0.675
456.00	456.75	SWSP;0.682
474.00	475.00	SWSP;0.717
499.25	499.50	SWSP;0.512
106.75	107.00	TBLO;0.597
187.25	187.50	TOSO;0.611
282.50	282.75	TOSO;0.564
296.25	296.75	TOSO;0.542
333.50	334.25	TOSO;0.737
462.25	462.50	TOSO;0.574
483.50	483.75	TOSO;0.522
5.00	5.75	VATH;0.949
14.00	14.75	VATH;0.983
22.75	24.00	VATH;0.993
28.25	28.75	VATH;0.596
35.50	36.50	VATH;0.980
45.50	46.00	VATH;0.881
47.25	47.50	VATH;0.593
52.50	53.50	VATH;0.997
58.50	59.75	VATH;0.831
62.00	63.00	VATH;0.991
71.00	72.00	VATH;0.955
75.75	77.00	VATH;0.946
79.25	80.00	VATH;0.843
85.25	85.75	VATH;0.640
92.50	93.50	VATH;0.965
97.00	98.00	VATH;0.996
100.75	101.75	VATH;0.944
105.25	106.50	VATH;0.994
112.25	112.50	VATH;0.542
115.00	115.75	VATH;0.951
124.00	125.00	VATH;0.986
135.75	137.00	VATH;0.999
144.50	145.25	VATH;0.851
149.25	150.25	VATH;0.940
160.50	161.25	VATH;0.782
167.50	168.00	VATH;0.733
175.25	176.25	VATH;0.977
193.00	194.00	VATH;0.996
516.50	516.75	VATH;0.677
526.00	527.00	VATH;0.985
305.00	305.50	WAVI;0.622
362.50	363.25	WAVI;0.583
487.00	488.00	WAVI;0.986
525.25	525.75	WAVI;0.675
530.25	530.50	WAVI;0.506
80.00	80.50	WCSP;0.621
84.00	84.75	WCSP;0.969
94.00	94.75	WCSP;0.992
203.25	204.25	WCSP;0.944
211.00	212.50	WCSP;0.985
220.00	221.00	WCSP;0.927
228.50	230.00	WCSP;0.857
241.75	243.00	WCSP;0.993
300.25	300.75	WCSP;0.622
310.50	311.50	WCSP;0.705
319.50	321.00	WCSP;0.985
329.25	330.25	WCSP;0.806
342.50	343.50	WCSP;0.815
357.75	358.00	WCSP;0.683
231.75	232.00	WIWA;0.667
234.50	234.75	WIWA;0.719
247.25	247.50	WIWA;0.536
254.25	254.75	WIWA;0.614
255.75	256.00	WIWA;0.688
257.25	257.50	WIWA;0.659
259.75	260.00	WIWA;0.679
264.00	264.25	WIWA;0.595
265.25	265.75	WIWA;0.891
268.25	268.50	WIWA;0.567
271.00	271.50	WIWA;0.895
273.00	273.50	WIWA;0.903
276.00	276.25	WIWA;0.905
291.00	291.25	WIWA;0.668
489.00	489.25	WIWA;0.777
491.50	491.75	WIWA;0.914
493.50	493.75	WIWA;0.566
494.75	495.00	WIWA;0.841
497.25	497.50	WIWA;0.586
499.00	499.50	WIWA;0.834
501.50	501.75	WIWA;0.883
503.25	503.50	WIWA;0.647
550.75	551.25	WIWA;0.776
3.50	4.00	WTSP;0.714
4.75	5.25	WTSP;0.751
6.75	8.75	WTSP;0.937
19.50	20.50	WTSP;0.883
22.75	23.00	WTSP;0.683
33.75	34.25	WTSP;0.711
53.50	53.75	WTSP;0.675
65.00	65.50	WTSP;0.708
85.50	86.00	WTSP;0.719
87.50	87.75	WTSP;0.675
93.50	94.00	WTSP;0.796
106.25	106.50	WTSP;0.714
117.00	120.00	WTSP;0.927
131.00	133.50	WTSP;0.984
147.25	149.75	WTSP;0.993
163.00	165.75	WTSP;0.990
181.50	183.00	WTSP;0.802
196.50	198.00	WTSP;0.967
199.75	201.00	WTSP;0.922
203.25	203.50	WTSP;0.658
226.00	229.00	WTSP;0.991
262.75	263.00	WTSP;0.666
279.75	281.25	WTSP;0.982
285.75	287.25	WTSP;0.840
287.50	287.75	WTSP;0.697
293.50	294.25	WTSP;0.859
300.00	300.75	WTSP;0.781
310.25	310.75	WTSP;0.751
319.25	320.00	WTSP;0.784
342.25	343.00	WTSP;0.825
352.25	352.50	WTSP;0.683
372.75	373.00	WTSP;0.717
440.00	442.00	WTSP;0.986
458.50	461.00	WTSP;0.994
479.00	483.00	WTSP;0.993
507.75	508.75	WTSP;0.909
116.25	116.75	WWCR;0.607
351.50	352.00	WWCR;0.600
