64.00	64.25	AMAV;0.516
20.25	21.00	AMRO;0.663
21.25	21.75	AMRO;0.509
182.75	183.50	AMRO;0.657
187.00	189.00	AMRO;0.840
195.50	196.50	AMRO;0.640
198.50	200.75	AMRO;0.875
204.00	205.75	AMRO;0.756
194.00	194.25	ATSP;0.618
200.00	200.25	ATSP;0.512
299.75	300.00	BHVI;0.508
23.75	24.00	EATO;0.596
4.00	5.50	FOSP;0.987
12.75	15.00	FOSP;0.997
18.00	19.25	FOSP;0.983
23.75	25.25	FOSP;0.910
35.25	37.00	FOSP;0.985
44.75	46.75	FOSP;0.997
56.25	58.25	FOSP;0.990
68.50	70.75	FOSP;0.996
77.75	81.75	FOSP;0.997
89.00	91.50	FOSP;0.994
116.75	118.75	FOSP;0.998
131.00	131.25	FOSP;0.711
134.25	136.75	FOSP;0.994
139.00	140.00	FOSP;0.944
144.75	147.75	FOSP;0.998
157.25	159.50	FOSP;0.996
162.50	164.00	FOSP;0.906
166.50	169.50	FOSP;0.992
171.50	173.50	FOSP;0.975
180.50	182.25	FOSP;0.986
183.75	184.00	FOSP;0.722
191.25	193.25	FOSP;0.946
197.00	198.00	FOSP;0.962
201.75	203.00	FOSP;0.881
207.00	208.50	FOSP;0.978
216.75	218.75	FOSP;0.989
231.50	232.75	FOSP;0.976
242.00	243.75	FOSP;0.993
253.25	254.50	FOSP;0.987
265.00	266.25	FOSP;0.990
276.25	277.75	FOSP;0.880
288.00	289.25	FOSP;0.970
289.50	291.00	FOSP;0.979
16.25	16.75	GCSP;0.644
171.50	171.75	HETH;0.508
216.75	217.00	HETH;0.504
206.50	206.75	HEWA;0.804
185.25	185.50	LOSH;0.572
190.50	190.75	NAWA;0.647
200.00	200.25	NAWA;0.529
206.50	206.75	NAWA;0.795
210.00	210.50	NAWA;0.599
213.50	213.75	NAWA;0.516
111.25	111.50	NOCA;0.573
200.00	200.25	OCWA;0.539
210.00	210.50	OCWA;0.701
28.00	28.50	OSFL;0.907
133.75	134.50	OSFL;0.892
178.00	178.50	OSFL;0.957
215.00	215.50	OSFL;0.961
266.00	266.50	OSFL;0.773
299.50	300.00	OSFL;0.724
189.00	189.75	PROW;0.791
19.00	19.25	PUFI;0.646
184.75	185.25	PUFI;0.631
180.25	180.75	SOSP;0.754
181.75	182.75	SOSP;0.742
30.50	30.75	TOSO;0.511
118.50	118.75	VESP;0.502
163.00	164.00	WCSP;0.887
172.25	172.75	WCSP;0.592
202.00	203.00	WCSP;0.839
217.50	218.00	WCSP;0.561
276.50	277.50	WCSP;0.640
6.00	6.25	WIWA;0.689
7.25	9.00	WIWA;0.996
15.00	16.25	WIWA;0.992
17.00	18.00	WIWA;0.994
23.25	24.00	WIWA;0.889
25.25	26.50	WIWA;0.992
32.00	33.50	WIWA;0.996
34.25	35.50	WIWA;0.995
40.50	41.75	WIWA;0.994
43.50	44.75	WIWA;0.994
48.25	49.75	WIWA;0.985
51.25	52.50	WIWA;0.994
58.25	58.50	WIWA;0.701
66.00	67.75	WIWA;0.993
75.00	77.50	WIWA;0.990
84.25	85.75	WIWA;0.992
86.00	87.25	WIWA;0.996
92.75	94.50	WIWA;0.993
97.50	99.00	WIWA;0.998
102.50	103.75	WIWA;0.996
108.00	109.50	WIWA;0.996
111.50	112.75	WIWA;0.995
118.75	122.00	WIWA;0.996
128.50	130.75	WIWA;0.996
138.00	139.00	WIWA;0.996
139.75	141.00	WIWA;0.995
147.75	148.75	WIWA;0.984
155.25	157.00	WIWA;0.990
160.50	161.50	WIWA;0.961
165.00	166.00	WIWA;0.992
173.75	175.00	WIWA;0.963
175.50	176.50	WIWA;0.995
183.25	184.25	WIWA;0.952
187.25	188.50	WIWA;0.990
192.25	192.75	WIWA;0.784
194.25	195.75	WIWA;0.996
201.00	201.75	WIWA;0.841
203.00	204.50	WIWA;0.997
210.50	211.50	WIWA;0.979
211.75	213.25	WIWA;0.995
219.00	220.00	WIWA;0.996
221.00	223.00	WIWA;0.994
227.25	228.75	WIWA;0.991
229.25	230.75	WIWA;0.989
237.00	238.00	WIWA;0.981
245.50	247.00	WIWA;0.995
255.00	257.50	WIWA;0.994
263.25	265.00	WIWA;0.993
266.50	268.00	WIWA;0.996
272.50	274.00	WIWA;0.996
278.50	280.25	WIWA;0.996
281.25	283.00	WIWA;0.996
291.00	292.25	WIWA;0.995
5.00	7.50	WTSP;0.997
16.25	17.25	WTSP;0.946
33.50	34.75	WTSP;0.974
41.50	43.50	WTSP;0.990
50.00	51.25	WTSP;0.979
52.25	53.00	WTSP;0.986
60.25	63.50	WTSP;0.992
72.50	75.50	WTSP;0.992
85.75	86.50	WTSP;0.846
86.75	88.00	WTSP;0.993
98.75	100.75	WTSP;0.990
113.50	115.75	WTSP;0.994
126.00	128.75	WTSP;0.992
141.00	143.75	WTSP;0.991
151.75	155.00	WTSP;0.994
164.25	165.25	WTSP;0.954
175.00	175.50	WTSP;0.728
180.50	180.75	WTSP;0.727
188.75	189.00	WTSP;0.659
189.50	191.25	WTSP;0.984
195.75	197.00	WTSP;0.934
200.50	201.50	WTSP;0.885
211.50	212.00	WTSP;0.708
212.75	215.00	WTSP;0.985
219.75	220.75	WTSP;0.971
223.00	225.25	WTSP;0.993
228.75	229.50	WTSP;0.893
235.25	239.75	WTSP;0.984
247.50	253.25	WTSP;0.993
261.00	263.25	WTSP;0.992
275.00	276.50	WTSP;0.986
292.25	294.00	WTSP;0.983
