110.00	110.75	AMRO;0.805
9.50	9.75	BAOR;0.601
45.50	46.00	CHSW;0.654
108.50	109.00	CHSW;0.698
9.50	9.75	EABL;0.803
271.75	272.00	HEWA;0.558
13.75	15.50	LISP;0.985
31.50	33.25	LISP;0.974
47.00	48.75	LISP;0.983
63.00	65.00	LISP;0.988
78.25	79.25	LISP;0.965
92.00	93.50	LISP;0.977
194.25	194.75	MOCH;0.542
110.00	110.25	SBDO;0.515
79.25	79.50	SESA;0.551
84.25	84.50	SWSP;0.652
121.00	121.50	SWSP;0.649
259.25	260.00	SWSP;0.766
60.25	60.50	WCSP;0.544
61.00	61.50	WCSP;0.821
62.50	62.75	WCSP;0.535
146.50	146.75	WCSP;0.588
162.50	162.75	WCSP;0.586
277.75	278.75	WCSP;0.689
1.50	2.50	WIWA;0.923
12.50	13.00	WIWA;0.651
34.50	35.25	WIWA;0.559
134.75	135.50	WIWA;0.753
248.50	249.00	WIWA;0.632
9.75	11.75	WTSP;0.992
24.25	27.00	WTSP;0.993
180.50	183.25	WTSP;0.970
190.00	190.75	WTSP;0.806
194.00	196.25	WTSP;0.991
201.75	203.75	WTSP;0.977
205.50	208.00	WTSP;0.989
217.75	220.25	WTSP;0.989
222.75	223.50	WTSP;0.829
230.00	232.75	WTSP;0.995
241.75	242.50	WTSP;0.798
251.75	254.00	WTSP;0.993
256.25	257.25	WTSP;0.864
268.50	271.00	WTSP;0.996
274.25	275.00	WTSP;0.906
281.25	283.75	WTSP;0.990
