559.75	560.00	AMAV;0.594
324.75	325.00	AMDI;0.570
337.00	337.25	AMPI;0.766
338.25	338.50	AMPI;0.681
339.00	339.75	AMPI;0.595
429.00	429.50	AMPI;0.594
484.50	485.25	AMRO;0.801
535.25	536.00	AMRO;0.690
466.25	466.75	BLGU;0.824
192.25	193.25	CHSP;0.828
277.50	278.50	CHSP;0.768
333.75	334.00	CHSP;0.610
552.50	553.25	CHSP;0.633
140.25	140.50	COMU;0.567
143.50	144.00	COMU;0.749
472.25	472.75	DEJU;0.650
75.50	75.75	EVGR;0.830
54.75	55.75	FISP;0.608
367.25	367.75	FISP;0.545
532.00	532.25	FISP;0.692
157.00	158.00	FOSP;0.645
482.00	482.50	FOSP;0.663
504.00	504.50	FOSP;0.657
404.75	405.00	GADW;0.529
540.75	541.00	HETH;0.515
541.25	541.50	HETH;0.516
9.25	10.25	HOLA;0.767
26.50	27.25	HOLA;0.632
45.75	46.50	HOLA;0.809
377.00	377.50	HOLA;0.655
395.25	395.50	HOLA;0.550
413.00	413.50	HOLA;0.515
429.00	429.50	HOLA;0.629
447.25	447.75	HOLA;0.561
481.75	482.00	HOLA;0.594
429.50	429.75	LALO;0.503
288.25	288.75	LARB;0.590
495.00	495.25	LARB;0.505
545.50	546.00	LARB;0.574
8.00	9.25	LISP;0.916
24.50	26.25	LISP;0.997
44.25	46.00	LISP;0.994
62.25	63.50	LISP;0.919
78.75	80.00	LISP;0.978
95.25	97.00	LISP;0.985
111.25	112.75	LISP;0.946
129.50	130.75	LISP;0.937
147.00	147.50	LISP;0.756
163.50	164.75	LISP;0.961
181.25	182.25	LISP;0.826
199.50	200.75	LISP;0.977
217.75	219.25	LISP;0.996
236.00	237.00	LISP;0.912
253.25	255.50	LISP;0.998
289.00	290.25	LISP;0.894
305.75	307.75	LISP;0.993
322.75	325.00	LISP;0.990
340.25	342.50	LISP;0.991
358.00	359.50	LISP;0.984
375.00	377.50	LISP;0.997
394.00	394.75	LISP;0.764
411.00	412.75	LISP;0.994
427.25	429.00	LISP;0.995
445.00	447.00	LISP;0.998
463.00	464.00	LISP;0.957
478.25	480.00	LISP;0.980
495.75	497.00	LISP;0.932
512.50	512.75	LISP;0.679
513.25	514.25	LISP;0.884
529.25	530.25	LISP;0.858
564.00	566.00	LISP;0.990
581.00	583.25	LISP;0.997
592.25	592.75	LISP;0.681
6.50	7.00	MOCH;0.647
22.75	23.50	MOCH;0.886
34.25	34.50	MOCH;0.541
39.25	40.00	MOCH;0.866
40.75	41.50	MOCH;0.794
54.25	55.00	MOCH;0.691
68.25	68.75	MOCH;0.848
87.00	87.25	MOCH;0.503
92.25	92.75	MOCH;0.613
98.25	99.00	MOCH;0.805
114.25	114.75	MOCH;0.640
121.50	122.00	MOCH;0.599
190.25	191.00	MOCH;0.957
212.25	212.50	MOCH;0.543
216.25	216.75	MOCH;0.658
299.00	299.50	MOCH;0.748
301.75	302.25	MOCH;0.581
314.25	314.75	MOCH;0.705
424.25	425.25	MOCH;0.921
430.50	430.75	MOCH;0.591
468.25	468.75	MOCH;0.684
523.50	524.25	MOCH;0.796
540.75	541.50	MOCH;0.720
290.50	290.75	PISI;0.534
520.25	520.50	PYNU;0.537
162.25	163.00	RECR;0.749
66.75	67.00	SAND;0.717
469.00	470.00	SATH;0.916
532.00	532.25	SAVS;0.618
576.00	576.25	SAVS;0.611
201.50	201.75	SEOW;0.637
421.00	421.50	SEOW;0.597
553.00	553.50	SEOW;0.534
75.50	75.75	SNBU;0.638
400.50	400.75	SOSP;0.558
395.25	395.50	SPPI;0.664
482.50	482.75	VESP;0.511
71.00	71.75	WCSP;0.869
81.75	82.00	WCSP;0.752
83.50	84.25	WCSP;0.985
87.50	88.25	WCSP;0.867
100.25	100.50	WCSP;0.748
101.25	101.75	WCSP;0.759
103.25	107.25	WCSP;0.996
159.00	159.50	WCSP;0.700
186.00	186.50	WCSP;0.937
191.25	191.50	WCSP;0.730
224.75	225.00	WCSP;0.673
233.00	234.00	WCSP;0.821
240.25	241.50	WCSP;0.981
241.75	242.50	WCSP;0.958
243.75	244.50	WCSP;0.928
245.00	245.75	WCSP;0.917
246.25	247.00	WCSP;0.982
248.25	249.25	WCSP;0.991
250.00	250.50	WCSP;0.916
251.00	251.75	WCSP;0.966
255.25	256.00	WCSP;0.969
256.75	257.00	WCSP;0.844
258.75	259.00	WCSP;0.718
261.00	262.25	WCSP;0.972
263.50	264.25	WCSP;0.982
264.75	266.25	WCSP;0.985
266.75	267.00	WCSP;0.661
268.25	269.00	WCSP;0.958
269.50	270.00	WCSP;0.927
270.75	271.00	WCSP;0.813
271.50	272.25	WCSP;0.949
272.75	274.25	WCSP;0.982
274.75	275.50	WCSP;0.978
282.50	284.00	WCSP;0.968
284.25	284.75	WCSP;0.845
285.75	287.75	WCSP;0.973
288.75	289.00	WCSP;0.687
444.75	445.00	WCSP;0.661
475.25	476.00	WCSP;0.950
113.50	113.75	WRSA;0.504
6.50	7.00	WTSP;0.740
23.00	23.25	WTSP;0.664
34.25	34.75	WTSP;0.821
40.00	41.75	WTSP;0.928
54.75	56.00	WTSP;0.792
71.00	71.75	WTSP;0.821
80.25	80.75	WTSP;0.736
87.00	87.75	WTSP;0.823
91.75	93.00	WTSP;0.942
98.00	99.75	WTSP;0.887
100.75	103.75	WTSP;0.980
108.00	108.75	WTSP;0.862
114.25	117.25	WTSP;0.990
120.75	122.50	WTSP;0.978
127.00	128.75	WTSP;0.960
149.25	149.75	WTSP;0.775
150.25	151.50	WTSP;0.911
159.00	159.75	WTSP;0.825
160.25	162.25	WTSP;0.992
177.75	179.50	WTSP;0.903
184.00	185.50	WTSP;0.985
195.50	197.50	WTSP;0.912
202.00	202.75	WTSP;0.797
211.25	214.00	WTSP;0.943
216.25	216.50	WTSP;0.660
220.50	221.50	WTSP;0.823
227.00	230.00	WTSP;0.976
233.00	233.75	WTSP;0.815
262.25	262.50	WTSP;0.691
269.00	269.25	WTSP;0.686
276.50	277.50	WTSP;0.785
301.50	303.00	WTSP;0.888
314.00	315.25	WTSP;0.878
327.50	330.00	WTSP;0.962
367.00	368.00	WTSP;0.965
372.00	373.50	WTSP;0.888
380.75	381.00	WTSP;0.730
392.25	393.75	WTSP;0.891
399.50	400.75	WTSP;0.731
401.25	402.00	WTSP;0.827
406.00	406.75	WTSP;0.821
408.00	411.00	WTSP;0.982
413.50	415.75	WTSP;0.899
416.25	417.75	WTSP;0.901
430.25	431.00	WTSP;0.829
435.00	435.50	WTSP;0.790
436.75	439.25	WTSP;0.969
440.25	441.25	WTSP;0.974
449.75	451.50	WTSP;0.853
453.75	456.00	WTSP;0.980
460.75	462.00	WTSP;0.751
468.25	469.00	WTSP;0.833
475.00	475.25	WTSP;0.693
487.25	488.25	WTSP;0.884
489.25	490.00	WTSP;0.859
493.25	493.75	WTSP;0.740
499.75	502.00	WTSP;0.987
505.00	505.75	WTSP;0.860
509.00	512.00	WTSP;0.993
514.75	515.50	WTSP;0.947
517.00	520.00	WTSP;0.978
523.00	524.75	WTSP;0.878
525.00	528.75	WTSP;0.991
546.25	548.25	WTSP;0.962
554.25	557.75	WTSP;0.995
567.00	569.75	WTSP;0.995
571.50	573.50	WTSP;0.978
579.50	580.25	WTSP;0.886
584.00	587.25	WTSP;0.993
589.75	591.25	WTSP;0.829
499.75	500.00	WWCR;0.508
293.25	294.00	YRWA;0.941
313.00	314.00	YRWA;0.963
334.25	335.25	YRWA;0.932
436.25	436.50	YRWA;0.560
448.50	449.25	YRWA;0.644
457.50	458.00	YRWA;0.738
497.00	497.50	YRWA;0.700
558.25	558.75	YRWA;0.760
591.75	592.25	YRWA;0.765
