0.25	2.00	AMRO;0.969
4.75	6.75	AMRO;0.990
7.50	8.50	AMRO;0.780
11.50	13.25	AMRO;0.977
16.75	17.50	AMRO;0.733
19.00	20.00	AMRO;0.922
23.25	26.25	AMRO;0.989
27.75	29.25	AMRO;0.980
31.00	32.00	AMRO;0.867
33.25	36.50	AMRO;0.921
40.25	41.25	AMRO;0.850
43.00	44.25	AMRO;0.974
47.25	50.75	AMRO;0.987
51.50	53.25	AMRO;0.984
56.00	57.50	AMRO;0.977
58.00	59.50	AMRO;0.877
60.00	63.50	AMRO;0.890
67.00	67.75	AMRO;0.803
68.75	69.00	AMRO;0.662
69.25	70.75	AMRO;0.988
73.75	79.75	AMRO;0.993
82.00	83.75	AMRO;0.960
86.25	87.00	AMRO;0.868
88.00	90.00	AMRO;0.960
94.25	97.50	AMRO;0.977
100.25	102.75	AMRO;0.910
106.00	107.25	AMRO;0.843
109.25	109.75	AMRO;0.711
111.50	114.50	AMRO;0.944
116.00	118.75	AMRO;0.958
120.50	121.25	AMRO;0.795
123.00	124.25	AMRO;0.927
125.50	127.25	AMRO;0.994
131.25	132.50	AMRO;0.815
22.00	22.25	ATSP;0.545
105.50	105.75	BAOR;0.529
97.75	98.00	BBWA;0.693
239.50	240.00	BCCH;0.691
240.75	241.00	BCCH;0.646
102.50	103.75	BHGR;0.643
32.00	32.25	BRSP;0.567
100.75	101.00	CHSP;0.552
124.50	124.75	CHSP;0.506
140.25	140.50	CHSP;0.684
275.25	275.75	DEJU;0.602
60.50	60.75	EABL;0.501
69.50	70.00	EABL;0.579
98.00	98.75	FOSP;0.716
153.25	153.75	FOSP;0.778
180.00	181.00	FOSP;0.704
217.25	217.50	FOSP;0.508
153.75	154.25	GCSP;0.586
164.50	165.75	GCSP;0.601
125.00	125.25	GRSP;0.708
59.25	59.75	GWTE;0.630
3.25	3.50	KILL;0.537
176.00	176.50	MOCH;0.589
93.50	94.25	NAWA;0.958
133.75	134.25	NAWA;0.767
293.25	293.50	OCWA;0.504
2.00	2.25	PIGR;0.632
249.25	249.75	PIGR;0.601
250.25	250.50	RUBL;0.506
84.25	84.50	SAPH;0.527
143.25	143.75	SAPH;0.779
0.00	0.50	SATH;0.615
21.50	21.75	SATH;0.530
37.25	38.50	SATH;0.878
41.25	42.00	SATH;0.822
105.50	106.00	SATH;0.577
95.50	95.75	SBDO;0.544
84.25	85.25	SNBU;0.790
41.00	41.25	SOSA;0.569
55.50	56.00	SOSA;0.720
170.50	171.00	SOSA;0.826
185.00	185.25	SOSA;0.631
224.75	225.00	SOSA;0.522
235.00	235.50	SOSA;0.796
245.75	246.00	SOSA;0.652
255.25	255.75	SOSA;0.957
265.75	266.00	SOSA;0.722
275.00	275.25	SOSA;0.697
284.00	284.25	SOSA;0.589
292.75	293.00	SOSA;0.753
11.50	11.75	SOSP;0.617
19.75	20.00	SOSP;0.771
22.00	22.25	SOSP;0.701
24.50	24.75	SOSP;0.598
27.00	27.25	SOSP;0.816
32.00	32.25	SOSP;0.609
36.50	37.00	SOSP;0.836
40.25	40.75	SOSP;0.634
44.00	44.25	SOSP;0.807
47.00	47.50	SOSP;0.877
50.75	51.25	SOSP;0.852
17.00	17.75	SUTA;0.775
19.75	20.50	SUTA;0.742
35.50	36.00	SUTA;0.649
43.75	44.00	SUTA;0.523
50.25	50.50	SUTA;0.598
101.00	101.50	SUTA;0.707
50.50	50.75	SWSP;0.524
183.25	184.00	SWSP;0.764
214.25	215.00	SWSP;0.596
247.25	247.75	SWSP;0.660
258.00	258.75	SWSP;0.650
299.50	299.75	SWSP;0.519
8.00	8.25	TOSO;0.533
9.00	9.75	TOSO;0.695
31.00	31.25	TOSO;0.529
34.75	35.00	TOSO;0.540
103.25	103.75	TOSO;0.671
104.50	105.00	TOSO;0.510
151.75	152.75	VATH;0.940
184.50	185.75	VATH;0.903
196.25	196.75	VATH;0.664
237.50	237.75	VATH;0.647
94.00	94.25	VESP;0.552
97.75	98.00	VESP;0.605
147.25	147.50	VESP;0.535
180.50	180.75	VESP;0.577
27.00	27.25	WCSP;0.756
32.00	32.25	WCSP;0.811
40.50	40.75	WCSP;0.661
53.50	55.75	WCSP;0.996
67.00	68.75	WCSP;0.994
79.75	81.25	WCSP;0.997
90.25	92.75	WCSP;0.996
97.50	98.00	WCSP;0.916
100.75	101.00	WCSP;0.908
110.25	112.00	WCSP;0.990
119.00	121.00	WCSP;0.992
129.00	131.25	WCSP;0.995
134.00	135.75	WCSP;0.988
140.00	140.50	WCSP;0.906
141.75	142.25	WCSP;0.780
147.00	147.75	WCSP;0.996
190.25	190.75	WCSP;0.707
198.50	199.00	WCSP;0.784
208.25	209.00	WCSP;0.863
228.00	229.25	WCSP;0.985
250.25	250.50	WCSP;0.663
270.50	271.00	WCSP;0.844
292.50	293.00	WCSP;0.761
10.50	11.50	WIWA;0.983
30.25	31.00	WIWA;0.819
64.25	65.50	WIWA;0.988
76.50	77.25	WIWA;0.929
102.50	103.50	WIWA;0.985
113.25	114.25	WIWA;0.968
123.25	124.25	WIWA;0.857
132.50	133.75	WIWA;0.938
143.50	144.75	WIWA;0.924
158.00	159.25	WIWA;0.992
171.25	172.75	WIWA;0.991
194.25	195.25	WIWA;0.991
205.25	206.50	WIWA;0.940
214.00	215.00	WIWA;0.946
223.00	224.25	WIWA;0.972
236.00	237.25	WIWA;0.991
247.25	248.25	WIWA;0.773
257.50	258.75	WIWA;0.922
269.25	270.50	WIWA;0.870
278.75	280.00	WIWA;0.952
288.50	290.00	WIWA;0.991
299.25	300.00	WIWA;0.883
7.25	8.00	WTSP;0.822
11.50	11.75	WTSP;0.747
19.75	20.00	WTSP;0.940
36.50	36.75	WTSP;0.839
39.50	40.00	WTSP;0.731
44.00	44.25	WTSP;0.890
47.25	47.50	WTSP;0.749
51.00	51.25	WTSP;0.690
90.25	90.75	WTSP;0.765
92.50	93.25	WTSP;0.763
110.25	110.75	WTSP;0.733
119.00	119.75	WTSP;0.717
137.25	138.50	WTSP;0.902
139.25	142.50	WTSP;0.991
154.25	157.00	WTSP;0.989
159.75	162.75	WTSP;0.993
164.50	164.75	WTSP;0.764
165.75	167.50	WTSP;0.993
173.25	176.50	WTSP;0.987
181.25	184.50	WTSP;0.991
192.00	194.50	WTSP;0.980
198.00	200.75	WTSP;0.980
203.00	203.75	WTSP;0.913
207.25	207.75	WTSP;0.710
208.00	208.25	WTSP;0.685
213.50	214.00	WTSP;0.835
218.00	220.25	WTSP;0.989
243.00	245.25	WTSP;0.978
248.25	248.75	WTSP;0.696
250.25	251.25	WTSP;0.813
256.25	257.50	WTSP;0.857
259.75	260.75	WTSP;0.931
262.50	265.50	WTSP;0.996
267.25	269.50	WTSP;0.984
270.50	271.75	WTSP;0.797
276.25	279.00	WTSP;0.980
283.25	284.00	WTSP;0.879
285.75	287.00	WTSP;0.960
294.00	297.00	WTSP;0.995
