129.25	129.50	AMDI;0.548
1.00	1.75	AMRO;0.763
13.25	16.00	AMRO;0.995
53.75	57.00	AMRO;0.982
66.00	66.50	AMRO;0.800
70.25	72.75	AMRO;0.970
79.00	80.00	AMRO;0.863
84.50	88.00	AMRO;0.989
89.00	89.50	AMRO;0.699
95.00	97.25	AMRO;0.942
139.50	141.75	AMRO;0.969
147.25	149.00	AMRO;0.952
153.50	155.75	AMRO;0.964
160.25	162.00	AMRO;0.965
178.00	181.25	AMRO;0.986
199.25	200.50	AMRO;0.899
215.00	216.50	AMRO;0.961
236.00	237.00	AMRO;0.914
275.25	275.75	AMRO;0.754
280.00	283.50	AMRO;0.991
73.25	73.50	BASA;0.718
155.25	157.00	CHSP;0.945
183.75	185.50	CHSP;0.948
198.00	199.50	CHSP;0.902
210.00	211.50	CHSP;0.814
229.00	230.00	CHSP;0.844
231.25	232.00	CHSP;0.917
232.25	232.75	CHSP;0.692
242.50	243.00	CHSP;0.564
251.25	254.25	CHSP;0.967
261.00	262.75	CHSP;0.927
263.00	265.00	CHSP;0.947
272.75	273.50	CHSP;0.540
288.50	288.75	CHSP;0.514
26.50	26.75	DEJU;0.516
65.50	65.75	DEJU;0.533
294.25	294.50	EAME;0.500
80.50	82.00	FOSP;0.845
101.00	101.75	FOSP;0.776
121.25	123.00	FOSP;0.916
131.00	132.75	FOSP;0.898
136.50	136.75	FOSP;0.515
143.00	144.50	FOSP;0.950
146.25	147.00	FOSP;0.980
159.75	161.00	FOSP;0.845
168.25	170.00	FOSP;0.905
174.75	176.25	FOSP;0.969
190.25	192.00	FOSP;0.953
195.75	196.00	FOSP;0.538
196.50	197.25	FOSP;0.612
207.75	209.00	FOSP;0.928
213.50	214.75	FOSP;0.981
254.75	255.50	FOSP;0.560
294.00	294.50	FOSP;0.786
290.50	291.00	HETH;0.684
173.50	174.00	LASP;0.519
3.75	5.00	LISP;0.916
46.25	47.00	LISP;0.723
78.25	79.00	LISP;0.802
118.75	120.00	LISP;0.899
150.00	150.75	LISP;0.860
247.25	247.50	LISP;0.565
92.50	92.75	PIGR;0.518
127.50	128.25	PISI;0.936
130.75	131.00	PISI;0.804
133.00	134.00	PISI;0.994
134.50	135.75	PISI;0.997
136.75	139.25	PISI;0.992
142.25	142.50	PISI;0.761
229.25	229.50	PISI;0.718
231.00	231.25	PISI;0.702
279.75	280.00	PISI;0.704
283.75	285.75	PISI;0.989
286.25	287.50	PISI;0.994
287.75	288.50	PISI;0.993
288.75	293.50	PISI;0.990
294.50	298.50	PISI;0.989
126.50	127.00	PYNU;0.583
110.00	110.25	RECR;0.568
134.00	134.25	REVI;0.583
74.25	74.50	RUTU;0.504
0.25	0.75	SATH;0.691
56.50	56.75	SATH;0.522
69.25	69.75	SATH;0.673
140.25	140.75	SATH;0.578
153.25	153.50	SATH;0.528
179.00	179.50	SATH;0.572
200.00	200.75	SATH;0.778
216.00	216.75	SATH;0.877
221.25	222.00	SATH;0.834
222.50	222.75	SATH;0.530
274.00	275.00	SATH;0.839
195.50	196.00	SNBU;0.648
213.75	214.00	SNBU;0.504
258.75	259.00	SNBU;0.566
83.00	83.75	SWSP;0.743
125.25	126.00	SWSP;0.747
162.25	162.75	SWSP;0.621
0.25	0.50	TOSO;0.511
1.00	3.00	TOSO;0.813
49.00	49.25	TOSO;0.599
58.00	58.50	TOSO;0.713
89.00	89.75	TOSO;0.578
91.50	92.00	TOSO;0.541
93.00	101.00	TOSO;0.984
101.75	102.00	TOSO;0.507
153.50	153.75	TOSO;0.512
220.25	220.75	TOSO;0.642
225.75	230.25	TOSO;0.963
278.00	278.50	TOSO;0.611
43.00	44.00	VESP;0.925
209.00	209.25	VESP;0.593
255.25	255.50	VESP;0.519
8.50	9.75	WCSP;0.851
18.25	19.75	WCSP;0.966
30.00	31.50	WCSP;0.976
41.25	42.75	WCSP;0.850
51.75	53.25	WCSP;0.986
64.25	64.75	WCSP;0.832
75.75	77.25	WCSP;0.988
192.50	192.75	WILL;0.516
105.75	106.75	WIWA;0.889
260.00	260.50	WWCR;0.571
61.75	62.25	YRWA;0.807
