61.00	61.25	AMRO;0.661
180.50	180.75	AMRO;0.660
198.50	199.00	AMRO;0.878
562.50	563.00	AMRO;0.634
445.25	445.50	AMWO;0.523
125.25	125.75	BRSP;0.585
4.25	6.25	CHSP;0.971
18.00	20.50	CHSP;0.992
27.25	29.50	CHSP;0.944
36.50	39.00	CHSP;0.982
45.00	46.00	CHSP;0.942
52.75	55.25	CHSP;0.986
61.75	62.75	CHSP;0.924
70.50	72.00	CHSP;0.957
80.00	80.50	CHSP;0.769
91.25	92.50	CHSP;0.813
100.00	102.25	CHSP;0.930
109.25	109.75	CHSP;0.719
115.00	117.50	CHSP;0.981
124.25	124.75	CHSP;0.715
125.25	126.00	CHSP;0.897
133.00	134.75	CHSP;0.888
142.75	143.75	CHSP;0.876
150.50	152.25	CHSP;0.991
164.25	166.50	CHSP;0.960
240.25	241.25	CHSP;0.863
256.00	256.75	CHSP;0.818
271.50	273.25	CHSP;0.978
425.00	425.75	CHSP;0.822
507.50	507.75	CHSW;0.540
539.25	540.75	CHSW;0.892
555.00	556.00	CHSW;0.938
25.50	25.75	CONI;0.616
63.00	63.75	DEJU;0.728
79.50	80.50	DEJU;0.600
166.00	166.25	DEJU;0.546
425.25	425.75	DEJU;0.823
193.50	194.00	EAKI;0.884
134.25	134.50	EAME;0.616
93.00	93.25	EATO;0.516
348.50	348.75	EATO;0.516
198.75	199.00	EUST;0.530
124.75	125.50	FISP;0.619
528.25	529.00	FISP;0.785
42.75	43.00	FOSP;0.692
51.75	53.00	FOSP;0.981
71.50	73.25	FOSP;0.962
77.00	78.75	FOSP;0.956
83.50	84.75	FOSP;0.958
89.75	90.25	FOSP;0.726
91.00	91.75	FOSP;0.855
104.25	105.75	FOSP;0.915
109.00	110.75	FOSP;0.951
119.00	120.75	FOSP;0.931
148.75	150.75	FOSP;0.971
170.25	171.50	FOSP;0.809
191.25	193.00	FOSP;0.989
243.00	244.75	FOSP;0.970
283.25	285.50	FOSP;0.992
293.25	295.25	FOSP;0.986
303.75	305.25	FOSP;0.815
313.50	315.25	FOSP;0.932
321.75	323.50	FOSP;0.962
333.75	335.50	FOSP;0.988
348.25	350.50	FOSP;0.974
361.50	362.50	FOSP;0.796
495.00	496.50	FOSP;0.971
509.00	510.75	FOSP;0.840
524.25	526.25	FOSP;0.973
586.00	586.25	FOSP;0.665
83.50	84.00	GCSP;0.615
313.25	313.50	HOFI;0.576
396.25	396.50	HOLA;0.628
461.25	461.50	HOLA;0.503
283.00	283.25	KILL;0.667
418.50	418.75	LALO;0.543
292.00	292.50	LASP;0.636
13.75	15.00	LISP;0.959
30.00	31.25	LISP;0.945
46.25	47.00	LISP;0.691
63.00	63.50	LISP;0.536
79.25	79.50	LISP;0.628
94.50	95.50	LISP;0.793
140.50	141.50	LISP;0.654
157.25	158.50	LISP;0.903
176.50	177.25	LISP;0.852
261.00	262.00	LISP;0.966
276.75	278.00	LISP;0.918
310.00	311.00	LISP;0.888
360.25	360.75	LISP;0.739
377.25	378.00	LISP;0.965
428.25	429.00	LISP;0.744
475.00	475.75	LISP;0.899
494.25	494.75	LISP;0.743
559.25	560.00	LISP;0.962
576.00	576.50	LISP;0.647
188.50	188.75	MOCH;0.617
536.25	536.50	MOCH;0.511
445.00	445.50	OCWA;0.745
298.50	298.75	PUSA;0.616
417.50	417.75	PUSA;0.613
210.50	210.75	RECR;0.541
230.50	230.75	RUGR;0.507
415.50	415.75	RUGR;0.524
508.50	508.75	RWBL;0.547
227.50	227.75	SAND;0.665
42.00	42.50	SNBU;0.914
91.00	91.25	SNBU;0.515
119.00	119.25	SNBU;0.687
149.00	149.50	SNBU;0.667
170.25	170.75	SNBU;0.690
293.50	293.75	SNBU;0.510
313.50	314.00	SNBU;0.569
322.50	322.75	SNBU;0.585
351.00	351.25	SNBU;0.545
362.25	362.50	SNBU;0.510
484.00	484.50	SNBU;0.645
418.50	418.75	SPPI;0.690
172.25	172.50	SWSP;0.592
590.50	591.00	SWSP;0.635
57.00	57.25	VATH;0.520
256.75	257.25	VATH;0.738
350.00	350.25	VESP;0.527
110.25	111.00	WCSP;0.778
295.00	295.25	WCSP;0.530
507.50	507.75	WIWA;0.587
566.50	567.00	WIWA;0.572
575.25	575.75	WIWA;0.608
590.25	590.75	WIWA;0.686
33.25	35.75	WTSP;0.994
47.75	48.00	WTSP;0.679
49.25	51.50	WTSP;0.984
57.75	59.75	WTSP;0.962
68.50	70.50	WTSP;0.995
73.50	74.75	WTSP;0.940
84.50	87.00	WTSP;0.989
95.50	98.00	WTSP;0.994
106.00	106.75	WTSP;0.749
110.75	112.75	WTSP;0.991
123.00	125.50	WTSP;0.929
188.25	189.00	WTSP;0.818
253.50	254.25	WTSP;0.727
257.00	257.25	WTSP;0.662
287.50	288.00	WTSP;0.687
288.25	289.00	WTSP;0.829
331.25	332.50	WTSP;0.843
374.00	374.50	WTSP;0.732
449.25	451.00	WTSP;0.977
457.25	457.50	WTSP;0.671
468.00	471.75	WTSP;0.994
479.50	482.75	WTSP;0.994
490.00	493.00	WTSP;0.995
504.50	506.25	WTSP;0.938
513.50	515.50	WTSP;0.991
521.75	524.00	WTSP;0.987
531.50	533.50	WTSP;0.985
564.25	564.75	WTSP;0.758
210.50	210.75	WWCR;0.506
364.75	365.00	YRWA;0.545
375.75	377.00	YRWA;0.983
386.50	388.00	YRWA;0.989
397.50	398.75	YRWA;0.990
407.25	408.75	YRWA;0.979
412.00	412.25	YRWA;0.628
431.75	432.00	YRWA;0.761
434.25	434.50	YRWA;0.517
446.75	447.75	YRWA;0.988
458.25	459.25	YRWA;0.973
478.00	478.75	YRWA;0.761
