218.25	218.50	AMBI;0.576
364.50	364.75	AMBI;0.745
102.25	103.00	AMWO;0.751
127.50	127.75	AMWO;0.570
331.00	332.75	AMWO;0.898
341.00	341.25	AMWO;0.528
350.25	350.50	AMWO;0.535
379.00	379.50	AMWO;0.705
398.25	398.50	AMWO;0.590
417.50	417.75	AMWO;0.591
424.75	425.00	BCCH;0.649
134.00	134.75	BHCO;0.816
164.50	164.75	BHCO;0.505
260.00	260.25	BHCO;0.640
349.50	350.00	BHCO;0.662
369.50	370.00	BHCO;0.819
378.00	378.50	BHCO;0.668
388.25	388.50	BHCO;0.701
305.50	305.75	CHSP;0.560
441.50	442.00	CHSP;0.647
442.50	443.25	CHSP;0.609
445.75	446.00	CHSP;0.535
164.50	164.75	DEJU;0.514
174.00	174.50	DEJU;0.552
278.00	278.75	DEJU;0.730
296.25	296.50	DEJU;0.600
305.00	306.50	DEJU;0.877
443.00	443.25	DEJU;0.518
445.75	446.00	DEJU;0.561
471.00	471.50	DEJU;0.874
489.50	490.00	DEJU;0.545
498.50	499.00	DEJU;0.690
517.50	518.50	DEJU;0.808
13.00	13.50	FISP;0.556
30.50	31.00	FISP;0.738
92.25	93.00	FISP;0.738
150.50	151.00	FISP;0.686
302.25	302.50	FISP;0.535
468.50	468.75	FISP;0.546
528.75	529.50	FISP;0.700
543.75	544.25	FISP;0.588
37.00	38.25	FOSP;0.976
57.00	57.50	FOSP;0.684
71.25	71.75	FOSP;0.667
94.50	95.00	FOSP;0.625
537.75	538.25	FOSP;0.612
292.00	292.25	HETH;0.526
9.25	9.50	MAMU;0.510
124.25	124.50	MOCH;0.584
313.75	314.50	MOCH;0.550
410.50	411.25	MOCH;0.782
424.75	425.25	MOCH;0.711
70.50	70.75	OSFL;0.508
486.25	487.00	PIGR;0.752
20.00	20.75	RUGR;0.776
49.50	49.75	RUGR;0.506
50.50	50.75	RUGR;0.542
52.50	53.00	RUGR;0.523
70.75	71.00	SAPH;0.505
581.50	581.75	SBDO;0.652
71.25	71.50	SNBU;0.552
500.50	500.75	SNBU;0.675
564.25	564.50	SNBU;0.619
595.75	596.00	SNBU;0.675
93.75	94.00	VESP;0.506
12.75	13.50	WCSP;0.661
30.50	30.75	WCSP;0.558
103.25	103.75	WCSP;0.670
112.25	114.00	WCSP;0.946
129.00	129.50	WCSP;0.738
175.50	176.75	WCSP;0.915
314.25	314.75	WCSP;0.539
395.00	395.75	WCSP;0.905
436.75	437.50	WCSP;0.657
505.25	505.50	WCSP;0.566
515.00	516.00	WCSP;0.991
302.00	302.50	WTSP;0.702
313.75	314.75	WTSP;0.700
436.75	437.00	WTSP;0.539
468.25	468.75	WTSP;0.761
505.25	505.75	WTSP;0.622
573.25	573.50	YERA;0.517
