211.75	212.00	AGOL;0.541
422.50	422.75	AMPI;0.536
262.25	262.50	ATSP;0.512
263.50	264.75	ATSP;0.617
290.50	291.00	BANS;0.695
46.75	47.00	BBWA;0.538
63.75	64.00	BBWA;0.546
249.75	250.00	BCCH;0.513
186.50	186.75	BHCO;0.797
494.75	495.00	BRSP;0.542
132.50	132.75	CATE;0.697
48.50	48.75	CHSP;0.625
50.00	50.50	CHSP;0.749
335.00	337.25	CHSP;0.874
345.25	346.75	CHSP;0.730
565.25	565.75	CHSP;0.616
295.50	296.25	DEJU;0.610
385.00	385.25	DEJU;0.514
500.00	500.25	DEJU;0.551
28.50	29.00	DUNL;0.665
194.25	194.75	EAME;0.615
98.00	98.25	EAPH;0.522
431.25	431.75	EATO;0.564
580.75	581.00	EAWP;0.592
60.00	60.75	FOSP;0.944
76.50	77.75	FOSP;0.956
94.50	96.00	FOSP;0.820
114.50	115.25	FOSP;0.774
136.00	137.25	FOSP;0.945
142.50	144.50	FOSP;0.986
150.00	151.25	FOSP;0.996
154.75	155.50	FOSP;0.788
160.75	161.50	FOSP;0.893
172.25	174.75	FOSP;0.970
183.00	184.75	FOSP;0.967
194.00	196.00	FOSP;0.997
206.00	207.50	FOSP;0.883
219.50	220.25	FOSP;0.714
230.50	232.00	FOSP;0.900
251.00	252.50	FOSP;0.967
261.50	263.50	FOSP;0.985
273.50	275.00	FOSP;0.952
281.00	282.25	FOSP;0.968
285.00	286.75	FOSP;0.969
292.00	294.25	FOSP;0.989
305.00	307.00	FOSP;0.995
458.00	458.50	FOSP;0.711
481.25	482.50	FOSP;0.993
492.75	493.75	FOSP;0.718
505.75	507.00	FOSP;0.990
519.50	520.50	FOSP;0.920
533.50	535.00	FOSP;0.826
541.25	543.50	FOSP;0.981
547.75	549.00	FOSP;0.965
553.25	555.75	FOSP;0.987
560.25	562.00	FOSP;0.982
567.00	569.25	FOSP;0.951
574.25	576.50	FOSP;0.978
581.00	583.00	FOSP;0.952
587.00	588.50	FOSP;0.986
593.25	595.75	FOSP;0.994
50.00	50.25	GCSP;0.574
34.25	35.00	HETH;0.873
38.00	38.50	HETH;0.730
57.50	58.50	HETH;0.987
59.25	59.50	HETH;0.675
65.25	65.75	HETH;0.869
73.00	74.00	HETH;0.945
81.75	82.75	HETH;0.978
85.50	87.00	HETH;0.997
91.00	92.25	HETH;0.995
101.00	102.00	HETH;0.937
111.25	112.00	HETH;0.802
135.75	136.00	HETH;0.905
139.75	140.00	HETH;0.716
149.75	150.00	HETH;0.660
160.50	161.00	HETH;0.857
166.75	168.00	HETH;0.998
170.00	170.75	HETH;0.924
174.75	175.75	HETH;0.958
178.00	178.75	HETH;0.962
181.75	183.00	HETH;0.988
190.25	191.50	HETH;0.992
197.25	198.75	HETH;0.994
201.00	201.50	HETH;0.705
205.50	206.00	HETH;0.829
209.25	210.50	HETH;0.954
213.25	213.75	HETH;0.901
216.75	217.50	HETH;0.917
219.50	220.00	HETH;0.838
224.75	226.00	HETH;0.936
228.75	230.00	HETH;0.956
230.25	230.75	HETH;0.767
233.00	234.50	HETH;0.997
236.75	238.25	HETH;0.995
240.50	241.50	HETH;0.976
244.50	244.75	HETH;0.662
246.00	247.75	HETH;0.992
249.50	250.75	HETH;0.978
253.75	254.75	HETH;0.893
258.50	260.00	HETH;0.992
265.50	266.50	HETH;0.943
270.00	271.75	HETH;0.997
273.25	274.00	HETH;0.922
277.75	278.75	HETH;0.981
308.75	309.50	HETH;0.991
312.00	312.75	HETH;0.997
316.50	317.00	HETH;0.984
519.25	519.75	HETH;0.817
547.50	548.00	HETH;0.784
570.50	571.50	HETH;0.993
573.50	574.25	HETH;0.996
576.50	577.25	HETH;0.984
580.75	581.00	HETH;0.840
583.25	584.00	HETH;0.978
589.25	590.00	HETH;0.995
592.25	593.00	HETH;0.994
597.50	598.50	HETH;0.981
239.25	239.50	LALO;0.579
599.50	599.75	LESA;0.508
525.75	526.00	LISP;0.615
51.25	51.75	MAMU;0.641
81.75	82.00	MOCH;0.693
101.00	101.25	MOCH;0.524
340.00	340.75	OCWA;0.915
384.00	385.00	OCWA;0.940
463.25	464.00	OCWA;0.924
475.50	475.75	PAWA;0.513
78.00	78.25	PIGR;0.521
114.75	115.00	PIGR;0.514
4.25	5.25	PISI;0.997
29.75	30.75	PISI;0.986
36.50	37.25	PISI;0.795
47.25	47.75	PISI;0.928
52.50	52.75	PISI;0.792
53.75	54.00	PISI;0.752
98.00	98.50	PISI;0.758
102.50	103.50	PISI;0.930
103.75	110.25	PISI;0.992
117.25	117.50	PISI;0.807
124.75	125.00	PISI;0.811
127.00	129.50	PISI;0.993
131.25	131.75	PISI;0.733
133.75	134.50	PISI;0.879
135.25	135.50	PISI;0.684
137.50	138.50	PISI;0.961
138.75	139.75	PISI;0.956
140.00	141.50	PISI;0.997
144.50	145.25	PISI;0.968
146.75	147.75	PISI;0.954
148.25	149.25	PISI;0.996
151.25	154.75	PISI;0.993
155.50	160.50	PISI;0.994
162.25	166.00	PISI;0.995
168.25	169.00	PISI;0.970
199.50	200.50	PISI;0.814
201.75	202.25	PISI;0.738
204.00	204.75	PISI;0.992
207.75	209.00	PISI;0.996
210.50	211.25	PISI;0.954
212.25	213.25	PISI;0.973
214.50	217.00	PISI;0.996
217.25	219.50	PISI;0.995
221.00	223.75	PISI;0.981
224.00	224.50	PISI;0.755
225.75	229.00	PISI;0.994
248.50	249.00	PISI;0.756
253.25	254.00	PISI;0.978
254.75	256.75	PISI;0.990
266.75	269.00	PISI;0.988
272.25	272.50	PISI;0.681
275.25	277.50	PISI;0.949
282.25	283.25	PISI;0.967
283.75	284.75	PISI;0.992
287.00	288.00	PISI;0.992
288.25	289.50	PISI;0.980
290.75	291.00	PISI;0.708
300.75	301.00	PISI;0.746
331.50	332.00	PISI;0.967
358.25	359.25	PISI;0.950
359.50	360.25	PISI;0.914
360.75	367.25	PISI;0.996
368.00	368.50	PISI;0.816
369.75	370.50	PISI;0.963
371.75	372.50	PISI;0.826
401.50	401.75	PISI;0.793
412.50	413.25	PISI;0.954
415.25	416.00	PISI;0.996
430.00	430.50	PISI;0.892
433.00	433.50	PISI;0.719
434.00	435.00	PISI;0.957
436.25	437.00	PISI;0.988
438.25	442.00	PISI;0.995
442.50	443.50	PISI;0.892
443.75	450.25	PISI;0.995
450.50	451.00	PISI;0.852
452.00	453.00	PISI;0.994
453.25	456.25	PISI;0.993
457.25	458.00	PISI;0.994
458.50	461.25	PISI;0.995
462.00	463.00	PISI;0.993
464.00	464.25	PISI;0.819
465.50	466.00	PISI;0.770
467.00	467.75	PISI;0.888
468.75	469.25	PISI;0.799
536.75	538.00	PISI;0.995
550.00	552.25	PISI;0.974
558.00	560.25	PISI;0.992
562.00	563.00	PISI;0.928
563.75	564.50	PISI;0.995
565.75	566.50	PISI;0.983
410.25	410.50	SAND;0.502
244.50	244.75	SAPH;0.592
117.25	117.50	SPPI;0.707
304.50	305.00	SPSA;0.560
295.50	295.75	SWSP;0.514
239.25	239.50	TBLO;0.626
5.75	6.25	VATH;0.607
75.25	76.00	VATH;0.988
125.75	126.25	VATH;0.790
147.75	148.25	VATH;0.957
94.50	95.00	VESP;0.685
230.25	230.50	VESP;0.504
280.75	281.00	VESP;0.644
492.75	493.00	VESP;0.555
498.00	498.25	VESP;0.594
533.25	534.25	VESP;0.900
38.25	38.50	WATA;0.561
119.50	119.75	WATA;0.675
43.25	44.00	WCSP;0.689
50.00	50.25	WCSP;0.557
63.75	64.00	WCSP;0.566
70.25	70.75	WCSP;0.963
72.00	72.25	WCSP;0.849
74.50	74.75	WCSP;0.752
77.25	77.75	WCSP;0.568
95.25	96.00	WCSP;0.624
136.25	137.25	WCSP;0.783
161.00	162.25	WCSP;0.975
183.50	184.50	WCSP;0.785
206.00	207.25	WCSP;0.873
213.50	213.75	WCSP;0.561
220.00	221.00	WCSP;0.986
231.00	232.00	WCSP;0.657
251.75	252.50	WCSP;0.844
274.25	275.00	WCSP;0.743
286.00	286.75	WCSP;0.795
493.50	494.50	WCSP;0.683
498.00	498.25	WCSP;0.908
500.75	501.00	WCSP;0.862
520.00	520.75	WCSP;0.902
522.75	523.25	WCSP;0.650
523.50	524.00	WCSP;0.663
525.00	525.50	WCSP;0.808
526.25	526.75	WCSP;0.920
528.75	529.00	WCSP;0.901
530.00	530.25	WCSP;0.826
534.25	534.75	WCSP;0.602
539.25	539.50	WCSP;0.687
540.50	540.75	WCSP;0.659
588.00	588.50	WCSP;0.702
48.50	48.75	WEFL;0.684
229.50	229.75	WEME;0.519
43.50	44.50	WTSP;0.716
