87.00	87.50	AMRO;0.684
125.00	125.75	AMRO;0.704
177.25	177.75	AMRO;0.566
237.00	237.50	AMRO;0.559
240.00	240.50	AMRO;0.572
293.50	293.75	BAIS;0.514
102.25	102.50	BAOR;0.563
176.50	176.75	BLBW;0.617
188.00	188.25	BLBW;0.875
196.50	196.75	BLBW;0.533
145.25	146.75	BRSP;0.714
147.00	148.00	BRSP;0.911
62.25	62.75	BRTH;0.521
1.25	3.75	CHSP;0.997
5.50	7.25	CHSP;0.956
10.75	13.50	CHSP;0.997
13.75	15.25	CHSP;0.926
19.50	23.00	CHSP;0.996
29.00	31.25	CHSP;0.994
32.00	33.00	CHSP;0.904
36.75	39.50	CHSP;0.992
40.75	41.25	CHSP;0.675
42.50	42.75	CHSP;0.724
46.00	46.25	CHSP;0.684
50.25	52.75	CHSP;0.963
53.25	56.00	CHSP;0.997
65.25	68.25	CHSP;0.997
73.25	76.75	CHSP;0.988
79.00	80.75	CHSP;0.941
82.00	84.50	CHSP;0.998
89.75	92.50	CHSP;0.994
97.00	99.25	CHSP;0.992
105.00	107.75	CHSP;0.995
112.50	115.50	CHSP;0.994
120.50	124.50	CHSP;0.995
132.00	133.25	CHSP;0.882
135.25	136.00	CHSP;0.787
140.25	141.00	CHSP;0.817
155.75	158.25	CHSP;0.994
166.00	170.75	CHSP;0.989
171.25	171.50	CHSP;0.707
173.25	176.50	CHSP;0.969
182.25	183.50	CHSP;0.893
184.00	184.50	CHSP;0.858
193.75	195.25	CHSP;0.894
200.75	201.75	CHSP;0.950
205.00	206.25	CHSP;0.906
208.75	210.00	CHSP;0.986
220.50	221.75	CHSP;0.978
230.75	231.75	CHSP;0.976
236.25	238.75	CHSP;0.992
242.75	245.75	CHSP;0.993
254.25	256.00	CHSP;0.984
257.00	258.50	CHSP;0.963
260.00	262.00	CHSP;0.995
266.75	267.75	CHSP;0.972
270.50	271.50	CHSP;0.884
281.25	282.00	CHSP;0.889
283.50	285.00	CHSP;0.993
286.75	287.25	CHSP;0.807
290.75	291.50	CHSP;0.883
296.25	299.25	CHSP;0.995
52.25	52.50	DEJU;0.534
258.00	258.50	DEJU;0.603
232.50	232.75	DUNL;0.594
156.50	156.75	EABL;0.779
152.25	152.75	EATO;0.639
154.25	154.50	EVGR;0.614
175.50	175.75	GCSP;0.509
204.25	204.75	HETH;0.699
295.75	296.00	HETH;0.782
220.00	220.25	LBDO;0.715
18.00	18.50	LISP;0.694
62.50	64.00	LISP;0.988
68.25	70.00	LISP;0.991
77.00	79.00	LISP;0.988
103.75	104.50	LISP;0.796
119.00	120.00	LISP;0.819
130.75	131.50	LISP;0.899
163.00	163.25	LISP;0.502
195.50	196.00	LISP;0.532
218.50	219.25	LISP;0.736
112.25	112.50	MAMU;0.574
193.50	193.75	MAMU;0.522
59.00	59.25	MAWR;0.602
276.25	276.75	MOBL;0.703
204.25	204.75	MOCH;0.666
228.75	229.00	MOCH;0.545
72.25	72.75	NHWR;0.629
93.25	94.00	NHWR;0.910
103.75	104.00	NHWR;0.548
119.25	119.75	NHWR;0.685
162.50	163.25	NHWR;0.882
218.50	219.75	NHWR;0.807
168.00	168.25	PAWA;0.560
170.75	171.00	PAWA;0.765
183.25	184.00	PAWR;0.850
188.00	188.25	PAWR;0.501
192.00	192.25	PAWR;0.716
214.75	215.00	PAWR;0.574
127.50	128.00	PUMA;0.762
285.00	286.00	RUGR;0.619
289.25	289.50	RUGR;0.507
147.50	147.75	SATH;0.536
285.50	285.75	SPSA;0.519
7.00	7.50	SWSP;0.572
50.50	50.75	SWSP;0.539
247.25	248.00	SWSP;0.818
231.75	232.00	SWTH;0.666
95.50	95.75	TOSO;0.559
99.50	99.75	TOSO;0.517
9.00	10.00	VATH;0.987
16.25	17.50	VATH;0.968
26.25	27.50	VATH;0.974
35.25	36.25	VATH;0.934
45.00	45.75	VATH;0.943
81.50	82.25	VATH;0.892
85.25	86.50	VATH;0.966
96.50	97.25	VATH;0.941
105.75	106.75	VATH;0.922
116.50	118.00	VATH;0.988
129.00	129.75	VATH;0.814
136.75	137.25	VATH;0.929
148.75	149.75	VATH;0.919
161.25	162.25	VATH;0.993
168.25	168.75	VATH;0.617
181.00	182.00	VATH;0.927
200.00	201.00	VATH;0.959
212.00	212.75	VATH;0.790
222.25	222.75	VATH;0.865
224.50	226.00	VATH;0.936
229.50	230.75	VATH;0.973
235.25	236.50	VATH;0.989
245.75	247.25	VATH;0.985
252.75	253.50	VATH;0.982
267.50	269.00	VATH;0.992
271.50	272.00	VATH;0.664
278.50	279.75	VATH;0.989
290.25	290.50	VATH;0.571
299.25	299.75	VATH;0.623
142.00	142.50	VESP;0.697
152.25	152.50	VESP;0.555
207.50	208.25	VESP;0.674
124.50	125.00	WCSP;0.667
141.50	142.50	WCSP;0.773
158.50	159.25	WCSP;0.744
175.50	175.75	WCSP;0.567
199.00	199.75	WCSP;0.994
210.50	211.50	WCSP;0.729
264.25	265.50	WCSP;0.939
273.25	274.75	WCSP;0.979
281.75	283.25	WCSP;0.987
291.50	293.00	WCSP;0.995
0.00	0.50	WIWA;0.724
7.25	8.50	WIWA;0.979
17.00	17.25	WIWA;0.501
24.50	25.75	WIWA;0.975
33.00	34.25	WIWA;0.990
36.50	36.75	WIWA;0.528
41.25	42.50	WIWA;0.947
89.00	89.75	WIWA;0.923
139.00	139.75	WIWA;0.925
170.75	171.00	WIWA;0.766
180.50	180.75	WIWA;0.674
188.00	188.25	WIWA;0.551
192.00	192.25	WIWA;0.880
214.75	215.00	WIWA;0.796
251.50	252.75	WIWA;0.992
3.50	5.75	WTSP;0.983
31.25	32.00	WTSP;0.791
42.75	45.00	WTSP;0.987
56.00	56.75	WTSP;0.801
60.50	62.50	WTSP;0.986
76.50	77.00	WTSP;0.802
88.75	89.25	WTSP;0.669
89.75	91.00	WTSP;0.854
107.75	108.50	WTSP;0.804
149.75	150.00	WTSP;0.537
166.25	167.25	WTSP;0.825
175.25	175.75	WTSP;0.655
184.75	185.75	WTSP;0.903
201.75	202.75	WTSP;0.914
210.25	210.75	WTSP;0.669
238.50	238.75	WTSP;0.525
