132.25	133.00	AMWO;0.594
204.25	204.50	AMWO;0.531
47.25	47.50	BHCO;0.574
64.50	64.75	BHCO;0.646
29.00	29.50	BRSP;0.523
166.25	166.75	BRSP;0.618
250.50	251.25	BRSP;0.556
260.00	260.25	BRSP;0.504
7.75	8.75	CHSP;0.664
75.25	75.50	CHSP;0.548
94.25	94.75	CHSP;0.594
103.25	103.50	CHSP;0.508
230.25	230.75	CHSP;0.519
231.00	231.75	CHSP;0.677
259.00	260.00	CHSP;0.650
288.25	289.00	CHSP;0.566
54.50	55.00	DEJU;0.592
102.75	103.00	DEJU;0.596
103.25	103.50	DEJU;0.502
104.25	104.50	DEJU;0.536
139.50	140.00	DEJU;0.609
168.00	168.50	DEJU;0.645
229.75	230.00	DEJU;0.603
230.25	230.50	DEJU;0.518
249.25	249.75	DEJU;0.553
9.75	10.00	FISP;0.523
66.00	66.75	FISP;0.673
70.25	71.00	FISP;0.581
72.25	74.75	FISP;0.738
79.50	80.25	FISP;0.681
148.75	149.00	FISP;0.582
206.50	206.75	FISP;0.520
217.75	218.00	FISP;0.590
267.75	268.00	FISP;0.592
224.75	225.00	GCSP;0.509
278.50	279.00	GCSP;0.638
6.50	7.00	HASP;0.568
37.75	38.00	HASP;0.645
84.75	85.00	HETH;0.562
41.00	42.00	MOCH;0.940
100.50	100.75	MOCH;0.577
137.25	137.50	MOCH;0.521
143.75	144.50	MOCH;0.777
162.25	162.75	MOCH;0.601
200.50	200.75	MOCH;0.627
260.50	261.25	MOCH;0.741
272.25	272.50	MOCH;0.561
3.50	3.75	SPSA;0.572
5.00	5.75	SWSP;0.876
6.50	7.00	WCSP;0.672
9.50	10.00	WCSP;0.639
17.75	18.00	WCSP;0.567
28.25	28.50	WCSP;0.511
32.50	33.75	WCSP;0.961
37.75	38.00	WCSP;0.564
48.75	50.00	WCSP;0.950
57.50	59.00	WCSP;0.985
62.00	62.75	WCSP;0.797
84.75	85.50	WCSP;0.731
92.25	92.75	WCSP;0.733
96.25	97.25	WCSP;0.702
100.50	101.00	WCSP;0.607
107.75	108.50	WCSP;0.676
110.50	110.75	WCSP;0.504
120.25	121.25	WCSP;0.935
128.75	129.75	WCSP;0.953
133.75	134.50	WCSP;0.649
137.00	137.75	WCSP;0.754
154.25	155.75	WCSP;0.949
165.50	166.00	WCSP;0.656
189.50	190.00	WCSP;0.733
196.25	197.00	WCSP;0.965
206.50	207.00	WCSP;0.693
214.00	215.00	WCSP;0.971
224.50	225.00	WCSP;0.629
228.25	229.00	WCSP;0.910
236.25	237.50	WCSP;0.840
256.50	257.00	WCSP;0.753
267.50	268.00	WCSP;0.606
282.50	283.00	WCSP;0.701
289.75	291.00	WCSP;0.955
293.50	294.50	WCSP;0.793
16.00	17.75	WTSP;0.892
28.25	28.50	WTSP;0.578
38.00	38.50	WTSP;0.552
62.25	62.50	WTSP;0.589
66.00	66.50	WTSP;0.609
73.50	74.00	WTSP;0.743
80.25	80.75	WTSP;0.576
100.50	100.75	WTSP;0.502
108.00	108.50	WTSP;0.605
110.25	111.00	WTSP;0.773
144.00	144.50	WTSP;0.611
165.50	165.75	WTSP;0.573
178.25	179.00	WTSP;0.861
189.25	190.00	WTSP;0.718
200.50	201.00	WTSP;0.611
246.25	247.00	WTSP;0.741
251.50	251.75	WTSP;0.504
256.75	257.25	WTSP;0.641
272.25	272.50	WTSP;0.505
278.50	279.50	WTSP;0.742
282.50	283.00	WTSP;0.715
46.25	46.75	WWCR;0.517
149.50	149.75	WWCR;0.508
