164.25	164.50	ATSP;0.601
164.25	164.50	CHSP;0.762
165.00	165.50	CHSP;0.977
87.50	87.75	FISP;0.577
155.50	155.75	FISP;0.721
10.00	10.75	FOSP;0.884
36.25	38.75	FOSP;0.994
50.50	53.00	FOSP;0.995
66.00	68.75	FOSP;0.994
79.50	81.75	FOSP;0.994
96.75	99.00	FOSP;0.995
112.75	115.25	FOSP;0.996
131.00	133.50	FOSP;0.995
151.50	154.00	FOSP;0.993
169.50	171.75	FOSP;0.995
188.50	191.00	FOSP;0.996
204.50	207.00	FOSP;0.996
226.25	228.75	FOSP;0.994
244.50	247.00	FOSP;0.995
16.25	16.50	HETH;0.643
140.50	140.75	HETH;0.639
237.50	237.75	HETH;0.506
16.00	16.50	MOCH;0.783
30.00	30.50	MOCH;0.534
83.25	83.50	MOCH;0.571
87.25	87.75	MOCH;0.589
112.25	112.75	MOCH;0.620
140.25	140.75	MOCH;0.718
197.00	197.25	MOCH;0.650
201.25	202.00	MOCH;0.644
237.25	237.75	MOCH;0.740
249.75	250.00	MOCH;0.590
272.50	272.75	MOCH;0.651
24.25	25.00	WCSP;0.980
30.00	31.00	WCSP;0.947
35.50	36.25	WCSP;0.860
38.00	38.50	WCSP;0.692
43.25	44.75	WCSP;0.984
54.00	55.50	WCSP;0.884
62.25	64.00	WCSP;0.995
68.00	68.25	WCSP;0.688
70.50	72.00	WCSP;0.989
83.25	84.75	WCSP;0.826
87.50	88.25	WCSP;0.779
95.00	95.75	WCSP;0.898
99.25	99.75	WCSP;0.720
108.00	109.25	WCSP;0.993
120.50	121.50	WCSP;0.901
133.00	133.50	WCSP;0.721
135.75	136.75	WCSP;0.913
147.75	149.00	WCSP;0.996
162.00	163.75	WCSP;0.987
171.00	171.25	WCSP;0.668
173.25	174.75	WCSP;0.994
187.50	188.00	WCSP;0.722
201.50	203.00	WCSP;0.855
217.50	218.50	WCSP;0.966
230.25	231.00	WCSP;0.886
272.50	273.00	WCSP;0.749
24.00	24.50	WTSP;0.583
46.25	46.75	WTSP;0.599
54.00	54.75	WTSP;0.688
120.75	121.25	WTSP;0.627
136.00	136.50	WTSP;0.588
187.50	188.00	WTSP;0.655
214.50	214.75	WTSP;0.564
230.50	230.75	WTSP;0.561
65.25	65.50	YRWA;0.530
192.50	193.50	YRWA;0.984
218.75	219.50	YRWA;0.773
