133.50	133.75	AMRO;0.561
203.25	203.50	AMRO;0.512
250.50	251.00	AMRO;0.592
277.25	277.50	AMRO;0.531
188.25	188.50	BBPL;0.579
80.25	80.75	BCCH;0.694
161.50	162.00	BLGU;0.538
6.50	7.00	BRSP;0.663
43.00	43.25	CHSP;0.636
187.00	187.50	DEJU;0.639
188.50	189.25	DEJU;0.813
198.25	198.75	DEJU;0.631
209.25	210.00	DEJU;0.727
221.00	221.50	DEJU;0.609
231.25	231.50	DEJU;0.515
233.00	233.25	DEJU;0.510
207.75	208.25	DUNL;0.645
167.25	167.75	EAME;0.692
21.50	22.00	FISP;0.538
108.25	108.75	FISP;0.582
237.25	237.75	FISP;0.631
2.25	3.00	FOSP;0.934
8.00	8.75	FOSP;0.784
17.00	17.75	FOSP;0.877
33.00	33.75	FOSP;0.923
45.25	46.50	FOSP;0.792
72.00	72.75	FOSP;0.791
84.00	84.50	FOSP;0.667
121.50	122.00	FOSP;0.850
134.00	135.25	FOSP;0.965
146.00	146.75	FOSP;0.914
158.75	159.75	FOSP;0.927
228.00	228.75	FOSP;0.906
238.00	239.25	FOSP;0.650
241.50	242.25	FOSP;0.764
252.00	252.50	FOSP;0.631
271.75	272.00	FOSP;0.579
286.50	287.50	FOSP;0.862
288.50	289.50	FOSP;0.836
19.75	20.00	GCSP;0.540
20.50	21.50	GCSP;0.646
27.50	28.00	GCSP;0.709
43.50	43.75	GCSP;0.506
47.00	48.00	GCSP;0.980
57.00	57.50	GCSP;0.727
65.25	66.00	GCSP;0.773
193.50	193.75	GCSP;0.505
241.00	241.75	GCSP;0.865
174.00	174.25	HETH;0.536
271.25	271.75	HETH;0.613
14.25	14.50	HOLA;0.568
292.50	293.00	HOLA;0.792
12.25	14.25	LISP;0.997
28.00	29.50	LISP;0.995
44.50	45.25	LISP;0.872
58.50	60.75	LISP;0.988
61.75	62.50	LISP;0.776
75.25	77.00	LISP;0.996
97.00	97.50	LISP;0.791
135.50	137.75	LISP;0.994
157.00	158.00	LISP;0.965
188.75	189.00	LISP;0.664
197.50	200.25	LISP;0.969
204.25	205.00	LISP;0.826
230.75	231.25	LISP;0.706
232.75	233.00	LISP;0.679
233.50	234.75	LISP;0.847
248.25	249.50	LISP;0.938
265.25	266.00	LISP;0.908
279.00	280.00	LISP;0.896
248.75	249.00	NHWR;0.508
265.50	266.00	NHWR;0.596
20.00	20.50	OCWA;0.614
229.00	229.25	PUFI;0.617
293.25	293.50	SAPH;0.820
130.25	131.00	SATH;0.843
72.00	72.25	SEPL;0.553
32.50	32.75	SNBU;0.515
33.25	33.50	SNBU;0.540
25.50	26.00	SOSA;0.961
93.25	93.75	SOSA;0.655
244.25	244.50	SOSA;0.611
256.00	256.50	SOSA;0.907
267.75	268.50	SOSA;0.845
291.50	292.00	SOSA;0.672
193.00	193.25	SOSP;0.546
196.25	196.50	SOSP;0.607
203.50	204.25	SOSP;0.831
50.00	50.75	SWSP;0.561
87.75	88.25	SWSP;0.810
95.25	95.75	SWSP;0.584
103.00	103.25	SWSP;0.539
156.00	156.75	SWSP;0.721
171.25	171.50	SWSP;0.536
172.00	172.50	SWSP;0.632
186.25	186.75	SWSP;0.669
194.50	195.25	SWSP;0.685
202.75	203.50	SWSP;0.684
227.50	228.00	SWSP;0.658
3.25	3.50	VESP;0.501
38.25	38.50	VESP;0.505
219.00	219.50	VESP;0.691
276.50	276.75	VESP;0.550
0.25	1.00	WCSP;0.941
2.75	3.50	WCSP;0.691
9.00	9.50	WCSP;0.704
43.75	44.75	WCSP;0.682
48.50	49.00	WCSP;0.524
84.25	84.75	WCSP;0.518
146.50	147.00	WCSP;0.747
164.75	165.00	WCSP;0.558
208.25	208.75	WCSP;0.754
217.50	217.75	WCSP;0.511
219.00	219.25	WCSP;0.501
247.50	248.25	WCSP;0.751
264.50	264.75	WCSP;0.620
289.00	289.50	WCSP;0.848
26.25	27.25	WIWA;0.992
34.25	35.75	WIWA;0.993
42.25	43.50	WIWA;0.949
49.50	51.00	WIWA;0.936
57.50	58.50	WIWA;0.977
63.75	65.25	WIWA;0.989
79.00	80.00	WIWA;0.933
83.00	84.00	WIWA;0.974
91.50	93.00	WIWA;0.991
95.25	95.50	WIWA;0.682
99.75	101.25	WIWA;0.997
102.50	103.50	WIWA;0.896
109.25	111.00	WIWA;0.995
118.00	119.75	WIWA;0.997
124.50	126.00	WIWA;0.944
129.00	130.50	WIWA;0.997
131.00	132.50	WIWA;0.993
139.50	141.25	WIWA;0.994
148.50	149.75	WIWA;0.965
160.00	161.50	WIWA;0.996
163.50	164.25	WIWA;0.946
171.25	172.25	WIWA;0.982
178.25	179.25	WIWA;0.981
185.50	186.00	WIWA;0.908
186.25	186.75	WIWA;0.875
203.00	203.50	WIWA;0.783
211.75	212.50	WIWA;0.898
219.75	220.00	WIWA;0.688
243.25	244.00	WIWA;0.932
252.50	253.75	WIWA;0.939
261.75	263.00	WIWA;0.990
267.00	267.25	WIWA;0.770
271.75	273.50	WIWA;0.972
280.75	281.50	WIWA;0.957
287.50	288.50	WIWA;0.993
295.50	297.25	WIWA;0.997
14.25	16.25	WTSP;0.938
19.50	20.00	WTSP;0.778
20.50	21.00	WTSP;0.752
21.25	22.25	WTSP;0.861
29.25	30.50	WTSP;0.828
35.50	37.75	WTSP;0.991
51.00	54.25	WTSP;0.994
65.50	69.50	WTSP;0.994
76.75	79.00	WTSP;0.996
80.75	81.00	WTSP;0.685
82.75	83.00	WTSP;0.704
84.50	88.00	WTSP;0.994
88.25	89.25	WTSP;0.906
89.50	91.75	WTSP;0.987
96.25	100.50	WTSP;0.995
101.00	102.50	WTSP;0.990
103.25	104.00	WTSP;0.788
104.50	108.25	WTSP;0.995
112.75	116.75	WTSP;0.994
120.00	121.25	WTSP;0.972
122.25	124.50	WTSP;0.994
126.00	128.75	WTSP;0.988
138.00	139.25	WTSP;0.984
145.25	145.50	WTSP;0.772
151.50	153.75	WTSP;0.991
154.00	156.00	WTSP;0.969
161.50	163.75	WTSP;0.970
168.00	170.00	WTSP;0.959
173.50	178.25	WTSP;0.992
180.00	183.75	WTSP;0.950
186.00	186.25	WTSP;0.836
191.00	191.25	WTSP;0.711
192.00	197.00	WTSP;0.993
202.00	202.75	WTSP;0.995
205.00	207.00	WTSP;0.972
213.75	217.50	WTSP;0.978
224.00	227.75	WTSP;0.998
235.50	237.00	WTSP;0.859
258.75	262.00	WTSP;0.996
277.75	278.75	WTSP;0.948
290.25	291.00	WTSP;0.887
297.50	300.00	WTSP;0.952
144.75	145.00	YRWA;0.501
197.50	198.00	YRWA;0.681
232.25	232.75	YRWA;0.582
244.25	244.50	YRWA;0.562
