245.50	245.75	AMGP;0.593
2.00	3.00	AMRO;0.819
12.25	13.00	AMRO;0.860
16.00	17.00	AMRO;0.874
22.00	23.50	AMRO;0.978
27.00	28.25	AMRO;0.715
31.75	32.00	AMRO;0.666
36.25	38.00	AMRO;0.936
41.75	42.25	AMRO;0.752
43.50	44.75	AMRO;0.803
47.25	49.50	AMRO;0.993
55.00	56.50	AMRO;0.835
59.50	60.00	AMRO;0.738
63.50	65.50	AMRO;0.945
69.00	70.00	AMRO;0.940
73.50	75.25	AMRO;0.935
78.25	80.00	AMRO;0.979
83.00	84.00	AMRO;0.786
85.00	85.75	AMRO;0.724
86.00	86.75	AMRO;0.755
87.00	87.25	AMRO;0.709
91.00	92.00	AMRO;0.936
95.00	96.75	AMRO;0.940
103.25	104.00	AMRO;0.847
108.25	109.50	AMRO;0.884
113.25	115.50	AMRO;0.963
118.25	119.25	AMRO;0.883
124.00	125.25	AMRO;0.738
128.25	131.00	AMRO;0.995
132.50	134.25	AMRO;0.789
137.00	140.50	AMRO;0.991
147.00	148.00	AMRO;0.875
151.25	152.75	AMRO;0.901
159.75	161.25	AMRO;0.863
165.00	167.00	AMRO;0.981
169.75	171.25	AMRO;0.924
173.00	174.00	AMRO;0.884
177.50	178.75	AMRO;0.950
182.25	184.00	AMRO;0.958
193.25	194.25	AMRO;0.729
198.00	199.50	AMRO;0.878
201.25	202.75	AMRO;0.824
205.25	206.75	AMRO;0.980
209.50	211.25	AMRO;0.934
214.25	215.75	AMRO;0.938
218.00	219.75	AMRO;0.882
252.00	254.00	AMRO;0.864
254.75	256.00	AMRO;0.847
257.00	259.00	AMRO;0.902
260.00	261.25	AMRO;0.950
262.00	266.00	AMRO;0.983
266.25	267.00	AMRO;0.770
267.50	269.00	AMRO;0.822
270.50	272.00	AMRO;0.880
274.25	276.00	AMRO;0.989
277.00	278.75	AMRO;0.925
279.25	280.00	AMRO;0.853
282.50	283.25	AMRO;0.752
284.25	285.00	AMRO;0.686
289.25	290.25	AMRO;0.971
295.00	296.00	AMRO;0.899
282.25	282.75	BRTH;0.545
0.00	2.00	CHSP;0.995
6.25	8.75	CHSP;0.996
12.75	15.25	CHSP;0.996
19.00	22.00	CHSP;0.994
26.00	28.25	CHSP;0.998
32.25	34.75	CHSP;0.996
38.50	41.25	CHSP;0.996
44.75	47.25	CHSP;0.993
51.25	54.00	CHSP;0.996
58.25	60.75	CHSP;0.997
65.25	68.00	CHSP;0.995
72.00	74.50	CHSP;0.995
79.25	82.00	CHSP;0.996
86.25	89.00	CHSP;0.998
92.50	95.25	CHSP;0.996
98.75	101.50	CHSP;0.995
106.00	108.50	CHSP;0.996
112.75	115.50	CHSP;0.996
119.50	122.00	CHSP;0.995
126.00	128.50	CHSP;0.995
132.50	135.25	CHSP;0.996
139.75	142.50	CHSP;0.997
146.50	149.00	CHSP;0.995
153.25	156.00	CHSP;0.995
161.00	163.75	CHSP;0.996
167.25	169.75	CHSP;0.994
173.50	176.00	CHSP;0.996
180.00	182.50	CHSP;0.994
186.75	189.25	CHSP;0.997
194.00	196.75	CHSP;0.996
201.75	204.00	CHSP;0.997
208.25	210.75	CHSP;0.996
215.50	218.00	CHSP;0.996
222.25	225.00	CHSP;0.995
229.00	231.75	CHSP;0.997
236.00	238.75	CHSP;0.996
243.25	245.75	CHSP;0.995
249.25	252.00	CHSP;0.996
257.25	260.00	CHSP;0.997
264.00	266.75	CHSP;0.995
267.25	267.75	CHSP;0.698
270.00	273.00	CHSP;0.993
277.50	281.75	CHSP;0.997
283.25	286.00	CHSP;0.996
290.00	292.50	CHSP;0.994
296.00	298.50	CHSP;0.998
3.00	3.75	FOSP;0.628
8.75	10.00	FOSP;0.912
19.75	20.00	FOSP;0.538
24.00	24.75	FOSP;0.713
29.25	31.25	FOSP;0.939
35.50	35.75	FOSP;0.553
42.25	43.00	FOSP;0.786
57.50	58.75	FOSP;0.904
71.50	72.75	FOSP;0.697
266.50	266.75	GRCA;0.518
282.25	283.00	GRCA;0.666
37.75	38.00	GWTE;0.506
95.00	95.25	GWTE;0.521
119.25	119.75	HETH;0.657
199.00	199.50	MAMU;0.570
288.75	289.00	NOWA;0.519
144.25	145.00	PIGR;0.938
64.50	64.75	RBGR;0.502
170.50	170.75	RBGR;0.520
171.00	171.25	RBGR;0.523
8.25	8.50	SAPH;0.559
104.00	104.25	SATH;0.565
110.25	110.50	SATH;0.510
253.25	253.75	SATH;0.607
260.00	260.50	SATH;0.643
285.00	285.75	SATH;0.684
297.00	297.50	SATH;0.528
298.25	298.50	SATH;0.566
71.25	71.75	SNBU;0.728
12.25	12.50	TOSO;0.544
31.50	32.00	TOSO;0.533
36.50	36.75	TOSO;0.523
74.50	74.75	TOSO;0.551
124.25	125.00	TOSO;0.663
159.75	160.75	TOSO;0.603
177.25	178.00	TOSO;0.696
285.75	286.00	TOSO;0.626
4.25	4.50	VESP;0.593
4.00	5.25	WCSP;0.899
9.75	12.00	WCSP;0.995
18.50	18.75	WCSP;0.671
25.50	26.00	WCSP;0.806
31.00	31.25	WCSP;0.688
43.00	43.75	WCSP;0.938
47.00	48.00	WCSP;0.917
54.00	55.25	WCSP;0.993
61.00	63.25	WCSP;0.988
68.25	69.75	WCSP;0.886
75.25	77.00	WCSP;0.993
82.75	84.75	WCSP;0.989
90.00	91.75	WCSP;0.994
97.50	98.50	WCSP;0.808
104.75	106.00	WCSP;0.992
111.75	113.00	WCSP;0.955
119.25	119.50	WCSP;0.667
135.25	136.25	WCSP;0.851
149.75	151.50	WCSP;0.996
156.00	157.75	WCSP;0.988
164.00	166.00	WCSP;0.980
172.50	173.75	WCSP;0.935
178.75	180.25	WCSP;0.995
185.25	187.00	WCSP;0.991
191.25	191.50	WCSP;0.658
192.50	194.00	WCSP;0.969
200.25	201.75	WCSP;0.959
207.00	208.50	WCSP;0.943
211.50	212.25	WCSP;0.993
213.50	215.75	WCSP;0.994
220.25	222.00	WCSP;0.990
226.75	228.75	WCSP;0.993
233.25	235.50	WCSP;0.996
240.50	242.75	WCSP;0.995
247.00	249.00	WCSP;0.993
254.25	256.50	WCSP;0.992
260.75	262.50	WCSP;0.996
268.00	269.75	WCSP;0.995
275.75	277.75	WCSP;0.985
288.50	289.50	WCSP;0.919
292.25	294.00	WCSP;0.944
294.25	294.75	WCSP;0.723
298.75	300.00	WCSP;0.996
5.00	6.00	WTSP;0.909
15.25	16.75	WTSP;0.873
18.00	18.50	WTSP;0.569
25.25	26.00	WTSP;0.888
34.50	35.25	WTSP;0.861
61.00	61.50	WTSP;0.589
75.25	75.75	WTSP;0.663
97.25	97.75	WTSP;0.751
98.25	99.00	WTSP;0.804
115.50	118.00	WTSP;0.972
143.75	144.00	WTSP;0.513
171.50	172.75	WTSP;0.822
178.75	179.00	WTSP;0.530
183.50	184.25	WTSP;0.705
192.50	193.00	WTSP;0.589
207.00	207.75	WTSP;0.655
239.75	241.00	WTSP;0.688
276.50	276.75	WTSP;0.529
287.25	288.00	WTSP;0.706
292.50	292.75	WTSP;0.563
298.75	299.00	WTSP;0.504
