192.25	192.50	BBWA;0.855
38.25	38.75	CHSP;0.843
40.25	40.50	CHSP;0.585
161.50	161.75	CHSP;0.501
68.50	69.00	DEJU;0.823
116.00	116.50	DEJU;0.543
161.00	162.00	DEJU;0.923
172.50	172.75	DEJU;0.579
226.00	227.00	DEJU;0.879
208.50	208.75	DUNL;0.575
225.25	225.75	FISP;0.656
276.00	276.75	FISP;0.800
109.00	110.25	FOSP;0.846
119.75	121.25	FOSP;0.931
132.00	133.25	FOSP;0.721
157.00	158.75	FOSP;0.977
168.50	169.00	FOSP;0.662
184.00	185.75	FOSP;0.988
207.75	208.25	FOSP;0.574
273.50	275.50	FOSP;0.982
257.50	257.75	GHOW;0.527
210.25	210.50	HEWA;0.560
257.50	257.75	LEOW;0.547
243.75	244.00	MAMU;0.540
68.75	69.00	OCWA;0.607
168.00	168.75	OROR;0.728
234.00	234.25	OROR;0.509
219.25	219.50	PISI;0.513
222.75	223.00	PISI;0.531
234.50	234.75	PISI;0.560
38.50	39.00	PROW;0.580
207.25	207.50	SAPH;0.509
163.50	163.75	SBDO;0.726
17.00	17.25	SNBU;0.676
2.50	3.50	VATH;0.975
26.50	26.75	VATH;0.611
36.00	36.75	VATH;0.963
54.25	55.25	VATH;0.995
103.75	104.75	VATH;0.990
113.00	113.25	VATH;0.529
128.50	129.50	VATH;0.930
225.25	225.50	WCSP;0.503
231.75	232.75	WCSP;0.881
240.25	240.50	WCSP;0.520
249.50	250.50	WCSP;0.879
266.00	266.75	WCSP;0.902
284.75	285.50	WCSP;0.754
293.50	294.50	WCSP;0.893
13.25	13.50	WEFL;0.555
192.25	192.50	WEFL;0.556
199.25	199.50	WEFL;0.763
26.50	26.75	WTSP;0.596
101.25	101.50	WTSP;0.598
113.00	113.50	WTSP;0.613
3.75	4.00	YBFL;0.697
