291.25	291.50	AMWO;0.679
180.25	180.75	ATSP;0.731
265.50	266.00	BHCO;0.683
281.25	281.50	BHCO;0.669
213.00	213.25	FOSP;0.893
5.25	5.75	RUGR;0.527
7.50	7.75	RUGR;0.527
8.00	8.75	RUGR;0.585
69.25	69.50	RUGR;0.543
73.25	75.00	RUGR;0.707
77.25	77.75	RUGR;0.633
79.50	80.75	RUGR;0.646
98.25	98.50	RUGR;0.510
100.50	100.75	RUGR;0.518
101.25	101.50	RUGR;0.506
106.50	106.75	RUGR;0.551
107.00	107.75	RUGR;0.567
108.25	108.50	RUGR;0.506
110.25	111.00	RUGR;0.635
111.50	111.75	RUGR;0.534
133.50	133.75	RUGR;0.502
134.00	134.50	RUGR;0.549
158.00	158.75	RUGR;0.617
167.50	167.75	RUGR;0.573
205.25	205.75	RUGR;0.564
234.25	234.75	RUGR;0.561
248.50	248.75	RUGR;0.545
249.00	249.75	RUGR;0.637
254.00	254.75	RUGR;0.608
213.00	213.25	SOSP;0.685
