250.50	251.00	AMPI;0.671
259.50	259.75	AMPI;0.602
117.00	117.25	CHSP;0.568
123.75	124.00	CHSP;0.557
160.00	160.25	CHSP;0.554
209.25	209.75	CHSP;0.687
216.25	216.75	CHSP;0.535
225.00	225.50	CHSP;0.570
244.25	245.00	CHSP;0.690
253.25	253.50	CHSP;0.549
283.50	283.75	CHSP;0.589
165.75	166.00	CHSW;0.609
206.25	206.50	CHSW;0.515
214.50	216.00	CHSW;0.810
242.50	243.00	CHSW;0.639
224.50	225.00	DEJU;0.665
247.25	247.50	DUNL;0.781
202.50	203.00	FISP;0.629
212.75	213.00	FISP;0.500
11.00	12.25	FOSP;0.814
117.50	117.75	HETH;0.520
29.75	30.00	MOCH;0.573
71.50	72.00	MOCH;0.687
78.00	78.25	MOCH;0.510
126.50	126.75	MOCH;0.523
142.50	143.00	MOCH;0.893
195.25	195.50	MOCH;0.553
201.50	202.00	MOCH;0.729
204.50	204.75	MOCH;0.536
222.50	222.75	MOCH;0.555
233.50	234.00	MOCH;0.788
268.75	269.00	MOCH;0.532
280.50	281.50	MOCH;0.832
187.75	188.00	OCWA;0.510
179.75	180.00	RUTU;0.559
110.50	110.75	SATH;0.532
184.00	184.25	SNBU;0.554
206.25	206.50	SWSP;0.513
224.00	224.50	SWSP;0.545
268.00	268.25	SWSP;0.520
285.00	285.25	SWSP;0.501
249.00	249.50	VATH;0.810
4.00	4.75	WCSP;0.980
276.75	277.00	WCSP;0.566
223.25	224.00	WIWA;0.938
267.50	268.25	WIWA;0.751
284.50	285.25	WIWA;0.733
14.50	15.25	WTSP;0.756
78.00	78.50	WTSP;0.692
126.25	127.50	WTSP;0.833
148.00	151.00	WTSP;0.949
182.50	183.00	WTSP;0.683
202.50	203.00	WTSP;0.562
204.00	205.00	WTSP;0.790
212.50	213.75	WTSP;0.793
222.00	223.00	WTSP;0.867
227.00	227.75	WTSP;0.640
234.25	235.00	WTSP;0.609
257.00	258.25	WTSP;0.908
262.00	262.50	WTSP;0.646
268.75	270.75	WTSP;0.972
276.75	277.25	WTSP;0.699
280.50	281.00	WTSP;0.637
281.25	282.00	WTSP;0.557
294.75	295.50	WTSP;0.733
