223.25	223.50	BASA;0.532
209.25	209.75	BEWR;0.644
227.00	227.50	BEWR;0.559
243.50	244.00	BEWR;0.601
71.50	72.00	BOWA;0.599
3.25	4.75	CHSP;0.702
13.00	15.00	CHSP;0.824
22.25	24.00	CHSP;0.763
33.25	34.00	CHSP;0.770
34.75	35.00	CHSP;0.524
41.25	42.75	CHSP;0.836
51.50	52.75	CHSP;0.669
59.00	61.00	CHSP;0.830
67.50	69.50	CHSP;0.944
77.00	79.00	CHSP;0.917
88.00	89.25	CHSP;0.869
98.25	99.50	CHSP;0.752
106.75	108.50	CHSP;0.865
126.25	127.00	CHSP;0.725
135.25	136.25	CHSP;0.780
144.00	145.25	CHSP;0.637
162.00	163.75	CHSP;0.790
171.25	171.50	CHSP;0.532
181.00	182.50	CHSP;0.788
193.50	194.75	CHSP;0.689
206.25	206.75	CHSP;0.675
215.00	215.75	CHSP;0.717
225.00	225.25	CHSP;0.510
241.00	242.50	CHSP;0.896
249.25	251.00	CHSP;0.653
259.50	260.25	CHSP;0.695
268.25	269.25	CHSP;0.620
278.00	280.00	CHSP;0.806
287.50	289.75	CHSP;0.914
3.00	4.00	DEJU;0.646
4.25	5.00	DEJU;0.663
22.50	23.75	DEJU;0.697
24.00	24.25	DEJU;0.519
36.25	36.75	DEJU;0.607
42.25	42.75	DEJU;0.539
51.50	51.75	DEJU;0.559
52.00	53.00	DEJU;0.713
60.50	61.25	DEJU;0.731
78.25	79.00	DEJU;0.587
89.00	89.75	DEJU;0.823
98.50	98.75	DEJU;0.565
99.00	99.75	DEJU;0.696
106.50	107.00	DEJU;0.723
107.25	107.50	DEJU;0.501
108.25	109.00	DEJU;0.565
117.00	117.25	DEJU;0.648
120.50	120.75	DEJU;0.522
126.25	126.75	DEJU;0.548
127.00	127.25	DEJU;0.553
135.25	136.25	DEJU;0.729
143.50	145.50	DEJU;0.887
154.00	155.00	DEJU;0.949
162.25	162.75	DEJU;0.676
163.25	163.75	DEJU;0.603
171.25	173.25	DEJU;0.799
180.50	181.75	DEJU;0.830
182.25	182.50	DEJU;0.503
188.50	188.75	DEJU;0.538
193.25	195.00	DEJU;0.680
202.00	202.50	DEJU;0.591
204.50	205.00	DEJU;0.824
214.75	216.00	DEJU;0.770
224.50	225.25	DEJU;0.718
234.50	234.75	DEJU;0.552
249.25	251.50	DEJU;0.860
259.50	260.75	DEJU;0.858
262.75	263.00	DEJU;0.508
267.75	269.75	DEJU;0.825
278.25	278.50	DEJU;0.514
297.00	297.75	DEJU;0.858
251.75	252.00	EABL;0.500
49.25	49.50	EAME;0.540
193.00	193.25	FISP;0.577
5.75	7.50	FOSP;0.914
19.75	20.00	FOSP;0.713
20.50	21.50	FOSP;0.886
25.50	27.00	FOSP;0.960
32.00	32.75	FOSP;0.934
39.50	41.00	FOSP;0.990
49.50	50.00	FOSP;0.732
55.00	56.50	FOSP;0.992
69.75	71.50	FOSP;0.995
86.75	88.00	FOSP;0.895
94.50	96.25	FOSP;0.978
100.25	103.00	FOSP;0.930
111.75	114.00	FOSP;0.982
117.50	118.75	FOSP;0.964
133.00	134.00	FOSP;0.992
139.25	141.50	FOSP;0.988
150.75	152.25	FOSP;0.977
168.00	169.00	FOSP;0.979
175.00	176.25	FOSP;0.979
183.25	184.75	FOSP;0.986
192.75	193.00	FOSP;0.691
198.25	199.75	FOSP;0.992
213.50	214.50	FOSP;0.924
222.50	222.75	FOSP;0.670
237.50	239.25	FOSP;0.960
248.25	248.50	FOSP;0.716
276.25	276.50	FOSP;0.756
287.25	287.75	FOSP;0.730
117.25	117.50	HETH;0.648
132.75	133.00	HETH;0.659
150.50	150.75	HETH;0.592
213.50	213.75	HETH;0.585
270.75	271.00	HOLA;0.537
29.75	30.75	LISP;0.865
63.25	64.25	LISP;0.838
81.00	82.25	LISP;0.969
124.75	125.00	LISP;0.519
188.25	189.50	LISP;0.906
209.00	209.75	LISP;0.663
227.00	227.50	LISP;0.612
243.50	244.00	LISP;0.589
262.50	263.25	LISP;0.846
50.75	51.00	OCWA;0.565
116.00	117.25	OCWA;0.759
125.25	126.50	OCWA;0.941
161.75	162.00	OCWA;0.539
172.25	172.75	OCWA;0.614
204.75	205.00	OCWA;0.521
95.50	95.75	OROR;0.502
69.75	70.00	OSFL;0.521
6.00	6.25	SNBU;0.536
207.25	207.50	SWSP;0.589
12.00	12.25	TOSO;0.539
144.50	144.75	TOSO;0.619
1.50	2.25	VATH;0.945
9.75	11.00	VATH;0.804
20.25	20.50	VATH;0.633
34.50	34.75	VATH;0.503
35.00	35.75	VATH;0.980
44.25	45.75	VATH;0.987
51.00	51.50	VATH;0.565
56.75	57.50	VATH;0.975
64.50	66.00	VATH;0.989
75.00	76.75	VATH;0.967
82.75	84.00	VATH;0.831
86.25	86.75	VATH;0.876
97.00	98.25	VATH;0.692
114.75	116.00	VATH;0.994
127.00	128.25	VATH;0.982
130.75	131.00	VATH;0.623
134.75	135.00	VATH;0.628
142.00	142.25	VATH;0.840
158.25	159.50	VATH;0.990
166.25	167.50	VATH;0.992
182.50	183.00	VATH;0.603
191.75	192.50	VATH;0.941
200.50	201.75	VATH;0.768
205.00	206.25	VATH;0.980
209.75	210.50	VATH;0.946
233.25	233.75	VATH;0.814
245.75	246.50	VATH;0.993
258.25	259.50	VATH;0.985
293.50	294.00	VATH;0.728
295.00	295.50	VATH;0.695
15.50	15.75	WCSP;0.501
34.50	35.00	WCSP;0.940
56.00	56.50	WCSP;0.578
87.00	87.50	WCSP;0.646
102.25	102.50	WCSP;0.514
118.00	118.50	WCSP;0.570
128.50	129.00	WCSP;0.569
168.75	169.00	WCSP;0.582
230.00	231.50	WCSP;0.981
7.50	9.00	WIWA;0.995
17.50	18.75	WIWA;0.995
31.25	32.00	WIWA;0.966
85.25	86.50	WIWA;0.989
96.00	96.75	WIWA;0.918
137.00	137.75	WIWA;0.901
147.25	148.25	WIWA;0.946
159.25	160.00	WIWA;0.974
191.25	191.50	WIWA;0.672
207.00	207.75	WIWA;0.960
216.50	218.00	WIWA;0.997
225.50	226.75	WIWA;0.992
236.00	237.50	WIWA;0.996
244.75	246.00	WIWA;0.996
254.00	255.50	WIWA;0.996
263.75	265.25	WIWA;0.997
274.50	276.00	WIWA;0.994
285.00	286.50	WIWA;0.995
295.75	297.00	WIWA;0.995
293.50	293.75	WTSP;0.586
197.25	197.75	YRWA;0.641
