206.25	206.50	AMGP;0.598
199.25	199.75	AMRO;0.614
396.25	397.00	AMRO;0.783
145.50	145.75	ANMU;0.563
159.50	159.75	ATSP;0.747
176.25	176.50	ATSP;0.670
225.00	225.25	ATSP;0.559
273.00	273.25	ATSP;0.538
307.50	308.00	ATSP;0.929
323.00	324.00	ATSP;0.951
324.25	325.00	ATSP;0.752
325.25	325.50	ATSP;0.624
344.00	344.25	ATSP;0.627
420.75	421.00	ATSP;0.619
537.50	538.00	ATSP;0.732
538.75	539.25	ATSP;0.763
549.25	550.00	ATSP;0.955
550.25	550.75	ATSP;0.945
555.75	556.00	ATSP;0.902
565.25	566.00	ATSP;0.937
569.50	570.00	ATSP;0.841
577.25	577.50	ATSP;0.899
578.25	579.00	ATSP;0.986
582.00	582.25	ATSP;0.559
582.75	583.25	ATSP;0.857
44.50	44.75	BANS;0.542
52.25	53.00	BANS;0.889
384.00	384.50	BANS;0.793
320.25	320.50	BARS;0.516
264.00	264.25	BBWA;0.524
376.25	376.50	BBWA;0.627
157.75	158.00	BCCH;0.551
448.25	448.75	BCCH;0.737
430.50	431.25	BLPW;0.903
433.25	433.50	BOWA;0.540
444.50	445.00	BOWA;0.713
182.00	182.25	BRSP;0.629
231.75	232.00	BRSP;0.893
414.75	415.00	BRSP;0.513
430.25	430.75	BRSP;0.643
278.50	278.75	BRTH;0.597
439.00	439.75	BUSH;0.814
229.50	229.75	CAFI;0.626
140.00	140.50	CHSP;0.873
177.00	177.25	CHSP;0.502
178.00	179.50	CHSP;0.892
190.25	191.00	CHSP;0.962
263.50	265.00	CHSP;0.887
280.75	281.00	CHSP;0.863
323.75	324.00	CHSP;0.752
324.50	325.50	CHSP;0.902
326.25	326.75	CHSP;0.963
337.75	339.75	CHSP;0.971
385.00	385.25	CHSP;0.600
387.50	388.00	CHSP;0.957
394.25	394.75	CHSP;0.613
446.50	447.75	CHSP;0.806
456.50	457.00	CHSP;0.686
489.25	489.75	CHSP;0.660
500.50	500.75	CHSP;0.569
536.25	537.25	CHSP;0.735
540.00	540.25	CHSP;0.791
544.50	545.25	CHSP;0.763
546.50	547.75	CHSP;0.818
574.75	575.50	CHSP;0.908
577.25	577.50	CHSP;0.612
582.00	582.25	CHSP;0.817
587.75	588.00	CHSP;0.878
111.25	112.00	CLNU;0.993
113.75	114.75	CLNU;0.989
334.00	334.50	COGO;0.812
140.50	141.00	DEJU;0.606
383.00	383.50	DEJU;0.618
514.50	514.75	DEJU;0.526
340.00	340.25	EATO;0.607
372.75	373.00	EATO;0.661
413.25	414.00	FISP;0.690
582.50	582.75	FISP;0.512
344.50	346.00	FOSP;0.973
358.25	360.50	FOSP;0.964
372.50	374.50	FOSP;0.982
380.75	381.00	FOSP;0.664
402.50	405.00	FOSP;0.993
436.25	438.25	FOSP;0.994
461.25	462.50	FOSP;0.862
469.25	470.00	FOSP;0.824
474.75	477.00	FOSP;0.996
477.50	478.00	FOSP;0.739
490.50	492.50	FOSP;0.991
513.75	514.25	FOSP;0.800
516.50	519.00	FOSP;0.996
524.00	524.50	FOSP;0.709
558.25	559.00	FOSP;0.863
562.50	565.00	FOSP;0.990
300.25	300.75	GCSP;0.568
325.25	325.50	GCSP;0.581
326.25	326.50	GCSP;0.533
542.50	542.75	GCSP;0.525
574.25	574.50	GCSP;0.516
153.75	154.00	GCTH;0.571
390.00	390.50	GRSP;0.700
543.75	544.25	GRSP;0.732
102.25	102.75	HETH;0.669
42.25	42.50	HEWA;0.905
56.00	56.25	HEWA;0.535
240.00	240.25	HEWA;0.514
243.25	243.50	HEWA;0.506
414.75	415.00	HEWA;0.678
335.50	335.75	HOLA;0.524
279.75	280.00	KILL;0.523
92.25	92.75	LARB;0.515
393.25	393.75	LARB;0.557
7.00	7.50	LISP;0.595
33.25	34.00	LISP;0.773
92.75	94.00	LISP;0.685
105.00	105.75	LISP;0.797
114.75	115.75	LISP;0.742
151.25	151.50	LISP;0.655
163.25	164.25	LISP;0.910
191.25	192.25	LISP;0.812
210.75	211.25	LISP;0.695
219.50	220.00	LISP;0.563
236.25	237.00	LISP;0.843
249.00	249.50	LISP;0.620
285.50	286.25	LISP;0.787
294.00	295.00	LISP;0.876
299.00	299.25	LISP;0.519
314.25	315.25	LISP;0.858
327.50	328.00	LISP;0.583
340.00	340.50	LISP;0.742
379.25	379.75	LISP;0.715
427.25	428.00	LISP;0.777
441.75	442.25	LISP;0.536
455.00	455.25	LISP;0.503
495.00	496.00	LISP;0.866
509.50	510.00	LISP;0.608
528.25	529.25	LISP;0.616
551.25	552.00	LISP;0.811
353.25	353.75	MOCH;0.634
417.00	417.75	MOCH;0.756
42.25	42.50	NAWA;0.601
105.00	105.50	NHWR;0.597
67.00	67.25	OCWA;0.684
270.00	270.50	OCWA;0.689
5.00	5.75	PISI;0.935
8.50	9.25	PISI;0.935
22.00	22.75	PISI;0.978
26.00	26.75	PISI;0.913
30.25	31.00	PISI;0.839
32.25	32.75	PISI;0.786
41.00	41.75	PISI;0.951
48.00	49.75	PISI;0.867
51.25	53.25	PISI;0.858
53.50	53.75	PISI;0.675
56.50	63.75	PISI;0.995
64.25	66.25	PISI;0.977
69.75	70.50	PISI;0.965
72.25	72.50	PISI;0.683
75.75	76.75	PISI;0.990
83.00	85.00	PISI;0.994
86.00	86.25	PISI;0.663
87.00	87.75	PISI;0.886
88.00	91.00	PISI;0.998
94.00	94.75	PISI;0.893
97.25	98.00	PISI;0.929
105.75	107.25	PISI;0.845
109.75	110.25	PISI;0.853
119.25	119.75	PISI;0.781
146.00	147.00	PISI;0.970
148.50	150.75	PISI;0.952
155.00	156.25	PISI;0.983
167.75	171.00	PISI;0.994
172.00	173.00	PISI;0.959
174.50	174.75	PISI;0.692
176.00	177.00	PISI;0.967
177.25	178.00	PISI;0.933
179.75	180.00	PISI;0.706
184.00	186.00	PISI;0.988
196.00	196.75	PISI;0.891
204.75	205.50	PISI;0.921
215.25	216.75	PISI;0.941
220.00	220.25	PISI;0.704
239.00	239.75	PISI;0.942
267.50	269.25	PISI;0.991
271.25	271.75	PISI;0.720
274.75	275.75	PISI;0.927
292.00	293.00	PISI;0.950
299.75	300.25	PISI;0.873
315.25	315.75	PISI;0.803
323.25	323.50	PISI;0.723
331.00	331.75	PISI;0.966
333.50	335.00	PISI;0.977
336.00	337.50	PISI;0.983
342.50	344.00	PISI;0.920
348.25	352.75	PISI;0.996
353.75	354.00	PISI;0.721
354.50	355.25	PISI;0.989
356.25	357.25	PISI;0.969
363.50	364.50	PISI;0.800
369.00	369.50	PISI;0.822
388.50	389.00	PISI;0.766
398.00	399.00	PISI;0.997
405.50	406.00	PISI;0.796
407.25	407.50	PISI;0.721
440.50	441.00	PISI;0.890
449.50	449.75	PISI;0.660
459.25	460.00	PISI;0.890
464.75	465.75	PISI;0.940
488.00	488.50	PISI;0.857
584.25	584.50	PISI;0.708
593.25	594.00	PISI;0.979
3.25	4.00	PUFI;0.943
109.50	109.75	PUFI;0.672
199.25	199.50	PUFI;0.615
90.75	91.00	REDP;0.506
179.75	180.00	REDP;0.612
341.00	341.25	REVI;0.507
243.50	244.00	ROWR;0.596
451.25	451.50	SBDO;0.670
220.50	220.75	SESA;0.501
460.50	460.75	SNBU;0.503
468.75	469.00	SNBU;0.586
99.00	99.25	SWSP;0.539
118.25	118.50	TBLO;0.549
345.75	346.75	VESP;0.914
374.00	374.75	VESP;0.851
492.00	492.50	VESP;0.542
567.50	567.75	VESP;0.531
12.00	13.75	WCSP;0.961
23.25	25.00	WCSP;0.977
38.25	40.00	WCSP;0.995
54.00	55.00	WCSP;0.929
67.25	69.00	WCSP;0.995
81.50	83.25	WCSP;0.997
87.00	87.25	WCSP;0.658
97.50	98.75	WCSP;0.875
102.25	103.25	WCSP;0.929
119.50	121.25	WCSP;0.995
133.25	134.75	WCSP;0.992
140.00	140.50	WCSP;0.737
147.00	148.00	WCSP;0.982
156.25	156.50	WCSP;0.791
161.25	163.00	WCSP;0.988
173.00	174.50	WCSP;0.997
175.25	176.00	WCSP;0.827
180.75	181.00	WCSP;0.715
181.75	184.00	WCSP;0.879
187.00	188.75	WCSP;0.995
227.00	227.50	WCSP;0.722
229.00	229.50	WCSP;0.815
231.75	232.00	WCSP;0.799
234.50	235.75	WCSP;0.955
240.25	241.00	WCSP;0.853
241.50	242.75	WCSP;0.903
251.25	253.50	WCSP;0.994
258.00	259.50	WCSP;0.991
261.50	263.00	WCSP;0.998
265.25	266.25	WCSP;0.883
269.25	270.25	WCSP;0.966
276.00	277.00	WCSP;0.953
280.75	282.75	WCSP;0.995
283.50	284.25	WCSP;0.848
289.75	291.25	WCSP;0.990
300.25	301.75	WCSP;0.980
311.00	312.75	WCSP;0.994
317.25	318.00	WCSP;0.874
325.50	326.25	WCSP;0.899
346.50	348.00	WCSP;0.914
355.25	356.25	WCSP;0.900
373.50	375.25	WCSP;0.866
384.75	385.50	WCSP;0.923
387.75	388.00	WCSP;0.769
388.50	389.75	WCSP;0.935
397.25	398.00	WCSP;0.939
406.50	407.50	WCSP;0.851
428.25	428.75	WCSP;0.724
445.00	446.00	WCSP;0.967
461.75	462.25	WCSP;0.765
476.75	477.00	WCSP;0.667
499.50	500.00	WCSP;0.811
512.00	514.00	WCSP;0.993
523.50	525.00	WCSP;0.921
531.25	532.75	WCSP;0.966
539.00	540.25	WCSP;0.989
541.25	543.00	WCSP;0.856
552.50	554.25	WCSP;0.974
558.50	558.75	WCSP;0.743
560.00	560.25	WCSP;0.671
564.00	564.25	WCSP;0.704
567.25	568.50	WCSP;0.934
570.00	571.50	WCSP;0.993
574.25	574.75	WCSP;0.796
583.25	586.50	WCSP;0.956
588.75	590.50	WCSP;0.910
594.50	599.50	WCSP;0.990
376.25	376.50	WEFL;0.927
537.50	538.00	WEME;0.600
0.00	2.00	WTSP;0.924
85.50	86.00	WTSP;0.772
86.50	87.00	WTSP;0.790
87.50	88.00	WTSP;0.820
99.00	100.25	WTSP;0.984
240.50	242.00	WTSP;0.729
265.25	265.75	WTSP;0.662
276.50	277.00	WTSP;0.525
283.75	284.50	WTSP;0.780
306.00	306.75	WTSP;0.877
317.50	317.75	WTSP;0.566
322.00	322.25	WTSP;0.504
353.00	353.75	WTSP;0.742
354.00	354.50	WTSP;0.646
355.25	355.75	WTSP;0.650
382.00	382.75	WTSP;0.834
399.25	399.50	WTSP;0.611
406.50	406.75	WTSP;0.580
410.25	412.75	WTSP;0.941
430.00	430.50	WTSP;0.737
434.50	435.50	WTSP;0.761
447.75	448.25	WTSP;0.613
472.25	472.75	WTSP;0.850
482.00	484.50	WTSP;0.963
499.75	502.25	WTSP;0.959
505.25	505.50	WTSP;0.614
515.50	516.25	WTSP;0.571
539.00	539.50	WTSP;0.563
574.00	575.00	WTSP;0.804
582.50	582.75	WTSP;0.535
25.00	26.25	YRWA;0.998
37.00	38.50	YRWA;0.997
55.00	57.00	YRWA;0.988
73.50	74.50	YRWA;0.964
138.50	140.00	YRWA;0.994
159.75	161.00	YRWA;0.997
171.00	172.00	YRWA;0.995
302.25	303.25	YRWA;0.990
