1.00	1.25	AMRO;0.678
3.00	4.00	AMRO;0.890
5.50	7.75	AMRO;0.988
37.50	38.75	AMRO;0.885
54.50	55.75	AMRO;0.927
61.25	62.50	AMRO;0.875
69.00	71.75	AMRO;0.988
76.00	76.75	AMRO;0.775
77.25	77.75	AMRO;0.671
78.50	79.75	AMRO;0.755
82.50	83.75	AMRO;0.973
92.50	94.75	AMRO;0.970
99.50	100.75	AMRO;0.855
111.50	112.75	AMRO;0.796
118.25	120.50	AMRO;0.995
122.00	125.00	AMRO;0.975
127.00	128.25	AMRO;0.956
130.00	131.25	AMRO;0.948
132.75	134.50	AMRO;0.777
135.75	136.50	AMRO;0.756
141.25	142.50	AMRO;0.873
146.00	146.75	AMRO;0.801
149.75	151.00	AMRO;0.969
155.00	155.75	AMRO;0.860
211.00	211.50	AMRO;0.759
220.00	221.25	AMRO;0.974
222.00	222.25	AMRO;0.658
271.00	272.75	AMRO;0.921
295.00	296.75	AMRO;0.964
281.50	281.75	BCCH;0.526
130.50	130.75	BHGR;0.514
141.50	141.75	BHGR;0.508
31.00	31.50	CHSP;0.576
112.00	112.25	CHSP;0.566
38.50	39.25	DEJU;0.644
99.50	99.75	FISP;0.544
1.50	3.75	FOSP;0.887
12.00	14.75	FOSP;0.994
23.75	26.00	FOSP;0.979
33.75	36.50	FOSP;0.998
49.50	51.00	FOSP;0.865
56.50	58.75	FOSP;0.951
108.25	110.00	FOSP;0.983
128.50	129.75	FOSP;0.856
144.00	145.75	FOSP;0.940
153.50	155.25	FOSP;0.980
156.25	158.50	FOSP;0.996
165.75	167.75	FOSP;0.929
169.00	171.25	FOSP;0.995
178.25	180.50	FOSP;0.996
187.50	189.75	FOSP;0.985
192.25	194.00	FOSP;0.982
202.25	204.75	FOSP;0.991
212.75	215.00	FOSP;0.972
217.50	218.25	FOSP;0.893
230.00	231.50	FOSP;0.935
236.00	238.00	FOSP;0.982
241.25	242.00	FOSP;0.742
243.00	243.50	FOSP;0.942
251.50	253.25	FOSP;0.992
254.25	256.25	FOSP;0.989
262.25	264.75	FOSP;0.986
266.00	268.00	FOSP;0.994
273.50	275.50	FOSP;0.994
278.00	279.75	FOSP;0.976
282.00	284.00	FOSP;0.995
290.50	293.00	FOSP;0.996
298.25	300.00	FOSP;0.997
126.50	127.50	GCSP;0.954
27.50	28.00	HASP;0.630
40.50	41.25	HASP;0.830
224.25	225.00	HASP;0.744
156.00	156.25	HOFI;0.506
269.00	269.25	HOLA;0.518
155.25	155.50	LASP;0.538
133.25	133.75	LISP;0.543
167.75	168.25	LISP;0.577
228.00	229.25	LISP;0.944
62.50	62.75	MAMU;0.533
136.75	138.75	PISI;0.982
142.25	142.75	PISI;0.865
271.50	272.00	RBGR;0.667
164.50	166.00	RUGR;0.750
192.00	192.25	RWBL;0.515
76.50	78.75	SATH;0.767
159.25	159.75	SATH;0.552
78.00	78.25	TOSO;0.504
34.75	35.00	VESP;0.507
218.00	219.25	VESP;0.890
0.25	0.75	WCSP;0.831
1.25	3.50	WCSP;0.970
8.25	9.00	WCSP;0.856
14.75	17.50	WCSP;0.991
21.75	23.75	WCSP;0.993
27.50	29.75	WCSP;0.996
39.75	41.75	WCSP;0.994
45.25	47.50	WCSP;0.996
51.50	54.00	WCSP;0.997
59.00	61.50	WCSP;0.963
65.75	68.75	WCSP;0.998
73.00	75.75	WCSP;0.996
80.00	82.50	WCSP;0.987
86.75	89.75	WCSP;0.997
95.75	98.00	WCSP;0.998
100.00	100.50	WCSP;0.691
104.00	106.50	WCSP;0.996
111.75	112.50	WCSP;0.942
113.00	116.00	WCSP;0.994
131.25	133.50	WCSP;0.994
135.25	136.00	WCSP;0.909
139.25	141.50	WCSP;0.996
145.00	146.00	WCSP;0.869
147.00	149.50	WCSP;0.989
162.25	164.75	WCSP;0.997
170.75	171.00	WCSP;0.789
173.75	176.25	WCSP;0.998
181.25	184.00	WCSP;0.996
185.75	187.50	WCSP;0.997
190.00	192.75	WCSP;0.995
196.75	198.25	WCSP;0.934
198.75	201.00	WCSP;0.997
204.00	204.25	WCSP;0.669
206.25	209.00	WCSP;0.995
215.00	217.50	WCSP;0.985
218.00	219.00	WCSP;0.757
221.25	222.50	WCSP;0.994
224.25	226.25	WCSP;0.991
231.25	234.75	WCSP;0.995
236.75	237.50	WCSP;0.977
238.75	242.00	WCSP;0.997
247.00	248.25	WCSP;0.909
249.00	251.50	WCSP;0.994
257.25	259.75	WCSP;0.995
267.75	268.00	WCSP;0.764
271.25	271.75	WCSP;0.786
275.25	278.50	WCSP;0.994
281.50	282.00	WCSP;0.855
286.75	289.25	WCSP;0.997
292.75	293.00	WCSP;0.725
296.50	298.50	WCSP;0.995
40.75	41.00	WTSP;0.523
49.00	49.25	WWCR;0.740
