93.50	93.75	BCCH;0.622
128.00	128.25	BCCH;0.530
262.75	263.00	BLPW;0.540
46.75	47.00	CHSP;0.812
289.25	289.75	CHSP;0.646
74.00	74.25	DEJU;0.510
82.75	83.00	FOSP;0.844
90.50	92.00	FOSP;0.984
101.50	104.00	FOSP;0.996
116.50	117.75	FOSP;0.965
131.75	134.00	FOSP;0.995
146.50	148.75	FOSP;0.995
165.00	167.25	FOSP;0.998
220.75	221.00	FOSP;0.714
224.00	224.25	FOSP;0.871
241.25	241.75	FOSP;0.902
245.50	246.25	FOSP;0.972
250.50	251.00	FOSP;0.967
274.50	274.75	FOSP;0.978
281.25	281.50	FOSP;0.682
262.50	263.25	GCKI;0.808
41.75	42.00	HASP;0.525
60.25	60.75	HASP;0.668
119.25	119.75	HASP;0.572
208.50	209.00	HASP;0.541
93.50	94.00	HETH;0.663
113.75	114.25	HETH;0.713
207.75	208.00	HETH;0.545
215.00	215.75	HETH;0.942
254.75	255.00	HETH;0.617
286.00	287.00	HETH;0.991
73.50	74.00	LISP;0.529
6.25	6.75	PISI;0.546
97.50	97.75	PISI;0.664
112.00	112.75	PISI;0.991
223.25	223.75	PISI;0.914
224.50	228.75	PISI;0.958
231.25	233.00	PISI;0.974
234.00	235.00	PISI;0.990
235.75	237.00	PISI;0.817
237.25	238.00	PISI;0.939
239.50	240.25	PISI;0.860
267.25	267.75	PISI;0.904
82.75	83.00	SOSP;0.800
220.50	221.25	SOSP;0.856
224.00	224.25	SOSP;0.712
241.25	241.75	SOSP;0.780
245.50	246.00	SOSP;0.769
250.50	251.00	SOSP;0.869
274.50	274.75	SOSP;0.706
281.00	281.75	SOSP;0.979
217.25	217.75	TEWA;0.628
243.25	243.50	TEWA;0.511
12.25	12.75	VATH;0.737
59.50	60.25	VATH;0.839
96.50	97.00	VATH;0.777
4.75	6.25	WCSP;0.996
6.75	9.00	WCSP;0.990
13.75	16.25	WCSP;0.987
16.75	18.75	WCSP;0.992
24.00	26.75	WCSP;0.986
33.50	36.00	WCSP;0.989
41.50	43.75	WCSP;0.996
45.00	47.00	WCSP;0.988
50.75	52.75	WCSP;0.985
57.00	59.00	WCSP;0.992
60.50	62.50	WCSP;0.993
68.25	72.25	WCSP;0.996
77.25	79.50	WCSP;0.985
82.75	83.00	WCSP;0.755
83.50	85.75	WCSP;0.992
89.00	91.00	WCSP;0.980
95.00	96.50	WCSP;0.989
97.75	100.00	WCSP;0.991
105.75	109.50	WCSP;0.995
115.00	116.75	WCSP;0.958
117.00	117.50	WCSP;0.723
119.25	121.25	WCSP;0.994
126.00	127.75	WCSP;0.993
129.75	131.00	WCSP;0.902
135.25	137.50	WCSP;0.990
138.50	140.75	WCSP;0.995
144.75	146.75	WCSP;0.995
148.00	148.50	WCSP;0.696
149.00	151.00	WCSP;0.959
153.50	155.25	WCSP;0.993
158.25	160.00	WCSP;0.984
161.75	164.50	WCSP;0.995
168.25	170.00	WCSP;0.968
171.25	174.00	WCSP;0.955
177.75	179.50	WCSP;0.993
180.50	182.50	WCSP;0.995
189.50	191.50	WCSP;0.996
198.50	200.50	WCSP;0.994
205.25	206.00	WCSP;0.882
208.75	210.75	WCSP;0.998
217.75	220.50	WCSP;0.995
221.50	222.75	WCSP;0.938
224.00	224.50	WCSP;0.868
229.00	230.50	WCSP;0.996
237.25	237.50	WCSP;0.711
241.00	241.75	WCSP;0.864
246.25	248.25	WCSP;0.989
256.50	258.50	WCSP;0.993
264.25	264.50	WCSP;0.754
265.00	266.25	WCSP;0.992
279.75	281.00	WCSP;0.900
290.75	292.00	WCSP;0.975
24.00	24.50	WTSP;0.577
33.50	34.00	WTSP;0.568
60.50	60.75	WTSP;0.545
149.00	149.50	WTSP;0.550
218.00	218.25	WTSP;0.537
276.00	276.25	YRWA;0.694
