149.00	149.25	AMAV;0.531
480.25	480.50	AMGP;0.618
3.25	6.00	AMRO;0.991
10.25	12.75	AMRO;0.940
15.25	21.50	AMRO;0.995
22.00	26.50	AMRO;0.994
28.75	31.25	AMRO;0.990
32.00	32.75	AMRO;0.766
33.75	35.75	AMRO;0.983
44.00	44.75	AMRO;0.781
46.50	46.75	AMRO;0.662
47.50	47.75	AMRO;0.689
59.50	60.00	AMRO;0.771
63.25	64.00	AMRO;0.871
88.50	88.75	AMRO;0.670
97.50	97.75	AMRO;0.670
100.25	101.00	AMRO;0.874
102.00	104.50	AMRO;0.988
109.25	110.50	AMRO;0.837
113.75	116.75	AMRO;0.956
120.75	123.00	AMRO;0.983
130.25	132.50	AMRO;0.888
136.00	138.75	AMRO;0.958
143.25	147.25	AMRO;0.984
151.50	152.75	AMRO;0.881
158.00	160.00	AMRO;0.993
163.75	165.75	AMRO;0.930
169.75	172.75	AMRO;0.980
175.25	177.00	AMRO;0.964
184.25	184.50	AMRO;0.747
198.25	198.75	AMRO;0.743
202.00	203.25	AMRO;0.959
209.25	210.00	AMRO;0.689
214.25	217.50	AMRO;0.991
221.50	223.00	AMRO;0.881
226.50	229.00	AMRO;0.864
233.00	233.50	AMRO;0.712
235.25	236.50	AMRO;0.913
241.00	242.75	AMRO;0.984
250.50	252.00	AMRO;0.864
257.00	257.25	AMRO;0.690
263.25	265.00	AMRO;0.934
266.25	268.25	AMRO;0.980
268.50	268.75	AMRO;0.680
288.25	289.25	AMRO;0.837
291.25	292.25	AMRO;0.860
293.00	294.00	AMRO;0.760
295.00	298.75	AMRO;0.984
301.75	303.00	AMRO;0.832
304.75	307.00	AMRO;0.977
310.50	313.00	AMRO;0.975
315.25	317.50	AMRO;0.991
319.50	320.25	AMRO;0.764
321.50	324.00	AMRO;0.958
324.75	326.25	AMRO;0.860
327.25	330.25	AMRO;0.913
332.00	335.25	AMRO;0.991
337.75	340.00	AMRO;0.997
343.25	344.75	AMRO;0.900
347.25	348.75	AMRO;0.877
352.00	355.00	AMRO;0.992
356.25	357.25	AMRO;0.963
357.50	358.75	AMRO;0.812
361.00	362.25	AMRO;0.790
364.00	366.75	AMRO;0.996
369.25	371.00	AMRO;0.988
375.25	376.00	AMRO;0.835
380.25	383.00	AMRO;0.964
384.75	388.75	AMRO;0.965
389.25	391.50	AMRO;0.996
395.00	397.50	AMRO;0.972
401.25	403.25	AMRO;0.932
406.00	408.00	AMRO;0.929
411.50	413.25	AMRO;0.957
416.50	416.75	AMRO;0.679
417.25	418.50	AMRO;0.840
422.25	424.75	AMRO;0.993
428.00	429.50	AMRO;0.927
433.50	435.25	AMRO;0.972
439.50	441.50	AMRO;0.991
445.75	446.25	AMRO;0.710
450.00	452.50	AMRO;0.991
455.75	457.75	AMRO;0.974
463.25	463.75	AMRO;0.741
465.25	465.75	AMRO;0.762
473.50	474.00	AMRO;0.704
476.00	478.25	AMRO;0.917
483.00	483.75	AMRO;0.742
486.75	489.75	AMRO;0.970
492.50	495.25	AMRO;0.994
497.50	501.00	AMRO;0.971
501.25	502.50	AMRO;0.897
507.00	508.00	AMRO;0.871
513.00	513.50	AMRO;0.708
517.00	520.25	AMRO;0.993
522.25	524.00	AMRO;0.986
527.75	529.75	AMRO;0.992
532.25	535.00	AMRO;0.980
540.00	541.50	AMRO;0.992
544.50	545.25	AMRO;0.887
548.25	551.50	AMRO;0.969
555.75	558.25	AMRO;0.990
560.50	562.00	AMRO;0.889
565.75	567.75	AMRO;0.974
571.00	573.00	AMRO;0.991
577.25	579.00	AMRO;0.971
583.25	585.00	AMRO;0.908
589.25	591.25	AMRO;0.991
592.50	593.00	AMRO;0.693
407.25	408.00	BHGR;0.736
490.50	490.75	BTNW;0.510
2.00	2.50	CCSP;0.778
106.25	106.75	CCSP;0.791
475.50	476.00	CCSP;0.854
483.00	483.50	CCSP;0.572
501.00	501.75	CCSP;0.976
5.00	8.50	CHSP;0.990
13.50	16.00	CHSP;0.929
21.50	23.00	CHSP;0.959
25.00	27.75	CHSP;0.991
28.25	28.75	CHSP;0.687
35.75	38.00	CHSP;0.973
41.50	42.25	CHSP;0.762
42.75	43.50	CHSP;0.734
47.75	50.75	CHSP;0.974
57.75	59.50	CHSP;0.964
67.25	69.75	CHSP;0.976
75.25	77.00	CHSP;0.930
84.00	86.00	CHSP;0.933
92.50	94.50	CHSP;0.965
101.50	104.00	CHSP;0.976
109.50	112.00	CHSP;0.965
124.75	126.75	CHSP;0.940
132.75	134.25	CHSP;0.935
139.75	141.75	CHSP;0.972
146.75	148.00	CHSP;0.928
156.00	156.75	CHSP;0.912
161.50	164.50	CHSP;0.983
169.50	171.75	CHSP;0.953
172.00	173.50	CHSP;0.790
175.75	177.50	CHSP;0.957
181.25	182.25	CHSP;0.861
185.00	187.25	CHSP;0.981
189.50	190.75	CHSP;0.843
195.25	197.00	CHSP;0.967
202.75	206.00	CHSP;0.991
212.00	212.75	CHSP;0.792
218.50	221.00	CHSP;0.992
227.00	227.75	CHSP;0.803
234.25	236.00	CHSP;0.982
242.50	244.50	CHSP;0.979
249.50	252.00	CHSP;0.979
257.50	259.25	CHSP;0.972
265.00	267.00	CHSP;0.989
274.25	276.25	CHSP;0.954
281.00	283.00	CHSP;0.985
289.50	291.75	CHSP;0.994
297.25	298.00	CHSP;0.769
308.50	311.50	CHSP;0.976
317.25	319.50	CHSP;0.986
368.50	371.25	CHSP;0.967
376.25	377.00	CHSP;0.873
378.00	378.75	CHSP;0.901
383.50	386.00	CHSP;0.996
391.00	393.00	CHSP;0.978
398.25	401.00	CHSP;0.992
405.50	407.75	CHSP;0.979
412.50	415.25	CHSP;0.994
420.25	422.75	CHSP;0.992
428.00	431.00	CHSP;0.992
436.25	439.00	CHSP;0.991
444.25	447.25	CHSP;0.987
453.00	455.50	CHSP;0.993
462.00	465.00	CHSP;0.990
470.25	474.00	CHSP;0.990
479.25	481.00	CHSP;0.950
486.50	489.25	CHSP;0.988
495.00	497.50	CHSP;0.943
503.25	506.25	CHSP;0.995
512.00	514.50	CHSP;0.987
520.25	523.00	CHSP;0.991
529.25	530.75	CHSP;0.986
531.50	532.00	CHSP;0.814
538.00	540.50	CHSP;0.990
545.25	547.00	CHSP;0.993
547.25	547.50	CHSP;0.693
554.00	556.25	CHSP;0.995
561.50	564.25	CHSP;0.949
571.00	573.75	CHSP;0.986
579.00	580.00	CHSP;0.942
580.50	581.50	CHSP;0.799
588.00	589.75	CHSP;0.992
596.25	598.25	CHSP;0.959
0.00	0.75	DEJU;0.961
8.00	8.50	DEJU;0.624
38.00	38.50	DEJU;0.620
41.50	43.00	DEJU;0.741
43.25	43.75	DEJU;0.725
85.25	86.25	DEJU;0.651
94.25	94.75	DEJU;0.709
125.00	125.25	DEJU;0.509
126.00	126.50	DEJU;0.634
132.50	133.00	DEJU;0.592
133.75	134.50	DEJU;0.711
141.25	141.50	DEJU;0.530
192.00	192.25	DEJU;0.507
302.25	302.50	DEJU;0.547
302.75	304.00	DEJU;0.911
319.00	319.50	DEJU;0.585
328.00	328.25	DEJU;0.580
350.75	351.50	DEJU;0.824
377.50	378.00	DEJU;0.613
378.25	378.75	DEJU;0.540
386.00	386.25	DEJU;0.556
473.50	473.75	DEJU;0.534
478.50	479.00	DEJU;0.743
486.75	487.00	DEJU;0.529
495.50	496.75	DEJU;0.699
497.00	497.25	DEJU;0.508
506.00	506.25	DEJU;0.569
514.00	514.25	DEJU;0.559
538.50	539.00	DEJU;0.667
547.00	548.00	DEJU;0.721
562.50	563.00	DEJU;0.631
573.00	573.25	DEJU;0.513
579.75	580.00	DEJU;0.504
580.25	580.50	DEJU;0.528
581.00	581.75	DEJU;0.658
589.25	589.50	DEJU;0.507
597.75	598.25	DEJU;0.623
48.50	48.75	DUNL;0.560
545.25	545.50	EABL;0.505
54.25	56.00	FOSP;0.949
372.25	374.00	FOSP;0.985
82.25	82.50	GCSP;0.699
95.25	95.50	GCSP;0.672
130.00	130.75	GCSP;0.939
145.25	146.00	GCSP;0.931
207.25	207.75	GCSP;0.851
223.25	224.25	GCSP;0.961
239.50	240.75	GCSP;0.977
255.50	256.75	GCSP;0.994
271.00	272.00	GCSP;0.984
286.25	287.75	GCSP;0.961
306.00	306.75	GCSP;0.983
320.00	321.50	GCSP;0.994
336.25	337.50	GCSP;0.991
356.75	357.75	GCSP;0.997
374.25	374.75	GCSP;0.723
389.75	390.25	GCSP;0.831
421.25	422.00	GCSP;0.883
438.75	439.25	GCSP;0.762
458.50	460.00	GCSP;0.988
474.25	475.25	GCSP;0.979
490.75	491.50	GCSP;0.864
511.00	512.00	GCSP;0.969
554.25	555.00	GCSP;0.926
570.25	571.25	GCSP;0.991
587.50	588.25	GCSP;0.920
24.50	24.75	GWTE;0.518
120.75	121.50	GWTE;0.610
143.25	144.00	GWTE;0.896
145.75	146.00	GWTE;0.528
364.00	364.50	GWTE;0.546
384.75	385.00	GWTE;0.650
389.25	389.75	GWTE;0.588
395.00	395.75	GWTE;0.715
508.00	508.25	GWTE;0.675
518.50	518.75	GWTE;0.620
8.50	9.00	HETH;0.581
262.75	263.25	LASP;0.637
69.75	70.00	LBDO;0.692
163.50	163.75	LEYE;0.501
31.00	32.75	LISP;0.941
62.25	63.00	LISP;0.845
64.00	65.00	LISP;0.879
79.50	80.50	LISP;0.917
90.50	91.75	LISP;0.872
123.75	124.75	LISP;0.980
138.25	138.75	LISP;0.705
153.00	154.00	LISP;0.875
159.75	160.75	LISP;0.918
173.75	175.50	LISP;0.992
182.75	184.75	LISP;0.994
187.50	188.50	LISP;0.809
197.00	200.00	LISP;0.993
213.25	215.00	LISP;0.941
229.00	231.25	LISP;0.938
244.50	246.75	LISP;0.976
261.25	263.00	LISP;0.949
278.00	280.00	LISP;0.987
295.00	295.75	LISP;0.841
311.75	312.25	LISP;0.698
312.75	313.25	LISP;0.718
326.50	327.00	LISP;0.852
342.00	343.50	LISP;0.995
345.25	346.25	LISP;0.818
360.00	361.25	LISP;0.987
377.25	377.75	LISP;0.776
393.00	394.75	LISP;0.964
408.75	411.00	LISP;0.988
425.50	427.75	LISP;0.996
442.25	443.25	LISP;0.777
448.00	449.00	LISP;0.935
460.75	461.75	LISP;0.945
478.75	479.25	LISP;0.750
552.50	554.00	LISP;0.952
567.50	568.00	LISP;0.704
595.75	596.50	LISP;0.774
232.25	232.50	PIGR;0.505
272.00	272.75	PIGR;0.603
514.75	515.00	PIGR;0.631
545.25	545.50	PIGR;0.585
81.25	81.50	PUFI;0.620
294.75	295.00	PUFI;0.523
515.25	515.50	PUSA;0.525
59.50	59.75	RBGR;0.563
88.50	89.00	RBGR;0.580
493.25	493.75	RBGR;0.516
272.25	272.75	RCKI;0.674
442.50	443.00	ROWR;0.818
547.00	547.25	ROWR;0.527
580.00	580.50	ROWR;0.634
595.50	596.00	ROWR;0.790
82.00	82.50	RWBL;0.631
207.25	207.50	RWBL;0.626
223.25	223.75	RWBL;0.618
389.75	390.25	RWBL;0.586
491.00	491.25	RWBL;0.638
587.50	588.00	RWBL;0.751
33.25	34.00	SATH;0.685
83.75	84.75	SATH;0.762
110.25	110.50	SATH;0.508
131.00	131.75	SATH;0.666
152.50	153.00	SATH;0.749
222.50	223.00	SATH;0.606
226.75	227.00	SATH;0.541
325.25	325.50	SATH;0.512
411.25	411.50	SATH;0.512
429.25	429.50	SATH;0.560
435.00	435.50	SATH;0.550
468.25	469.00	SATH;0.777
483.25	484.00	SATH;0.728
583.50	583.75	SATH;0.508
42.00	42.75	SPSA;0.809
45.50	46.25	SPSA;0.739
71.75	73.25	SPSA;0.995
74.25	75.75	SPSA;0.810
78.25	78.50	SPSA;0.664
89.00	90.75	SPSA;0.997
117.75	119.75	SPSA;0.985
129.00	130.00	SPSA;0.984
154.00	156.25	SPSA;0.992
177.25	179.25	SPSA;0.996
210.00	212.00	SPSA;0.993
237.25	238.75	SPSA;0.978
272.00	272.75	SPSA;0.813
302.00	302.75	SPSA;0.793
349.50	351.00	SPSA;0.975
378.75	380.50	SPSA;0.983
381.00	381.25	SPSA;0.682
403.25	405.00	SPSA;0.966
431.75	432.75	SPSA;0.826
466.25	468.25	SPSA;0.981
505.50	507.00	SPSA;0.911
534.75	537.75	SPSA;0.996
580.75	581.75	SPSA;0.775
138.25	139.00	TOSO;0.628
209.00	209.75	TOSO;0.704
358.00	358.25	TOSO;0.532
360.00	360.25	TOSO;0.520
375.00	375.75	TOSO;0.727
410.75	412.00	TOSO;0.590
417.00	417.50	TOSO;0.605
514.75	515.00	TOSO;0.515
302.50	302.75	TUTI;0.602
36.50	36.75	VATH;0.667
53.25	53.75	VATH;0.788
449.25	449.75	VATH;0.929
481.00	481.75	VATH;0.895
510.75	511.00	VATH;0.738
559.00	559.75	VATH;0.977
575.00	575.25	VATH;0.683
480.25	480.50	WATA;0.609
54.00	54.25	WCSP;0.673
56.25	57.50	WCSP;0.926
65.25	66.75	WCSP;0.977
95.50	96.00	WCSP;0.743
104.50	105.75	WCSP;0.961
114.75	116.00	WCSP;0.994
127.00	128.50	WCSP;0.989
137.00	138.25	WCSP;0.975
147.75	149.25	WCSP;0.995
158.00	159.50	WCSP;0.984
167.25	169.00	WCSP;0.996
179.50	181.00	WCSP;0.975
190.75	192.00	WCSP;0.966
200.50	202.25	WCSP;0.996
212.75	213.50	WCSP;0.837
225.50	226.75	WCSP;0.922
236.25	237.50	WCSP;0.943
246.75	248.25	WCSP;0.996
259.25	260.75	WCSP;0.932
273.25	274.00	WCSP;0.982
286.50	287.00	WCSP;0.768
287.25	287.75	WCSP;0.752
299.25	300.75	WCSP;0.949
313.00	314.50	WCSP;0.996
323.75	325.25	WCSP;0.996
142.75	143.00	WHIM;0.582
151.25	151.50	WHIM;0.518
230.50	231.00	WOTH;0.653
95.00	96.00	WTSP;0.848
225.75	226.25	WTSP;0.549
419.50	419.75	WWCR;0.648
568.25	568.75	WWCR;0.771
