125.50	125.75	AMWO;0.723
212.50	212.75	AMWO;0.638
250.50	250.75	AMWO;0.740
268.75	269.00	AMWO;0.769
22.00	23.75	BRSP;0.842
32.00	32.25	BRSP;0.562
42.50	42.75	BRSP;0.505
92.25	92.75	BRSP;0.640
104.50	104.75	BRSP;0.597
113.25	115.00	BRSP;0.877
136.50	137.00	BRSP;0.516
48.75	49.00	CAFI;0.504
3.00	5.00	CCSP;0.995
12.00	12.75	CCSP;0.933
23.00	24.00	CCSP;0.855
34.00	35.50	CCSP;0.995
43.25	44.75	CCSP;0.989
56.75	57.75	CCSP;0.867
66.00	67.00	CCSP;0.985
95.25	96.00	CCSP;0.794
105.00	105.50	CCSP;0.829
108.75	110.00	CCSP;0.994
113.25	113.75	CCSP;0.839
118.00	119.25	CCSP;0.989
119.75	121.75	CCSP;0.978
125.25	125.75	CCSP;0.751
127.50	129.50	CCSP;0.998
135.75	136.00	CCSP;0.712
136.25	136.75	CCSP;0.748
142.25	143.75	CCSP;0.944
150.25	150.50	CCSP;0.674
165.00	166.25	CCSP;0.983
174.00	175.25	CCSP;0.997
182.50	183.75	CCSP;0.909
188.75	189.00	CCSP;0.679
195.50	197.00	CCSP;0.994
203.00	204.25	CCSP;0.931
212.75	213.75	CCSP;0.873
221.50	222.50	CCSP;0.951
263.25	264.50	CCSP;0.896
268.75	269.00	CCSP;0.701
274.50	275.50	CCSP;0.919
292.25	294.00	CCSP;0.990
296.25	297.75	CCSP;0.989
299.25	299.75	CCSP;0.811
31.00	32.00	CHSP;0.593
103.25	104.75	CHSP;0.730
115.25	115.75	CHSP;0.582
31.25	32.00	DEJU;0.616
41.25	41.50	DEJU;0.525
50.75	51.50	DEJU;0.551
52.00	52.50	DEJU;0.639
115.75	116.50	DEJU;0.780
138.00	138.50	DEJU;0.663
13.25	15.00	FOSP;0.983
24.50	25.25	FOSP;0.673
33.25	33.50	FOSP;0.596
40.25	41.50	FOSP;0.763
49.50	50.25	FOSP;0.657
68.25	68.50	FOSP;0.583
36.00	36.50	HOLA;0.750
160.25	160.75	HOLA;0.702
158.25	158.50	LESA;0.590
19.25	19.75	MOCH;0.669
58.25	58.50	PISI;0.630
110.75	111.50	PISI;0.902
136.00	136.25	PISI;0.562
155.25	155.75	PISI;0.784
181.25	182.25	PISI;0.986
216.75	217.50	PISI;0.875
93.50	94.00	REDP;0.567
32.50	32.75	SNBU;0.864
40.25	40.50	SNBU;0.517
49.50	50.00	SNBU;0.692
59.75	60.00	SNBU;0.609
88.50	88.75	SNBU;0.677
126.25	126.50	SOSP;0.689
1.25	2.50	VATH;0.987
79.50	80.25	VATH;0.967
19.00	20.00	WTSP;0.810
52.00	52.50	WWCR;0.563
