57.00	61.50	CHSP;0.852
69.00	73.50	CHSP;0.966
87.00	91.50	CHSP;0.859
99.00	102.00	CHSP;0.908
109.50	114.00	CHSP;0.900
60.00	63.00	EATO;0.970
135.00	138.00	EATO;0.839
151.50	154.50	EATO;0.946
291.00	294.00	EATO;0.836
79.50	82.50	FISP;0.889
7.50	12.00	FOSP;0.800
39.00	43.50	FOSP;0.967
48.00	52.50	FOSP;0.986
61.50	66.00	FOSP;0.837
72.00	76.50	FOSP;0.895
91.50	96.00	FOSP;0.972
108.00	111.00	FOSP;0.800
114.00	118.50	FOSP;0.850
126.00	130.50	FOSP;0.800
136.50	145.50	FOSP;0.879
153.00	160.50	FOSP;0.959
165.00	169.50	FOSP;0.946
174.00	177.00	FOSP;0.800
178.50	183.00	FOSP;0.914
187.50	195.00	FOSP;0.903
204.00	207.00	FOSP;0.800
214.50	219.00	FOSP;0.881
222.00	229.50	FOSP;0.800
234.00	240.00	FOSP;0.988
250.50	255.00	FOSP;0.825
261.00	300.00	FOSP;0.940
48.00	51.00	SNBU;0.808
124.50	129.00	SNBU;0.883
220.50	223.50	SNBU;0.856
64.50	69.00	VATH;0.956
76.50	81.00	WTSP;0.960
3.00	7.50	WIWA;0.989
13.50	18.00	WIWA;0.990
21.00	27.00	WIWA;0.988
31.50	36.00	WIWA;0.991
43.50	49.50	WIWA;0.985
61.50	66.00	WIWA;0.903
72.00	76.50	WIWA;0.975
82.50	87.00	WIWA;0.988
96.00	100.50	WIWA;0.989
105.00	109.50	WIWA;0.991
120.00	124.50	WIWA;0.989
130.50	135.00	WIWA;0.988
141.00	147.00	WIWA;0.994
154.50	159.00	WIWA;0.978
163.50	168.00	WIWA;0.991
174.00	178.50	WIWA;0.945
181.50	186.00	WIWA;0.989
190.50	195.00	WIWA;0.979
201.00	205.50	WIWA;0.990
213.00	217.50	WIWA;0.994
226.50	231.00	WIWA;0.989
240.00	244.50	WIWA;0.993
253.50	258.00	WIWA;0.991
262.50	265.50	WIWA;0.946
273.00	277.50	WIWA;0.991
280.50	285.00	WIWA;0.926
289.50	294.00	WIWA;0.989
297.00	300.00	WIWA;0.970
