4.50	9.00	CHSP;0.800
34.50	37.50	CHSP;0.800
51.00	55.50	CHSP;0.800
72.00	75.00	CHSP;0.800
81.00	85.50	CHSP;0.800
93.00	96.00	CHSP;0.800
100.50	105.00	CHSP;0.875
127.50	132.00	CHSP;0.800
147.00	151.50	CHSP;0.800
157.50	163.50	CHSP;0.800
178.50	184.50	CHSP;0.865
189.00	193.50	CHSP;0.800
202.50	205.50	CHSP;0.800
211.50	216.00	CHSP;0.805
223.50	228.00	CHSP;0.800
240.00	244.50	CHSP;0.864
250.50	256.50	CHSP;0.800
259.50	264.00	CHSP;0.894
277.50	283.50	CHSP;0.927
288.00	292.50	CHSP;0.800
298.50	303.00	CHSP;0.920
304.50	307.50	CHSP;0.800
312.00	318.00	CHSP;0.876
322.50	328.50	CHSP;0.914
333.00	339.00	CHSP;0.937
343.50	348.00	CHSP;0.800
364.50	370.50	CHSP;0.849
375.00	381.00	CHSP;0.832
384.00	387.00	CHSP;0.800
393.00	399.00	CHSP;0.800
411.00	415.50	CHSP;0.800
421.50	426.00	CHSP;0.800
438.00	444.00	CHSP;0.828
462.00	469.50	CHSP;0.990
474.00	481.50	CHSP;0.980
486.00	492.00	CHSP;0.961
495.00	502.50	CHSP;0.986
505.50	511.50	CHSP;0.981
516.00	522.00	CHSP;0.975
526.50	532.50	CHSP;0.971
537.00	543.00	CHSP;0.988
547.50	553.50	CHSP;0.987
558.00	564.00	CHSP;0.934
568.50	576.00	CHSP;0.993
579.00	586.50	CHSP;0.987
589.50	597.00	CHSP;0.974
582.00	586.50	EAME;0.869
255.00	258.00	EATO;0.839
330.00	333.00	EATO;0.889
358.50	361.50	EATO;0.913
385.50	388.50	EATO;0.816
403.50	406.50	EATO;0.934
513.00	516.00	EATO;0.830
3.00	7.50	FOSP;0.800
10.50	18.00	FOSP;0.953
22.50	36.00	FOSP;0.923
37.50	73.50	FOSP;0.972
76.50	81.00	FOSP;0.961
85.50	100.50	FOSP;0.881
106.50	111.00	FOSP;0.800
118.50	124.50	FOSP;0.944
130.50	135.00	FOSP;0.935
138.00	142.50	FOSP;0.808
148.50	153.00	FOSP;0.874
168.00	171.00	FOSP;0.800
175.50	180.00	FOSP;0.969
183.00	190.50	FOSP;0.977
196.50	202.50	FOSP;0.945
207.00	213.00	FOSP;0.968
219.00	223.50	FOSP;0.962
231.00	235.50	FOSP;0.948
243.00	247.50	FOSP;0.947
256.50	261.00	FOSP;0.833
268.50	273.00	FOSP;0.979
280.50	288.00	FOSP;0.950
294.00	300.00	FOSP;0.959
301.50	310.50	FOSP;0.978
319.50	324.00	FOSP;0.898
331.50	336.00	FOSP;0.939
346.50	351.00	FOSP;0.973
354.00	357.00	FOSP;0.800
360.00	364.50	FOSP;0.979
372.00	376.50	FOSP;0.993
387.00	393.00	FOSP;0.904
405.00	409.50	FOSP;0.950
417.00	423.00	FOSP;0.962
430.50	436.50	FOSP;0.980
444.00	450.00	FOSP;0.976
456.00	460.50	FOSP;0.963
468.00	472.50	FOSP;0.986
483.00	489.00	FOSP;0.958
496.50	505.50	FOSP;0.954
508.50	513.00	FOSP;0.800
514.50	519.00	FOSP;0.848
531.00	535.50	FOSP;0.940
544.50	552.00	FOSP;0.955
558.00	562.50	FOSP;0.885
571.50	576.00	FOSP;0.933
588.00	592.50	FOSP;0.816
595.50	600.00	FOSP;0.801
226.50	231.00	GCSP;0.964
343.50	346.50	HETH;0.835
105.00	108.00	MOCH;0.879
225.00	228.00	MOCH;0.858
141.00	144.00	NRWS;0.825
9.00	12.00	RUGR;0.811
412.50	415.50	SNBU;0.811
1.50	4.50	VATH;0.893
40.50	43.50	VATH;0.908
153.00	156.00	VATH;0.944
57.00	60.00	WCSP;0.969
106.50	111.00	WCSP;0.889
192.00	195.00	WCSP;0.982
0.00	3.00	WTSP;0.913
18.00	24.00	WTSP;0.986
28.50	31.50	WTSP;0.800
34.50	39.00	WTSP;0.800
45.00	48.00	WTSP;0.800
54.00	58.50	WTSP;0.952
63.00	69.00	WTSP;0.982
72.00	78.00	WTSP;0.900
82.50	85.50	WTSP;0.800
99.00	103.50	WTSP;0.800
106.50	112.50	WTSP;0.924
127.50	132.00	WTSP;0.800
136.50	141.00	WTSP;0.961
145.50	150.00	WTSP;0.992
154.50	160.50	WTSP;0.992
171.00	175.50	WTSP;0.940
183.00	187.50	WTSP;0.873
190.50	195.00	WTSP;0.903
201.00	205.50	WTSP;0.985
213.00	217.50	WTSP;0.961
225.00	232.50	WTSP;0.881
240.00	244.50	WTSP;0.969
250.50	256.50	WTSP;0.989
259.50	264.00	WTSP;0.800
267.00	270.00	WTSP;0.800
279.00	282.00	WTSP;0.800
286.50	294.00	WTSP;0.979
300.00	304.50	WTSP;0.981
310.50	315.00	WTSP;0.987
355.50	358.50	WTSP;0.800
184.50	187.50	WIWA;0.800
199.50	207.00	WIWA;0.970
214.50	219.00	WIWA;0.991
222.00	226.50	WIWA;0.800
237.00	241.50	WIWA;0.902
246.00	253.50	WIWA;0.991
255.00	262.50	WIWA;0.973
267.00	270.00	WIWA;0.825
289.50	294.00	WIWA;0.838
295.50	300.00	WIWA;0.898
307.50	312.00	WIWA;0.990
525.00	528.00	WIWA;0.800
532.50	537.00	WIWA;0.994
544.50	549.00	WIWA;0.952
552.00	559.50	WIWA;0.990
567.00	573.00	WIWA;0.990
574.50	577.50	WIWA;0.867
589.50	594.00	WIWA;0.934
