361.50	364.50	BEWR;0.898
456.00	459.00	BRSP;0.811
27.00	36.00	CHSP;0.976
37.50	43.50	CHSP;0.800
45.00	57.00	CHSP;0.974
58.50	64.50	CHSP;0.991
66.00	72.00	CHSP;0.986
84.00	90.00	CHSP;0.984
96.00	102.00	CHSP;0.927
108.00	112.50	CHSP;0.989
126.00	132.00	CHSP;0.854
144.00	148.50	CHSP;0.956
151.50	157.50	CHSP;0.967
160.50	166.50	CHSP;0.975
169.50	174.00	CHSP;0.800
180.00	183.00	CHSP;0.800
187.50	192.00	CHSP;0.800
235.50	238.50	CHSP;0.800
322.50	331.50	CHSP;0.983
351.00	355.50	CHSP;0.800
390.00	396.00	CHSP;0.989
399.00	403.50	CHSP;0.800
405.00	424.50	CHSP;0.990
432.00	438.00	CHSP;0.967
451.50	456.00	CHSP;0.881
468.00	472.50	CHSP;0.924
478.50	484.50	CHSP;0.845
493.50	498.00	CHSP;0.818
555.00	559.50	CHSP;0.800
577.50	580.50	EAME;0.812
7.50	12.00	FOSP;0.800
21.00	24.00	FOSP;0.800
79.50	84.00	FOSP;0.931
93.00	97.50	FOSP;0.936
105.00	111.00	FOSP;0.965
115.50	120.00	FOSP;0.800
121.50	126.00	FOSP;0.979
127.50	130.50	FOSP;0.800
136.50	141.00	FOSP;0.994
159.00	163.50	FOSP;0.982
174.00	178.50	FOSP;0.981
193.50	198.00	FOSP;0.974
205.50	211.50	FOSP;0.962
217.50	223.50	FOSP;0.984
232.50	237.00	FOSP;0.989
247.50	252.00	FOSP;0.962
264.00	268.50	FOSP;0.986
280.50	286.50	FOSP;0.954
301.50	307.50	FOSP;0.981
318.00	322.50	FOSP;0.968
342.00	348.00	FOSP;0.991
366.00	370.50	FOSP;0.980
385.50	391.50	FOSP;0.988
400.50	406.50	FOSP;0.984
426.00	430.50	FOSP;0.979
442.50	447.00	FOSP;0.970
498.00	501.00	FOSP;0.800
579.00	582.00	FOSP;0.800
336.00	339.00	GCSP;0.965
382.50	385.50	GCSP;0.883
430.50	433.50	GCSP;0.837
0.00	3.00	LISP;0.800
10.50	13.50	LISP;0.800
21.00	25.50	LISP;0.894
33.00	37.50	LISP;0.800
46.50	49.50	LISP;0.800
82.50	85.50	LISP;0.800
94.50	97.50	LISP;0.800
300.00	303.00	LISP;0.800
331.50	337.50	LISP;0.884
346.50	351.00	LISP;0.884
358.50	361.50	LISP;0.917
384.00	387.00	LISP;0.800
397.50	402.00	LISP;0.800
411.00	415.50	LISP;0.852
423.00	427.50	LISP;0.800
436.50	441.00	LISP;0.946
450.00	453.00	LISP;0.800
462.00	466.50	LISP;0.983
475.50	480.00	LISP;0.800
489.00	493.50	LISP;0.979
502.50	507.00	LISP;0.841
516.00	520.50	LISP;0.988
529.50	534.00	LISP;0.800
543.00	546.00	LISP;0.800
139.50	142.50	MOCH;0.945
276.00	279.00	MOCH;0.847
394.50	397.50	MOCH;0.819
120.00	124.50	PISI;0.972
163.50	175.50	PISI;0.994
177.00	181.50	PISI;0.912
183.00	220.50	PISI;0.999
222.00	228.00	PISI;0.800
229.50	232.50	PISI;0.800
304.50	309.00	PISI;0.880
390.00	393.00	PISI;0.800
408.00	412.50	PISI;0.800
432.00	436.50	PISI;0.949
438.00	442.50	PISI;0.800
565.50	579.00	PISI;0.965
594.00	598.50	PISI;0.978
259.50	262.50	SNBU;0.896
97.50	100.50	SWTH;0.813
34.50	39.00	SWSP;0.891
43.50	46.50	SWSP;0.800
382.50	385.50	SWSP;0.800
439.50	442.50	SWSP;0.800
459.00	463.50	SWSP;0.936
505.50	510.00	SWSP;0.954
520.50	525.00	SWSP;0.800
528.00	532.50	SWSP;0.800
537.00	540.00	SWSP;0.800
588.00	592.50	SWSP;0.898
3.00	9.00	TEWA;0.927
18.00	22.50	TEWA;0.912
25.50	31.50	TEWA;0.800
42.00	45.00	TEWA;0.800
72.00	75.00	TEWA;0.800
124.50	127.50	TEWA;0.800
130.50	136.50	TEWA;0.907
139.50	144.00	TEWA;0.854
147.00	151.50	TEWA;0.932
154.50	159.00	TEWA;0.902
192.00	196.50	TEWA;0.800
199.50	208.50	TEWA;0.903
219.00	223.50	TEWA;0.805
240.00	247.50	TEWA;0.924
267.00	270.00	TEWA;0.829
339.00	343.50	TEWA;0.809
355.50	358.50	TEWA;0.800
411.00	415.50	TEWA;0.817
418.50	423.00	TEWA;0.826
513.00	517.50	TEWA;0.875
520.50	525.00	TEWA;0.800
535.50	540.00	TEWA;0.801
543.00	547.50	TEWA;0.842
550.50	555.00	TEWA;0.800
558.00	562.50	TEWA;0.800
580.50	585.00	TEWA;0.847
1.50	9.00	WCSP;0.972
10.50	24.00	WCSP;0.997
28.50	33.00	WCSP;0.897
36.00	43.50	WCSP;0.991
49.50	54.00	WCSP;0.993
63.00	67.50	WCSP;0.997
72.00	78.00	WCSP;0.993
87.00	91.50	WCSP;0.800
97.50	102.00	WCSP;0.983
111.00	117.00	WCSP;0.959
124.50	127.50	WCSP;0.800
141.00	145.50	WCSP;0.935
150.00	154.50	WCSP;0.800
157.50	160.50	WCSP;0.800
165.00	171.00	WCSP;0.998
177.00	181.50	WCSP;0.963
216.00	219.00	WCSP;0.800
220.50	225.00	WCSP;0.800
226.50	232.50	WCSP;0.988
237.00	241.50	WCSP;0.918
250.50	255.00	WCSP;0.800
256.50	261.00	WCSP;0.971
262.50	265.50	WCSP;0.920
268.50	277.50	WCSP;0.992
285.00	292.50	WCSP;0.991
297.00	300.00	WCSP;0.800
309.00	316.50	WCSP;0.955
328.50	331.50	WCSP;0.904
348.00	357.00	WCSP;0.967
360.00	363.00	WCSP;0.952
370.50	375.00	WCSP;0.800
430.50	433.50	WCSP;0.800
454.50	457.50	WCSP;0.800
492.00	496.50	WCSP;0.848
571.50	574.50	WCSP;0.800
583.50	588.00	WCSP;0.800
597.00	600.00	WCSP;0.800
15.00	18.00	WTSP;0.800
22.50	30.00	WTSP;0.800
46.50	51.00	WTSP;0.879
52.50	64.50	WTSP;0.967
75.00	79.50	WTSP;0.917
90.00	94.50	WTSP;0.948
99.00	102.00	WTSP;0.800
103.50	108.00	WTSP;0.987
111.00	114.00	WTSP;0.800
127.50	132.00	WTSP;0.908
141.00	147.00	WTSP;0.800
165.00	168.00	WTSP;0.800
177.00	180.00	WTSP;0.800
213.00	217.50	WTSP;0.800
225.00	228.00	WTSP;0.800
250.50	253.50	WTSP;0.800
288.00	291.00	WTSP;0.800
327.00	330.00	WTSP;0.800
358.50	361.50	WTSP;0.800
480.00	483.00	WTSP;0.800
568.50	571.50	WTSP;0.800
