46.50	49.50	ATSP;0.800
55.50	60.00	ATSP;0.963
118.50	126.00	ATSP;0.967
132.00	136.50	ATSP;0.968
210.00	214.50	ATSP;0.800
255.00	262.50	ATSP;0.800
301.50	306.00	ATSP;0.800
411.00	414.00	BEKI;0.906
19.50	24.00	BBPL;0.895
42.00	46.50	BBPL;0.913
85.50	88.50	BBPL;0.800
127.50	133.50	BBPL;0.941
166.50	171.00	BBPL;0.800
214.50	217.50	BBPL;0.800
280.50	285.00	BBPL;0.952
313.50	318.00	BBPL;0.901
346.50	351.00	BBPL;0.968
387.00	390.00	BBPL;0.800
418.50	423.00	BBPL;0.918
471.00	474.00	BBPL;0.800
540.00	544.50	BBPL;0.958
151.50	165.00	CHSP;0.960
169.50	184.50	CHSP;0.904
187.50	198.00	CHSP;0.973
528.00	532.50	CHSP;0.831
150.00	153.00	CCSP;0.825
156.00	162.00	CCSP;0.887
166.50	178.50	CCSP;0.927
180.00	186.00	CCSP;0.945
187.50	193.50	CCSP;0.859
259.50	262.50	EAME;0.882
174.00	177.00	FOSP;0.800
193.50	196.50	FOSP;0.800
262.50	265.50	FOSP;0.800
312.00	315.00	FOSP;0.800
319.50	324.00	FOSP;0.818
328.50	333.00	FOSP;0.801
348.00	352.50	FOSP;0.800
357.00	361.50	FOSP;0.940
366.00	369.00	FOSP;0.800
378.00	382.50	FOSP;0.893
406.50	411.00	FOSP;0.800
414.00	417.00	FOSP;0.800
421.50	426.00	FOSP;0.962
429.00	433.50	FOSP;0.800
511.50	516.00	FOSP;0.889
588.00	591.00	GCSP;0.833
516.00	520.50	HETH;0.958
30.00	33.00	MOCH;0.901
49.50	52.50	MOCH;0.948
363.00	367.50	MOCH;0.807
69.00	108.00	PISI;0.998
111.00	118.50	PISI;0.951
337.50	348.00	PISI;0.995
361.50	366.00	PISI;0.800
393.00	400.50	PISI;0.992
414.00	420.00	PISI;0.909
450.00	454.50	PISI;0.987
531.00	534.00	PISI;0.800
546.00	555.00	PISI;0.989
298.50	301.50	SAND;0.837
483.00	487.50	SNBU;0.836
502.50	507.00	SNBU;0.903
274.50	277.50	SPSA;0.809
240.00	243.00	SPGR;0.811
225.00	229.50	TOWA;0.984
0.00	3.00	WCSP;0.800
7.50	12.00	WCSP;0.962
15.00	19.50	WCSP;0.800
55.50	58.50	WCSP;0.800
70.50	73.50	WCSP;0.815
76.50	79.50	WCSP;0.800
105.00	112.50	WCSP;0.986
184.50	189.00	WCSP;0.936
201.00	205.50	WCSP;0.970
208.50	216.00	WCSP;0.960
217.50	220.50	WCSP;0.890
234.00	244.50	WCSP;0.976
249.00	256.50	WCSP;0.924
264.00	268.50	WCSP;0.865
271.50	276.00	WCSP;0.813
277.50	283.50	WCSP;0.983
286.50	291.00	WCSP;0.988
292.50	304.50	WCSP;0.992
309.00	312.00	WCSP;0.800
315.00	319.50	WCSP;0.937
322.50	325.50	WCSP;0.829
337.50	340.50	WCSP;0.800
351.00	355.50	WCSP;0.998
376.50	379.50	WCSP;0.955
405.00	408.00	WCSP;0.845
417.00	420.00	WCSP;0.857
430.50	435.00	WCSP;0.994
444.00	448.50	WCSP;0.986
481.50	486.00	WCSP;0.992
495.00	499.50	WCSP;0.991
538.50	541.50	WCSP;0.800
558.00	562.50	WCSP;0.800
565.50	570.00	WCSP;0.954
589.50	594.00	WCSP;0.800
6.00	18.00	WTSP;0.981
21.00	39.00	WTSP;0.998
46.50	51.00	WTSP;0.979
58.50	66.00	WTSP;0.991
78.00	82.50	WTSP;0.922
96.00	99.00	WTSP;0.800
120.00	124.50	WTSP;0.993
133.50	138.00	WTSP;0.800
141.00	145.50	WTSP;0.932
181.50	187.50	WTSP;0.800
199.50	202.50	WTSP;0.911
213.00	220.50	WTSP;0.800
232.50	237.00	WTSP;0.800
240.00	243.00	WTSP;0.800
258.00	261.00	WTSP;0.800
264.00	267.00	WTSP;0.800
276.00	280.50	WTSP;0.800
307.50	310.50	WTSP;0.800
321.00	324.00	WTSP;0.800
330.00	336.00	WTSP;0.984
351.00	354.00	WTSP;0.800
363.00	366.00	WTSP;0.800
394.50	399.00	WTSP;0.871
415.50	418.50	WTSP;0.800
433.50	439.50	WTSP;0.997
453.00	459.00	WTSP;0.995
463.50	466.50	WTSP;0.800
541.50	547.50	WTSP;0.996
561.00	567.00	WTSP;0.998
585.00	594.00	WTSP;0.983
94.50	99.00	YRWA;0.990
