90.00	93.00	AMDI;0.802
85.50	88.50	AMRO;0.958
217.50	220.50	BRSP;0.865
262.50	265.50	CAFI;0.876
187.50	190.50	FOSP;0.887
3.00	7.50	GCSP;0.975
19.50	25.50	GCSP;0.984
34.50	39.00	GCSP;0.996
49.50	54.00	GCSP;0.986
66.00	70.50	GCSP;0.984
79.50	84.00	GCSP;0.991
96.00	100.50	GCSP;0.997
108.00	112.50	GCSP;0.972
126.00	129.00	GCSP;0.800
142.50	145.50	GCSP;0.973
156.00	162.00	GCSP;0.984
171.00	175.50	GCSP;0.992
177.00	180.00	GCSP;0.800
201.00	205.50	GCSP;0.994
213.00	220.50	GCSP;0.987
226.50	231.00	GCSP;0.987
241.50	246.00	GCSP;0.981
259.50	264.00	GCSP;0.987
273.00	277.50	GCSP;0.986
288.00	292.50	GCSP;0.968
9.00	13.50	LISP;0.962
55.50	60.00	LISP;0.896
103.50	109.50	LISP;0.953
120.00	124.50	LISP;0.974
190.50	195.00	LISP;0.800
207.00	211.50	LISP;0.893
223.50	228.00	LISP;0.992
240.00	244.50	LISP;0.992
256.50	261.00	LISP;0.872
271.50	276.00	LISP;0.808
292.50	295.50	LISP;0.800
232.50	237.00	PISI;0.897
0.00	58.50	RCKI;0.994
60.00	129.00	RCKI;0.988
130.50	135.00	RCKI;0.800
136.50	153.00	RCKI;0.987
154.50	159.00	RCKI;0.957
165.00	171.00	RCKI;0.800
174.00	199.50	RCKI;0.995
205.50	208.50	RCKI;0.800
216.00	219.00	RCKI;0.800
231.00	234.00	RCKI;0.800
268.50	280.50	RCKI;0.800
282.00	286.50	RCKI;0.898
297.00	300.00	RCKI;0.800
73.50	76.50	WAVI;0.821
1.50	6.00	WCSP;0.985
42.00	46.50	WCSP;0.800
48.00	67.50	WCSP;0.990
163.50	166.50	WCSP;0.800
178.50	181.50	WCSP;0.915
202.50	207.00	WCSP;0.936
210.00	213.00	WCSP;0.800
219.00	222.00	WCSP;0.988
246.00	252.00	WCSP;0.800
291.00	300.00	WCSP;0.991
127.50	132.00	WIWA;0.991
138.00	142.50	WIWA;0.981
144.00	150.00	WIWA;0.990
151.50	156.00	WIWA;0.985
157.50	162.00	WIWA;0.957
163.50	169.50	WIWA;0.988
171.00	175.50	WIWA;0.877
178.50	184.50	WIWA;0.853
187.50	193.50	WIWA;0.979
195.00	201.00	WIWA;0.975
204.00	208.50	WIWA;0.973
211.50	216.00	WIWA;0.989
219.00	223.50	WIWA;0.992
226.50	232.50	WIWA;0.975
235.50	240.00	WIWA;0.989
241.50	246.00	WIWA;0.985
250.50	255.00	WIWA;0.860
258.00	262.50	WIWA;0.885
265.50	270.00	WIWA;0.988
274.50	279.00	WIWA;0.989
283.50	288.00	WIWA;0.800
