31.50	34.50	AMRO;0.800
52.50	55.50	AMRO;0.800
64.50	67.50	AMRO;0.800
177.00	180.00	AMRO;0.800
190.50	195.00	AMRO;0.800
223.50	226.50	AMRO;0.800
232.50	235.50	AMRO;0.800
253.50	256.50	AMRO;0.800
270.00	274.50	AMRO;0.957
277.50	280.50	AMRO;0.800
304.50	307.50	AMRO;0.800
321.00	324.00	AMRO;0.800
328.50	333.00	AMRO;0.905
357.00	361.50	AMRO;0.800
387.00	391.50	AMRO;0.800
397.50	400.50	AMRO;0.800
406.50	409.50	AMRO;0.800
427.50	430.50	AMRO;0.800
445.50	448.50	AMRO;0.800
465.00	468.00	AMRO;0.800
474.00	478.50	AMRO;0.800
498.00	502.50	AMRO;0.800
514.50	517.50	AMRO;0.916
520.50	525.00	AMRO;0.800
531.00	534.00	AMRO;0.800
538.50	543.00	AMRO;0.800
579.00	583.50	AMRO;0.800
456.00	459.00	BAOR;0.819
114.00	118.50	BRSP;0.920
516.00	519.00	EABL;0.943
49.50	52.50	FISP;0.924
250.50	253.50	FISP;0.941
4.50	9.00	FOSP;0.981
19.50	24.00	FOSP;0.979
34.50	40.50	FOSP;0.973
54.00	58.50	FOSP;0.985
70.50	75.00	FOSP;0.949
87.00	93.00	FOSP;0.988
102.00	109.50	FOSP;0.937
123.00	127.50	FOSP;0.971
141.00	147.00	FOSP;0.966
160.50	166.50	FOSP;0.972
178.50	184.50	FOSP;0.981
198.00	208.50	FOSP;0.972
216.00	223.50	FOSP;0.986
225.00	228.00	FOSP;0.800
247.50	252.00	FOSP;0.954
264.00	268.50	FOSP;0.918
282.00	286.50	FOSP;0.922
300.00	304.50	FOSP;0.971
318.00	322.50	FOSP;0.914
339.00	343.50	FOSP;0.978
364.50	369.00	FOSP;0.971
382.50	387.00	FOSP;0.946
418.50	424.50	FOSP;0.966
442.50	447.00	FOSP;0.974
460.50	469.50	FOSP;0.973
475.50	480.00	FOSP;0.800
481.50	490.50	FOSP;0.954
499.50	504.00	FOSP;0.813
511.50	516.00	FOSP;0.800
523.50	526.50	FOSP;0.800
555.00	558.00	GCSP;0.962
370.50	373.50	HASP;0.824
33.00	36.00	HETH;0.927
322.50	325.50	HETH;0.917
390.00	393.00	HETH;0.801
423.00	427.50	HETH;0.899
10.50	15.00	LISP;0.841
24.00	28.50	LISP;0.975
52.50	55.50	LISP;0.800
60.00	63.00	LISP;0.800
79.50	82.50	LISP;0.800
93.00	97.50	LISP;0.816
132.00	136.50	LISP;0.982
145.50	150.00	LISP;0.911
159.00	162.00	LISP;0.800
184.50	189.00	LISP;0.977
196.50	199.50	LISP;0.800
252.00	256.50	LISP;0.800
268.50	273.00	LISP;0.961
282.00	286.50	LISP;0.800
295.50	300.00	LISP;0.972
310.50	316.50	LISP;0.977
325.50	330.00	LISP;0.969
337.50	340.50	LISP;0.800
348.00	351.00	LISP;0.800
361.50	364.50	LISP;0.973
373.50	378.00	LISP;0.965
385.50	390.00	LISP;0.980
399.00	405.00	LISP;0.990
409.50	415.50	LISP;0.960
426.00	430.50	LISP;0.824
490.50	495.00	LISP;0.800
504.00	508.50	LISP;0.975
532.50	537.00	LISP;0.800
561.00	565.50	LISP;0.967
571.50	577.50	LISP;0.991
580.50	585.00	LISP;0.984
595.50	600.00	LISP;0.984
7.50	10.50	MAWA;0.951
456.00	459.00	MOCH;0.875
187.50	190.50	PISI;0.868
399.00	403.50	PUFI;0.965
187.50	190.50	RWBL;0.834
202.50	205.50	SNBU;0.838
328.50	331.50	SWHA;0.883
177.00	180.00	WEFL;0.853
0.00	4.50	WTSP;0.985
28.50	33.00	WTSP;0.990
46.50	51.00	WTSP;0.989
57.00	60.00	WTSP;0.800
112.50	118.50	WTSP;0.988
126.00	130.50	WTSP;0.859
138.00	142.50	WTSP;0.969
150.00	156.00	WTSP;0.989
166.50	172.50	WTSP;0.990
183.00	186.00	WTSP;0.800
201.00	205.50	WTSP;0.800
211.50	216.00	WTSP;0.940
222.00	226.50	WTSP;0.993
229.50	232.50	WTSP;0.800
259.50	264.00	WTSP;0.800
285.00	292.50	WTSP;0.957
294.00	297.00	WTSP;0.800
304.50	310.50	WTSP;0.988
315.00	319.50	WTSP;0.800
330.00	334.50	WTSP;0.899
345.00	348.00	WTSP;0.800
351.00	361.50	WTSP;0.800
372.00	379.50	WTSP;0.968
388.50	394.50	WTSP;0.800
405.00	409.50	WTSP;0.979
421.50	426.00	WTSP;0.800
429.00	432.00	WTSP;0.800
436.50	441.00	WTSP;0.800
442.50	448.50	WTSP;0.906
454.50	457.50	WTSP;0.800
468.00	472.50	WTSP;0.988
474.00	477.00	WTSP;0.855
490.50	498.00	WTSP;0.800
501.00	504.00	WTSP;0.800
505.50	513.00	WTSP;0.993
528.00	532.50	WTSP;0.847
541.50	544.50	WTSP;0.800
546.00	549.00	WTSP;0.800
565.50	570.00	WTSP;0.800
589.50	594.00	WTSP;0.874
471.00	475.50	WIWA;0.990
502.50	507.00	WIWA;0.800
525.00	529.50	WIWA;0.992
534.00	538.50	WIWA;0.993
543.00	547.50	WIWA;0.994
552.00	556.50	WIWA;0.991
562.50	567.00	WIWA;0.991
570.00	574.50	WIWA;0.991
582.00	588.00	WIWA;0.988
592.50	597.00	WIWA;0.992
