384.00	387.00	FISP;0.921
126.00	129.00	LISP;0.800
156.00	159.00	LISP;0.800
168.00	172.50	LISP;0.886
249.00	253.50	LISP;0.973
285.00	289.50	LISP;0.800
408.00	412.50	LISP;0.800
424.50	429.00	LISP;0.800
525.00	529.50	LISP;0.925
532.50	535.50	LISP;0.800
541.50	546.00	LISP;0.847
558.00	562.50	LISP;0.974
574.50	579.00	LISP;0.800
594.00	597.00	LISP;0.800
387.00	390.00	MOCH;0.944
489.00	492.00	MOCH;0.819
538.50	543.00	MOCH;0.908
556.50	559.50	MOCH;0.816
577.50	580.50	SNBU;0.853
585.00	591.00	SNBU;0.969
132.00	136.50	WCSP;0.972
139.50	144.00	WCSP;0.970
148.50	153.00	WCSP;0.973
159.00	162.00	WCSP;0.885
211.50	216.00	WCSP;0.950
222.00	225.00	WCSP;0.800
232.50	237.00	WCSP;0.954
244.50	249.00	WCSP;0.800
270.00	273.00	WCSP;0.845
282.00	286.50	WCSP;0.974
292.50	297.00	WCSP;0.955
310.50	313.50	WCSP;0.800
388.50	391.50	WCSP;0.930
399.00	403.50	WCSP;0.984
412.50	417.00	WCSP;0.865
435.00	438.00	WCSP;0.800
445.50	448.50	WCSP;0.800
460.50	465.00	WCSP;0.873
522.00	526.50	WCSP;0.944
555.00	559.50	WCSP;0.800
591.00	595.50	WCSP;0.933
