64.50	67.50	AMDI;0.806
118.50	123.00	ATSP;0.908
3.00	6.00	BRSP;0.907
244.50	247.50	BRSP;0.802
4.50	9.00	CHSP;0.988
13.50	19.50	CHSP;0.987
24.00	30.00	CHSP;0.986
36.00	42.00	CHSP;0.981
46.50	52.50	CHSP;0.984
57.00	64.50	CHSP;0.989
69.00	75.00	CHSP;0.988
79.50	85.50	CHSP;0.987
90.00	97.50	CHSP;0.978
102.00	108.00	CHSP;0.983
112.50	117.00	CHSP;0.872
123.00	127.50	CHSP;0.985
133.50	139.50	CHSP;0.985
144.00	150.00	CHSP;0.989
156.00	160.50	CHSP;0.800
165.00	171.00	CHSP;0.889
174.00	181.50	CHSP;0.898
186.00	193.50	CHSP;0.989
198.00	204.00	CHSP;0.995
210.00	216.00	CHSP;0.987
219.00	225.00	CHSP;0.982
232.50	237.00	CHSP;0.908
241.50	247.50	CHSP;0.849
250.50	256.50	CHSP;0.979
262.50	267.00	CHSP;0.970
273.00	279.00	CHSP;0.993
283.50	291.00	CHSP;0.904
295.50	300.00	CHSP;0.800
306.00	310.50	CHSP;0.810
315.00	321.00	CHSP;0.982
325.50	331.50	CHSP;0.991
334.50	340.50	CHSP;0.991
345.00	349.50	CHSP;0.811
489.00	493.50	CHSP;0.800
498.00	502.50	CHSP;0.921
507.00	513.00	CHSP;0.979
517.50	522.00	CHSP;0.936
526.50	531.00	CHSP;0.800
535.50	541.50	CHSP;0.990
549.00	552.00	CHSP;0.800
70.50	73.50	EATO;0.803
358.50	361.50	EATO;0.829
375.00	378.00	EATO;0.849
499.50	502.50	EATO;0.909
0.00	3.00	FOSP;0.800
6.00	12.00	FOSP;0.813
22.50	27.00	FOSP;0.881
55.50	60.00	FOSP;0.918
66.00	70.50	FOSP;0.800
72.00	75.00	FOSP;0.800
144.00	147.00	FOSP;0.800
201.00	205.50	FOSP;0.800
208.50	213.00	FOSP;0.978
216.00	220.50	FOSP;0.914
231.00	234.00	FOSP;0.800
240.00	244.50	FOSP;0.846
253.50	256.50	FOSP;0.800
264.00	271.50	FOSP;0.842
277.50	280.50	FOSP;0.800
289.50	297.00	FOSP;0.886
304.50	309.00	FOSP;0.964
313.50	318.00	FOSP;0.934
325.50	328.50	FOSP;0.800
349.50	354.00	FOSP;0.918
367.50	376.50	FOSP;0.951
378.00	382.50	FOSP;0.804
390.00	394.50	FOSP;0.802
403.50	406.50	FOSP;0.800
414.00	418.50	FOSP;0.858
438.00	442.50	FOSP;0.800
454.50	459.00	FOSP;0.800
475.50	480.00	FOSP;0.917
511.50	516.00	FOSP;0.800
547.50	550.50	FOSP;0.800
556.50	561.00	FOSP;0.962
573.00	577.50	FOSP;0.822
586.50	591.00	FOSP;0.816
595.50	600.00	FOSP;0.892
229.50	232.50	HOLA;0.835
468.00	471.00	HOLA;0.824
96.00	99.00	LISP;0.917
172.50	175.50	MOCH;0.956
348.00	351.00	MOCH;0.858
66.00	69.00	SNBU;0.849
142.50	145.50	SNBU;0.902
436.50	439.50	SNBU;0.844
43.50	48.00	VATH;0.985
63.00	66.00	VATH;0.800
81.00	85.50	VATH;0.886
114.00	120.00	VATH;0.973
160.50	163.50	VATH;0.800
190.50	196.50	VATH;0.974
226.50	231.00	VATH;0.943
259.50	264.00	VATH;0.919
282.00	286.50	VATH;0.868
333.00	337.50	VATH;0.800
424.50	429.00	VATH;0.800
457.50	460.50	VATH;0.800
469.50	474.00	VATH;0.982
162.00	166.50	WTSP;0.823
181.50	186.00	WTSP;0.970
229.50	232.50	WTSP;0.800
238.50	241.50	WTSP;0.964
246.00	250.50	WTSP;0.800
255.00	267.00	WTSP;0.975
274.50	279.00	WTSP;0.925
285.00	292.50	WTSP;0.997
303.00	307.50	WTSP;0.980
310.50	315.00	WTSP;0.914
321.00	324.00	WTSP;0.800
328.50	333.00	WTSP;0.987
345.00	349.50	WTSP;0.925
352.50	357.00	WTSP;0.904
363.00	367.50	WTSP;0.945
384.00	388.50	WTSP;0.913
400.50	405.00	WTSP;0.901
406.50	414.00	WTSP;0.989
471.00	475.50	WTSP;0.983
489.00	492.00	WTSP;0.800
495.00	499.50	WTSP;0.987
502.50	507.00	WTSP;0.816
516.00	522.00	WTSP;0.991
523.50	528.00	WTSP;0.869
532.50	537.00	WTSP;0.800
550.50	556.50	WTSP;0.921
561.00	565.50	WTSP;0.932
567.00	571.50	WTSP;0.983
574.50	579.00	WTSP;0.974
583.50	588.00	WTSP;0.951
592.50	595.50	WTSP;0.800
1.50	6.00	WIWA;0.988
15.00	19.50	WIWA;0.921
27.00	31.50	WIWA;0.978
40.50	45.00	WIWA;0.989
51.00	57.00	WIWA;0.986
61.50	66.00	WIWA;0.981
73.50	78.00	WIWA;0.988
88.50	93.00	WIWA;0.987
100.50	105.00	WIWA;0.980
114.00	118.50	WIWA;0.947
124.50	129.00	WIWA;0.987
135.00	139.50	WIWA;0.983
147.00	151.50	WIWA;0.989
156.00	160.50	WIWA;0.974
168.00	171.00	WIWA;0.800
175.50	180.00	WIWA;0.974
184.50	189.00	WIWA;0.989
195.00	199.50	WIWA;0.992
204.00	208.50	WIWA;0.988
213.00	217.50	WIWA;0.993
222.00	228.00	WIWA;0.990
231.00	235.50	WIWA;0.800
261.00	265.50	WIWA;0.800
270.00	274.50	WIWA;0.990
279.00	283.50	WIWA;0.993
286.50	291.00	WIWA;0.968
294.00	298.50	WIWA;0.960
303.00	307.50	WIWA;0.994
312.00	316.50	WIWA;0.992
321.00	325.50	WIWA;0.871
330.00	334.50	WIWA;0.968
337.50	342.00	WIWA;0.800
346.50	351.00	WIWA;0.987
354.00	360.00	WIWA;0.990
363.00	367.50	WIWA;0.992
372.00	376.50	WIWA;0.956
381.00	387.00	WIWA;0.991
393.00	397.50	WIWA;0.991
402.00	408.00	WIWA;0.909
411.00	415.50	WIWA;0.991
420.00	424.50	WIWA;0.994
426.00	432.00	WIWA;0.978
436.50	441.00	WIWA;0.989
445.50	450.00	WIWA;0.991
454.50	459.00	WIWA;0.983
463.50	469.50	WIWA;0.987
472.50	478.50	WIWA;0.992
483.00	487.50	WIWA;0.989
492.00	496.50	WIWA;0.989
504.00	508.50	WIWA;0.989
511.50	517.50	WIWA;0.992
522.00	526.50	WIWA;0.990
531.00	535.50	WIWA;0.992
540.00	546.00	WIWA;0.992
549.00	555.00	WIWA;0.990
558.00	562.50	WIWA;0.993
568.50	573.00	WIWA;0.994
577.50	583.50	WIWA;0.989
588.00	592.50	WIWA;0.992
