262.50	270.00	ATSP;0.969
132.00	135.00	FISP;0.818
9.00	12.00	FOSP;0.800
21.00	24.00	FOSP;0.800
30.00	36.00	FOSP;0.970
45.00	49.50	FOSP;0.935
60.00	64.50	FOSP;0.932
82.50	85.50	FOSP;0.800
108.00	111.00	FOSP;0.800
112.50	117.00	FOSP;0.800
133.50	138.00	FOSP;0.916
163.50	166.50	FOSP;0.800
177.00	181.50	FOSP;0.800
201.00	207.00	FOSP;0.922
216.00	220.50	FOSP;0.881
241.50	244.50	FOSP;0.800
18.00	21.00	GCSP;0.821
295.50	300.00	GCSP;0.956
201.00	204.00	MOCH;0.816
250.50	253.50	MOCH;0.864
280.50	283.50	MOCH;0.862
88.50	93.00	SAPH;0.935
147.00	151.50	SNBU;0.879
9.00	15.00	VATH;0.992
28.50	33.00	VATH;0.903
48.00	52.50	VATH;0.947
73.50	78.00	VATH;0.933
84.00	88.50	VATH;0.936
126.00	130.50	VATH;0.870
144.00	153.00	VATH;0.800
193.50	198.00	VATH;0.800
213.00	217.50	VATH;0.800
229.50	232.50	VATH;0.963
282.00	285.00	VATH;0.818
232.50	237.00	WEFL;0.908
246.00	249.00	WEFL;0.854
205.50	208.50	WCSP;0.848
1.50	6.00	WTSP;0.992
18.00	22.50	WTSP;0.800
33.00	39.00	WTSP;0.975
51.00	60.00	WTSP;0.994
67.50	72.00	WTSP;0.983
73.50	84.00	WTSP;0.984
91.50	97.50	WTSP;0.994
103.50	109.50	WTSP;0.993
115.50	120.00	WTSP;0.800
121.50	127.50	WTSP;0.992
129.00	133.50	WTSP;0.971
136.50	142.50	WTSP;0.994
144.00	147.00	WTSP;0.957
153.00	162.00	WTSP;0.980
168.00	180.00	WTSP;0.992
183.00	189.00	WTSP;0.990
198.00	202.50	WTSP;0.934
207.00	219.00	WTSP;0.994
225.00	235.50	WTSP;0.990
243.00	252.00	WTSP;0.980
261.00	265.50	WTSP;0.974
270.00	282.00	WTSP;0.990
289.50	295.50	WTSP;0.993
6.00	9.00	YRWA;0.800
100.50	105.00	YRWA;0.821
109.50	114.00	YRWA;0.987
120.00	124.50	YRWA;0.991
130.50	135.00	YRWA;0.805
141.00	145.50	YRWA;0.988
162.00	166.50	YRWA;0.800
174.00	178.50	YRWA;0.968
184.50	189.00	YRWA;0.980
196.50	201.00	YRWA;0.983
210.00	214.50	YRWA;0.990
219.00	225.00	YRWA;0.992
231.00	235.50	YRWA;0.897
243.00	247.50	YRWA;0.972
255.00	259.50	YRWA;0.988
267.00	270.00	YRWA;0.800
279.00	282.00	YRWA;0.960
289.50	294.00	YRWA;0.987
