22.50	30.00	AMRO;0.800
46.50	51.00	AMRO;0.949
66.00	69.00	AMRO;0.800
85.50	90.00	AMRO;0.892
100.50	108.00	AMRO;0.800
126.00	132.00	AMRO;0.948
150.00	156.00	AMRO;0.945
171.00	177.00	AMRO;0.975
201.00	207.00	AMRO;0.941
213.00	217.50	AMRO;0.800
223.50	229.50	AMRO;0.972
234.00	243.00	AMRO;0.954
246.00	252.00	AMRO;0.905
273.00	276.00	AMRO;0.800
279.00	285.00	AMRO;0.922
289.50	297.00	AMRO;0.938
300.00	306.00	AMRO;0.976
312.00	318.00	AMRO;0.800
339.00	343.50	AMRO;0.803
351.00	358.50	AMRO;0.853
366.00	375.00	AMRO;0.965
378.00	388.50	AMRO;0.949
390.00	394.50	AMRO;0.938
400.50	406.50	AMRO;0.898
414.00	420.00	AMRO;0.989
424.50	432.00	AMRO;0.879
466.50	469.50	AMRO;0.800
490.50	498.00	AMRO;0.968
504.00	507.00	AMRO;0.874
513.00	517.50	AMRO;0.949
522.00	526.50	AMRO;0.868
31.50	34.50	DEJU;0.927
442.50	447.00	DEJU;0.918
6.00	10.50	GWTE;0.897
48.00	51.00	GWTE;0.825
103.50	106.50	GWTE;0.802
151.50	156.00	GWTE;0.877
292.50	295.50	GWTE;0.806
300.00	303.00	GWTE;0.822
340.50	343.50	GWTE;0.815
520.50	525.00	GWTE;0.942
570.00	574.50	HETH;0.930
1.50	6.00	LISP;0.985
21.00	25.50	LISP;0.966
37.50	40.50	LISP;0.928
49.50	54.00	LISP;0.880
69.00	72.00	LISP;0.800
91.50	94.50	LISP;0.849
121.50	126.00	LISP;0.800
136.50	141.00	LISP;0.947
174.00	178.50	LISP;0.800
208.50	213.00	LISP;0.819
228.00	232.50	LISP;0.868
244.50	247.50	LISP;0.800
258.00	262.50	LISP;0.924
270.00	274.50	LISP;0.950
283.50	288.00	LISP;0.800
310.50	313.50	LISP;0.800
322.50	327.00	LISP;0.800
363.00	367.50	LISP;0.800
379.50	382.50	LISP;0.800
393.00	397.50	LISP;0.837
408.00	411.00	LISP;0.800
424.50	429.00	LISP;0.924
453.00	457.50	LISP;0.910
466.50	471.00	LISP;0.800
492.00	496.50	LISP;0.825
504.00	508.50	LISP;0.857
592.50	595.50	LISP;0.800
583.50	588.00	MOCH;0.891
238.50	241.50	OCWA;0.939
252.00	255.00	OCWA;0.861
97.50	102.00	PISI;0.851
373.50	378.00	PISI;0.965
381.00	385.50	PISI;0.941
399.00	417.00	PISI;0.997
469.50	474.00	PISI;0.800
480.00	484.50	PISI;0.800
270.00	273.00	ROWR;0.832
472.50	477.00	SOSA;0.948
420.00	423.00	SWSP;0.864
396.00	399.00	WCSP;0.972
433.50	436.50	WCSP;0.862
445.50	448.50	WCSP;0.889
