202.50	205.50	AMGP;0.807
232.50	237.00	FOSP;0.958
22.50	25.50	HASP;0.841
39.00	43.50	HASP;0.848
3.00	7.50	LISP;0.907
19.50	24.00	LISP;0.994
36.00	40.50	LISP;0.800
52.50	55.50	LISP;0.800
102.00	106.50	LISP;0.945
118.50	123.00	LISP;0.982
136.50	141.00	LISP;0.953
274.50	279.00	LISP;0.800
291.00	295.50	LISP;0.864
4.50	7.50	MOCH;0.814
214.50	217.50	MOCH;0.939
253.50	258.00	SPGR;0.846
6.00	12.00	WTSP;0.992
22.50	30.00	WTSP;0.994
174.00	177.00	WTSP;0.800
216.00	222.00	WTSP;0.800
228.00	232.50	WTSP;0.951
