63.00	67.50	AMRO;0.916
235.50	238.50	EAME;0.885
9.00	13.50	FOSP;0.932
22.50	28.50	FOSP;0.977
42.00	46.50	FOSP;0.967
54.00	58.50	FOSP;0.927
69.00	73.50	FOSP;0.986
132.00	135.00	FOSP;0.800
142.50	147.00	FOSP;0.854
150.00	154.50	FOSP;0.800
169.50	175.50	FOSP;0.800
184.50	189.00	FOSP;0.931
199.50	202.50	FOSP;0.801
213.00	217.50	FOSP;0.800
162.00	166.50	GCSP;0.857
36.00	39.00	LESA;0.865
103.50	106.50	PISI;0.839
157.50	162.00	PISI;0.870
117.00	120.00	SNBU;0.912
21.00	24.00	SWSP;0.912
175.50	178.50	SWSP;0.841
0.00	3.00	WCSP;0.945
12.00	15.00	WCSP;0.800
37.50	42.00	WCSP;0.994
48.00	52.50	WCSP;0.966
72.00	75.00	WCSP;0.800
76.50	81.00	WCSP;0.993
84.00	88.50	WCSP;0.991
126.00	132.00	WCSP;0.953
280.50	285.00	WCSP;0.877
0.00	6.00	WTSP;0.994
12.00	18.00	WTSP;0.994
27.00	33.00	WTSP;0.975
39.00	43.50	WTSP;0.836
55.50	61.50	WTSP;0.980
82.50	85.50	WTSP;0.800
97.50	102.00	WTSP;0.991
105.00	109.50	WTSP;0.800
124.50	127.50	WTSP;0.800
145.50	150.00	WTSP;0.976
177.00	183.00	WTSP;0.991
192.00	196.50	WTSP;0.800
