16.50	21.00	FOSP;0.946
31.50	34.50	FOSP;0.819
60.00	63.00	FOSP;0.907
153.00	156.00	FOSP;0.924
169.50	172.50	FOSP;0.866
213.00	216.00	FOSP;0.804
234.00	237.00	FOSP;0.829
240.00	243.00	FOSP;0.832
4.50	7.50	GCSP;0.961
100.50	103.50	GCSP;0.833
232.50	237.00	GCSP;0.875
273.00	276.00	GCSP;0.805
88.50	93.00	LISP;0.866
94.50	99.00	LISP;0.919
120.00	124.50	LISP;0.860
255.00	258.00	MOCH;0.883
46.50	61.50	PISI;0.996
63.00	81.00	PISI;0.997
84.00	87.00	PISI;0.800
103.50	117.00	PISI;0.999
123.00	132.00	PISI;0.800
180.00	183.00	RUTU;0.865
207.00	211.50	SAPH;0.883
220.50	223.50	SNBU;0.866
0.00	3.00	WCSP;0.846
6.00	10.50	WCSP;0.992
12.00	25.50	WCSP;0.985
27.00	48.00	WCSP;0.985
51.00	57.00	WCSP;0.800
61.50	64.50	WCSP;0.800
67.50	72.00	WCSP;0.800
76.50	103.50	WCSP;0.958
105.00	118.50	WCSP;0.993
120.00	126.00	WCSP;0.839
127.50	132.00	WCSP;0.939
135.00	142.50	WCSP;0.972
148.50	157.50	WCSP;0.958
159.00	163.50	WCSP;0.963
172.50	177.00	WCSP;0.800
192.00	196.50	WCSP;0.994
199.50	208.50	WCSP;0.991
211.50	214.50	WCSP;0.919
216.00	220.50	WCSP;0.939
225.00	232.50	WCSP;0.988
238.50	243.00	WCSP;0.925
246.00	252.00	WCSP;0.991
259.50	264.00	WCSP;0.976
273.00	277.50	WCSP;0.800
282.00	289.50	WCSP;0.990
294.00	300.00	WCSP;0.985
0.00	6.00	WTSP;0.990
10.50	15.00	WTSP;0.947
21.00	30.00	WTSP;0.986
31.50	37.50	WTSP;0.991
42.00	46.50	WTSP;0.957
61.50	64.50	WTSP;0.800
84.00	87.00	WTSP;0.800
90.00	99.00	WTSP;0.888
106.50	109.50	WTSP;0.800
111.00	115.50	WTSP;0.800
121.50	129.00	WTSP;0.953
154.50	159.00	WTSP;0.941
162.00	166.50	WTSP;0.963
184.50	190.50	WTSP;0.991
199.50	202.50	WTSP;0.800
205.50	210.00	WTSP;0.885
223.50	229.50	WTSP;0.800
231.00	234.00	WTSP;0.800
241.50	247.50	WTSP;0.846
253.50	261.00	WTSP;0.800
264.00	270.00	WTSP;0.993
273.00	276.00	WTSP;0.800
279.00	285.00	WTSP;0.991
288.00	295.50	WTSP;0.986
