15.00	18.00	AMGP;0.906
160.50	163.50	AMGP;0.972
24.00	27.00	AMRO;0.800
57.00	61.50	AMRO;0.832
63.00	67.50	AMRO;0.800
133.50	138.00	AMRO;0.899
147.00	150.00	AMRO;0.800
154.50	157.50	AMRO;0.800
162.00	169.50	AMRO;0.951
175.50	184.50	AMRO;0.957
189.00	193.50	AMRO;0.975
196.50	202.50	AMRO;0.926
223.50	229.50	AMRO;0.917
234.00	238.50	AMRO;0.905
246.00	255.00	AMRO;0.975
261.00	270.00	AMRO;0.958
271.50	279.00	AMRO;0.987
286.50	297.00	AMRO;0.992
261.00	264.00	BLOY;0.929
267.00	271.50	CHSP;0.891
273.00	277.50	CHSP;0.980
211.50	214.50	GRCA;0.805
136.50	139.50	GWTE;0.881
51.00	55.50	HETH;0.926
126.00	129.00	HETH;0.815
1.50	6.00	LISP;0.996
9.00	12.00	LISP;0.988
54.00	57.00	LISP;0.800
60.00	63.00	LISP;0.800
72.00	76.50	LISP;0.869
78.00	82.50	LISP;0.800
91.50	96.00	LISP;0.869
99.00	102.00	LISP;0.800
106.50	109.50	LISP;0.800
111.00	114.00	LISP;0.800
132.00	135.00	LISP;0.800
142.50	147.00	LISP;0.882
150.00	154.50	LISP;0.876
157.50	162.00	LISP;0.985
163.50	168.00	LISP;0.806
171.00	175.50	LISP;0.836
177.00	181.50	LISP;0.962
184.50	189.00	LISP;0.899
192.00	196.50	LISP;0.882
202.50	207.00	LISP;0.837
208.50	213.00	LISP;0.892
223.50	226.50	LISP;0.822
229.50	234.00	LISP;0.953
237.00	241.50	LISP;0.931
244.50	247.50	LISP;0.800
207.00	211.50	PUFI;0.973
243.00	246.00	ROWR;0.933
10.50	16.50	WCSP;0.989
25.50	28.50	WCSP;0.934
30.00	34.50	WCSP;0.982
40.50	46.50	WCSP;0.986
84.00	90.00	WCSP;0.993
103.50	108.00	WCSP;0.990
216.00	223.50	WCSP;0.993
283.50	288.00	WCSP;0.987
297.00	300.00	WCSP;0.976
40.50	43.50	WTSP;0.825
