81.00	84.00	AMGP;0.839
0.00	6.00	AMRO;0.966
10.50	15.00	AMRO;0.963
19.50	31.50	AMRO;0.988
34.50	43.50	AMRO;0.981
48.00	55.50	AMRO;0.997
60.00	66.00	AMRO;0.965
70.50	76.50	AMRO;0.986
82.50	88.50	AMRO;0.925
91.50	96.00	AMRO;0.976
100.50	105.00	AMRO;0.981
106.50	112.50	AMRO;0.979
118.50	127.50	AMRO;0.980
132.00	139.50	AMRO;0.973
148.50	154.50	AMRO;0.986
159.00	165.00	AMRO;0.960
166.50	172.50	AMRO;0.967
175.50	181.50	AMRO;0.988
184.50	192.00	AMRO;0.996
196.50	202.50	AMRO;0.894
205.50	211.50	AMRO;0.994
214.50	220.50	AMRO;0.987
228.00	234.00	AMRO;0.985
235.50	241.50	AMRO;0.989
247.50	255.00	AMRO;0.996
262.50	268.50	AMRO;0.992
271.50	277.50	AMRO;0.991
280.50	286.50	AMRO;0.963
291.00	295.50	AMRO;0.982
58.50	61.50	BAOR;0.824
105.00	108.00	CHSP;0.800
124.50	136.50	CHSP;0.832
138.00	141.00	CHSP;0.800
142.50	151.50	CHSP;0.901
163.50	175.50	CHSP;0.922
181.50	190.50	CHSP;0.800
193.50	204.00	CHSP;0.856
220.50	225.00	CHSP;0.896
234.00	238.50	CHSP;0.864
241.50	246.00	CHSP;0.859
250.50	255.00	CHSP;0.800
258.00	262.50	CHSP;0.800
267.00	271.50	CHSP;0.844
276.00	280.50	CHSP;0.800
283.50	288.00	CHSP;0.800
291.00	297.00	CHSP;0.800
4.50	7.50	GWTE;0.862
9.00	16.50	GWTE;0.917
84.00	87.00	GWTE;0.860
168.00	171.00	GWTE;0.839
198.00	201.00	GWTE;0.868
75.00	78.00	OCWA;0.806
111.00	115.50	OCWA;0.990
142.50	147.00	PISI;0.986
178.50	183.00	PISI;0.974
40.50	43.50	RUGR;0.868
114.00	117.00	RUGR;0.874
115.50	120.00	WCSP;0.964
201.00	216.00	WCSP;0.914
217.50	222.00	WCSP;0.875
225.00	228.00	WCSP;0.835
244.50	249.00	WCSP;0.889
