21.00	24.00	AMRO;0.826
510.00	514.50	ATSP;0.958
193.50	196.50	BLOY;0.817
309.00	313.50	BLOY;0.884
373.50	376.50	BLOY;0.817
453.00	457.50	BLOY;0.963
112.50	117.00	BRCR;0.914
34.50	40.50	CHSP;0.922
87.00	91.50	CHSP;0.800
237.00	241.50	CHSP;0.800
415.50	421.50	CHSP;0.871
484.50	489.00	CHSP;0.913
558.00	562.50	CHSP;0.910
579.00	583.50	CHSP;0.829
592.50	595.50	CHSP;0.800
40.50	43.50	FOSP;0.930
61.50	64.50	FOSP;0.940
165.00	169.50	FOSP;0.920
1.50	6.00	LISP;0.981
64.50	69.00	LISP;0.983
105.00	109.50	LISP;0.862
153.00	157.50	LISP;0.800
178.50	181.50	LISP;0.800
204.00	208.50	LISP;0.975
244.50	250.50	LISP;0.961
264.00	268.50	LISP;0.800
283.50	288.00	LISP;0.926
301.50	306.00	LISP;0.800
324.00	328.50	LISP;0.800
345.00	349.50	LISP;0.800
364.50	370.50	LISP;0.979
384.00	388.50	LISP;0.879
402.00	408.00	LISP;0.924
423.00	426.00	LISP;0.800
439.50	445.50	LISP;0.891
457.50	462.00	LISP;0.948
490.50	495.00	LISP;0.931
507.00	511.50	LISP;0.941
525.00	529.50	LISP;0.888
544.50	549.00	LISP;0.977
559.50	564.00	LISP;0.940
577.50	582.00	LISP;0.968
594.00	598.50	LISP;0.970
54.00	57.00	MOCH;0.935
484.50	487.50	MOCH;0.879
67.50	70.50	SNBU;0.849
118.50	123.00	SNBU;0.939
528.00	531.00	SPGR;0.814
540.00	544.50	WEFL;0.973
117.00	121.50	WCSP;0.967
21.00	25.50	WTSP;0.938
30.00	37.50	WTSP;0.998
45.00	51.00	WTSP;0.995
52.50	61.50	WTSP;0.997
69.00	75.00	WTSP;0.998
84.00	90.00	WTSP;0.931
93.00	103.50	WTSP;0.992
105.00	112.50	WTSP;0.956
114.00	120.00	WTSP;0.800
424.50	427.50	WTSP;0.800
435.00	441.00	WTSP;0.995
448.50	460.50	WTSP;0.997
469.50	478.50	WTSP;0.998
481.50	487.50	WTSP;0.996
522.00	526.50	WTSP;0.868
529.50	535.50	WTSP;0.994
595.50	600.00	WTSP;0.988
109.50	112.50	WIWA;0.800
180.00	184.50	WIWA;0.922
202.50	205.50	WIWA;0.946
255.00	258.00	WIWA;0.800
274.50	279.00	WIWA;0.981
283.50	288.00	WIWA;0.943
292.50	297.00	WIWA;0.982
313.50	318.00	WIWA;0.988
322.50	327.00	WIWA;0.978
333.00	336.00	WIWA;0.800
340.50	346.50	WIWA;0.971
351.00	354.00	WIWA;0.903
360.00	364.50	WIWA;0.984
369.00	373.50	WIWA;0.901
378.00	382.50	WIWA;0.985
387.00	391.50	WIWA;0.961
396.00	400.50	WIWA;0.989
405.00	411.00	WIWA;0.987
111.00	115.50	YRWA;0.815
130.50	135.00	YRWA;0.961
159.00	163.50	YRWA;0.979
193.50	198.00	YRWA;0.980
210.00	214.50	YRWA;0.961
247.50	252.00	YRWA;0.944
265.50	270.00	YRWA;0.873
