73.50	76.50	AMBI;0.817
3.00	10.50	AMRO;0.880
18.00	22.50	AMRO;0.991
30.00	54.00	AMRO;0.986
55.50	67.50	AMRO;0.982
69.00	79.50	AMRO;0.938
82.50	96.00	AMRO;0.919
99.00	112.50	AMRO;0.974
114.00	118.50	AMRO;0.956
120.00	126.00	AMRO;0.960
127.50	130.50	AMRO;0.825
132.00	136.50	AMRO;0.902
141.00	153.00	AMRO;0.966
156.00	171.00	AMRO;0.985
177.00	180.00	AMRO;0.800
187.50	190.50	AMRO;0.800
195.00	201.00	AMRO;0.985
216.00	234.00	AMRO;0.957
244.50	249.00	AMRO;0.872
261.00	265.50	AMRO;0.800
267.00	286.50	AMRO;0.965
288.00	297.00	AMRO;0.885
61.50	64.50	BRSP;0.802
73.50	76.50	BRSP;0.812
153.00	157.50	FOSP;0.958
123.00	126.00	HETH;0.907
0.00	4.50	LISP;0.800
12.00	16.50	LISP;0.942
22.50	28.50	LISP;0.979
34.50	39.00	LISP;0.973
57.00	61.50	LISP;0.996
69.00	73.50	LISP;0.800
79.50	84.00	LISP;0.965
91.50	97.50	LISP;0.939
103.50	108.00	LISP;0.838
114.00	118.50	LISP;0.980
126.00	130.50	LISP;0.804
138.00	142.50	LISP;0.998
150.00	154.50	LISP;0.925
163.50	168.00	LISP;0.962
174.00	178.50	LISP;0.869
186.00	190.50	LISP;0.800
210.00	214.50	LISP;0.880
247.50	250.50	LISP;0.843
264.00	267.00	LISP;0.800
180.00	183.00	MOCH;0.894
231.00	237.00	PISI;0.996
234.00	237.00	ROWR;0.886
246.00	249.00	ROWR;0.851
45.00	49.50	WCSP;0.987
117.00	121.50	WCSP;0.987
123.00	127.50	WCSP;0.800
133.50	138.00	WCSP;0.963
141.00	145.50	WCSP;0.844
151.50	156.00	WCSP;0.953
160.50	165.00	WCSP;0.968
171.00	175.50	WCSP;0.987
181.50	186.00	WCSP;0.979
190.50	196.50	WCSP;0.993
204.00	208.50	WCSP;0.988
211.50	220.50	WCSP;0.993
226.50	232.50	WCSP;0.985
238.50	243.00	WCSP;0.966
250.50	255.00	WCSP;0.991
262.50	267.00	WCSP;0.987
273.00	277.50	WCSP;0.985
285.00	289.50	WCSP;0.976
295.50	300.00	WCSP;0.986
136.50	139.50	WTSP;0.824
