19.50	22.50	AMDI;0.874
24.00	33.00	AMRO;0.926
34.50	39.00	AMRO;0.975
40.50	79.50	AMRO;0.995
81.00	85.50	AMRO;0.973
91.50	109.50	AMRO;0.988
118.50	126.00	AMRO;0.909
132.00	135.00	AMRO;0.800
138.00	148.50	AMRO;0.800
151.50	157.50	AMRO;0.800
160.50	175.50	AMRO;0.844
177.00	199.50	AMRO;0.940
202.50	205.50	AMRO;0.800
207.00	211.50	AMRO;0.921
214.50	223.50	AMRO;0.937
225.00	234.00	AMRO;0.800
235.50	246.00	AMRO;0.924
252.00	258.00	AMRO;0.950
261.00	270.00	AMRO;0.967
273.00	288.00	AMRO;0.992
289.50	300.00	AMRO;0.974
37.50	45.00	BRSP;0.990
103.50	108.00	BRSP;0.829
117.00	121.50	BRSP;0.916
70.50	75.00	CCSP;0.832
81.00	85.50	CCSP;0.800
91.50	94.50	CCSP;0.820
99.00	103.50	CCSP;0.986
109.50	114.00	CCSP;0.800
130.50	136.50	CCSP;0.995
141.00	144.00	CCSP;0.800
148.50	154.50	CCSP;0.979
156.00	160.50	CCSP;0.954
178.50	184.50	CCSP;0.987
189.00	193.50	CCSP;0.990
247.50	250.50	EABL;0.835
214.50	217.50	HASP;0.816
3.00	7.50	LISP;0.906
9.00	13.50	LISP;0.978
15.00	18.00	LISP;0.800
22.50	25.50	LISP;0.800
42.00	45.00	LISP;0.800
49.50	52.50	LISP;0.800
54.00	57.00	LISP;0.800
58.50	63.00	LISP;0.967
75.00	79.50	LISP;0.800
90.00	93.00	LISP;0.800
102.00	106.50	LISP;0.857
114.00	118.50	LISP;0.800
136.50	141.00	LISP;0.965
148.50	151.50	LISP;0.800
160.50	165.00	LISP;0.893
181.50	186.00	LISP;0.986
204.00	207.00	LISP;0.800
222.00	225.00	LISP;0.800
268.50	273.00	LISP;0.889
297.00	300.00	LISP;0.800
148.50	151.50	MOCH;0.890
252.00	255.00	OSFL;0.813
141.00	144.00	RUGR;0.925
156.00	159.00	RUGR;0.955
112.50	115.50	VATH;0.870
3.00	6.00	WCSP;0.800
7.50	15.00	WCSP;0.964
18.00	25.50	WCSP;0.985
27.00	31.50	WCSP;0.991
36.00	40.50	WCSP;0.981
46.50	51.00	WCSP;0.984
55.50	60.00	WCSP;0.868
66.00	69.00	WCSP;0.800
70.50	73.50	WCSP;0.800
76.50	81.00	WCSP;0.800
90.00	93.00	WCSP;0.800
127.50	132.00	WCSP;0.818
163.50	168.00	WCSP;0.956
169.50	172.50	WCSP;0.934
174.00	178.50	WCSP;0.968
184.50	189.00	WCSP;0.977
192.00	196.50	WCSP;0.977
198.00	202.50	WCSP;0.972
207.00	223.50	WCSP;0.988
225.00	231.00	WCSP;0.968
235.50	238.50	WCSP;0.800
241.50	246.00	WCSP;0.977
249.00	255.00	WCSP;0.990
256.50	261.00	WCSP;0.994
264.00	268.50	WCSP;0.991
271.50	276.00	WCSP;0.978
279.00	283.50	WCSP;0.956
0.00	10.50	WTSP;0.993
12.00	21.00	WTSP;0.930
22.50	28.50	WTSP;0.893
31.50	37.50	WTSP;0.967
43.50	48.00	WTSP;0.978
52.50	58.50	WTSP;0.974
63.00	72.00	WTSP;0.938
87.00	94.50	WTSP;0.986
97.50	102.00	WTSP;0.965
108.00	117.00	WTSP;0.826
120.00	129.00	WTSP;0.977
138.00	150.00	WTSP;0.985
153.00	162.00	WTSP;0.992
177.00	181.50	WTSP;0.945
201.00	205.50	WTSP;0.800
217.50	220.50	WTSP;0.800
282.00	286.50	WTSP;0.990
