81.00	84.00	BHCO;0.832
105.00	108.00	FISP;0.823
148.50	151.50	FISP;0.894
214.50	217.50	GCSP;0.857
12.00	15.00	MOCH;0.891
85.50	88.50	MOCH;0.924
157.50	160.50	MOCH;0.943
210.00	213.00	OCWA;0.818
18.00	21.00	VATH;0.892
264.00	267.00	VATH;0.935
9.00	13.50	WTSP;0.947
37.50	43.50	WTSP;0.981
63.00	69.00	WTSP;0.910
82.50	87.00	WTSP;0.985
102.00	106.50	WTSP;0.987
151.50	159.00	WTSP;0.800
168.00	172.50	WTSP;0.952
229.50	234.00	WTSP;0.800
27.00	31.50	WIWA;0.831
70.50	75.00	WIWA;0.984
97.50	102.00	WIWA;0.973
111.00	114.00	WIWA;0.800
136.50	139.50	WIWA;0.907
181.50	186.00	WIWA;0.923
195.00	199.50	WIWA;0.975
208.50	211.50	WIWA;0.800
222.00	226.50	WIWA;0.865
235.50	240.00	WIWA;0.989
246.00	250.50	WIWA;0.885
259.50	264.00	WIWA;0.977
270.00	274.50	WIWA;0.949
283.50	288.00	WIWA;0.858
294.00	298.50	WIWA;0.800
45.00	49.50	YRWA;0.989
57.00	63.00	YRWA;0.991
67.50	72.00	YRWA;0.978
154.50	159.00	YRWA;0.800
210.00	214.50	YRWA;0.842
