0.00	7.50	AMRO;0.952
10.50	25.50	AMRO;0.856
28.50	33.00	AMRO;0.800
36.00	40.50	AMRO;0.800
46.50	57.00	AMRO;0.800
64.50	90.00	AMRO;0.875
93.00	100.50	AMRO;0.926
124.50	139.50	AMRO;0.898
142.50	147.00	AMRO;0.800
159.00	162.00	AMRO;0.859
166.50	171.00	AMRO;0.800
174.00	181.50	AMRO;0.800
190.50	196.50	AMRO;0.866
198.00	205.50	AMRO;0.800
207.00	211.50	AMRO;0.800
214.50	219.00	AMRO;0.800
222.00	225.00	AMRO;0.800
229.50	234.00	AMRO;0.800
238.50	243.00	AMRO;0.954
244.50	252.00	AMRO;0.881
253.50	259.50	AMRO;0.841
289.50	292.50	AMRO;0.800
0.00	3.00	BAOR;0.928
0.00	91.50	CHSP;0.996
93.00	157.50	CHSP;0.995
159.00	165.00	CHSP;0.995
169.50	187.50	CHSP;0.994
192.00	198.00	CHSP;0.994
201.00	208.50	CHSP;0.925
231.00	237.00	CHSP;0.930
244.50	247.50	CHSP;0.800
249.00	252.00	CHSP;0.800
253.50	256.50	CHSP;0.840
258.00	273.00	CHSP;0.992
276.00	282.00	CHSP;0.993
283.50	289.50	CHSP;0.988
292.50	298.50	CHSP;0.988
73.50	78.00	CCSP;0.937
90.00	94.50	CCSP;0.913
99.00	103.50	CCSP;0.800
106.50	109.50	CCSP;0.800
127.50	132.00	CCSP;0.800
135.00	139.50	CCSP;0.981
154.50	159.00	CCSP;0.800
166.50	171.00	CCSP;0.918
189.00	193.50	CCSP;0.933
196.50	201.00	CCSP;0.959
208.50	213.00	CCSP;0.800
225.00	231.00	CCSP;0.961
279.00	283.50	CCSP;0.894
288.00	295.50	CCSP;0.958
256.50	259.50	LISP;0.932
286.50	291.00	LISP;0.971
204.00	207.00	PAWA;0.825
7.50	13.50	PISI;0.985
16.50	28.50	PISI;0.989
30.00	49.50	PISI;0.991
52.50	64.50	PISI;0.966
66.00	69.00	PISI;0.800
90.00	93.00	PISI;0.800
156.00	160.50	PISI;0.800
163.50	168.00	PISI;0.960
177.00	181.50	PISI;0.800
184.50	198.00	PISI;0.998
210.00	240.00	PISI;0.997
241.50	255.00	PISI;0.891
258.00	262.50	PISI;0.875
264.00	270.00	PISI;0.975
273.00	279.00	PISI;0.956
282.00	286.50	PISI;0.951
154.50	157.50	TOSO;0.836
