75.00	78.00	CHSP;0.928
7.50	12.00	FOSP;0.972
19.50	24.00	FOSP;0.970
27.00	30.00	FOSP;0.800
33.00	37.50	FOSP;0.961
45.00	49.50	FOSP;0.956
58.50	63.00	FOSP;0.997
99.00	103.50	FOSP;0.981
112.50	117.00	FOSP;0.978
127.50	133.50	FOSP;0.994
144.00	148.50	FOSP;0.968
156.00	165.00	FOSP;0.976
166.50	171.00	FOSP;0.903
174.00	180.00	FOSP;0.977
186.00	198.00	FOSP;0.960
201.00	214.50	FOSP;0.968
217.50	231.00	FOSP;0.978
235.50	238.50	FOSP;0.800
240.00	247.50	FOSP;0.951
252.00	264.00	FOSP;0.985
268.50	273.00	FOSP;0.803
277.50	282.00	FOSP;0.800
288.00	295.50	FOSP;0.948
297.00	300.00	FOSP;0.970
63.00	66.00	GCSP;0.955
0.00	3.00	PISI;0.806
6.00	9.00	PISI;0.800
13.50	18.00	PISI;0.970
28.50	31.50	PISI;0.800
40.50	43.50	PISI;0.910
54.00	57.00	PISI;0.800
66.00	72.00	PISI;0.967
75.00	78.00	PISI;0.800
82.50	85.50	PISI;0.800
87.00	97.50	PISI;0.994
99.00	111.00	PISI;0.996
114.00	120.00	PISI;0.933
123.00	127.50	PISI;0.913
130.50	147.00	PISI;0.995
150.00	154.50	PISI;0.801
216.00	220.50	PISI;0.800
223.50	237.00	PISI;0.981
271.50	276.00	PISI;0.800
280.50	291.00	PISI;0.964
294.00	298.50	PISI;0.877
180.00	183.00	SWSP;0.912
48.00	51.00	VATH;0.811
1.50	7.50	WCSP;0.982
10.50	15.00	WCSP;0.986
16.50	21.00	WCSP;0.989
24.00	28.50	WCSP;0.985
30.00	34.50	WCSP;0.968
36.00	46.50	WCSP;0.984
49.50	54.00	WCSP;0.987
55.50	61.50	WCSP;0.975
64.50	69.00	WCSP;0.975
70.50	76.50	WCSP;0.985
78.00	82.50	WCSP;0.991
85.50	90.00	WCSP;0.975
94.50	100.50	WCSP;0.995
102.00	108.00	WCSP;0.995
111.00	115.50	WCSP;0.970
118.50	123.00	WCSP;0.990
124.50	130.50	WCSP;0.988
133.50	138.00	WCSP;0.991
141.00	145.50	WCSP;0.992
147.00	151.50	WCSP;0.990
163.50	168.00	WCSP;0.970
169.50	174.00	WCSP;0.996
177.00	181.50	WCSP;0.800
183.00	186.00	WCSP;0.980
192.00	196.50	WCSP;0.879
198.00	204.00	WCSP;0.995
214.50	219.00	WCSP;0.989
223.50	234.00	WCSP;0.800
238.50	241.50	WCSP;0.990
255.00	258.00	WCSP;0.800
261.00	265.50	WCSP;0.966
268.50	273.00	WCSP;0.914
279.00	283.50	WCSP;0.989
285.00	289.50	WCSP;0.984
292.50	297.00	WCSP;0.803
4.50	19.50	WTSP;0.990
22.50	27.00	WTSP;0.866
37.50	42.00	WTSP;0.817
70.50	73.50	WTSP;0.800
75.00	78.00	WTSP;0.800
109.50	112.50	WTSP;0.800
117.00	121.50	WTSP;0.800
132.00	135.00	WTSP;0.800
139.50	142.50	WTSP;0.800
181.50	184.50	WTSP;0.800
229.50	232.50	WTSP;0.800
237.00	240.00	WTSP;0.800
246.00	255.00	WTSP;0.990
258.00	265.50	WTSP;0.800
271.50	277.50	WTSP;0.996
