4.50	9.00	AMRO;0.962
9.00	15.00	FOSP;0.841
25.50	30.00	FOSP;0.802
42.00	46.50	FOSP;0.800
57.00	61.50	FOSP;0.825
73.50	79.50	FOSP;0.928
97.50	102.00	FOSP;0.874
114.00	117.00	FOSP;0.800
129.00	133.50	FOSP;0.958
145.50	150.00	FOSP;0.800
162.00	166.50	FOSP;0.986
183.00	187.50	FOSP;0.884
201.00	205.50	FOSP;0.929
217.50	222.00	FOSP;0.880
232.50	237.00	FOSP;0.950
249.00	252.00	FOSP;0.877
265.50	270.00	FOSP;0.800
283.50	286.50	FOSP;0.800
123.00	126.00	MOCH;0.859
133.50	136.50	MOCH;0.808
147.00	150.00	SNBU;0.816
88.50	93.00	SPSA;0.943
0.00	3.00	WCSP;0.836
19.50	25.50	WCSP;0.800
30.00	37.50	WCSP;0.970
39.00	43.50	WCSP;0.938
49.50	57.00	WCSP;0.941
60.00	64.50	WCSP;0.958
70.50	75.00	WCSP;0.973
81.00	85.50	WCSP;0.851
93.00	96.00	WCSP;0.892
102.00	106.50	WCSP;0.990
114.00	118.50	WCSP;0.994
121.50	129.00	WCSP;0.977
132.00	139.50	WCSP;0.981
148.50	153.00	WCSP;0.975
165.00	168.00	WCSP;0.800
