301.50	304.50	BCCH;0.823
189.00	192.00	CHSP;0.883
582.00	586.50	FOSP;0.991
61.50	64.50	HETH;0.800
75.00	79.50	HETH;0.925
82.50	85.50	HETH;0.800
108.00	112.50	HETH;0.935
154.50	159.00	HETH;0.926
163.50	168.00	HETH;0.972
183.00	189.00	HETH;0.909
201.00	205.50	HETH;0.800
207.00	210.00	HETH;0.800
217.50	220.50	HETH;0.819
237.00	246.00	HETH;0.921
259.50	268.50	HETH;0.923
277.50	280.50	HETH;0.800
288.00	292.50	HETH;0.881
298.50	301.50	HETH;0.800
333.00	336.00	HETH;0.800
370.50	373.50	HETH;0.800
376.50	379.50	HETH;0.800
385.50	388.50	HETH;0.800
397.50	402.00	HETH;0.944
409.50	414.00	HETH;0.886
420.00	423.00	HETH;0.941
441.00	447.00	HETH;0.800
471.00	475.50	HETH;0.800
480.00	484.50	HETH;0.800
492.00	495.00	HETH;0.800
505.50	510.00	HETH;0.951
525.00	529.50	HETH;0.831
543.00	547.50	HETH;0.800
571.50	574.50	HETH;0.800
597.00	600.00	HETH;0.800
102.00	106.50	HOLA;0.852
124.50	129.00	HOLA;0.978
7.50	12.00	LISP;0.990
28.50	33.00	LISP;0.984
85.50	90.00	LISP;0.987
105.00	109.50	LISP;0.997
121.50	126.00	LISP;0.995
144.00	148.50	LISP;0.962
162.00	166.50	LISP;0.987
178.50	183.00	LISP;0.984
193.50	198.00	LISP;0.977
213.00	217.50	LISP;0.995
229.50	235.50	LISP;0.992
247.50	252.00	LISP;0.983
267.00	273.00	LISP;0.986
285.00	291.00	LISP;0.993
313.50	319.50	LISP;0.992
330.00	336.00	LISP;0.990
343.50	349.50	LISP;0.994
358.50	363.00	LISP;0.981
372.00	376.50	LISP;0.990
387.00	393.00	LISP;0.992
402.00	408.00	LISP;0.983
421.50	426.00	LISP;0.989
436.50	441.00	LISP;0.988
451.50	456.00	LISP;0.964
468.00	472.50	LISP;0.982
484.50	489.00	LISP;0.980
499.50	504.00	LISP;0.982
516.00	520.50	LISP;0.929
531.00	535.50	LISP;0.929
546.00	550.50	LISP;0.800
562.50	567.00	LISP;0.996
577.50	582.00	LISP;0.978
3.00	7.50	MOCH;0.800
18.00	21.00	MOCH;0.800
45.00	48.00	MOCH;0.800
60.00	66.00	MOCH;0.840
73.50	87.00	MOCH;0.800
91.50	96.00	MOCH;0.800
127.50	132.00	MOCH;0.800
136.50	141.00	MOCH;0.963
150.00	153.00	MOCH;0.800
154.50	159.00	MOCH;0.800
187.50	190.50	MOCH;0.800
196.50	199.50	MOCH;0.800
205.50	210.00	MOCH;0.800
241.50	246.00	MOCH;0.886
255.00	259.50	MOCH;0.800
264.00	268.50	MOCH;0.800
277.50	282.00	MOCH;0.852
321.00	325.50	MOCH;0.890
337.50	342.00	MOCH;0.938
349.50	354.00	MOCH;0.800
375.00	388.50	MOCH;0.855
418.50	421.50	MOCH;0.800
441.00	445.50	MOCH;0.978
459.00	463.50	MOCH;0.800
513.00	517.50	MOCH;0.894
570.00	573.00	MOCH;0.800
586.50	594.00	PISI;0.972
271.50	274.50	RWBL;0.851
537.00	541.50	RWBL;0.970
118.50	123.00	RUBL;0.831
169.50	175.50	SPSA;0.969
246.00	249.00	WEFL;0.878
1.50	4.50	WCSP;0.833
12.00	15.00	WCSP;0.818
19.50	22.50	WCSP;0.849
46.50	49.50	WCSP;0.919
57.00	61.50	WCSP;0.958
69.00	72.00	WCSP;0.888
