15.00	18.00	AMRO;0.800
19.50	27.00	AMRO;0.831
40.50	45.00	AMRO;0.976
55.50	60.00	AMRO;0.899
61.50	64.50	AMRO;0.800
75.00	87.00	AMRO;0.839
90.00	100.50	AMRO;0.959
121.50	126.00	AMRO;0.833
159.00	162.00	AMRO;0.959
165.00	169.50	AMRO;0.800
172.50	177.00	AMRO;0.933
184.50	189.00	AMRO;0.907
190.50	202.50	AMRO;0.973
204.00	220.50	AMRO;0.994
222.00	235.50	AMRO;0.964
237.00	261.00	AMRO;0.891
268.50	273.00	AMRO;0.926
276.00	280.50	AMRO;0.835
283.50	291.00	AMRO;0.800
294.00	300.00	AMRO;0.907
127.50	130.50	CHSW;0.816
33.00	36.00	CCSP;0.824
61.50	64.50	CCSP;0.872
21.00	24.00	FOSP;0.800
34.50	37.50	FOSP;0.827
52.50	57.00	FOSP;0.800
67.50	70.50	FOSP;0.800
81.00	85.50	FOSP;0.911
91.50	96.00	FOSP;0.953
102.00	105.00	FOSP;0.800
144.00	151.50	FOSP;0.800
168.00	172.50	FOSP;0.936
187.50	192.00	FOSP;0.810
202.50	205.50	FOSP;0.800
216.00	219.00	FOSP;0.851
228.00	232.50	FOSP;0.800
241.50	244.50	FOSP;0.800
252.00	256.50	FOSP;0.859
262.50	268.50	FOSP;0.800
279.00	283.50	FOSP;0.800
291.00	295.50	FOSP;0.800
115.50	118.50	GCSP;0.830
255.00	258.00	RBGR;0.847
261.00	264.00	RUGR;0.858
106.50	109.50	TUTI;0.897
0.00	4.50	WCSP;0.987
6.00	21.00	WCSP;0.988
22.50	27.00	WCSP;0.990
31.50	42.00	WCSP;1.000
43.50	52.50	WCSP;0.993
54.00	84.00	WCSP;0.999
85.50	91.50	WCSP;0.994
96.00	102.00	WCSP;0.996
103.50	108.00	WCSP;0.996
109.50	129.00	WCSP;0.997
133.50	150.00	WCSP;0.991
156.00	159.00	WCSP;0.892
162.00	168.00	WCSP;0.993
169.50	175.50	WCSP;0.986
177.00	181.50	WCSP;0.994
184.50	189.00	WCSP;0.992
190.50	202.50	WCSP;0.993
205.50	223.50	WCSP;0.997
226.50	231.00	WCSP;0.987
232.50	237.00	WCSP;0.984
240.00	244.50	WCSP;0.940
246.00	250.50	WCSP;0.988
253.50	258.00	WCSP;0.992
259.50	264.00	WCSP;0.990
265.50	270.00	WCSP;0.808
271.50	277.50	WCSP;0.983
279.00	283.50	WCSP;0.800
285.00	289.50	WCSP;0.979
291.00	295.50	WCSP;0.957
30.00	33.00	WTSP;0.864
