1.50	6.00	AMRO;0.800
7.50	12.00	AMRO;0.981
13.50	25.50	AMRO;0.994
28.50	33.00	AMRO;0.950
36.00	42.00	AMRO;0.963
43.50	46.50	AMRO;0.800
49.50	60.00	AMRO;0.991
67.50	72.00	AMRO;0.950
99.00	105.00	AMRO;0.990
106.50	109.50	AMRO;0.908
112.50	121.50	AMRO;0.984
124.50	129.00	AMRO;0.933
130.50	138.00	AMRO;0.994
147.00	157.50	AMRO;0.989
160.50	169.50	AMRO;0.998
186.00	193.50	AMRO;0.982
198.00	202.50	AMRO;0.995
210.00	214.50	AMRO;0.988
222.00	232.50	AMRO;0.976
237.00	243.00	AMRO;0.972
249.00	252.00	AMRO;0.800
259.50	262.50	AMRO;0.800
265.50	274.50	AMRO;0.987
282.00	288.00	AMRO;0.973
292.50	298.50	AMRO;0.984
142.50	145.50	CHSP;0.807
154.50	157.50	CHSP;0.883
243.00	246.00	CHSP;0.973
255.00	258.00	CHSP;0.879
280.50	283.50	CHSP;0.800
45.00	48.00	FOSP;0.951
76.50	81.00	FOSP;0.801
93.00	97.50	FOSP;0.953
115.50	118.50	FOSP;0.800
126.00	130.50	FOSP;0.800
138.00	142.50	FOSP;0.800
156.00	159.00	FOSP;0.800
174.00	178.50	FOSP;0.933
217.50	220.50	FOSP;0.816
232.50	235.50	FOSP;0.800
271.50	276.00	FOSP;0.919
279.00	283.50	FOSP;0.884
289.50	294.00	FOSP;0.964
10.50	15.00	LISP;0.866
40.50	45.00	LISP;0.948
72.00	76.50	LISP;0.948
88.50	91.50	LISP;0.966
103.50	108.00	LISP;0.983
118.50	123.00	LISP;0.852
148.50	153.00	LISP;0.954
172.50	175.50	LISP;0.800
201.00	205.50	LISP;0.813
216.00	219.00	LISP;0.864
246.00	250.50	LISP;0.991
261.00	265.50	LISP;0.931
292.50	297.00	LISP;0.800
136.50	141.00	PISI;0.961
220.50	225.00	PISI;0.962
273.00	277.50	PISI;0.818
147.00	150.00	RUGR;0.861
256.50	259.50	RUGR;0.866
0.00	9.00	TEWA;0.991
15.00	27.00	TEWA;0.972
34.50	40.50	TEWA;0.963
45.00	55.50	TEWA;0.984
63.00	73.50	TEWA;0.961
79.50	88.50	TEWA;0.946
90.00	94.50	TEWA;0.981
105.00	126.00	TEWA;0.992
127.50	162.00	TEWA;0.983
163.50	174.00	TEWA;0.968
177.00	183.00	TEWA;0.980
184.50	189.00	TEWA;0.964
192.00	204.00	TEWA;0.988
205.50	211.50	TEWA;0.960
213.00	219.00	TEWA;0.988
225.00	243.00	TEWA;0.961
244.50	249.00	TEWA;0.979
252.00	268.50	TEWA;0.986
270.00	280.50	TEWA;0.983
282.00	286.50	TEWA;0.871
288.00	294.00	TEWA;0.945
295.50	300.00	TEWA;0.980
187.50	190.50	TOSO;0.879
1.50	4.50	WIWA;0.809
159.00	163.50	WIWA;0.988
222.00	225.00	WIWA;0.822
250.50	253.50	WIWA;0.966
285.00	288.00	WIWA;0.864
