390.00	396.00	AMRO;0.941
13.50	18.00	LISP;0.958
28.50	33.00	LISP;0.975
42.00	46.50	LISP;0.978
55.50	60.00	LISP;0.981
96.00	100.50	LISP;0.800
136.50	141.00	LISP;0.800
150.00	154.50	LISP;0.800
235.50	238.50	LISP;0.800
249.00	252.00	LISP;0.800
288.00	292.50	LISP;0.931
303.00	307.50	LISP;0.945
316.50	321.00	LISP;0.933
328.50	333.00	LISP;0.982
342.00	346.50	LISP;0.969
355.50	360.00	LISP;0.970
367.50	372.00	LISP;0.974
381.00	385.50	LISP;0.959
394.50	397.50	LISP;0.966
406.50	411.00	LISP;0.953
420.00	424.50	LISP;0.850
432.00	436.50	LISP;0.800
445.50	448.50	LISP;0.800
457.50	462.00	LISP;0.800
499.50	504.00	LISP;0.800
583.50	588.00	LISP;0.800
597.00	600.00	LISP;0.800
70.50	73.50	SNBU;0.881
27.00	30.00	VATH;0.800
75.00	78.00	VATH;0.800
106.50	109.50	VATH;0.918
127.50	130.50	VATH;0.800
138.00	142.50	VATH;0.976
411.00	415.50	VATH;0.990
429.00	433.50	VATH;0.800
507.00	513.00	VATH;0.954
520.50	523.50	VATH;0.800
544.50	549.00	VATH;0.970
555.00	558.00	VATH;0.800
574.50	577.50	VATH;0.800
157.50	162.00	WTSP;0.983
204.00	208.50	WTSP;0.848
9.00	13.50	WIWA;0.945
