535.50	538.50	AMRO;0.807
583.50	586.50	AMRO;0.863
25.50	30.00	CHSP;0.800
39.00	42.00	CHSP;0.800
60.00	64.50	CHSP;0.805
79.50	82.50	CHSP;0.800
85.50	90.00	CHSP;0.800
94.50	99.00	CHSP;0.936
100.50	105.00	CHSP;0.914
130.50	135.00	CHSP;0.895
139.50	144.00	CHSP;0.807
169.50	174.00	CHSP;0.800
189.00	193.50	CHSP;0.800
253.50	258.00	CHSP;0.813
277.50	280.50	CHSP;0.800
286.50	291.00	CHSP;0.829
306.00	312.00	CHSP;0.947
328.50	331.50	CHSP;0.800
358.50	361.50	CHSP;0.800
367.50	373.50	CHSP;0.988
379.50	384.00	CHSP;0.965
390.00	396.00	CHSP;0.899
400.50	406.50	CHSP;0.889
411.00	417.00	CHSP;0.920
444.00	447.00	CHSP;0.800
450.00	453.00	CHSP;0.800
465.00	468.00	CHSP;0.800
475.50	478.50	CHSP;0.800
484.50	490.50	CHSP;0.993
495.00	499.50	CHSP;0.855
502.50	508.50	CHSP;0.937
517.50	522.00	CHSP;0.807
528.00	538.50	CHSP;0.988
541.50	546.00	CHSP;0.800
550.50	555.00	CHSP;0.803
558.00	567.00	CHSP;0.992
571.50	576.00	CHSP;0.924
579.00	585.00	CHSP;0.986
589.50	597.00	CHSP;0.958
382.50	385.50	EAME;0.800
0.00	3.00	FOSP;0.904
15.00	19.50	FOSP;0.800
33.00	37.50	FOSP;0.800
55.50	58.50	FOSP;0.800
75.00	79.50	FOSP;0.984
90.00	96.00	FOSP;0.983
103.50	111.00	FOSP;0.985
115.50	124.50	FOSP;0.869
126.00	130.50	FOSP;0.800
138.00	142.50	FOSP;0.837
145.50	153.00	FOSP;0.959
162.00	166.50	FOSP;0.913
174.00	177.00	FOSP;0.800
178.50	183.00	FOSP;0.969
195.00	201.00	FOSP;0.876
214.50	219.00	FOSP;0.954
228.00	235.50	FOSP;0.944
241.50	246.00	FOSP;0.939
247.50	252.00	FOSP;0.951
256.50	261.00	FOSP;0.800
262.50	267.00	FOSP;0.977
274.50	283.50	FOSP;0.993
289.50	294.00	FOSP;0.800
295.50	300.00	FOSP;0.945
304.50	309.00	FOSP;0.877
313.50	322.50	FOSP;0.874
324.00	328.50	FOSP;0.910
330.00	342.00	FOSP;0.936
346.50	349.50	FOSP;0.941
351.00	363.00	FOSP;0.951
364.50	369.00	FOSP;0.933
372.00	376.50	FOSP;0.800
384.00	387.00	FOSP;0.868
388.50	393.00	FOSP;0.977
396.00	399.00	FOSP;0.800
405.00	411.00	FOSP;0.995
417.00	426.00	FOSP;0.948
436.50	445.50	FOSP;0.991
456.00	466.50	FOSP;0.959
471.00	477.00	FOSP;0.984
487.50	496.50	FOSP;0.962
499.50	508.50	FOSP;0.976
514.50	523.50	FOSP;0.901
526.50	531.00	FOSP;0.981
532.50	537.00	FOSP;0.930
547.50	556.50	FOSP;0.985
567.00	576.00	FOSP;0.910
586.50	594.00	FOSP;0.881
118.50	121.50	GRCA;0.825
426.00	429.00	GRYE;0.807
6.00	10.50	LISP;0.929
21.00	25.50	LISP;0.847
36.00	40.50	LISP;0.852
52.50	57.00	LISP;0.877
69.00	73.50	LISP;0.941
84.00	88.50	LISP;0.972
97.50	102.00	LISP;0.973
112.50	117.00	LISP;0.809
142.50	147.00	LISP;0.827
159.00	163.50	LISP;0.800
190.50	195.00	LISP;0.800
205.50	210.00	LISP;0.992
222.00	225.00	LISP;0.837
235.50	240.00	LISP;0.979
252.00	256.50	LISP;0.992
267.00	273.00	LISP;0.985
283.50	288.00	LISP;0.967
298.50	304.50	LISP;0.990
315.00	319.50	LISP;0.994
343.50	348.00	LISP;0.993
360.00	366.00	LISP;0.998
375.00	381.00	LISP;0.995
385.50	390.00	LISP;0.968
409.50	412.50	LISP;0.800
423.00	427.50	LISP;0.972
453.00	457.50	LISP;0.960
466.50	471.00	LISP;0.994
480.00	484.50	LISP;0.962
496.50	501.00	LISP;0.906
510.00	514.50	LISP;0.957
525.00	529.50	LISP;0.942
540.00	543.00	LISP;0.800
553.50	559.50	LISP;0.940
568.50	573.00	LISP;0.990
585.00	588.00	LISP;0.957
9.00	34.50	PISI;0.994
36.00	42.00	PISI;0.858
46.50	60.00	PISI;0.996
108.00	118.50	PISI;0.995
123.00	129.00	PISI;0.967
130.50	139.50	PISI;0.965
141.00	145.50	PISI;0.800
151.50	213.00	PISI;0.999
217.50	222.00	PISI;0.896
225.00	243.00	PISI;0.994
244.50	249.00	PISI;0.800
258.00	264.00	PISI;0.996
265.50	268.50	PISI;0.800
270.00	276.00	PISI;0.940
288.00	291.00	PISI;0.800
294.00	297.00	PISI;0.800
310.50	313.50	PISI;0.800
319.50	357.00	PISI;0.998
399.00	403.50	PISI;0.841
424.50	442.50	PISI;0.999
445.50	457.50	PISI;0.998
484.50	487.50	PISI;0.800
490.50	502.50	PISI;0.993
522.00	525.00	PISI;0.800
67.50	70.50	ROWR;0.985
19.50	22.50	RCKI;0.814
489.00	493.50	WCSP;0.800
513.00	517.50	WCSP;0.990
523.50	528.00	WCSP;0.871
537.00	541.50	WCSP;0.945
564.00	570.00	WCSP;0.991
574.50	580.50	WCSP;0.946
586.50	592.50	WCSP;0.984
301.50	304.50	WTSP;0.856
312.00	315.00	WTSP;0.854
480.00	483.00	WTSP;0.925
