216.00	220.50	AMRO;0.884
16.50	19.50	AMWO;0.811
117.00	120.00	AMWO;0.818
208.50	211.50	AMWO;0.823
292.50	295.50	ANHU;0.809
225.00	228.00	CHSP;0.920
289.50	294.00	CHSP;0.932
0.00	6.00	CCSP;0.990
7.50	18.00	CCSP;0.991
19.50	25.50	CCSP;0.990
27.00	39.00	CCSP;0.990
40.50	45.00	CCSP;0.989
48.00	85.50	CCSP;0.991
87.00	91.50	CCSP;0.990
94.50	99.00	CCSP;0.989
100.50	112.50	CCSP;0.991
114.00	118.50	CCSP;0.991
120.00	138.00	CCSP;0.996
139.50	157.50	CCSP;0.991
160.50	178.50	CCSP;0.991
180.00	186.00	CCSP;0.989
187.50	198.00	CCSP;0.990
199.50	204.00	CCSP;0.993
205.50	210.00	CCSP;0.991
213.00	217.50	CCSP;0.988
220.50	225.00	CCSP;0.988
226.50	232.50	CCSP;0.981
234.00	238.50	CCSP;0.992
240.00	246.00	CCSP;0.994
247.50	279.00	CCSP;0.992
280.50	286.50	CCSP;0.991
288.00	292.50	CCSP;0.991
294.00	300.00	CCSP;0.990
145.50	148.50	SWTH;0.969
151.50	159.00	SWTH;0.981
178.50	181.50	WCSP;0.892
258.00	262.50	WCSP;0.920
163.50	168.00	WTSP;0.984
