60.00	63.00	AMRO;0.800
109.50	118.50	AMRO;0.800
123.00	127.50	AMRO;0.909
139.50	144.00	AMRO;0.909
150.00	154.50	AMRO;0.800
157.50	160.50	AMRO;0.800
178.50	183.00	AMRO;0.984
190.50	196.50	AMRO;0.964
199.50	204.00	AMRO;0.943
208.50	216.00	AMRO;0.965
219.00	223.50	AMRO;0.932
225.00	229.50	AMRO;0.958
235.50	240.00	AMRO;0.864
246.00	250.50	AMRO;0.800
258.00	262.50	AMRO;0.800
193.50	196.50	BAOR;0.804
129.00	132.00	BHVI;0.900
1.50	6.00	CHSP;0.976
9.00	12.00	CHSP;0.800
13.50	18.00	CHSP;0.943
21.00	25.50	CHSP;0.956
28.50	31.50	CHSP;0.800
34.50	39.00	CHSP;0.977
42.00	46.50	CHSP;0.960
49.50	54.00	CHSP;0.972
57.00	61.50	CHSP;0.959
63.00	69.00	CHSP;0.941
70.50	75.00	CHSP;0.980
76.50	82.50	CHSP;0.963
91.50	103.50	CHSP;0.981
106.50	111.00	CHSP;0.800
114.00	118.50	CHSP;0.940
120.00	126.00	CHSP;0.952
127.50	132.00	CHSP;0.915
135.00	139.50	CHSP;0.916
148.50	153.00	CHSP;0.970
156.00	160.50	CHSP;0.932
162.00	165.00	CHSP;0.800
171.00	177.00	CHSP;0.931
180.00	184.50	CHSP;0.821
186.00	190.50	CHSP;0.949
195.00	198.00	CHSP;0.880
202.50	207.00	CHSP;0.980
208.50	214.50	CHSP;0.926
219.00	223.50	CHSP;0.934
228.00	234.00	CHSP;0.975
237.00	241.50	CHSP;0.824
243.00	246.00	CHSP;0.800
250.50	255.00	CHSP;0.924
258.00	262.50	CHSP;0.947
265.50	270.00	CHSP;0.921
273.00	279.00	CHSP;0.904
280.50	286.50	CHSP;0.815
288.00	292.50	CHSP;0.934
295.50	300.00	CHSP;0.927
222.00	225.00	DEJU;0.878
241.50	244.50	DEJU;0.955
286.50	289.50	DEJU;0.855
4.50	12.00	FOSP;0.848
16.50	21.00	FOSP;0.919
22.50	27.00	FOSP;0.890
40.50	45.00	FOSP;0.911
46.50	51.00	FOSP;0.813
55.50	60.00	FOSP;0.874
73.50	78.00	FOSP;0.906
85.50	90.00	FOSP;0.898
105.00	112.50	FOSP;0.932
130.50	135.00	FOSP;0.829
142.50	145.50	FOSP;0.800
153.00	157.50	FOSP;0.940
165.00	169.50	FOSP;0.809
175.50	180.00	FOSP;0.848
184.50	193.50	FOSP;0.803
169.50	172.50	LISP;0.842
24.00	28.50	PISI;0.880
30.00	42.00	PISI;0.995
45.00	57.00	PISI;0.993
100.50	106.50	PISI;0.976
111.00	115.50	PISI;0.800
117.00	123.00	PISI;0.800
124.50	127.50	PISI;0.800
147.00	150.00	PISI;0.800
252.00	267.00	PISI;0.994
292.50	297.00	PISI;0.977
157.50	160.50	TOSO;0.852
9.00	13.50	WCSP;0.838
18.00	22.50	WCSP;0.938
183.00	186.00	WCSP;0.841
126.00	129.00	YRWA;0.886
145.50	148.50	YRWA;0.814
