0.00	3.00	AMRO;0.800
12.00	16.50	AMRO;0.987
52.50	58.50	AMRO;0.929
69.00	75.00	AMRO;0.900
82.50	88.50	AMRO;0.995
93.00	99.00	AMRO;0.905
102.00	105.00	AMRO;0.800
138.00	144.00	AMRO;0.895
145.50	150.00	AMRO;0.913
151.50	157.50	AMRO;0.986
159.00	163.50	AMRO;0.908
177.00	183.00	AMRO;0.991
198.00	202.50	AMRO;0.824
213.00	217.50	AMRO;0.868
234.00	238.50	AMRO;0.822
274.50	277.50	AMRO;0.800
279.00	285.00	AMRO;0.994
154.50	159.00	CHSP;0.904
183.00	186.00	CHSP;0.800
196.50	201.00	CHSP;0.800
208.50	213.00	CHSP;0.800
228.00	234.00	CHSP;0.918
250.50	255.00	CHSP;0.857
259.50	265.50	CHSP;0.965
79.50	82.50	FOSP;0.942
174.00	177.00	FOSP;0.875
3.00	6.00	LISP;0.909
117.00	121.50	LISP;0.962
126.00	141.00	PISI;0.986
226.50	229.50	PISI;0.800
282.00	300.00	PISI;0.993
291.00	294.00	RECR;0.840
73.50	76.50	RUBL;0.807
211.50	214.50	SNBU;0.905
0.00	4.50	TOSO;0.968
46.50	51.00	TOSO;0.800
57.00	60.00	TOSO;0.800
87.00	103.50	TOSO;0.998
219.00	231.00	TOSO;0.984
267.00	271.50	TOSO;0.800
277.50	280.50	TOSO;0.800
7.50	10.50	WCSP;0.972
16.50	21.00	WCSP;0.982
28.50	33.00	WCSP;0.959
40.50	43.50	WCSP;0.936
49.50	54.00	WCSP;0.986
63.00	66.00	WCSP;0.800
75.00	78.00	WCSP;0.989
103.50	108.00	WIWA;0.951
