429.00	433.50	AMDI;0.957
22.50	25.50	CHSP;0.881
40.50	43.50	CHSP;0.892
49.50	52.50	CHSP;0.864
70.50	75.00	CHSP;0.895
79.50	84.00	CHSP;0.825
180.00	183.00	CHSP;0.856
393.00	396.00	CHSP;0.850
403.50	408.00	CHSP;0.910
483.00	486.00	CHSP;0.847
588.00	591.00	CHSP;0.881
576.00	579.00	EATO;0.806
6.00	12.00	FOSP;0.957
19.50	24.00	FOSP;0.837
61.50	66.00	FOSP;0.897
75.00	79.50	FOSP;0.820
84.00	88.50	FOSP;0.919
96.00	102.00	FOSP;0.886
109.50	115.50	FOSP;0.963
124.50	129.00	FOSP;0.976
132.00	136.50	FOSP;0.930
141.00	145.50	FOSP;0.956
156.00	160.50	FOSP;0.982
172.50	177.00	FOSP;0.977
190.50	195.00	FOSP;0.952
207.00	211.50	FOSP;0.900
238.50	243.00	FOSP;0.800
261.00	265.50	FOSP;0.845
276.00	280.50	FOSP;0.860
298.50	303.00	FOSP;0.858
319.50	325.50	FOSP;0.953
354.00	358.50	FOSP;0.949
375.00	379.50	FOSP;0.866
394.50	399.00	FOSP;0.900
414.00	420.00	FOSP;0.976
432.00	436.50	FOSP;0.935
453.00	459.00	FOSP;0.933
478.50	484.50	FOSP;0.967
499.50	505.50	FOSP;0.945
523.50	529.50	FOSP;0.843
540.00	544.50	FOSP;0.929
556.50	561.00	FOSP;0.935
577.50	582.00	FOSP;0.845
591.00	595.50	FOSP;0.807
64.50	67.50	LISP;0.877
492.00	499.50	PISI;0.821
504.00	508.50	PISI;0.981
583.50	591.00	PISI;0.996
226.50	229.50	RUGR;0.803
55.50	58.50	SNBU;0.935
108.00	111.00	SNBU;0.888
121.50	124.50	SNBU;0.878
165.00	168.00	SWSP;0.829
177.00	180.00	SWSP;0.816
12.00	15.00	WCSP;0.800
18.00	21.00	WCSP;0.800
25.50	30.00	WCSP;0.968
34.50	39.00	WCSP;0.812
60.00	63.00	WCSP;0.800
100.50	105.00	WCSP;0.991
357.00	360.00	WCSP;0.800
439.50	444.00	WCSP;0.800
448.50	451.50	WCSP;0.980
457.50	462.00	WCSP;0.969
468.00	472.50	WCSP;0.842
484.50	487.50	WCSP;0.800
489.00	493.50	WCSP;0.988
508.50	513.00	WCSP;0.963
516.00	519.00	WCSP;0.800
535.50	540.00	WCSP;0.985
543.00	547.50	WCSP;0.981
552.00	556.50	WCSP;0.975
562.50	567.00	WCSP;0.981
571.50	576.00	WCSP;0.954
582.00	586.50	WCSP;0.977
594.00	598.50	WCSP;0.931
432.00	435.00	WTSP;0.834
24.00	27.00	WIWA;0.800
33.00	36.00	WIWA;0.800
57.00	61.50	WIWA;0.854
67.50	72.00	WIWA;0.965
87.00	90.00	WIWA;0.800
96.00	99.00	WIWA;0.800
120.00	126.00	WIWA;0.868
129.00	133.50	WIWA;0.987
138.00	142.50	WIWA;0.963
165.00	169.50	WIWA;0.800
189.00	192.00	WIWA;0.800
363.00	367.50	WIWA;0.800
