46.50	49.50	CHSP;0.800
234.00	240.00	CHSP;0.954
285.00	292.50	CHSP;0.999
321.00	328.50	CHSP;0.995
337.50	343.50	CHSP;0.993
348.00	355.50	CHSP;0.998
360.00	366.00	CHSP;0.995
373.50	379.50	CHSP;0.980
384.00	390.00	CHSP;0.994
408.00	415.50	CHSP;0.991
540.00	543.00	CHSP;0.800
25.50	28.50	EATO;0.834
294.00	297.00	EATO;0.818
4.50	9.00	FOSP;0.960
10.50	15.00	FOSP;0.874
18.00	24.00	FOSP;0.953
27.00	31.50	FOSP;0.962
36.00	40.50	FOSP;0.861
42.00	46.50	FOSP;0.926
54.00	60.00	FOSP;0.985
72.00	76.50	FOSP;0.958
102.00	106.50	FOSP;0.976
135.00	139.50	FOSP;0.975
150.00	154.50	FOSP;0.973
166.50	171.00	FOSP;0.956
190.50	195.00	FOSP;0.937
208.50	214.50	FOSP;0.989
231.00	240.00	FOSP;0.988
267.00	271.50	FOSP;0.800
298.50	303.00	FOSP;0.903
319.50	324.00	FOSP;0.810
339.00	342.00	FOSP;0.800
352.50	361.50	FOSP;0.905
370.50	375.00	FOSP;0.919
381.00	388.50	FOSP;0.980
391.50	397.50	FOSP;0.980
405.00	409.50	FOSP;0.862
442.50	447.00	FOSP;0.961
550.50	553.50	FOSP;0.800
201.00	204.00	HASP;0.807
48.00	51.00	LISP;0.928
418.50	421.50	LISP;0.967
459.00	462.00	LISP;0.824
256.50	259.50	MOCH;0.812
399.00	402.00	MOCH;0.882
58.50	69.00	PISI;0.999
82.50	99.00	PISI;0.996
109.50	114.00	PISI;0.982
198.00	202.50	PISI;0.800
280.50	288.00	PISI;0.951
313.50	318.00	PISI;0.983
327.00	334.50	PISI;0.951
346.50	349.50	PISI;0.991
354.00	358.50	PISI;0.936
469.50	474.00	PISI;0.894
586.50	600.00	PISI;0.998
517.50	520.50	ROWR;0.818
541.50	546.00	SNBU;0.852
51.00	55.50	SWSP;0.932
76.50	79.50	SWSP;0.845
187.50	190.50	SWSP;0.926
295.50	298.50	SWSP;0.866
447.00	450.00	SWSP;0.809
66.00	70.50	TEWA;0.800
126.00	130.50	TEWA;0.800
133.50	138.00	TEWA;0.800
153.00	157.50	TEWA;0.800
163.50	166.50	TEWA;0.800
178.50	184.50	TEWA;0.812
195.00	201.00	TEWA;0.961
202.50	208.50	TEWA;0.963
211.50	217.50	TEWA;0.904
220.50	225.00	TEWA;0.962
240.00	246.00	TEWA;0.937
255.00	259.50	TEWA;0.802
264.00	268.50	TEWA;0.971
273.00	279.00	TEWA;0.980
280.50	285.00	TEWA;0.800
286.50	291.00	TEWA;0.800
310.50	316.50	TEWA;0.980
318.00	324.00	TEWA;0.906
327.00	331.50	TEWA;0.964
334.50	340.50	TEWA;0.949
342.00	346.50	TEWA;0.944
358.50	363.00	TEWA;0.837
364.50	370.50	TEWA;0.980
373.50	378.00	TEWA;0.831
382.50	387.00	TEWA;0.800
388.50	394.50	TEWA;0.978
396.00	400.50	TEWA;0.962
402.00	408.00	TEWA;0.800
411.00	417.00	TEWA;0.934
421.50	426.00	TEWA;0.964
429.00	435.00	TEWA;0.926
436.50	441.00	TEWA;0.877
445.50	448.50	TEWA;0.800
453.00	456.00	TEWA;0.800
460.50	465.00	TEWA;0.944
468.00	472.50	TEWA;0.818
475.50	480.00	TEWA;0.944
483.00	489.00	TEWA;0.961
492.00	496.50	TEWA;0.886
499.50	505.50	TEWA;0.893
507.00	513.00	TEWA;0.914
514.50	519.00	TEWA;0.973
522.00	526.50	TEWA;0.816
529.50	534.00	TEWA;0.848
537.00	543.00	TEWA;0.824
544.50	550.50	TEWA;0.966
552.00	558.00	TEWA;0.966
561.00	565.50	TEWA;0.980
567.00	580.50	TEWA;0.972
582.00	585.00	TEWA;0.800
591.00	595.50	TEWA;0.957
7.50	10.50	WCSP;0.818
12.00	15.00	WCSP;0.800
31.50	36.00	WCSP;0.800
37.50	40.50	WCSP;0.800
43.50	48.00	WCSP;0.800
67.50	70.50	WCSP;0.800
79.50	84.00	WCSP;0.959
105.00	109.50	WCSP;0.966
130.50	135.00	WCSP;0.924
145.50	150.00	WCSP;0.991
157.50	162.00	WCSP;0.850
184.50	189.00	WCSP;0.896
241.50	246.00	WCSP;0.849
253.50	258.00	WCSP;0.994
265.50	268.50	WCSP;0.800
289.50	292.50	WCSP;0.800
346.50	351.00	WCSP;0.931
369.00	372.00	WCSP;0.949
427.50	432.00	WCSP;0.967
439.50	447.00	WCSP;0.995
453.00	457.50	WCSP;0.880
463.50	468.00	WCSP;0.977
477.00	480.00	WCSP;0.805
487.50	492.00	WCSP;0.917
499.50	504.00	WCSP;0.979
513.00	517.50	WCSP;0.955
537.00	541.50	WCSP;0.800
547.50	553.50	WCSP;0.977
558.00	561.00	WCSP;0.800
564.00	567.00	WCSP;0.800
571.50	576.00	WCSP;0.969
583.50	588.00	WCSP;0.808
592.50	600.00	WCSP;0.832
0.00	4.50	WTSP;0.837
6.00	10.50	WTSP;0.800
16.50	21.00	WTSP;0.955
30.00	34.50	WTSP;0.800
111.00	120.00	WTSP;0.996
121.50	127.50	WTSP;0.994
129.00	136.50	WTSP;0.979
139.50	147.00	WTSP;0.997
153.00	162.00	WTSP;0.992
171.00	175.50	WTSP;0.800
181.50	186.00	WTSP;0.992
193.50	198.00	WTSP;0.998
201.00	208.50	WTSP;0.978
216.00	220.50	WTSP;0.899
222.00	228.00	WTSP;0.996
237.00	240.00	WTSP;0.800
244.50	252.00	WTSP;0.990
258.00	262.50	WTSP;0.997
268.50	276.00	WTSP;0.973
309.00	315.00	WTSP;0.993
316.50	321.00	WTSP;0.993
331.50	336.00	WTSP;0.979
346.50	349.50	WTSP;0.800
360.00	370.50	WTSP;0.965
376.50	379.50	WTSP;0.800
396.00	403.50	WTSP;0.960
408.00	412.50	WTSP;0.962
415.50	418.50	WTSP;0.952
424.50	432.00	WTSP;0.917
498.00	501.00	WTSP;0.800
537.00	540.00	WTSP;0.800
558.00	562.50	WTSP;0.906
570.00	573.00	WTSP;0.800
579.00	586.50	WTSP;0.802
219.00	222.00	YRWA;0.836
262.50	265.50	YRWA;0.892
