72.00	75.00	AMDI;0.806
3.00	9.00	AMRO;0.997
10.50	18.00	AMRO;0.987
21.00	25.50	AMRO;0.817
28.50	61.50	AMRO;0.995
63.00	84.00	AMRO;0.985
85.50	103.50	AMRO;0.990
105.00	117.00	AMRO;0.965
118.50	171.00	AMRO;0.999
172.50	177.00	AMRO;0.996
178.50	210.00	AMRO;0.991
211.50	219.00	AMRO;0.993
220.50	231.00	AMRO;0.992
232.50	237.00	AMRO;0.987
240.00	244.50	AMRO;0.941
247.50	252.00	AMRO;0.958
253.50	258.00	AMRO;0.959
259.50	268.50	AMRO;0.990
270.00	274.50	AMRO;0.942
277.50	282.00	AMRO;0.944
283.50	288.00	AMRO;0.995
291.00	295.50	AMRO;0.985
298.50	309.00	AMRO;0.992
312.00	319.50	AMRO;0.978
321.00	325.50	AMRO;0.925
327.00	331.50	AMRO;0.980
333.00	337.50	AMRO;0.944
339.00	357.00	AMRO;0.990
360.00	378.00	AMRO;0.996
379.50	384.00	AMRO;0.991
385.50	397.50	AMRO;0.995
399.00	403.50	AMRO;0.953
405.00	411.00	AMRO;0.990
412.50	418.50	AMRO;0.982
420.00	424.50	AMRO;0.975
426.00	432.00	AMRO;0.992
433.50	453.00	AMRO;0.985
454.50	459.00	AMRO;0.915
462.00	468.00	AMRO;0.932
469.50	475.50	AMRO;0.974
477.00	481.50	AMRO;0.973
486.00	492.00	AMRO;0.965
495.00	499.50	AMRO;0.993
501.00	507.00	AMRO;0.997
528.00	534.00	AMRO;0.988
535.50	541.50	AMRO;0.989
543.00	549.00	AMRO;0.989
550.50	558.00	AMRO;0.945
559.50	564.00	AMRO;0.864
568.50	588.00	AMRO;0.990
589.50	595.50	AMRO;0.988
597.00	600.00	AMRO;0.953
111.00	115.50	CHSP;0.822
159.00	162.00	DEJU;0.800
445.50	454.50	DEJU;0.973
457.50	463.50	DEJU;0.974
468.00	472.50	DEJU;0.928
480.00	486.00	DEJU;0.939
553.50	556.50	DEJU;0.825
568.50	571.50	DEJU;0.800
573.00	582.00	DEJU;0.937
583.50	586.50	DEJU;0.800
588.00	592.50	DEJU;0.962
16.50	21.00	GCSP;0.872
42.00	46.50	GCSP;0.959
54.00	58.50	GCSP;0.992
67.50	70.50	GCSP;0.800
108.00	111.00	GCSP;0.983
123.00	127.50	GCSP;0.800
135.00	139.50	GCSP;0.990
148.50	151.50	GCSP;0.984
162.00	166.50	GCSP;0.942
175.50	178.50	GCSP;0.983
217.50	220.50	GCSP;0.800
231.00	235.50	GCSP;0.885
244.50	249.00	GCSP;0.985
273.00	276.00	GCSP;0.800
288.00	292.50	GCSP;0.982
300.00	304.50	GCSP;0.800
342.00	346.50	GCSP;0.980
369.00	373.50	GCSP;0.965
382.50	387.00	GCSP;0.983
396.00	400.50	GCSP;0.949
417.00	421.50	GCSP;0.974
429.00	433.50	GCSP;0.986
442.50	445.50	GCSP;0.968
454.50	457.50	GCSP;0.899
493.50	498.00	GCSP;0.824
507.00	511.50	GCSP;0.990
519.00	523.50	GCSP;0.866
546.00	550.50	GCSP;0.913
558.00	562.50	GCSP;0.922
595.50	600.00	GCSP;0.800
489.00	492.00	GWTE;0.815
22.50	27.00	WCSP;0.933
84.00	87.00	WCSP;0.856
165.00	168.00	WCSP;0.835
198.00	201.00	WCSP;0.837
309.00	312.00	WCSP;0.981
526.50	531.00	WTSP;0.955
