295.50	298.50	AMRO;0.818
283.50	286.50	FISP;0.912
57.00	61.50	FOSP;0.843
66.00	70.50	FOSP;0.800
76.50	81.00	FOSP;0.919
99.00	103.50	FOSP;0.949
108.00	112.50	FOSP;0.810
117.00	121.50	FOSP;0.968
126.00	130.50	FOSP;0.800
135.00	138.00	FOSP;0.800
178.50	183.00	FOSP;0.800
190.50	195.00	FOSP;0.816
201.00	204.00	FOSP;0.800
211.50	214.50	FOSP;0.800
222.00	225.00	FOSP;0.800
229.50	234.00	FOSP;0.800
252.00	255.00	GCSP;0.948
30.00	33.00	LISP;0.875
145.50	148.50	LISP;0.808
274.50	277.50	LISP;0.934
73.50	78.00	VATH;0.824
105.00	109.50	VATH;0.972
0.00	4.50	WCSP;0.991
7.50	12.00	WCSP;0.988
13.50	31.50	WCSP;0.999
33.00	37.50	WCSP;0.991
39.00	45.00	WCSP;0.992
46.50	60.00	WCSP;0.991
63.00	75.00	WCSP;0.999
81.00	88.50	WCSP;0.984
91.50	105.00	WCSP;1.000
106.50	118.50	WCSP;1.000
120.00	129.00	WCSP;0.997
133.50	145.50	WCSP;0.999
150.00	154.50	WCSP;0.988
156.00	172.50	WCSP;0.997
175.50	193.50	WCSP;0.998
195.00	199.50	WCSP;0.965
202.50	220.50	WCSP;0.998
223.50	228.00	WCSP;0.991
232.50	237.00	WCSP;0.986
240.00	259.50	WCSP;0.994
262.50	268.50	WCSP;0.994
271.50	276.00	WCSP;0.962
279.00	285.00	WCSP;0.983
288.00	294.00	WCSP;0.995
4.50	9.00	WTSP;0.984
25.50	28.50	WTSP;0.805
34.50	37.50	WTSP;0.800
43.50	46.50	WTSP;0.800
49.50	54.00	WTSP;0.930
60.00	66.00	WTSP;0.988
73.50	76.50	WTSP;0.800
79.50	82.50	WTSP;0.800
87.00	93.00	WTSP;0.970
111.00	114.00	WTSP;0.800
115.50	118.50	WTSP;0.800
130.50	139.50	WTSP;0.990
142.50	154.50	WTSP;0.800
159.00	163.50	WTSP;0.962
171.00	178.50	WTSP;0.960
180.00	184.50	WTSP;0.983
198.00	201.00	WTSP;0.800
213.00	217.50	WTSP;0.973
231.00	237.00	WTSP;0.800
243.00	246.00	WTSP;0.800
252.00	255.00	WTSP;0.800
267.00	270.00	WTSP;0.800
282.00	286.50	WTSP;0.918
292.50	297.00	WTSP;0.800
