3.00	6.00	AMRO;0.800
7.50	18.00	AMRO;0.958
21.00	27.00	AMRO;0.950
28.50	36.00	AMRO;0.902
39.00	43.50	AMRO;0.893
46.50	49.50	AMRO;0.800
85.50	88.50	AMRO;0.800
94.50	99.00	AMRO;0.904
163.50	166.50	AMRO;0.800
184.50	189.00	AMRO;0.800
232.50	237.00	AMRO;0.800
243.00	247.50	AMRO;0.800
261.00	264.00	AMRO;0.800
273.00	277.50	AMRO;0.800
279.00	286.50	AMRO;0.926
231.00	235.50	CBCH;0.935
3.00	10.50	CHSP;0.992
18.00	24.00	CHSP;0.977
27.00	33.00	CHSP;0.951
34.50	39.00	CHSP;0.800
49.50	55.50	CHSP;0.867
58.50	67.50	CHSP;0.971
115.50	121.50	CHSP;0.906
138.00	141.00	CHSP;0.809
174.00	180.00	CHSP;0.989
184.50	193.50	CHSP;0.867
198.00	204.00	CHSP;0.992
208.50	213.00	CHSP;0.987
217.50	223.50	CHSP;0.991
228.00	240.00	CHSP;0.989
244.50	250.50	CHSP;0.986
255.00	264.00	CHSP;0.992
265.50	270.00	CHSP;0.981
273.00	280.50	CHSP;0.990
283.50	289.50	CHSP;0.995
292.50	298.50	CHSP;0.987
24.00	28.50	CCSP;0.986
31.50	34.50	CCSP;0.846
57.00	60.00	CCSP;0.881
78.00	82.50	FOSP;0.890
0.00	3.00	LISP;0.800
135.00	139.50	LISP;0.986
148.50	153.00	LISP;0.960
180.00	183.00	LISP;0.800
196.50	201.00	LISP;0.800
0.00	3.00	MOCH;0.858
40.50	43.50	MOCH;0.948
138.00	142.50	TOSO;0.817
9.00	13.50	VATH;0.877
16.50	22.50	VATH;0.912
37.50	42.00	VATH;0.800
46.50	49.50	VATH;0.800
87.00	93.00	VATH;0.976
99.00	103.50	VATH;0.800
115.50	120.00	VATH;0.974
130.50	135.00	VATH;0.905
156.00	160.50	VATH;0.988
172.50	177.00	VATH;0.932
186.00	190.50	VATH;0.905
205.50	211.50	VATH;0.987
214.50	219.00	VATH;0.913
268.50	271.50	VATH;0.800
280.50	283.50	VATH;0.800
289.50	294.00	VATH;0.849
0.00	3.00	WCSP;0.800
6.00	9.00	WCSP;0.800
36.00	39.00	WCSP;0.800
42.00	48.00	WCSP;0.972
60.00	64.50	WCSP;0.986
66.00	70.50	WCSP;0.861
73.50	78.00	WCSP;0.948
82.50	85.50	WCSP;0.800
90.00	96.00	WCSP;0.990
10.50	16.50	WTSP;0.984
25.50	31.50	WTSP;0.994
37.50	42.00	WTSP;0.925
49.50	58.50	WTSP;0.993
69.00	73.50	WTSP;0.994
84.00	88.50	WTSP;0.994
106.50	112.50	WTSP;0.996
118.50	129.00	WTSP;0.999
145.50	151.50	WTSP;0.993
189.00	196.50	WTSP;0.995
213.00	217.50	WTSP;0.994
262.50	268.50	WTSP;0.995
276.00	282.00	WTSP;0.997
76.50	81.00	WIWA;0.833
87.00	91.50	WIWA;0.883
97.50	103.50	WIWA;0.987
111.00	117.00	WIWA;0.964
132.00	136.50	WIWA;0.962
141.00	147.00	WIWA;0.985
153.00	157.50	WIWA;0.992
166.50	172.50	WIWA;0.972
177.00	181.50	WIWA;0.989
187.50	192.00	WIWA;0.971
210.00	214.50	WIWA;0.960
219.00	225.00	WIWA;0.977
234.00	238.50	WIWA;0.976
240.00	244.50	WIWA;0.986
247.50	255.00	WIWA;0.987
258.00	262.50	WIWA;0.987
268.50	271.50	WIWA;0.800
277.50	280.50	WIWA;0.800
292.50	297.00	WIWA;0.800
