10.50	13.50	ATSP;0.882
15.00	18.00	ATSP;0.897
45.00	48.00	CHSW;0.862
28.50	33.00	FOSP;0.931
33.00	37.50	LISP;0.800
48.00	51.00	LISP;0.800
63.00	67.50	LISP;0.910
78.00	82.50	LISP;0.800
94.50	97.50	LISP;0.800
126.00	130.50	LISP;0.800
141.00	145.50	LISP;0.856
157.50	160.50	LISP;0.800
204.00	208.50	LISP;0.800
220.50	223.50	LISP;0.938
235.50	238.50	LISP;0.800
283.50	286.50	LISP;0.951
54.00	57.00	MOCH;0.880
163.50	166.50	NSHR;0.808
91.50	96.00	PISI;0.978
132.00	136.50	PISI;0.918
192.00	196.50	PISI;0.967
198.00	219.00	PISI;0.989
156.00	159.00	ROWR;0.920
3.00	10.50	SAVS;0.904
118.50	123.00	WCSP;0.800
162.00	165.00	WCSP;0.800
183.00	187.50	WCSP;0.990
193.50	198.00	WCSP;0.988
208.50	211.50	WCSP;0.800
232.50	235.50	WCSP;0.800
243.00	247.50	WCSP;0.954
253.50	258.00	WCSP;0.951
265.50	270.00	WCSP;0.893
276.00	280.50	WCSP;0.961
289.50	294.00	WCSP;0.979
