1.50	9.00	AMRO;0.959
36.00	40.50	AMRO;0.835
52.50	57.00	AMRO;0.866
60.00	64.50	AMRO;0.800
67.50	73.50	AMRO;0.983
75.00	79.50	AMRO;0.800
81.00	85.50	AMRO;0.987
88.50	96.00	AMRO;0.923
97.50	102.00	AMRO;0.859
109.50	112.50	AMRO;0.800
117.00	136.50	AMRO;0.986
139.50	157.50	AMRO;0.939
219.00	223.50	AMRO;0.889
270.00	274.50	AMRO;0.866
294.00	298.50	AMRO;0.964
46.50	49.50	CCSP;0.845
10.50	15.00	FOSP;0.961
22.50	27.00	FOSP;0.921
33.00	37.50	FOSP;0.800
48.00	51.00	FOSP;0.800
55.50	60.00	FOSP;0.800
108.00	111.00	FOSP;0.800
142.50	147.00	FOSP;0.800
153.00	160.50	FOSP;0.928
165.00	172.50	FOSP;0.948
177.00	181.50	FOSP;0.896
186.00	195.00	FOSP;0.945
201.00	205.50	FOSP;0.928
211.50	216.00	FOSP;0.913
217.50	220.50	FOSP;0.800
229.50	232.50	FOSP;0.822
234.00	238.50	FOSP;0.800
241.50	246.00	FOSP;0.984
250.50	258.00	FOSP;0.990
261.00	270.00	FOSP;0.922
271.50	276.00	FOSP;0.949
277.50	285.00	FOSP;0.922
289.50	294.00	FOSP;0.973
297.00	300.00	FOSP;0.861
63.00	66.00	LISP;0.828
226.50	231.00	LISP;0.954
246.00	249.00	LISP;0.820
136.50	141.00	PISI;0.929
217.50	220.50	VESP;0.840
0.00	4.50	WCSP;0.985
6.00	10.50	WCSP;0.821
13.50	19.50	WCSP;0.979
21.00	24.00	WCSP;0.926
27.00	30.00	WCSP;0.989
37.50	42.00	WCSP;0.997
45.00	48.00	WCSP;0.985
51.00	54.00	WCSP;0.982
57.00	61.50	WCSP;0.959
64.50	70.50	WCSP;0.994
72.00	76.50	WCSP;0.980
79.50	84.00	WCSP;0.976
85.50	91.50	WCSP;0.973
94.50	99.00	WCSP;0.987
103.50	108.00	WCSP;0.988
109.50	117.00	WCSP;0.988
130.50	142.50	WCSP;0.996
144.00	151.50	WCSP;0.991
156.00	166.50	WCSP;0.980
169.50	177.00	WCSP;0.965
178.50	193.50	WCSP;0.988
195.00	202.50	WCSP;0.985
205.50	210.00	WCSP;0.976
214.50	228.00	WCSP;0.984
231.00	243.00	WCSP;0.993
247.50	253.50	WCSP;0.985
256.50	261.00	WCSP;0.990
265.50	273.00	WCSP;0.800
274.50	279.00	WCSP;0.989
282.00	300.00	WCSP;0.990
