0.00	4.50	AMRO;0.805
10.50	15.00	AMRO;0.800
18.00	22.50	AMRO;0.976
24.00	33.00	AMRO;0.843
34.50	37.50	AMRO;0.926
39.00	42.00	AMRO;0.800
43.50	49.50	AMRO;0.891
51.00	58.50	AMRO;0.991
64.50	70.50	AMRO;0.857
76.50	85.50	AMRO;0.800
87.00	90.00	AMRO;0.800
96.00	100.50	AMRO;0.817
114.00	118.50	AMRO;0.943
123.00	129.00	AMRO;0.905
132.00	136.50	AMRO;0.885
142.50	147.00	AMRO;0.800
151.50	156.00	AMRO;0.946
157.50	162.00	AMRO;0.961
168.00	172.50	AMRO;0.800
174.00	178.50	AMRO;0.867
184.50	189.00	AMRO;0.926
190.50	193.50	AMRO;0.800
208.50	211.50	AMRO;0.800
213.00	217.50	AMRO;0.800
220.50	228.00	AMRO;0.922
241.50	249.00	AMRO;0.968
252.00	258.00	AMRO;0.977
265.50	285.00	AMRO;0.995
286.50	291.00	AMRO;0.964
243.00	246.00	BCCH;0.901
40.50	43.50	BHVI;0.871
0.00	4.50	CHSP;0.800
6.00	18.00	CHSP;0.827
19.50	30.00	CHSP;0.894
34.50	43.50	CHSP;0.953
45.00	49.50	CHSP;0.800
51.00	60.00	CHSP;0.915
61.50	70.50	CHSP;0.861
72.00	75.00	CHSP;0.800
76.50	81.00	CHSP;0.871
82.50	87.00	CHSP;0.867
88.50	97.50	CHSP;0.910
99.00	103.50	CHSP;0.800
105.00	109.50	CHSP;0.901
111.00	115.50	CHSP;0.948
117.00	120.00	CHSP;0.800
121.50	126.00	CHSP;0.854
127.50	130.50	CHSP;0.800
132.00	142.50	CHSP;0.838
144.00	148.50	CHSP;0.943
150.00	154.50	CHSP;0.965
156.00	160.50	CHSP;0.865
162.00	166.50	CHSP;0.866
168.00	178.50	CHSP;0.960
180.00	184.50	CHSP;0.863
186.00	196.50	CHSP;0.903
198.00	207.00	CHSP;0.904
208.50	219.00	CHSP;0.944
220.50	232.50	CHSP;0.909
234.00	238.50	CHSP;0.800
240.00	249.00	CHSP;0.863
250.50	259.50	CHSP;0.837
261.00	265.50	CHSP;0.800
268.50	288.00	CHSP;0.953
289.50	294.00	CHSP;0.931
295.50	300.00	CHSP;0.907
4.50	7.50	DEJU;0.823
147.00	150.00	EAME;0.819
292.50	295.50	EAME;0.891
4.50	7.50	FOSP;0.894
30.00	33.00	FOSP;0.800
42.00	46.50	FOSP;0.800
48.00	51.00	FOSP;0.800
67.50	72.00	FOSP;0.800
84.00	88.50	FOSP;0.800
99.00	106.50	FOSP;0.812
108.00	112.50	FOSP;0.860
117.00	121.50	FOSP;0.800
129.00	133.50	FOSP;0.905
136.50	142.50	FOSP;0.919
147.00	151.50	FOSP;0.838
156.00	159.00	FOSP;0.800
160.50	165.00	FOSP;0.833
169.50	174.00	FOSP;0.955
181.50	186.00	FOSP;0.934
193.50	198.00	FOSP;0.841
205.50	208.50	FOSP;0.843
217.50	222.00	FOSP;0.916
231.00	240.00	FOSP;0.800
249.00	253.50	FOSP;0.805
258.00	262.50	FOSP;0.800
294.00	298.50	FOSP;0.800
27.00	31.50	LISP;0.877
33.00	37.50	LISP;0.959
52.50	55.50	LISP;0.800
58.50	64.50	LISP;0.800
73.50	78.00	LISP;0.945
81.00	85.50	LISP;0.800
106.50	109.50	LISP;0.800
130.50	135.00	LISP;0.800
141.00	145.50	LISP;0.800
159.00	162.00	LISP;0.800
166.50	171.00	LISP;0.892
177.00	181.50	LISP;0.986
189.00	193.50	LISP;0.966
199.50	205.50	LISP;0.992
211.50	216.00	LISP;0.939
219.00	223.50	LISP;0.806
261.00	265.50	LISP;0.904
267.00	270.00	LISP;0.800
276.00	280.50	LISP;0.880
175.50	183.00	PISI;0.948
135.00	138.00	PUFI;0.810
91.50	94.50	TOSO;0.892
57.00	61.50	WCSP;0.971
183.00	186.00	WCSP;0.845
9.00	12.00	WTSP;0.855
