223.50	228.00	AMRO;0.800
474.00	478.50	AMRO;0.800
487.50	492.00	AMRO;0.986
496.50	501.00	AMRO;0.869
517.50	523.50	AMRO;0.977
525.00	528.00	AMRO;0.800
549.00	555.00	AMRO;0.819
564.00	570.00	AMRO;0.895
571.50	576.00	AMRO;0.986
579.00	585.00	AMRO;0.979
586.50	591.00	AMRO;0.920
144.00	148.50	ATSP;0.883
393.00	396.00	BTNW;0.840
199.50	204.00	CHSW;0.911
403.50	408.00	CHSP;0.940
84.00	87.00	CCSP;0.898
1.50	6.00	FOSP;0.931
16.50	21.00	FOSP;0.830
30.00	36.00	FOSP;0.959
51.00	55.50	FOSP;0.951
64.50	67.50	FOSP;0.800
78.00	84.00	FOSP;0.924
94.50	102.00	FOSP;0.856
105.00	109.50	FOSP;0.911
117.00	123.00	FOSP;0.869
133.50	141.00	FOSP;0.938
148.50	156.00	FOSP;0.957
166.50	171.00	FOSP;0.933
172.50	175.50	FOSP;0.809
186.00	189.00	FOSP;0.825
190.50	195.00	FOSP;0.800
202.50	207.00	FOSP;0.900
208.50	214.50	FOSP;0.886
217.50	222.00	FOSP;0.954
229.50	234.00	FOSP;0.828
240.00	244.50	FOSP;0.840
255.00	264.00	FOSP;0.814
279.00	283.50	FOSP;0.918
303.00	307.50	FOSP;0.800
318.00	322.50	FOSP;0.800
331.50	336.00	FOSP;0.918
400.50	403.50	FOSP;0.800
415.50	420.00	FOSP;0.921
433.50	436.50	FOSP;0.800
448.50	453.00	FOSP;0.824
468.00	472.50	FOSP;0.800
478.50	481.50	FOSP;0.800
490.50	495.00	FOSP;0.813
541.50	546.00	FOSP;0.892
559.50	562.50	FOSP;0.800
577.50	582.00	FOSP;0.858
589.50	594.00	FOSP;0.853
115.50	118.50	GRCA;0.867
348.00	351.00	HETH;0.919
442.50	447.00	HETH;0.919
582.00	586.50	HETH;0.993
334.50	337.50	LAZB;0.932
3.00	7.50	LISP;0.927
19.50	22.50	LISP;0.800
28.50	33.00	LISP;0.979
45.00	49.50	LISP;0.800
61.50	64.50	LISP;0.800
75.00	79.50	LISP;0.994
87.00	96.00	LISP;0.975
100.50	106.50	LISP;0.805
112.50	120.00	LISP;0.912
126.00	130.50	LISP;0.979
139.50	144.00	LISP;0.975
154.50	159.00	LISP;0.945
162.00	166.50	LISP;0.800
169.50	172.50	LISP;0.850
181.50	186.00	LISP;0.986
195.00	199.50	LISP;0.990
223.50	228.00	LISP;0.968
237.00	241.50	LISP;0.958
250.50	255.00	LISP;0.945
264.00	268.50	LISP;0.840
274.50	279.00	LISP;0.996
288.00	298.50	LISP;0.995
301.50	306.00	LISP;0.898
310.50	318.00	LISP;0.906
328.50	333.00	LISP;0.988
342.00	346.50	LISP;0.996
357.00	361.50	LISP;0.894
364.50	369.00	LISP;0.800
372.00	376.50	LISP;0.986
384.00	388.50	LISP;0.800
397.50	400.50	LISP;0.874
409.50	414.00	LISP;0.800
421.50	426.00	LISP;0.823
430.50	433.50	LISP;0.800
445.50	450.00	LISP;0.948
457.50	462.00	LISP;0.972
463.50	468.00	LISP;0.869
474.00	478.50	LISP;0.800
498.00	502.50	LISP;0.946
522.00	526.50	LISP;0.984
535.50	540.00	LISP;0.990
549.00	553.50	LISP;0.935
561.00	567.00	LISP;0.995
576.00	579.00	LISP;0.800
36.00	40.50	MOCH;0.927
438.00	441.00	MOCH;0.892
294.00	297.00	OROR;0.800
162.00	169.50	PISI;0.800
171.00	178.50	PISI;0.934
187.50	198.00	PISI;0.969
259.50	268.50	PISI;0.977
379.50	382.50	PISI;0.800
388.50	396.00	PISI;0.994
427.50	432.00	PISI;0.948
439.50	451.50	PISI;0.948
475.50	480.00	PISI;0.800
484.50	489.00	PISI;0.800
490.50	504.00	PISI;0.996
531.00	535.50	PISI;0.800
544.50	549.00	PISI;0.875
550.50	555.00	PISI;0.800
565.50	570.00	PISI;0.800
42.00	45.00	PUFI;0.845
112.50	115.50	ROWR;0.916
370.50	373.50	ROWR;0.818
82.50	85.50	WCSP;0.800
244.50	256.50	WCSP;0.941
258.00	265.50	WCSP;0.800
270.00	276.00	WCSP;0.945
282.00	289.50	WCSP;0.874
291.00	300.00	WCSP;0.921
322.50	330.00	WCSP;0.932
366.00	373.50	WCSP;0.800
378.00	390.00	WCSP;0.979
393.00	399.00	WCSP;0.990
406.50	429.00	WCSP;0.994
439.50	444.00	WCSP;0.897
450.00	454.50	WCSP;0.974
460.50	465.00	WCSP;0.976
469.50	474.00	WCSP;0.986
480.00	484.50	WCSP;0.978
492.00	495.00	WCSP;0.800
501.00	505.50	WCSP;0.994
513.00	517.50	WCSP;0.977
526.50	531.00	WCSP;0.990
538.50	543.00	WCSP;0.991
544.50	555.00	WCSP;0.996
556.50	561.00	WCSP;0.995
567.00	571.50	WCSP;0.990
586.50	591.00	WCSP;0.990
321.00	324.00	WIFL;0.855
297.00	301.50	WIWA;0.964
304.50	310.50	WIWA;0.984
313.50	319.50	WIWA;0.965
322.50	328.50	WIWA;0.987
345.00	349.50	WIWA;0.990
358.50	363.00	WIWA;0.995
373.50	378.00	WIWA;0.950
508.50	513.00	WIWA;0.863
553.50	558.00	WIWA;0.800
