117.00	121.50	CHSP;0.933
126.00	130.50	CHSP;0.800
181.50	187.50	CHSP;0.927
192.00	198.00	CHSP;0.979
201.00	211.50	CHSP;0.961
214.50	219.00	CHSP;0.979
222.00	226.50	CHSP;0.849
229.50	234.00	CHSP;0.942
237.00	243.00	CHSP;0.800
246.00	252.00	CHSP;0.869
253.50	258.00	CHSP;0.941
261.00	265.50	CHSP;0.958
271.50	276.00	CHSP;0.839
279.00	283.50	CHSP;0.875
286.50	292.50	CHSP;0.977
294.00	300.00	CHSP;0.972
72.00	75.00	MOCH;0.957
142.50	145.50	MOCH;0.925
276.00	279.00	MOCH;0.900
165.00	168.00	SNBU;0.847
7.50	12.00	WCSP;0.992
13.50	19.50	WCSP;0.991
22.50	27.00	WCSP;0.969
30.00	42.00	WCSP;0.996
48.00	57.00	WCSP;0.960
73.50	78.00	WCSP;0.978
82.50	85.50	WCSP;0.800
109.50	114.00	WCSP;0.953
123.00	127.50	WCSP;0.949
138.00	141.00	WCSP;0.800
157.50	162.00	WCSP;0.958
175.50	178.50	WCSP;0.800
189.00	193.50	WCSP;0.952
199.50	202.50	WCSP;0.800
211.50	216.00	WCSP;0.800
235.50	240.00	WCSP;0.800
268.50	271.50	WCSP;0.800
277.50	282.00	WCSP;0.909
6.00	9.00	WTSP;0.814
19.50	24.00	WTSP;0.989
33.00	39.00	WTSP;0.979
60.00	64.50	WTSP;0.985
79.50	85.50	WTSP;0.992
90.00	94.50	WTSP;0.800
99.00	103.50	WTSP;0.992
114.00	120.00	WTSP;0.986
129.00	139.50	WTSP;0.993
142.50	148.50	WTSP;0.987
153.00	159.00	WTSP;0.995
168.00	174.00	WTSP;0.992
181.50	186.00	WTSP;0.800
198.00	202.50	WTSP;0.800
211.50	214.50	WTSP;0.848
226.50	229.50	WTSP;0.800
255.00	258.00	WTSP;0.800
265.50	270.00	WTSP;0.977
4.50	9.00	WIWA;0.984
57.00	61.50	WIWA;0.992
85.50	90.00	WIWA;0.979
102.00	106.50	WIWA;0.990
114.00	120.00	WIWA;0.992
135.00	139.50	WIWA;0.993
145.50	150.00	WIWA;0.990
156.00	160.50	WIWA;0.988
166.50	172.50	WIWA;0.861
175.50	180.00	WIWA;0.984
184.50	190.50	WIWA;0.991
195.00	199.50	WIWA;0.978
205.50	210.00	WIWA;0.971
219.00	223.50	WIWA;0.989
231.00	237.00	WIWA;0.987
243.00	247.50	WIWA;0.987
255.00	259.50	WIWA;0.985
267.00	271.50	WIWA;0.980
277.50	282.00	WIWA;0.984
291.00	295.50	WIWA;0.993
48.00	51.00	YRWA;0.809
148.50	151.50	YRWA;0.907
