115.50	118.50	BCCH;0.948
0.00	3.00	FOSP;0.800
15.00	19.50	FOSP;0.925
33.00	37.50	FOSP;0.910
43.50	46.50	FOSP;0.800
54.00	60.00	FOSP;0.892
70.50	75.00	FOSP;0.905
84.00	88.50	FOSP;0.948
99.00	105.00	FOSP;0.982
118.50	123.00	FOSP;0.868
133.50	138.00	FOSP;0.895
142.50	147.00	FOSP;0.800
150.00	154.50	FOSP;0.862
166.50	171.00	FOSP;0.881
180.00	186.00	FOSP;0.976
202.50	207.00	FOSP;0.980
223.50	226.50	FOSP;0.800
241.50	246.00	FOSP;0.967
264.00	268.50	FOSP;0.957
285.00	289.50	FOSP;0.961
195.00	198.00	GCSP;0.884
222.00	225.00	GCSP;0.870
49.50	52.50	MOCH;0.883
13.50	18.00	WCSP;0.992
21.00	25.50	WCSP;0.988
27.00	36.00	WCSP;0.987
39.00	43.50	WCSP;0.899
54.00	57.00	WCSP;0.805
64.50	67.50	WCSP;0.800
69.00	73.50	WCSP;0.952
75.00	78.00	WCSP;0.955
81.00	88.50	WCSP;0.982
90.00	94.50	WCSP;0.956
96.00	100.50	WCSP;0.902
106.50	165.00	WCSP;0.997
166.50	174.00	WCSP;0.980
175.50	181.50	WCSP;1.000
183.00	196.50	WCSP;0.993
199.50	204.00	WCSP;0.970
205.50	217.50	WCSP;0.998
223.50	228.00	WCSP;0.882
231.00	243.00	WCSP;0.895
244.50	247.50	WCSP;0.800
253.50	258.00	WCSP;0.982
259.50	264.00	WCSP;0.985
271.50	277.50	WCSP;0.985
0.00	15.00	WTSP;0.999
16.50	22.50	WTSP;0.998
24.00	30.00	WTSP;0.994
36.00	51.00	WTSP;0.996
57.00	82.50	WTSP;0.999
88.50	99.00	WTSP;0.997
105.00	114.00	WTSP;0.975
124.50	135.00	WTSP;0.995
138.00	144.00	WTSP;0.865
153.00	169.50	WTSP;0.984
171.00	178.50	WTSP;0.996
184.50	202.50	WTSP;0.992
205.50	214.50	WTSP;0.997
216.00	223.50	WTSP;0.997
225.00	235.50	WTSP;0.996
237.00	241.50	WTSP;0.981
244.50	262.50	WTSP;0.993
268.50	274.50	WTSP;0.870
277.50	280.50	WTSP;0.800
282.00	286.50	WTSP;0.969
289.50	300.00	WTSP;0.989
