493.50	498.00	AMAV;0.905
0.00	4.50	AMRO;0.946
13.50	16.50	AMRO;0.800
18.00	21.00	AMRO;0.800
25.50	37.50	AMRO;0.982
42.00	49.50	AMRO;0.858
51.00	54.00	AMRO;0.800
78.00	81.00	AMRO;0.800
93.00	96.00	AMRO;0.949
103.50	111.00	AMRO;0.854
117.00	121.50	AMRO;0.800
190.50	193.50	AMRO;0.800
220.50	223.50	AMRO;0.800
249.00	253.50	AMRO;0.800
277.50	289.50	AMRO;0.938
297.00	300.00	AMRO;0.800
301.50	312.00	AMRO;0.866
321.00	325.50	AMRO;0.928
336.00	340.50	AMRO;0.824
348.00	357.00	AMRO;0.971
360.00	364.50	AMRO;0.800
370.50	375.00	AMRO;0.800
381.00	385.50	AMRO;0.800
390.00	394.50	AMRO;0.800
396.00	399.00	AMRO;0.800
420.00	423.00	AMRO;0.800
436.50	439.50	AMRO;0.800
514.50	522.00	AMRO;0.800
189.00	193.50	BAOR;0.839
78.00	81.00	BRSP;0.869
114.00	117.00	BRSP;0.835
282.00	285.00	BRSP;0.809
7.50	13.50	CHSP;0.970
21.00	27.00	CHSP;0.961
34.50	40.50	CHSP;0.975
48.00	54.00	CHSP;0.979
60.00	76.50	CHSP;0.991
78.00	91.50	CHSP;0.978
93.00	99.00	CHSP;0.975
102.00	108.00	CHSP;0.986
109.50	115.50	CHSP;0.992
120.00	124.50	CHSP;0.931
130.50	135.00	CHSP;0.980
142.50	145.50	CHSP;0.800
150.00	157.50	CHSP;0.981
160.50	171.00	CHSP;0.981
174.00	180.00	CHSP;0.947
183.00	190.50	CHSP;0.990
195.00	201.00	CHSP;0.993
204.00	210.00	CHSP;0.950
214.50	220.50	CHSP;0.977
222.00	229.50	CHSP;0.975
234.00	240.00	CHSP;0.973
244.50	250.50	CHSP;0.980
253.50	259.50	CHSP;0.936
264.00	270.00	CHSP;0.985
273.00	280.50	CHSP;0.990
283.50	291.00	CHSP;0.974
294.00	301.50	CHSP;0.978
306.00	312.00	CHSP;0.979
315.00	321.00	CHSP;0.957
325.50	331.50	CHSP;0.960
333.00	340.50	CHSP;0.938
345.00	352.50	CHSP;0.954
355.50	363.00	CHSP;0.962
366.00	370.50	CHSP;0.860
376.50	382.50	CHSP;0.958
387.00	393.00	CHSP;0.900
399.00	405.00	CHSP;0.968
411.00	417.00	CHSP;0.938
421.50	427.50	CHSP;0.915
433.50	438.00	CHSP;0.976
445.50	451.50	CHSP;0.971
456.00	462.00	CHSP;0.957
466.50	472.50	CHSP;0.964
475.50	481.50	CHSP;0.984
483.00	487.50	CHSP;0.800
489.00	495.00	CHSP;0.982
501.00	507.00	CHSP;0.984
511.50	519.00	CHSP;0.989
520.50	526.50	CHSP;0.962
531.00	537.00	CHSP;0.919
541.50	547.50	CHSP;0.961
552.00	558.00	CHSP;0.946
562.50	568.50	CHSP;0.958
574.50	580.50	CHSP;0.951
586.50	591.00	CHSP;0.863
580.50	585.00	EAKI;0.984
37.50	42.00	FOSP;0.837
48.00	52.50	FOSP;0.800
54.00	57.00	FOSP;0.800
63.00	67.50	FOSP;0.928
75.00	79.50	FOSP;0.887
87.00	94.50	FOSP;0.974
97.50	102.00	FOSP;0.901
109.50	114.00	FOSP;0.889
142.50	147.00	FOSP;0.912
156.00	160.50	FOSP;0.969
177.00	180.00	FOSP;0.800
196.50	201.00	FOSP;0.800
262.50	265.50	FOSP;0.800
469.50	472.50	FOSP;0.800
585.00	588.00	FOSP;0.800
45.00	48.00	GWTE;0.863
313.50	316.50	HASP;0.864
40.50	45.00	LISP;0.894
55.50	60.00	LISP;0.945
117.00	121.50	LISP;0.926
132.00	136.50	LISP;0.800
148.50	151.50	LISP;0.800
163.50	166.50	LISP;0.800
178.50	181.50	LISP;0.800
192.00	196.50	LISP;0.975
210.00	214.50	LISP;0.823
228.00	231.00	LISP;0.800
243.00	246.00	LISP;0.800
258.00	264.00	LISP;0.850
289.50	295.50	LISP;0.981
304.50	309.00	LISP;0.846
319.50	324.00	LISP;0.857
336.00	339.00	LISP;0.824
351.00	355.50	LISP;0.990
367.50	372.00	LISP;0.800
382.50	387.00	LISP;0.973
397.50	402.00	LISP;0.800
412.50	417.00	LISP;0.800
429.00	433.50	LISP;0.934
460.50	463.50	LISP;0.968
492.00	496.50	LISP;0.829
508.50	513.00	LISP;0.924
523.50	528.00	LISP;0.808
540.00	544.50	LISP;0.958
555.00	559.50	LISP;0.932
573.00	576.00	LISP;0.800
588.00	591.00	LISP;0.829
58.50	63.00	PISI;0.995
121.50	132.00	PISI;0.996
133.50	150.00	PISI;0.991
172.50	175.50	PISI;0.800
177.00	184.50	PISI;0.973
187.50	192.00	PISI;0.800
193.50	225.00	PISI;0.999
228.00	264.00	PISI;0.988
267.00	274.50	PISI;0.983
315.00	324.00	PISI;0.989
381.00	400.50	PISI;0.995
403.50	409.50	PISI;0.836
588.00	600.00	PISI;0.991
538.50	541.50	ROWR;0.820
229.50	232.50	TOSO;0.802
375.00	378.00	TOSO;0.966
298.50	301.50	WCSP;0.946
280.50	283.50	WTSP;0.821
333.00	337.50	WTSP;0.953
372.00	376.50	YRWA;0.969
