12.00	15.00	CHSP;0.851
63.00	67.50	CHSP;0.880
90.00	93.00	CHSP;0.868
97.50	100.50	CHSP;0.944
3.00	7.50	LISP;0.800
18.00	22.50	LISP;0.978
36.00	40.50	LISP;0.992
52.50	57.00	LISP;0.930
85.50	90.00	LISP;0.990
103.50	108.00	LISP;0.800
151.50	156.00	LISP;0.800
201.00	205.50	LISP;0.853
217.50	220.50	LISP;0.800
232.50	235.50	LISP;0.875
249.00	253.50	LISP;0.903
265.50	270.00	LISP;0.800
283.50	286.50	LISP;0.800
25.50	28.50	MOCH;0.800
73.50	76.50	MOCH;0.800
81.00	85.50	MOCH;0.872
88.50	96.00	MOCH;0.800
100.50	106.50	MOCH;0.800
109.50	118.50	MOCH;0.800
124.50	127.50	MOCH;0.975
130.50	133.50	MOCH;0.800
148.50	151.50	MOCH;0.800
160.50	163.50	MOCH;0.876
172.50	175.50	MOCH;0.800
178.50	181.50	MOCH;0.800
186.00	192.00	MOCH;0.800
244.50	247.50	MOCH;0.800
258.00	261.00	MOCH;0.800
276.00	282.00	MOCH;0.953
289.50	295.50	MOCH;0.800
0.00	3.00	VATH;0.913
66.00	70.50	WCSP;0.986
0.00	6.00	WTSP;0.987
22.50	28.50	WTSP;0.996
46.50	52.50	WTSP;0.995
70.50	76.50	WTSP;0.993
79.50	84.00	WTSP;0.936
85.50	96.00	WTSP;0.994
100.50	111.00	WTSP;0.997
112.50	117.00	WTSP;0.896
121.50	130.50	WTSP;0.997
132.00	148.50	WTSP;0.997
150.00	157.50	WTSP;0.990
160.50	165.00	WTSP;0.871
169.50	184.50	WTSP;0.995
186.00	192.00	WTSP;0.800
193.50	202.50	WTSP;0.953
232.50	240.00	WTSP;0.955
243.00	247.50	WTSP;0.912
256.50	261.00	WTSP;0.806
268.50	273.00	WTSP;0.938
276.00	285.00	WTSP;0.975
291.00	294.00	WTSP;0.833
