0.00	13.50	AMRO;0.991
57.00	84.00	AMRO;0.965
85.50	94.50	AMRO;0.976
99.00	129.00	AMRO;0.993
130.50	135.00	AMRO;0.974
138.00	142.50	AMRO;0.800
145.50	150.00	AMRO;0.829
151.50	159.00	AMRO;0.877
160.50	163.50	AMRO;0.800
165.00	174.00	AMRO;0.908
181.50	186.00	AMRO;0.902
189.00	196.50	AMRO;0.800
198.00	228.00	AMRO;0.996
229.50	234.00	AMRO;0.892
240.00	249.00	AMRO;0.984
250.50	253.50	AMRO;0.800
256.50	262.50	AMRO;0.993
267.00	276.00	AMRO;0.800
279.00	282.00	AMRO;0.970
289.50	294.00	AMRO;0.991
187.50	190.50	BHGR;0.815
280.50	283.50	BRSP;0.879
39.00	42.00	CAVI;0.824
16.50	21.00	CHSP;0.800
36.00	40.50	CHSP;0.987
69.00	72.00	CHSP;0.800
73.50	76.50	CHSP;0.800
114.00	118.50	CHSP;0.958
145.50	150.00	CHSP;0.857
153.00	160.50	CHSP;0.988
163.50	169.50	CHSP;0.985
174.00	178.50	CHSP;0.800
181.50	187.50	CHSP;0.988
192.00	198.00	CHSP;0.984
201.00	205.50	CHSP;0.979
208.50	214.50	CHSP;0.987
229.50	235.50	CHSP;0.971
241.50	249.00	CHSP;0.845
253.50	259.50	CHSP;0.986
264.00	270.00	CHSP;0.980
273.00	279.00	CHSP;0.988
283.50	288.00	CHSP;0.966
292.50	297.00	CHSP;0.994
175.50	180.00	CCSP;0.942
127.50	130.50	FOSP;0.966
142.50	145.50	FOSP;0.846
78.00	81.00	LISP;0.837
22.50	27.00	PAWR;0.822
165.00	172.50	RBGR;0.910
265.50	268.50	RBGR;0.801
294.00	297.00	RBGR;0.852
61.50	66.00	VATH;0.930
79.50	82.50	VATH;0.872
91.50	96.00	VATH;0.998
22.50	27.00	WAVI;0.987
28.50	39.00	WAVI;0.996
40.50	55.50	WAVI;0.995
82.50	87.00	WAVI;0.838
112.50	117.00	WAVI;0.979
121.50	126.00	WAVI;0.988
129.00	133.50	WAVI;0.992
135.00	141.00	WAVI;0.995
142.50	148.50	WAVI;0.923
150.00	154.50	WAVI;0.991
162.00	181.50	WAVI;0.998
184.50	189.00	WAVI;0.988
195.00	199.50	WAVI;0.995
207.00	211.50	WAVI;0.980
213.00	219.00	WAVI;0.997
220.50	241.50	WAVI;0.994
270.00	292.50	WAVI;0.997
295.50	300.00	WAVI;0.994
0.00	6.00	WTSP;0.980
12.00	18.00	WTSP;0.978
27.00	33.00	WTSP;0.994
43.50	49.50	WTSP;0.994
57.00	63.00	WTSP;0.994
69.00	79.50	WTSP;0.997
81.00	87.00	WTSP;0.990
93.00	99.00	WTSP;0.991
109.50	114.00	WTSP;0.997
123.00	129.00	WTSP;0.994
139.50	145.50	WTSP;0.989
159.00	165.00	WTSP;0.988
187.50	193.50	WTSP;0.987
211.50	216.00	WTSP;0.992
246.00	252.00	WTSP;0.997
265.50	271.50	WTSP;0.987
0.00	6.00	WIWA;0.988
24.00	27.00	WIWA;0.800
133.50	138.00	WIWA;0.978
139.50	144.00	WIWA;0.986
147.00	151.50	WIWA;0.991
157.50	160.50	WIWA;0.800
217.50	220.50	WIWA;0.800
226.50	231.00	WIWA;0.860
234.00	240.00	WIWA;0.990
243.00	247.50	WIWA;0.939
250.50	255.00	WIWA;0.992
259.50	264.00	WIWA;0.983
268.50	273.00	WIWA;0.969
276.00	282.00	WIWA;0.989
285.00	289.50	WIWA;0.980
294.00	298.50	WIWA;0.967
