265.50	268.50	EAME;0.902
52.50	55.50	FOSP;0.876
289.50	292.50	FOSP;0.969
37.50	40.50	LESA;0.868
0.00	3.00	MOCH;0.852
28.50	31.50	MOCH;0.800
33.00	42.00	MOCH;0.800
43.50	51.00	MOCH;0.886
57.00	60.00	MOCH;0.800
61.50	64.50	MOCH;0.907
67.50	70.50	MOCH;0.800
78.00	81.00	MOCH;0.953
90.00	94.50	MOCH;0.800
115.50	124.50	MOCH;0.898
132.00	135.00	MOCH;0.800
136.50	141.00	MOCH;0.803
142.50	145.50	MOCH;0.813
148.50	151.50	MOCH;0.800
154.50	162.00	MOCH;0.800
175.50	181.50	MOCH;0.889
187.50	192.00	MOCH;0.800
195.00	198.00	MOCH;0.800
199.50	202.50	MOCH;0.800
204.00	208.50	MOCH;0.800
217.50	220.50	MOCH;0.800
234.00	241.50	MOCH;0.800
243.00	249.00	MOCH;0.908
253.50	256.50	MOCH;0.800
258.00	261.00	MOCH;0.845
280.50	285.00	MOCH;0.800
288.00	292.50	MOCH;0.800
297.00	300.00	MOCH;0.802
103.50	106.50	SBDO;0.830
9.00	12.00	VATH;0.973
171.00	175.50	VATH;0.943
240.00	244.50	VATH;0.916
1.50	6.00	WCSP;0.991
16.50	24.00	WCSP;0.989
28.50	31.50	WCSP;0.800
79.50	84.00	WCSP;0.916
102.00	106.50	WCSP;0.973
166.50	169.50	WCSP;0.800
172.50	177.00	WCSP;0.800
184.50	187.50	WCSP;0.826
216.00	219.00	WCSP;0.878
228.00	232.50	WCSP;0.800
240.00	243.00	WCSP;0.800
252.00	255.00	WCSP;0.800
264.00	267.00	WCSP;0.857
0.00	3.00	WTSP;0.800
6.00	18.00	WTSP;0.992
19.50	31.50	WTSP;0.990
33.00	39.00	WTSP;0.996
40.50	45.00	WTSP;0.998
46.50	52.50	WTSP;0.916
54.00	60.00	WTSP;0.971
63.00	69.00	WTSP;0.983
72.00	82.50	WTSP;0.982
84.00	103.50	WTSP;0.995
105.00	172.50	WTSP;0.998
175.50	205.50	WTSP;0.996
207.00	225.00	WTSP;0.997
229.50	241.50	WTSP;0.990
244.50	253.50	WTSP;0.995
255.00	265.50	WTSP;0.983
267.00	276.00	WTSP;0.995
277.50	300.00	WTSP;0.998
