76.50	79.50	AMRO;0.800
102.00	106.50	AMRO;0.800
115.50	121.50	AMRO;0.800
129.00	133.50	AMRO;0.875
144.00	147.00	AMRO;0.800
150.00	153.00	AMRO;0.800
160.50	163.50	AMRO;0.800
171.00	175.50	AMRO;0.813
177.00	181.50	AMRO;0.940
187.50	192.00	AMRO;0.870
193.50	199.50	AMRO;0.981
201.00	210.00	AMRO;0.956
213.00	222.00	AMRO;0.961
226.50	253.50	AMRO;0.928
258.00	265.50	AMRO;0.993
267.00	276.00	AMRO;0.950
279.00	282.00	AMRO;0.800
291.00	325.50	AMRO;0.991
328.50	343.50	AMRO;0.989
345.00	358.50	AMRO;0.989
363.00	373.50	AMRO;0.949
375.00	384.00	AMRO;0.977
388.50	394.50	AMRO;0.862
412.50	421.50	AMRO;0.800
435.00	439.50	AMRO;0.853
451.50	456.00	AMRO;0.800
474.00	477.00	AMRO;0.807
483.00	489.00	AMRO;0.923
511.50	516.00	AMRO;0.800
517.50	522.00	AMRO;0.978
537.00	541.50	AMRO;0.919
543.00	549.00	AMRO;0.825
550.50	555.00	AMRO;0.905
585.00	589.50	AMRO;0.983
592.50	597.00	AMRO;0.800
367.50	370.50	CHSW;0.975
177.00	183.00	CHSP;0.986
193.50	198.00	CHSP;0.959
247.50	252.00	CHSP;0.815
304.50	307.50	CHSP;0.800
310.50	316.50	CHSP;0.990
321.00	327.00	CHSP;0.995
376.50	381.00	CHSP;0.800
435.00	439.50	CHSP;0.800
448.50	453.00	CHSP;0.918
459.00	465.00	CHSP;0.990
471.00	477.00	CHSP;0.989
484.50	490.50	CHSP;0.986
495.00	499.50	CHSP;0.979
549.00	556.50	CHSP;0.994
573.00	577.50	CHSP;0.993
186.00	189.00	CCSP;0.880
9.00	13.50	FOSP;0.992
22.50	27.00	FOSP;0.868
54.00	57.00	FOSP;0.800
81.00	85.50	FOSP;0.800
96.00	102.00	FOSP;0.855
112.50	117.00	FOSP;0.895
127.50	130.50	FOSP;0.800
154.50	159.00	FOSP;0.913
163.50	168.00	FOSP;0.800
181.50	184.50	FOSP;0.800
220.50	223.50	FOSP;0.800
373.50	378.00	FOSP;0.910
570.00	574.50	FOSP;0.800
586.50	591.00	FOSP;0.990
456.00	459.00	GRCA;0.861
492.00	495.00	GRCA;0.823
87.00	90.00	LISP;0.800
115.50	120.00	LISP;0.954
130.50	135.00	LISP;0.800
162.00	166.50	LISP;0.950
172.50	177.00	LISP;0.985
199.50	204.00	LISP;0.800
210.00	216.00	LISP;0.972
231.00	235.50	LISP;0.930
259.50	262.50	LISP;0.800
276.00	280.50	LISP;0.800
387.00	390.00	LISP;0.915
420.00	424.50	LISP;0.914
432.00	435.00	LISP;0.800
505.50	511.50	LISP;0.977
523.50	526.50	LISP;0.800
537.00	541.50	LISP;0.800
547.50	552.00	LISP;0.989
559.50	564.00	LISP;0.989
405.00	408.00	MOCH;0.969
460.50	463.50	MOCH;0.805
325.50	330.00	RBGR;0.968
361.50	364.50	RBGR;0.827
319.50	322.50	SBDO;0.801
229.50	232.50	SNBU;0.800
504.00	507.00	SOSA;0.960
282.00	286.50	SWSP;0.986
84.00	87.00	VATH;0.800
250.50	255.00	VATH;0.978
261.00	265.50	VATH;0.946
288.00	291.00	VATH;0.800
342.00	348.00	VATH;0.994
445.50	448.50	VATH;0.800
540.00	544.50	VATH;0.988
6.00	10.50	WCSP;0.994
15.00	19.50	WCSP;0.994
21.00	25.50	WCSP;0.982
27.00	31.50	WCSP;0.865
34.50	40.50	WCSP;0.990
43.50	48.00	WCSP;0.996
52.50	57.00	WCSP;0.972
63.00	67.50	WCSP;0.983
70.50	75.00	WCSP;0.969
78.00	81.00	WCSP;0.800
82.50	85.50	WCSP;0.800
88.50	91.50	WCSP;0.951
96.00	100.50	WCSP;0.856
103.50	108.00	WCSP;0.986
111.00	117.00	WCSP;0.989
118.50	123.00	WCSP;0.981
126.00	130.50	WCSP;0.982
133.50	138.00	WCSP;0.962
141.00	145.50	WCSP;0.992
151.50	156.00	WCSP;0.998
157.50	163.50	WCSP;0.991
166.50	171.00	WCSP;0.988
175.50	180.00	WCSP;0.991
184.50	189.00	WCSP;0.996
192.00	196.50	WCSP;0.992
202.50	207.00	WCSP;0.987
225.00	229.50	WCSP;0.993
241.50	246.00	WCSP;0.985
253.50	261.00	WCSP;0.997
265.50	270.00	WCSP;0.997
273.00	277.50	WCSP;0.978
316.50	319.50	WCSP;0.800
384.00	388.50	WCSP;0.800
399.00	405.00	WCSP;1.000
0.00	6.00	WTSP;0.996
16.50	22.50	WTSP;0.993
27.00	36.00	WTSP;0.992
37.50	46.50	WTSP;0.995
51.00	54.00	WTSP;0.800
60.00	76.50	WTSP;0.994
78.00	90.00	WTSP;0.990
91.50	99.00	WTSP;0.998
105.00	111.00	WTSP;0.995
120.00	129.00	WTSP;0.991
133.50	141.00	WTSP;0.890
144.00	150.00	WTSP;0.998
169.50	174.00	WTSP;0.970
183.00	186.00	WTSP;0.844
198.00	205.50	WTSP;0.800
207.00	213.00	WTSP;0.992
217.50	222.00	WTSP;0.800
223.50	228.00	WTSP;0.922
234.00	238.50	WTSP;0.943
244.50	252.00	WTSP;0.996
270.00	274.50	WTSP;0.985
391.50	397.50	WTSP;0.996
402.00	406.50	WTSP;0.984
409.50	415.50	WTSP;0.995
418.50	423.00	WTSP;0.981
426.00	432.00	WTSP;0.997
436.50	442.50	WTSP;0.986
447.00	453.00	WTSP;0.990
456.00	462.00	WTSP;0.998
466.50	474.00	WTSP;0.994
477.00	481.50	WTSP;0.990
486.00	492.00	WTSP;0.988
498.00	504.00	WTSP;0.993
511.50	519.00	WTSP;0.991
531.00	538.50	WTSP;0.996
546.00	550.50	WTSP;0.992
574.50	580.50	WTSP;0.992
589.50	595.50	WTSP;0.994
0.00	7.50	WIWA;0.968
15.00	21.00	WIWA;0.800
27.00	33.00	WIWA;0.965
40.50	45.00	WIWA;0.990
64.50	69.00	WIWA;0.887
72.00	79.50	WIWA;0.991
81.00	84.00	WIWA;0.800
88.50	93.00	WIWA;0.800
97.50	103.50	WIWA;0.969
108.00	115.50	WIWA;0.993
127.50	151.50	WIWA;0.989
153.00	172.50	WIWA;0.989
189.00	193.50	WIWA;0.991
195.00	199.50	WIWA;0.973
211.50	217.50	WIWA;0.966
237.00	243.00	WIWA;0.991
249.00	253.50	WIWA;0.983
289.50	294.00	WIWA;0.988
300.00	304.50	WIWA;0.987
307.50	318.00	WIWA;0.999
319.50	324.00	WIWA;0.985
333.00	343.50	WIWA;0.998
346.50	354.00	WIWA;0.993
355.50	364.50	WIWA;0.990
369.00	376.50	WIWA;0.992
381.00	387.00	WIWA;0.982
390.00	402.00	WIWA;0.999
405.00	418.50	WIWA;0.993
421.50	429.00	WIWA;0.995
433.50	441.00	WIWA;0.991
442.50	450.00	WIWA;0.980
451.50	457.50	WIWA;0.990
462.00	466.50	WIWA;0.989
474.00	487.50	WIWA;0.991
492.00	498.00	WIWA;0.991
499.50	505.50	WIWA;0.980
508.50	516.00	WIWA;0.993
517.50	523.50	WIWA;0.989
543.00	547.50	WIWA;0.964
555.00	561.00	WIWA;0.984
562.50	568.50	WIWA;0.992
571.50	576.00	WIWA;0.986
580.50	588.00	WIWA;0.991
594.00	598.50	WIWA;0.991
