3.00	18.00	AMRO;0.989
21.00	24.00	AMRO;0.800
28.50	31.50	AMRO;0.800
37.50	42.00	AMRO;0.984
48.00	51.00	AMRO;0.800
52.50	64.50	AMRO;0.958
69.00	75.00	AMRO;0.847
81.00	85.50	AMRO;0.800
90.00	93.00	AMRO;0.800
111.00	123.00	AMRO;0.800
136.50	139.50	AMRO;0.800
144.00	150.00	AMRO;0.800
151.50	172.50	AMRO;0.978
174.00	189.00	AMRO;0.976
192.00	196.50	AMRO;0.800
213.00	216.00	AMRO;0.800
253.50	258.00	AMRO;0.800
261.00	265.50	AMRO;0.800
294.00	298.50	AMRO;0.878
109.50	112.50	BRSP;0.809
0.00	6.00	CHSP;0.976
9.00	16.50	CHSP;0.981
18.00	24.00	CHSP;0.987
28.50	33.00	CHSP;0.981
34.50	42.00	CHSP;0.970
48.00	72.00	CHSP;0.994
73.50	181.50	CHSP;0.996
184.50	204.00	CHSP;0.991
207.00	220.50	CHSP;0.980
222.00	237.00	CHSP;0.989
238.50	244.50	CHSP;0.980
247.50	253.50	CHSP;0.806
267.00	273.00	CHSP;0.988
274.50	280.50	CHSP;0.993
283.50	300.00	CHSP;0.998
255.00	259.50	CCSP;0.962
279.00	282.00	CCSP;0.925
259.50	262.50	HETH;0.912
0.00	4.50	LISP;0.975
9.00	12.00	LISP;0.800
16.50	22.50	LISP;0.972
24.00	40.50	LISP;0.996
42.00	58.50	LISP;0.949
60.00	64.50	LISP;0.827
76.50	81.00	LISP;0.800
102.00	106.50	LISP;0.866
162.00	166.50	LISP;0.941
183.00	189.00	LISP;0.975
190.50	195.00	LISP;0.800
196.50	199.50	LISP;0.800
201.00	205.50	LISP;0.971
210.00	214.50	LISP;0.944
217.50	222.00	LISP;0.800
226.50	231.00	LISP;0.972
237.00	241.50	LISP;0.971
264.00	270.00	LISP;0.904
273.00	277.50	LISP;0.946
282.00	285.00	LISP;0.909
289.50	294.00	LISP;0.842
199.50	204.00	RBGR;0.846
240.00	244.50	WTSP;0.848
4.50	9.00	WIWA;0.983
13.50	18.00	WIWA;0.978
22.50	27.00	WIWA;0.970
31.50	36.00	WIWA;0.969
63.00	67.50	WIWA;0.845
70.50	75.00	WIWA;0.923
81.00	84.00	WIWA;0.800
90.00	94.50	WIWA;0.963
97.50	102.00	WIWA;0.893
106.50	111.00	WIWA;0.800
123.00	126.00	WIWA;0.800
130.50	133.50	WIWA;0.800
141.00	145.50	WIWA;0.825
150.00	154.50	WIWA;0.810
159.00	163.50	WIWA;0.967
169.50	174.00	WIWA;0.978
178.50	183.00	WIWA;0.978
187.50	192.00	WIWA;0.800
196.50	201.00	WIWA;0.800
205.50	210.00	WIWA;0.858
214.50	219.00	WIWA;0.800
225.00	229.50	WIWA;0.868
234.00	238.50	WIWA;0.987
241.50	247.50	WIWA;0.999
252.00	256.50	WIWA;0.986
258.00	267.00	WIWA;0.985
270.00	274.50	WIWA;0.979
279.00	285.00	WIWA;0.988
288.00	294.00	WIWA;0.907
