15.00	18.00	AMRO;0.918
271.50	276.00	AMRO;0.893
283.50	286.50	AMRO;0.874
162.00	165.00	EABL;0.910
28.50	31.50	EATO;0.891
22.50	27.00	FOSP;0.956
30.00	34.50	FOSP;0.962
39.00	42.00	FOSP;0.800
43.50	48.00	FOSP;0.977
54.00	60.00	FOSP;0.967
69.00	73.50	FOSP;0.983
78.00	82.50	FOSP;0.955
94.50	100.50	FOSP;0.976
148.50	153.00	GWTE;0.958
286.50	289.50	GWTE;0.813
121.50	126.00	LISP;0.869
214.50	219.00	LISP;0.883
246.00	249.00	LISP;0.839
277.50	280.50	LISP;0.955
294.00	298.50	LISP;0.975
99.00	102.00	MOCH;0.865
213.00	216.00	RUTU;0.870
129.00	133.50	VATH;0.977
139.50	144.00	VATH;0.800
171.00	175.50	VATH;0.839
184.50	189.00	VATH;0.983
207.00	210.00	VATH;0.813
225.00	229.50	VATH;0.840
274.50	277.50	VATH;0.800
51.00	55.50	WTSP;0.962
97.50	100.50	WTSP;0.802
106.50	111.00	WTSP;0.987
118.50	123.00	WTSP;0.989
129.00	133.50	WTSP;0.800
156.00	162.00	WTSP;0.985
168.00	171.00	WTSP;0.800
