6.00	9.00	BEWR;0.820
36.00	39.00	EATO;0.914
58.50	61.50	EATO;0.907
63.00	66.00	EATO;0.800
82.50	85.50	EATO;0.800
109.50	112.50	EATO;0.800
126.00	129.00	EATO;0.917
265.50	268.50	EATO;0.800
285.00	288.00	EATO;0.800
250.50	253.50	FISP;0.916
0.00	4.50	FOSP;0.800
10.50	15.00	FOSP;0.895
16.50	19.50	FOSP;0.800
25.50	34.50	FOSP;0.964
37.50	42.00	FOSP;0.966
43.50	57.00	FOSP;0.977
60.00	99.00	FOSP;0.991
102.00	109.50	FOSP;0.847
111.00	132.00	FOSP;0.915
135.00	144.00	FOSP;0.897
145.50	151.50	FOSP;0.979
154.50	159.00	FOSP;0.930
166.50	171.00	FOSP;0.815
192.00	196.50	FOSP;0.800
262.50	267.00	FOSP;0.946
286.50	291.00	FOSP;0.889
304.50	307.50	FOSP;0.800
310.50	315.00	FOSP;0.800
321.00	325.50	FOSP;0.831
328.50	333.00	FOSP;0.976
343.50	348.00	FOSP;0.851
358.50	363.00	FOSP;0.882
394.50	403.50	FOSP;0.943
409.50	414.00	FOSP;0.800
438.00	442.50	FOSP;0.916
580.50	585.00	FOSP;0.826
586.50	591.00	FOSP;0.834
181.50	184.50	GCSP;0.855
124.50	127.50	HETH;0.902
100.50	103.50	HOFI;0.858
12.00	15.00	MOCH;0.800
16.50	19.50	MOCH;0.800
105.00	108.00	MOCH;0.800
117.00	121.50	MOCH;0.800
130.50	136.50	MOCH;0.971
168.00	172.50	MOCH;0.900
184.50	187.50	MOCH;0.800
199.50	202.50	MOCH;0.800
219.00	225.00	MOCH;0.800
246.00	249.00	MOCH;0.800
255.00	258.00	MOCH;0.935
295.50	298.50	MOCH;0.980
304.50	307.50	MOCH;0.800
315.00	318.00	MOCH;0.800
340.50	343.50	MOCH;0.800
346.50	352.50	MOCH;0.800
355.50	358.50	MOCH;0.800
364.50	367.50	MOCH;0.800
406.50	411.00	MOCH;0.800
415.50	418.50	MOCH;0.800
424.50	427.50	MOCH;0.881
432.00	436.50	MOCH;0.871
450.00	457.50	MOCH;0.983
462.00	471.00	MOCH;0.861
484.50	489.00	MOCH;0.800
490.50	493.50	MOCH;0.818
504.00	510.00	MOCH;0.800
511.50	514.50	MOCH;0.800
516.00	519.00	MOCH;0.800
537.00	540.00	MOCH;0.876
547.50	550.50	MOCH;0.800
562.50	565.50	MOCH;0.800
567.00	570.00	MOCH;0.800
88.50	91.50	SOSP;0.913
18.00	21.00	VATH;0.800
190.50	193.50	VATH;0.800
195.00	198.00	VATH;0.800
226.50	229.50	VATH;0.800
246.00	249.00	VATH;0.800
441.00	445.50	VATH;0.979
520.50	525.00	VATH;0.985
546.00	549.00	VATH;0.800
559.50	564.00	VATH;0.969
499.50	504.00	WEWP;0.805
4.50	7.50	WCSP;0.857
16.50	21.00	WCSP;0.995
28.50	34.50	WCSP;0.985
40.50	48.00	WCSP;0.874
54.00	57.00	WCSP;0.800
63.00	67.50	WCSP;0.800
75.00	79.50	WCSP;0.825
102.00	106.50	WCSP;0.800
166.50	169.50	WCSP;0.800
192.00	196.50	WCSP;0.862
310.50	315.00	WCSP;0.851
322.50	325.50	WCSP;0.800
378.00	382.50	WCSP;0.800
394.50	397.50	WCSP;0.800
510.00	514.50	WCSP;0.946
549.00	553.50	WCSP;0.854
577.50	582.00	WCSP;0.982
592.50	595.50	WCSP;0.918
0.00	6.00	WTSP;0.991
7.50	18.00	WTSP;0.994
19.50	28.50	WTSP;1.000
34.50	37.50	WTSP;0.800
43.50	46.50	WTSP;0.800
51.00	61.50	WTSP;0.998
64.50	73.50	WTSP;0.992
85.50	94.50	WTSP;0.969
109.50	120.00	WTSP;0.993
121.50	126.00	WTSP;0.800
130.50	135.00	WTSP;0.979
138.00	142.50	WTSP;0.984
151.50	156.00	WTSP;0.989
160.50	165.00	WTSP;0.938
168.00	171.00	WTSP;0.800
174.00	180.00	WTSP;0.991
181.50	262.50	WTSP;1.000
264.00	322.50	WTSP;0.998
324.00	330.00	WTSP;0.999
333.00	357.00	WTSP;0.992
360.00	394.50	WTSP;0.996
403.50	409.50	WTSP;0.997
414.00	427.50	WTSP;0.992
432.00	436.50	WTSP;0.866
442.50	447.00	WTSP;0.987
448.50	453.00	WTSP;0.825
457.50	465.00	WTSP;0.986
466.50	475.50	WTSP;0.991
478.50	484.50	WTSP;0.993
486.00	493.50	WTSP;0.990
496.50	501.00	WTSP;0.987
505.50	513.00	WTSP;0.816
514.50	522.00	WTSP;0.995
525.00	531.00	WTSP;0.992
534.00	538.50	WTSP;0.992
541.50	547.50	WTSP;0.995
553.50	559.50	WTSP;0.994
564.00	570.00	WTSP;0.996
576.00	580.50	WTSP;0.946
585.00	588.00	WTSP;0.917
