57.00	60.00	AMDI;0.849
256.50	259.50	DEJU;0.810
6.00	9.00	LISP;0.817
24.00	27.00	LISP;0.857
40.50	43.50	LISP;0.806
213.00	216.00	LISP;0.819
88.50	91.50	SOSA;0.815
102.00	106.50	SOSA;0.939
138.00	142.50	SOSA;0.893
295.50	300.00	SOSA;0.972
1.50	4.50	VATH;0.800
9.00	27.00	VATH;0.980
46.50	51.00	VATH;0.986
63.00	67.50	VATH;0.825
70.50	73.50	VATH;0.800
82.50	87.00	VATH;0.800
97.50	102.00	VATH;0.983
109.50	114.00	VATH;0.967
118.50	123.00	VATH;0.992
135.00	139.50	VATH;0.809
150.00	154.50	VATH;0.975
165.00	169.50	VATH;0.983
175.50	186.00	VATH;0.982
190.50	196.50	VATH;0.978
201.00	205.50	VATH;0.870
223.50	228.00	VATH;0.967
249.00	253.50	VATH;0.800
261.00	265.50	VATH;0.978
279.00	283.50	VATH;0.869
43.50	46.50	WIWA;0.870
51.00	55.50	WIWA;0.988
58.50	63.00	WIWA;0.989
67.50	72.00	WIWA;0.993
76.50	82.50	WIWA;0.991
87.00	91.50	WIWA;0.993
96.00	100.50	WIWA;0.993
105.00	109.50	WIWA;0.993
114.00	120.00	WIWA;0.992
124.50	129.00	WIWA;0.992
133.50	138.00	WIWA;0.993
151.50	156.00	WIWA;0.991
172.50	177.00	WIWA;0.987
187.50	192.00	WIWA;0.977
204.00	208.50	WIWA;0.991
225.00	229.50	WIWA;0.991
235.50	240.00	WIWA;0.990
249.00	255.00	WIWA;0.991
264.00	268.50	WIWA;0.993
273.00	279.00	WIWA;0.990
283.50	288.00	WIWA;0.967
294.00	298.50	WIWA;0.991
