64.50	67.50	AMRO;0.947
70.50	73.50	AMRO;0.854
75.00	78.00	AMRO;0.909
130.50	133.50	AMRO;0.826
144.00	147.00	FISP;0.882
249.00	252.00	FOSP;0.876
186.00	189.00	MAMU;0.904
10.50	15.00	MOCH;0.959
58.50	61.50	MOCH;0.872
66.00	69.00	MOCH;0.869
235.50	238.50	SNBU;0.816
52.50	57.00	SWSP;0.800
106.50	111.00	SWSP;0.800
120.00	124.50	SWSP;0.816
132.00	135.00	SWSP;0.800
141.00	145.50	SWSP;0.877
153.00	156.00	SWSP;0.800
162.00	165.00	SWSP;0.800
172.50	175.50	SWSP;0.800
208.50	211.50	SWSP;0.800
216.00	222.00	SWSP;0.800
225.00	229.50	SWSP;0.933
232.50	237.00	SWSP;0.800
241.50	246.00	SWSP;0.981
250.50	255.00	SWSP;0.918
259.50	265.50	SWSP;0.979
271.50	276.00	SWSP;0.980
280.50	285.00	SWSP;0.994
289.50	295.50	SWSP;0.878
220.50	225.00	TOSO;0.972
3.00	7.50	WCSP;0.845
21.00	25.50	WCSP;0.970
36.00	40.50	WCSP;0.800
43.50	48.00	WCSP;0.906
55.50	60.00	WCSP;0.988
87.00	91.50	WCSP;0.938
117.00	121.50	WCSP;0.875
129.00	133.50	WCSP;0.985
138.00	141.00	WCSP;0.986
145.50	150.00	WCSP;0.984
154.50	159.00	WCSP;0.978
163.50	168.00	WCSP;0.800
174.00	177.00	WCSP;0.942
183.00	186.00	WCSP;0.929
192.00	196.50	WCSP;0.990
199.50	204.00	WCSP;0.964
210.00	213.00	WCSP;0.981
217.50	222.00	WCSP;0.800
228.00	231.00	WCSP;0.800
237.00	241.50	WCSP;0.967
246.00	250.50	WCSP;0.982
19.50	24.00	WTSP;0.800
60.00	63.00	WTSP;0.800
72.00	75.00	WTSP;0.800
99.00	103.50	WTSP;0.800
114.00	118.50	WTSP;0.800
135.00	139.50	WTSP;0.840
157.50	166.50	WTSP;0.996
169.50	175.50	WTSP;0.990
180.00	184.50	WTSP;0.907
189.00	196.50	WTSP;0.824
201.00	205.50	WTSP;0.800
211.50	216.00	WTSP;0.800
223.50	228.00	WTSP;0.822
231.00	234.00	WTSP;0.800
244.50	247.50	WTSP;0.800
255.00	258.00	WTSP;0.809
286.50	292.50	WTSP;0.993
297.00	300.00	WTSP;0.800
