130.50	133.50	BCCH;0.892
81.00	84.00	BRSP;0.801
15.00	21.00	CHSP;0.986
24.00	27.00	CHSP;0.800
33.00	37.50	CHSP;0.800
42.00	45.00	CHSP;0.800
49.50	52.50	CHSP;0.800
54.00	57.00	CHSP;0.800
70.50	73.50	CHSP;0.842
87.00	90.00	CHSP;0.800
102.00	106.50	CHSP;0.923
109.50	114.00	CHSP;0.946
117.00	121.50	CHSP;0.927
124.50	129.00	CHSP;0.988
132.00	136.50	CHSP;0.800
138.00	142.50	CHSP;0.956
145.50	150.00	CHSP;0.800
154.50	157.50	CHSP;0.800
159.00	162.00	CHSP;0.800
168.00	172.50	CHSP;0.953
174.00	178.50	CHSP;0.911
183.00	187.50	CHSP;0.971
189.00	193.50	CHSP;0.800
198.00	202.50	CHSP;0.944
204.00	208.50	CHSP;0.876
213.00	225.00	CHSP;0.990
229.50	232.50	CHSP;0.800
235.50	238.50	CHSP;0.800
243.00	249.00	CHSP;0.843
250.50	255.00	CHSP;0.949
258.00	262.50	CHSP;0.960
265.50	270.00	CHSP;0.964
271.50	277.50	CHSP;0.982
280.50	285.00	CHSP;0.967
286.50	291.00	CHSP;0.911
292.50	297.00	CHSP;0.800
52.50	57.00	FOSP;0.864
91.50	96.00	FOSP;0.952
121.50	124.50	FOSP;0.803
153.00	156.00	FOSP;0.852
171.00	175.50	FOSP;0.971
7.50	12.00	GCSP;0.992
19.50	24.00	GCSP;0.989
34.50	39.00	GCSP;0.993
48.00	52.50	GCSP;0.995
61.50	66.00	GCSP;0.985
75.00	79.50	GCSP;0.984
88.50	93.00	GCSP;0.987
100.50	105.00	GCSP;0.994
129.00	132.00	GCSP;0.962
144.00	147.00	GCSP;0.800
157.50	162.00	GCSP;0.978
175.50	180.00	GCSP;0.800
192.00	196.50	GCSP;0.956
210.00	216.00	GCSP;0.994
226.50	229.50	GCSP;0.970
240.00	244.50	GCSP;0.993
253.50	259.50	GCSP;0.993
283.50	288.00	GCSP;0.989
148.50	151.50	LISP;0.829
249.00	253.50	LISP;0.902
279.00	283.50	LISP;0.917
202.50	205.50	RECR;0.899
82.50	87.00	RCKI;0.924
97.50	100.50	RCKI;0.860
114.00	118.50	RCKI;0.870
150.00	154.50	RCKI;0.893
141.00	144.00	RUGR;0.801
0.00	4.50	WCSP;0.982
31.50	36.00	WCSP;0.954
40.50	45.00	WCSP;0.931
46.50	51.00	WCSP;0.976
55.50	58.50	WCSP;0.800
63.00	67.50	WCSP;0.996
78.00	82.50	WCSP;0.988
87.00	91.50	WCSP;0.941
94.50	99.00	WCSP;0.985
103.50	108.00	WCSP;0.964
111.00	115.50	WCSP;0.979
118.50	124.50	WCSP;0.990
126.00	132.00	WCSP;0.982
135.00	139.50	WCSP;0.989
144.00	148.50	WCSP;0.804
160.50	165.00	WCSP;0.977
177.00	181.50	WCSP;0.995
184.50	189.00	WCSP;0.800
190.50	196.50	WCSP;0.800
228.00	237.00	WCSP;0.931
267.00	273.00	WCSP;0.865
186.00	189.00	WIWA;0.800
199.50	204.00	WIWA;0.986
208.50	211.50	WIWA;0.800
214.50	219.00	WIWA;0.991
222.00	226.50	WIWA;0.800
