33.00	36.00	CHSW;0.859
229.50	232.50	CHSW;0.920
0.00	3.00	CHSP;0.823
270.00	274.50	CHSP;0.930
7.50	12.00	DEJU;0.810
84.00	87.00	LAZB;0.855
4.50	9.00	MOCH;0.890
69.00	72.00	MOCH;0.974
15.00	18.00	VATH;0.852
67.50	70.50	WTSP;0.835
30.00	34.50	WIWA;0.822
37.50	42.00	WIWA;0.959
43.50	48.00	WIWA;0.986
49.50	55.50	WIWA;0.986
58.50	63.00	WIWA;0.990
64.50	70.50	WIWA;0.987
73.50	79.50	WIWA;0.987
81.00	87.00	WIWA;0.986
90.00	94.50	WIWA;0.988
99.00	103.50	WIWA;0.975
106.50	111.00	WIWA;0.993
126.00	130.50	WIWA;0.986
144.00	148.50	WIWA;0.992
153.00	157.50	WIWA;0.990
162.00	166.50	WIWA;0.981
171.00	175.50	WIWA;0.988
181.50	186.00	WIWA;0.991
192.00	196.50	WIWA;0.988
201.00	207.00	WIWA;0.989
211.50	217.50	WIWA;0.987
220.50	226.50	WIWA;0.984
231.00	235.50	WIWA;0.941
238.50	244.50	WIWA;0.988
249.00	253.50	WIWA;0.986
267.00	271.50	WIWA;0.883
277.50	282.00	WIWA;0.994
286.50	291.00	WIWA;0.991
292.50	300.00	WIWA;0.993
