103.50	108.00	CHSP;0.800
117.00	121.50	CHSP;0.978
130.50	135.00	CHSP;0.979
138.00	144.00	CHSP;0.969
150.00	156.00	CHSP;0.990
159.00	165.00	CHSP;0.982
168.00	174.00	CHSP;0.976
178.50	187.50	CHSP;0.978
190.50	196.50	CHSP;0.975
199.50	205.50	CHSP;0.981
211.50	217.50	CHSP;0.981
223.50	229.50	CHSP;0.954
247.50	255.00	CHSP;0.979
264.00	270.00	CHSP;0.935
277.50	283.50	CHSP;0.982
288.00	294.00	CHSP;0.984
147.00	150.00	DEJU;0.845
186.00	189.00	DEJU;0.808
1.50	22.50	FOSP;0.954
30.00	36.00	FOSP;0.985
37.50	42.00	FOSP;0.899
43.50	63.00	FOSP;0.995
66.00	75.00	FOSP;0.800
82.50	88.50	FOSP;0.936
93.00	100.50	FOSP;0.827
108.00	112.50	FOSP;0.893
114.00	118.50	FOSP;0.800
120.00	127.50	FOSP;0.916
133.50	138.00	FOSP;0.955
139.50	142.50	FOSP;0.800
148.50	153.00	FOSP;0.900
171.00	175.50	FOSP;0.848
187.50	192.00	FOSP;0.925
202.50	207.00	FOSP;0.910
217.50	222.00	FOSP;0.811
232.50	237.00	FOSP;0.852
240.00	243.00	FOSP;0.800
244.50	247.50	FOSP;0.800
255.00	261.00	FOSP;0.908
262.50	267.00	FOSP;0.958
274.50	279.00	FOSP;0.959
285.00	289.50	FOSP;0.931
297.00	300.00	FOSP;0.800
163.50	169.50	PIWA;0.885
189.00	193.50	SOSA;0.938
99.00	103.50	SWSP;0.919
114.00	117.00	SWSP;0.868
259.50	262.50	SWSP;0.821
283.50	286.50	SWSP;0.827
7.50	15.00	VATH;0.800
25.50	31.50	VATH;0.988
69.00	72.00	VATH;0.800
79.50	84.00	VATH;0.942
90.00	94.50	VATH;0.800
102.00	106.50	VATH;0.923
118.50	121.50	VATH;0.800
136.50	141.00	VATH;0.800
147.00	150.00	VATH;0.800
157.50	162.00	VATH;0.800
181.50	184.50	VATH;0.800
208.50	211.50	VATH;0.802
270.00	274.50	VATH;0.800
282.00	286.50	VATH;0.800
291.00	295.50	VATH;0.800
78.00	81.00	WTSP;0.962
88.50	93.00	WTSP;0.946
42.00	45.00	WIWA;0.819
70.50	73.50	WIWA;0.800
112.50	115.50	WIWA;0.800
142.50	145.50	WIWA;0.800
196.50	201.00	WIWA;0.907
207.00	211.50	WIWA;0.967
228.00	231.00	WIWA;0.800
261.00	264.00	WIWA;0.800
271.50	276.00	WIWA;0.946
