0.00	9.00	AMRO;0.973
12.00	15.00	AMRO;0.800
22.50	27.00	AMRO;0.973
30.00	36.00	AMRO;0.993
37.50	45.00	AMRO;0.976
49.50	54.00	AMRO;0.954
57.00	61.50	AMRO;0.870
66.00	70.50	AMRO;0.800
73.50	79.50	AMRO;0.938
81.00	87.00	AMRO;0.910
88.50	96.00	AMRO;0.991
102.00	117.00	AMRO;0.980
120.00	124.50	AMRO;0.990
127.50	135.00	AMRO;0.939
136.50	141.00	AMRO;0.919
144.00	153.00	AMRO;0.966
154.50	163.50	AMRO;0.991
166.50	172.50	AMRO;0.856
174.00	183.00	AMRO;0.998
186.00	192.00	AMRO;0.972
198.00	207.00	AMRO;0.990
213.00	219.00	AMRO;0.982
223.50	228.00	AMRO;0.981
232.50	241.50	AMRO;0.986
244.50	252.00	AMRO;0.994
261.00	268.50	AMRO;0.938
280.50	295.50	AMRO;0.971
298.50	303.00	AMRO;0.975
306.00	312.00	AMRO;0.993
313.50	318.00	AMRO;0.800
321.00	328.50	AMRO;0.928
331.50	336.00	AMRO;0.804
340.50	343.50	AMRO;0.800
346.50	354.00	AMRO;0.948
357.00	363.00	AMRO;0.952
364.50	369.00	AMRO;0.956
372.00	376.50	AMRO;0.988
378.00	387.00	AMRO;0.980
402.00	406.50	AMRO;0.800
414.00	418.50	AMRO;0.981
421.50	427.50	AMRO;0.966
429.00	433.50	AMRO;0.973
502.50	510.00	AMRO;0.988
516.00	526.50	AMRO;0.996
529.50	535.50	AMRO;0.995
537.00	543.00	AMRO;0.985
550.50	556.50	AMRO;0.871
559.50	565.50	AMRO;0.993
570.00	576.00	AMRO;0.990
583.50	592.50	AMRO;0.993
69.00	72.00	BAOR;0.861
241.50	244.50	BHVI;0.901
579.00	583.50	BRSP;0.933
3.00	7.50	CHSW;0.943
30.00	33.00	CHSW;0.800
61.50	66.00	CHSW;0.800
69.00	73.50	CHSW;0.800
100.50	103.50	CHSW;0.800
106.50	111.00	CHSW;0.800
118.50	123.00	CHSW;0.800
171.00	175.50	CHSW;0.800
220.50	223.50	CHSW;0.800
250.50	255.00	CHSW;0.939
258.00	261.00	CHSW;0.800
270.00	273.00	CHSW;0.800
276.00	279.00	CHSW;0.800
288.00	294.00	CHSW;0.800
336.00	339.00	CHSW;0.800
342.00	345.00	CHSW;0.800
400.50	403.50	CHSW;0.800
420.00	423.00	CHSW;0.800
426.00	429.00	CHSW;0.800
499.50	504.00	CHSW;0.904
535.50	538.50	CHSW;0.800
543.00	547.50	CHSW;0.800
562.50	567.00	CHSW;0.800
591.00	594.00	CHSW;0.800
15.00	18.00	FOSP;0.800
34.50	39.00	FOSP;0.800
52.50	55.50	FOSP;0.800
66.00	69.00	FOSP;0.800
117.00	121.50	FOSP;0.800
123.00	136.50	FOSP;0.832
153.00	157.50	FOSP;0.800
162.00	171.00	FOSP;0.930
181.50	184.50	FOSP;0.893
189.00	193.50	FOSP;0.870
201.00	204.00	FOSP;0.800
217.50	226.50	FOSP;0.977
229.50	234.00	FOSP;0.947
240.00	244.50	FOSP;0.800
265.50	270.00	FOSP;0.800
279.00	282.00	FOSP;0.800
295.50	298.50	FOSP;0.800
316.50	322.50	FOSP;0.953
375.00	379.50	FOSP;0.800
390.00	393.00	FOSP;0.800
7.50	10.50	GCSP;0.950
22.50	25.50	HETH;0.800
210.00	216.00	HETH;0.972
219.00	222.00	HETH;0.800
421.50	426.00	HETH;0.800
432.00	435.00	HETH;0.800
462.00	465.00	HETH;0.800
469.50	472.50	HETH;0.800
474.00	478.50	HETH;0.965
481.50	495.00	HETH;0.927
501.00	517.50	HETH;0.991
523.50	531.00	HETH;0.981
537.00	541.50	HETH;0.861
547.50	561.00	HETH;0.995
565.50	573.00	HETH;0.995
574.50	579.00	HETH;0.992
358.50	361.50	LISP;0.919
481.50	484.50	MOCH;0.802
130.50	138.00	PISI;0.849
139.50	157.50	PISI;0.999
333.00	343.50	PISI;0.981
378.00	382.50	PISI;0.896
384.00	390.00	PISI;0.993
393.00	402.00	PISI;0.997
462.00	471.00	PISI;0.996
486.00	492.00	PISI;0.800
117.00	121.50	SOSP;0.963
123.00	136.50	SOSP;0.874
160.50	165.00	SOSP;0.919
168.00	172.50	SOSP;0.922
181.50	186.00	SOSP;0.800
201.00	210.00	SOSP;0.987
216.00	222.00	SOSP;0.884
228.00	238.50	SOSP;0.898
240.00	243.00	SOSP;0.800
354.00	358.50	SOSP;0.800
208.50	211.50	SWSP;0.930
418.50	421.50	SWSP;0.863
436.50	439.50	SWSP;0.844
9.00	12.00	TEWA;0.800
87.00	90.00	TEWA;0.800
151.50	156.00	TEWA;0.800
199.50	202.50	TEWA;0.800
268.50	279.00	TEWA;0.800
280.50	286.50	TEWA;0.890
298.50	309.00	TEWA;0.968
310.50	315.00	TEWA;0.913
348.00	360.00	TEWA;0.988
361.50	366.00	TEWA;0.988
367.50	373.50	TEWA;0.911
387.00	390.00	TEWA;0.800
406.50	412.50	TEWA;0.982
426.00	432.00	TEWA;0.912
433.50	438.00	TEWA;0.934
445.50	450.00	TEWA;0.972
451.50	456.00	TEWA;0.970
472.50	477.00	TEWA;0.976
478.50	484.50	TEWA;0.972
492.00	498.00	TEWA;0.940
543.00	549.00	TEWA;0.800
570.00	574.50	TEWA;0.800
576.00	580.50	TEWA;0.952
582.00	585.00	TEWA;0.800
0.00	3.00	WCSP;0.983
24.00	28.50	WCSP;0.890
33.00	37.50	WCSP;0.965
42.00	46.50	WCSP;0.932
51.00	55.50	WCSP;0.809
63.00	67.50	WCSP;0.982
76.50	81.00	WCSP;0.980
124.50	129.00	WCSP;0.929
163.50	166.50	WTSP;0.811
184.50	189.00	WTSP;0.885
237.00	241.50	WTSP;0.980
276.00	279.00	WOTH;0.868
