106.50	109.50	BTNW;0.808
256.50	259.50	CHSP;0.837
276.00	279.00	CHSP;0.843
67.50	70.50	FOSP;0.800
76.50	81.00	FOSP;0.971
85.50	88.50	FOSP;0.907
94.50	99.00	FOSP;0.859
127.50	130.50	FOSP;0.800
138.00	141.00	FOSP;0.852
147.00	151.50	FOSP;0.959
156.00	159.00	FOSP;0.800
163.50	168.00	FOSP;0.800
172.50	175.50	FOSP;0.981
180.00	184.50	FOSP;0.919
189.00	193.50	FOSP;0.861
198.00	202.50	FOSP;0.915
214.50	219.00	FOSP;0.859
223.50	226.50	FOSP;0.800
232.50	237.00	FOSP;0.961
244.50	249.00	FOSP;0.845
286.50	289.50	FOSP;0.800
295.50	300.00	FOSP;0.813
288.00	291.00	LASP;0.809
0.00	3.00	LISP;0.961
9.00	13.50	LISP;0.800
18.00	22.50	LISP;0.923
27.00	31.50	LISP;0.847
37.50	42.00	LISP;0.968
46.50	51.00	LISP;0.983
55.50	60.00	LISP;0.987
64.50	69.00	LISP;0.958
73.50	78.00	LISP;0.987
82.50	87.00	LISP;0.990
91.50	96.00	LISP;0.991
102.00	106.50	LISP;0.939
111.00	115.50	LISP;0.902
121.50	124.50	LISP;0.800
130.50	133.50	LISP;0.800
154.50	157.50	LISP;0.800
165.00	168.00	LISP;0.952
175.50	178.50	LISP;0.964
184.50	189.00	LISP;0.800
195.00	199.50	LISP;0.962
205.50	210.00	LISP;0.871
216.00	220.50	LISP;0.816
226.50	231.00	LISP;0.800
238.50	241.50	LISP;0.800
250.50	253.50	LISP;0.800
259.50	264.00	LISP;0.980
271.50	274.50	LISP;0.800
282.00	286.50	LISP;0.947
292.50	297.00	LISP;0.800
9.00	13.50	ROWR;0.900
120.00	123.00	ROWR;0.952
153.00	156.00	ROWR;0.895
174.00	177.00	ROWR;0.882
184.50	187.50	ROWR;0.857
205.50	208.50	ROWR;0.867
270.00	273.00	ROWR;0.862
292.50	295.50	ROWR;0.864
70.50	75.00	WCSP;0.863
