0.00	3.00	AMRO;0.800
4.50	7.50	AMRO;0.912
15.00	19.50	AMRO;0.800
21.00	27.00	AMRO;0.986
28.50	42.00	AMRO;0.913
48.00	58.50	AMRO;0.901
60.00	64.50	AMRO;0.961
66.00	69.00	AMRO;0.800
70.50	76.50	AMRO;0.966
99.00	108.00	AMRO;0.884
115.50	124.50	AMRO;0.800
129.00	133.50	AMRO;0.800
135.00	139.50	AMRO;0.805
141.00	145.50	AMRO;0.800
172.50	175.50	AMRO;0.800
177.00	181.50	AMRO;0.973
184.50	190.50	AMRO;0.944
192.00	196.50	AMRO;0.806
198.00	207.00	AMRO;0.938
208.50	211.50	AMRO;0.800
214.50	219.00	AMRO;0.956
222.00	225.00	AMRO;0.800
226.50	232.50	AMRO;0.995
235.50	238.50	AMRO;0.838
247.50	252.00	AMRO;0.885
274.50	279.00	AMRO;0.800
280.50	285.00	AMRO;0.835
291.00	295.50	AMRO;0.976
259.50	264.00	CHSW;0.914
0.00	4.50	CHSP;0.800
6.00	10.50	CHSP;0.800
13.50	22.50	CHSP;0.829
27.00	31.50	CHSP;0.870
33.00	36.00	CHSP;0.800
39.00	102.00	CHSP;1.000
103.50	108.00	CHSP;0.963
109.50	201.00	CHSP;0.998
205.50	211.50	CHSP;0.979
214.50	220.50	CHSP;0.962
223.50	228.00	CHSP;0.912
231.00	238.50	CHSP;0.988
240.00	246.00	CHSP;0.850
268.50	271.50	CHSP;0.800
276.00	282.00	CHSP;0.896
286.50	291.00	CHSP;0.808
294.00	300.00	CHSP;0.891
151.50	154.50	DEJU;0.901
108.00	111.00	EAME;0.880
123.00	126.00	FOSP;0.813
138.00	142.50	FOSP;0.844
205.50	208.50	FOSP;0.855
213.00	216.00	FOSP;0.804
288.00	291.00	FOSP;0.839
93.00	96.00	GRCA;0.898
79.50	82.50	PIGR;0.930
219.00	222.00	PISI;0.857
3.00	6.00	RBGR;0.874
33.00	36.00	RBGR;0.808
255.00	258.00	SNBU;0.885
238.50	241.50	WCSP;0.909
