12.00	15.00	AMRO;0.800
21.00	25.50	AMRO;0.911
28.50	33.00	AMRO;0.964
34.50	43.50	AMRO;0.972
51.00	54.00	AMRO;0.800
57.00	72.00	AMRO;0.986
73.50	79.50	AMRO;0.800
81.00	85.50	AMRO;0.800
88.50	96.00	AMRO;0.950
97.50	102.00	AMRO;0.800
120.00	127.50	AMRO;0.928
130.50	133.50	AMRO;0.800
138.00	145.50	AMRO;0.800
151.50	156.00	AMRO;0.857
159.00	162.00	AMRO;0.800
171.00	175.50	AMRO;0.800
177.00	186.00	AMRO;0.805
226.50	229.50	AMRO;0.800
247.50	250.50	AMRO;0.800
255.00	259.50	AMRO;0.915
268.50	271.50	AMRO;0.800
279.00	282.00	AMRO;0.800
114.00	118.50	FOSP;0.835
132.00	135.00	FOSP;0.800
151.50	154.50	FOSP;0.800
195.00	199.50	FOSP;0.800
207.00	214.50	FOSP;0.800
223.50	228.00	FOSP;0.920
232.50	241.50	FOSP;0.940
253.50	256.50	FOSP;0.800
258.00	262.50	FOSP;0.800
273.00	277.50	FOSP;0.800
288.00	292.50	FOSP;0.800
9.00	13.50	LISP;0.800
63.00	67.50	LISP;0.800
81.00	85.50	LISP;0.800
129.00	133.50	LISP;0.800
141.00	144.00	LISP;0.846
151.50	154.50	LISP;0.856
172.50	177.00	LISP;0.959
184.50	189.00	LISP;0.800
196.50	199.50	LISP;0.811
216.00	220.50	LISP;0.954
226.50	229.50	LISP;0.800
235.50	238.50	LISP;0.800
256.50	259.50	LISP;0.800
81.00	84.00	MOCH;0.813
204.00	207.00	MOCH;0.980
258.00	261.00	PUFI;0.832
13.50	16.50	RBGR;0.908
294.00	298.50	SAPH;0.924
0.00	4.50	WCSP;0.988
15.00	19.50	WCSP;0.990
27.00	31.50	WCSP;0.981
40.50	45.00	WCSP;0.800
46.50	49.50	WCSP;0.800
58.50	63.00	WCSP;0.990
93.00	97.50	WCSP;0.848
105.00	109.50	WCSP;0.986
111.00	115.50	WCSP;0.966
118.50	123.00	WCSP;0.982
133.50	141.00	WCSP;0.947
147.00	151.50	WCSP;0.963
160.50	165.00	WCSP;0.963
175.50	180.00	WCSP;0.992
189.00	193.50	WCSP;0.982
201.00	205.50	WCSP;0.991
213.00	217.50	WCSP;0.996
219.00	223.50	WCSP;0.932
228.00	232.50	WCSP;0.985
241.50	246.00	WCSP;0.997
250.50	256.50	WCSP;0.874
261.00	265.50	WCSP;0.981
276.00	280.50	WCSP;0.991
288.00	294.00	WCSP;0.810
1.50	18.00	WTSP;0.996
19.50	30.00	WTSP;0.990
31.50	36.00	WTSP;0.893
37.50	49.50	WTSP;0.988
52.50	58.50	WTSP;0.994
66.00	73.50	WTSP;0.994
76.50	84.00	WTSP;0.996
88.50	105.00	WTSP;0.995
109.50	118.50	WTSP;0.916
121.50	130.50	WTSP;0.988
133.50	141.00	WTSP;0.994
145.50	153.00	WTSP;0.964
171.00	175.50	WTSP;0.948
178.50	198.00	WTSP;0.989
202.50	205.50	WTSP;0.800
207.00	216.00	WTSP;0.927
217.50	222.00	WTSP;0.800
225.00	235.50	WTSP;0.918
240.00	255.00	WTSP;0.991
259.50	268.50	WTSP;0.997
270.00	279.00	WTSP;0.991
283.50	289.50	WTSP;0.991
297.00	300.00	WTSP;0.991
