7.50	12.00	AMRO;0.826
21.00	24.00	AMRO;0.800
25.50	28.50	AMRO;0.800
54.00	61.50	AMRO;0.929
81.00	85.50	AMRO;0.903
94.50	99.00	AMRO;0.959
115.50	121.50	AMRO;0.954
145.50	148.50	AMRO;0.800
153.00	157.50	AMRO;0.800
163.50	168.00	AMRO;0.800
175.50	183.00	AMRO;0.800
193.50	201.00	AMRO;0.883
208.50	213.00	AMRO;0.800
243.00	246.00	AMRO;0.800
258.00	261.00	AMRO;0.800
276.00	280.50	AMRO;0.894
0.00	6.00	CHSP;0.923
9.00	21.00	CHSP;0.928
24.00	28.50	CHSP;0.947
33.00	37.50	CHSP;0.877
46.50	51.00	CHSP;0.835
57.00	63.00	CHSP;0.982
67.50	72.00	CHSP;0.945
78.00	81.00	CHSP;0.800
85.50	91.50	CHSP;0.947
97.50	111.00	CHSP;0.980
114.00	118.50	CHSP;0.838
126.00	130.50	CHSP;0.800
135.00	139.50	CHSP;0.971
145.50	150.00	CHSP;0.800
157.50	163.50	CHSP;0.974
168.00	172.50	CHSP;0.937
177.00	183.00	CHSP;0.956
187.50	192.00	CHSP;0.923
196.50	201.00	CHSP;0.979
202.50	208.50	CHSP;0.938
213.00	217.50	CHSP;0.938
222.00	235.50	CHSP;0.953
238.50	243.00	CHSP;0.938
247.50	253.50	CHSP;0.967
256.50	262.50	CHSP;0.961
264.00	268.50	CHSP;0.942
273.00	277.50	CHSP;0.943
280.50	292.50	CHSP;0.975
294.00	300.00	CHSP;0.938
132.00	135.00	CCSP;0.909
216.00	219.00	EAME;0.862
0.00	4.50	FOSP;0.869
10.50	15.00	FOSP;0.800
18.00	22.50	FOSP;0.979
31.50	36.00	FOSP;0.891
37.50	40.50	FOSP;0.800
46.50	52.50	FOSP;0.977
61.50	69.00	FOSP;0.800
79.50	82.50	FOSP;0.867
85.50	88.50	FOSP;0.800
91.50	96.00	FOSP;0.850
97.50	100.50	FOSP;0.800
106.50	115.50	FOSP;0.962
120.00	124.50	FOSP;0.965
127.50	132.00	FOSP;0.918
199.50	204.00	FOSP;0.889
210.00	219.00	FOSP;0.884
220.50	225.00	FOSP;0.930
226.50	240.00	FOSP;0.977
244.50	247.50	FOSP;0.800
252.00	256.50	FOSP;0.875
259.50	265.50	FOSP;0.966
270.00	274.50	FOSP;0.873
279.00	283.50	FOSP;0.807
285.00	289.50	FOSP;0.800
294.00	297.00	FOSP;0.800
55.50	60.00	GWTE;0.835
144.00	147.00	NOCA;0.825
0.00	10.50	PISI;0.990
15.00	18.00	PISI;0.800
19.50	33.00	PISI;0.989
39.00	42.00	PISI;0.800
144.00	148.50	PISI;0.818
150.00	153.00	PISI;0.800
165.00	169.50	PISI;0.800
193.50	198.00	PISI;0.889
201.00	205.50	PISI;0.800
207.00	211.50	PISI;0.800
241.50	255.00	PISI;0.992
267.00	271.50	TOSO;0.890
4.50	9.00	WCSP;0.985
34.50	40.50	WCSP;0.957
43.50	48.00	WCSP;0.981
51.00	57.00	WCSP;0.985
60.00	64.50	WCSP;0.833
69.00	73.50	WCSP;0.981
99.00	103.50	WCSP;0.979
112.50	118.50	WCSP;0.960
123.00	129.00	WCSP;0.884
147.00	151.50	WCSP;0.935
165.00	169.50	WCSP;0.900
175.50	180.00	WCSP;0.979
189.00	193.50	WCSP;0.937
217.50	220.50	WCSP;0.800
231.00	234.00	WCSP;0.800
279.00	282.00	WCSP;0.800
193.50	198.00	YRWA;0.969
