199.50	204.00	ATSP;0.981
220.50	226.50	CHSP;0.972
250.50	255.00	CHSP;0.938
1.50	7.50	FOSP;0.955
18.00	24.00	FOSP;0.969
36.00	40.50	FOSP;0.800
51.00	55.50	FOSP;0.836
64.50	69.00	FOSP;0.964
72.00	76.50	FOSP;0.889
81.00	85.50	FOSP;0.883
88.50	93.00	FOSP;0.815
97.50	100.50	FOSP;0.800
108.00	111.00	FOSP;0.815
115.50	121.50	FOSP;0.971
126.00	129.00	FOSP;0.800
130.50	139.50	FOSP;0.881
144.00	150.00	FOSP;0.940
154.50	159.00	FOSP;0.800
163.50	169.50	FOSP;0.891
184.50	187.50	FOSP;0.873
205.50	210.00	FOSP;0.964
217.50	222.00	FOSP;0.834
223.50	226.50	FOSP;0.800
16.50	21.00	GCSP;0.984
247.50	250.50	GCSP;0.807
9.00	13.50	MOCH;0.800
43.50	48.00	MOCH;0.846
57.00	61.50	MOCH;0.800
63.00	66.00	MOCH;0.953
70.50	73.50	MOCH;0.800
94.50	97.50	MOCH;0.802
148.50	151.50	MOCH;0.800
153.00	156.00	MOCH;0.800
162.00	165.00	MOCH;0.935
174.00	177.00	MOCH;0.800
180.00	183.00	MOCH;0.800
240.00	244.50	MOCH;0.974
250.50	253.50	MOCH;0.800
265.50	274.50	MOCH;0.907
103.50	106.50	PISI;0.853
280.50	285.00	PISI;0.936
154.50	159.00	SNBU;0.887
177.00	180.00	SNBU;0.833
10.50	13.50	WCSP;0.845
31.50	36.00	WCSP;0.809
96.00	100.50	WTSP;0.955
118.50	124.50	WTSP;0.995
141.00	145.50	WTSP;0.990
150.00	156.00	WTSP;0.995
169.50	177.00	WTSP;0.996
180.00	186.00	WTSP;0.800
192.00	202.50	WTSP;0.995
210.00	220.50	WTSP;0.993
231.00	235.50	WTSP;0.800
238.50	244.50	WTSP;0.942
246.00	250.50	WTSP;0.800
262.50	273.00	WTSP;0.994
297.00	300.00	WTSP;0.913
6.00	10.50	YRWA;0.995
67.50	72.00	YRWA;0.983
82.50	87.00	YRWA;0.990
100.50	105.00	YRWA;0.992
114.00	118.50	YRWA;0.826
127.50	132.00	YRWA;0.991
181.50	186.00	YRWA;0.966
196.50	201.00	YRWA;0.989
211.50	217.50	YRWA;0.988
226.50	229.50	YRWA;0.800
235.50	240.00	YRWA;0.973
259.50	264.00	YRWA;0.800
282.00	286.50	YRWA;0.982
294.00	298.50	YRWA;0.990
