39.00	42.00	AMRO;0.800
73.50	78.00	AMRO;0.990
87.00	91.50	AMRO;0.967
120.00	126.00	AMRO;0.990
132.00	136.50	AMRO;0.800
142.50	147.00	AMRO;0.960
151.50	156.00	AMRO;0.983
157.50	162.00	AMRO;0.899
165.00	175.50	AMRO;0.925
189.00	193.50	AMRO;0.931
195.00	202.50	AMRO;0.800
204.00	210.00	AMRO;0.953
211.50	214.50	AMRO;0.800
216.00	228.00	AMRO;0.991
237.00	247.50	AMRO;0.947
262.50	265.50	AMRO;0.800
33.00	36.00	BHVI;0.885
228.00	231.00	CAFI;0.914
21.00	24.00	FOSP;0.800
34.50	39.00	FOSP;0.800
48.00	51.00	FOSP;0.800
79.50	82.50	FOSP;0.800
97.50	102.00	FOSP;0.800
126.00	129.00	FOSP;0.800
150.00	153.00	FOSP;0.800
193.50	196.50	FOSP;0.800
213.00	217.50	FOSP;0.918
234.00	238.50	FOSP;0.800
252.00	256.50	FOSP;0.926
267.00	271.50	FOSP;0.971
279.00	283.50	FOSP;0.824
292.50	298.50	FOSP;0.800
124.50	127.50	GWTE;0.802
168.00	171.00	LALO;0.816
6.00	10.50	LISP;0.991
18.00	22.50	LISP;0.938
27.00	31.50	LISP;0.875
37.50	42.00	LISP;0.983
57.00	61.50	LISP;0.938
79.50	84.00	LISP;0.935
88.50	93.00	LISP;0.970
100.50	103.50	LISP;0.800
109.50	114.00	LISP;0.800
118.50	124.50	LISP;0.995
127.50	132.00	LISP;0.914
138.00	142.50	LISP;0.987
147.00	151.50	LISP;0.895
156.00	160.50	LISP;0.916
174.00	178.50	LISP;0.971
183.00	187.50	LISP;0.976
192.00	196.50	LISP;0.894
199.50	204.00	LISP;0.894
208.50	214.50	LISP;0.995
217.50	223.50	LISP;0.989
229.50	234.00	LISP;0.985
238.50	243.00	LISP;0.997
249.00	252.00	LISP;0.800
256.50	259.50	LISP;0.800
265.50	268.50	LISP;0.933
283.50	288.00	LISP;0.800
295.50	298.50	LISP;0.800
100.50	108.00	PISI;0.990
108.00	111.00	ROWR;0.935
136.50	139.50	ROWR;0.878
133.50	138.00	RUGR;0.855
54.00	58.50	SNBU;0.892
286.50	289.50	SNBU;0.801
250.50	253.50	TOSO;0.946
