3.00	18.00	AMRO;0.978
21.00	57.00	AMRO;0.986
58.50	61.50	AMRO;0.800
63.00	88.50	AMRO;0.994
90.00	93.00	AMRO;0.800
97.50	100.50	AMRO;0.800
103.50	117.00	AMRO;0.984
120.00	132.00	AMRO;0.995
135.00	138.00	AMRO;0.800
139.50	153.00	AMRO;0.984
157.50	180.00	AMRO;0.990
181.50	198.00	AMRO;0.992
204.00	210.00	AMRO;0.985
211.50	214.50	AMRO;0.800
217.50	228.00	AMRO;0.989
229.50	235.50	AMRO;0.800
237.00	250.50	AMRO;0.984
256.50	261.00	AMRO;0.939
265.50	276.00	AMRO;0.946
277.50	286.50	AMRO;0.979
288.00	300.00	AMRO;0.907
93.00	96.00	BAOR;0.825
234.00	237.00	BAOR;0.954
240.00	244.50	CHSP;0.924
160.50	163.50	FOSP;0.848
199.50	202.50	FOSP;0.836
262.50	265.50	FOSP;0.827
277.50	280.50	FOSP;0.883
30.00	33.00	GCSP;0.800
28.50	31.50	LISP;0.885
39.00	43.50	LISP;0.981
60.00	63.00	LISP;0.921
69.00	73.50	LISP;0.800
100.50	105.00	LISP;0.800
117.00	126.00	LISP;0.969
132.00	135.00	LISP;0.800
136.50	145.50	LISP;0.921
151.50	156.00	LISP;0.964
163.50	166.50	LISP;0.800
174.00	178.50	LISP;0.986
196.50	201.00	LISP;0.984
210.00	213.00	LISP;0.800
219.00	223.50	LISP;0.973
231.00	235.50	LISP;0.800
264.00	268.50	LISP;0.800
286.50	291.00	LISP;0.800
180.00	183.00	PIGR;0.945
190.50	195.00	PIGR;0.954
252.00	256.50	PUFI;0.911
208.50	211.50	ROWR;0.860
286.50	289.50	ROWR;0.820
285.00	288.00	SNBU;0.860
16.50	19.50	TOSO;0.818
246.00	249.00	TOSO;0.830
0.00	16.50	WCSP;0.998
18.00	22.50	WCSP;0.991
24.00	28.50	WCSP;0.993
31.50	40.50	WCSP;0.997
42.00	46.50	WCSP;0.896
49.50	54.00	WCSP;0.979
57.00	61.50	WCSP;0.991
64.50	69.00	WCSP;0.986
70.50	76.50	WCSP;0.987
78.00	81.00	WCSP;0.943
84.00	88.50	WCSP;0.992
90.00	94.50	WCSP;0.988
97.50	102.00	WCSP;0.855
103.50	108.00	WCSP;0.913
111.00	115.50	WCSP;0.988
118.50	121.50	WCSP;0.800
124.50	127.50	WCSP;0.985
130.50	135.00	WCSP;0.958
138.00	141.00	WCSP;0.800
144.00	147.00	WCSP;0.800
150.00	154.50	WCSP;0.880
156.00	160.50	WCSP;0.959
133.50	138.00	WTSP;0.987
259.50	262.50	WTSP;0.959
