18.00	21.00	AMRO;0.861
25.50	30.00	AMRO;0.975
31.50	39.00	AMRO;0.800
45.00	54.00	AMRO;0.979
58.50	63.00	AMRO;0.933
64.50	69.00	AMRO;0.983
73.50	78.00	AMRO;0.906
100.50	105.00	AMRO;0.893
108.00	111.00	AMRO;0.800
120.00	123.00	AMRO;0.800
135.00	139.50	AMRO;0.895
147.00	150.00	AMRO;0.800
156.00	162.00	AMRO;0.800
177.00	181.50	AMRO;0.800
184.50	187.50	AMRO;0.800
190.50	195.00	AMRO;0.800
556.50	564.00	AMRO;0.902
472.50	475.50	BAOR;0.833
7.50	12.00	CHSP;0.973
28.50	34.50	CHSP;0.969
48.00	51.00	CHSP;0.800
70.50	73.50	CHSP;0.800
91.50	97.50	CHSP;0.918
102.00	106.50	CHSP;0.834
133.50	138.00	CHSP;0.912
144.00	148.50	CHSP;0.976
156.00	160.50	CHSP;0.800
165.00	169.50	CHSP;0.833
175.50	178.50	CHSP;0.800
184.50	189.00	CHSP;0.962
195.00	201.00	CHSP;0.994
204.00	210.00	CHSP;0.988
214.50	220.50	CHSP;0.932
225.00	231.00	CHSP;0.990
244.50	250.50	CHSP;0.965
255.00	261.00	CHSP;0.975
265.50	271.50	CHSP;0.985
276.00	282.00	CHSP;0.971
285.00	291.00	CHSP;0.983
295.50	301.50	CHSP;0.974
307.50	313.50	CHSP;0.988
316.50	324.00	CHSP;0.986
330.00	334.50	CHSP;0.967
343.50	346.50	CHSP;0.800
355.50	361.50	CHSP;0.985
367.50	373.50	CHSP;0.979
378.00	382.50	CHSP;0.927
388.50	394.50	CHSP;0.954
399.00	406.50	CHSP;0.993
411.00	417.00	CHSP;0.980
424.50	429.00	CHSP;0.958
381.00	384.00	FISP;0.812
3.00	6.00	FOSP;0.800
15.00	18.00	FOSP;0.934
28.50	31.50	FOSP;0.800
40.50	46.50	FOSP;0.905
54.00	58.50	FOSP;0.957
67.50	72.00	FOSP;0.938
82.50	90.00	FOSP;0.800
94.50	103.50	FOSP;0.910
109.50	120.00	FOSP;0.994
123.00	129.00	FOSP;0.991
138.00	147.00	FOSP;0.913
151.50	156.00	FOSP;0.963
166.50	171.00	FOSP;0.932
181.50	184.50	FOSP;0.876
198.00	201.00	FOSP;0.800
216.00	220.50	FOSP;0.800
229.50	234.00	FOSP;0.956
238.50	247.50	FOSP;0.916
258.00	262.50	FOSP;0.800
273.00	277.50	FOSP;0.864
285.00	289.50	FOSP;0.805
318.00	322.50	FOSP;0.800
331.50	334.50	FOSP;0.800
346.50	351.00	FOSP;0.800
363.00	367.50	FOSP;0.839
397.50	402.00	FOSP;0.924
409.50	414.00	FOSP;0.893
415.50	418.50	FOSP;0.800
420.00	424.50	FOSP;0.895
433.50	439.50	FOSP;0.974
448.50	453.00	FOSP;0.891
463.50	471.00	FOSP;0.942
478.50	483.00	FOSP;0.927
493.50	498.00	FOSP;0.933
508.50	513.00	FOSP;0.971
523.50	528.00	FOSP;0.984
540.00	546.00	FOSP;0.938
561.00	567.00	FOSP;0.950
577.50	582.00	FOSP;0.950
597.00	600.00	FOSP;0.929
462.00	466.50	GCSP;0.948
150.00	153.00	HETH;0.980
7.50	10.50	MOCH;0.815
199.50	202.50	MOCH;0.882
274.50	279.00	MOCH;0.970
486.00	490.50	VATH;0.983
175.50	180.00	WCSP;0.986
0.00	9.00	WTSP;0.996
10.50	16.50	WTSP;0.995
21.00	28.50	WTSP;0.936
36.00	42.00	WTSP;0.995
49.50	57.00	WTSP;0.991
88.50	94.50	WTSP;0.995
117.00	123.00	WTSP;0.983
160.50	166.50	WTSP;0.980
169.50	174.00	WTSP;0.882
186.00	192.00	WTSP;0.997
208.50	214.50	WTSP;0.994
217.50	222.00	WTSP;0.962
226.50	231.00	WTSP;0.959
235.50	241.50	WTSP;0.950
249.00	255.00	WTSP;0.988
259.50	265.50	WTSP;0.935
303.00	309.00	WTSP;0.970
322.50	333.00	WTSP;0.991
342.00	348.00	WTSP;0.991
354.00	358.50	WTSP;0.891
366.00	370.50	WTSP;0.983
379.50	384.00	WTSP;0.800
387.00	399.00	WTSP;0.995
403.50	409.50	WTSP;0.957
417.00	424.50	WTSP;0.993
430.50	441.00	WTSP;0.988
444.00	448.50	WTSP;0.975
450.00	454.50	WTSP;0.879
457.50	465.00	WTSP;0.993
468.00	480.00	WTSP;0.996
481.50	484.50	WTSP;0.800
487.50	495.00	WTSP;0.993
499.50	507.00	WTSP;0.997
513.00	522.00	WTSP;0.999
531.00	543.00	WTSP;0.996
546.00	559.50	WTSP;0.987
565.50	573.00	WTSP;0.991
580.50	592.50	WTSP;0.994
594.00	597.00	WTSP;0.800
1.50	6.00	WIWA;0.976
9.00	13.50	WIWA;0.935
16.50	21.00	WIWA;0.989
24.00	27.00	WIWA;0.800
30.00	36.00	WIWA;0.984
48.00	52.50	WIWA;0.880
55.50	60.00	WIWA;0.990
63.00	67.50	WIWA;0.987
70.50	75.00	WIWA;0.980
81.00	85.50	WIWA;0.954
88.50	93.00	WIWA;0.984
96.00	100.50	WIWA;0.974
103.50	108.00	WIWA;0.800
112.50	117.00	WIWA;0.800
120.00	124.50	WIWA;0.995
127.50	133.50	WIWA;0.989
136.50	141.00	WIWA;0.990
145.50	150.00	WIWA;0.985
154.50	159.00	WIWA;0.981
162.00	166.50	WIWA;0.980
169.50	174.00	WIWA;0.985
193.50	196.50	WIWA;0.800
201.00	205.50	WIWA;0.928
213.00	217.50	WIWA;0.981
222.00	226.50	WIWA;0.987
231.00	235.50	WIWA;0.990
240.00	244.50	WIWA;0.992
249.00	253.50	WIWA;0.990
258.00	264.00	WIWA;0.989
268.50	273.00	WIWA;0.991
279.00	283.50	WIWA;0.990
289.50	294.00	WIWA;0.990
298.50	304.50	WIWA;0.992
310.50	315.00	WIWA;0.991
321.00	325.50	WIWA;0.991
331.50	336.00	WIWA;0.985
340.50	346.50	WIWA;0.988
352.50	358.50	WIWA;0.991
363.00	369.00	WIWA;0.992
375.00	379.50	WIWA;0.992
385.50	390.00	WIWA;0.990
396.00	400.50	WIWA;0.967
405.00	409.50	WIWA;0.982
414.00	420.00	WIWA;0.991
423.00	429.00	WIWA;0.988
444.00	448.50	WIWA;0.968
453.00	459.00	WIWA;0.988
529.50	534.00	WIWA;0.990
538.50	541.50	WIWA;0.800
547.50	552.00	WIWA;0.932
556.50	561.00	WIWA;0.987
565.50	568.50	WIWA;0.830
573.00	577.50	WIWA;0.939
582.00	586.50	WIWA;0.980
592.50	597.00	WIWA;0.985
