177.00	186.00	CHSP;0.975
222.00	225.00	EATO;0.819
0.00	7.50	FOSP;0.867
16.50	21.00	FOSP;0.890
25.50	30.00	FOSP;0.800
31.50	36.00	FOSP;0.800
37.50	42.00	FOSP;0.863
48.00	55.50	FOSP;0.843
64.50	69.00	FOSP;0.912
70.50	79.50	FOSP;0.916
84.00	96.00	FOSP;0.882
100.50	105.00	FOSP;0.800
106.50	111.00	FOSP;0.855
117.00	124.50	FOSP;0.990
135.00	139.50	FOSP;0.970
144.00	148.50	FOSP;0.806
150.00	154.50	FOSP;0.805
159.00	175.50	FOSP;0.921
178.50	184.50	FOSP;0.996
189.00	195.00	FOSP;0.814
196.50	210.00	FOSP;0.991
213.00	219.00	FOSP;0.983
222.00	226.50	FOSP;0.800
229.50	241.50	FOSP;0.989
246.00	250.50	FOSP;0.849
255.00	259.50	FOSP;0.862
264.00	271.50	FOSP;0.917
273.00	279.00	FOSP;0.933
289.50	300.00	FOSP;0.928
133.50	136.50	GCSP;0.822
88.50	91.50	HETH;0.949
7.50	10.50	MOCH;0.913
177.00	180.00	MOCH;0.830
186.00	190.50	MOCH;0.940
261.00	264.00	MOCH;0.829
7.50	12.00	VATH;0.959
18.00	24.00	VATH;0.927
33.00	39.00	VATH;0.855
46.50	49.50	VATH;0.800
55.50	60.00	VATH;0.800
94.50	99.00	VATH;0.987
123.00	129.00	VATH;0.995
147.00	151.50	VATH;0.800
157.50	160.50	VATH;0.828
177.00	181.50	VATH;0.879
220.50	223.50	VATH;0.800
253.50	256.50	VATH;0.902
285.00	289.50	VATH;0.972
1.50	6.00	WCSP;0.988
9.00	13.50	WCSP;0.817
21.00	33.00	WCSP;0.976
34.50	39.00	WCSP;0.967
40.50	51.00	WCSP;0.972
102.00	105.00	WCSP;0.800
111.00	115.50	WCSP;0.800
144.00	147.00	WCSP;0.851
160.50	166.50	WCSP;0.845
198.00	202.50	WCSP;0.800
210.00	216.00	WCSP;0.883
219.00	228.00	WCSP;0.813
234.00	238.50	WCSP;0.975
246.00	250.50	WCSP;0.833
252.00	255.00	WCSP;0.843
262.50	267.00	WCSP;0.911
270.00	277.50	WCSP;0.987
279.00	282.00	WCSP;0.930
283.50	288.00	WCSP;0.945
292.50	295.50	WCSP;0.800
4.50	10.50	WTSP;0.978
13.50	18.00	WTSP;0.992
21.00	25.50	WTSP;0.908
54.00	60.00	WTSP;0.985
63.00	67.50	WTSP;0.969
130.50	136.50	WTSP;0.990
139.50	145.50	WTSP;0.991
151.50	157.50	WTSP;0.995
165.00	169.50	WTSP;0.981
174.00	178.50	WTSP;0.984
183.00	187.50	WTSP;0.987
193.50	198.00	WTSP;0.800
201.00	205.50	WTSP;0.974
208.50	213.00	WTSP;0.982
216.00	222.00	WTSP;0.998
223.50	228.00	WTSP;0.800
231.00	235.50	WTSP;0.961
240.00	246.00	WTSP;0.994
249.00	255.00	WTSP;0.995
258.00	264.00	WTSP;0.985
277.50	286.50	WTSP;0.984
291.00	298.50	WTSP;0.800
115.50	118.50	WIWA;0.834
292.50	295.50	WIWA;0.806
