40.50	45.00	AMDI;0.903
0.00	3.00	AMRO;0.885
306.00	309.00	AMRO;0.844
156.00	160.50	FOSP;0.966
57.00	61.50	LISP;0.984
76.50	79.50	LISP;0.800
81.00	84.00	LISP;0.800
121.50	126.00	LISP;0.947
157.50	162.00	LISP;0.800
175.50	181.50	LISP;0.969
192.00	196.50	LISP;0.898
199.50	204.00	LISP;0.857
241.50	246.00	LISP;0.800
276.00	279.00	LISP;0.800
307.50	312.00	LISP;0.826
325.50	330.00	LISP;0.800
498.00	501.00	LISP;0.800
528.00	532.50	LISP;0.937
546.00	549.00	LISP;0.800
561.00	565.50	LISP;0.849
577.50	582.00	LISP;0.884
13.50	16.50	MOCH;0.800
18.00	21.00	MOCH;0.800
37.50	40.50	MOCH;0.800
52.50	55.50	MOCH;0.859
64.50	69.00	MOCH;0.856
91.50	94.50	MOCH;0.800
118.50	121.50	MOCH;0.800
153.00	156.00	MOCH;0.800
195.00	198.00	MOCH;0.800
207.00	210.00	MOCH;0.800
220.50	223.50	MOCH;0.800
247.50	250.50	MOCH;0.800
279.00	282.00	MOCH;0.800
289.50	292.50	MOCH;0.800
301.50	307.50	MOCH;0.800
318.00	321.00	MOCH;0.800
355.50	358.50	MOCH;0.800
360.00	366.00	MOCH;0.922
379.50	382.50	MOCH;0.852
388.50	393.00	MOCH;0.800
396.00	399.00	MOCH;0.800
402.00	408.00	MOCH;0.828
423.00	426.00	MOCH;0.800
438.00	441.00	MOCH;0.800
451.50	454.50	MOCH;0.923
469.50	472.50	MOCH;0.837
483.00	486.00	MOCH;0.800
495.00	499.50	MOCH;0.930
525.00	528.00	MOCH;0.800
567.00	570.00	MOCH;0.800
592.50	595.50	MOCH;0.800
73.50	76.50	RUTU;0.814
408.00	411.00	RUTU;0.911
265.50	270.00	SNBU;0.916
139.50	142.50	SWSP;0.815
148.50	153.00	SWSP;0.933
228.00	231.00	SWSP;0.843
15.00	19.50	VATH;0.800
31.50	36.00	VATH;0.912
147.00	150.00	VATH;0.800
198.00	201.00	VATH;0.800
271.50	276.00	VATH;0.985
456.00	460.50	VATH;0.965
483.00	487.50	VATH;0.903
538.50	543.00	VATH;0.993
570.00	573.00	VATH;0.861
3.00	12.00	WCSP;0.988
13.50	16.50	WCSP;0.800
22.50	28.50	WCSP;0.962
39.00	43.50	WCSP;0.989
54.00	58.50	WCSP;0.982
67.50	72.00	WCSP;0.991
82.50	87.00	WCSP;0.985
99.00	103.50	WCSP;0.984
112.50	118.50	WCSP;0.975
129.00	133.50	WCSP;0.971
202.50	207.00	WCSP;0.968
211.50	214.50	WCSP;0.800
235.50	240.00	WCSP;0.816
319.50	322.50	WCSP;0.800
414.00	418.50	WCSP;0.982
571.50	576.00	WCSP;0.972
582.00	586.50	WCSP;0.965
7.50	15.00	WTSP;0.987
16.50	19.50	WTSP;0.969
30.00	34.50	WTSP;0.800
37.50	40.50	WTSP;0.800
49.50	54.00	WTSP;0.914
64.50	69.00	WTSP;0.808
85.50	93.00	WTSP;0.986
109.50	115.50	WTSP;0.992
117.00	121.50	WTSP;0.988
126.00	135.00	WTSP;0.996
142.50	150.00	WTSP;0.989
162.00	165.00	WTSP;0.800
169.50	175.50	WTSP;0.994
181.50	187.50	WTSP;0.986
195.00	201.00	WTSP;0.995
210.00	214.50	WTSP;0.940
220.50	226.50	WTSP;0.988
247.50	252.00	WTSP;0.970
262.50	267.00	WTSP;0.955
289.50	294.00	WTSP;0.981
301.50	306.00	WTSP;0.934
315.00	319.50	WTSP;0.986
328.50	334.50	WTSP;0.988
342.00	345.00	WTSP;0.800
357.00	361.50	WTSP;0.987
379.50	385.50	WTSP;0.952
393.00	399.00	WTSP;0.995
423.00	427.50	WTSP;0.915
453.00	456.00	WTSP;0.949
466.50	474.00	WTSP;0.969
480.00	484.50	WTSP;0.932
495.00	499.50	WTSP;0.815
508.50	514.50	WTSP;0.984
523.50	526.50	WTSP;0.828
535.50	541.50	WTSP;0.984
549.00	555.00	WTSP;0.993
556.50	561.00	WTSP;0.976
564.00	568.50	WTSP;0.923
576.00	592.50	WTSP;0.994
594.00	600.00	WTSP;0.976
27.00	31.50	WIWA;0.934
345.00	349.50	WIWA;0.818
385.50	390.00	WIWA;0.800
426.00	430.50	WIWA;0.983
439.50	444.00	WIWA;0.935
450.00	456.00	WIWA;0.992
477.00	481.50	WIWA;0.988
489.00	495.00	WIWA;0.991
499.50	505.50	WIWA;0.979
511.50	516.00	WIWA;0.977
522.00	526.50	WIWA;0.989
532.50	537.00	WIWA;0.988
543.00	547.50	WIWA;0.989
555.00	559.50	WIWA;0.992
565.50	571.50	WIWA;0.988
576.00	582.00	WIWA;0.982
492.00	495.00	YRWA;0.962
