471.00	474.00	AMRO;0.811
478.50	481.50	AMRO;0.837
498.00	502.50	AMRO;0.932
109.50	112.50	BRSP;0.852
199.50	202.50	CAFI;0.829
12.00	15.00	FOSP;0.800
259.50	270.00	FOSP;0.991
274.50	289.50	FOSP;0.989
295.50	301.50	FOSP;0.963
306.00	310.50	FOSP;0.908
312.00	315.00	FOSP;0.800
316.50	321.00	FOSP;0.964
322.50	330.00	FOSP;0.998
336.00	340.50	FOSP;0.800
342.00	357.00	FOSP;0.995
364.50	369.00	FOSP;0.952
385.50	390.00	FOSP;0.981
400.50	405.00	FOSP;0.940
408.00	412.50	FOSP;0.873
432.00	435.00	FOSP;0.800
450.00	454.50	FOSP;0.948
465.00	468.00	FOSP;0.877
475.50	480.00	FOSP;0.800
493.50	498.00	FOSP;0.939
504.00	508.50	FOSP;0.800
516.00	538.50	FOSP;0.935
547.50	559.50	FOSP;0.904
561.00	565.50	FOSP;0.800
468.00	472.50	GCKI;0.819
117.00	120.00	HOLA;0.866
129.00	132.00	MOCH;0.945
421.50	424.50	MOCH;0.835
552.00	556.50	MOCH;0.991
3.00	12.00	PISI;0.973
13.50	18.00	PISI;0.911
58.50	109.50	PISI;0.998
112.50	117.00	PISI;0.800
556.50	564.00	PISI;0.923
403.50	414.00	RUGR;0.871
0.00	3.00	SOSP;0.831
505.50	508.50	SOSP;0.808
517.50	522.00	SOSP;0.814
567.00	571.50	SOSP;0.912
22.50	28.50	WTSP;0.996
52.50	57.00	WTSP;0.981
60.00	64.50	WTSP;0.992
106.50	112.50	WTSP;0.978
126.00	132.00	WTSP;0.997
138.00	145.50	WTSP;0.996
159.00	165.00	WTSP;0.993
189.00	193.50	WTSP;0.961
207.00	214.50	WTSP;0.997
231.00	235.50	WTSP;0.945
252.00	256.50	WTSP;0.800
273.00	276.00	WTSP;0.800
282.00	286.50	WTSP;0.800
298.50	303.00	WTSP;0.800
313.50	316.50	WTSP;0.800
319.50	324.00	WTSP;0.928
330.00	333.00	WTSP;0.800
357.00	361.50	WTSP;0.800
418.50	432.00	WTSP;0.863
444.00	448.50	WTSP;0.983
459.00	465.00	WTSP;0.997
472.50	475.50	WTSP;0.800
481.50	486.00	WTSP;0.997
487.50	490.50	WTSP;0.800
495.00	499.50	WTSP;0.987
537.00	559.50	WTSP;0.968
567.00	571.50	WTSP;0.800
271.50	274.50	YRWA;0.806
319.50	322.50	YRWA;0.988
