22.50	27.00	ATSP;0.958
39.00	45.00	ATSP;0.997
46.50	49.50	ATSP;0.800
1.50	6.00	FOSP;0.873
88.50	93.00	FOSP;0.869
37.50	40.50	GWWA;0.949
45.00	48.00	GRSP;0.827
513.00	516.00	HOLA;0.920
543.00	546.00	HOLA;0.806
379.50	382.50	MOCH;0.813
66.00	69.00	PISI;0.800
73.50	81.00	PISI;0.996
103.50	111.00	PISI;0.895
141.00	151.50	PISI;0.988
153.00	156.00	PISI;0.800
163.50	193.50	PISI;0.993
229.50	244.50	PISI;0.996
309.00	345.00	PISI;0.998
382.50	385.50	PISI;0.800
396.00	412.50	PISI;0.998
417.00	424.50	PISI;0.800
429.00	432.00	PISI;0.800
438.00	442.50	PISI;0.969
454.50	474.00	PISI;0.998
484.50	496.50	PISI;0.988
498.00	513.00	PISI;0.995
514.50	526.50	PISI;0.959
529.50	534.00	PISI;0.966
537.00	549.00	PISI;0.985
571.50	576.00	PISI;0.800
577.50	600.00	PISI;0.999
67.50	70.50	SOSA;0.800
81.00	85.50	SOSA;0.823
94.50	99.00	SOSA;0.800
121.50	126.00	SOSA;0.923
156.00	160.50	SOSA;0.800
169.50	172.50	SOSA;0.800
204.00	208.50	SOSA;0.932
219.00	223.50	SOSA;0.960
246.00	250.50	SOSA;0.904
262.50	267.00	SOSA;0.983
276.00	280.50	SOSA;0.970
289.50	294.00	SOSA;0.952
303.00	307.50	SOSA;0.909
319.50	322.50	SOSA;0.800
334.50	337.50	SOSA;0.800
346.50	351.00	SOSA;0.950
360.00	364.50	SOSA;0.800
373.50	376.50	SOSA;0.800
388.50	391.50	SOSA;0.800
418.50	423.00	SOSA;0.834
442.50	445.50	SOSA;0.800
475.50	478.50	SOSA;0.800
432.00	435.00	SWSP;0.862
51.00	58.50	WCSP;0.962
60.00	64.50	WCSP;0.873
72.00	75.00	WCSP;0.924
