165.00	169.50	ATSP;0.800
208.50	213.00	ATSP;0.908
243.00	247.50	ATSP;0.947
190.50	193.50	BRSP;0.840
130.50	133.50	CHSP;0.840
156.00	160.50	CHSP;0.933
43.50	48.00	FOSP;0.943
55.50	60.00	FOSP;0.936
25.50	30.00	LISP;0.965
37.50	42.00	LISP;0.993
48.00	54.00	LISP;0.984
61.50	67.50	LISP;0.989
69.00	73.50	LISP;0.980
76.50	79.50	LISP;0.800
82.50	91.50	LISP;0.957
99.00	103.50	LISP;0.986
129.00	132.00	LISP;0.869
157.50	160.50	LISP;0.800
175.50	180.00	LISP;0.892
195.00	199.50	LISP;0.800
204.00	211.50	LISP;0.973
276.00	280.50	LISP;0.993
159.00	162.00	MOCH;0.892
262.50	277.50	PISI;0.990
285.00	288.00	VATH;0.866
10.50	15.00	WCSP;0.982
49.50	54.00	WCSP;0.846
64.50	69.00	WCSP;0.955
75.00	79.50	WCSP;0.977
88.50	93.00	WCSP;0.973
102.00	105.00	WCSP;0.800
112.50	130.50	WCSP;0.996
160.50	165.00	WCSP;0.930
174.00	181.50	WCSP;0.872
186.00	192.00	WCSP;0.981
199.50	204.00	WCSP;0.975
228.00	238.50	WCSP;0.800
241.50	244.50	WCSP;0.991
246.00	250.50	WCSP;0.961
258.00	262.50	WCSP;0.898
291.00	294.00	WCSP;0.800
295.50	300.00	WCSP;0.949
9.00	12.00	WTSP;0.800
22.50	27.00	WTSP;0.800
36.00	40.50	WTSP;0.800
63.00	66.00	WTSP;0.800
100.50	103.50	WTSP;0.800
114.00	120.00	WTSP;0.993
124.50	127.50	WTSP;0.800
135.00	141.00	WTSP;0.985
142.50	145.50	WTSP;0.800
148.50	151.50	WTSP;0.800
154.50	157.50	WTSP;0.800
159.00	165.00	WTSP;0.800
169.50	175.50	WTSP;0.800
198.00	202.50	WTSP;0.800
240.00	243.00	WTSP;0.800
247.50	258.00	WTSP;0.982
265.50	270.00	WTSP;0.995
271.50	276.00	WTSP;0.800
283.50	289.50	WTSP;0.996
294.00	297.00	WTSP;0.800
10.50	15.00	YRWA;0.807
171.00	175.50	YRWA;0.984
190.50	195.00	YRWA;0.985
