1.50	4.50	AMRO;0.800
6.00	10.50	AMRO;0.886
42.00	46.50	AMRO;0.891
61.50	72.00	AMRO;0.848
78.00	82.50	AMRO;0.876
88.50	99.00	AMRO;0.893
102.00	106.50	AMRO;0.800
111.00	115.50	AMRO;0.800
117.00	132.00	AMRO;0.933
145.50	151.50	AMRO;0.968
160.50	163.50	AMRO;0.800
165.00	168.00	AMRO;0.800
169.50	187.50	AMRO;0.898
190.50	199.50	AMRO;0.895
204.00	208.50	AMRO;0.814
210.00	228.00	AMRO;0.988
232.50	240.00	AMRO;0.861
241.50	262.50	AMRO;0.975
268.50	271.50	AMRO;0.800
273.00	276.00	AMRO;0.800
280.50	298.50	AMRO;0.992
10.50	13.50	CHSP;0.800
108.00	111.00	CHSP;0.800
118.50	123.00	CHSP;0.959
126.00	130.50	CHSP;0.955
132.00	136.50	CHSP;0.982
138.00	150.00	CHSP;0.984
151.50	169.50	CHSP;0.985
172.50	177.00	CHSP;0.877
178.50	184.50	CHSP;0.966
199.50	202.50	FISP;0.822
249.00	252.00	FOSP;0.882
262.50	265.50	FOSP;0.800
4.50	7.50	GCSP;0.800
21.00	24.00	GCSP;0.800
28.50	31.50	GCSP;0.800
36.00	39.00	GCSP;0.800
66.00	69.00	GCSP;0.800
103.50	106.50	GCSP;0.800
108.00	112.50	GCSP;0.985
148.50	151.50	GCSP;0.800
154.50	157.50	GCSP;0.984
169.50	174.00	GCSP;0.800
219.00	223.50	GCSP;0.952
234.00	237.00	GCSP;0.966
277.50	282.00	GCSP;0.986
295.50	298.50	GCSP;0.909
87.00	90.00	GWTE;0.840
177.00	180.00	GWTE;0.840
240.00	243.00	GWTE;0.952
13.50	18.00	LISP;0.800
27.00	31.50	LISP;0.800
33.00	37.50	LISP;0.839
40.50	45.00	LISP;0.969
46.50	51.00	LISP;0.879
55.50	60.00	LISP;0.993
70.50	75.00	LISP;0.944
84.00	88.50	LISP;0.911
99.00	103.50	LISP;0.972
114.00	117.00	LISP;0.800
129.00	133.50	LISP;0.963
156.00	162.00	LISP;0.800
171.00	175.50	LISP;0.800
186.00	190.50	LISP;0.943
201.00	205.50	LISP;0.868
214.50	219.00	LISP;0.916
228.00	234.00	LISP;0.800
244.50	249.00	LISP;0.945
258.00	262.50	LISP;0.924
273.00	276.00	LISP;0.918
288.00	294.00	LISP;0.978
123.00	126.00	RBGR;0.817
115.50	120.00	TOSO;0.871
261.00	264.00	TOSO;0.836
0.00	4.50	WCSP;0.992
7.50	12.00	WCSP;0.985
15.00	19.50	WCSP;0.992
22.50	27.00	WCSP;0.990
30.00	34.50	WCSP;0.985
37.50	42.00	WCSP;0.994
45.00	49.50	WCSP;0.979
52.50	57.00	WCSP;0.992
60.00	64.50	WCSP;0.988
67.50	72.00	WCSP;0.988
73.50	78.00	WCSP;0.995
81.00	85.50	WCSP;0.986
88.50	93.00	WCSP;0.990
96.00	100.50	WCSP;0.986
105.00	108.00	WCSP;0.977
112.50	117.00	WCSP;0.974
120.00	124.50	WCSP;0.883
127.50	132.00	WCSP;0.938
135.00	139.50	WCSP;0.993
142.50	147.00	WCSP;0.996
150.00	154.50	WCSP;0.988
157.50	162.00	WCSP;0.920
18.00	21.00	WTSP;0.870
48.00	52.50	WTSP;0.989
64.50	67.50	WTSP;0.929
