163.50	166.50	AMDI;0.803
342.00	345.00	DUFL;0.887
465.00	468.00	EATO;0.943
63.00	67.50	FOSP;0.803
76.50	81.00	FOSP;0.927
90.00	94.50	FOSP;0.800
103.50	108.00	FOSP;0.968
118.50	123.00	FOSP;0.946
138.00	142.50	FOSP;0.800
382.50	387.00	FOSP;0.800
466.50	471.00	FOSP;0.800
472.50	477.00	FOSP;0.800
495.00	499.50	FOSP;0.882
502.50	508.50	FOSP;0.956
510.00	514.50	FOSP;0.800
516.00	529.50	FOSP;0.923
532.50	537.00	FOSP;0.800
550.50	555.00	FOSP;0.800
573.00	577.50	FOSP;0.801
508.50	511.50	HETH;0.810
307.50	310.50	HOLA;0.854
576.00	579.00	HOLA;0.962
52.50	57.00	LISP;0.800
94.50	99.00	LISP;0.938
108.00	111.00	LISP;0.856
148.50	153.00	LISP;0.838
187.50	190.50	LISP;0.800
199.50	204.00	LISP;0.981
213.00	216.00	LISP;0.800
226.50	231.00	LISP;0.800
355.50	358.50	LISP;0.800
364.50	369.00	LISP;0.800
379.50	382.50	LISP;0.903
393.00	397.50	LISP;0.800
408.00	412.50	LISP;0.935
423.00	426.00	LISP;0.800
499.50	504.00	LISP;0.934
513.00	517.50	LISP;0.895
387.00	391.50	MGWA;0.829
0.00	15.00	PISI;0.989
22.50	27.00	PISI;0.800
99.00	115.50	PISI;0.998
130.50	135.00	PISI;0.856
138.00	148.50	PISI;0.956
153.00	160.50	PISI;0.800
166.50	183.00	PISI;0.972
184.50	187.50	PISI;0.800
190.50	195.00	PISI;0.800
214.50	219.00	PISI;0.940
220.50	223.50	PISI;0.800
226.50	343.50	PISI;0.999
346.50	355.50	PISI;0.991
358.50	369.00	PISI;0.983
400.50	403.50	PISI;0.800
411.00	429.00	PISI;0.985
475.50	490.50	PISI;0.997
532.50	543.00	PISI;0.987
582.00	586.50	PISI;0.979
588.00	592.50	PISI;0.929
48.00	51.00	SWSP;0.885
81.00	84.00	SWSP;0.886
114.00	118.50	SWSP;0.877
198.00	201.00	SWSP;0.932
432.00	436.50	SWSP;0.883
528.00	531.00	SWSP;0.811
556.50	559.50	SWSP;0.890
586.50	589.50	VGSW;0.895
456.00	460.50	WCSP;0.974
