324.00	327.00	AMPI;0.895
9.00	15.00	AMRO;0.800
18.00	21.00	AMRO;0.800
22.50	25.50	AMRO;0.800
27.00	31.50	AMRO;0.800
46.50	51.00	AMRO;0.800
120.00	124.50	AMRO;0.800
189.00	192.00	AMRO;0.800
273.00	277.50	AMRO;0.800
283.50	288.00	AMRO;0.816
292.50	298.50	AMRO;0.852
301.50	306.00	AMRO;0.916
310.50	316.50	AMRO;0.938
318.00	324.00	AMRO;0.928
331.50	336.00	AMRO;0.800
340.50	345.00	AMRO;0.894
351.00	355.50	AMRO;0.965
361.50	366.00	AMRO;0.928
376.50	382.50	AMRO;0.961
388.50	393.00	AMRO;0.951
396.00	399.00	AMRO;0.800
405.00	417.00	AMRO;0.960
423.00	427.50	AMRO;0.800
430.50	436.50	AMRO;0.971
442.50	447.00	AMRO;0.980
453.00	457.50	AMRO;0.954
459.00	463.50	AMRO;0.989
465.00	469.50	AMRO;0.990
13.50	16.50	CHSP;0.844
22.50	28.50	CHSP;0.961
67.50	70.50	CHSP;0.800
84.00	87.00	CHSP;0.800
106.50	111.00	CHSP;0.900
117.00	121.50	CHSP;0.945
124.50	130.50	CHSP;0.981
147.00	151.50	CHSP;0.984
163.50	166.50	CHSP;0.800
172.50	177.00	CHSP;0.842
183.00	187.50	CHSP;0.895
190.50	196.50	CHSP;0.989
202.50	207.00	CHSP;0.834
211.50	216.00	CHSP;0.989
220.50	225.00	CHSP;0.953
229.50	235.50	CHSP;0.965
240.00	244.50	CHSP;0.800
250.50	255.00	CHSP;0.911
264.00	270.00	CHSP;0.874
273.00	279.00	CHSP;0.926
280.50	286.50	CHSP;0.969
291.00	295.50	CHSP;0.971
298.50	303.00	CHSP;0.845
307.50	312.00	CHSP;0.922
316.50	321.00	CHSP;0.900
327.00	330.00	CHSP;0.800
334.50	339.00	CHSP;0.824
343.50	348.00	CHSP;0.800
352.50	357.00	CHSP;0.800
361.50	364.50	CHSP;0.800
369.00	375.00	CHSP;0.871
378.00	382.50	CHSP;0.978
388.50	391.50	CHSP;0.804
394.50	399.00	CHSP;0.852
402.00	408.00	CHSP;0.892
414.00	418.50	CHSP;0.848
420.00	424.50	CHSP;0.800
430.50	435.00	CHSP;0.956
438.00	442.50	CHSP;0.910
445.50	451.50	CHSP;0.922
454.50	459.00	CHSP;0.800
463.50	468.00	CHSP;0.977
475.50	480.00	CHSP;0.934
484.50	489.00	CHSP;0.800
493.50	499.50	CHSP;0.800
502.50	507.00	CHSP;0.947
546.00	550.50	CHSP;0.800
564.00	570.00	CHSP;0.950
579.00	585.00	CHSP;0.934
589.50	592.50	CHSP;0.800
441.00	444.00	DEJU;0.820
549.00	552.00	DEJU;0.880
433.50	436.50	GWTE;0.844
217.50	222.00	MOCH;0.835
175.50	178.50	PAWA;0.864
223.50	226.50	PAWA;0.897
591.00	594.00	PAWA;0.934
183.00	186.00	RUGR;0.839
16.50	19.50	SBDO;0.918
1.50	4.50	SOSP;0.943
462.00	465.00	TOSO;0.906
33.00	37.50	VATH;0.991
507.00	510.00	VATH;0.885
3.00	7.50	WCSP;0.981
108.00	112.50	WTSP;0.960
