39.00	42.00	EATO;0.801
271.50	274.50	FISP;0.862
283.50	286.50	FISP;0.887
111.00	115.50	FOSP;0.800
130.50	136.50	FOSP;0.975
142.50	150.00	FOSP;0.981
186.00	190.50	FOSP;0.819
225.00	229.50	FOSP;0.857
240.00	243.00	FOSP;0.817
253.50	258.00	FOSP;0.893
3.00	6.00	LISP;0.800
13.50	18.00	LISP;0.934
27.00	30.00	LISP;0.800
37.50	40.50	LISP;0.800
46.50	51.00	LISP;0.984
57.00	61.50	LISP;0.937
69.00	72.00	LISP;0.831
79.50	82.50	LISP;0.901
256.50	261.00	LISP;0.800
267.00	270.00	LISP;0.800
277.50	282.00	LISP;0.839
1.50	15.00	WCSP;0.968
18.00	25.50	WCSP;0.967
27.00	34.50	WCSP;0.978
43.50	48.00	WCSP;0.800
145.50	148.50	WCSP;0.800
160.50	163.50	WCSP;0.800
222.00	225.00	WCSP;0.829
288.00	292.50	WCSP;0.833
7.50	12.00	WTSP;0.800
21.00	24.00	WTSP;0.800
60.00	64.50	WTSP;0.800
148.50	153.00	WTSP;0.969
268.50	273.00	WTSP;0.963
280.50	285.00	WTSP;0.988
289.50	294.00	WTSP;0.895
