180.00	184.50	AMRO;0.821
217.50	222.00	AMRO;0.987
223.50	226.50	AMRO;0.835
25.50	30.00	CHSP;0.800
33.00	37.50	CHSP;0.800
60.00	64.50	CHSP;0.800
78.00	81.00	CHSP;0.800
85.50	90.00	CHSP;0.876
108.00	111.00	CHSP;0.800
123.00	126.00	CHSP;0.800
129.00	133.50	CHSP;0.964
175.50	180.00	CHSP;0.800
181.50	187.50	CHSP;0.902
189.00	195.00	CHSP;0.929
204.00	210.00	CHSP;0.802
220.50	225.00	CHSP;0.800
237.00	241.50	CHSP;0.800
253.50	258.00	CHSP;0.800
286.50	289.50	CHSP;0.800
37.50	42.00	FOSP;0.800
93.00	96.00	FOSP;0.800
103.50	108.00	FOSP;0.895
114.00	120.00	FOSP;0.845
138.00	142.50	FOSP;0.885
148.50	153.00	FOSP;0.991
162.00	165.00	FOSP;0.800
174.00	177.00	FOSP;0.800
186.00	189.00	FOSP;0.800
199.50	204.00	FOSP;0.862
226.50	237.00	FOSP;0.987
238.50	252.00	FOSP;0.890
256.50	270.00	FOSP;0.991
276.00	280.50	FOSP;0.935
286.50	297.00	FOSP;0.892
123.00	127.50	HETH;0.823
157.50	160.50	HETH;0.812
256.50	259.50	LASP;0.843
67.50	72.00	LISP;0.974
172.50	175.50	LISP;0.925
87.00	90.00	SNBU;0.832
288.00	291.00	SNBU;0.831
99.00	102.00	TOSO;0.842
4.50	9.00	WCSP;0.939
13.50	18.00	WCSP;0.989
84.00	87.00	WCSP;0.800
127.50	130.50	WCSP;0.800
135.00	139.50	WCSP;0.932
144.00	148.50	WCSP;0.800
229.50	234.00	WCSP;0.800
247.50	250.50	WCSP;0.800
279.00	282.00	WCSP;0.806
21.00	24.00	WTSP;0.800
31.50	34.50	WTSP;0.800
43.50	49.50	WTSP;0.969
75.00	82.50	WTSP;0.913
90.00	94.50	WTSP;0.800
100.50	105.00	WTSP;0.837
108.00	114.00	WTSP;0.987
130.50	135.00	WTSP;0.800
169.50	172.50	WTSP;0.800
178.50	183.00	WTSP;0.800
204.00	208.50	WTSP;0.800
237.00	241.50	WTSP;0.800
246.00	249.00	WTSP;0.800
277.50	282.00	WTSP;0.800
297.00	300.00	WTSP;0.820
