354.00	357.00	ATSP;0.927
328.50	331.50	BCCH;0.958
0.00	4.50	BRSP;0.800
6.00	10.50	BRSP;0.800
12.00	16.50	BRSP;0.800
19.50	28.50	BRSP;0.800
33.00	37.50	BRSP;0.860
39.00	43.50	BRSP;0.800
48.00	52.50	BRSP;0.800
55.50	60.00	BRSP;0.800
61.50	64.50	BRSP;0.875
69.00	73.50	BRSP;0.800
76.50	79.50	BRSP;0.800
82.50	85.50	BRSP;0.800
90.00	94.50	BRSP;0.922
100.50	103.50	BRSP;0.800
112.50	117.00	BRSP;0.959
120.00	126.00	BRSP;0.800
129.00	133.50	BRSP;0.800
136.50	141.00	BRSP;0.820
145.50	150.00	BRSP;0.800
153.00	157.50	BRSP;0.800
159.00	165.00	BRSP;0.912
169.50	174.00	BRSP;0.800
177.00	181.50	BRSP;0.800
186.00	190.50	BRSP;0.800
202.50	213.00	BRSP;0.915
214.50	219.00	BRSP;0.800
223.50	228.00	BRSP;0.915
235.50	241.50	BRSP;0.940
243.00	249.00	BRSP;0.800
252.00	255.00	BRSP;0.800
264.00	267.00	BRSP;0.800
271.50	276.00	BRSP;0.800
277.50	282.00	BRSP;0.800
294.00	300.00	BRSP;0.800
301.50	306.00	BRSP;0.800
307.50	312.00	BRSP;0.800
315.00	321.00	BRSP;0.800
322.50	327.00	BRSP;0.800
330.00	334.50	BRSP;0.800
339.00	343.50	BRSP;0.800
345.00	349.50	BRSP;0.800
352.50	355.50	BRSP;0.800
357.00	361.50	BRSP;0.911
363.00	376.50	BRSP;0.922
378.00	388.50	BRSP;0.800
399.00	415.50	BRSP;0.891
418.50	423.00	BRSP;0.862
424.50	430.50	BRSP;0.800
432.00	436.50	BRSP;0.800
441.00	445.50	BRSP;0.800
448.50	456.00	BRSP;0.898
465.00	469.50	BRSP;0.800
472.50	477.00	BRSP;0.800
480.00	486.00	BRSP;0.895
487.50	492.00	BRSP;0.800
495.00	499.50	BRSP;0.830
504.00	508.50	BRSP;0.800
510.00	514.50	BRSP;0.880
516.00	522.00	BRSP;0.912
525.00	528.00	BRSP;0.800
529.50	534.00	BRSP;0.800
537.00	543.00	BRSP;0.844
546.00	550.50	BRSP;0.972
555.00	565.50	BRSP;0.830
568.50	574.50	BRSP;0.800
577.50	582.00	BRSP;0.837
594.00	600.00	BRSP;0.945
0.00	4.50	CHSP;0.800
7.50	12.00	CHSP;0.884
15.00	21.00	CHSP;0.930
22.50	27.00	CHSP;0.846
31.50	36.00	CHSP;0.800
48.00	54.00	CHSP;0.903
57.00	63.00	CHSP;0.894
66.00	69.00	CHSP;0.800
73.50	78.00	CHSP;0.881
82.50	85.50	CHSP;0.800
93.00	96.00	CHSP;0.800
97.50	102.00	CHSP;0.800
105.00	111.00	CHSP;0.959
114.00	118.50	CHSP;0.800
123.00	127.50	CHSP;0.965
130.50	135.00	CHSP;0.865
138.00	142.50	CHSP;0.855
145.50	150.00	CHSP;0.800
153.00	157.50	CHSP;0.800
166.50	172.50	CHSP;0.984
175.50	180.00	CHSP;0.946
184.50	189.00	CHSP;0.963
193.50	207.00	CHSP;0.881
208.50	214.50	CHSP;0.800
219.00	223.50	CHSP;0.975
226.50	229.50	CHSP;0.800
234.00	237.00	CHSP;0.800
243.00	246.00	CHSP;0.800
249.00	253.50	CHSP;0.800
258.00	262.50	CHSP;0.895
267.00	271.50	CHSP;0.975
276.00	279.00	CHSP;0.800
282.00	286.50	CHSP;0.977
291.00	295.50	CHSP;0.904
307.50	318.00	CHSP;0.996
324.00	330.00	CHSP;0.952
334.50	339.00	CHSP;0.800
342.00	346.50	CHSP;0.879
349.50	354.00	CHSP;0.800
373.50	376.50	CHSP;0.800
381.00	384.00	CHSP;0.800
390.00	394.50	CHSP;0.839
397.50	402.00	CHSP;0.820
405.00	411.00	CHSP;0.916
414.00	420.00	CHSP;0.969
423.00	426.00	CHSP;0.896
430.50	435.00	CHSP;0.901
438.00	442.50	CHSP;0.930
445.50	450.00	CHSP;0.800
453.00	457.50	CHSP;0.800
460.50	463.50	CHSP;0.800
466.50	472.50	CHSP;0.865
475.50	480.00	CHSP;0.844
483.00	487.50	CHSP;0.927
492.00	496.50	CHSP;0.974
502.50	507.00	CHSP;0.951
511.50	514.50	CHSP;0.800
519.00	523.50	CHSP;0.952
525.00	529.50	CHSP;0.802
534.00	537.00	CHSP;0.800
544.50	547.50	CHSP;0.800
549.00	555.00	CHSP;0.950
565.50	570.00	CHSP;0.917
588.00	592.50	CHSP;0.842
597.00	600.00	CHSP;0.800
12.00	15.00	CCSP;0.853
36.00	39.00	CCSP;0.819
63.00	66.00	CCSP;0.835
76.50	81.00	CCSP;0.861
489.00	493.50	CCSP;0.865
531.00	534.00	CCSP;0.844
547.50	550.50	CCSP;0.854
64.50	67.50	DEJU;0.810
228.00	231.00	DEJU;0.929
334.50	337.50	DEJU;0.920
528.00	531.00	DEJU;0.846
72.00	75.00	FOSP;0.911
15.00	19.50	GCSP;0.974
31.50	36.00	GCSP;0.966
51.00	55.50	GCSP;0.989
57.00	61.50	GCSP;0.800
67.50	72.00	GCSP;0.954
82.50	87.00	GCSP;0.800
96.00	102.00	GCSP;0.998
115.50	120.00	GCSP;0.956
124.50	127.50	GCSP;0.800
132.00	136.50	GCSP;0.958
148.50	153.00	GCSP;0.980
165.00	169.50	GCSP;0.989
174.00	177.00	GCSP;0.800
178.50	186.00	GCSP;0.986
195.00	199.50	GCSP;0.994
210.00	214.50	GCSP;0.952
220.50	223.50	GCSP;0.800
228.00	235.50	GCSP;0.989
246.00	253.50	GCSP;0.994
258.00	265.50	GCSP;0.973
277.50	282.00	GCSP;0.942
289.50	292.50	GCSP;0.800
295.50	303.00	GCSP;0.972
307.50	315.00	GCSP;0.979
318.00	321.00	GCSP;0.836
327.00	330.00	GCSP;0.980
336.00	340.50	GCSP;0.870
343.50	351.00	GCSP;0.990
355.50	360.00	GCSP;0.990
369.00	373.50	GCSP;0.986
384.00	388.50	GCSP;0.991
400.50	403.50	GCSP;0.964
415.50	420.00	GCSP;0.966
433.50	436.50	GCSP;0.800
448.50	453.00	GCSP;0.991
466.50	471.00	GCSP;0.800
484.50	489.00	GCSP;0.800
505.50	510.00	GCSP;0.993
526.50	531.00	GCSP;0.800
535.50	538.50	GCSP;0.800
543.00	547.50	GCSP;0.993
550.50	555.00	GCSP;0.800
558.00	567.00	GCSP;0.978
571.50	580.50	GCSP;0.970
583.50	586.50	GCSP;0.800
591.00	597.00	GCSP;0.968
85.50	88.50	HETH;0.860
418.50	421.50	HETH;0.862
376.50	379.50	LISP;0.852
402.00	405.00	MOCH;0.805
490.50	493.50	PAWA;0.813
436.50	439.50	PISI;0.800
442.50	447.00	PISI;0.812
459.00	483.00	PISI;0.998
40.50	43.50	WCSP;0.800
45.00	52.50	WCSP;0.800
66.00	70.50	WCSP;0.945
73.50	76.50	WCSP;0.800
79.50	84.00	WCSP;0.990
87.00	91.50	WCSP;0.986
94.50	99.00	WCSP;0.970
109.50	114.00	WCSP;0.989
118.50	123.00	WCSP;0.989
124.50	130.50	WCSP;0.987
133.50	138.00	WCSP;0.991
142.50	145.50	WCSP;0.800
150.00	154.50	WCSP;0.800
157.50	162.00	WCSP;0.987
166.50	169.50	WCSP;0.800
174.00	178.50	WCSP;0.937
183.00	186.00	WCSP;0.800
190.50	195.00	WCSP;0.985
201.00	204.00	WCSP;0.800
211.50	214.50	WCSP;0.800
220.50	225.00	WCSP;0.984
232.50	235.50	WCSP;0.800
240.00	244.50	WCSP;0.933
249.00	253.50	WCSP;0.800
258.00	262.50	WCSP;0.800
268.50	273.00	WCSP;0.990
280.50	285.00	WCSP;0.947
291.00	294.00	WCSP;0.800
309.00	313.50	WCSP;0.800
318.00	322.50	WCSP;0.800
337.50	342.00	WCSP;0.983
348.00	355.50	WCSP;0.943
433.50	436.50	WCSP;0.800
466.50	471.00	WCSP;0.800
529.50	532.50	WCSP;0.800
552.00	555.00	WCSP;0.800
562.50	567.00	WCSP;0.800
571.50	576.00	WCSP;0.806
585.00	588.00	WCSP;0.800
592.50	595.50	WCSP;0.963
559.50	564.00	WIWA;0.989
567.00	571.50	WIWA;0.991
573.00	579.00	WIWA;0.987
586.50	591.00	WIWA;0.992
