217.50	220.50	AMRO;0.827
522.00	525.00	DEJU;0.837
228.00	231.00	EAME;0.830
63.00	66.00	EATO;0.872
9.00	13.50	FOSP;0.903
28.50	33.00	FOSP;0.851
88.50	93.00	FOSP;0.972
102.00	106.50	FOSP;0.959
123.00	126.00	FOSP;0.807
138.00	142.50	FOSP;0.822
186.00	193.50	FOSP;0.800
213.00	216.00	FOSP;0.969
222.00	226.50	FOSP;0.800
244.50	249.00	FOSP;0.805
258.00	261.00	FOSP;0.800
268.50	273.00	FOSP;0.891
286.50	291.00	FOSP;0.906
300.00	304.50	FOSP;0.835
313.50	318.00	FOSP;0.800
327.00	331.50	FOSP;0.800
339.00	342.00	FOSP;0.901
343.50	352.50	FOSP;0.800
357.00	361.50	FOSP;0.855
370.50	373.50	FOSP;0.847
384.00	388.50	FOSP;0.915
399.00	405.00	FOSP;0.874
414.00	417.00	FOSP;0.800
427.50	432.00	FOSP;0.941
442.50	447.00	FOSP;0.887
459.00	462.00	FOSP;0.858
472.50	475.50	FOSP;0.853
486.00	490.50	FOSP;0.929
499.50	504.00	FOSP;0.911
508.50	511.50	FOSP;0.800
514.50	519.00	FOSP;0.800
526.50	529.50	FOSP;0.942
552.00	556.50	FOSP;0.942
564.00	568.50	FOSP;0.973
579.00	582.00	FOSP;0.800
592.50	600.00	FOSP;0.914
369.00	372.00	HETH;0.886
550.50	553.50	HETH;0.859
12.00	16.50	LISP;0.811
49.50	54.00	LISP;0.868
64.50	69.00	LISP;0.800
79.50	84.00	LISP;0.966
100.50	105.00	LISP;0.800
120.00	124.50	LISP;0.903
139.50	144.00	LISP;0.861
162.00	166.50	LISP;0.800
238.50	241.50	LISP;0.800
256.50	259.50	LISP;0.818
276.00	283.50	LISP;0.948
315.00	319.50	LISP;0.922
375.00	379.50	LISP;0.800
394.50	399.00	LISP;0.800
417.00	420.00	LISP;0.800
433.50	438.00	LISP;0.800
453.00	456.00	LISP;0.800
466.50	469.50	LISP;0.800
474.00	477.00	LISP;0.800
513.00	516.00	LISP;0.800
520.50	523.50	LISP;0.800
534.00	538.50	LISP;0.800
562.50	567.00	LISP;0.837
571.50	576.00	LISP;0.800
577.50	580.50	LISP;0.800
589.50	594.00	LISP;0.800
550.50	553.50	OCWA;0.940
379.50	382.50	SNBU;0.950
10.50	15.00	SOSA;0.882
24.00	28.50	SOSA;0.889
37.50	42.00	SOSA;0.826
51.00	55.50	SOSA;0.837
67.50	70.50	SOSA;0.800
168.00	172.50	SOSA;0.890
195.00	199.50	SOSA;0.800
237.00	241.50	SOSA;0.901
250.50	256.50	SOSA;0.801
264.00	268.50	SOSA;0.800
294.00	298.50	SOSA;0.800
390.00	394.50	SOSA;0.800
417.00	421.50	SOSA;0.964
430.50	435.00	SOSA;0.949
463.50	468.00	SOSA;0.821
490.50	495.00	SOSA;0.800
19.50	25.50	VATH;0.989
31.50	39.00	VATH;0.985
45.00	49.50	VATH;0.938
58.50	61.50	VATH;0.800
66.00	73.50	VATH;0.989
78.00	82.50	VATH;0.800
105.00	109.50	VATH;0.975
141.00	144.00	VATH;0.800
150.00	154.50	VATH;0.944
174.00	178.50	VATH;0.977
195.00	198.00	VATH;0.820
207.00	211.50	VATH;0.800
261.00	265.50	VATH;0.800
291.00	295.50	VATH;0.851
306.00	315.00	VATH;0.972
316.50	321.00	VATH;0.800
328.50	333.00	VATH;0.800
351.00	355.50	VATH;0.951
400.50	403.50	VATH;0.800
408.00	414.00	VATH;0.920
426.00	429.00	VATH;0.800
436.50	439.50	VATH;0.800
448.50	466.50	VATH;0.976
475.50	478.50	VATH;0.800
481.50	484.50	VATH;0.800
516.00	522.00	VATH;0.951
523.50	526.50	VATH;0.878
529.50	535.50	VATH;0.984
546.00	550.50	VATH;0.800
559.50	564.00	VATH;0.800
580.50	588.00	VATH;0.955
93.00	96.00	WCSP;0.907
60.00	63.00	WTSP;0.800
171.00	174.00	WTSP;0.800
187.50	192.00	WTSP;0.945
196.50	201.00	WTSP;0.911
205.50	210.00	WTSP;0.800
231.00	235.50	WTSP;0.986
288.00	292.50	WTSP;0.951
330.00	336.00	WTSP;0.986
352.50	358.50	WTSP;0.981
366.00	370.50	WTSP;0.973
385.50	391.50	WTSP;0.980
396.00	400.50	WTSP;0.984
405.00	409.50	WTSP;0.992
441.00	444.00	WTSP;0.871
483.00	487.50	WTSP;0.936
73.50	78.00	WIWA;0.986
82.50	85.50	WIWA;0.800
117.00	120.00	WIWA;0.800
126.00	130.50	WIWA;0.920
136.50	141.00	WIWA;0.800
147.00	151.50	WIWA;0.990
160.50	163.50	WIWA;0.854
171.00	175.50	WIWA;0.992
181.50	187.50	WIWA;0.987
192.00	196.50	WIWA;0.989
202.50	207.00	WIWA;0.989
214.50	219.00	WIWA;0.994
223.50	228.00	WIWA;0.994
234.00	238.50	WIWA;0.991
247.50	252.00	WIWA;0.990
258.00	262.50	WIWA;0.992
271.50	277.50	WIWA;0.991
295.50	300.00	WIWA;0.985
318.00	322.50	WIWA;0.988
334.50	339.00	WIWA;0.837
355.50	360.00	WIWA;0.972
372.00	376.50	WIWA;0.978
397.50	402.00	WIWA;0.988
412.50	417.00	WIWA;0.987
423.00	427.50	WIWA;0.990
436.50	442.50	WIWA;0.992
450.00	454.50	WIWA;0.989
460.50	466.50	WIWA;0.991
478.50	483.00	WIWA;0.989
493.50	498.00	WIWA;0.986
505.50	510.00	WIWA;0.984
516.00	520.50	WIWA;0.989
526.50	532.50	WIWA;0.990
537.00	543.00	WIWA;0.993
553.50	558.00	WIWA;0.990
567.00	573.00	WIWA;0.991
585.00	589.50	WIWA;0.989
405.00	408.00	YRWA;0.802
