21.00	24.00	AMRO;0.901
261.00	264.00	AMRO;0.838
288.00	291.00	FISP;0.813
12.00	16.50	FOSP;0.970
24.00	28.50	FOSP;0.825
36.00	40.50	FOSP;0.934
48.00	52.50	FOSP;0.974
60.00	64.50	FOSP;0.972
72.00	76.50	FOSP;0.975
85.50	90.00	FOSP;0.847
97.50	102.00	FOSP;0.956
109.50	114.00	FOSP;0.806
118.50	123.00	FOSP;0.800
124.50	129.00	FOSP;0.948
138.00	142.50	FOSP;0.965
145.50	148.50	FOSP;0.800
150.00	156.00	FOSP;0.952
162.00	168.00	FOSP;0.851
177.00	183.00	FOSP;0.955
190.50	195.00	FOSP;0.961
196.50	201.00	FOSP;0.800
205.50	210.00	FOSP;0.967
219.00	226.50	FOSP;0.935
231.00	235.50	FOSP;0.969
244.50	253.50	FOSP;0.982
258.00	265.50	FOSP;0.949
271.50	276.00	FOSP;0.954
283.50	288.00	FOSP;0.912
123.00	126.00	GCSP;0.883
33.00	36.00	MOCH;0.827
168.00	171.00	MOCH;0.848
195.00	198.00	MOCH;0.926
222.00	225.00	MOCH;0.842
253.50	256.50	MOCH;0.910
268.50	271.50	MOCH;0.813
4.50	7.50	RBGR;0.917
0.00	4.50	VATH;0.925
16.50	21.00	VATH;0.949
57.00	61.50	VATH;0.971
79.50	85.50	VATH;0.991
117.00	120.00	VATH;0.800
133.50	136.50	VATH;0.800
177.00	180.00	VATH;0.800
184.50	189.00	VATH;0.890
211.50	216.00	VATH;0.825
229.50	234.00	VATH;0.889
238.50	243.00	VATH;0.973
262.50	267.00	VATH;0.926
280.50	285.00	VATH;0.954
289.50	294.00	VATH;0.947
3.00	7.50	WCSP;0.981
9.00	18.00	WCSP;0.957
19.50	24.00	WCSP;0.906
25.50	30.00	WCSP;0.996
34.50	39.00	WCSP;0.946
42.00	49.50	WCSP;0.986
51.00	60.00	WCSP;0.954
63.00	73.50	WCSP;0.993
76.50	82.50	WCSP;0.991
87.00	91.50	WCSP;0.974
94.50	99.00	WCSP;0.964
103.50	108.00	WCSP;0.984
111.00	117.00	WCSP;0.983
124.50	129.00	WCSP;0.800
141.00	147.00	WCSP;0.985
157.50	162.00	WCSP;0.985
165.00	169.50	WCSP;0.973
172.50	178.50	WCSP;0.981
186.00	192.00	WCSP;0.989
196.50	201.00	WCSP;0.973
204.00	211.50	WCSP;0.986
213.00	222.00	WCSP;0.972
223.50	229.50	WCSP;0.975
235.50	240.00	WCSP;0.981
241.50	259.50	WCSP;0.985
261.00	268.50	WCSP;0.977
270.00	279.00	WCSP;0.990
285.00	298.50	WCSP;0.990
130.50	135.00	WTSP;0.891
