258.00	261.00	AMRO;0.800
267.00	270.00	AMRO;0.800
280.50	285.00	AMRO;0.828
289.50	307.50	AMRO;0.951
312.00	322.50	AMRO;0.900
325.50	339.00	AMRO;0.990
346.50	349.50	AMRO;0.800
378.00	381.00	AMRO;0.800
387.00	391.50	AMRO;0.800
397.50	402.00	AMRO;0.800
406.50	409.50	AMRO;0.800
418.50	424.50	AMRO;0.800
427.50	432.00	AMRO;0.800
436.50	441.00	AMRO;0.830
453.00	457.50	AMRO;0.921
492.00	496.50	BRSP;0.850
534.00	538.50	BRSP;0.911
6.00	12.00	CHSP;0.808
15.00	21.00	CHSP;0.967
24.00	30.00	CHSP;0.967
31.50	54.00	CHSP;0.975
58.50	63.00	CHSP;0.901
75.00	79.50	CHSP;0.892
84.00	90.00	CHSP;0.954
94.50	97.50	CHSP;0.800
102.00	106.50	CHSP;0.800
120.00	126.00	CHSP;0.976
129.00	135.00	CHSP;0.978
138.00	144.00	CHSP;0.957
148.50	153.00	CHSP;0.823
159.00	163.50	CHSP;0.800
175.50	180.00	CHSP;0.877
186.00	190.50	CHSP;0.871
193.50	199.50	CHSP;0.942
202.50	208.50	CHSP;0.973
213.00	219.00	CHSP;0.914
222.00	228.00	CHSP;0.882
232.50	237.00	CHSP;0.914
258.00	262.50	CHSP;0.898
267.00	273.00	CHSP;0.828
277.50	280.50	CHSP;0.800
292.50	297.00	CHSP;0.886
321.00	325.50	CHSP;0.800
337.50	340.50	CHSP;0.800
346.50	349.50	CHSP;0.800
387.00	391.50	CHSP;0.949
411.00	415.50	CHSP;0.800
420.00	426.00	CHSP;0.860
429.00	435.00	CHSP;0.963
442.50	447.00	CHSP;0.929
448.50	453.00	CHSP;0.800
471.00	475.50	CHSP;0.964
486.00	490.50	CHSP;0.800
517.50	522.00	CHSP;0.812
532.50	537.00	CHSP;0.800
540.00	549.00	CHSP;0.946
552.00	556.50	CHSP;0.800
559.50	564.00	CHSP;0.800
570.00	574.50	CHSP;0.908
585.00	589.50	CHSP;0.918
594.00	598.50	CHSP;0.800
28.50	31.50	EATO;0.813
115.50	118.50	EATO;0.822
426.00	429.00	FISP;0.891
0.00	3.00	FOSP;0.947
9.00	13.50	FOSP;0.883
19.50	24.00	FOSP;0.952
30.00	33.00	FOSP;0.800
55.50	60.00	FOSP;0.800
66.00	72.00	FOSP;0.800
75.00	79.50	FOSP;0.841
84.00	87.00	FOSP;0.800
88.50	93.00	FOSP;0.899
94.50	102.00	FOSP;0.966
106.50	111.00	FOSP;0.936
117.00	121.50	FOSP;0.892
126.00	130.50	FOSP;0.968
135.00	141.00	FOSP;0.866
145.50	150.00	FOSP;0.971
156.00	160.50	FOSP;0.901
163.50	183.00	FOSP;0.986
184.50	195.00	FOSP;0.918
198.00	205.50	FOSP;0.970
208.50	213.00	FOSP;0.966
216.00	222.00	FOSP;0.990
228.00	232.50	FOSP;0.955
240.00	244.50	FOSP;0.924
250.50	253.50	FOSP;0.882
261.00	264.00	FOSP;0.936
271.50	276.00	FOSP;0.800
283.50	288.00	FOSP;0.902
295.50	300.00	FOSP;0.897
306.00	310.50	FOSP;0.868
315.00	319.50	FOSP;0.950
328.50	331.50	FOSP;0.868
340.50	345.00	FOSP;0.800
352.50	355.50	FOSP;0.800
361.50	366.00	FOSP;0.800
370.50	378.00	FOSP;0.800
384.00	387.00	FOSP;0.822
393.00	397.50	FOSP;0.981
403.50	408.00	FOSP;0.846
415.50	418.50	FOSP;0.800
430.50	438.00	FOSP;0.860
445.50	448.50	FOSP;0.914
457.50	462.00	FOSP;0.800
484.50	489.00	FOSP;0.800
495.00	499.50	FOSP;0.800
508.50	511.50	FOSP;0.800
516.00	519.00	FOSP;0.800
523.50	528.00	FOSP;0.800
544.50	549.00	FOSP;0.800
558.00	562.50	FOSP;0.825
570.00	574.50	FOSP;0.800
582.00	586.50	FOSP;0.873
591.00	595.50	FOSP;0.866
411.00	414.00	GCSP;0.888
63.00	66.00	LISP;0.800
100.50	103.50	LISP;0.800
327.00	330.00	LISP;0.800
340.50	343.50	LISP;0.800
349.50	354.00	LISP;0.992
361.50	366.00	LISP;0.848
372.00	376.50	LISP;0.992
396.00	400.50	LISP;0.981
408.00	412.50	LISP;0.994
439.50	444.00	LISP;0.979
463.50	468.00	LISP;0.993
498.00	504.00	LISP;0.997
249.00	252.00	MOCH;0.824
322.50	327.00	RBGR;0.932
522.00	525.00	SWSP;0.942
529.50	532.50	SWSP;0.919
21.00	25.50	VATH;0.984
70.50	73.50	VATH;0.935
91.50	94.50	VATH;0.859
142.50	147.00	VATH;0.957
159.00	163.50	VATH;0.986
166.50	169.50	VATH;0.849
1.50	4.50	WCSP;0.800
34.50	37.50	WCSP;0.800
43.50	48.00	WCSP;0.845
57.00	61.50	WCSP;0.970
246.00	249.00	WCSP;0.800
255.00	259.50	WCSP;0.876
303.00	307.50	WCSP;0.981
318.00	322.50	WCSP;0.932
343.50	348.00	WCSP;0.954
360.00	373.50	WCSP;0.955
375.00	381.00	WCSP;0.971
382.50	387.00	WCSP;0.800
390.00	394.50	WCSP;0.969
399.00	403.50	WCSP;0.977
406.50	411.00	WCSP;0.950
427.50	432.00	WCSP;0.976
447.00	459.00	WCSP;0.984
465.00	471.00	WCSP;0.934
474.00	489.00	WCSP;0.992
492.00	496.50	WCSP;0.800
504.00	510.00	WCSP;0.992
511.50	519.00	WCSP;0.987
520.50	523.50	WCSP;0.800
546.00	553.50	WCSP;0.978
556.50	561.00	WCSP;0.985
565.50	570.00	WCSP;0.990
573.00	577.50	WCSP;0.989
580.50	585.00	WCSP;0.986
589.50	594.00	WCSP;0.965
597.00	600.00	WCSP;0.984
25.50	30.00	WTSP;0.800
70.50	75.00	WTSP;0.915
79.50	84.00	WTSP;0.901
229.50	240.00	WTSP;0.990
241.50	258.00	WTSP;0.998
262.50	285.00	WTSP;0.995
286.50	295.50	WTSP;0.984
297.00	304.50	WTSP;0.994
309.00	316.50	WTSP;0.992
319.50	325.50	WTSP;0.993
331.50	340.50	WTSP;0.987
342.00	351.00	WTSP;0.940
355.50	361.50	WTSP;0.994
363.00	373.50	WTSP;0.968
378.00	385.50	WTSP;0.994
388.50	394.50	WTSP;0.800
400.50	409.50	WTSP;0.994
411.00	418.50	WTSP;0.995
420.00	429.00	WTSP;0.932
436.50	442.50	WTSP;0.957
450.00	459.00	WTSP;0.964
462.00	465.00	WTSP;0.800
468.00	474.00	WTSP;0.987
475.50	495.00	WTSP;0.990
499.50	505.50	WTSP;0.994
510.00	517.50	WTSP;0.984
519.00	525.00	WTSP;0.991
526.50	559.50	WTSP;0.995
561.00	570.00	WTSP;0.995
574.50	583.50	WTSP;0.993
586.50	592.50	WTSP;0.996
595.50	598.50	WTSP;0.872
34.50	39.00	WIWA;0.800
45.00	49.50	WIWA;0.800
91.50	96.00	WIWA;0.971
103.50	108.00	WIWA;0.991
111.00	117.00	WIWA;0.992
