18.00	22.50	AMRO;0.869
25.50	28.50	AMRO;0.868
34.50	39.00	AMRO;0.800
48.00	57.00	AMRO;0.810
70.50	75.00	AMRO;0.800
76.50	81.00	AMRO;0.911
88.50	91.50	AMRO;0.840
97.50	100.50	AMRO;0.800
105.00	129.00	AMRO;0.994
130.50	148.50	AMRO;0.918
153.00	157.50	AMRO;0.957
160.50	171.00	AMRO;0.996
184.50	189.00	AMRO;0.829
192.00	202.50	AMRO;0.910
204.00	208.50	AMRO;0.800
213.00	222.00	AMRO;0.816
241.50	246.00	AMRO;0.910
261.00	265.50	AMRO;0.800
277.50	282.00	AMRO;0.950
301.50	318.00	AMRO;0.976
331.50	354.00	AMRO;0.994
355.50	369.00	AMRO;0.993
372.00	379.50	AMRO;0.946
381.00	394.50	AMRO;0.989
399.00	403.50	AMRO;0.800
405.00	415.50	AMRO;0.957
417.00	469.50	AMRO;0.981
471.00	498.00	AMRO;0.983
517.50	522.00	AMRO;0.975
529.50	535.50	AMRO;0.982
538.50	549.00	AMRO;0.988
571.50	576.00	AMRO;0.800
579.00	591.00	AMRO;0.979
178.50	181.50	BAOR;0.908
589.50	592.50	EATO;0.877
15.00	18.00	FOSP;0.800
31.50	36.00	FOSP;0.814
79.50	82.50	FOSP;0.800
94.50	97.50	FOSP;0.800
106.50	114.00	FOSP;0.800
151.50	156.00	FOSP;0.956
169.50	172.50	FOSP;0.800
187.50	192.00	FOSP;0.800
199.50	205.50	FOSP;0.800
229.50	234.00	FOSP;0.896
238.50	241.50	FOSP;0.919
249.00	253.50	FOSP;0.800
264.00	267.00	FOSP;0.800
285.00	289.50	FOSP;0.858
298.50	303.00	FOSP;0.800
376.50	379.50	FOSP;0.800
397.50	402.00	FOSP;0.800
421.50	426.00	FOSP;0.800
439.50	444.00	FOSP;0.931
453.00	457.50	FOSP;0.800
468.00	472.50	FOSP;0.914
478.50	483.00	FOSP;0.897
496.50	505.50	FOSP;0.976
511.50	520.50	FOSP;0.970
522.00	526.50	FOSP;0.859
537.00	540.00	FOSP;0.800
591.00	600.00	FOSP;0.952
34.50	37.50	GWTE;0.958
207.00	210.00	GWTE;0.811
259.50	262.50	HETH;0.876
60.00	64.50	LISP;0.818
73.50	78.00	LISP;0.961
90.00	94.50	LISP;0.990
172.50	177.00	LISP;0.908
210.00	213.00	MOBL;0.809
12.00	15.00	MOCH;0.800
19.50	22.50	MOCH;0.800
39.00	43.50	MOCH;0.959
55.50	58.50	MOCH;0.800
127.50	130.50	MOCH;0.800
222.00	225.00	MOCH;0.800
235.50	238.50	MOCH;0.800
258.00	261.00	MOCH;0.860
270.00	273.00	MOCH;0.907
292.50	295.50	MOCH;0.969
313.50	316.50	MOCH;0.800
337.50	340.50	MOCH;0.851
393.00	396.00	MOCH;0.800
400.50	405.00	MOCH;0.800
508.50	513.00	MOCH;0.953
520.50	525.00	MOCH;0.800
577.50	580.50	MOCH;0.933
159.00	162.00	OSFL;0.858
3.00	9.00	PISI;0.933
37.50	42.00	PISI;0.843
226.50	231.00	REVI;0.965
120.00	123.00	RBGR;0.827
330.00	333.00	SBDO;0.813
186.00	189.00	SNBU;0.869
219.00	222.00	SNBU;0.819
27.00	31.50	VATH;0.800
147.00	151.50	VATH;0.828
154.50	157.50	VATH;0.800
162.00	165.00	VATH;0.800
225.00	229.50	VATH;0.800
289.50	292.50	VATH;0.800
328.50	331.50	VATH;0.800
361.50	366.00	VATH;0.940
379.50	382.50	VATH;0.800
396.00	399.00	VATH;0.800
432.00	435.00	VATH;0.800
436.50	441.00	VATH;0.947
459.00	462.00	VATH;0.892
484.50	487.50	VATH;0.800
504.00	508.50	VATH;0.958
549.00	555.00	VATH;0.888
562.50	567.00	VATH;0.985
66.00	70.50	WCSP;0.955
286.50	289.50	WCSP;0.800
414.00	418.50	WCSP;0.978
565.50	570.00	WCSP;0.969
597.00	600.00	WCSP;0.800
16.50	22.50	WTSP;0.995
28.50	34.50	WTSP;0.990
43.50	49.50	WTSP;0.987
72.00	76.50	WTSP;0.995
103.50	108.00	WTSP;0.982
117.00	121.50	WTSP;0.994
127.50	136.50	WTSP;0.987
145.50	153.00	WTSP;0.929
156.00	159.00	WTSP;0.800
180.00	184.50	WTSP;0.986
192.00	196.50	WTSP;0.994
205.50	210.00	WTSP;0.996
219.00	225.00	WTSP;0.800
232.50	237.00	WTSP;0.989
244.50	250.50	WTSP;0.979
255.00	261.00	WTSP;0.995
267.00	271.50	WTSP;0.986
277.50	283.50	WTSP;0.988
289.50	294.00	WTSP;0.800
300.00	304.50	WTSP;0.801
310.50	315.00	WTSP;0.974
322.50	327.00	WTSP;0.871
336.00	339.00	WTSP;0.812
348.00	352.50	WTSP;0.956
364.50	369.00	WTSP;0.879
378.00	382.50	WTSP;0.942
393.00	399.00	WTSP;0.993
405.00	409.50	WTSP;0.946
424.50	427.50	WTSP;0.800
435.00	439.50	WTSP;0.850
445.50	450.00	WTSP;0.968
460.50	465.00	WTSP;0.971
484.50	489.00	WTSP;0.926
508.50	511.50	WTSP;0.800
520.50	525.00	WTSP;0.925
534.00	538.50	WTSP;0.891
549.00	552.00	WTSP;0.844
561.00	565.50	WTSP;0.855
574.50	579.00	WTSP;0.977
585.00	589.50	WTSP;0.800
303.00	307.50	WIWA;0.852
312.00	316.50	WIWA;0.925
321.00	325.50	WIWA;0.899
330.00	334.50	WIWA;0.946
340.50	345.00	WIWA;0.985
349.50	354.00	WIWA;0.966
358.50	363.00	WIWA;0.984
376.50	381.00	WIWA;0.976
390.00	393.00	WIWA;0.924
408.00	412.50	WIWA;0.988
424.50	429.00	WIWA;0.986
454.50	459.00	WIWA;0.862
490.50	495.00	WIWA;0.985
501.00	507.00	WIWA;0.989
514.50	519.00	WIWA;0.983
525.00	529.50	WIWA;0.958
559.50	564.00	WIWA;0.800
573.00	577.50	WIWA;0.986
586.50	591.00	WIWA;0.991
