181.50	184.50	AMDI;0.803
238.50	241.50	BCCH;0.885
168.00	171.00	BOCH;0.836
264.00	267.00	BRSP;0.801
595.50	598.50	EVGR;0.836
4.50	9.00	FOSP;0.800
27.00	30.00	FOSP;0.954
40.50	45.00	FOSP;0.800
55.50	63.00	FOSP;0.800
66.00	73.50	FOSP;0.835
129.00	133.50	FOSP;0.800
139.50	144.00	FOSP;0.800
231.00	234.00	FOSP;0.800
253.50	258.00	FOSP;0.800
265.50	270.00	FOSP;0.926
279.00	283.50	FOSP;0.800
301.50	306.00	FOSP;0.800
411.00	415.50	FOSP;0.800
460.50	469.50	FOSP;0.807
472.50	492.00	FOSP;0.993
493.50	502.50	FOSP;0.972
504.00	508.50	FOSP;0.936
516.00	520.50	FOSP;0.800
526.50	529.50	FOSP;0.853
538.50	543.00	FOSP;0.800
553.50	556.50	FOSP;0.800
559.50	562.50	FOSP;0.800
565.50	570.00	FOSP;0.800
577.50	580.50	FOSP;0.800
591.00	595.50	FOSP;0.880
325.50	328.50	GCSP;0.839
309.00	312.00	LISP;0.800
355.50	360.00	LISP;0.968
372.00	376.50	LISP;0.859
381.00	388.50	LISP;0.960
394.50	399.00	LISP;0.925
402.00	406.50	LISP;0.800
438.00	441.00	LISP;0.800
447.00	456.00	LISP;0.969
459.00	463.50	LISP;0.970
468.00	471.00	LISP;0.896
480.00	484.50	LISP;0.988
492.00	495.00	LISP;0.800
507.00	513.00	LISP;0.800
532.50	535.50	LISP;0.800
10.50	13.50	MOCH;0.815
198.00	201.00	MOCH;0.923
366.00	369.00	MOCH;0.807
444.00	447.00	MOCH;0.815
537.00	540.00	OCWA;0.802
6.00	15.00	PISI;0.938
18.00	22.50	PISI;0.902
45.00	49.50	PISI;0.990
60.00	64.50	PISI;0.920
136.50	139.50	PISI;0.800
150.00	154.50	PISI;0.800
156.00	159.00	PISI;0.800
160.50	165.00	PISI;0.877
169.50	174.00	PISI;0.872
273.00	280.50	PISI;0.831
324.00	327.00	PISI;0.800
334.50	342.00	PISI;0.982
456.00	462.00	PISI;0.984
463.50	468.00	PISI;0.800
519.00	522.00	REVI;0.900
555.00	558.00	REVI;0.848
151.50	156.00	SAPH;0.871
36.00	39.00	SWSP;0.912
349.50	354.00	SWSP;0.943
379.50	382.50	SWSP;0.884
0.00	3.00	TEWA;0.879
4.50	9.00	TEWA;0.885
12.00	16.50	TEWA;0.915
19.50	24.00	TEWA;0.884
42.00	46.50	TEWA;0.873
48.00	52.50	TEWA;0.856
55.50	58.50	TEWA;0.800
61.50	73.50	TEWA;0.974
75.00	81.00	TEWA;0.935
82.50	87.00	TEWA;0.945
90.00	94.50	TEWA;0.963
97.50	102.00	TEWA;0.800
118.50	121.50	TEWA;0.800
124.50	129.00	TEWA;0.881
132.00	138.00	TEWA;0.814
141.00	145.50	TEWA;0.831
148.50	153.00	TEWA;0.961
156.00	159.00	TEWA;0.840
162.00	168.00	TEWA;0.949
171.00	175.50	TEWA;0.917
178.50	184.50	TEWA;0.902
196.50	201.00	TEWA;0.822
204.00	208.50	TEWA;0.940
213.00	217.50	TEWA;0.847
220.50	223.50	TEWA;0.800
228.00	234.00	TEWA;0.936
235.50	241.50	TEWA;0.947
244.50	249.00	TEWA;0.882
250.50	256.50	TEWA;0.959
267.00	271.50	TEWA;0.902
273.00	279.00	TEWA;0.865
282.00	286.50	TEWA;0.800
289.50	294.00	TEWA;0.837
297.00	303.00	TEWA;0.943
306.00	310.50	TEWA;0.800
312.00	318.00	TEWA;0.981
321.00	325.50	TEWA;0.916
327.00	333.00	TEWA;0.959
334.50	340.50	TEWA;0.966
343.50	348.00	TEWA;0.922
352.50	357.00	TEWA;0.881
358.50	364.50	TEWA;0.897
367.50	372.00	TEWA;0.926
375.00	381.00	TEWA;0.848
382.50	388.50	TEWA;0.978
390.00	396.00	TEWA;0.985
399.00	405.00	TEWA;0.918
406.50	412.50	TEWA;0.984
415.50	421.50	TEWA;0.955
423.00	429.00	TEWA;0.966
430.50	436.50	TEWA;0.976
438.00	444.00	TEWA;0.971
445.50	451.50	TEWA;0.945
453.00	459.00	TEWA;0.960
460.50	466.50	TEWA;0.952
468.00	474.00	TEWA;0.941
477.00	481.50	TEWA;0.800
483.00	487.50	TEWA;0.827
490.50	495.00	TEWA;0.944
498.00	504.00	TEWA;0.958
505.50	510.00	TEWA;0.949
511.50	517.50	TEWA;0.977
519.00	525.00	TEWA;0.922
526.50	532.50	TEWA;0.964
534.00	540.00	TEWA;0.800
541.50	547.50	TEWA;0.954
549.00	555.00	TEWA;0.930
556.50	561.00	TEWA;0.918
562.50	568.50	TEWA;0.946
570.00	574.50	TEWA;0.945
577.50	583.50	TEWA;0.974
585.00	591.00	TEWA;0.809
1.50	6.00	WCSP;0.982
15.00	19.50	WCSP;0.994
34.50	39.00	WCSP;0.916
49.50	57.00	WCSP;0.961
64.50	69.00	WCSP;0.987
78.00	84.00	WCSP;0.958
85.50	90.00	WCSP;0.997
91.50	100.50	WCSP;0.968
105.00	109.50	WCSP;0.982
114.00	117.00	WCSP;0.986
121.50	126.00	WCSP;0.972
132.00	139.50	WCSP;0.931
142.50	148.50	WCSP;0.955
151.50	154.50	WCSP;0.980
159.00	162.00	WCSP;0.800
166.50	169.50	WCSP;0.800
172.50	181.50	WCSP;0.982
183.00	186.00	WCSP;0.994
189.00	195.00	WCSP;0.997
199.50	202.50	WCSP;0.923
208.50	214.50	WCSP;0.997
217.50	222.00	WCSP;0.978
225.00	229.50	WCSP;0.985
232.50	238.50	WCSP;0.998
240.00	244.50	WCSP;0.991
249.00	253.50	WCSP;0.979
259.50	271.50	WCSP;0.960
273.00	276.00	WCSP;0.812
280.50	285.00	WCSP;0.985
298.50	301.50	WCSP;0.800
426.00	429.00	WCSP;0.800
471.00	474.00	WCSP;0.800
567.00	571.50	WCSP;0.981
582.00	585.00	WCSP;0.809
45.00	48.00	WTSP;0.833
508.50	513.00	YRWA;0.880
