243.00	246.00	AMDI;0.871
0.00	9.00	CHSP;0.990
21.00	45.00	CHSP;0.993
46.50	52.50	CHSP;0.988
70.50	73.50	CHSP;0.800
102.00	106.50	CHSP;0.800
124.50	127.50	CHSP;0.800
132.00	144.00	CHSP;0.981
145.50	154.50	CHSP;0.969
157.50	162.00	CHSP;0.961
166.50	172.50	CHSP;0.987
183.00	189.00	CHSP;0.984
192.00	214.50	CHSP;0.983
217.50	222.00	CHSP;0.800
223.50	234.00	CHSP;0.981
238.50	244.50	CHSP;0.987
247.50	259.50	CHSP;0.987
264.00	274.50	CHSP;0.933
277.50	282.00	CHSP;0.800
283.50	288.00	CHSP;0.879
81.00	84.00	DEJU;0.893
112.50	117.00	DEJU;0.979
132.00	135.00	DEJU;0.891
153.00	156.00	DEJU;0.847
163.50	166.50	DEJU;0.902
174.00	177.00	DEJU;0.806
201.00	204.00	DEJU;0.822
64.50	67.50	FOSP;0.800
87.00	91.50	FOSP;0.817
139.50	150.00	FOSP;0.806
154.50	160.50	FOSP;0.946
163.50	166.50	FOSP;0.800
168.00	172.50	FOSP;0.800
174.00	177.00	FOSP;0.800
181.50	186.00	FOSP;0.902
193.50	198.00	FOSP;0.800
205.50	210.00	FOSP;0.952
216.00	223.50	FOSP;0.960
231.00	235.50	FOSP;0.963
244.50	249.00	FOSP;0.981
252.00	255.00	FOSP;0.800
271.50	274.50	FOSP;0.800
277.50	282.00	FOSP;0.803
283.50	288.00	FOSP;0.800
24.00	27.00	GCSP;0.922
39.00	42.00	GCSP;0.878
237.00	240.00	GCSP;0.811
9.00	13.50	LISP;0.981
45.00	49.50	LISP;0.911
57.00	61.50	LISP;0.964
96.00	100.50	LISP;0.983
106.50	111.00	LISP;0.991
127.50	132.00	LISP;0.854
148.50	153.00	LISP;0.839
159.00	165.00	LISP;0.955
190.50	195.00	LISP;0.800
202.50	205.50	LISP;0.800
261.00	265.50	LISP;0.800
273.00	276.00	LISP;0.800
177.00	180.00	MOCH;0.945
241.50	244.50	MOCH;0.854
73.50	76.50	OCWA;0.868
79.50	88.50	PISI;0.970
90.00	97.50	PISI;0.983
88.50	91.50	SNBU;0.810
210.00	213.00	SWTH;0.938
12.00	16.50	WCSP;0.987
18.00	21.00	WCSP;0.955
25.50	30.00	WCSP;0.990
33.00	36.00	WCSP;0.800
39.00	42.00	WCSP;0.800
48.00	51.00	WCSP;0.800
54.00	58.50	WCSP;0.987
60.00	72.00	WCSP;0.994
75.00	79.50	WCSP;0.998
82.50	87.00	WCSP;0.993
103.50	108.00	WCSP;0.968
115.50	120.00	WCSP;0.970
121.50	126.00	WCSP;0.991
132.00	138.00	WCSP;0.850
142.50	147.00	WCSP;0.986
148.50	151.50	WCSP;0.800
163.50	166.50	WCSP;0.800
178.50	183.00	WCSP;0.918
186.00	192.00	WCSP;0.993
216.00	219.00	WCSP;0.800
235.50	243.00	WCSP;0.998
256.50	261.00	WCSP;0.975
267.00	271.50	WCSP;0.983
276.00	280.50	WCSP;0.945
288.00	291.00	WCSP;0.800
297.00	300.00	WCSP;0.993
6.00	9.00	WTSP;0.800
10.50	13.50	WTSP;0.800
18.00	22.50	WTSP;0.800
31.50	36.00	WTSP;0.800
42.00	46.50	WTSP;0.972
52.50	57.00	WTSP;0.951
75.00	78.00	WTSP;0.800
94.50	99.00	WTSP;0.964
102.00	109.50	WTSP;0.966
180.00	184.50	WTSP;0.812
196.50	199.50	WTSP;0.800
213.00	216.00	WTSP;0.800
220.50	231.00	WTSP;0.943
238.50	241.50	WTSP;0.800
247.50	253.50	WTSP;0.978
264.00	273.00	WTSP;0.991
274.50	279.00	WTSP;0.800
286.50	292.50	WTSP;0.982
295.50	298.50	WTSP;0.800
