127.50	133.50	ATSP;0.936
0.00	6.00	CHSP;0.983
9.00	15.00	CHSP;0.985
19.50	25.50	CHSP;0.955
34.50	40.50	CHSP;0.993
46.50	52.50	CHSP;0.972
58.50	64.50	CHSP;0.972
69.00	76.50	CHSP;0.982
84.00	90.00	CHSP;0.991
96.00	102.00	CHSP;0.983
109.50	115.50	CHSP;0.971
117.00	123.00	CHSP;0.985
289.50	294.00	CHSP;0.800
58.50	61.50	HOSP;0.914
174.00	180.00	MOCH;0.904
187.50	190.50	MOCH;0.906
6.00	27.00	PISI;0.999
28.50	36.00	PISI;0.986
39.00	58.50	PISI;0.977
63.00	85.50	PISI;0.996
87.00	97.50	PISI;0.972
100.50	109.50	PISI;0.974
124.50	129.00	PISI;0.800
132.00	136.50	PISI;0.800
138.00	147.00	PISI;0.900
180.00	184.50	PISI;0.956
186.00	192.00	PISI;0.800
195.00	198.00	PISI;0.800
204.00	223.50	PISI;0.991
225.00	241.50	PISI;0.984
243.00	261.00	PISI;0.998
264.00	267.00	PISI;0.800
270.00	279.00	PISI;0.977
282.00	289.50	PISI;0.967
294.00	298.50	PISI;0.817
10.50	15.00	SWSP;0.841
39.00	42.00	SWSP;0.800
45.00	49.50	SWSP;0.870
52.50	57.00	SWSP;0.800
90.00	94.50	SWSP;0.800
96.00	100.50	SWSP;0.800
103.50	108.00	SWSP;0.800
133.50	138.00	SWSP;0.800
141.00	145.50	SWSP;0.800
147.00	153.00	SWSP;0.912
156.00	159.00	SWSP;0.800
162.00	166.50	SWSP;0.966
168.00	174.00	SWSP;0.964
175.50	181.50	SWSP;0.800
190.50	195.00	SWSP;0.816
198.00	204.00	SWSP;0.933
205.50	211.50	SWSP;0.884
213.00	217.50	SWSP;0.800
232.50	237.00	SWSP;0.800
259.50	264.00	SWSP;0.800
271.50	276.00	SWSP;0.800
286.50	289.50	SWSP;0.800
297.00	300.00	SWSP;0.800
31.50	36.00	TEWA;0.894
3.00	6.00	WCSP;0.925
37.50	40.50	WCSP;0.879
247.50	250.50	WCSP;0.983
277.50	280.50	WCSP;0.837
1.50	4.50	WTSP;0.800
24.00	27.00	WTSP;0.800
36.00	39.00	WTSP;0.800
120.00	124.50	WTSP;0.986
141.00	145.50	WTSP;0.800
163.50	166.50	WTSP;0.800
235.50	244.50	WTSP;0.800
258.00	262.50	WTSP;0.991
264.00	274.50	WTSP;0.984
279.00	283.50	WTSP;0.986
297.00	300.00	WTSP;0.800
157.50	162.00	YRWA;0.994
