19.50	24.00	AMRO;0.970
58.50	64.50	AMRO;0.877
114.00	117.00	AMRO;0.836
123.00	127.50	AMRO;0.904
34.50	37.50	BAOR;0.845
55.50	58.50	BAOR;0.806
78.00	81.00	BAOR;0.850
180.00	183.00	EATO;0.817
246.00	249.00	EATO;0.912
244.50	247.50	FISP;0.863
253.50	256.50	FISP;0.812
271.50	276.00	FISP;0.907
282.00	285.00	FISP;0.911
0.00	4.50	FOSP;0.959
24.00	34.50	FOSP;0.941
36.00	48.00	FOSP;0.968
57.00	60.00	FOSP;0.868
69.00	78.00	FOSP;0.841
90.00	96.00	FOSP;0.800
106.50	115.50	FOSP;0.984
118.50	123.00	FOSP;0.800
129.00	132.00	FOSP;0.800
133.50	138.00	FOSP;0.903
144.00	148.50	FOSP;0.852
151.50	165.00	FOSP;0.879
171.00	178.50	FOSP;0.970
181.50	187.50	FOSP;0.800
190.50	195.00	FOSP;0.979
202.50	208.50	FOSP;0.954
211.50	216.00	FOSP;0.800
217.50	222.00	FOSP;0.800
229.50	234.00	FOSP;0.800
240.00	246.00	FOSP;0.800
247.50	250.50	FOSP;0.902
259.50	262.50	FOSP;0.800
265.50	271.50	FOSP;0.800
274.50	279.00	FOSP;0.800
280.50	291.00	FOSP;0.904
241.50	244.50	GCSP;0.855
22.50	25.50	HOWR;0.955
24.00	27.00	LISP;0.854
69.00	72.00	MOCH;0.880
180.00	183.00	MOCH;0.851
15.00	19.50	RBGR;0.800
49.50	57.00	RBGR;0.941
58.50	61.50	RBGR;0.800
222.00	226.50	RBGR;0.970
70.50	73.50	SNBU;0.845
102.00	105.00	WCSP;0.843
135.00	138.00	WCSP;0.825
160.50	163.50	WCSP;0.830
219.00	222.00	WCSP;0.862
229.50	234.00	WCSP;0.892
66.00	70.50	WTSP;0.988
72.00	79.50	WTSP;0.965
81.00	90.00	WTSP;0.997
97.50	102.00	WTSP;0.985
108.00	112.50	WTSP;0.960
120.00	124.50	WTSP;0.893
138.00	141.00	WTSP;0.800
147.00	151.50	WTSP;0.800
160.50	165.00	WTSP;0.803
169.50	172.50	WTSP;0.800
186.00	192.00	WTSP;0.986
196.50	213.00	WTSP;0.989
214.50	219.00	WTSP;0.993
220.50	238.50	WTSP;0.997
241.50	247.50	WTSP;0.976
250.50	256.50	WTSP;0.994
258.00	265.50	WTSP;0.992
268.50	285.00	WTSP;0.997
289.50	297.00	WTSP;0.995
