34.50	37.50	BCCH;0.802
139.50	142.50	BCCH;0.840
199.50	204.00	FOSP;0.959
0.00	3.00	HETH;0.862
6.00	28.50	HETH;0.990
39.00	46.50	HETH;0.832
54.00	67.50	HETH;0.969
78.00	81.00	HETH;0.886
102.00	105.00	HETH;0.800
109.50	112.50	HETH;0.843
117.00	120.00	HETH;0.864
121.50	124.50	HETH;0.800
129.00	139.50	HETH;0.982
141.00	145.50	HETH;0.956
147.00	151.50	HETH;0.812
159.00	165.00	HETH;0.814
174.00	177.00	HETH;0.800
180.00	184.50	HETH;0.800
190.50	198.00	HETH;0.959
204.00	207.00	HETH;0.800
219.00	228.00	HETH;0.990
234.00	238.50	HETH;0.800
250.50	255.00	HETH;0.800
279.00	283.50	HETH;0.800
297.00	300.00	HETH;0.975
153.00	156.00	MOCH;0.897
211.50	216.00	MOCH;0.882
231.00	234.00	MOCH;0.865
295.50	298.50	MOCH;0.913
232.50	235.50	RWBL;0.823
