192.00	195.00	BCCH;0.942
0.00	15.00	CHSP;0.999
285.00	289.50	CHSP;0.972
229.50	232.50	DUNL;0.861
64.50	67.50	FISP;0.807
34.50	37.50	FOSP;0.901
198.00	202.50	FOSP;0.915
222.00	225.00	FOSP;0.876
247.50	250.50	GCSP;0.963
6.00	9.00	HETH;0.800
36.00	40.50	HETH;0.800
73.50	82.50	HETH;0.904
120.00	132.00	HETH;0.949
133.50	136.50	HETH;0.800
138.00	142.50	HETH;0.845
144.00	150.00	HETH;0.980
156.00	160.50	HETH;0.813
165.00	169.50	HETH;0.800
178.50	183.00	HETH;0.957
231.00	235.50	HETH;0.800
297.00	300.00	HETH;0.800
3.00	10.50	MOCH;0.800
19.50	22.50	MOCH;0.800
24.00	28.50	MOCH;0.838
34.50	37.50	MOCH;0.800
46.50	49.50	MOCH;0.800
58.50	63.00	MOCH;0.921
78.00	82.50	MOCH;0.800
85.50	88.50	MOCH;0.800
90.00	93.00	MOCH;0.992
97.50	102.00	MOCH;0.873
103.50	106.50	MOCH;0.800
108.00	112.50	MOCH;0.800
118.50	121.50	MOCH;0.800
123.00	127.50	MOCH;0.895
132.00	135.00	MOCH;0.800
136.50	139.50	MOCH;0.822
147.00	151.50	MOCH;0.943
154.50	157.50	MOCH;0.987
162.00	171.00	MOCH;0.860
172.50	175.50	MOCH;0.965
187.50	196.50	MOCH;0.907
208.50	213.00	MOCH;0.967
231.00	235.50	MOCH;0.800
250.50	253.50	MOCH;0.800
267.00	270.00	MOCH;0.800
295.50	300.00	MOCH;0.800
57.00	60.00	RUBL;0.885
219.00	222.00	RUBL;0.871
25.50	30.00	SOSA;0.876
16.50	21.00	VATH;0.800
27.00	31.50	VATH;0.920
39.00	43.50	VATH;0.832
52.50	57.00	VATH;0.985
85.50	88.50	VATH;0.800
91.50	94.50	VATH;0.800
105.00	114.00	VATH;0.920
120.00	124.50	VATH;0.800
148.50	154.50	VATH;0.995
159.00	162.00	VATH;0.800
175.50	180.00	VATH;0.950
181.50	186.00	VATH;0.823
204.00	207.00	VATH;0.800
255.00	259.50	VATH;0.916
268.50	271.50	VATH;0.816
112.50	115.50	VESP;0.814
202.50	207.00	WCSP;0.800
216.00	220.50	WCSP;0.987
228.00	232.50	WCSP;0.988
240.00	244.50	WCSP;0.962
252.00	255.00	WCSP;0.800
262.50	267.00	WCSP;0.863
273.00	277.50	WCSP;0.983
280.50	283.50	WCSP;0.970
12.00	16.50	WTSP;0.963
19.50	27.00	WTSP;0.995
31.50	36.00	WTSP;0.987
43.50	49.50	WTSP;0.993
54.00	58.50	WTSP;0.991
60.00	69.00	WTSP;0.995
70.50	76.50	WTSP;0.995
85.50	91.50	WTSP;0.995
100.50	106.50	WTSP;0.994
115.50	121.50	WTSP;0.988
132.00	138.00	WTSP;0.988
151.50	156.00	WTSP;0.992
169.50	174.00	WTSP;0.987
184.50	190.50	WTSP;0.997
199.50	207.00	WTSP;0.994
211.50	217.50	WTSP;0.991
222.00	229.50	WTSP;0.938
235.50	240.00	WTSP;0.980
246.00	253.50	WTSP;0.958
258.00	264.00	WTSP;0.994
267.00	276.00	WTSP;0.994
277.50	286.50	WTSP;0.994
292.50	298.50	WTSP;0.993
183.00	186.00	WIWA;0.800
213.00	217.50	WIWA;0.950
223.50	228.00	WIWA;0.957
234.00	238.50	WIWA;0.991
241.50	246.00	WIWA;0.990
252.00	256.50	WIWA;0.988
262.50	268.50	WIWA;0.985
276.00	280.50	WIWA;0.992
289.50	294.00	WIWA;0.989
