117.00	120.00	AMRO;0.934
139.50	142.50	AMRO;0.873
150.00	153.00	AMRO;0.855
295.50	300.00	AMRO;0.873
493.50	496.50	AMRO;0.915
517.50	520.50	AMRO;0.838
543.00	546.00	AMRO;0.873
570.00	573.00	AMRO;0.835
468.00	471.00	BRSP;0.839
483.00	486.00	BRSP;0.816
504.00	507.00	BRSP;0.923
508.50	511.50	CBCH;0.861
0.00	45.00	CHSP;0.994
46.50	54.00	CHSP;0.991
57.00	76.50	CHSP;0.996
78.00	85.50	CHSP;0.995
88.50	96.00	CHSP;0.989
100.50	106.50	CHSP;0.990
108.00	136.50	CHSP;0.997
138.00	147.00	CHSP;0.990
148.50	177.00	CHSP;0.992
181.50	187.50	CHSP;0.993
189.00	193.50	CHSP;0.989
196.50	202.50	CHSP;0.989
207.00	213.00	CHSP;0.992
214.50	220.50	CHSP;0.992
223.50	235.50	CHSP;0.999
237.00	244.50	CHSP;0.992
246.00	255.00	CHSP;0.998
256.50	262.50	CHSP;0.991
268.50	277.50	CHSP;0.990
279.00	286.50	CHSP;0.991
289.50	295.50	CHSP;0.978
298.50	306.00	CHSP;0.999
310.50	337.50	CHSP;0.991
339.00	349.50	CHSP;0.994
352.50	379.50	CHSP;0.999
381.00	388.50	CHSP;0.996
391.50	399.00	CHSP;0.999
400.50	424.50	CHSP;0.993
426.00	433.50	CHSP;0.997
435.00	450.00	CHSP;0.996
454.50	483.00	CHSP;0.996
487.50	492.00	CHSP;0.989
495.00	502.50	CHSP;0.994
504.00	508.50	CHSP;0.800
523.50	529.50	CHSP;0.982
543.00	549.00	CHSP;0.989
561.00	567.00	CHSP;0.997
580.50	586.50	CHSP;0.990
18.00	21.00	CCSP;0.800
28.50	31.50	CCSP;0.800
148.50	153.00	CCSP;0.800
165.00	169.50	CCSP;0.989
174.00	177.00	CCSP;0.835
241.50	246.00	CCSP;0.874
348.00	351.00	CCSP;0.800
366.00	370.50	CCSP;0.910
507.00	511.50	CCSP;0.912
516.00	520.50	CCSP;0.903
522.00	525.00	CCSP;0.800
529.50	534.00	CCSP;0.963
537.00	540.00	CCSP;0.800
550.50	553.50	CCSP;0.800
588.00	592.50	CCSP;0.992
495.00	498.00	EABL;0.802
298.50	303.00	FOSP;0.905
576.00	582.00	FOSP;0.953
594.00	598.50	FOSP;0.982
1.50	6.00	LISP;0.936
12.00	16.50	LISP;0.949
21.00	25.50	LISP;0.800
31.50	37.50	LISP;0.940
42.00	46.50	LISP;0.918
52.50	57.00	LISP;0.996
63.00	69.00	LISP;0.810
76.50	81.00	LISP;0.991
87.00	91.50	LISP;0.995
99.00	103.50	LISP;0.995
109.50	114.00	LISP;0.980
121.50	126.00	LISP;0.858
133.50	138.00	LISP;0.997
144.00	150.00	LISP;0.991
157.50	162.00	LISP;0.966
169.50	174.00	LISP;0.994
175.50	184.50	LISP;0.993
190.50	195.00	LISP;0.970
201.00	205.50	LISP;0.990
210.00	217.50	LISP;0.983
261.00	265.50	LISP;0.984
271.50	276.00	LISP;0.940
282.00	288.00	LISP;0.958
292.50	298.50	LISP;0.987
303.00	309.00	LISP;0.976
313.50	319.50	LISP;0.987
325.50	330.00	LISP;0.978
336.00	342.00	LISP;0.990
348.00	352.50	LISP;0.977
484.50	487.50	LISP;0.800
513.00	517.50	LISP;0.810
520.50	525.00	LISP;0.800
526.50	529.50	LISP;0.800
546.00	550.50	LISP;0.800
573.00	577.50	LISP;0.910
586.50	591.00	LISP;0.993
334.50	337.50	PAWA;0.843
184.50	202.50	PISI;0.998
204.00	208.50	PISI;0.988
217.50	226.50	PISI;0.964
234.00	240.00	PISI;0.997
241.50	247.50	PISI;0.800
252.00	259.50	PISI;0.950
262.50	271.50	PISI;0.992
274.50	279.00	PISI;0.800
285.00	291.00	PISI;0.920
334.50	339.00	PISI;0.886
423.00	430.50	PISI;0.997
433.50	441.00	PISI;0.987
448.50	462.00	PISI;0.965
564.00	573.00	PISI;0.951
579.00	588.00	PISI;0.800
492.00	495.00	SBDO;0.879
6.00	9.00	VATH;0.825
489.00	492.00	WILL;0.824
43.50	48.00	WIWA;0.944
379.50	384.00	WIWA;0.808
414.00	417.00	WIWA;0.987
505.50	510.00	WIWA;0.971
514.50	517.50	WIWA;0.800
534.00	538.50	WIWA;0.995
540.00	544.50	WIWA;0.991
547.50	561.00	WIWA;0.992
565.50	570.00	WIWA;0.996
574.50	579.00	WIWA;0.992
583.50	588.00	WIWA;0.988
592.50	598.50	WIWA;0.995
361.50	364.50	YRWA;0.873
370.50	376.50	YRWA;0.999
