325.50	331.50	CHSP;0.973
334.50	340.50	CHSP;0.939
345.00	352.50	CHSP;0.964
354.00	360.00	CHSP;0.936
363.00	369.00	CHSP;0.975
372.00	376.50	CHSP;0.978
382.50	387.00	CHSP;0.887
390.00	396.00	CHSP;0.909
399.00	405.00	CHSP;0.975
409.50	414.00	CHSP;0.911
417.00	421.50	CHSP;0.896
426.00	432.00	CHSP;0.826
436.50	442.50	CHSP;0.985
454.50	460.50	CHSP;0.981
465.00	469.50	CHSP;0.920
472.50	478.50	CHSP;0.974
483.00	489.00	CHSP;0.968
495.00	499.50	CHSP;0.942
505.50	511.50	CHSP;0.990
514.50	520.50	CHSP;0.913
525.00	531.00	CHSP;0.974
532.50	538.50	CHSP;0.972
543.00	549.00	CHSP;0.986
553.50	559.50	CHSP;0.984
564.00	570.00	CHSP;0.984
574.50	582.00	CHSP;0.979
586.50	592.50	CHSP;0.943
597.00	600.00	CHSP;0.951
231.00	234.00	DUFL;0.861
3.00	7.50	FOSP;0.969
18.00	22.50	FOSP;0.968
28.50	34.50	FOSP;0.844
55.50	60.00	FOSP;0.800
111.00	115.50	FOSP;0.800
117.00	121.50	FOSP;0.987
124.50	127.50	FOSP;0.800
129.00	135.00	FOSP;0.985
153.00	157.50	FOSP;0.845
159.00	162.00	FOSP;0.800
172.50	175.50	FOSP;0.800
180.00	184.50	FOSP;0.800
192.00	195.00	FOSP;0.800
235.50	238.50	FOSP;0.800
333.00	337.50	FOSP;0.838
396.00	400.50	FOSP;0.845
529.50	534.00	HAFL;0.927
226.50	229.50	HASP;0.841
51.00	55.50	MOCH;0.829
58.50	61.50	MOCH;0.800
79.50	82.50	MOCH;0.800
87.00	90.00	MOCH;0.800
93.00	96.00	MOCH;0.800
129.00	132.00	MOCH;0.934
181.50	184.50	MOCH;0.873
195.00	199.50	MOCH;0.800
229.50	232.50	MOCH;0.800
238.50	243.00	MOCH;0.931
288.00	291.00	MOCH;0.800
360.00	363.00	MOCH;0.900
460.50	463.50	MOCH;0.800
490.50	493.50	MOCH;0.993
495.00	498.00	MOCH;0.800
96.00	99.00	NOWA;0.851
387.00	390.00	NOWA;0.815
52.50	57.00	PISI;0.995
60.00	90.00	PISI;0.998
130.50	156.00	PISI;0.998
159.00	174.00	PISI;0.994
195.00	198.00	PISI;0.800
201.00	205.50	PISI;0.880
208.50	211.50	PISI;0.800
213.00	220.50	PISI;0.982
261.00	294.00	PISI;0.998
298.50	319.50	PISI;0.993
327.00	331.50	PISI;0.800
411.00	427.50	PISI;0.991
541.50	544.50	PISI;0.800
562.50	565.50	SBDO;0.836
322.50	327.00	SWSP;0.911
331.50	334.50	SWSP;0.892
337.50	342.00	SWSP;0.883
345.00	348.00	SWSP;0.824
60.00	63.00	WCSP;0.925
94.50	99.00	WCSP;0.981
13.50	19.50	WTSP;0.993
30.00	36.00	WTSP;0.993
48.00	54.00	WTSP;0.951
69.00	73.50	WTSP;0.997
87.00	94.50	WTSP;0.997
126.00	130.50	WTSP;0.994
147.00	151.50	WTSP;0.946
162.00	168.00	WTSP;0.984
183.00	189.00	WTSP;0.995
204.00	210.00	WTSP;0.997
226.50	232.50	WTSP;0.998
249.00	255.00	WTSP;0.993
267.00	273.00	WTSP;0.999
285.00	289.50	WTSP;0.993
297.00	300.00	WTSP;0.800
319.50	325.50	WTSP;0.999
339.00	345.00	WTSP;0.997
357.00	363.00	WTSP;0.995
378.00	384.00	WTSP;0.998
406.50	412.50	WTSP;0.997
427.50	433.50	WTSP;0.986
462.00	468.00	WTSP;0.997
492.00	496.50	WTSP;0.990
502.50	507.00	WTSP;0.800
520.50	526.50	WTSP;0.995
367.50	372.00	YRWA;0.988
381.00	385.50	YRWA;0.893
