0.00	78.00	AMRO;0.978
81.00	85.50	AMRO;0.963
88.50	118.50	AMRO;0.989
121.50	127.50	AMRO;0.865
129.00	145.50	AMRO;0.985
151.50	156.00	AMRO;0.800
163.50	177.00	AMRO;0.800
178.50	198.00	AMRO;0.994
199.50	207.00	AMRO;0.860
208.50	246.00	AMRO;0.988
247.50	259.50	AMRO;0.979
262.50	265.50	AMRO;0.800
250.50	253.50	BAOR;0.820
190.50	193.50	BHGR;0.826
246.00	249.00	GCSP;0.944
280.50	283.50	MAMU;0.863
150.00	153.00	MOCH;0.897
52.50	55.50	RUBL;0.910
52.50	55.50	TOSO;0.924
1.50	9.00	WCSP;0.989
10.50	18.00	WCSP;0.986
19.50	28.50	WCSP;0.987
33.00	37.50	WCSP;0.988
40.50	45.00	WCSP;0.987
46.50	51.00	WCSP;0.985
60.00	67.50	WCSP;0.800
70.50	78.00	WCSP;0.945
79.50	84.00	WCSP;0.975
90.00	94.50	WCSP;0.972
103.50	108.00	WCSP;0.986
117.00	121.50	WCSP;0.987
129.00	133.50	WCSP;0.986
145.50	150.00	WCSP;0.988
175.50	180.00	WCSP;0.989
186.00	190.50	WCSP;0.985
199.50	204.00	WCSP;0.912
213.00	217.50	WCSP;0.988
226.50	231.00	WCSP;0.899
243.00	247.50	WCSP;0.987
259.50	262.50	WCSP;0.800
273.00	277.50	WCSP;0.983
292.50	297.00	WCSP;0.994
7.50	12.00	WTSP;0.991
16.50	21.00	WTSP;0.940
37.50	42.00	WTSP;0.990
48.00	54.00	WTSP;0.995
61.50	64.50	WTSP;0.809
75.00	81.00	WTSP;0.996
82.50	93.00	WTSP;0.991
99.00	105.00	WTSP;0.998
109.50	115.50	WTSP;0.990
120.00	129.00	WTSP;0.992
132.00	141.00	WTSP;0.985
147.00	151.50	WTSP;0.993
157.50	163.50	WTSP;0.995
168.00	175.50	WTSP;0.998
181.50	187.50	WTSP;0.992
195.00	199.50	WTSP;0.989
205.50	213.00	WTSP;0.998
220.50	244.50	WTSP;0.995
246.00	249.00	WTSP;0.800
253.50	261.00	WTSP;0.981
262.50	268.50	WTSP;0.998
274.50	282.00	WTSP;0.994
286.50	292.50	WTSP;0.997
297.00	300.00	WTSP;0.800
