1.50	6.00	AMRO;0.800
7.50	10.50	AMRO;0.800
12.00	21.00	AMRO;0.800
22.50	25.50	AMRO;0.800
28.50	31.50	AMRO;0.800
34.50	45.00	AMRO;0.884
49.50	58.50	AMRO;0.818
63.00	66.00	AMRO;0.800
67.50	70.50	AMRO;0.800
75.00	81.00	AMRO;0.800
82.50	100.50	AMRO;0.800
105.00	108.00	AMRO;0.800
123.00	126.00	AMRO;0.800
130.50	133.50	AMRO;0.800
138.00	142.50	AMRO;0.846
148.50	153.00	AMRO;0.872
159.00	165.00	AMRO;0.938
216.00	219.00	AMRO;0.800
339.00	342.00	AMRO;0.800
351.00	355.50	AMRO;0.800
357.00	360.00	AMRO;0.800
367.50	372.00	AMRO;0.800
373.50	378.00	AMRO;0.805
405.00	409.50	AMRO;0.829
492.00	496.50	AMRO;0.922
540.00	544.50	AMRO;0.800
555.00	558.00	AMRO;0.814
559.50	562.50	AMRO;0.800
564.00	568.50	AMRO;0.897
573.00	583.50	AMRO;0.977
591.00	594.00	AMRO;0.800
256.50	259.50	BHCO;0.853
291.00	297.00	CHSP;0.987
300.00	306.00	CHSP;0.988
309.00	315.00	CHSP;0.984
318.00	324.00	CHSP;0.989
327.00	337.50	CHSP;0.988
345.00	349.50	CHSP;0.840
352.50	357.00	CHSP;0.980
361.50	367.50	CHSP;0.974
370.50	375.00	CHSP;0.983
379.50	384.00	CHSP;0.979
387.00	393.00	CHSP;0.950
396.00	402.00	CHSP;0.990
408.00	412.50	CHSP;0.845
418.50	423.00	CHSP;0.800
424.50	430.50	CHSP;0.965
435.00	441.00	CHSP;0.989
445.50	451.50	CHSP;0.976
459.00	463.50	CHSP;0.831
468.00	474.00	CHSP;0.990
478.50	483.00	CHSP;0.977
490.50	495.00	CHSP;0.960
501.00	507.00	CHSP;0.881
514.50	520.50	CHSP;0.989
525.00	531.00	CHSP;0.971
535.50	543.00	CHSP;0.980
544.50	550.50	CHSP;0.965
555.00	561.00	CHSP;0.984
567.00	571.50	CHSP;0.800
573.00	577.50	CHSP;0.974
0.00	9.00	FOSP;0.985
16.50	27.00	FOSP;0.944
31.50	36.00	FOSP;0.889
45.00	52.50	FOSP;0.977
78.00	82.50	FOSP;0.890
84.00	87.00	FOSP;0.800
109.50	112.50	FOSP;0.898
124.50	129.00	FOSP;0.938
139.50	145.50	FOSP;0.826
156.00	159.00	FOSP;0.800
189.00	193.50	FOSP;0.945
196.50	201.00	FOSP;0.800
204.00	208.50	FOSP;0.829
217.50	222.00	FOSP;0.948
223.50	229.50	FOSP;0.972
238.50	243.00	FOSP;0.902
252.00	255.00	FOSP;0.800
259.50	267.00	FOSP;0.879
268.50	273.00	FOSP;0.884
279.00	289.50	FOSP;0.912
298.50	303.00	FOSP;0.980
307.50	310.50	FOSP;0.800
313.50	318.00	FOSP;0.891
319.50	325.50	FOSP;0.885
328.50	333.00	FOSP;0.830
345.00	349.50	FOSP;0.931
361.50	366.00	FOSP;0.800
384.00	388.50	FOSP;0.800
393.00	397.50	FOSP;0.917
403.50	408.00	FOSP;0.832
411.00	415.50	FOSP;0.930
420.00	424.50	FOSP;0.853
429.00	433.50	FOSP;0.920
441.00	444.00	FOSP;0.800
445.50	450.00	FOSP;0.951
459.00	466.50	FOSP;0.882
475.50	484.50	FOSP;0.800
486.00	489.00	FOSP;0.800
496.50	502.50	FOSP;0.959
520.50	523.50	FOSP;0.800
535.50	538.50	FOSP;0.813
585.00	589.50	FOSP;0.800
172.50	175.50	HETH;0.881
276.00	280.50	NOPA;0.978
171.00	174.00	PUFI;0.882
438.00	441.00	SBDO;0.840
451.50	456.00	SBDO;0.915
561.00	565.50	SBDO;0.984
12.00	18.00	VATH;0.932
57.00	63.00	VATH;0.988
76.50	84.00	VATH;0.891
90.00	93.00	VATH;0.800
118.50	124.50	VATH;0.923
130.50	135.00	VATH;0.850
151.50	156.00	VATH;0.977
183.00	186.00	VATH;0.800
208.50	213.00	VATH;0.800
220.50	225.00	VATH;0.911
256.50	261.00	VATH;0.800
337.50	342.00	VATH;0.975
373.50	376.50	VATH;0.800
382.50	385.50	VATH;0.800
396.00	399.00	VATH;0.800
450.00	454.50	VATH;0.952
544.50	549.00	VATH;0.915
249.00	252.00	WEFL;0.934
31.50	34.50	WCSP;0.800
48.00	51.00	WCSP;0.800
141.00	144.00	WCSP;0.857
307.50	310.50	WCSP;0.800
316.50	319.50	WCSP;0.800
327.00	334.50	WCSP;0.889
339.00	343.50	WCSP;0.859
349.50	354.00	WCSP;0.972
360.00	364.50	WCSP;0.857
376.50	381.00	WCSP;0.947
415.50	420.00	WCSP;0.926
430.50	435.00	WCSP;0.800
442.50	447.00	WCSP;0.991
460.50	465.00	WCSP;0.978
471.00	475.50	WCSP;0.984
480.00	484.50	WCSP;0.971
489.00	493.50	WCSP;0.992
501.00	504.00	WCSP;0.939
519.00	523.50	WCSP;0.982
537.00	541.50	WCSP;0.961
549.00	553.50	WCSP;0.985
558.00	561.00	WCSP;0.800
567.00	570.00	WCSP;0.979
574.50	579.00	WCSP;0.800
586.50	591.00	WCSP;0.977
595.50	598.50	WCSP;0.976
7.50	13.50	WTSP;0.916
18.00	22.50	WTSP;0.800
28.50	33.00	WTSP;0.966
39.00	43.50	WTSP;0.980
51.00	58.50	WTSP;0.988
64.50	72.00	WTSP;0.995
79.50	84.00	WTSP;0.800
94.50	100.50	WTSP;0.974
105.00	115.50	WTSP;0.982
133.50	139.50	WTSP;0.910
148.50	151.50	WTSP;0.800
174.00	177.00	WTSP;0.800
192.00	198.00	WTSP;0.998
199.50	204.00	WTSP;0.973
228.00	240.00	WTSP;0.995
244.50	249.00	WTSP;0.948
250.50	255.00	WTSP;0.879
256.50	261.00	WTSP;0.887
267.00	271.50	WTSP;0.831
277.50	282.00	WTSP;0.908
325.50	328.50	WTSP;0.800
355.50	360.00	WTSP;0.981
366.00	372.00	WTSP;0.973
442.50	445.50	WTSP;0.800
513.00	519.00	WTSP;0.993
522.00	528.00	WTSP;0.979
532.50	538.50	WTSP;0.994
540.00	544.50	WTSP;0.906
552.00	555.00	WTSP;0.808
565.50	568.50	WTSP;0.800
570.00	574.50	WTSP;0.923
582.00	588.00	WTSP;0.978
594.00	600.00	WTSP;0.970
0.00	3.00	WIWA;0.993
6.00	12.00	WIWA;0.984
15.00	19.50	WIWA;0.982
24.00	28.50	WIWA;0.988
33.00	37.50	WIWA;0.989
40.50	46.50	WIWA;0.987
49.50	55.50	WIWA;0.988
60.00	64.50	WIWA;0.986
70.50	75.00	WIWA;0.990
81.00	85.50	WIWA;0.990
91.50	97.50	WIWA;0.985
102.00	108.00	WIWA;0.987
111.00	117.00	WIWA;0.988
123.00	129.00	WIWA;0.992
135.00	139.50	WIWA;0.989
153.00	159.00	WIWA;0.992
163.50	169.50	WIWA;0.992
175.50	180.00	WIWA;0.993
184.50	189.00	WIWA;0.992
210.00	213.00	WIWA;0.800
286.50	291.00	WIWA;0.800
295.50	300.00	WIWA;0.800
304.50	309.00	WIWA;0.986
315.00	319.50	WIWA;0.981
324.00	330.00	WIWA;0.988
334.50	339.00	WIWA;0.958
343.50	348.00	WIWA;0.960
354.00	363.00	WIWA;0.991
364.50	373.50	WIWA;0.934
376.50	396.00	WIWA;0.998
399.00	405.00	WIWA;0.997
406.50	435.00	WIWA;0.996
439.50	445.50	WIWA;0.997
447.00	453.00	WIWA;0.990
454.50	462.00	WIWA;0.998
463.50	471.00	WIWA;0.998
474.00	481.50	WIWA;0.989
483.00	487.50	WIWA;0.989
492.00	511.50	WIWA;0.992
517.50	522.00	WIWA;0.982
523.50	532.50	WIWA;0.988
537.00	543.00	WIWA;0.990
546.00	552.00	WIWA;0.984
558.00	562.50	WIWA;0.800
568.50	573.00	WIWA;0.979
574.50	585.00	WIWA;0.992
588.00	595.50	WIWA;0.999
373.50	376.50	YRWA;0.866
486.00	489.00	YRWA;0.912
