34.50	37.50	CHSW;0.870
277.50	280.50	CHSW;0.830
12.00	18.00	LISP;0.991
30.00	34.50	LISP;0.976
45.00	49.50	LISP;0.981
61.50	66.00	LISP;0.990
76.50	81.00	LISP;0.849
90.00	94.50	LISP;0.969
192.00	195.00	MOCH;0.931
207.00	210.00	MOCH;0.804
256.50	259.50	MOCH;0.884
270.00	277.50	MOCH;0.946
279.00	282.00	MOCH;0.895
289.50	292.50	SPGR;0.865
55.50	63.00	WCSP;0.963
9.00	13.50	WTSP;0.986
22.50	28.50	WTSP;0.997
180.00	184.50	WTSP;0.977
193.50	198.00	WTSP;0.980
201.00	208.50	WTSP;0.992
216.00	222.00	WTSP;0.994
228.00	234.00	WTSP;0.994
250.50	255.00	WTSP;0.996
267.00	273.00	WTSP;0.995
280.50	285.00	WTSP;0.993
0.00	4.50	WIWA;0.974
133.50	136.50	WIWA;0.880
