225.00	228.00	BEKI;0.846
277.50	280.50	HASP;0.875
0.00	4.50	LISP;0.944
12.00	18.00	LISP;0.800
27.00	33.00	LISP;0.800
39.00	43.50	LISP;0.906
51.00	58.50	LISP;0.933
67.50	73.50	LISP;0.920
79.50	84.00	LISP;0.921
93.00	97.50	LISP;0.800
105.00	109.50	LISP;0.924
111.00	115.50	LISP;0.800
118.50	121.50	LISP;0.871
130.50	139.50	LISP;0.800
142.50	150.00	LISP;0.944
154.50	159.00	LISP;0.896
163.50	172.50	LISP;0.940
175.50	184.50	LISP;0.955
187.50	190.50	LISP;0.800
193.50	202.50	LISP;0.958
205.50	208.50	LISP;0.918
216.00	220.50	LISP;0.970
229.50	234.00	LISP;0.841
246.00	249.00	LISP;0.800
255.00	258.00	LISP;0.987
267.00	271.50	LISP;0.935
280.50	285.00	LISP;0.936
294.00	300.00	LISP;0.904
288.00	291.00	MOCH;0.949
133.50	136.50	OROR;0.806
27.00	30.00	PISI;0.800
76.50	100.50	PISI;0.996
120.00	132.00	PISI;0.887
151.50	156.00	PISI;0.800
159.00	162.00	PISI;0.800
171.00	175.50	PISI;0.809
222.00	238.50	PISI;0.983
52.50	55.50	PUFI;0.857
12.00	16.50	ROWR;0.844
66.00	69.00	ROWR;0.947
204.00	207.00	ROWR;0.947
253.50	256.50	ROWR;0.883
10.50	13.50	SWSP;0.804
18.00	22.50	SWSP;0.836
262.50	265.50	SWSP;0.852
241.50	247.50	WTSP;0.988
258.00	264.00	WTSP;0.987
276.00	279.00	WTSP;0.800
285.00	289.50	WTSP;0.945
