211.50	214.50	AMGP;0.814
94.50	99.00	ATSP;0.956
156.00	162.00	ATSP;0.998
175.50	180.00	ATSP;0.934
193.50	196.50	BAIS;0.842
0.00	4.50	CHSP;0.995
9.00	40.50	CHSP;0.997
70.50	76.50	CHSP;0.980
220.50	226.50	CHSP;0.961
228.00	244.50	CHSP;0.963
247.50	253.50	CHSP;0.806
258.00	264.00	CHSP;0.988
270.00	274.50	CHSP;0.957
277.50	280.50	CHSP;0.800
58.50	63.00	DEJU;0.989
105.00	108.00	FOSP;0.800
112.50	117.00	FOSP;0.973
124.50	129.00	FOSP;0.982
196.50	199.50	FOSP;0.800
289.50	292.50	FOSP;0.800
183.00	186.00	LISP;0.800
205.50	210.00	LISP;0.800
244.50	249.00	LISP;0.800
265.50	271.50	LISP;0.974
274.50	279.00	LISP;0.800
283.50	289.50	LISP;0.877
292.50	297.00	LISP;0.966
57.00	60.00	MOCH;0.990
210.00	213.00	MOCH;0.899
252.00	255.00	MOCH;0.909
66.00	69.00	OCWA;0.979
196.50	199.50	RUGR;0.818
279.00	282.00	SNBU;0.914
24.00	28.50	SWTH;0.834
36.00	39.00	SWTH;0.872
45.00	49.50	SWTH;0.994
4.50	12.00	WCSP;0.989
13.50	18.00	WCSP;0.955
22.50	27.00	WCSP;0.981
60.00	67.50	WCSP;0.990
69.00	73.50	WCSP;0.962
76.50	84.00	WCSP;0.996
85.50	105.00	WCSP;0.997
106.50	115.50	WCSP;0.993
117.00	121.50	WCSP;0.998
127.50	136.50	WCSP;0.993
139.50	153.00	WCSP;0.990
156.00	165.00	WCSP;0.979
168.00	172.50	WCSP;0.978
178.50	184.50	WCSP;0.990
190.50	195.00	WCSP;0.993
202.50	207.00	WCSP;0.921
214.50	219.00	WCSP;0.988
225.00	231.00	WCSP;0.992
0.00	6.00	WTSP;0.978
13.50	16.50	WTSP;0.800
18.00	22.50	WTSP;0.835
40.50	45.00	WTSP;0.972
54.00	58.50	WTSP;0.985
82.50	88.50	WTSP;0.800
102.00	106.50	WTSP;0.905
115.50	120.00	WTSP;0.965
129.00	133.50	WTSP;0.978
142.50	147.00	WTSP;0.800
153.00	163.50	WTSP;0.996
165.00	171.00	WTSP;0.979
177.00	181.50	WTSP;0.993
189.00	192.00	WTSP;0.800
207.00	213.00	WTSP;0.989
219.00	223.50	WTSP;0.996
229.50	234.00	WTSP;0.880
243.00	249.00	WTSP;0.992
261.00	264.00	WTSP;0.918
273.00	277.50	WTSP;0.800
280.50	285.00	WTSP;0.992
295.50	300.00	WTSP;0.977
