171.00	174.00	CHSW;0.836
154.50	160.50	CHSP;0.966
183.00	187.50	CHSP;0.982
243.00	247.50	CHSP;0.981
265.50	271.50	CHSP;0.991
273.00	276.00	CHSP;0.800
3.00	7.50	FOSP;0.908
15.00	24.00	FOSP;0.981
25.50	30.00	FOSP;0.800
33.00	42.00	FOSP;0.932
46.50	51.00	FOSP;0.909
55.50	58.50	FOSP;0.800
64.50	72.00	FOSP;0.884
75.00	85.50	FOSP;0.988
93.00	97.50	FOSP;0.900
99.00	102.00	FOSP;0.800
106.50	111.00	FOSP;0.949
112.50	115.50	FOSP;0.800
118.50	123.00	FOSP;0.873
124.50	138.00	FOSP;0.916
147.00	156.00	FOSP;0.954
159.00	163.50	FOSP;0.894
165.00	169.50	FOSP;0.800
177.00	186.00	FOSP;0.929
193.50	202.50	FOSP;0.800
207.00	210.00	FOSP;0.800
237.00	240.00	FOSP;0.800
246.00	255.00	FOSP;0.800
264.00	267.00	FOSP;0.800
274.50	280.50	FOSP;0.867
220.50	223.50	OSFL;0.803
40.50	43.50	SNBU;0.801
264.00	267.00	SNBU;0.849
88.50	93.00	SOSA;0.985
190.50	195.00	SOSA;0.987
202.50	207.00	SOSA;0.981
216.00	220.50	SOSA;0.978
244.50	249.00	SOSA;0.880
261.00	265.50	SOSA;0.977
43.50	46.50	SWSP;0.803
141.00	144.00	SWSP;0.813
72.00	76.50	VATH;0.847
4.50	10.50	WIWA;0.995
18.00	22.50	WIWA;0.990
28.50	33.00	WIWA;0.988
40.50	45.00	WIWA;0.800
49.50	54.00	WIWA;0.977
70.50	75.00	WIWA;0.977
82.50	90.00	WIWA;0.972
91.50	96.00	WIWA;0.964
102.00	106.50	WIWA;0.991
120.00	123.00	WIWA;0.800
129.00	133.50	WIWA;0.979
138.00	142.50	WIWA;0.850
148.50	153.00	WIWA;0.950
157.50	162.00	WIWA;0.961
168.00	172.50	WIWA;0.800
178.50	184.50	WIWA;0.989
189.00	193.50	WIWA;0.971
201.00	205.50	WIWA;0.983
210.00	214.50	WIWA;0.986
222.00	226.50	WIWA;0.872
232.50	237.00	WIWA;0.986
270.00	274.50	WIWA;0.800
291.00	295.50	WIWA;0.991
