84.00	87.00	AMDI;0.891
249.00	252.00	AMGP;0.861
22.50	27.00	CHSP;0.844
45.00	51.00	CHSP;0.986
57.00	61.50	CHSP;0.926
63.00	67.50	CHSP;0.800
81.00	85.50	CHSP;0.800
88.50	91.50	CHSP;0.800
105.00	111.00	CHSP;0.986
117.00	121.50	CHSP;0.868
148.50	151.50	CHSP;0.885
189.00	198.00	CHSP;0.847
201.00	207.00	CHSP;0.800
216.00	219.00	CHSP;0.841
222.00	225.00	CHSP;0.800
235.50	244.50	CHSP;0.955
247.50	252.00	CHSP;0.800
255.00	259.50	CHSP;0.800
267.00	271.50	CHSP;0.800
276.00	279.00	CHSP;0.800
283.50	298.50	CHSP;0.881
1.50	4.50	FOSP;0.800
12.00	15.00	FOSP;0.800
27.00	31.50	FOSP;0.908
42.00	46.50	FOSP;0.800
55.50	60.00	FOSP;0.800
69.00	73.50	FOSP;0.800
75.00	79.50	FOSP;0.952
85.50	90.00	FOSP;0.941
94.50	97.50	FOSP;0.800
99.00	103.50	FOSP;0.963
112.50	117.00	FOSP;0.943
142.50	148.50	FOSP;0.965
154.50	160.50	FOSP;0.977
168.00	172.50	FOSP;0.967
183.00	187.50	FOSP;0.939
196.50	201.00	FOSP;0.982
211.50	216.00	FOSP;0.984
226.50	231.00	FOSP;0.982
243.00	247.50	FOSP;0.946
256.50	265.50	FOSP;0.991
280.50	285.00	FOSP;0.980
174.00	177.00	GCSP;0.809
3.00	7.50	LISP;0.938
13.50	18.00	LISP;0.800
19.50	24.00	LISP;0.800
25.50	28.50	LISP;0.800
31.50	34.50	LISP;0.800
37.50	40.50	LISP;0.800
43.50	46.50	LISP;0.800
51.00	54.00	LISP;0.800
60.00	64.50	LISP;0.800
66.00	70.50	LISP;0.990
72.00	76.50	LISP;0.800
90.00	93.00	LISP;0.947
96.00	99.00	LISP;0.800
108.00	111.00	LISP;0.800
127.50	132.00	LISP;0.872
133.50	136.50	LISP;0.800
145.50	150.00	LISP;0.932
151.50	156.00	LISP;0.818
159.00	162.00	LISP;0.800
172.50	177.00	LISP;0.800
180.00	183.00	LISP;0.800
186.00	190.50	LISP;0.800
207.00	210.00	LISP;0.861
219.00	223.50	LISP;0.800
234.00	237.00	LISP;0.800
252.00	256.50	LISP;0.896
265.50	268.50	LISP;0.800
277.50	282.00	LISP;0.938
291.00	295.50	LISP;0.974
153.00	156.00	SAPH;0.872
270.00	273.00	VATH;0.904
288.00	292.50	VATH;0.959
0.00	3.00	WCSP;0.800
7.50	16.50	WCSP;0.998
25.50	34.50	WCSP;0.974
39.00	46.50	WCSP;0.990
49.50	54.00	WCSP;0.909
55.50	58.50	WCSP;0.800
82.50	85.50	WCSP;0.800
115.50	118.50	WCSP;0.800
121.50	127.50	WCSP;0.972
136.50	142.50	WCSP;0.941
160.50	166.50	WCSP;0.809
175.50	180.00	WCSP;0.987
216.00	220.50	WCSP;0.800
225.00	228.00	WCSP;0.800
232.50	235.50	WCSP;0.800
258.00	262.50	WCSP;0.800
271.50	276.00	WCSP;0.992
286.50	289.50	WCSP;0.800
295.50	300.00	WCSP;0.903
6.00	10.50	WTSP;0.915
15.00	21.00	WTSP;0.994
24.00	28.50	WTSP;0.800
30.00	37.50	WTSP;0.994
48.00	51.00	WTSP;0.800
52.50	57.00	WTSP;0.994
58.50	67.50	WTSP;0.970
69.00	75.00	WTSP;0.983
79.50	85.50	WTSP;0.800
91.50	96.00	WTSP;0.957
108.00	114.00	WTSP;0.913
118.50	126.00	WTSP;0.989
129.00	133.50	WTSP;0.981
136.50	145.50	WTSP;0.994
148.50	154.50	WTSP;0.986
159.00	166.50	WTSP;0.986
171.00	175.50	WTSP;0.958
180.00	183.00	WTSP;0.800
190.50	195.00	WTSP;0.985
201.00	207.00	WTSP;0.985
220.50	226.50	WTSP;0.948
231.00	241.50	WTSP;0.980
250.50	255.00	WTSP;0.812
297.00	300.00	WTSP;0.800
