4.50	9.00	AMRO;0.906
16.50	19.50	AMRO;0.898
34.50	39.00	AMRO;0.967
72.00	75.00	AMRO;0.908
220.50	223.50	AMRO;0.857
175.50	178.50	BAOR;0.869
0.00	3.00	FOSP;0.800
13.50	18.00	FOSP;0.818
22.50	31.50	FOSP;0.873
33.00	36.00	FOSP;0.808
39.00	45.00	FOSP;0.800
49.50	57.00	FOSP;0.949
67.50	73.50	FOSP;0.960
79.50	84.00	FOSP;0.923
88.50	91.50	FOSP;0.800
94.50	99.00	FOSP;0.800
106.50	111.00	FOSP;0.834
132.00	139.50	FOSP;0.826
142.50	145.50	FOSP;0.800
150.00	156.00	FOSP;0.863
157.50	162.00	FOSP;0.800
165.00	172.50	FOSP;0.950
177.00	184.50	FOSP;0.843
193.50	199.50	FOSP;0.923
202.50	207.00	FOSP;0.950
208.50	216.00	FOSP;0.892
222.00	229.50	FOSP;0.933
232.50	235.50	FOSP;0.800
238.50	247.50	FOSP;0.800
252.00	259.50	FOSP;0.838
273.00	277.50	FOSP;0.903
283.50	288.00	FOSP;0.800
43.50	46.50	GCSP;0.877
90.00	94.50	GCSP;0.824
145.50	148.50	GCSP;0.889
198.00	201.00	GCSP;0.819
259.50	262.50	GCSP;0.829
6.00	10.50	LISP;0.931
207.00	211.50	RBGR;0.964
186.00	190.50	TOSO;0.978
243.00	247.50	VATH;0.845
285.00	288.00	VESP;0.815
3.00	7.50	WCSP;0.800
12.00	16.50	WCSP;0.873
21.00	27.00	WCSP;0.979
30.00	34.50	WCSP;0.900
39.00	43.50	WCSP;0.800
48.00	52.50	WCSP;0.818
57.00	61.50	WCSP;0.979
66.00	70.50	WCSP;0.837
76.50	81.00	WCSP;0.978
85.50	91.50	WCSP;0.826
94.50	99.00	WCSP;0.800
102.00	108.00	WCSP;0.997
111.00	115.50	WCSP;0.968
120.00	124.50	WCSP;0.891
130.50	135.00	WCSP;0.800
138.00	142.50	WCSP;0.918
147.00	160.50	WCSP;0.993
163.50	166.50	WCSP;0.940
168.00	171.00	WCSP;0.800
172.50	181.50	WCSP;0.988
183.00	189.00	WCSP;0.988
192.00	196.50	WCSP;0.961
199.50	205.50	WCSP;0.992
210.00	214.50	WCSP;0.902
217.50	225.00	WCSP;0.995
228.00	232.50	WCSP;0.981
237.00	246.00	WCSP;0.800
247.50	252.00	WCSP;0.968
258.00	261.00	WCSP;0.975
271.50	277.50	WCSP;0.800
280.50	285.00	WCSP;0.991
286.50	291.00	WCSP;0.970
294.00	298.50	WCSP;0.955
1.50	15.00	WTSP;0.997
19.50	42.00	WTSP;0.993
45.00	51.00	WTSP;0.997
54.00	60.00	WTSP;0.997
63.00	69.00	WTSP;0.997
72.00	103.50	WTSP;0.996
109.50	133.50	WTSP;0.995
138.00	144.00	WTSP;0.948
156.00	160.50	WTSP;0.800
162.00	165.00	WTSP;0.800
175.50	180.00	WTSP;0.916
181.50	184.50	WTSP;0.929
187.50	195.00	WTSP;0.986
205.50	210.00	WTSP;0.959
217.50	225.00	WTSP;0.800
232.50	240.00	WTSP;0.929
241.50	274.50	WTSP;0.994
276.00	282.00	WTSP;0.994
286.50	300.00	WTSP;0.988
