252.00	255.00	BHVI;0.863
12.00	15.00	EATO;0.852
159.00	163.50	EATO;0.838
3.00	9.00	FOSP;0.800
13.50	18.00	FOSP;0.800
22.50	27.00	FOSP;0.944
33.00	37.50	FOSP;0.800
45.00	49.50	FOSP;0.977
54.00	58.50	FOSP;0.800
82.50	87.00	FOSP;0.960
100.50	105.00	FOSP;0.800
109.50	117.00	FOSP;0.800
121.50	129.00	FOSP;0.800
130.50	136.50	FOSP;0.802
141.00	148.50	FOSP;0.865
150.00	154.50	FOSP;0.800
156.00	160.50	FOSP;0.800
162.00	171.00	FOSP;0.832
172.50	177.00	FOSP;0.948
178.50	187.50	FOSP;0.975
192.00	196.50	FOSP;0.996
201.00	204.00	FOSP;0.800
207.00	210.00	FOSP;0.800
211.50	214.50	FOSP;0.800
216.00	240.00	FOSP;0.964
241.50	249.00	FOSP;0.938
253.50	258.00	FOSP;0.979
262.50	271.50	FOSP;0.902
279.00	289.50	FOSP;0.910
297.00	300.00	FOSP;0.849
96.00	100.50	GCSP;0.904
214.50	217.50	GCSP;0.824
1.50	4.50	MOCH;0.800
19.50	22.50	MOCH;0.951
36.00	39.00	MOCH;0.800
52.50	55.50	MOCH;0.938
63.00	66.00	MOCH;0.943
70.50	73.50	MOCH;0.800
108.00	111.00	MOCH;0.973
117.00	120.00	MOCH;0.908
195.00	198.00	MOCH;0.801
210.00	213.00	MOCH;0.800
217.50	222.00	MOCH;0.800
262.50	265.50	MOCH;0.800
276.00	279.00	MOCH;0.800
280.50	283.50	MOCH;0.800
186.00	189.00	SNBU;0.812
48.00	51.00	VATH;0.944
103.50	108.00	VATH;0.978
132.00	136.50	WCSP;0.858
201.00	204.00	WCSP;0.894
211.50	216.00	WCSP;0.915
0.00	4.50	WTSP;0.971
16.50	21.00	WTSP;0.987
25.50	30.00	WTSP;0.921
40.50	46.50	WTSP;0.995
48.00	54.00	WTSP;0.992
58.50	64.50	WTSP;0.990
67.50	73.50	WTSP;0.984
79.50	84.00	WTSP;0.993
87.00	93.00	WTSP;0.993
96.00	100.50	WTSP;0.892
105.00	109.50	WTSP;0.990
114.00	118.50	WTSP;0.923
126.00	130.50	WTSP;0.985
135.00	141.00	WTSP;0.997
160.50	163.50	WTSP;0.800
169.50	175.50	WTSP;0.996
181.50	186.00	WTSP;0.935
187.50	193.50	WTSP;0.995
196.50	211.50	WTSP;0.998
214.50	219.00	WTSP;0.800
225.00	235.50	WTSP;0.928
237.00	243.00	WTSP;0.994
249.00	253.50	WTSP;0.946
259.50	298.50	WTSP;0.996
270.00	276.00	WIWA;0.990
