1.50	6.00	AMRO;0.861
13.50	18.00	AMRO;0.800
19.50	24.00	AMRO;0.925
34.50	42.00	AMRO;0.800
61.50	64.50	AMRO;0.800
67.50	72.00	AMRO;0.800
76.50	81.00	AMRO;0.894
82.50	85.50	AMRO;0.800
90.00	103.50	AMRO;0.800
106.50	115.50	AMRO;0.879
117.00	120.00	AMRO;0.818
126.00	130.50	AMRO;0.800
145.50	154.50	AMRO;0.800
159.00	162.00	AMRO;0.800
165.00	177.00	AMRO;0.800
184.50	187.50	AMRO;0.800
199.50	204.00	AMRO;0.800
205.50	208.50	AMRO;0.800
210.00	216.00	AMRO;0.800
219.00	223.50	AMRO;0.800
232.50	235.50	AMRO;0.882
237.00	241.50	AMRO;0.929
246.00	250.50	AMRO;0.800
255.00	259.50	AMRO;0.800
271.50	276.00	AMRO;0.938
288.00	292.50	AMRO;0.800
43.50	46.50	FISP;0.855
0.00	4.50	FOSP;0.836
9.00	15.00	FOSP;0.888
27.00	31.50	FOSP;0.907
46.50	51.00	FOSP;0.800
52.50	58.50	FOSP;0.863
63.00	67.50	FOSP;0.800
72.00	75.00	FOSP;0.800
85.50	88.50	FOSP;0.800
93.00	97.50	FOSP;0.800
123.00	130.50	FOSP;0.800
136.50	141.00	FOSP;0.927
142.50	145.50	FOSP;0.800
148.50	154.50	FOSP;0.864
156.00	160.50	FOSP;0.800
177.00	180.00	FOSP;0.800
181.50	184.50	FOSP;0.874
190.50	195.00	FOSP;0.800
196.50	199.50	FOSP;0.800
201.00	205.50	FOSP;0.800
208.50	211.50	FOSP;0.800
219.00	226.50	FOSP;0.876
229.50	237.00	FOSP;0.872
243.00	247.50	FOSP;0.924
249.00	256.50	FOSP;0.953
259.50	267.00	FOSP;0.982
273.00	277.50	FOSP;0.809
282.00	286.50	FOSP;0.843
291.00	295.50	FOSP;0.800
267.00	271.50	GCSP;0.881
240.00	243.00	GRYE;0.816
0.00	3.00	LISP;0.973
28.50	33.00	LISP;0.969
39.00	42.00	LISP;0.800
43.50	46.50	LISP;0.800
142.50	145.50	LISP;0.800
156.00	160.50	LISP;0.986
184.50	189.00	LISP;0.879
199.50	202.50	LISP;0.800
213.00	217.50	LISP;0.800
226.50	231.00	LISP;0.800
241.50	246.00	LISP;0.944
258.00	262.50	LISP;0.975
280.50	283.50	LISP;0.800
294.00	297.00	LISP;0.811
105.00	108.00	RBGR;0.858
217.50	220.50	RBGR;0.814
168.00	171.00	VATH;0.879
4.50	9.00	WCSP;0.948
13.50	19.50	WCSP;0.974
22.50	27.00	WCSP;0.981
33.00	37.50	WCSP;0.990
40.50	43.50	WCSP;0.800
51.00	57.00	WCSP;0.800
60.00	64.50	WCSP;0.967
69.00	73.50	WCSP;0.986
78.00	82.50	WCSP;0.988
85.50	91.50	WCSP;0.994
96.00	100.50	WCSP;0.947
105.00	109.50	WCSP;0.993
114.00	120.00	WCSP;0.996
124.50	129.00	WCSP;0.994
135.00	139.50	WCSP;0.985
144.00	148.50	WCSP;0.990
150.00	153.00	WCSP;0.928
154.50	159.00	WCSP;0.986
163.50	169.50	WCSP;0.994
174.00	180.00	WCSP;0.998
183.00	189.00	WCSP;0.991
193.50	198.00	WCSP;0.993
204.00	211.50	WCSP;0.975
214.50	219.00	WCSP;0.842
225.00	229.50	WCSP;0.830
231.00	240.00	WCSP;0.984
247.50	255.00	WCSP;0.990
256.50	259.50	WCSP;0.800
265.50	273.00	WCSP;0.970
276.00	280.50	WCSP;0.994
285.00	289.50	WCSP;0.993
292.50	300.00	WCSP;0.984
3.00	9.00	WTSP;0.976
12.00	25.50	WTSP;0.980
31.50	34.50	WTSP;0.982
40.50	45.00	WTSP;0.945
46.50	54.00	WTSP;0.996
57.00	63.00	WTSP;0.997
64.50	88.50	WTSP;0.995
90.00	97.50	WTSP;0.994
99.00	114.00	WTSP;0.997
117.00	126.00	WTSP;0.997
127.50	135.00	WTSP;0.995
138.00	145.50	WTSP;0.997
148.50	157.50	WTSP;0.997
160.50	165.00	WTSP;0.861
168.00	184.50	WTSP;0.994
187.50	193.50	WTSP;0.998
196.50	202.50	WTSP;0.995
205.50	210.00	WTSP;0.964
214.50	220.50	WTSP;0.985
223.50	231.00	WTSP;0.922
234.00	238.50	WTSP;0.838
244.50	250.50	WTSP;0.995
256.50	261.00	WTSP;0.871
267.00	271.50	WTSP;0.800
277.50	283.50	WTSP;0.996
288.00	294.00	WTSP;0.991
