150.00	153.00	EAME;0.833
0.00	4.50	FOSP;0.800
13.50	16.50	FOSP;0.800
31.50	36.00	FOSP;0.800
51.00	54.00	FOSP;0.807
73.50	79.50	FOSP;0.927
100.50	105.00	FOSP;0.916
117.00	121.50	FOSP;0.863
135.00	138.00	FOSP;0.800
151.50	156.00	FOSP;0.926
171.00	177.00	FOSP;0.956
192.00	195.00	FOSP;0.800
210.00	214.50	FOSP;0.942
247.50	253.50	FOSP;0.925
298.50	301.50	FOSP;0.800
367.50	370.50	FOSP;0.800
460.50	465.00	FOSP;0.830
477.00	481.50	FOSP;0.800
25.50	28.50	MOCH;0.800
49.50	52.50	MOCH;0.800
60.00	63.00	MOCH;0.800
87.00	91.50	MOCH;0.955
157.50	160.50	MOCH;0.800
168.00	172.50	MOCH;0.800
333.00	336.00	MOCH;0.850
412.50	415.50	MOCH;0.800
468.00	471.00	MOCH;0.800
483.00	486.00	MOCH;0.916
498.00	501.00	MOCH;0.800
504.00	507.00	MOCH;0.800
514.50	517.50	MOCH;0.800
534.00	537.00	MOCH;0.800
540.00	544.50	MOCH;0.955
561.00	567.00	MOCH;0.800
576.00	580.50	MOCH;0.800
588.00	591.00	MOCH;0.800
387.00	390.00	PISI;0.923
586.50	589.50	RUGR;0.905
180.00	183.00	SOSA;0.903
45.00	51.00	WCSP;0.849
64.50	67.50	WCSP;0.800
99.00	102.00	WCSP;0.800
108.00	112.50	WCSP;0.800
147.00	151.50	WCSP;0.800
216.00	219.00	WCSP;0.800
292.50	298.50	WCSP;0.973
306.00	312.00	WCSP;0.989
321.00	327.00	WCSP;0.985
334.50	339.00	WCSP;0.986
351.00	355.50	WCSP;0.989
364.50	369.00	WCSP;0.980
379.50	384.00	WCSP;0.985
396.00	400.50	WCSP;0.981
409.50	414.00	WCSP;0.992
424.50	435.00	WCSP;0.981
441.00	445.50	WCSP;0.985
451.50	456.00	WCSP;0.981
463.50	468.00	WCSP;0.988
469.50	480.00	WCSP;0.991
484.50	489.00	WCSP;0.993
495.00	498.00	WCSP;0.800
499.50	504.00	WCSP;0.991
516.00	520.50	WCSP;0.987
535.50	538.50	WCSP;0.981
577.50	580.50	WCSP;0.800
6.00	12.00	WTSP;0.993
27.00	33.00	WTSP;0.996
57.00	63.00	WTSP;0.994
78.00	84.00	WTSP;0.993
96.00	102.00	WTSP;0.994
217.50	222.00	WTSP;0.800
318.00	322.50	WTSP;0.800
402.00	408.00	WTSP;0.991
483.00	486.00	WTSP;0.800
501.00	507.00	WTSP;0.991
576.00	579.00	WTSP;0.800
