4.50	75.00	AMRO;0.999
76.50	90.00	AMRO;0.997
91.50	100.50	AMRO;0.939
103.50	154.50	AMRO;0.993
157.50	162.00	AMRO;0.879
163.50	168.00	AMRO;0.987
171.00	175.50	AMRO;0.878
189.00	222.00	AMRO;0.996
247.50	258.00	AMRO;0.994
259.50	300.00	AMRO;0.993
0.00	3.00	BRTH;0.808
277.50	280.50	CHSP;0.888
7.50	10.50	LISP;0.838
99.00	102.00	LISP;0.930
174.00	177.00	LISP;0.814
199.50	202.50	LISP;0.953
279.00	283.50	LISP;0.890
84.00	87.00	MOCH;0.897
124.50	127.50	MOCH;0.898
214.50	217.50	RUGR;0.812
232.50	235.50	SWSP;0.975
37.50	40.50	TOSO;0.820
48.00	51.00	TOSO;0.808
88.50	91.50	TOSO;0.833
138.00	141.00	TOSO;0.850
52.50	57.00	WCSP;0.800
61.50	66.00	WCSP;0.971
78.00	82.50	WCSP;0.966
85.50	90.00	WCSP;0.946
93.00	99.00	WCSP;0.973
103.50	108.00	WCSP;0.967
111.00	115.50	WCSP;0.980
118.50	123.00	WCSP;0.972
156.00	160.50	WCSP;0.955
264.00	268.50	WCSP;0.853
45.00	51.00	WTSP;0.975
64.50	69.00	WTSP;0.800
73.50	78.00	WTSP;0.991
82.50	85.50	WTSP;0.876
90.00	96.00	WTSP;0.974
100.50	106.50	WTSP;0.989
112.50	118.50	WTSP;0.945
123.00	126.00	WTSP;0.917
130.50	133.50	WTSP;0.800
138.00	141.00	WTSP;0.800
165.00	168.00	WTSP;0.800
174.00	178.50	WTSP;0.962
183.00	189.00	WTSP;0.980
204.00	207.00	WTSP;0.800
216.00	219.00	WTSP;0.883
228.00	234.00	WTSP;0.992
267.00	271.50	WTSP;0.991
276.00	282.00	WTSP;0.922
