0.00	4.50	AMRO;0.958
13.50	18.00	AMRO;0.920
19.50	24.00	AMRO;0.800
31.50	37.50	AMRO;0.950
72.00	75.00	AMRO;0.800
76.50	79.50	AMRO;0.800
85.50	90.00	AMRO;0.800
142.50	147.00	AMRO;0.800
150.00	153.00	AMRO;0.800
204.00	210.00	AMRO;0.939
217.50	222.00	AMRO;0.875
255.00	259.50	AMRO;0.805
267.00	270.00	AMRO;0.800
280.50	283.50	AMRO;0.800
307.50	310.50	AMRO;0.800
327.00	331.50	AMRO;0.913
334.50	340.50	AMRO;0.981
346.50	351.00	AMRO;0.916
372.00	375.00	AMRO;0.800
423.00	426.00	AMRO;0.800
450.00	453.00	AMRO;0.800
265.50	270.00	ATSP;0.903
187.50	190.50	BAEA;0.911
51.00	54.00	BCCH;0.832
166.50	169.50	BCCH;0.804
228.00	231.00	BCCH;0.823
292.50	297.00	BCCH;0.890
411.00	414.00	BCCH;0.888
0.00	3.00	CHSP;0.800
7.50	12.00	CHSP;0.828
15.00	18.00	CHSP;0.929
22.50	27.00	CHSP;0.932
31.50	36.00	CHSP;0.987
39.00	43.50	CHSP;0.907
46.50	52.50	CHSP;0.988
55.50	60.00	CHSP;0.984
63.00	69.00	CHSP;0.984
72.00	76.50	CHSP;0.974
78.00	84.00	CHSP;0.978
87.00	93.00	CHSP;0.978
94.50	100.50	CHSP;0.943
102.00	108.00	CHSP;0.978
111.00	115.50	CHSP;0.922
118.50	123.00	CHSP;0.895
129.00	133.50	CHSP;0.981
135.00	141.00	CHSP;0.957
144.00	148.50	CHSP;0.917
153.00	157.50	CHSP;0.953
160.50	165.00	CHSP;0.810
168.00	172.50	CHSP;0.980
175.50	180.00	CHSP;0.863
183.00	189.00	CHSP;0.892
190.50	196.50	CHSP;0.964
199.50	202.50	CHSP;0.865
207.00	211.50	CHSP;0.962
216.00	219.00	CHSP;0.800
222.00	228.00	CHSP;0.962
231.00	235.50	CHSP;0.825
240.00	249.00	CHSP;0.978
250.50	255.00	CHSP;0.800
258.00	262.50	CHSP;0.983
267.00	271.50	CHSP;0.836
273.00	277.50	CHSP;0.943
280.50	285.00	CHSP;0.978
288.00	292.50	CHSP;0.971
298.50	303.00	CHSP;0.846
306.00	312.00	CHSP;0.991
313.50	319.50	CHSP;0.967
321.00	331.50	CHSP;0.983
334.50	339.00	CHSP;0.969
343.50	348.00	CHSP;0.936
351.00	357.00	CHSP;0.974
360.00	364.50	CHSP;0.800
367.50	373.50	CHSP;0.980
375.00	381.00	CHSP;0.986
382.50	388.50	CHSP;0.990
391.50	396.00	CHSP;0.976
399.00	403.50	CHSP;0.945
406.50	411.00	CHSP;0.931
415.50	420.00	CHSP;0.942
423.00	427.50	CHSP;0.972
430.50	436.50	CHSP;0.992
439.50	444.00	CHSP;0.949
447.00	451.50	CHSP;0.938
456.00	460.50	CHSP;0.800
462.00	468.00	CHSP;0.986
471.00	475.50	CHSP;0.871
478.50	483.00	CHSP;0.919
486.00	492.00	CHSP;0.907
502.50	507.00	CHSP;0.982
510.00	516.00	CHSP;0.981
517.50	523.50	CHSP;0.966
525.00	529.50	CHSP;0.891
532.50	538.50	CHSP;0.988
541.50	546.00	CHSP;0.881
550.50	555.00	CHSP;0.861
558.00	564.00	CHSP;0.941
567.00	571.50	CHSP;0.897
574.50	579.00	CHSP;0.832
583.50	588.00	CHSP;0.986
592.50	597.00	CHSP;0.987
499.50	504.00	CCSP;0.986
16.50	19.50	DEJU;0.800
25.50	28.50	DEJU;0.800
30.00	33.00	DEJU;0.800
42.00	45.00	DEJU;0.800
70.50	73.50	DEJU;0.800
81.00	84.00	DEJU;0.800
90.00	93.00	DEJU;0.800
94.50	97.50	DEJU;0.800
114.00	117.00	DEJU;0.800
121.50	124.50	DEJU;0.800
135.00	138.00	DEJU;0.800
160.50	165.00	DEJU;0.800
171.00	174.00	DEJU;0.800
178.50	181.50	DEJU;0.800
225.00	228.00	DEJU;0.800
243.00	246.00	DEJU;0.912
249.00	252.00	DEJU;0.800
261.00	264.00	DEJU;0.800
291.00	294.00	DEJU;0.831
316.50	319.50	DEJU;0.800
343.50	349.50	DEJU;0.800
358.50	364.50	DEJU;0.876
409.50	412.50	DEJU;0.800
456.00	460.50	DEJU;0.819
474.00	477.00	DEJU;0.800
478.50	484.50	DEJU;0.986
489.00	492.00	DEJU;0.800
493.50	499.50	DEJU;0.981
501.00	504.00	DEJU;0.800
513.00	516.00	DEJU;0.800
519.00	523.50	DEJU;0.848
525.00	531.00	DEJU;0.800
541.50	547.50	DEJU;0.800
550.50	556.50	DEJU;0.827
561.00	564.00	DEJU;0.800
565.50	571.50	DEJU;0.804
574.50	580.50	DEJU;0.800
591.00	594.00	DEJU;0.800
460.50	463.50	DUNL;0.804
12.00	15.00	GCSP;0.837
28.50	33.00	GCSP;0.986
97.50	102.00	GCSP;0.975
105.00	109.50	GCSP;0.800
114.00	117.00	GCSP;0.800
130.50	135.00	GCSP;0.980
147.00	151.50	GCSP;0.800
162.00	166.50	GCSP;0.992
181.50	186.00	GCSP;0.981
199.50	204.00	GCSP;0.934
216.00	220.50	GCSP;0.977
232.50	237.00	GCSP;0.977
250.50	255.00	GCSP;0.992
271.50	276.00	GCSP;0.995
285.00	291.00	GCSP;0.989
301.50	306.00	GCSP;0.991
316.50	321.00	GCSP;0.947
333.00	337.50	GCSP;0.983
351.00	355.50	GCSP;0.962
364.50	369.00	GCSP;0.994
381.00	385.50	GCSP;0.990
397.50	402.00	GCSP;0.987
417.00	421.50	GCSP;0.988
427.50	430.50	GCSP;0.800
435.00	439.50	GCSP;0.990
453.00	457.50	GCSP;0.986
471.00	475.50	GCSP;0.913
486.00	490.50	GCSP;0.847
504.00	507.00	GCSP;0.800
522.00	526.50	GCSP;0.981
541.50	546.00	GCSP;0.995
558.00	562.50	GCSP;0.930
576.00	580.50	GCSP;0.991
144.00	147.00	GWTE;0.884
328.50	333.00	GWTE;0.899
13.50	30.00	HETH;0.977
31.50	37.50	HETH;0.930
39.00	42.00	HETH;0.800
43.50	49.50	HETH;0.910
51.00	54.00	HETH;0.800
55.50	81.00	HETH;0.942
84.00	87.00	HETH;0.924
93.00	97.50	HETH;0.918
108.00	115.50	HETH;0.974
118.50	127.50	HETH;0.983
129.00	133.50	HETH;0.898
139.50	144.00	HETH;0.819
151.50	165.00	HETH;0.976
168.00	175.50	HETH;0.912
184.50	205.50	HETH;0.899
210.00	213.00	HETH;0.800
214.50	219.00	HETH;0.960
220.50	231.00	HETH;0.847
235.50	240.00	HETH;0.800
243.00	246.00	HETH;0.800
247.50	250.50	HETH;0.800
253.50	268.50	HETH;0.864
274.50	279.00	HETH;0.984
294.00	297.00	HETH;0.829
300.00	307.50	HETH;0.935
309.00	316.50	HETH;0.958
319.50	327.00	HETH;0.924
328.50	345.00	HETH;0.952
348.00	352.50	HETH;0.991
357.00	361.50	HETH;0.874
409.50	415.50	HETH;0.958
426.00	432.00	HETH;0.874
444.00	451.50	HETH;0.969
508.50	511.50	HETH;0.800
529.50	534.00	HETH;0.800
574.50	579.00	HETH;0.941
492.00	495.00	HOFI;0.816
532.50	535.50	LEYE;0.851
567.00	570.00	LEYE;0.890
6.00	10.50	LISP;0.991
18.00	25.50	LISP;0.830
36.00	42.00	LISP;0.986
52.50	57.00	LISP;0.998
69.00	73.50	LISP;0.973
84.00	90.00	LISP;0.995
91.50	94.50	LISP;0.828
99.00	105.00	LISP;0.993
115.50	121.50	LISP;0.995
132.00	138.00	LISP;0.986
148.50	153.00	LISP;0.985
163.50	169.50	LISP;0.986
180.00	184.50	LISP;0.993
195.00	201.00	LISP;0.984
204.00	207.00	LISP;0.834
211.50	216.00	LISP;0.990
228.00	234.00	LISP;0.994
249.00	252.00	LISP;0.800
262.50	267.00	LISP;0.995
268.50	271.50	LISP;0.800
277.50	283.50	LISP;0.992
297.00	301.50	LISP;0.980
318.00	321.00	LISP;0.800
373.50	376.50	LISP;0.800
385.50	393.00	LISP;0.854
396.00	400.50	LISP;0.816
421.50	424.50	LISP;0.800
441.00	445.50	LISP;0.879
484.50	489.00	LISP;0.974
495.00	499.50	LISP;0.881
505.50	510.00	LISP;0.811
516.00	520.50	LISP;0.979
523.50	526.50	LISP;0.800
538.50	543.00	LISP;0.976
547.50	553.50	LISP;0.811
573.00	576.00	LISP;0.800
579.00	583.50	LISP;0.945
589.50	592.50	LISP;0.897
595.50	598.50	LISP;0.800
235.50	240.00	MAMU;0.827
462.00	465.00	MAMU;0.818
55.50	58.50	MOCH;0.824
255.00	258.00	MOCH;0.802
340.50	343.50	MOCH;0.945
394.50	397.50	MOCH;0.838
442.50	445.50	MOCH;0.827
51.00	54.00	ROWR;0.938
513.00	516.00	RCKI;0.871
537.00	540.00	RCKI;0.811
568.50	571.50	RCKI;0.822
387.00	391.50	WCSP;0.890
