0.00	4.50	AMRO;0.817
25.50	34.50	AMRO;0.985
43.50	46.50	AMRO;0.800
49.50	54.00	AMRO;0.972
57.00	64.50	AMRO;0.985
69.00	73.50	AMRO;0.813
75.00	79.50	AMRO;0.871
82.50	87.00	AMRO;0.812
91.50	96.00	AMRO;0.845
102.00	105.00	AMRO;0.800
109.50	112.50	AMRO;0.800
114.00	117.00	AMRO;0.800
127.50	133.50	AMRO;0.988
135.00	139.50	AMRO;0.933
142.50	147.00	AMRO;0.800
232.50	235.50	AMRO;0.800
1.50	4.50	CHSP;0.800
30.00	34.50	CHSP;0.800
37.50	42.00	CHSP;0.800
45.00	51.00	CHSP;0.955
57.00	60.00	CHSP;0.800
63.00	66.00	CHSP;0.800
72.00	76.50	CHSP;0.800
79.50	84.00	CHSP;0.800
88.50	91.50	CHSP;0.800
97.50	102.00	CHSP;0.800
106.50	111.00	CHSP;0.801
114.00	118.50	CHSP;0.844
166.50	171.00	CHSP;0.800
184.50	187.50	CHSP;0.800
199.50	204.00	CHSP;0.800
208.50	211.50	CHSP;0.800
240.00	243.00	CHSP;0.800
252.00	255.00	CHSP;0.800
259.50	264.00	CHSP;0.800
265.50	271.50	CHSP;0.819
273.00	279.00	CHSP;0.969
289.50	294.00	CHSP;0.800
298.50	301.50	CHSP;0.800
306.00	310.50	CHSP;0.800
328.50	333.00	CHSP;0.800
345.00	349.50	CHSP;0.800
352.50	357.00	CHSP;0.947
360.00	364.50	CHSP;0.905
369.00	372.00	CHSP;0.800
378.00	381.00	CHSP;0.800
385.50	390.00	CHSP;0.971
394.50	397.50	CHSP;0.800
409.50	414.00	CHSP;0.800
417.00	421.50	CHSP;0.936
450.00	454.50	CHSP;0.870
468.00	471.00	CHSP;0.800
475.50	480.00	CHSP;0.800
483.00	487.50	CHSP;0.800
490.50	495.00	CHSP;0.957
499.50	504.00	CHSP;0.800
513.00	516.00	CHSP;0.800
528.00	532.50	CHSP;0.876
537.00	540.00	CHSP;0.800
543.00	547.50	CHSP;0.892
550.50	556.50	CHSP;0.815
576.00	579.00	CHSP;0.800
585.00	589.50	CHSP;0.800
592.50	597.00	CHSP;0.800
292.50	295.50	DEJU;0.826
574.50	579.00	EATO;0.939
19.50	24.00	FOSP;0.911
67.50	70.50	FOSP;0.816
430.50	433.50	FOSP;0.872
460.50	463.50	FOSP;0.817
480.00	484.50	FOSP;0.954
510.00	513.00	FOSP;0.892
525.00	528.00	FOSP;0.806
13.50	18.00	HETH;0.861
271.50	274.50	HETH;0.817
465.00	469.50	HETH;0.928
562.50	565.50	HETH;0.810
64.50	67.50	PAWA;0.808
322.50	325.50	PISI;0.814
333.00	337.50	PISI;0.993
459.00	462.00	PIWA;0.807
48.00	51.00	RUGR;0.874
171.00	174.00	SBDO;0.954
580.50	583.50	SBDO;0.852
