36.00	42.00	AMRO;0.995
51.00	55.50	AMRO;0.800
63.00	76.50	AMRO;0.909
82.50	96.00	AMRO;0.928
138.00	142.50	AMRO;0.974
187.50	198.00	AMRO;0.856
201.00	226.50	AMRO;0.993
228.00	241.50	AMRO;0.940
243.00	291.00	AMRO;0.968
24.00	27.00	BCCH;0.847
172.50	175.50	BCCH;0.838
100.50	105.00	CHSP;0.834
120.00	123.00	CHSP;0.877
3.00	7.50	FOSP;0.800
15.00	19.50	FOSP;0.903
27.00	31.50	FOSP;0.849
52.50	57.00	FOSP;0.884
97.50	100.50	FOSP;0.800
115.50	120.00	FOSP;0.844
132.00	135.00	FOSP;0.800
142.50	147.00	FOSP;0.941
153.00	157.50	FOSP;0.809
163.50	168.00	FOSP;0.973
175.50	178.50	FOSP;0.860
183.00	187.50	FOSP;0.976
196.50	201.00	FOSP;0.981
210.00	214.50	FOSP;0.956
223.50	228.00	FOSP;0.800
237.00	240.00	FOSP;0.800
250.50	253.50	FOSP;0.859
262.50	267.00	FOSP;0.988
276.00	279.00	FOSP;0.800
288.00	292.50	FOSP;0.800
294.00	298.50	FOSP;0.800
106.50	109.50	GCSP;0.840
81.00	84.00	TUTI;0.803
0.00	4.50	WCSP;0.974
9.00	18.00	WCSP;0.997
19.50	24.00	WCSP;0.984
25.50	30.00	WCSP;0.990
33.00	37.50	WCSP;0.987
40.50	67.50	WCSP;0.989
69.00	73.50	WCSP;0.925
76.50	82.50	WCSP;0.992
85.50	118.50	WCSP;0.995
120.00	126.00	WCSP;0.989
127.50	145.50	WCSP;0.996
148.50	153.00	WCSP;0.990
154.50	165.00	WCSP;0.985
166.50	172.50	WCSP;0.983
174.00	177.00	WCSP;0.902
178.50	186.00	WCSP;0.988
187.50	195.00	WCSP;0.976
196.50	201.00	WCSP;0.802
204.00	208.50	WCSP;0.993
211.50	216.00	WCSP;0.953
217.50	223.50	WCSP;0.977
226.50	231.00	WCSP;0.829
234.00	238.50	WCSP;0.986
240.00	244.50	WCSP;0.990
246.00	252.00	WCSP;0.991
255.00	265.50	WCSP;0.998
268.50	276.00	WCSP;0.981
277.50	280.50	WCSP;0.908
282.00	288.00	WCSP;0.997
291.00	300.00	WCSP;0.987
147.00	150.00	WTSP;0.810
