3.00	7.50	AMRO;0.811
57.00	64.50	AMRO;0.800
66.00	70.50	AMRO;0.800
90.00	94.50	AMRO;0.800
100.50	108.00	AMRO;0.849
112.50	115.50	AMRO;0.800
123.00	126.00	AMRO;0.800
129.00	133.50	AMRO;0.800
135.00	148.50	AMRO;0.962
156.00	160.50	AMRO;0.895
171.00	174.00	AMRO;0.800
183.00	187.50	AMRO;0.800
192.00	195.00	AMRO;0.800
244.50	249.00	AMRO;0.979
262.50	265.50	AMRO;0.800
361.50	366.00	AMRO;0.803
385.50	390.00	AMRO;0.959
417.00	427.50	AMRO;0.865
433.50	436.50	AMRO;0.800
439.50	444.00	AMRO;0.943
447.00	450.00	AMRO;0.800
486.00	492.00	AMRO;0.800
421.50	424.50	BCCH;0.852
171.00	174.00	BTNW;0.817
219.00	222.00	CHSP;0.818
391.50	394.50	DEJU;0.865
583.50	586.50	EATO;0.814
1.50	6.00	FOSP;0.800
9.00	12.00	FOSP;0.800
13.50	22.50	FOSP;0.803
30.00	33.00	FOSP;0.800
40.50	49.50	FOSP;0.946
69.00	76.50	FOSP;0.900
97.50	102.00	FOSP;0.944
111.00	114.00	FOSP;0.800
115.50	123.00	FOSP;0.810
126.00	135.00	FOSP;0.884
150.00	154.50	FOSP;0.911
162.00	169.50	FOSP;0.932
172.50	183.00	FOSP;0.986
184.50	189.00	FOSP;0.800
193.50	205.50	FOSP;0.836
207.00	211.50	FOSP;0.939
225.00	228.00	FOSP;0.800
231.00	235.50	FOSP;0.800
237.00	241.50	FOSP;0.830
255.00	259.50	FOSP;0.913
267.00	270.00	FOSP;0.800
277.50	282.00	FOSP;0.898
289.50	298.50	FOSP;0.864
307.50	312.00	FOSP;0.909
319.50	324.00	FOSP;0.800
325.50	330.00	FOSP;0.878
337.50	342.00	FOSP;0.800
348.00	352.50	FOSP;0.832
354.00	358.50	FOSP;0.915
367.50	372.00	FOSP;0.901
381.00	385.50	FOSP;0.926
397.50	403.50	FOSP;0.903
412.50	415.50	FOSP;0.800
423.00	427.50	FOSP;0.800
429.00	433.50	FOSP;0.800
436.50	441.00	FOSP;0.886
451.50	459.00	FOSP;0.933
472.50	477.00	FOSP;0.954
478.50	483.00	FOSP;0.897
493.50	496.50	FOSP;0.820
499.50	504.00	FOSP;0.846
520.50	525.00	FOSP;0.846
529.50	535.50	FOSP;0.923
537.00	541.50	FOSP;0.800
552.00	558.00	FOSP;0.929
585.00	588.00	FOSP;0.912
595.50	600.00	FOSP;0.954
7.50	10.50	GCSP;0.895
21.00	24.00	GCSP;0.914
54.00	58.50	GCSP;0.931
214.50	217.50	LISP;0.848
571.50	574.50	LISP;0.869
244.50	247.50	MOCH;0.966
526.50	529.50	MOCH;0.893
432.00	435.00	OSFL;0.974
106.50	109.50	PIGR;0.827
4.50	9.00	RUBL;0.929
13.50	16.50	SNBU;0.815
46.50	49.50	SNBU;0.857
382.50	385.50	SPSA;0.818
61.50	64.50	SWSP;0.945
247.50	250.50	SWSP;0.822
297.00	300.00	SWSP;0.865
12.00	15.00	VATH;0.800
49.50	54.00	VATH;0.947
79.50	84.00	VATH;0.952
88.50	93.00	VATH;0.800
102.00	105.00	VATH;0.800
109.50	112.50	VATH;0.800
153.00	157.50	VATH;0.971
181.50	186.00	VATH;0.800
205.50	213.00	VATH;0.864
273.00	277.50	VATH;0.955
298.50	309.00	VATH;0.928
328.50	331.50	VATH;0.875
334.50	339.00	VATH;0.800
345.00	348.00	VATH;0.800
373.50	378.00	VATH;0.864
388.50	393.00	VATH;0.845
475.50	480.00	VATH;0.800
540.00	544.50	VATH;0.975
556.50	561.00	VATH;0.972
570.00	573.00	VATH;0.839
22.50	27.00	WCSP;0.979
117.00	120.00	WCSP;0.800
160.50	165.00	WCSP;0.955
171.00	175.50	WCSP;0.800
181.50	186.00	WCSP;0.976
192.00	196.50	WCSP;0.984
217.50	222.00	WCSP;0.800
228.00	234.00	WCSP;0.977
240.00	244.50	WCSP;0.952
529.50	534.00	WCSP;0.976
0.00	3.00	WTSP;0.973
7.50	13.50	WTSP;0.961
19.50	24.00	WTSP;0.848
30.00	36.00	WTSP;0.988
42.00	48.00	WTSP;0.987
54.00	58.50	WTSP;0.834
64.50	72.00	WTSP;0.992
81.00	85.50	WTSP;0.994
91.50	97.50	WTSP;0.971
106.50	112.50	WTSP;0.994
120.00	126.00	WTSP;0.996
133.50	141.00	WTSP;0.993
145.50	150.00	WTSP;0.991
157.50	163.50	WTSP;0.993
186.00	192.00	WTSP;0.996
202.50	208.50	WTSP;0.986
225.00	231.00	WTSP;0.994
241.50	246.00	WTSP;0.945
252.00	258.00	WTSP;0.992
267.00	271.50	WTSP;0.823
396.00	400.50	WTSP;0.980
402.00	408.00	WTSP;0.990
409.50	414.00	WTSP;0.977
418.50	423.00	WTSP;0.989
426.00	430.50	WTSP;0.994
433.50	439.50	WTSP;0.993
441.00	445.50	WTSP;0.982
448.50	454.50	WTSP;0.986
457.50	462.00	WTSP;0.984
466.50	472.50	WTSP;0.984
477.00	481.50	WTSP;0.989
484.50	501.00	WTSP;0.994
502.50	507.00	WTSP;0.918
510.00	519.00	WTSP;0.997
522.00	528.00	WTSP;0.995
534.00	540.00	WTSP;0.991
546.00	552.00	WTSP;0.950
556.50	565.50	WTSP;0.951
571.50	577.50	WTSP;0.965
586.50	591.00	WTSP;0.993
0.00	4.50	WIWA;0.800
18.00	21.00	WIWA;0.800
25.50	30.00	WIWA;0.990
33.00	39.00	WIWA;0.918
52.50	57.00	WIWA;0.894
72.00	78.00	WIWA;0.941
82.50	87.00	WIWA;0.958
93.00	97.50	WIWA;0.850
103.50	108.00	WIWA;0.980
112.50	117.00	WIWA;0.985
193.50	196.50	WIWA;0.800
202.50	207.00	WIWA;0.800
222.00	226.50	WIWA;0.971
232.50	237.00	WIWA;0.992
241.50	246.00	WIWA;0.969
250.50	255.00	WIWA;0.988
265.50	268.50	WIWA;0.800
280.50	285.00	WIWA;0.952
286.50	292.50	WIWA;0.800
294.00	300.00	WIWA;0.800
304.50	307.50	WIWA;0.827
309.00	315.00	WIWA;0.983
322.50	327.00	WIWA;0.978
330.00	334.50	WIWA;0.991
340.50	345.00	WIWA;0.991
349.50	354.00	WIWA;0.981
357.00	361.50	WIWA;0.990
366.00	370.50	WIWA;0.990
379.50	384.00	WIWA;0.960
388.50	393.00	WIWA;0.986
397.50	402.00	WIWA;0.800
492.00	495.00	WIWA;0.800
502.50	507.00	WIWA;0.938
10.50	13.50	WOTH;0.911
