103.50	112.50	CHSP;0.969
114.00	118.50	CHSP;0.800
120.00	129.00	CHSP;0.917
133.50	136.50	CHSP;0.800
138.00	160.50	CHSP;0.914
162.00	165.00	CHSP;0.800
168.00	177.00	CHSP;0.944
178.50	192.00	CHSP;0.902
193.50	202.50	CHSP;0.864
208.50	219.00	CHSP;0.855
222.00	225.00	CHSP;0.800
226.50	231.00	CHSP;0.894
232.50	237.00	CHSP;0.969
238.50	252.00	CHSP;0.804
253.50	258.00	CHSP;0.800
262.50	271.50	CHSP;0.938
276.00	285.00	CHSP;0.800
286.50	291.00	CHSP;0.881
292.50	300.00	CHSP;0.949
111.00	114.00	DEJU;0.865
180.00	183.00	DEJU;0.803
211.50	214.50	DEJU;0.803
163.50	168.00	FISP;0.905
15.00	19.50	LISP;0.911
30.00	34.50	LISP;0.800
57.00	61.50	LISP;0.853
73.50	76.50	LISP;0.800
160.50	165.00	LISP;0.901
174.00	178.50	LISP;0.938
219.00	223.50	LISP;0.943
277.50	282.00	LISP;0.825
9.00	12.00	MOCH;0.832
243.00	246.00	MOCH;0.800
253.50	256.50	MOCH;0.867
271.50	274.50	MOCH;0.890
0.00	3.00	WTSP;0.877
4.50	12.00	WTSP;0.997
15.00	43.50	WTSP;0.997
51.00	57.00	WTSP;0.853
81.00	85.50	WTSP;0.925
93.00	97.50	WTSP;0.800
111.00	123.00	WTSP;0.983
129.00	133.50	WTSP;0.987
138.00	142.50	WTSP;0.800
163.50	166.50	WTSP;0.800
175.50	180.00	WTSP;0.827
184.50	189.00	WTSP;0.883
193.50	196.50	WTSP;0.800
201.00	205.50	WTSP;0.825
225.00	229.50	WTSP;0.800
240.00	249.00	WTSP;0.993
252.00	259.50	WTSP;0.988
268.50	277.50	WTSP;0.987
282.00	288.00	WTSP;0.991
292.50	300.00	WTSP;0.992
66.00	70.50	WIWA;0.800
97.50	102.00	WIWA;0.971
106.50	111.00	WIWA;0.894
127.50	132.00	WIWA;0.931
136.50	139.50	WIWA;0.800
156.00	159.00	WIWA;0.852
166.50	171.00	WIWA;0.938
175.50	180.00	WIWA;0.887
186.00	190.50	WIWA;0.977
196.50	201.00	WIWA;0.971
207.00	211.50	WIWA;0.818
217.50	222.00	WIWA;0.800
229.50	234.00	WIWA;0.991
240.00	244.50	WIWA;0.935
258.00	262.50	WIWA;0.939
271.50	276.00	WIWA;0.889
282.00	286.50	WIWA;0.909
