28.50	31.50	AMRO;0.800
43.50	46.50	AMRO;0.800
48.00	52.50	AMRO;0.869
93.00	96.00	AMRO;0.800
102.00	118.50	AMRO;0.989
123.00	153.00	AMRO;0.993
156.00	160.50	AMRO;0.888
162.00	174.00	AMRO;0.997
181.50	184.50	AMRO;0.800
202.50	208.50	AMRO;0.800
252.00	255.00	AMRO;0.800
51.00	54.00	BCCH;0.902
76.50	81.00	BRTH;0.800
90.00	93.00	BRTH;0.800
103.50	120.00	BRTH;0.997
123.00	153.00	BRTH;0.997
154.50	175.50	BRTH;0.973
153.00	156.00	CAFI;0.860
258.00	261.00	CCSP;0.801
115.50	118.50	DUNL;0.895
93.00	96.00	EATO;0.825
10.50	15.00	FOSP;0.983
24.00	33.00	FOSP;0.952
40.50	45.00	FOSP;0.866
54.00	60.00	FOSP;0.964
64.50	67.50	FOSP;0.800
70.50	75.00	FOSP;0.926
82.50	87.00	FOSP;0.983
94.50	99.00	FOSP;0.910
117.00	121.50	FOSP;0.814
178.50	183.00	FOSP;0.909
189.00	193.50	FOSP;0.952
210.00	214.50	FOSP;0.846
217.50	222.00	FOSP;0.807
231.00	235.50	FOSP;0.800
253.50	256.50	FOSP;0.800
259.50	262.50	FOSP;0.800
9.00	12.00	GCSP;0.830
87.00	91.50	GCSP;0.973
255.00	258.00	GCSP;0.823
97.50	102.00	LISP;0.880
133.50	136.50	WETA;0.869
0.00	13.50	WCSP;0.996
16.50	21.00	WCSP;0.989
22.50	27.00	WCSP;0.906
30.00	34.50	WCSP;0.983
36.00	43.50	WCSP;0.982
45.00	49.50	WCSP;0.994
52.50	57.00	WCSP;0.993
58.50	64.50	WCSP;0.990
66.00	72.00	WCSP;0.990
73.50	78.00	WCSP;0.997
81.00	85.50	WCSP;0.986
88.50	93.00	WCSP;0.983
96.00	100.50	WCSP;0.986
103.50	108.00	WCSP;0.986
118.50	124.50	WCSP;0.990
127.50	130.50	WCSP;0.800
133.50	138.00	WCSP;0.985
141.00	145.50	WCSP;0.800
156.00	159.00	WCSP;0.953
163.50	168.00	WCSP;0.887
169.50	175.50	WCSP;0.978
177.00	190.50	WCSP;0.994
192.00	198.00	WCSP;0.993
199.50	204.00	WCSP;0.991
207.00	211.50	WCSP;0.992
214.50	219.00	WCSP;0.987
220.50	232.50	WCSP;0.992
234.00	240.00	WCSP;0.990
241.50	253.50	WCSP;0.997
255.00	261.00	WCSP;0.993
262.50	267.00	WCSP;0.991
268.50	274.50	WCSP;0.995
276.00	280.50	WCSP;0.993
283.50	288.00	WCSP;0.993
289.50	294.00	WCSP;0.993
297.00	300.00	WCSP;0.992
3.00	10.50	WTSP;0.800
18.00	22.50	WTSP;0.802
31.50	40.50	WTSP;0.995
43.50	52.50	WTSP;0.926
61.50	67.50	WTSP;0.998
76.50	82.50	WTSP;0.994
91.50	96.00	WTSP;0.800
120.00	126.00	WTSP;0.969
150.00	157.50	WTSP;0.894
177.00	180.00	WTSP;0.800
183.00	186.00	WTSP;0.800
193.50	201.00	WTSP;0.937
202.50	208.50	WTSP;0.988
211.50	216.00	WTSP;0.800
223.50	228.00	WTSP;0.883
232.50	237.00	WTSP;0.992
238.50	241.50	WTSP;0.800
244.50	250.50	WTSP;0.974
253.50	258.00	WTSP;0.800
271.50	277.50	WTSP;0.971
280.50	285.00	WTSP;0.998
288.00	291.00	WTSP;0.945
292.50	297.00	WTSP;0.974
