243.00	246.00	AMDI;0.806
259.50	262.50	AMDI;0.800
60.00	64.50	AMPI;0.831
129.00	133.50	AMRO;0.897
268.50	273.00	AMRO;0.988
286.50	289.50	BRSP;0.860
63.00	66.00	CHSP;0.810
169.50	174.00	CHSP;0.902
51.00	54.00	DEJU;0.885
27.00	31.50	FOSP;0.955
39.00	43.50	FOSP;0.800
228.00	231.00	FOSP;0.800
238.50	243.00	FOSP;0.967
249.00	253.50	FOSP;0.946
264.00	268.50	FOSP;0.980
4.50	9.00	HETH;0.984
21.00	24.00	HETH;0.925
0.00	4.50	LISP;0.912
16.50	21.00	LISP;0.920
31.50	36.00	LISP;0.841
49.50	52.50	LISP;0.800
66.00	70.50	LISP;0.800
82.50	87.00	LISP;0.800
99.00	103.50	LISP;0.976
115.50	121.50	LISP;0.945
132.00	136.50	LISP;0.925
148.50	153.00	LISP;0.927
165.00	168.00	LISP;0.800
180.00	186.00	LISP;0.964
196.50	201.00	LISP;0.901
211.50	217.50	LISP;0.917
229.50	234.00	LISP;0.865
243.00	249.00	LISP;0.866
259.50	264.00	LISP;0.860
276.00	280.50	LISP;0.950
291.00	295.50	LISP;0.893
9.00	13.50	MOCH;0.874
144.00	147.00	MOCH;0.950
210.00	213.00	MOCH;0.831
216.00	219.00	MOCH;0.816
231.00	234.00	ROWR;0.839
72.00	75.00	RUBL;0.933
193.50	198.00	RUBL;0.907
40.50	43.50	SNBU;0.806
76.50	82.50	VATH;0.950
151.50	154.50	VATH;0.800
172.50	177.00	VATH;0.908
253.50	258.00	VATH;0.988
283.50	288.00	VATH;0.975
64.50	67.50	WTSP;0.977
