4.50	7.50	AMRO;0.800
10.50	15.00	AMRO;0.800
34.50	43.50	AMRO;0.979
46.50	49.50	AMRO;0.800
75.00	79.50	AMRO;0.872
82.50	93.00	AMRO;0.922
106.50	109.50	AMRO;0.800
111.00	115.50	AMRO;0.800
121.50	129.00	AMRO;0.971
135.00	139.50	AMRO;0.959
147.00	151.50	AMRO;0.800
153.00	157.50	AMRO;0.982
166.50	171.00	AMRO;0.900
172.50	184.50	AMRO;0.850
192.00	204.00	AMRO;0.800
214.50	219.00	AMRO;0.800
228.00	232.50	AMRO;0.972
237.00	240.00	AMRO;0.800
241.50	247.50	AMRO;0.972
255.00	259.50	AMRO;0.800
261.00	264.00	AMRO;0.893
268.50	271.50	AMRO;0.800
273.00	277.50	AMRO;0.860
76.50	79.50	BRSP;0.850
45.00	48.00	CHSP;0.930
0.00	6.00	FOSP;0.952
9.00	18.00	FOSP;0.917
22.50	37.50	FOSP;0.976
39.00	46.50	FOSP;0.990
48.00	57.00	FOSP;0.977
60.00	67.50	FOSP;0.800
72.00	76.50	FOSP;0.806
82.50	87.00	FOSP;0.919
93.00	100.50	FOSP;0.826
103.50	108.00	FOSP;0.991
115.50	120.00	FOSP;0.951
126.00	130.50	FOSP;0.915
138.00	141.00	FOSP;0.800
150.00	154.50	FOSP;0.949
247.50	250.50	FOSP;0.864
258.00	262.50	FOSP;0.800
271.50	274.50	FOSP;0.800
286.50	289.50	FOSP;0.800
81.00	84.00	MAMU;0.836
282.00	286.50	MOCH;0.812
289.50	294.00	MOCH;0.954
24.00	27.00	WCSP;0.800
54.00	73.50	WCSP;0.995
78.00	82.50	WCSP;0.986
91.50	96.00	WCSP;0.989
99.00	105.00	WCSP;0.987
120.00	124.50	WCSP;0.984
127.50	133.50	WCSP;0.985
138.00	142.50	WCSP;0.800
147.00	153.00	WCSP;0.985
157.50	166.50	WCSP;0.994
168.00	174.00	WCSP;0.991
178.50	183.00	WCSP;0.983
189.00	193.50	WCSP;0.993
201.00	205.50	WCSP;0.979
211.50	216.00	WCSP;0.989
219.00	225.00	WCSP;0.999
229.50	234.00	WCSP;0.984
240.00	244.50	WCSP;0.989
253.50	259.50	WCSP;0.992
264.00	268.50	WCSP;0.991
279.00	282.00	WCSP;0.989
292.50	297.00	WCSP;0.970
18.00	21.00	WTSP;0.800
54.00	58.50	WTSP;0.971
70.50	73.50	WTSP;0.800
76.50	79.50	WTSP;0.851
90.00	93.00	WTSP;0.800
123.00	127.50	WTSP;0.996
186.00	190.50	WTSP;0.965
199.50	204.00	WTSP;0.900
210.00	213.00	WTSP;0.810
