0.00	13.50	AMRO;0.992
16.50	21.00	AMRO;0.800
22.50	46.50	AMRO;0.995
48.00	55.50	AMRO;0.883
57.00	72.00	AMRO;0.962
79.50	88.50	AMRO;0.990
93.00	97.50	AMRO;0.977
99.00	126.00	AMRO;0.994
127.50	130.50	AMRO;0.800
132.00	151.50	AMRO;0.985
153.00	157.50	AMRO;0.972
159.00	162.00	AMRO;0.800
163.50	189.00	AMRO;0.984
190.50	195.00	AMRO;0.800
196.50	210.00	AMRO;0.990
216.00	225.00	AMRO;0.925
226.50	231.00	AMRO;0.993
237.00	256.50	AMRO;0.991
258.00	262.50	AMRO;0.933
265.50	270.00	AMRO;0.942
276.00	289.50	AMRO;0.995
295.50	300.00	AMRO;0.984
292.50	295.50	ATSP;0.866
52.50	55.50	CHSP;0.952
124.50	129.00	CHSP;0.959
151.50	154.50	CHSP;0.850
153.00	156.00	DEJU;0.863
4.50	9.00	FOSP;0.849
12.00	16.50	FOSP;0.976
24.00	28.50	FOSP;0.889
40.50	43.50	FOSP;0.872
66.00	70.50	FOSP;0.800
76.50	81.00	FOSP;0.952
90.00	93.00	FOSP;0.873
105.00	109.50	FOSP;0.970
118.50	124.50	FOSP;0.994
135.00	139.50	FOSP;0.800
141.00	144.00	FOSP;0.800
171.00	174.00	FOSP;0.800
177.00	180.00	FOSP;0.800
249.00	255.00	FOSP;0.890
262.50	265.50	FOSP;0.800
268.50	273.00	FOSP;0.906
3.00	6.00	LISP;0.800
30.00	34.50	LISP;0.961
61.50	66.00	LISP;0.800
75.00	79.50	LISP;0.977
102.00	106.50	LISP;0.987
115.50	120.00	LISP;0.936
129.00	132.00	LISP;0.905
160.50	163.50	LISP;0.818
174.00	178.50	LISP;0.800
187.50	192.00	LISP;0.956
229.50	234.00	LISP;0.800
244.50	249.00	LISP;0.918
259.50	264.00	LISP;0.990
273.00	279.00	LISP;0.971
43.50	51.00	PISI;0.986
54.00	66.00	PISI;0.988
202.50	229.50	PISI;0.997
246.00	250.50	WCSP;0.941
255.00	258.00	WCSP;0.966
