22.50	28.50	ATSP;0.950
159.00	162.00	ATSP;0.985
6.00	9.00	CHSP;0.800
27.00	67.50	CHSP;0.994
70.50	75.00	CHSP;0.800
78.00	87.00	CHSP;0.984
88.50	94.50	CHSP;0.983
96.00	232.50	CHSP;0.997
234.00	255.00	CHSP;0.992
256.50	274.50	CHSP;0.992
231.00	235.50	FOSP;0.889
243.00	246.00	FOSP;0.862
253.50	258.00	FOSP;0.903
276.00	279.00	FOSP;0.815
289.50	292.50	FOSP;0.915
25.50	28.50	GCKI;0.896
195.00	198.00	GWTE;0.806
286.50	289.50	HASP;0.915
181.50	184.50	MAMU;0.850
225.00	228.00	MAMU;0.812
211.50	214.50	MOCH;0.952
78.00	82.50	VATH;0.834
138.00	147.00	WCSP;0.937
156.00	159.00	WCSP;0.833
280.50	285.00	WCSP;0.970
294.00	298.50	WCSP;0.958
0.00	6.00	WTSP;0.981
7.50	13.50	WTSP;0.990
19.50	28.50	WTSP;0.995
97.50	100.50	WTSP;0.800
154.50	157.50	WTSP;0.800
205.50	213.00	WTSP;0.991
219.00	225.00	WTSP;0.991
234.00	243.00	WTSP;0.995
259.50	268.50	WTSP;0.940
277.50	283.50	WTSP;0.979
286.50	300.00	WTSP;0.984
