3.00	7.50	AMRO;0.800
13.50	19.50	AMRO;0.987
22.50	25.50	AMRO;0.800
27.00	39.00	AMRO;0.959
40.50	46.50	AMRO;0.885
54.00	57.00	AMRO;0.800
61.50	66.00	AMRO;0.800
70.50	75.00	AMRO;0.888
85.50	93.00	AMRO;0.909
94.50	103.50	AMRO;0.800
106.50	109.50	AMRO;0.800
129.00	139.50	AMRO;0.800
147.00	150.00	AMRO;0.800
151.50	159.00	AMRO;0.800
174.00	178.50	AMRO;0.800
184.50	189.00	AMRO;0.800
196.50	201.00	AMRO;0.945
202.50	210.00	AMRO;0.936
216.00	220.50	AMRO;0.820
222.00	226.50	AMRO;0.983
228.00	231.00	AMRO;0.800
232.50	237.00	AMRO;0.800
238.50	243.00	AMRO;0.800
253.50	256.50	AMRO;0.800
262.50	267.00	AMRO;0.800
268.50	274.50	AMRO;0.800
276.00	279.00	AMRO;0.800
280.50	285.00	AMRO;0.800
291.00	295.50	AMRO;0.962
130.50	133.50	BHGR;0.823
285.00	288.00	BHGR;0.885
78.00	81.00	CHSP;0.892
198.00	201.00	FOSP;0.830
277.50	280.50	PIGR;0.824
265.50	270.00	RBGR;0.914
0.00	4.50	WCSP;0.993
6.00	10.50	WCSP;0.984
13.50	24.00	WCSP;0.987
25.50	30.00	WCSP;0.993
33.00	37.50	WCSP;0.985
39.00	43.50	WCSP;0.982
45.00	49.50	WCSP;0.859
51.00	55.50	WCSP;0.975
57.00	61.50	WCSP;0.990
97.50	102.00	WCSP;0.981
103.50	118.50	WCSP;0.994
120.00	124.50	WCSP;0.998
126.00	130.50	WCSP;0.993
132.00	136.50	WCSP;0.983
138.00	142.50	WCSP;0.996
144.00	148.50	WCSP;0.997
153.00	157.50	WCSP;0.963
159.00	163.50	WCSP;0.994
165.00	175.50	WCSP;0.991
177.00	181.50	WCSP;0.989
183.00	187.50	WCSP;0.991
189.00	193.50	WCSP;0.994
195.00	199.50	WCSP;0.986
201.00	205.50	WCSP;0.935
207.00	217.50	WCSP;0.984
219.00	223.50	WCSP;0.984
225.00	229.50	WCSP;0.923
231.00	237.00	WCSP;0.992
238.50	244.50	WCSP;0.986
246.00	250.50	WCSP;0.982
252.00	256.50	WCSP;0.962
259.50	264.00	WCSP;0.882
265.50	277.50	WCSP;0.949
279.00	283.50	WCSP;0.974
286.50	291.00	WCSP;0.983
292.50	298.50	WCSP;0.978
3.00	9.00	WTSP;0.995
16.50	21.00	WTSP;0.800
22.50	28.50	WTSP;0.995
31.50	34.50	WTSP;0.824
36.00	49.50	WTSP;0.997
52.50	57.00	WTSP;0.945
58.50	70.50	WTSP;0.997
72.00	78.00	WTSP;0.999
79.50	91.50	WTSP;0.996
93.00	114.00	WTSP;0.997
117.00	123.00	WTSP;0.995
124.50	129.00	WTSP;0.925
130.50	135.00	WTSP;0.800
147.00	151.50	WTSP;0.989
154.50	160.50	WTSP;0.980
162.00	169.50	WTSP;0.993
171.00	198.00	WTSP;0.998
199.50	204.00	WTSP;0.831
208.50	213.00	WTSP;0.800
216.00	222.00	WTSP;0.994
225.00	232.50	WTSP;0.879
234.00	240.00	WTSP;0.988
241.50	247.50	WTSP;0.990
249.00	255.00	WTSP;0.975
258.00	262.50	WTSP;0.844
264.00	268.50	WTSP;0.800
271.50	280.50	WTSP;0.800
282.00	286.50	WTSP;0.978
288.00	294.00	WTSP;0.992
295.50	300.00	WTSP;0.995
3.00	6.00	WIWA;0.800
15.00	19.50	WIWA;0.803
34.50	39.00	WIWA;0.808
43.50	48.00	WIWA;0.825
49.50	54.00	WIWA;0.983
58.50	63.00	WIWA;0.851
66.00	72.00	WIWA;0.976
75.00	79.50	WIWA;0.989
82.50	88.50	WIWA;0.986
91.50	96.00	WIWA;0.988
99.00	103.50	WIWA;0.960
106.50	111.00	WIWA;0.987
135.00	139.50	WIWA;0.955
142.50	145.50	WIWA;0.800
150.00	154.50	WIWA;0.864
157.50	160.50	WIWA;0.800
174.00	177.00	WIWA;0.800
180.00	184.50	WIWA;0.877
255.00	259.50	WIWA;0.800
262.50	267.00	WIWA;0.800
