73.50	76.50	AMRO;0.840
87.00	90.00	AMRO;0.873
130.50	133.50	AMRO;0.919
240.00	243.00	AMRO;0.854
289.50	292.50	AMRO;0.807
283.50	286.50	BAOR;0.840
139.50	142.50	DOWO;0.803
24.00	27.00	FISP;0.904
138.00	141.00	FISP;0.871
172.50	175.50	FISP;0.816
214.50	217.50	FISP;0.835
1.50	6.00	FOSP;0.888
10.50	13.50	FOSP;0.800
40.50	43.50	FOSP;0.800
67.50	70.50	FOSP;0.800
90.00	94.50	FOSP;0.861
100.50	105.00	FOSP;0.800
112.50	117.00	FOSP;0.916
123.00	127.50	FOSP;0.800
159.00	162.00	FOSP;0.800
165.00	168.00	FOSP;0.947
235.50	238.50	FOSP;0.800
243.00	246.00	FOSP;0.800
261.00	267.00	FOSP;0.800
273.00	277.50	FOSP;0.906
279.00	283.50	FOSP;0.943
285.00	289.50	FOSP;0.969
297.00	300.00	FOSP;0.800
4.50	7.50	GCSP;0.811
151.50	154.50	GCSP;0.873
234.00	237.00	HETH;0.973
132.00	136.50	LISP;0.922
96.00	99.00	PIGR;0.819
0.00	3.00	WTSP;0.986
4.50	10.50	WTSP;0.993
12.00	25.50	WTSP;0.999
27.00	34.50	WTSP;0.998
36.00	42.00	WTSP;0.996
43.50	64.50	WTSP;0.997
67.50	73.50	WTSP;0.994
75.00	114.00	WTSP;0.997
117.00	123.00	WTSP;0.997
126.00	132.00	WTSP;0.994
133.50	141.00	WTSP;0.925
142.50	165.00	WTSP;0.992
168.00	174.00	WTSP;0.992
175.50	202.50	WTSP;0.999
204.00	216.00	WTSP;0.989
219.00	225.00	WTSP;0.989
228.00	234.00	WTSP;0.993
235.50	240.00	WTSP;0.914
246.00	274.50	WTSP;0.997
277.50	282.00	WTSP;0.902
292.50	297.00	WTSP;0.937
40.50	43.50	WIWA;0.800
85.50	90.00	WIWA;0.800
94.50	99.00	WIWA;0.827
102.00	105.00	WIWA;0.800
109.50	114.00	WIWA;0.800
126.00	130.50	WIWA;0.816
135.00	139.50	WIWA;0.931
142.50	148.50	WIWA;0.948
150.00	154.50	WIWA;0.905
162.00	166.50	WIWA;0.922
169.50	174.00	WIWA;0.984
241.50	244.50	WIWA;0.944
