73.50	78.00	AMRO;0.998
181.50	184.50	EATO;0.823
238.50	241.50	EATO;0.891
1.50	7.50	FOSP;0.864
18.00	21.00	FOSP;0.800
31.50	36.00	FOSP;0.800
45.00	49.50	FOSP;0.933
61.50	70.50	FOSP;0.852
78.00	82.50	FOSP;0.946
91.50	96.00	FOSP;0.844
108.00	111.00	FOSP;0.940
123.00	127.50	FOSP;0.800
132.00	136.50	FOSP;0.962
141.00	145.50	FOSP;0.891
156.00	160.50	FOSP;0.891
169.50	174.00	FOSP;0.894
183.00	186.00	FOSP;0.941
187.50	192.00	FOSP;0.843
196.50	201.00	FOSP;0.884
210.00	214.50	FOSP;0.964
217.50	222.00	FOSP;0.906
223.50	228.00	FOSP;0.937
240.00	243.00	FOSP;0.919
253.50	258.00	FOSP;0.897
280.50	285.00	FOSP;0.957
292.50	297.00	FOSP;0.962
76.50	79.50	HETH;0.841
139.50	142.50	HETH;0.900
246.00	249.00	LISP;0.841
66.00	70.50	SNBU;0.903
87.00	90.00	SNBU;0.809
163.50	168.00	SNBU;0.936
147.00	150.00	SOSA;0.828
214.50	217.50	SOSA;0.956
15.00	22.50	VATH;0.800
60.00	64.50	VATH;0.958
100.50	105.00	VATH;0.850
114.00	117.00	VATH;0.800
160.50	168.00	VATH;0.957
174.00	177.00	VATH;0.800
190.50	199.50	VATH;0.981
204.00	211.50	VATH;0.963
235.50	240.00	VATH;0.974
264.00	268.50	VATH;0.965
270.00	274.50	VATH;0.884
276.00	280.50	VATH;0.800
61.50	64.50	WCSP;0.868
232.50	235.50	WCSP;0.866
216.00	219.00	WTSP;0.866
