49.50	52.50	DEJU;0.827
111.00	114.00	FOSP;0.964
160.50	165.00	FOSP;0.934
174.00	178.50	FOSP;0.879
70.50	73.50	GWTE;0.801
0.00	4.50	LISP;0.800
9.00	13.50	LISP;0.827
19.50	24.00	LISP;0.800
28.50	33.00	LISP;0.800
37.50	42.00	LISP;0.950
48.00	51.00	LISP;0.800
57.00	61.50	LISP;0.909
66.00	70.50	LISP;0.861
76.50	81.00	LISP;0.858
85.50	90.00	LISP;0.802
94.50	99.00	LISP;0.976
105.00	109.50	LISP;0.800
115.50	118.50	LISP;0.800
124.50	129.00	LISP;0.986
135.00	139.50	LISP;0.910
144.00	148.50	LISP;0.905
154.50	159.00	LISP;0.885
165.00	169.50	LISP;0.959
229.50	232.50	LISP;0.800
253.50	256.50	LISP;0.800
235.50	238.50	SNBU;0.846
244.50	249.00	SNBU;0.975
259.50	264.00	SNBU;0.944
123.00	126.00	VATH;0.890
52.50	57.00	WCSP;0.974
193.50	198.00	WTSP;0.875
