1.50	4.50	CHSP;0.800
12.00	16.50	CHSP;0.856
28.50	31.50	CHSP;0.800
40.50	43.50	CHSP;0.800
48.00	54.00	CHSP;0.942
55.50	63.00	CHSP;0.880
67.50	72.00	CHSP;0.969
79.50	82.50	CHSP;0.920
87.00	93.00	CHSP;0.924
99.00	108.00	CHSP;0.968
114.00	117.00	CHSP;0.800
121.50	124.50	CHSP;0.800
136.50	141.00	CHSP;0.800
145.50	151.50	CHSP;0.884
168.00	172.50	CHSP;0.800
187.50	192.00	CHSP;0.800
214.50	219.00	CHSP;0.800
238.50	243.00	CHSP;0.800
255.00	261.00	CHSP;0.870
264.00	267.00	CHSP;0.800
270.00	276.00	CHSP;0.864
279.00	283.50	CHSP;0.800
295.50	300.00	CHSP;0.885
111.00	115.50	DEJU;0.886
283.50	288.00	FOSP;0.942
72.00	75.00	GCSP;0.844
102.00	106.50	GCSP;0.915
234.00	237.00	GCSP;0.811
250.50	255.00	GCSP;0.913
180.00	184.50	HOLA;0.906
0.00	3.00	LISP;0.800
7.50	12.00	LISP;0.848
18.00	21.00	LISP;0.800
25.50	30.00	LISP;0.974
33.00	37.50	LISP;0.800
42.00	46.50	LISP;0.950
60.00	63.00	LISP;0.800
76.50	81.00	LISP;0.985
94.50	99.00	LISP;0.989
127.50	130.50	LISP;0.827
144.00	147.00	LISP;0.800
160.50	165.00	LISP;0.800
177.00	181.50	LISP;0.849
193.50	198.00	LISP;0.929
211.50	216.00	LISP;0.966
228.00	232.50	LISP;0.800
244.50	249.00	LISP;0.800
261.00	265.50	LISP;0.862
277.50	282.00	LISP;0.951
292.50	297.00	LISP;0.973
46.50	49.50	MOCH;0.907
130.50	145.50	PISI;0.990
151.50	156.00	PISI;0.800
157.50	162.00	PISI;0.800
165.00	168.00	PISI;0.800
169.50	180.00	PISI;0.990
216.00	235.50	PISI;0.994
238.50	246.00	PISI;0.866
247.50	252.00	PISI;0.800
255.00	262.50	PISI;0.983
264.00	268.50	PISI;0.967
61.50	66.00	SNBU;0.897
235.50	238.50	SNBU;0.856
10.50	13.50	WTSP;0.957
