57.00	60.00	AMRO;0.820
84.00	87.00	AMRO;0.966
115.50	118.50	AMRO;0.862
168.00	171.00	AMRO;0.813
174.00	177.00	AMRO;0.882
318.00	321.00	CHSP;0.800
340.50	345.00	CHSP;0.800
358.50	363.00	CHSP;0.952
367.50	372.00	CHSP;0.800
385.50	390.00	CHSP;0.800
423.00	426.00	CHSP;0.800
441.00	445.50	CHSP;0.879
478.50	483.00	CHSP;0.866
486.00	492.00	CHSP;0.944
504.00	507.00	CHSP;0.800
511.50	517.50	CHSP;0.920
520.50	526.50	CHSP;0.936
529.50	535.50	CHSP;0.961
559.50	564.00	CHSP;0.800
586.50	591.00	CHSP;0.909
595.50	600.00	CHSP;0.888
100.50	103.50	EATO;0.819
22.50	28.50	FOSP;0.805
37.50	42.00	FOSP;0.970
43.50	46.50	FOSP;0.800
49.50	54.00	FOSP;0.875
60.00	63.00	FOSP;0.800
66.00	70.50	FOSP;0.974
76.50	82.50	FOSP;0.800
90.00	97.50	FOSP;0.967
102.00	105.00	FOSP;0.915
106.50	111.00	FOSP;0.800
115.50	120.00	FOSP;0.929
133.50	138.00	FOSP;0.915
139.50	144.00	FOSP;0.979
148.50	156.00	FOSP;0.962
162.00	166.50	FOSP;0.952
175.50	180.00	FOSP;0.910
190.50	195.00	FOSP;0.919
202.50	207.00	FOSP;0.984
219.00	223.50	FOSP;0.852
231.00	238.50	FOSP;0.800
250.50	256.50	FOSP;0.987
265.50	274.50	FOSP;0.960
282.00	286.50	FOSP;0.957
291.00	295.50	FOSP;0.919
300.00	303.00	FOSP;0.800
304.50	307.50	FOSP;0.800
313.50	318.00	FOSP;0.953
331.50	336.00	FOSP;0.896
348.00	352.50	FOSP;0.969
366.00	370.50	FOSP;0.800
381.00	385.50	FOSP;0.864
397.50	402.00	FOSP;0.800
414.00	417.00	FOSP;0.800
448.50	453.00	FOSP;0.980
469.50	474.00	FOSP;0.910
498.00	501.00	FOSP;0.901
517.50	520.50	FOSP;0.800
532.50	535.50	FOSP;0.800
547.50	552.00	FOSP;0.800
576.00	580.50	FOSP;0.818
585.00	589.50	FOSP;0.913
10.50	15.00	GCSP;0.931
24.00	28.50	GCSP;0.864
46.50	49.50	GCSP;0.800
118.50	123.00	GCSP;0.800
126.00	130.50	GCSP;0.839
298.50	303.00	GCSP;0.906
355.50	360.00	GCSP;0.800
417.00	421.50	GCSP;0.947
444.00	447.00	GCSP;0.800
561.00	565.50	GCSP;0.800
544.50	547.50	HASP;0.802
130.50	133.50	MOCH;0.969
160.50	163.50	MOCH;0.824
181.50	186.00	OSFL;0.843
124.50	127.50	SNBU;0.912
4.50	9.00	WCSP;0.995
12.00	16.50	WCSP;0.985
18.00	24.00	WCSP;0.987
25.50	28.50	WCSP;0.800
31.50	36.00	WCSP;0.996
40.50	45.00	WCSP;0.993
46.50	52.50	WCSP;0.989
55.50	60.00	WCSP;0.963
61.50	66.00	WCSP;0.977
141.00	145.50	WCSP;0.905
157.50	162.00	WCSP;0.974
165.00	168.00	WCSP;0.800
171.00	175.50	WCSP;0.989
180.00	184.50	WCSP;0.983
186.00	190.50	WCSP;0.871
241.50	244.50	WCSP;0.853
274.50	277.50	WCSP;0.800
334.50	337.50	WCSP;0.800
391.50	394.50	WCSP;0.800
418.50	423.00	WCSP;0.992
424.50	430.50	WCSP;0.984
432.00	436.50	WCSP;0.991
438.00	442.50	WCSP;0.991
444.00	450.00	WCSP;0.993
453.00	459.00	WCSP;0.985
460.50	465.00	WCSP;0.995
468.00	474.00	WCSP;0.991
475.50	480.00	WCSP;0.988
483.00	487.50	WCSP;0.994
492.00	498.00	WCSP;0.992
501.00	505.50	WCSP;0.990
517.50	520.50	WCSP;0.800
549.00	552.00	WCSP;0.800
0.00	6.00	WTSP;0.988
52.50	57.00	WTSP;0.800
69.00	73.50	WTSP;0.916
79.50	91.50	WTSP;0.996
94.50	100.50	WTSP;0.990
103.50	109.50	WTSP;0.979
120.00	123.00	WTSP;0.800
126.00	132.00	WTSP;0.894
135.00	141.00	WTSP;0.993
144.00	151.50	WTSP;0.993
166.50	172.50	WTSP;0.984
178.50	181.50	WTSP;0.800
205.50	208.50	WTSP;0.800
214.50	220.50	WTSP;0.982
223.50	229.50	WTSP;0.996
235.50	241.50	WTSP;0.990
246.00	252.00	WTSP;0.996
253.50	261.00	WTSP;0.995
262.50	268.50	WTSP;0.992
271.50	283.50	WTSP;0.996
297.00	304.50	WTSP;0.876
373.50	376.50	WTSP;0.800
400.50	406.50	WTSP;0.993
408.00	415.50	WTSP;0.991
417.00	420.00	WTSP;0.800
436.50	441.00	WTSP;0.929
465.00	468.00	WTSP;0.848
477.00	481.50	WTSP;0.966
498.00	504.00	WTSP;0.992
507.00	514.50	WTSP;0.957
517.50	538.50	WTSP;0.983
540.00	547.50	WTSP;0.993
552.00	577.50	WTSP;0.993
579.00	585.00	WTSP;0.990
588.00	597.00	WTSP;0.993
0.00	6.00	WIWA;0.984
9.00	15.00	WIWA;0.985
18.00	22.50	WIWA;0.924
27.00	31.50	WIWA;0.986
36.00	40.50	WIWA;0.837
45.00	51.00	WIWA;0.987
54.00	58.50	WIWA;0.985
63.00	67.50	WIWA;0.974
70.50	76.50	WIWA;0.989
82.50	87.00	WIWA;0.989
93.00	97.50	WIWA;0.968
102.00	106.50	WIWA;0.906
109.50	115.50	WIWA;0.991
118.50	123.00	WIWA;0.890
208.50	213.00	WIWA;0.905
240.00	243.00	WIWA;0.800
249.00	253.50	WIWA;0.976
261.00	265.50	WIWA;0.975
274.50	280.50	WIWA;0.976
286.50	291.00	WIWA;0.989
295.50	300.00	WIWA;0.989
306.00	312.00	WIWA;0.977
319.50	324.00	WIWA;0.947
334.50	340.50	WIWA;0.984
351.00	355.50	WIWA;0.991
363.00	367.50	WIWA;0.989
394.50	399.00	WIWA;0.976
403.50	408.00	WIWA;0.991
412.50	418.50	WIWA;0.981
426.00	430.50	WIWA;0.976
435.00	439.50	WIWA;0.901
454.50	460.50	WIWA;0.867
466.50	469.50	WIWA;0.974
495.00	499.50	WIWA;0.800
502.50	510.00	WIWA;0.986
513.00	519.00	WIWA;0.988
525.00	529.50	WIWA;0.987
534.00	538.50	WIWA;0.909
544.50	549.00	WIWA;0.800
555.00	559.50	WIWA;0.990
568.50	573.00	WIWA;0.945
579.00	585.00	WIWA;0.983
589.50	594.00	WIWA;0.964
