196.50	202.50	CHSP;0.987
43.50	46.50	FISP;0.870
238.50	241.50	FISP;0.921
381.00	384.00	FISP;0.878
424.50	427.50	FISP;0.827
147.00	150.00	FOSP;0.819
283.50	286.50	FOSP;0.807
363.00	366.00	FOSP;0.918
432.00	435.00	FOSP;0.979
453.00	456.00	GCSP;0.985
220.50	223.50	HASP;0.865
520.50	523.50	HASP;0.916
297.00	300.00	LISP;0.884
364.50	367.50	LISP;0.813
514.50	517.50	LISP;0.816
534.00	537.00	LISP;0.850
544.50	547.50	LISP;0.944
0.00	3.00	MOCH;0.853
18.00	24.00	MOCH;0.800
40.50	43.50	MOCH;0.800
66.00	69.00	MOCH;0.944
85.50	91.50	MOCH;0.800
133.50	139.50	MOCH;0.800
160.50	163.50	MOCH;0.800
171.00	174.00	MOCH;0.853
181.50	184.50	MOCH;0.800
186.00	189.00	MOCH;0.849
192.00	195.00	MOCH;0.965
202.50	205.50	MOCH;0.894
219.00	222.00	MOCH;0.800
225.00	228.00	MOCH;0.800
235.50	238.50	MOCH;0.800
255.00	261.00	MOCH;0.800
274.50	279.00	MOCH;0.800
280.50	283.50	MOCH;0.800
289.50	292.50	MOCH;0.800
316.50	321.00	MOCH;0.800
358.50	361.50	MOCH;0.865
393.00	399.00	MOCH;0.800
418.50	424.50	MOCH;0.989
445.50	448.50	MOCH;0.800
466.50	469.50	MOCH;0.800
471.00	475.50	MOCH;0.810
481.50	484.50	MOCH;0.800
489.00	492.00	MOCH;0.800
499.50	505.50	MOCH;0.800
514.50	517.50	MOCH;0.800
532.50	535.50	MOCH;0.800
541.50	547.50	MOCH;0.800
558.00	561.00	MOCH;0.850
570.00	573.00	MOCH;0.800
583.50	586.50	MOCH;0.805
123.00	127.50	PUFI;0.836
546.00	549.00	PUFI;0.815
325.50	330.00	SNBU;0.871
414.00	418.50	SWSP;0.860
3.00	7.50	VATH;0.867
10.50	15.00	VATH;0.986
30.00	33.00	VATH;0.800
37.50	42.00	VATH;0.876
54.00	57.00	VATH;0.800
79.50	82.50	VATH;0.800
94.50	99.00	VATH;0.982
112.50	115.50	VATH;0.940
126.00	130.50	VATH;0.800
141.00	145.50	VATH;0.800
159.00	162.00	VATH;0.800
172.50	175.50	VATH;0.800
312.00	315.00	VATH;0.831
330.00	333.00	VATH;0.800
340.50	345.00	VATH;0.800
366.00	370.50	VATH;0.920
375.00	379.50	VATH;0.988
387.00	391.50	VATH;0.988
435.00	439.50	VATH;0.972
441.00	447.00	VATH;0.974
457.50	462.00	VATH;0.985
468.00	472.50	VATH;0.881
486.00	489.00	VATH;0.800
492.00	496.50	VATH;0.911
502.50	508.50	VATH;0.951
511.50	516.00	VATH;0.936
525.00	534.00	VATH;0.800
538.50	543.00	VATH;0.875
559.50	564.00	VATH;0.843
570.00	573.00	VATH;0.800
574.50	577.50	VATH;0.813
588.00	592.50	VATH;0.982
565.50	568.50	WCSP;0.819
18.00	22.50	WTSP;0.925
39.00	45.00	WTSP;0.957
61.50	72.00	WTSP;0.993
85.50	91.50	WTSP;0.994
103.50	108.00	WTSP;0.942
109.50	114.00	WTSP;0.923
133.50	138.00	WTSP;0.863
142.50	148.50	WTSP;0.992
156.00	160.50	WTSP;0.945
162.00	166.50	WTSP;0.962
178.50	187.50	WTSP;0.992
189.00	193.50	WTSP;0.990
199.50	204.00	WTSP;0.933
210.00	226.50	WTSP;0.988
231.00	240.00	WTSP;0.996
244.50	250.50	WTSP;0.986
255.00	265.50	WTSP;0.995
273.00	282.00	WTSP;0.986
286.50	292.50	WTSP;0.991
294.00	304.50	WTSP;0.996
313.50	324.00	WTSP;0.989
336.00	340.50	WTSP;0.979
354.00	360.00	WTSP;0.990
379.50	384.00	WTSP;0.928
391.50	396.00	WTSP;0.800
403.50	412.50	WTSP;0.992
417.00	432.00	WTSP;0.995
442.50	447.00	WTSP;0.894
454.50	459.00	WTSP;0.987
463.50	468.00	WTSP;0.995
472.50	480.00	WTSP;0.800
481.50	492.00	WTSP;0.978
499.50	505.50	WTSP;0.992
511.50	517.50	WTSP;0.980
528.00	534.00	WTSP;0.988
541.50	547.50	WTSP;0.983
555.00	559.50	WTSP;0.996
565.50	571.50	WTSP;0.975
579.00	586.50	WTSP;0.993
592.50	600.00	WTSP;0.996
4.50	9.00	WIWA;0.961
93.00	97.50	WIWA;0.993
235.50	238.50	WIWA;0.800
247.50	252.00	WIWA;0.836
339.00	342.00	WIWA;0.800
388.50	391.50	WIWA;0.800
400.50	405.00	WIWA;0.800
540.00	544.50	WIWA;0.863
576.00	580.50	WIWA;0.885
306.00	309.00	YRWA;0.802
