21.00	24.00	AMRO;0.854
84.00	87.00	AMRO;0.854
126.00	130.50	AMRO;0.979
136.50	142.50	AMRO;0.913
156.00	159.00	BRSP;0.809
112.50	115.50	EATO;0.913
0.00	3.00	FOSP;0.983
10.50	15.00	FOSP;0.900
18.00	21.00	FOSP;0.800
48.00	54.00	FOSP;0.938
58.50	63.00	FOSP;0.939
72.00	79.50	FOSP;0.865
97.50	103.50	FOSP;0.910
115.50	123.00	FOSP;0.824
129.00	136.50	FOSP;0.971
142.50	147.00	FOSP;0.862
148.50	153.00	FOSP;0.987
163.50	168.00	FOSP;0.951
172.50	175.50	FOSP;0.800
178.50	183.00	FOSP;0.800
184.50	189.00	FOSP;0.883
190.50	195.00	FOSP;0.889
196.50	201.00	FOSP;0.800
202.50	207.00	FOSP;0.881
210.00	217.50	FOSP;0.903
226.50	231.00	FOSP;0.919
237.00	243.00	FOSP;0.838
246.00	250.50	FOSP;0.800
252.00	256.50	FOSP;0.805
264.00	268.50	FOSP;0.800
286.50	289.50	FOSP;0.800
222.00	225.00	GCSP;0.901
265.50	268.50	GCSP;0.870
292.50	297.00	GCSP;0.886
109.50	112.50	LISP;0.993
117.00	120.00	LISP;0.941
9.00	12.00	MOCH;0.959
57.00	60.00	MOCH;0.830
85.50	88.50	PUFI;0.810
18.00	22.50	RBGR;0.837
127.50	130.50	RUBL;0.846
132.00	136.50	TOSO;0.900
147.00	150.00	VATH;0.932
15.00	19.50	WCSP;0.897
24.00	28.50	WCSP;0.995
33.00	40.50	WCSP;0.969
42.00	46.50	WCSP;0.972
75.00	78.00	WCSP;0.800
90.00	99.00	WCSP;0.983
102.00	109.50	WCSP;0.982
114.00	117.00	WCSP;0.988
118.50	127.50	WCSP;0.971
129.00	141.00	WCSP;0.978
144.00	148.50	WCSP;0.986
153.00	157.50	WCSP;0.956
159.00	166.50	WCSP;0.990
171.00	175.50	WCSP;0.981
178.50	184.50	WCSP;0.995
189.00	205.50	WCSP;1.000
207.00	213.00	WCSP;0.997
216.00	228.00	WCSP;0.996
229.50	255.00	WCSP;1.000
256.50	264.00	WCSP;0.999
265.50	271.50	WCSP;0.994
276.00	280.50	WCSP;0.995
282.00	288.00	WCSP;0.999
291.00	295.50	WCSP;0.993
3.00	10.50	WTSP;0.998
12.00	36.00	WTSP;0.999
37.50	43.50	WTSP;0.998
45.00	51.00	WTSP;0.995
52.50	58.50	WTSP;0.994
61.50	67.50	WTSP;0.999
69.00	75.00	WTSP;0.994
78.00	84.00	WTSP;0.999
85.50	96.00	WTSP;0.994
154.50	159.00	WTSP;0.800
169.50	174.00	WTSP;0.984
175.50	192.00	WTSP;0.998
195.00	199.50	WTSP;0.977
204.00	208.50	WTSP;0.981
220.50	225.00	WTSP;0.800
234.00	238.50	WTSP;0.956
255.00	258.00	WTSP;0.800
264.00	277.50	WTSP;0.904
282.00	285.00	WTSP;0.800
289.50	298.50	WTSP;0.951
