9.00	12.00	AMRO;0.800
36.00	39.00	AMRO;0.800
75.00	78.00	AMRO;0.800
85.50	90.00	AMRO;0.872
99.00	102.00	AMRO;0.800
117.00	121.50	AMRO;0.932
123.00	129.00	AMRO;0.830
238.50	243.00	AMRO;0.994
250.50	253.50	AMRO;0.800
255.00	258.00	AMRO;0.800
265.50	271.50	AMRO;0.962
273.00	276.00	AMRO;0.800
277.50	283.50	AMRO;0.970
289.50	298.50	AMRO;0.881
57.00	63.00	ATSP;0.890
219.00	222.00	CAFI;0.923
297.00	300.00	CAFI;0.844
189.00	192.00	CHSW;0.800
12.00	15.00	FISP;0.830
112.50	117.00	FOSP;0.828
154.50	159.00	FOSP;0.853
168.00	172.50	FOSP;0.972
184.50	189.00	FOSP;0.878
202.50	208.50	FOSP;0.983
223.50	228.00	FOSP;0.850
240.00	244.50	FOSP;0.982
261.00	265.50	FOSP;0.965
282.00	286.50	FOSP;0.964
252.00	255.00	GWTE;0.846
174.00	177.00	HETH;0.883
235.50	238.50	HETH;0.938
6.00	10.50	LISP;0.995
16.50	22.50	LISP;0.996
27.00	31.50	LISP;0.995
39.00	43.50	LISP;0.994
49.50	55.50	LISP;0.996
61.50	66.00	LISP;0.989
72.00	78.00	LISP;0.967
84.00	90.00	LISP;0.994
96.00	102.00	LISP;0.993
108.00	112.50	LISP;0.991
121.50	127.50	LISP;0.992
133.50	144.00	LISP;0.990
150.00	156.00	LISP;0.990
166.50	171.00	LISP;0.937
181.50	186.00	LISP;0.965
195.00	199.50	LISP;0.981
207.00	213.00	LISP;0.974
220.50	225.00	LISP;0.959
232.50	237.00	LISP;0.974
244.50	249.00	LISP;0.948
258.00	262.50	LISP;0.930
270.00	276.00	LISP;0.977
285.00	289.50	LISP;0.927
172.50	175.50	MOCH;0.952
100.50	105.00	RCKI;0.983
118.50	123.00	RCKI;0.877
130.50	135.00	RCKI;0.990
21.00	24.00	SBDO;0.815
13.50	16.50	SWSP;0.855
25.50	28.50	SWSP;0.820
36.00	39.00	SWSP;0.814
190.50	195.00	SWSP;0.963
31.50	36.00	WCSP;0.989
37.50	40.50	WCSP;0.815
69.00	72.00	WCSP;0.962
10.50	13.50	WTSP;0.907
3.00	7.50	WIWA;0.989
15.00	18.00	WIWA;0.800
22.50	27.00	WIWA;0.931
34.50	37.50	WIWA;0.837
43.50	48.00	WIWA;0.979
55.50	58.50	WIWA;0.800
64.50	69.00	WIWA;0.800
75.00	79.50	WIWA;0.970
94.50	99.00	WIWA;0.800
106.50	111.00	WIWA;0.948
117.00	121.50	WIWA;0.800
126.00	130.50	WIWA;0.929
136.50	141.00	WIWA;0.846
148.50	153.00	WIWA;0.898
159.00	163.50	WIWA;0.824
169.50	174.00	WIWA;0.879
180.00	183.00	WIWA;0.800
199.50	204.00	WIWA;0.952
211.50	216.00	WIWA;0.917
