597.00	600.00	AMRO;0.820
25.50	28.50	CHSP;0.800
43.50	48.00	CHSP;0.800
51.00	55.50	CHSP;0.931
57.00	60.00	CHSP;0.800
61.50	67.50	CHSP;0.859
69.00	78.00	CHSP;0.844
79.50	84.00	CHSP;0.800
85.50	88.50	CHSP;0.800
90.00	94.50	CHSP;0.984
96.00	105.00	CHSP;0.800
106.50	115.50	CHSP;0.929
118.50	121.50	CHSP;0.800
129.00	133.50	CHSP;0.800
135.00	139.50	CHSP;0.880
231.00	235.50	CHSP;0.800
243.00	247.50	CHSP;0.800
261.00	264.00	CHSP;0.800
268.50	273.00	CHSP;0.814
285.00	289.50	CHSP;0.800
292.50	297.00	CHSP;0.800
300.00	304.50	CHSP;0.855
315.00	321.00	CHSP;0.964
322.50	327.00	CHSP;0.800
328.50	333.00	CHSP;0.943
486.00	489.00	CHSP;0.800
148.50	151.50	MOCH;0.832
474.00	477.00	MOCH;0.923
133.50	136.50	PISI;0.839
109.50	112.50	RUBL;0.806
502.50	505.50	RUBL;0.859
30.00	34.50	SNBU;0.946
292.50	297.00	TUTI;0.852
76.50	79.50	WEFL;0.873
483.00	487.50	WCSP;0.924
570.00	574.50	WCSP;0.951
