291.00	294.00	AMRO;0.863
295.50	300.00	AMRO;0.960
49.50	52.50	BRSP;0.952
0.00	4.50	FOSP;0.966
19.50	24.00	FOSP;0.900
34.50	39.00	FOSP;0.800
43.50	48.00	FOSP;0.856
49.50	54.00	FOSP;0.904
64.50	69.00	FOSP;0.939
81.00	85.50	FOSP;0.969
88.50	93.00	FOSP;0.800
99.00	103.50	FOSP;0.989
111.00	118.50	FOSP;0.876
139.50	142.50	FOSP;0.800
151.50	156.00	FOSP;0.945
165.00	169.50	FOSP;0.937
186.00	190.50	FOSP;0.800
201.00	205.50	FOSP;0.820
216.00	220.50	FOSP;0.950
229.50	235.50	FOSP;0.855
247.50	252.00	FOSP;0.941
261.00	265.50	FOSP;0.837
10.50	15.00	LISP;0.928
25.50	28.50	LISP;0.800
37.50	40.50	LISP;0.853
52.50	55.50	LISP;0.800
79.50	82.50	LISP;0.800
109.50	112.50	LISP;0.800
126.00	129.00	LISP;0.800
154.50	159.00	LISP;0.818
168.00	174.00	LISP;0.800
184.50	187.50	LISP;0.837
198.00	202.50	LISP;0.800
211.50	216.00	LISP;0.931
226.50	231.00	LISP;0.800
240.00	244.50	LISP;0.928
265.50	271.50	LISP;0.980
282.00	285.00	LISP;0.800
295.50	300.00	LISP;0.800
145.50	148.50	MOCH;0.860
180.00	184.50	MOCH;0.876
204.00	207.00	MOCH;0.981
9.00	13.50	WCSP;0.986
15.00	19.50	WCSP;0.984
24.00	33.00	WCSP;0.989
34.50	51.00	WCSP;0.987
52.50	58.50	WCSP;0.991
60.00	64.50	WCSP;0.986
70.50	76.50	WCSP;0.995
79.50	84.00	WCSP;0.948
94.50	99.00	WCSP;0.986
115.50	132.00	WCSP;0.964
142.50	145.50	WCSP;0.800
148.50	153.00	WCSP;0.800
157.50	165.00	WCSP;0.988
210.00	214.50	WCSP;0.988
217.50	222.00	WCSP;0.954
231.00	243.00	WCSP;0.985
0.00	3.00	WTSP;0.800
6.00	12.00	WTSP;0.997
13.50	21.00	WTSP;0.985
22.50	31.50	WTSP;0.994
36.00	43.50	WTSP;0.837
46.50	49.50	WTSP;0.800
54.00	60.00	WTSP;0.986
61.50	66.00	WTSP;0.800
73.50	78.00	WTSP;0.800
84.00	90.00	WTSP;0.996
91.50	96.00	WTSP;0.972
102.00	111.00	WTSP;0.996
112.50	117.00	WTSP;0.965
118.50	126.00	WTSP;0.970
132.00	139.50	WTSP;0.992
141.00	151.50	WTSP;0.987
154.50	165.00	WTSP;0.996
171.00	178.50	WTSP;0.932
181.50	187.50	WTSP;0.935
189.00	196.50	WTSP;0.991
199.50	204.00	WTSP;0.825
205.50	219.00	WTSP;0.953
220.50	229.50	WTSP;0.988
235.50	240.00	WTSP;0.831
244.50	249.00	WTSP;0.865
255.00	264.00	WTSP;0.994
279.00	283.50	WTSP;0.903
288.00	292.50	WTSP;0.800
