3.00	6.00	FOSP;0.901
72.00	75.00	FOSP;0.914
37.50	42.00	GCSP;0.958
39.00	42.00	LISP;0.813
52.50	55.50	LISP;0.868
178.50	183.00	LISP;0.875
291.00	295.50	MAMU;0.843
258.00	261.00	MOCH;0.825
288.00	291.00	MOCH;0.846
12.00	19.50	VATH;0.800
25.50	28.50	VATH;0.800
33.00	39.00	VATH;0.867
105.00	108.00	VATH;0.800
109.50	112.50	VATH;0.800
120.00	124.50	VATH;0.800
130.50	135.00	VATH;0.921
160.50	165.00	VATH;0.800
177.00	181.50	VATH;0.800
195.00	199.50	VATH;0.800
201.00	205.50	VATH;0.800
258.00	262.50	VATH;0.972
285.00	289.50	VATH;0.909
295.50	300.00	VATH;0.987
6.00	10.50	WCSP;0.979
19.50	24.00	WCSP;0.973
31.50	39.00	WCSP;0.963
45.00	49.50	WCSP;0.966
64.50	67.50	WCSP;0.800
69.00	73.50	WCSP;0.800
79.50	85.50	WCSP;0.800
99.00	103.50	WCSP;0.964
111.00	114.00	WCSP;0.800
121.50	126.00	WCSP;0.938
135.00	138.00	WCSP;0.800
168.00	172.50	WCSP;0.931
180.00	184.50	WCSP;0.929
190.50	196.50	WCSP;0.994
205.50	210.00	WCSP;0.979
217.50	222.00	WCSP;0.894
229.50	234.00	WCSP;0.982
241.50	246.00	WCSP;0.965
253.50	258.00	WCSP;0.980
277.50	282.00	WCSP;0.973
289.50	294.00	WCSP;0.964
0.00	3.00	WTSP;0.970
4.50	13.50	WTSP;0.983
16.50	21.00	WTSP;0.993
22.50	34.50	WTSP;0.996
40.50	57.00	WTSP;0.990
58.50	72.00	WTSP;0.944
79.50	84.00	WTSP;0.880
87.00	91.50	WTSP;0.934
97.50	133.50	WTSP;0.996
136.50	172.50	WTSP;0.997
177.00	180.00	WTSP;0.800
181.50	192.00	WTSP;0.993
196.50	228.00	WTSP;0.998
231.00	237.00	WTSP;0.997
243.00	253.50	WTSP;0.985
255.00	261.00	WTSP;0.999
262.50	292.50	WTSP;0.998
295.50	300.00	WTSP;0.800
1.50	6.00	WIWA;0.872
12.00	16.50	WIWA;0.908
22.50	27.00	WIWA;0.971
43.50	48.00	WIWA;0.810
54.00	58.50	WIWA;0.805
66.00	70.50	WIWA;0.926
75.00	79.50	WIWA;0.979
85.50	90.00	WIWA;0.986
94.50	99.00	WIWA;0.983
115.50	120.00	WIWA;0.815
135.00	139.50	WIWA;0.984
145.50	148.50	WIWA;0.834
154.50	159.00	WIWA;0.800
166.50	171.00	WIWA;0.952
175.50	180.00	WIWA;0.800
186.00	190.50	WIWA;0.973
195.00	199.50	WIWA;0.947
225.00	229.50	WIWA;0.930
235.50	240.00	WIWA;0.800
246.00	249.00	WIWA;0.800
276.00	279.00	WIWA;0.932
