10.50	15.00	MOCH;0.985
22.50	27.00	MOCH;0.850
49.50	54.00	MOCH;0.800
64.50	69.00	MOCH;0.838
91.50	94.50	MOCH;0.800
114.00	117.00	MOCH;0.800
159.00	163.50	MOCH;0.927
169.50	172.50	MOCH;0.968
192.00	196.50	MOCH;0.861
217.50	220.50	MOCH;0.875
240.00	243.00	MOCH;0.800
277.50	280.50	MOCH;0.800
180.00	192.00	PISI;0.990
24.00	28.50	WCSP;0.800
37.50	40.50	WCSP;0.944
51.00	54.00	WCSP;0.800
91.50	96.00	WCSP;0.823
114.00	118.50	WCSP;0.972
136.50	139.50	WCSP;0.967
148.50	153.00	WCSP;0.856
171.00	175.50	WCSP;0.976
181.50	186.00	WCSP;0.961
193.50	198.00	WCSP;0.944
207.00	211.50	WCSP;0.986
219.00	223.50	WCSP;0.858
229.50	234.00	WCSP;0.982
241.50	246.00	WCSP;0.916
279.00	282.00	WCSP;0.958
283.50	289.50	WCSP;0.944
291.00	295.50	WCSP;0.876
