36.00	42.00	AMRO;0.916
49.50	67.50	AMRO;0.997
73.50	112.50	AMRO;0.995
114.00	118.50	AMRO;0.986
120.00	124.50	AMRO;0.975
126.00	129.00	AMRO;0.800
132.00	141.00	AMRO;0.980
142.50	147.00	AMRO;0.962
153.00	157.50	AMRO;0.800
160.50	165.00	AMRO;0.920
169.50	174.00	AMRO;0.994
180.00	186.00	AMRO;0.972
190.50	202.50	AMRO;0.989
210.00	220.50	AMRO;0.997
229.50	234.00	AMRO;0.825
240.00	246.00	AMRO;0.837
252.00	259.50	AMRO;0.955
265.50	271.50	AMRO;0.999
276.00	282.00	AMRO;0.926
288.00	292.50	AMRO;0.936
294.00	300.00	AMRO;0.978
69.00	72.00	BAOR;0.843
43.50	46.50	BANS;0.887
204.00	207.00	BTNW;0.876
18.00	22.50	FOSP;0.864
48.00	52.50	FOSP;0.827
69.00	72.00	FOSP;0.800
78.00	81.00	FOSP;0.921
96.00	105.00	FOSP;0.953
111.00	117.00	FOSP;0.810
121.50	127.50	FOSP;0.907
129.00	135.00	FOSP;0.847
138.00	142.50	FOSP;0.898
144.00	148.50	FOSP;0.827
150.00	162.00	FOSP;0.906
171.00	181.50	FOSP;0.968
184.50	190.50	FOSP;0.915
193.50	198.00	FOSP;0.818
199.50	204.00	FOSP;0.800
207.00	211.50	FOSP;0.800
220.50	225.00	FOSP;0.818
246.00	255.00	FOSP;0.800
259.50	264.00	FOSP;0.982
270.00	276.00	FOSP;1.000
280.50	285.00	FOSP;0.800
72.00	75.00	GCKI;0.848
9.00	13.50	LISP;0.818
27.00	31.50	LISP;0.813
39.00	45.00	LISP;0.950
52.50	57.00	LISP;0.800
64.50	69.00	LISP;0.802
127.50	132.00	LISP;0.842
135.00	139.50	LISP;0.945
142.50	147.00	LISP;0.969
148.50	153.00	LISP;0.974
175.50	178.50	LISP;0.961
207.00	211.50	LISP;0.800
247.50	252.00	LISP;0.828
117.00	120.00	NSHR;0.891
45.00	49.50	PISI;0.994
51.00	57.00	PISI;0.854
58.50	63.00	PISI;0.902
129.00	133.50	PISI;0.800
159.00	171.00	PISI;0.936
190.50	195.00	PISI;0.981
205.50	210.00	PISI;0.800
214.50	241.50	PISI;0.996
250.50	255.00	PISI;0.800
256.50	261.00	PISI;0.904
271.50	300.00	PISI;0.991
238.50	241.50	RBGR;0.820
58.50	61.50	SBDO;0.939
55.50	58.50	TEWA;0.803
118.50	121.50	TEWA;0.816
289.50	294.00	TOSO;0.931
18.00	21.00	WCSP;0.800
34.50	39.00	WCSP;0.882
61.50	66.00	WCSP;0.829
81.00	84.00	WCSP;0.908
88.50	91.50	WCSP;0.800
144.00	147.00	WCSP;0.800
157.50	162.00	WCSP;0.800
163.50	168.00	WCSP;0.958
195.00	199.50	WCSP;0.946
201.00	210.00	WCSP;0.986
214.50	219.00	WCSP;0.800
222.00	225.00	WCSP;0.800
235.50	238.50	WCSP;0.800
253.50	258.00	WCSP;0.889
262.50	267.00	WCSP;0.929
274.50	277.50	WCSP;0.800
280.50	286.50	WCSP;0.991
291.00	295.50	WCSP;0.988
268.50	271.50	WTSP;0.870
