18.00	22.50	AMRO;0.800
30.00	37.50	AMRO;0.800
39.00	45.00	AMRO;0.936
46.50	49.50	AMRO;0.800
55.50	60.00	AMRO;0.800
61.50	66.00	AMRO;0.800
79.50	84.00	AMRO;0.960
88.50	100.50	AMRO;0.973
111.00	115.50	AMRO;0.800
124.50	130.50	AMRO;0.800
132.00	135.00	AMRO;0.800
163.50	166.50	AMRO;0.800
184.50	193.50	AMRO;0.927
198.00	201.00	AMRO;0.800
204.00	208.50	AMRO;0.819
219.00	222.00	AMRO;0.800
225.00	231.00	AMRO;0.800
267.00	270.00	AMRO;0.800
310.50	313.50	ATSP;0.812
129.00	132.00	BAOR;0.839
277.50	282.00	BLOY;0.826
132.00	135.00	CHSP;0.800
246.00	250.50	CHSP;0.800
259.50	265.50	CHSP;0.965
268.50	274.50	CHSP;0.988
277.50	283.50	CHSP;0.986
288.00	294.00	CHSP;0.986
297.00	303.00	CHSP;0.979
306.00	312.00	CHSP;0.981
313.50	319.50	CHSP;0.981
322.50	327.00	CHSP;0.800
328.50	334.50	CHSP;0.988
336.00	342.00	CHSP;0.983
346.50	352.50	CHSP;0.990
354.00	360.00	CHSP;0.989
363.00	369.00	CHSP;0.988
370.50	376.50	CHSP;0.986
379.50	385.50	CHSP;0.988
387.00	393.00	CHSP;0.989
394.50	400.50	CHSP;0.989
403.50	409.50	CHSP;0.986
411.00	417.00	CHSP;0.991
421.50	427.50	CHSP;0.988
430.50	435.00	CHSP;0.925
438.00	450.00	CHSP;0.990
451.50	457.50	CHSP;0.985
501.00	505.50	MOCH;0.902
553.50	558.00	MOCH;0.952
109.50	112.50	OSFL;0.813
198.00	202.50	OSFL;0.811
363.00	366.00	SNBU;0.840
99.00	102.00	SWSP;0.801
106.50	109.50	SWSP;0.801
130.50	133.50	SWSP;0.863
159.00	162.00	SWSP;0.871
223.50	226.50	SWSP;0.884
483.00	486.00	SWSP;0.898
42.00	46.50	TOSO;0.862
3.00	12.00	WCSP;0.966
309.00	312.00	WCSP;0.800
313.50	318.00	WCSP;0.830
430.50	436.50	WCSP;0.962
441.00	448.50	WCSP;0.915
486.00	490.50	WCSP;0.800
520.50	523.50	WCSP;0.800
526.50	531.00	WCSP;0.800
82.50	88.50	WTSP;0.995
1.50	4.50	WIWA;0.800
16.50	21.00	WIWA;0.800
40.50	43.50	WIWA;0.800
49.50	54.00	WIWA;0.828
69.00	72.00	WIWA;0.800
127.50	133.50	WIWA;0.965
144.00	148.50	WIWA;0.800
157.50	160.50	WIWA;0.844
168.00	172.50	WIWA;0.949
181.50	186.00	WIWA;0.854
192.00	195.00	WIWA;0.800
202.50	207.00	WIWA;0.867
211.50	216.00	WIWA;0.975
222.00	226.50	WIWA;0.800
231.00	235.50	WIWA;0.800
241.50	247.50	WIWA;0.962
252.00	256.50	WIWA;0.851
262.50	265.50	WIWA;0.800
282.00	288.00	WIWA;0.965
292.50	297.00	WIWA;0.966
301.50	306.00	WIWA;0.969
310.50	315.00	WIWA;0.985
321.00	327.00	WIWA;0.831
331.50	337.50	WIWA;0.884
342.00	346.50	WIWA;0.953
468.00	472.50	WIWA;0.800
481.50	484.50	WIWA;0.800
513.00	517.50	WIWA;0.814
