0.00	10.50	AMRO;0.992
12.00	42.00	AMRO;0.998
43.50	64.50	AMRO;0.997
66.00	75.00	AMRO;0.981
76.50	81.00	AMRO;0.914
82.50	91.50	AMRO;0.982
93.00	106.50	AMRO;0.994
108.00	117.00	AMRO;0.883
118.50	127.50	AMRO;0.995
129.00	157.50	AMRO;0.992
159.00	165.00	AMRO;0.971
168.00	172.50	AMRO;0.986
175.50	189.00	AMRO;0.982
199.50	214.50	AMRO;0.981
216.00	220.50	AMRO;0.924
222.00	226.50	AMRO;0.982
232.50	264.00	AMRO;0.996
265.50	277.50	AMRO;0.987
279.00	283.50	AMRO;0.986
285.00	289.50	AMRO;0.933
294.00	298.50	AMRO;0.928
54.00	57.00	BRSP;0.924
45.00	48.00	CHSP;0.804
10.50	18.00	FOSP;0.863
25.50	30.00	FOSP;0.849
51.00	55.50	FOSP;0.960
63.00	67.50	FOSP;0.876
78.00	81.00	FOSP;0.800
94.50	99.00	FOSP;0.834
108.00	112.50	FOSP;0.896
126.00	129.00	FOSP;0.816
139.50	144.00	FOSP;0.888
156.00	159.00	FOSP;0.800
171.00	175.50	FOSP;0.800
202.50	205.50	FOSP;0.800
214.50	219.00	FOSP;0.984
228.00	232.50	FOSP;0.947
241.50	246.00	FOSP;0.972
261.00	265.50	FOSP;0.943
268.50	273.00	FOSP;0.971
274.50	279.00	FOSP;0.965
282.00	286.50	FOSP;0.800
288.00	297.00	FOSP;0.945
9.00	12.00	GCSP;0.800
48.00	52.50	GCSP;0.970
87.00	94.50	GCSP;0.936
100.50	105.00	GCSP;0.984
117.00	120.00	GCSP;0.800
129.00	132.00	GCSP;0.800
174.00	178.50	GCSP;0.800
207.00	211.50	GCSP;0.923
229.50	234.00	GCSP;0.800
258.00	262.50	GCSP;0.984
273.00	277.50	GCSP;0.925
286.50	291.00	GCSP;0.882
30.00	34.50	HETH;0.937
73.50	76.50	HETH;0.800
135.00	139.50	HETH;0.800
142.50	171.00	HETH;0.998
172.50	198.00	HETH;0.999
253.50	256.50	MOCH;0.894
0.00	3.00	WCSP;0.800
19.50	24.00	WCSP;0.983
28.50	31.50	WCSP;0.800
34.50	39.00	WCSP;0.800
69.00	72.00	WCSP;0.800
81.00	84.00	WCSP;0.866
106.50	111.00	WCSP;0.962
112.50	117.00	WCSP;0.963
118.50	123.00	WCSP;0.983
132.00	135.00	WCSP;0.984
139.50	142.50	WCSP;0.800
199.50	208.50	WCSP;0.987
220.50	225.00	WCSP;0.988
231.00	240.00	WCSP;0.980
250.50	253.50	WCSP;0.898
255.00	259.50	WCSP;0.800
267.00	270.00	WCSP;0.881
271.50	274.50	WCSP;0.800
279.00	282.00	WCSP;0.959
283.50	288.00	WCSP;0.943
295.50	300.00	WCSP;0.999
1.50	4.50	WTSP;0.918
252.00	255.00	WTSP;0.908
