58.50	63.00	AMRO;0.800
75.00	81.00	AMRO;0.897
115.50	118.50	AMRO;0.800
124.50	129.00	AMRO;0.930
132.00	136.50	AMRO;0.930
162.00	169.50	AMRO;0.826
171.00	174.00	AMRO;0.800
189.00	195.00	AMRO;0.926
207.00	210.00	AMRO;0.800
240.00	243.00	AMRO;0.800
253.50	258.00	AMRO;0.800
259.50	264.00	AMRO;0.800
334.50	337.50	AMRO;0.800
384.00	388.50	AMRO;0.874
397.50	405.00	AMRO;0.892
408.00	414.00	AMRO;0.842
430.50	435.00	AMRO;0.832
436.50	441.00	AMRO;0.905
444.00	447.00	AMRO;0.800
450.00	453.00	AMRO;0.800
457.50	460.50	AMRO;0.800
471.00	475.50	AMRO;0.800
478.50	483.00	AMRO;0.844
490.50	493.50	AMRO;0.800
498.00	502.50	AMRO;0.970
519.00	525.00	AMRO;0.878
528.00	534.00	AMRO;0.975
537.00	541.50	AMRO;0.884
549.00	552.00	AMRO;0.800
579.00	586.50	AMRO;0.800
505.50	508.50	ATSP;0.802
0.00	3.00	BRSP;0.990
10.50	19.50	BRSP;0.960
39.00	42.00	BRSP;0.800
43.50	46.50	BRSP;0.800
351.00	354.00	BRSP;0.800
378.00	382.50	BRSP;0.800
562.50	567.00	BRSP;0.800
13.50	16.50	CAFI;0.835
1.50	7.50	FOSP;0.957
21.00	25.50	FOSP;0.975
43.50	49.50	FOSP;0.975
64.50	69.00	FOSP;0.962
94.50	99.00	FOSP;0.977
118.50	123.00	FOSP;0.819
144.00	150.00	FOSP;0.939
174.00	178.50	FOSP;0.937
195.00	199.50	FOSP;0.933
220.50	225.00	FOSP;0.981
246.00	250.50	FOSP;0.938
274.50	280.50	FOSP;0.978
298.50	303.00	FOSP;0.887
328.50	331.50	FOSP;0.913
340.50	345.00	FOSP;0.949
366.00	370.50	FOSP;0.950
388.50	393.00	FOSP;0.982
414.00	418.50	FOSP;0.885
439.50	444.00	FOSP;0.800
466.50	471.00	FOSP;0.969
492.00	496.50	FOSP;0.981
508.50	517.50	FOSP;0.982
532.50	538.50	FOSP;0.860
552.00	556.50	FOSP;0.956
576.00	582.00	FOSP;0.920
592.50	595.50	FOSP;0.800
444.00	447.00	GWTE;0.825
216.00	219.00	HETH;0.800
474.00	478.50	HETH;0.979
487.50	492.00	HETH;0.923
531.00	535.50	HETH;0.800
540.00	544.50	HETH;0.981
558.00	562.50	HETH;0.935
571.50	577.50	HETH;0.800
589.50	594.00	HETH;0.800
4.50	7.50	LISP;0.800
15.00	19.50	LISP;0.895
27.00	30.00	LISP;0.800
36.00	45.00	LISP;0.977
78.00	82.50	LISP;0.800
84.00	88.50	LISP;0.880
91.50	96.00	LISP;0.932
105.00	109.50	LISP;0.991
130.50	135.00	LISP;0.849
141.00	145.50	LISP;0.918
151.50	156.00	LISP;0.888
162.00	168.00	LISP;0.800
186.00	190.50	LISP;0.922
198.00	202.50	LISP;0.944
211.50	216.00	LISP;0.967
223.50	226.50	LISP;0.800
237.00	241.50	LISP;0.800
249.00	253.50	LISP;0.987
256.50	262.50	LISP;0.800
268.50	273.00	LISP;0.800
279.00	282.00	LISP;0.969
289.50	292.50	LISP;0.893
294.00	297.00	LISP;0.800
301.50	309.00	LISP;0.800
310.50	315.00	LISP;0.855
321.00	325.50	LISP;0.800
336.00	339.00	LISP;0.822
348.00	352.50	LISP;0.940
357.00	361.50	LISP;0.914
381.00	385.50	LISP;0.931
391.50	396.00	LISP;0.813
402.00	406.50	LISP;0.800
412.50	417.00	LISP;0.808
423.00	427.50	LISP;0.929
433.50	438.00	LISP;0.974
447.00	450.00	LISP;0.800
472.50	477.00	LISP;0.800
484.50	489.00	LISP;0.887
495.00	499.50	LISP;0.865
505.50	510.00	LISP;0.983
529.50	534.00	LISP;0.827
537.00	541.50	LISP;0.800
561.00	564.00	LISP;0.801
571.50	576.00	LISP;0.800
583.50	588.00	LISP;0.981
597.00	600.00	LISP;0.800
265.50	268.50	MOCH;0.920
297.00	300.00	MOCH;0.908
462.00	465.00	MOCH;0.891
453.00	456.00	OSFL;0.823
252.00	255.00	RCKI;0.828
289.50	294.00	RCKI;0.898
415.50	418.50	SNBU;0.849
514.50	517.50	SNBU;0.845
208.50	213.00	SWSP;0.969
229.50	232.50	SWSP;0.817
307.50	310.50	SWSP;0.837
394.50	397.50	SWSP;0.881
489.00	493.50	SWSP;0.912
373.50	376.50	TOSO;0.816
580.50	585.00	TOSO;0.888
523.50	528.00	VESP;0.842
4.50	7.50	WCSP;0.800
10.50	15.00	WCSP;0.800
27.00	31.50	WCSP;0.887
46.50	54.00	WCSP;0.985
63.00	67.50	WCSP;0.975
70.50	73.50	WCSP;0.800
82.50	87.00	WCSP;0.800
99.00	103.50	WCSP;0.981
109.50	114.00	WCSP;0.990
120.00	126.00	WCSP;0.985
136.50	141.00	WCSP;0.800
151.50	154.50	WCSP;0.800
171.00	174.00	WCSP;0.831
202.50	211.50	WCSP;0.965
217.50	220.50	WCSP;0.970
234.00	240.00	WCSP;0.920
252.00	255.00	WCSP;0.802
267.00	270.00	WCSP;0.800
271.50	274.50	WCSP;0.800
283.50	286.50	WCSP;0.800
315.00	319.50	WCSP;0.877
330.00	334.50	WCSP;0.917
345.00	349.50	WCSP;0.980
369.00	373.50	WCSP;0.915
385.50	390.00	WCSP;0.871
399.00	405.00	WCSP;0.947
417.00	423.00	WCSP;0.951
432.00	436.50	WCSP;0.859
445.50	450.00	WCSP;0.800
480.00	484.50	WCSP;0.862
502.50	508.50	WCSP;0.968
541.50	546.00	WCSP;0.932
562.50	567.00	WCSP;0.921
577.50	582.00	WCSP;0.812
594.00	600.00	WCSP;0.983
31.50	36.00	WIWA;0.922
454.50	457.50	WIWA;0.960
24.00	28.50	YRWA;0.800
36.00	39.00	YRWA;0.800
52.50	57.00	YRWA;0.989
61.50	66.00	YRWA;0.926
70.50	75.00	YRWA;0.800
90.00	94.50	YRWA;0.985
123.00	126.00	YRWA;0.800
127.50	130.50	YRWA;0.879
135.00	139.50	YRWA;0.800
154.50	157.50	YRWA;0.909
163.50	166.50	YRWA;0.800
172.50	177.00	YRWA;0.881
181.50	186.00	YRWA;0.977
205.50	208.50	YRWA;0.800
226.50	231.00	YRWA;0.991
364.50	367.50	YRWA;0.800
475.50	478.50	YRWA;0.800
516.00	520.50	YRWA;0.969
526.50	529.50	YRWA;0.800
543.00	547.50	YRWA;0.800
564.00	570.00	YRWA;0.991
573.00	577.50	YRWA;0.800
