430.50	433.50	BRCR;0.806
444.00	447.00	CHSW;0.857
297.00	300.00	CHSP;0.832
201.00	204.00	FOSP;0.947
21.00	24.00	GCSP;0.903
271.50	274.50	GCSP;0.860
514.50	517.50	GCSP;0.807
540.00	543.00	GCSP;0.833
9.00	13.50	LISP;0.939
42.00	45.00	LISP;0.835
58.50	63.00	LISP;0.963
73.50	78.00	LISP;0.962
88.50	96.00	LISP;0.976
106.50	111.00	LISP;0.869
117.00	121.50	LISP;0.800
154.50	159.00	LISP;0.992
166.50	171.00	LISP;0.990
178.50	183.00	LISP;0.988
190.50	195.00	LISP;0.980
202.50	207.00	LISP;0.894
247.50	252.00	LISP;0.983
253.50	256.50	LISP;0.896
267.00	271.50	LISP;0.928
279.00	283.50	LISP;0.976
367.50	372.00	LISP;0.981
387.00	391.50	LISP;0.800
409.50	414.00	LISP;0.800
418.50	423.00	LISP;0.800
427.50	432.00	LISP;0.997
439.50	444.00	LISP;0.987
451.50	457.50	LISP;0.991
465.00	469.50	LISP;0.986
477.00	483.00	LISP;0.992
490.50	495.00	LISP;0.991
502.50	507.00	LISP;0.991
517.50	522.00	LISP;0.978
529.50	534.00	LISP;0.979
543.00	547.50	LISP;0.988
556.50	561.00	LISP;0.962
568.50	573.00	LISP;0.980
580.50	586.50	LISP;0.987
594.00	598.50	LISP;0.973
31.50	36.00	MGWA;0.989
436.50	441.00	MOCH;0.916
333.00	337.50	OCWA;0.881
15.00	76.50	PISI;0.998
78.00	84.00	PISI;0.923
106.50	157.50	PISI;0.999
193.50	205.50	PISI;0.991
222.00	243.00	PISI;0.997
247.50	252.00	PISI;0.904
253.50	267.00	PISI;0.999
307.50	336.00	PISI;0.998
358.50	424.50	PISI;0.999
496.50	505.50	PISI;0.998
513.00	517.50	PISI;0.800
519.00	523.50	PISI;0.800
525.00	529.50	PISI;0.800
546.00	576.00	PISI;0.997
591.00	595.50	PISI;0.894
480.00	483.00	PUFI;0.873
10.50	13.50	ROWR;0.800
40.50	43.50	ROWR;0.800
105.00	109.50	ROWR;0.964
177.00	180.00	ROWR;0.956
252.00	256.50	ROWR;0.865
268.50	271.50	ROWR;0.800
354.00	357.00	ROWR;0.800
366.00	370.50	ROWR;0.939
409.50	414.00	ROWR;0.800
496.50	499.50	ROWR;0.800
0.00	3.00	SWSP;0.800
4.50	9.00	SWSP;0.800
12.00	15.00	SWSP;0.800
75.00	79.50	SWSP;0.800
96.00	99.00	SWSP;0.800
156.00	160.50	SWSP;0.807
162.00	168.00	SWSP;0.903
177.00	180.00	SWSP;0.800
183.00	187.50	SWSP;0.815
193.50	198.00	SWSP;0.800
207.00	211.50	SWSP;0.800
220.50	225.00	SWSP;0.800
255.00	259.50	SWSP;0.800
268.50	273.00	SWSP;0.852
276.00	280.50	SWSP;0.830
291.00	295.50	SWSP;0.844
298.50	301.50	SWSP;0.800
372.00	375.00	SWSP;0.800
385.50	390.00	SWSP;0.800
421.50	426.00	SWSP;0.800
435.00	442.50	SWSP;0.800
450.00	454.50	SWSP;0.881
457.50	463.50	SWSP;0.994
469.50	477.00	SWSP;0.988
486.00	490.50	SWSP;0.800
496.50	505.50	SWSP;0.884
507.00	510.00	SWSP;0.800
514.50	519.00	SWSP;0.800
537.00	541.50	SWSP;0.800
553.50	556.50	SWSP;0.800
336.00	342.00	WEFL;0.930
534.00	537.00	WEFL;0.855
15.00	18.00	WCSP;0.800
99.00	102.00	WCSP;0.800
114.00	117.00	WCSP;0.800
187.50	192.00	WCSP;0.852
271.50	274.50	WCSP;0.800
282.00	286.50	WCSP;0.986
292.50	297.00	WCSP;0.990
306.00	310.50	WCSP;0.997
319.50	324.00	WCSP;0.834
330.00	334.50	WCSP;0.907
340.50	345.00	WCSP;0.989
351.00	355.50	WCSP;0.959
364.50	369.00	WCSP;0.995
376.50	381.00	WCSP;0.993
390.00	393.00	WCSP;0.939
400.50	405.00	WCSP;0.800
412.50	417.00	WCSP;0.896
442.50	445.50	WCSP;0.800
454.50	459.00	WCSP;0.977
469.50	474.00	WCSP;0.800
481.50	486.00	WCSP;0.995
493.50	499.50	WCSP;0.990
504.00	508.50	WCSP;0.914
516.00	519.00	WCSP;0.921
528.00	532.50	WCSP;0.971
541.50	546.00	WCSP;0.988
555.00	559.50	WCSP;0.948
579.00	588.00	WCSP;0.981
270.00	273.00	WTSP;0.830
