145.50	150.00	BRSP;0.917
0.00	16.50	CHSP;0.996
18.00	24.00	CHSP;0.992
27.00	40.50	CHSP;0.996
48.00	58.50	CHSP;0.992
63.00	70.50	CHSP;0.990
72.00	85.50	CHSP;0.993
88.50	100.50	CHSP;0.994
103.50	109.50	CHSP;0.993
111.00	117.00	CHSP;0.989
118.50	124.50	CHSP;0.992
132.00	136.50	CHSP;0.800
154.50	160.50	CHSP;0.990
165.00	177.00	CHSP;0.954
181.50	184.50	CHSP;0.800
192.00	196.50	CHSP;0.897
202.50	210.00	CHSP;0.800
219.00	223.50	CHSP;0.914
229.50	234.00	CHSP;0.800
235.50	240.00	CHSP;0.918
241.50	246.00	CHSP;0.929
253.50	264.00	CHSP;0.980
268.50	273.00	CHSP;0.800
279.00	286.50	CHSP;0.958
294.00	300.00	CHSP;0.990
222.00	225.00	HASP;0.909
276.00	279.00	HASP;0.890
70.50	73.50	HOWR;0.876
93.00	96.00	HOWR;0.807
160.50	165.00	HOWR;0.813
217.50	222.00	HOWR;0.837
16.50	19.50	LISP;0.800
60.00	72.00	LISP;0.963
75.00	81.00	LISP;0.969
117.00	120.00	LISP;0.800
129.00	133.50	LISP;0.800
57.00	60.00	MAWR;0.851
283.50	286.50	MOBL;0.823
7.50	12.00	VATH;0.968
15.00	19.50	VATH;0.800
25.50	30.00	VATH;0.903
33.00	37.50	VATH;0.859
43.50	48.00	VATH;0.836
79.50	82.50	VATH;0.800
84.00	88.50	VATH;0.982
94.50	99.00	VATH;0.857
103.50	108.00	VATH;0.816
114.00	120.00	VATH;0.988
127.50	130.50	VATH;0.936
135.00	139.50	VATH;0.936
147.00	151.50	VATH;0.800
159.00	163.50	VATH;0.986
166.50	171.00	VATH;0.800
180.00	184.50	VATH;0.927
198.00	202.50	VATH;0.838
211.50	214.50	VATH;0.800
223.50	232.50	VATH;0.981
234.00	238.50	VATH;0.979
244.50	249.00	VATH;0.985
250.50	255.00	VATH;0.832
265.50	271.50	VATH;0.983
277.50	282.00	VATH;0.953
139.50	144.00	WCSP;0.963
157.50	160.50	WCSP;0.800
196.50	204.00	WCSP;0.984
208.50	213.00	WCSP;0.829
262.50	267.00	WCSP;0.957
271.50	276.00	WCSP;0.987
280.50	285.00	WCSP;0.989
289.50	294.00	WCSP;0.990
1.50	7.50	WTSP;0.930
30.00	33.00	WTSP;0.800
40.50	46.50	WTSP;0.994
58.50	64.50	WTSP;0.994
73.50	78.00	WTSP;0.858
88.50	91.50	WTSP;0.800
106.50	109.50	WTSP;0.800
148.50	151.50	WTSP;0.800
165.00	169.50	WTSP;0.800
183.00	187.50	WTSP;0.800
199.50	202.50	WTSP;0.800
4.50	10.50	WIWA;0.982
15.00	19.50	WIWA;0.800
22.50	27.00	WIWA;0.950
31.50	36.00	WIWA;0.968
39.00	43.50	WIWA;0.973
87.00	91.50	WIWA;0.930
136.50	141.00	WIWA;0.931
169.50	172.50	WIWA;0.800
181.50	186.00	WIWA;0.800
190.50	195.00	WIWA;0.886
213.00	217.50	WIWA;0.800
246.00	255.00	WIWA;0.993
133.50	136.50	WIWR;0.859
