3.00	10.50	AMRO;0.800
16.50	37.50	AMRO;0.993
45.00	66.00	AMRO;0.987
72.00	75.00	AMRO;0.800
79.50	85.50	AMRO;0.800
90.00	99.00	AMRO;0.983
100.50	115.50	AMRO;0.990
120.00	135.00	AMRO;0.978
136.50	151.50	AMRO;0.968
153.00	171.00	AMRO;0.980
172.50	196.50	AMRO;0.993
198.00	207.00	AMRO;0.974
213.00	225.00	AMRO;0.991
229.50	237.00	AMRO;0.800
238.50	300.00	AMRO;0.996
240.00	243.00	BRSP;0.835
0.00	3.00	FOSP;0.800
4.50	9.00	FOSP;0.800
10.50	19.50	FOSP;0.800
24.00	28.50	FOSP;0.887
37.50	45.00	FOSP;0.800
48.00	51.00	FOSP;0.800
54.00	58.50	FOSP;0.892
69.00	73.50	FOSP;0.946
82.50	90.00	FOSP;0.974
97.50	102.00	FOSP;0.919
112.50	121.50	FOSP;0.968
132.00	138.00	FOSP;0.959
150.00	154.50	FOSP;0.876
168.00	172.50	FOSP;0.898
186.00	190.50	FOSP;0.956
207.00	210.00	FOSP;0.800
226.50	231.00	FOSP;0.923
244.50	247.50	FOSP;0.874
267.00	271.50	FOSP;0.940
285.00	289.50	FOSP;0.905
22.50	27.00	LISP;0.905
51.00	55.50	LISP;0.863
76.50	79.50	LISP;0.800
102.00	105.00	LISP;0.800
115.50	118.50	LISP;0.806
127.50	132.00	LISP;0.948
142.50	145.50	LISP;0.800
156.00	159.00	LISP;0.881
169.50	174.00	LISP;0.950
183.00	186.00	LISP;0.800
196.50	201.00	LISP;0.934
210.00	214.50	LISP;0.942
223.50	228.00	LISP;0.966
262.50	267.00	LISP;0.900
276.00	280.50	LISP;0.933
288.00	291.00	LISP;0.800
195.00	198.00	ROWR;0.939
237.00	241.50	ROWR;0.903
64.50	69.00	TOSO;0.826
103.50	106.50	TOSO;0.909
258.00	261.00	WCSP;0.873
10.50	13.50	WTSP;0.889
