102.00	105.00	AMGP;0.844
258.00	261.00	AMGP;0.854
403.50	406.50	AMGP;0.815
159.00	162.00	AMRO;0.817
105.00	108.00	BLOY;0.850
319.50	324.00	FISP;0.843
97.50	102.00	FOSP;0.800
109.50	114.00	FOSP;0.913
256.50	259.50	FOSP;0.800
267.00	270.00	FOSP;0.800
297.00	300.00	FOSP;0.800
345.00	349.50	FOSP;0.800
370.50	373.50	FOSP;0.800
400.50	405.00	FOSP;0.982
409.50	412.50	FOSP;0.800
417.00	420.00	FOSP;0.800
436.50	441.00	FOSP;0.983
453.00	457.50	FOSP;0.950
63.00	66.00	LISP;0.800
114.00	118.50	LISP;0.923
129.00	133.50	LISP;0.964
144.00	148.50	LISP;0.922
165.00	171.00	LISP;0.991
180.00	184.50	LISP;0.972
193.50	198.00	LISP;0.986
205.50	210.00	LISP;0.980
219.00	223.50	LISP;0.981
574.50	579.00	LISP;0.800
591.00	595.50	LISP;0.970
306.00	309.00	MOCH;0.874
9.00	13.50	WCSP;0.988
22.50	27.00	WCSP;0.993
36.00	40.50	WCSP;0.986
49.50	54.00	WCSP;0.990
64.50	70.50	WCSP;0.989
79.50	85.50	WCSP;0.992
96.00	100.50	WCSP;0.983
112.50	117.00	WCSP;0.989
124.50	129.00	WCSP;0.991
139.50	144.00	WCSP;0.988
151.50	156.00	WCSP;0.989
163.50	168.00	WCSP;0.800
177.00	181.50	WCSP;0.991
190.50	195.00	WCSP;0.973
198.00	201.00	WCSP;0.800
207.00	210.00	WCSP;0.800
220.50	225.00	WCSP;0.976
232.50	238.50	WCSP;0.993
247.50	252.00	WCSP;0.987
262.50	268.50	WCSP;0.958
276.00	283.50	WCSP;0.996
292.50	297.00	WCSP;0.991
307.50	313.50	WCSP;0.992
322.50	327.00	WCSP;0.992
339.00	343.50	WCSP;0.938
355.50	360.00	WCSP;0.985
372.00	376.50	WCSP;0.975
387.00	391.50	WCSP;0.995
420.00	424.50	WCSP;0.800
430.50	435.00	WCSP;0.858
445.50	448.50	WCSP;0.800
457.50	462.00	WCSP;0.981
468.00	471.00	WCSP;0.973
484.50	489.00	WCSP;0.987
496.50	501.00	WCSP;0.991
507.00	511.50	WCSP;0.987
522.00	526.50	WCSP;0.962
534.00	537.00	WCSP;0.982
546.00	550.50	WCSP;0.991
558.00	562.50	WCSP;0.983
570.00	574.50	WCSP;0.993
583.50	588.00	WCSP;0.986
597.00	600.00	WCSP;0.800
9.00	12.00	WTSP;0.800
78.00	82.50	WTSP;0.900
91.50	97.50	WTSP;0.971
120.00	124.50	WTSP;0.827
133.50	141.00	WTSP;0.864
147.00	151.50	WTSP;0.953
153.00	163.50	WTSP;0.997
168.00	172.50	WTSP;0.906
174.00	177.00	WTSP;0.850
183.00	192.00	WTSP;0.990
196.50	199.50	WTSP;0.800
202.50	207.00	WTSP;0.965
223.50	226.50	WTSP;0.800
238.50	244.50	WTSP;0.993
253.50	258.00	WTSP;0.928
271.50	276.00	WTSP;0.980
282.00	292.50	WTSP;0.992
298.50	306.00	WTSP;0.993
318.00	322.50	WTSP;0.989
337.50	342.00	WTSP;0.997
354.00	357.00	WTSP;0.800
394.50	400.50	WTSP;0.956
414.00	417.00	WTSP;0.800
444.00	447.00	WTSP;0.800
456.00	459.00	WTSP;0.800
466.50	469.50	WTSP;0.800
483.00	486.00	WTSP;0.800
487.50	492.00	WTSP;0.986
505.50	510.00	WTSP;0.888
517.50	528.00	WTSP;0.996
531.00	535.50	WTSP;0.998
544.50	547.50	WTSP;0.800
559.50	564.00	WTSP;0.977
597.00	600.00	WTSP;0.800
31.50	36.00	WIWA;0.978
43.50	48.00	WIWA;0.839
54.00	58.50	WIWA;0.834
75.00	79.50	WIWA;0.847
85.50	90.00	WIWA;0.917
132.00	136.50	WIWA;0.985
148.50	153.00	WIWA;0.931
172.50	177.00	WIWA;0.934
183.00	187.50	WIWA;0.985
226.50	231.00	WIWA;0.991
237.00	241.50	WIWA;0.992
252.00	258.00	WIWA;0.980
262.50	267.00	WIWA;0.954
282.00	288.00	WIWA;0.966
313.50	318.00	WIWA;0.969
333.00	337.50	WIWA;0.985
342.00	346.50	WIWA;0.985
354.00	357.00	WIWA;0.912
363.00	367.50	WIWA;0.951
373.50	378.00	WIWA;0.891
384.00	387.00	WIWA;0.800
393.00	399.00	WIWA;0.994
412.50	417.00	WIWA;0.966
423.00	427.50	WIWA;0.930
433.50	436.50	WIWA;0.800
442.50	447.00	WIWA;0.988
462.00	466.50	WIWA;0.976
471.00	475.50	WIWA;0.954
481.50	486.00	WIWA;0.800
501.00	505.50	WIWA;0.815
511.50	516.00	WIWA;0.893
520.50	525.00	WIWA;0.928
531.00	535.50	WIWA;0.800
541.50	546.00	WIWA;0.982
552.00	556.50	WIWA;0.894
561.00	565.50	WIWA;0.800
580.50	585.00	WIWA;0.989
