360.00	363.00	BCCH;0.821
435.00	438.00	BCCH;0.819
444.00	447.00	BCCH;0.819
457.50	460.50	BRSP;0.824
381.00	384.00	CHSW;0.871
1.50	6.00	CHSP;0.989
10.50	15.00	CHSP;0.827
16.50	22.50	CHSP;0.987
25.50	30.00	CHSP;0.980
33.00	36.00	CHSP;0.800
522.00	525.00	CHSP;0.842
529.50	534.00	CHSP;0.800
180.00	183.00	FOSP;0.800
216.00	220.50	FOSP;0.800
226.50	229.50	FOSP;0.800
244.50	247.50	FOSP;0.800
274.50	279.00	FOSP;0.960
285.00	288.00	FOSP;0.800
295.50	298.50	FOSP;0.800
325.50	328.50	FOSP;0.800
336.00	339.00	FOSP;0.800
355.50	360.00	FOSP;0.903
366.00	369.00	FOSP;0.800
375.00	379.50	FOSP;0.800
441.00	444.00	FOSP;0.800
478.50	481.50	FOSP;0.800
490.50	493.50	FOSP;0.800
514.50	519.00	FOSP;0.817
547.50	550.50	FOSP;0.800
556.50	561.00	FOSP;0.800
568.50	573.00	FOSP;0.949
591.00	595.50	FOSP;0.800
385.50	388.50	GCSP;0.860
502.50	507.00	GCSP;0.889
138.00	141.00	MOCH;0.937
340.50	345.00	MOCH;0.918
558.00	561.00	RUGR;0.802
255.00	258.00	SWSP;0.811
0.00	3.00	WCSP;0.990
7.50	12.00	WCSP;0.965
15.00	19.50	WCSP;0.984
24.00	28.50	WCSP;0.922
31.50	36.00	WCSP;0.990
37.50	43.50	WCSP;0.991
48.00	52.50	WCSP;0.987
55.50	60.00	WCSP;0.978
64.50	67.50	WCSP;0.955
72.00	76.50	WCSP;0.988
79.50	84.00	WCSP;0.983
90.00	97.50	WCSP;0.982
99.00	103.50	WCSP;0.984
106.50	111.00	WCSP;0.946
115.50	120.00	WCSP;0.991
126.00	130.50	WCSP;0.985
133.50	138.00	WCSP;0.971
139.50	145.50	WCSP;0.991
150.00	153.00	WCSP;0.993
159.00	165.00	WCSP;0.919
175.50	181.50	WCSP;0.994
184.50	189.00	WCSP;0.967
201.00	205.50	WCSP;0.973
208.50	211.50	WCSP;0.800
214.50	217.50	WCSP;0.800
258.00	261.00	WCSP;0.800
270.00	276.00	WCSP;0.992
337.50	342.00	WCSP;0.878
345.00	349.50	WCSP;0.993
354.00	358.50	WCSP;0.990
361.50	366.00	WCSP;0.990
369.00	373.50	WCSP;0.993
376.50	381.00	WCSP;0.982
385.50	390.00	WCSP;0.992
394.50	399.00	WCSP;0.994
402.00	406.50	WCSP;0.992
411.00	415.50	WCSP;0.992
420.00	424.50	WCSP;0.992
427.50	432.00	WCSP;0.984
436.50	441.00	WCSP;0.986
445.50	450.00	WCSP;0.976
454.50	459.00	WCSP;0.991
465.00	469.50	WCSP;0.986
474.00	478.50	WCSP;0.993
483.00	487.50	WCSP;0.992
493.50	498.00	WCSP;0.993
504.00	507.00	WCSP;0.984
511.50	516.00	WCSP;0.976
519.00	523.50	WCSP;0.984
526.50	531.00	WCSP;0.994
535.50	538.50	WCSP;0.800
541.50	546.00	WCSP;0.987
570.00	574.50	WCSP;0.903
576.00	580.50	WCSP;0.983
583.50	588.00	WCSP;0.800
591.00	594.00	WCSP;0.800
597.00	600.00	WCSP;0.930
4.50	13.50	WTSP;0.943
21.00	33.00	WTSP;0.976
34.50	40.50	WTSP;0.990
49.50	58.50	WTSP;0.991
61.50	70.50	WTSP;0.992
73.50	81.00	WTSP;0.996
82.50	91.50	WTSP;0.997
93.00	96.00	WTSP;0.800
97.50	109.50	WTSP;0.986
111.00	115.50	WTSP;0.800
120.00	129.00	WTSP;0.992
130.50	139.50	WTSP;0.969
142.50	165.00	WTSP;0.995
169.50	177.00	WTSP;0.994
183.00	198.00	WTSP;0.994
204.00	210.00	WTSP;0.991
211.50	216.00	WTSP;0.969
217.50	228.00	WTSP;0.995
247.50	255.00	WTSP;0.992
256.50	267.00	WTSP;0.997
288.00	292.50	WTSP;0.800
298.50	303.00	WTSP;0.800
307.50	312.00	WTSP;0.926
316.50	321.00	WTSP;0.986
340.50	343.50	WTSP;0.800
363.00	367.50	WTSP;0.941
418.50	421.50	WTSP;0.800
502.50	505.50	WTSP;0.800
210.00	213.00	WIWA;0.800
231.00	234.00	WIWA;0.800
237.00	243.00	WIWA;0.973
244.50	249.00	WIWA;0.847
252.00	258.00	WIWA;0.936
264.00	268.50	WIWA;0.981
274.50	280.50	WIWA;0.980
285.00	289.50	WIWA;0.991
292.50	298.50	WIWA;0.985
303.00	309.00	WIWA;0.983
312.00	316.50	WIWA;0.856
325.50	330.00	WIWA;0.989
334.50	340.50	WIWA;0.976
346.50	351.00	WIWA;0.933
357.00	361.50	WIWA;0.959
364.50	369.00	WIWA;0.823
372.00	376.50	WIWA;0.800
378.00	382.50	WIWA;0.800
388.50	391.50	WIWA;0.800
397.50	402.00	WIWA;0.988
405.00	411.00	WIWA;0.970
414.00	420.00	WIWA;0.983
421.50	426.00	WIWA;0.987
429.00	433.50	WIWA;0.960
438.00	442.50	WIWA;0.959
453.00	457.50	WIWA;0.984
462.00	468.00	WIWA;0.977
471.00	475.50	WIWA;0.992
478.50	484.50	WIWA;0.990
486.00	490.50	WIWA;0.980
492.00	496.50	WIWA;0.959
499.50	510.00	WIWA;0.993
513.00	520.50	WIWA;0.972
523.50	529.50	WIWA;0.988
534.00	538.50	WIWA;0.986
544.50	556.50	WIWA;0.989
561.00	565.50	WIWA;0.967
571.50	576.00	WIWA;0.986
580.50	589.50	WIWA;0.992
