334.50	339.00	AMPI;0.896
483.00	487.50	AMRO;0.980
534.00	537.00	AMRO;0.874
270.00	273.00	BRSP;0.839
532.50	535.50	BRSP;0.809
558.00	561.00	BRSP;0.814
138.00	142.50	CHSP;0.861
190.50	195.00	CHSP;0.935
208.50	213.00	CHSP;0.800
229.50	234.00	CHSP;0.800
255.00	259.50	CHSP;0.800
262.50	265.50	CHSP;0.800
276.00	280.50	CHSP;0.913
291.00	297.00	CHSP;0.911
298.50	303.00	CHSP;0.800
307.50	312.00	CHSP;0.901
315.00	319.50	CHSP;0.959
324.00	328.50	CHSP;0.800
331.50	336.00	CHSP;0.878
346.50	351.00	CHSP;0.800
354.00	358.50	CHSP;0.800
361.50	366.00	CHSP;0.800
369.00	373.50	CHSP;0.909
378.00	384.00	CHSP;0.903
385.50	391.50	CHSP;0.910
394.50	399.00	CHSP;0.800
402.00	408.00	CHSP;0.925
418.50	423.00	CHSP;0.910
435.00	439.50	CHSP;0.800
442.50	445.50	CHSP;0.800
450.00	454.50	CHSP;0.800
459.00	462.00	CHSP;0.800
468.00	472.50	CHSP;0.800
474.00	480.00	CHSP;0.891
501.00	507.00	CHSP;0.800
517.50	522.00	CHSP;0.800
534.00	537.00	CHSP;0.800
541.50	546.00	CHSP;0.800
550.50	555.00	CHSP;0.899
559.50	562.50	CHSP;0.800
565.50	570.00	CHSP;0.800
573.00	579.00	CHSP;0.885
591.00	595.50	CHSP;0.800
109.50	112.50	FOSP;0.803
7.50	10.50	LISP;0.800
22.50	27.00	LISP;0.989
42.00	46.50	LISP;0.800
60.00	64.50	LISP;0.800
78.00	81.00	LISP;0.800
93.00	99.00	LISP;0.993
109.50	114.00	LISP;0.865
129.00	132.00	LISP;0.800
181.50	184.50	LISP;0.800
198.00	202.50	LISP;0.800
216.00	220.50	LISP;0.977
252.00	256.50	LISP;0.966
288.00	292.50	LISP;0.800
304.50	309.00	LISP;0.972
321.00	327.00	LISP;0.966
339.00	343.50	LISP;0.963
357.00	360.00	LISP;0.800
373.50	378.00	LISP;0.994
393.00	396.00	LISP;0.800
409.50	414.00	LISP;0.800
426.00	430.50	LISP;0.986
444.00	447.00	LISP;0.930
478.50	481.50	LISP;0.800
495.00	498.00	LISP;0.800
513.00	516.00	LISP;0.800
562.50	567.00	LISP;0.871
580.50	585.00	LISP;0.896
4.50	7.50	MOCH;0.800
21.00	25.50	MOCH;0.899
37.50	43.50	MOCH;0.958
66.00	72.00	MOCH;0.920
84.00	88.50	MOCH;0.853
90.00	93.00	MOCH;0.800
112.50	115.50	MOCH;0.851
120.00	124.50	MOCH;0.893
135.00	138.00	MOCH;0.800
150.00	153.00	MOCH;0.800
175.50	180.00	MOCH;0.963
210.00	216.00	MOCH;0.987
274.50	279.00	MOCH;0.800
297.00	301.50	MOCH;0.960
312.00	316.50	MOCH;0.800
318.00	322.50	MOCH;0.928
325.50	331.50	MOCH;0.922
390.00	394.50	MOCH;0.800
400.50	403.50	MOCH;0.800
406.50	409.50	MOCH;0.882
423.00	427.50	MOCH;0.812
451.50	457.50	MOCH;0.915
466.50	469.50	MOCH;0.800
471.00	475.50	MOCH;0.885
486.00	490.50	MOCH;0.800
514.50	519.00	MOCH;0.800
522.00	526.50	MOCH;0.800
538.50	543.00	MOCH;0.976
547.50	550.50	MOCH;0.884
573.00	576.00	MOCH;0.800
268.50	273.00	RUTU;0.899
130.50	133.50	VATH;0.828
81.00	84.00	WEFL;0.836
10.50	13.50	WCSP;0.800
102.00	109.50	WCSP;0.998
184.50	193.50	WCSP;0.890
237.00	277.50	WCSP;0.997
280.50	291.00	WCSP;0.984
411.00	414.00	WCSP;0.800
39.00	42.00	WTSP;0.800
45.00	48.00	WTSP;0.800
52.50	57.00	WTSP;0.800
66.00	69.00	WTSP;0.800
70.50	73.50	WTSP;0.800
84.00	88.50	WTSP;0.800
90.00	94.50	WTSP;0.937
96.00	105.00	WTSP;0.994
112.50	124.50	WTSP;0.989
126.00	130.50	WTSP;0.988
148.50	153.00	WTSP;0.991
159.00	163.50	WTSP;0.994
177.00	180.00	WTSP;0.800
195.00	198.00	WTSP;0.913
211.50	217.50	WTSP;0.865
225.00	231.00	WTSP;0.995
276.00	279.00	WTSP;0.800
300.00	304.50	WTSP;0.800
312.00	316.50	WTSP;0.800
318.00	321.00	WTSP;0.831
327.00	330.00	WTSP;0.800
390.00	393.00	WTSP;0.800
397.50	417.00	WTSP;0.994
423.00	426.00	WTSP;0.800
429.00	433.50	WTSP;0.902
435.00	442.50	WTSP;0.938
448.50	457.50	WTSP;0.869
459.00	462.00	WTSP;0.800
465.00	468.00	WTSP;0.800
471.00	474.00	WTSP;0.800
498.00	514.50	WTSP;0.996
516.00	520.50	WTSP;0.823
522.00	529.50	WTSP;0.994
531.00	534.00	WTSP;0.800
544.50	550.50	WTSP;0.973
553.50	559.50	WTSP;0.996
565.50	574.50	WTSP;0.970
582.00	592.50	WTSP;0.995
333.00	337.50	YRWA;0.899
