36.00	40.50	BRSP;0.822
66.00	69.00	BRSP;0.825
126.00	129.00	CHSP;0.824
150.00	153.00	CHSP;0.812
199.50	204.00	CHSP;0.807
208.50	211.50	CHSP;0.807
225.00	228.00	CHSP;0.879
43.50	46.50	GCSP;0.851
222.00	225.00	LISP;0.868
237.00	241.50	LISP;0.982
292.50	295.50	LISP;0.897
7.50	12.00	MOCH;0.978
21.00	25.50	MOCH;0.870
31.50	36.00	MOCH;0.932
88.50	91.50	SOSA;0.845
268.50	271.50	SOSA;0.922
25.50	28.50	SOSP;0.818
291.00	294.00	WEME;0.889
13.50	18.00	WTSP;0.990
22.50	31.50	WTSP;0.935
39.00	43.50	WTSP;0.800
45.00	49.50	WTSP;0.800
52.50	57.00	WTSP;0.876
61.50	67.50	WTSP;0.992
72.00	78.00	WTSP;0.986
79.50	84.00	WTSP;0.943
112.50	117.00	WTSP;0.800
123.00	126.00	WTSP;0.800
132.00	141.00	WTSP;0.933
156.00	160.50	WTSP;0.971
178.50	183.00	WTSP;0.966
193.50	196.50	WTSP;0.800
231.00	234.00	WTSP;0.800
241.50	246.00	WTSP;0.988
256.50	259.50	WTSP;0.800
294.00	300.00	WTSP;0.984
280.50	283.50	WIWA;0.925
