7.50	12.00	FOSP;0.886
22.50	30.00	FOSP;0.874
42.00	46.50	FOSP;0.898
52.50	58.50	FOSP;0.854
67.50	72.00	FOSP;0.877
73.50	78.00	FOSP;0.967
87.00	91.50	FOSP;0.925
96.00	102.00	FOSP;0.952
108.00	117.00	FOSP;0.976
124.50	133.50	FOSP;0.963
169.50	174.00	FOSP;0.800
183.00	187.50	FOSP;0.800
201.00	204.00	FOSP;0.879
234.00	238.50	FOSP;0.800
250.50	255.00	FOSP;0.912
256.50	259.50	FOSP;0.800
267.00	270.00	FOSP;0.800
286.50	291.00	FOSP;0.942
31.50	34.50	MOCH;0.982
60.00	63.00	MOCH;0.800
79.50	82.50	MOCH;0.800
90.00	94.50	MOCH;0.922
105.00	108.00	MOCH;0.870
148.50	156.00	MOCH;0.813
159.00	162.00	MOCH;0.821
168.00	171.00	MOCH;0.933
177.00	181.50	MOCH;0.800
187.50	190.50	MOCH;0.800
231.00	234.00	MOCH;0.800
240.00	243.00	MOCH;0.800
249.00	252.00	RCKI;0.890
205.50	208.50	RUGR;0.804
213.00	217.50	SNBU;0.928
246.00	250.50	SNBU;0.872
294.00	297.00	SNBU;0.819
10.50	16.50	WTSP;0.800
19.50	24.00	WTSP;0.993
28.50	33.00	WTSP;0.992
39.00	43.50	WTSP;0.800
57.00	61.50	WTSP;0.988
78.00	82.50	WTSP;0.975
91.50	94.50	WTSP;0.808
102.00	108.00	WTSP;0.977
142.50	145.50	WTSP;0.800
153.00	157.50	WTSP;0.850
160.50	163.50	WTSP;0.800
165.00	169.50	WTSP;0.990
172.50	178.50	WTSP;0.996
184.50	196.50	WTSP;0.993
202.50	207.00	WTSP;0.800
216.00	222.00	WTSP;0.994
226.50	232.50	WTSP;0.995
235.50	241.50	WTSP;0.995
