15.00	19.50	AMRO;0.827
51.00	57.00	AMRO;0.987
61.50	69.00	AMRO;0.941
78.00	84.00	AMRO;0.991
85.50	90.00	AMRO;0.982
94.50	100.50	AMRO;0.897
102.00	106.50	AMRO;0.938
112.50	117.00	AMRO;0.800
174.00	177.00	AMRO;0.800
178.50	183.00	AMRO;0.904
186.00	190.50	AMRO;0.800
195.00	199.50	AMRO;0.800
201.00	205.50	AMRO;0.937
249.00	253.50	AMRO;0.889
262.50	267.00	AMRO;0.977
271.50	276.00	AMRO;0.959
288.00	292.50	AMRO;0.947
331.50	337.50	AMRO;0.958
346.50	351.00	AMRO;0.836
372.00	376.50	AMRO;0.800
420.00	423.00	AMRO;0.800
432.00	436.50	AMRO;0.968
588.00	591.00	AMRO;0.800
370.50	373.50	BANS;0.811
60.00	63.00	BRSP;0.841
138.00	141.00	BRSP;0.967
337.50	340.50	BRSP;0.853
0.00	7.50	CHSP;0.873
9.00	13.50	CHSP;0.800
15.00	19.50	CHSP;0.818
24.00	27.00	CHSP;0.841
60.00	64.50	CHSP;0.800
78.00	82.50	CHSP;0.800
94.50	97.50	CHSP;0.800
103.50	106.50	CHSP;0.800
118.50	121.50	CHSP;0.800
145.50	150.00	CHSP;0.800
154.50	159.00	CHSP;0.800
162.00	166.50	CHSP;0.800
171.00	174.00	CHSP;0.800
229.50	234.00	CHSP;0.800
295.50	298.50	CHSP;0.864
346.50	349.50	CHSP;0.800
357.00	360.00	CHSP;0.800
376.50	382.50	CHSP;0.942
385.50	400.50	CHSP;0.968
403.50	406.50	CHSP;0.800
411.00	414.00	CHSP;0.800
420.00	426.00	CHSP;0.846
433.50	438.00	CHSP;0.800
441.00	445.50	CHSP;0.800
463.50	466.50	CHSP;0.800
472.50	475.50	CHSP;0.800
481.50	484.50	CHSP;0.800
490.50	495.00	CHSP;0.800
510.00	514.50	CHSP;0.800
516.00	519.00	CHSP;0.800
534.00	538.50	CHSP;0.800
597.00	600.00	CHSP;0.800
3.00	9.00	DEJU;0.901
10.50	13.50	DEJU;0.800
15.00	21.00	DEJU;0.800
22.50	28.50	DEJU;0.923
52.50	55.50	DEJU;0.800
87.00	91.50	DEJU;0.800
93.00	99.00	DEJU;0.800
102.00	108.00	DEJU;0.800
109.50	112.50	DEJU;0.800
117.00	121.50	DEJU;0.963
126.00	129.00	DEJU;0.800
147.00	151.50	DEJU;0.800
153.00	159.00	DEJU;0.800
162.00	165.00	DEJU;0.800
222.00	225.00	DEJU;0.800
229.50	232.50	DEJU;0.800
258.00	262.50	DEJU;0.800
276.00	279.00	DEJU;0.800
297.00	300.00	DEJU;0.800
307.50	313.50	DEJU;0.800
345.00	348.00	DEJU;0.800
384.00	387.00	DEJU;0.800
391.50	394.50	DEJU;0.800
402.00	405.00	DEJU;0.800
459.00	462.00	DEJU;0.800
490.50	496.50	DEJU;0.800
520.50	523.50	DEJU;0.800
595.50	598.50	DEJU;0.800
232.50	235.50	FOSP;0.800
300.00	304.50	FOSP;0.800
312.00	316.50	FOSP;0.800
352.50	357.00	FOSP;0.801
367.50	373.50	FOSP;0.986
379.50	388.50	FOSP;0.982
397.50	403.50	FOSP;0.930
417.00	421.50	FOSP;0.897
427.50	432.00	FOSP;0.956
442.50	447.00	FOSP;0.936
450.00	454.50	FOSP;0.800
486.00	490.50	FOSP;0.800
523.50	528.00	FOSP;0.800
540.00	543.00	FOSP;0.800
303.00	307.50	GCSP;0.951
358.50	361.50	GRCA;0.812
87.00	90.00	GWTE;0.849
537.00	541.50	LISP;0.920
493.50	496.50	OCWA;0.832
28.50	46.50	PISI;0.998
51.00	54.00	PISI;0.800
55.50	60.00	PISI;0.800
64.50	81.00	PISI;0.999
106.50	114.00	PISI;0.987
220.50	226.50	PISI;0.828
244.50	334.50	PISI;0.998
360.00	379.50	PISI;0.999
406.50	411.00	PISI;0.876
412.50	424.50	PISI;0.947
436.50	442.50	PISI;0.867
448.50	453.00	PISI;0.800
454.50	457.50	PISI;0.800
478.50	483.00	PISI;0.835
492.00	510.00	PISI;0.997
513.00	517.50	PISI;0.800
529.50	532.50	PISI;0.800
544.50	547.50	PISI;0.800
34.50	39.00	WCSP;0.800
105.00	109.50	WCSP;0.974
112.50	117.00	WCSP;0.984
120.00	124.50	WCSP;0.979
127.50	133.50	WCSP;0.983
135.00	141.00	WCSP;0.967
142.50	147.00	WCSP;0.978
150.00	154.50	WCSP;0.976
157.50	162.00	WCSP;0.977
165.00	169.50	WCSP;0.981
172.50	177.00	WCSP;0.986
181.50	186.00	WCSP;0.984
189.00	193.50	WCSP;0.988
196.50	201.00	WCSP;0.982
214.50	219.00	WCSP;0.985
225.00	231.00	WCSP;0.985
238.50	241.50	WCSP;0.800
249.00	252.00	WCSP;0.800
268.50	271.50	WCSP;0.800
280.50	283.50	WCSP;0.800
292.50	297.00	WCSP;0.826
304.50	309.00	WCSP;0.800
325.50	328.50	WCSP;0.800
334.50	339.00	WCSP;0.800
364.50	367.50	WCSP;0.847
373.50	376.50	WCSP;0.800
387.00	391.50	WCSP;0.903
403.50	408.00	WCSP;0.972
414.00	418.50	WCSP;0.830
423.00	427.50	WCSP;0.942
309.00	312.00	WTSP;0.875
