168.00	172.50	AMRO;0.878
174.00	178.50	BCCH;0.835
0.00	4.50	CHSP;0.824
6.00	12.00	CHSP;0.983
15.00	21.00	CHSP;0.924
24.00	28.50	CHSP;0.895
31.50	37.50	CHSP;0.963
39.00	51.00	CHSP;0.973
54.00	58.50	CHSP;0.935
61.50	66.00	CHSP;0.960
69.00	75.00	CHSP;0.977
76.50	82.50	CHSP;0.848
85.50	90.00	CHSP;0.800
93.00	97.50	CHSP;0.821
100.50	103.50	CHSP;0.863
109.50	114.00	CHSP;0.900
117.00	124.50	CHSP;0.871
130.50	135.00	CHSP;0.821
139.50	144.00	CHSP;0.854
148.50	153.00	CHSP;0.800
156.00	160.50	CHSP;0.960
163.50	169.50	CHSP;0.853
172.50	175.50	CHSP;0.800
180.00	184.50	CHSP;0.923
189.00	193.50	CHSP;0.818
196.50	199.50	CHSP;0.800
204.00	210.00	CHSP;0.967
213.00	216.00	CHSP;0.929
220.50	225.00	CHSP;0.959
228.00	232.50	CHSP;0.912
235.50	241.50	CHSP;0.917
244.50	249.00	CHSP;0.892
253.50	258.00	CHSP;0.800
259.50	264.00	CHSP;0.927
268.50	271.50	CHSP;0.800
276.00	280.50	CHSP;0.850
283.50	288.00	CHSP;0.884
291.00	295.50	CHSP;0.915
159.00	163.50	CCSP;0.904
265.50	268.50	CCSP;0.819
10.50	13.50	DEJU;0.875
27.00	30.00	DEJU;0.872
42.00	45.00	DEJU;0.869
79.50	82.50	DEJU;0.869
96.00	99.00	DEJU;0.854
142.50	145.50	DEJU;0.811
198.00	201.00	DEJU;0.881
211.50	217.50	DEJU;0.946
231.00	234.00	DEJU;0.820
268.50	273.00	DEJU;0.992
282.00	285.00	DEJU;0.820
91.50	94.50	EABL;0.869
123.00	127.50	FOSP;0.957
129.00	132.00	FOSP;0.822
1.50	6.00	GCSP;0.976
16.50	21.00	GCSP;0.994
136.50	139.50	GCSP;0.800
159.00	163.50	GCSP;0.949
189.00	193.50	GCSP;0.800
210.00	214.50	GCSP;0.987
243.00	247.50	GCSP;0.993
285.00	289.50	GCSP;0.984
147.00	151.50	HETH;0.839
115.50	118.50	LISP;0.840
147.00	150.00	LISP;0.875
183.00	186.00	LISP;0.830
240.00	244.50	LISP;0.910
144.00	148.50	MOCH;0.945
274.50	277.50	MOCH;0.853
51.00	54.00	PISI;0.842
22.50	25.50	SOSA;0.803
76.50	79.50	SOSA;0.829
129.00	132.00	WCSP;0.813
