0.00	12.00	AMRO;0.961
13.50	24.00	AMRO;0.977
28.50	36.00	AMRO;0.965
37.50	48.00	AMRO;0.953
49.50	76.50	AMRO;0.990
78.00	102.00	AMRO;0.978
106.50	115.50	AMRO;0.979
118.50	147.00	AMRO;0.985
148.50	163.50	AMRO;0.971
165.00	181.50	AMRO;0.990
183.00	202.50	AMRO;0.963
204.00	207.00	AMRO;0.800
208.50	235.50	AMRO;0.990
237.00	250.50	AMRO;0.938
259.50	286.50	AMRO;0.995
288.00	300.00	AMRO;0.977
84.00	87.00	CHSP;0.800
90.00	93.00	CHSP;0.800
99.00	102.00	CHSP;0.800
108.00	111.00	CHSP;0.800
112.50	117.00	CHSP;0.800
118.50	126.00	CHSP;0.800
145.50	159.00	CHSP;0.935
160.50	163.50	CHSP;0.800
165.00	189.00	CHSP;0.975
190.50	195.00	CHSP;0.927
196.50	210.00	CHSP;0.951
211.50	216.00	CHSP;0.986
217.50	232.50	CHSP;0.990
234.00	237.00	CHSP;0.800
240.00	249.00	CHSP;0.950
250.50	253.50	CHSP;0.800
255.00	264.00	CHSP;0.920
265.50	270.00	CHSP;0.892
273.00	277.50	CHSP;0.800
286.50	291.00	CHSP;0.800
294.00	298.50	CHSP;0.800
9.00	12.00	FOSP;0.866
25.50	28.50	FOSP;0.914
193.50	198.00	FOSP;0.959
220.50	223.50	GCSP;0.816
132.00	136.50	VATH;0.988
0.00	4.50	WCSP;0.960
7.50	18.00	WCSP;0.993
21.00	25.50	WCSP;0.972
27.00	37.50	WCSP;0.987
40.50	51.00	WCSP;0.985
54.00	58.50	WCSP;0.980
61.50	66.00	WCSP;0.970
67.50	73.50	WCSP;0.986
75.00	79.50	WCSP;0.991
81.00	85.50	WCSP;0.994
88.50	93.00	WCSP;0.941
96.00	99.00	WCSP;0.967
102.00	106.50	WCSP;0.800
109.50	114.00	WCSP;0.951
117.00	120.00	WCSP;0.800
138.00	142.50	WCSP;0.957
144.00	148.50	WCSP;0.859
153.00	156.00	WCSP;0.800
168.00	172.50	WCSP;0.838
177.00	186.00	WCSP;0.925
187.50	193.50	WCSP;0.922
198.00	207.00	WCSP;0.940
213.00	220.50	WCSP;0.929
231.00	240.00	WCSP;0.980
243.00	247.50	WCSP;0.961
252.00	256.50	WCSP;0.980
258.00	265.50	WCSP;0.979
267.00	273.00	WCSP;0.948
274.50	282.00	WCSP;0.982
283.50	286.50	WCSP;0.800
291.00	295.50	WCSP;0.973
3.00	9.00	WTSP;0.939
12.00	15.00	WTSP;0.800
19.50	22.50	WTSP;0.800
40.50	45.00	WTSP;0.800
51.00	55.50	WTSP;0.980
60.00	64.50	WTSP;0.800
87.00	90.00	WTSP;0.800
94.50	100.50	WTSP;0.850
207.00	211.50	WTSP;0.985
225.00	228.00	WTSP;0.800
234.00	238.50	WTSP;0.954
247.50	252.00	WTSP;0.855
256.50	261.00	WTSP;0.830
267.00	276.00	WTSP;0.948
294.00	300.00	WTSP;0.987
