1.50	4.50	AMRO;0.800
6.00	9.00	AMRO;0.800
18.00	21.00	AMRO;0.800
28.50	33.00	AMRO;0.800
79.50	82.50	AMRO;0.800
84.00	88.50	AMRO;0.926
96.00	99.00	AMRO;0.800
142.50	147.00	AMRO;0.954
174.00	177.00	AMRO;0.800
180.00	183.00	AMRO;0.800
187.50	192.00	AMRO;0.975
193.50	199.50	AMRO;0.809
223.50	228.00	AMRO;0.946
231.00	238.50	AMRO;0.800
243.00	246.00	AMRO;0.800
250.50	255.00	AMRO;0.800
264.00	268.50	AMRO;0.800
271.50	277.50	AMRO;0.982
285.00	289.50	AMRO;0.939
9.00	13.50	CHSP;0.800
19.50	24.00	CHSP;0.800
39.00	42.00	CHSP;0.800
96.00	99.00	CHSP;0.800
102.00	106.50	CHSP;0.943
112.50	117.00	CHSP;0.965
150.00	154.50	CHSP;0.800
160.50	163.50	CHSP;0.800
178.50	183.00	CHSP;0.800
190.50	193.50	CHSP;0.800
201.00	205.50	CHSP;0.801
213.00	216.00	CHSP;0.800
234.00	238.50	CHSP;0.937
241.50	247.50	CHSP;0.898
252.00	255.00	CHSP;0.800
270.00	274.50	CHSP;0.800
288.00	292.50	CHSP;0.965
297.00	300.00	DEJU;0.828
0.00	3.00	FOSP;0.800
33.00	37.50	FOSP;0.987
52.50	57.00	FOSP;0.823
72.00	78.00	FOSP;0.968
88.50	93.00	FOSP;0.986
105.00	109.50	FOSP;0.943
121.50	126.00	FOSP;0.955
138.00	144.00	FOSP;0.991
153.00	157.50	FOSP;0.956
165.00	174.00	FOSP;0.994
183.00	189.00	FOSP;0.972
199.50	204.00	FOSP;0.941
208.50	214.50	FOSP;0.934
228.00	232.50	FOSP;0.972
246.00	250.50	FOSP;0.969
258.00	262.50	FOSP;0.940
277.50	280.50	FOSP;0.800
3.00	7.50	LISP;0.953
15.00	19.50	LISP;0.989
28.50	33.00	LISP;0.989
40.50	45.00	LISP;0.977
55.50	58.50	LISP;0.800
78.00	82.50	LISP;0.991
93.00	97.50	LISP;0.800
108.00	112.50	LISP;0.846
141.00	145.50	LISP;0.971
157.50	162.00	LISP;0.987
198.00	201.00	LISP;0.923
225.00	229.50	LISP;0.984
238.50	243.00	LISP;0.903
252.00	256.50	LISP;0.893
267.00	270.00	LISP;0.978
280.50	285.00	LISP;0.800
294.00	298.50	LISP;0.996
22.50	70.50	PISI;0.998
75.00	78.00	PISI;0.800
94.50	100.50	PISI;0.800
103.50	106.50	PISI;0.800
108.00	139.50	PISI;0.997
142.50	153.00	PISI;0.966
180.00	186.00	PISI;0.927
187.50	193.50	PISI;0.850
202.50	208.50	PISI;0.956
219.00	223.50	PISI;0.925
231.00	235.50	PISI;0.984
76.50	79.50	ROWR;0.970
1.50	4.50	WCSP;0.873
12.00	16.50	WCSP;0.980
64.50	69.00	WCSP;0.932
124.50	129.00	WCSP;0.993
181.50	184.50	YRWA;0.936
