166.50	169.50	ANHU;0.861
124.50	127.50	BCCH;0.867
178.50	181.50	BRSP;0.851
39.00	43.50	CHSP;0.800
57.00	61.50	CHSP;0.818
66.00	72.00	CHSP;0.989
73.50	79.50	CHSP;0.995
82.50	87.00	CHSP;0.978
90.00	94.50	CHSP;0.965
96.00	102.00	CHSP;0.964
109.50	115.50	CHSP;0.901
118.50	123.00	CHSP;0.964
126.00	130.50	CHSP;0.979
133.50	139.50	CHSP;0.913
142.50	148.50	CHSP;0.984
150.00	154.50	CHSP;0.800
157.50	160.50	CHSP;0.800
165.00	171.00	CHSP;0.984
178.50	183.00	CHSP;0.800
187.50	192.00	CHSP;0.901
193.50	198.00	CHSP;0.955
202.50	207.00	CHSP;0.986
210.00	214.50	CHSP;0.988
219.00	223.50	CHSP;0.968
228.00	231.00	CHSP;0.800
237.00	241.50	CHSP;0.876
246.00	250.50	CHSP;0.966
253.50	259.50	CHSP;0.800
48.00	51.00	DEJU;0.800
69.00	72.00	DEJU;0.800
73.50	76.50	DEJU;0.800
85.50	88.50	DEJU;0.800
93.00	102.00	DEJU;0.914
109.50	112.50	DEJU;0.800
117.00	120.00	DEJU;0.800
129.00	132.00	DEJU;0.800
133.50	139.50	DEJU;0.815
150.00	153.00	DEJU;0.800
157.50	160.50	DEJU;0.800
168.00	171.00	DEJU;0.800
189.00	192.00	DEJU;0.942
213.00	216.00	DEJU;0.800
222.00	225.00	DEJU;0.946
237.00	243.00	DEJU;0.861
244.50	247.50	DEJU;0.800
54.00	57.00	FISP;0.876
81.00	85.50	FISP;0.912
34.50	39.00	GCSP;0.943
60.00	63.00	HASP;0.804
6.00	9.00	LISP;0.981
216.00	220.50	LISP;0.974
295.50	298.50	LISP;0.873
10.50	13.50	MOCH;0.922
58.50	61.50	MOCH;0.884
96.00	99.00	MOCH;0.854
7.50	12.00	WCSP;0.800
19.50	31.50	WCSP;0.998
73.50	78.00	WCSP;0.821
84.00	88.50	WCSP;0.800
151.50	154.50	WCSP;0.822
162.00	165.00	WCSP;0.905
174.00	178.50	WCSP;0.920
199.50	202.50	WCSP;0.800
204.00	208.50	WCSP;0.984
228.00	231.00	WCSP;0.800
282.00	286.50	WCSP;0.946
292.50	297.00	WCSP;0.800
0.00	21.00	WTSP;0.998
28.50	34.50	WTSP;0.994
36.00	42.00	WTSP;0.960
45.00	49.50	WTSP;0.925
55.50	61.50	WTSP;0.988
63.00	67.50	WTSP;0.993
69.00	75.00	WTSP;0.932
76.50	88.50	WTSP;0.991
93.00	108.00	WTSP;0.995
111.00	117.00	WTSP;0.979
120.00	126.00	WTSP;0.996
129.00	136.50	WTSP;0.998
145.50	150.00	WTSP;0.800
153.00	168.00	WTSP;0.989
171.00	211.50	WTSP;0.997
213.00	217.50	WTSP;0.996
219.00	235.50	WTSP;0.995
249.00	255.00	WTSP;0.977
262.50	267.00	WTSP;0.800
69.00	73.50	YRWA;0.987
81.00	85.50	YRWA;0.855
100.50	105.00	YRWA;0.994
127.50	132.00	YRWA;0.979
141.00	145.50	YRWA;0.994
151.50	156.00	YRWA;0.813
169.50	174.00	YRWA;0.897
234.00	238.50	YRWA;0.958
252.00	256.50	YRWA;0.907
265.50	270.00	YRWA;0.985
289.50	294.00	YRWA;0.830
