1.50	7.50	CHSP;0.973
10.50	18.00	CHSP;0.969
19.50	25.50	CHSP;0.972
30.00	36.00	CHSP;0.991
39.00	45.00	CHSP;0.974
48.00	54.00	CHSP;0.982
57.00	64.50	CHSP;0.964
69.00	75.00	CHSP;0.972
79.50	85.50	CHSP;0.974
87.00	93.00	CHSP;0.981
99.00	105.00	CHSP;0.976
109.50	115.50	CHSP;0.961
118.50	126.00	CHSP;0.977
156.00	160.50	CHSP;0.872
177.00	181.50	CHSP;0.800
202.50	210.00	CHSP;0.969
211.50	217.50	CHSP;0.972
220.50	226.50	CHSP;0.967
54.00	57.00	FOSP;0.928
70.50	73.50	FOSP;0.847
25.50	28.50	MOCH;0.848
94.50	100.50	WCSP;0.989
165.00	169.50	WCSP;0.938
181.50	184.50	WCSP;0.800
