18.00	21.00	AMRO;0.843
138.00	142.50	AMRO;0.869
1.50	4.50	CHSP;0.944
9.00	12.00	CHSP;0.800
18.00	21.00	CHSP;0.974
33.00	36.00	CHSP;0.981
40.50	45.00	CHSP;0.947
46.50	52.50	CHSP;0.989
121.50	126.00	CHSP;0.895
177.00	180.00	CHSP;0.800
13.50	18.00	FOSP;0.846
30.00	34.50	FOSP;0.800
63.00	67.50	FOSP;0.800
112.50	115.50	FOSP;0.800
129.00	132.00	FOSP;0.903
171.00	174.00	FOSP;0.818
175.50	180.00	FOSP;0.941
205.50	208.50	FOSP;0.800
252.00	256.50	FOSP;0.800
274.50	279.00	FOSP;0.829
283.50	288.00	FOSP;0.942
297.00	300.00	FOSP;0.800
24.00	27.00	RBGR;0.823
216.00	219.00	SWSP;0.820
39.00	42.00	VATH;0.850
213.00	216.00	VATH;0.951
3.00	9.00	WCSP;0.993
12.00	16.50	WCSP;0.985
19.50	25.50	WCSP;0.994
27.00	33.00	WCSP;0.993
36.00	40.50	WCSP;0.994
43.50	48.00	WCSP;0.991
51.00	57.00	WCSP;0.993
60.00	64.50	WCSP;0.993
67.50	72.00	WCSP;0.990
75.00	81.00	WCSP;0.993
84.00	90.00	WCSP;0.995
93.00	97.50	WCSP;0.993
100.50	106.50	WCSP;0.994
109.50	114.00	WCSP;0.991
117.00	123.00	WCSP;0.990
126.00	130.50	WCSP;0.992
133.50	139.50	WCSP;0.992
142.50	148.50	WCSP;0.994
151.50	156.00	WCSP;0.994
159.00	163.50	WCSP;0.992
166.50	172.50	WCSP;0.993
180.00	186.00	WCSP;0.993
189.00	195.00	WCSP;0.995
199.50	204.00	WCSP;0.994
208.50	213.00	WCSP;0.997
223.50	228.00	WCSP;0.991
237.00	241.50	WCSP;0.994
249.00	253.50	WCSP;0.990
259.50	264.00	WCSP;0.992
270.00	274.50	WCSP;0.994
280.50	285.00	WCSP;0.994
289.50	295.50	WCSP;0.995
3.00	9.00	WTSP;0.800
54.00	58.50	WTSP;0.993
61.50	67.50	WTSP;0.989
69.00	78.00	WTSP;0.991
79.50	94.50	WTSP;0.998
96.00	102.00	WTSP;0.996
105.00	111.00	WTSP;0.998
114.00	120.00	WTSP;0.995
123.00	127.50	WTSP;0.875
132.00	136.50	WTSP;0.831
142.50	145.50	WTSP;0.800
153.00	159.00	WTSP;0.983
162.00	169.50	WTSP;0.997
172.50	178.50	WTSP;0.996
183.00	189.00	WTSP;0.998
193.50	201.00	WTSP;0.996
213.00	225.00	WTSP;0.996
231.00	235.50	WTSP;0.995
241.50	247.50	WTSP;0.991
253.50	259.50	WTSP;0.996
264.00	271.50	WTSP;0.995
276.00	282.00	WTSP;0.999
292.50	298.50	WTSP;0.995
0.00	4.50	WIWA;0.800
7.50	12.00	WIWA;0.931
57.00	60.00	WIWA;0.800
64.50	69.00	WIWA;0.800
148.50	153.00	WIWA;0.965
186.00	190.50	WIWA;0.847
202.50	205.50	WIWA;0.985
211.50	214.50	WIWA;0.800
216.00	220.50	WIWA;0.800
232.50	237.00	WIWA;0.942
240.00	244.50	WIWA;0.983
246.00	250.50	WIWA;0.984
255.00	261.00	WIWA;0.984
262.50	267.00	WIWA;0.968
271.50	276.00	WIWA;0.991
283.50	291.00	WIWA;0.983
294.00	298.50	WIWA;0.910
