49.50	52.50	BCCH;0.810
61.50	64.50	BCCH;0.831
238.50	241.50	BCCH;0.808
229.50	232.50	BRSP;0.852
262.50	265.50	FISP;0.860
36.00	39.00	HETH;0.800
60.00	64.50	HETH;0.800
66.00	78.00	HETH;0.994
81.00	109.50	HETH;0.996
111.00	189.00	HETH;0.999
193.50	264.00	HETH;0.996
265.50	274.50	HETH;0.996
276.00	300.00	HETH;0.995
192.00	195.00	LESA;0.824
274.50	277.50	LISP;0.841
34.50	39.00	MOCH;0.979
37.50	40.50	SWSP;0.887
142.50	145.50	WTSP;0.807
253.50	256.50	WTSP;0.964
196.50	199.50	WIWA;0.856
211.50	216.00	WIWA;0.979
