189.00	192.00	CHSP;0.854
103.50	106.50	EVGR;0.833
117.00	121.50	FOSP;0.808
123.00	127.50	FOSP;0.846
138.00	141.00	FOSP;0.800
156.00	160.50	FOSP;0.800
174.00	180.00	FOSP;0.913
187.50	192.00	FOSP;0.941
213.00	217.50	FOSP;0.974
234.00	237.00	FOSP;0.800
249.00	253.50	FOSP;0.800
271.50	274.50	FOSP;0.800
292.50	298.50	FOSP;0.886
51.00	54.00	SWSP;0.938
58.50	61.50	SWSP;0.854
265.50	268.50	TOSO;0.820
82.50	87.00	VATH;0.943
94.50	97.50	VATH;0.847
105.00	108.00	VATH;0.806
4.50	9.00	WCSP;0.993
13.50	18.00	WCSP;0.994
24.00	28.50	WCSP;0.988
34.50	39.00	WCSP;0.990
45.00	49.50	WCSP;0.994
54.00	58.50	WCSP;0.989
64.50	69.00	WCSP;0.992
75.00	81.00	WCSP;0.992
85.50	93.00	WCSP;0.989
97.50	102.00	WCSP;0.991
109.50	114.00	WCSP;0.989
120.00	124.50	WCSP;0.994
130.50	135.00	WCSP;0.990
139.50	148.50	WCSP;0.985
150.00	165.00	WCSP;0.990
168.00	175.50	WCSP;0.990
178.50	187.50	WCSP;0.992
192.00	198.00	WCSP;0.988
202.50	210.00	WCSP;0.994
211.50	216.00	WCSP;0.979
217.50	226.50	WCSP;0.992
231.00	235.50	WCSP;0.973
241.50	250.50	WCSP;0.991
252.00	256.50	WCSP;0.989
259.50	265.50	WCSP;0.998
268.50	277.50	WCSP;0.985
279.00	283.50	WCSP;0.992
286.50	294.00	WCSP;0.995
3.00	6.00	WTSP;0.800
27.00	31.50	WTSP;0.958
43.50	46.50	WTSP;0.800
96.00	99.00	WTSP;0.800
102.00	108.00	WTSP;0.859
138.00	142.50	WTSP;0.814
147.00	150.00	WTSP;0.800
190.50	193.50	WTSP;0.800
235.50	241.50	WTSP;0.991
264.00	268.50	WTSP;0.854
280.50	283.50	WTSP;0.800
295.50	300.00	WTSP;0.969
79.50	82.50	WIWA;0.832
