532.50	535.50	AMAV;0.928
63.00	66.00	AMDI;0.824
75.00	78.00	AMDI;0.866
187.50	190.50	AMDI;0.805
354.00	357.00	BAIS;0.929
42.00	46.50	FOSP;0.942
94.50	99.00	FOSP;0.876
142.50	147.00	FOSP;0.800
193.50	198.00	FOSP;0.964
207.00	210.00	FOSP;0.800
223.50	228.00	FOSP;0.800
241.50	246.00	FOSP;0.800
492.00	496.50	FOSP;0.800
502.50	505.50	FOSP;0.800
520.50	523.50	FOSP;0.800
535.50	540.00	FOSP;0.929
240.00	243.00	GCSP;0.929
1.50	6.00	LISP;0.924
13.50	18.00	LISP;0.947
25.50	30.00	LISP;0.815
39.00	43.50	LISP;0.945
52.50	57.00	LISP;0.977
64.50	69.00	LISP;0.928
76.50	81.00	LISP;0.934
90.00	94.50	LISP;0.844
102.00	106.50	LISP;0.979
114.00	118.50	LISP;0.985
127.50	132.00	LISP;0.898
139.50	144.00	LISP;0.962
153.00	157.50	LISP;0.988
163.50	168.00	LISP;0.832
175.50	180.00	LISP;0.935
187.50	192.00	LISP;0.959
198.00	202.50	LISP;0.907
208.50	213.00	LISP;0.929
222.00	226.50	LISP;0.909
234.00	238.50	LISP;0.932
246.00	250.50	LISP;0.946
258.00	261.00	LISP;0.800
270.00	273.00	LISP;0.800
280.50	285.00	LISP;0.800
304.50	309.00	LISP;0.930
318.00	322.50	LISP;0.800
328.50	333.00	LISP;0.800
342.00	345.00	LISP;0.800
355.50	360.00	LISP;0.876
369.00	373.50	LISP;0.941
381.00	385.50	LISP;0.882
408.00	412.50	LISP;0.885
420.00	424.50	LISP;0.946
450.00	453.00	LISP;0.876
460.50	465.00	LISP;0.848
499.50	504.00	LISP;0.914
513.00	516.00	LISP;0.800
540.00	544.50	LISP;0.899
552.00	556.50	LISP;0.842
565.50	570.00	LISP;0.800
579.00	583.50	LISP;0.875
591.00	595.50	LISP;0.893
0.00	3.00	MOCH;0.800
18.00	21.00	MOCH;0.800
46.50	51.00	MOCH;0.938
61.50	64.50	MOCH;0.800
76.50	79.50	MOCH;0.802
126.00	129.00	MOCH;0.800
169.50	172.50	MOCH;0.800
181.50	184.50	MOCH;0.800
204.00	207.00	MOCH;0.800
252.00	258.00	MOCH;0.800
271.50	274.50	MOCH;0.800
276.00	279.00	MOCH;0.951
430.50	433.50	MOCH;0.800
469.50	474.00	MOCH;0.940
492.00	495.00	MOCH;0.800
529.50	532.50	MOCH;0.800
588.00	592.50	MOCH;0.800
450.00	454.50	PUFI;0.897
462.00	466.50	PUFI;0.885
474.00	478.50	PUFI;0.877
490.50	493.50	PUFI;0.859
580.50	583.50	PUFI;0.862
592.50	595.50	PUFI;0.880
67.50	70.50	RUGR;0.828
510.00	514.50	SNBU;0.862
589.50	592.50	SWSP;0.809
22.50	27.00	VATH;0.910
96.00	100.50	VATH;0.896
165.00	169.50	VATH;0.906
237.00	241.50	VATH;0.800
249.00	253.50	VATH;0.973
283.50	286.50	VATH;0.800
331.50	340.50	VATH;0.949
441.00	444.00	VATH;0.800
447.00	451.50	VATH;0.977
502.50	507.00	VATH;0.928
517.50	522.00	VATH;0.891
556.50	559.50	VATH;0.800
594.00	598.50	VATH;0.930
4.50	13.50	WTSP;0.984
15.00	19.50	WTSP;0.984
27.00	31.50	WTSP;0.916
43.50	49.50	WTSP;0.984
57.00	63.00	WTSP;0.992
78.00	82.50	WTSP;0.927
105.00	111.00	WTSP;0.992
123.00	127.50	WTSP;0.990
135.00	139.50	WTSP;0.800
145.50	150.00	WTSP;0.812
159.00	166.50	WTSP;0.997
169.50	175.50	WTSP;0.916
181.50	187.50	WTSP;0.990
201.00	205.50	WTSP;0.978
240.00	243.00	WTSP;0.800
252.00	258.00	WTSP;0.979
271.50	277.50	WTSP;0.996
294.00	298.50	WTSP;0.800
315.00	319.50	WTSP;0.800
406.50	411.00	WTSP;0.974
430.50	435.00	WTSP;0.983
451.50	456.00	WTSP;0.869
471.00	474.00	WTSP;0.800
489.00	493.50	WTSP;0.921
507.00	511.50	WTSP;0.970
526.50	531.00	WTSP;0.960
543.00	547.50	WTSP;0.906
561.00	567.00	WTSP;0.965
577.50	580.50	WTSP;0.933
583.50	588.00	WTSP;0.955
589.50	592.50	WTSP;0.800
72.00	75.00	WIWA;0.807
312.00	315.00	YRWA;0.811
340.50	345.00	YRWA;0.883
375.00	379.50	YRWA;0.970
399.00	402.00	YRWA;0.826
531.00	534.00	YRWA;0.941
