3.00	6.00	AMRO;0.800
42.00	45.00	AMRO;0.800
67.50	70.50	AMRO;0.901
81.00	84.00	AMRO;0.800
108.00	112.50	AMRO;0.800
189.00	201.00	AMRO;0.895
205.50	210.00	AMRO;0.800
219.00	225.00	AMRO;0.988
231.00	235.50	AMRO;0.893
238.50	244.50	AMRO;0.800
252.00	258.00	AMRO;0.918
265.50	268.50	AMRO;0.800
234.00	237.00	EATO;0.887
1.50	6.00	FOSP;0.800
22.50	28.50	FOSP;0.800
37.50	40.50	FOSP;0.800
49.50	54.00	FOSP;0.800
63.00	67.50	FOSP;0.937
75.00	79.50	FOSP;0.899
85.50	88.50	FOSP;0.800
97.50	100.50	FOSP;0.800
109.50	114.00	FOSP;0.801
136.50	141.00	FOSP;0.960
148.50	153.00	FOSP;0.800
160.50	165.00	FOSP;0.800
168.00	171.00	FOSP;0.800
172.50	177.00	FOSP;0.854
199.50	205.50	FOSP;0.941
211.50	216.00	FOSP;0.984
223.50	228.00	FOSP;0.941
235.50	240.00	FOSP;0.970
244.50	249.00	FOSP;0.989
256.50	261.00	FOSP;0.933
268.50	273.00	FOSP;0.969
291.00	295.50	FOSP;0.988
259.50	262.50	GCSP;0.836
4.50	9.00	LISP;0.997
12.00	16.50	LISP;0.994
21.00	25.50	LISP;0.981
27.00	33.00	LISP;0.997
34.50	40.50	LISP;0.996
43.50	48.00	LISP;0.998
49.50	57.00	LISP;0.995
58.50	64.50	LISP;0.994
69.00	76.50	LISP;0.995
78.00	81.00	LISP;0.814
87.00	91.50	LISP;0.989
96.00	100.50	LISP;0.944
105.00	109.50	LISP;0.992
114.00	118.50	LISP;0.800
121.50	126.00	LISP;0.996
130.50	135.00	LISP;0.995
139.50	145.50	LISP;0.995
150.00	154.50	LISP;0.993
159.00	163.50	LISP;0.983
171.00	175.50	LISP;0.980
181.50	186.00	LISP;0.992
178.50	181.50	MOCH;0.886
187.50	190.50	MOCH;0.800
219.00	222.00	MOCH;0.921
229.50	234.00	MOCH;0.800
241.50	244.50	MOCH;0.925
262.50	265.50	MOCH;0.966
285.00	289.50	MOCH;0.800
33.00	36.00	OSFL;0.835
238.50	241.50	OSFL;0.897
0.00	3.00	WCSP;0.989
6.00	9.00	WCSP;0.924
16.50	21.00	WTSP;0.973
46.50	49.50	WTSP;0.800
55.50	60.00	WTSP;0.983
76.50	81.00	WTSP;0.969
85.50	90.00	WTSP;0.800
93.00	99.00	WTSP;0.979
102.00	108.00	WTSP;0.990
112.50	120.00	WTSP;0.800
123.00	129.00	WTSP;0.992
132.00	138.00	WTSP;0.995
141.00	147.00	WTSP;0.973
154.50	160.50	WTSP;0.997
163.50	168.00	WTSP;0.971
174.00	180.00	WTSP;0.997
184.50	189.00	WTSP;0.824
195.00	202.50	WTSP;0.994
214.50	220.50	WTSP;0.994
226.50	232.50	WTSP;0.994
238.50	243.00	WTSP;0.989
247.50	253.50	WTSP;0.995
259.50	264.00	WTSP;0.992
279.00	286.50	WTSP;0.991
1.50	4.50	WIWA;0.913
24.00	28.50	WIWA;0.800
33.00	37.50	WIWA;0.988
46.50	51.00	WIWA;0.904
55.50	61.50	WIWA;0.900
99.00	105.00	WIWA;0.992
108.00	111.00	WIWA;0.979
117.00	121.50	WIWA;0.988
126.00	130.50	WIWA;0.928
133.50	138.00	WIWA;0.965
139.50	144.00	WIWA;0.915
145.50	151.50	WIWA;0.973
156.00	172.50	WIWA;0.985
177.00	180.00	WIWA;0.800
184.50	187.50	WIWA;0.800
190.50	196.50	WIWA;0.988
198.00	202.50	WIWA;0.952
204.00	210.00	WIWA;0.990
213.00	217.50	WIWA;0.974
220.50	225.00	WIWA;0.983
228.00	232.50	WIWA;0.954
235.50	240.00	WIWA;0.928
244.50	249.00	WIWA;0.974
255.00	258.00	WIWA;0.800
264.00	270.00	WIWA;0.815
276.00	282.00	WIWA;0.991
294.00	300.00	WIWA;0.972
