1.50	6.00	CHSW;0.907
12.00	16.50	CHSW;0.844
24.00	27.00	CHSW;0.800
31.50	36.00	CHSW;0.800
52.50	57.00	CHSW;0.800
63.00	69.00	CHSW;0.931
84.00	88.50	CHSW;0.800
93.00	96.00	CHSW;0.800
114.00	118.50	CHSW;0.982
127.50	132.00	CHSW;0.800
139.50	144.00	CHSW;0.812
154.50	159.00	CHSW;0.903
165.00	169.50	CHSW;0.800
177.00	180.00	CHSW;0.800
201.00	205.50	CHSW;0.800
223.50	229.50	CHSW;0.956
240.00	244.50	CHSW;0.800
252.00	256.50	CHSW;0.800
267.00	271.50	CHSW;0.800
276.00	280.50	CHSW;0.800
288.00	292.50	CHSW;0.800
27.00	30.00	EATO;0.930
0.00	4.50	FOSP;0.981
15.00	19.50	FOSP;0.937
28.50	33.00	FOSP;0.964
42.00	46.50	FOSP;0.800
57.00	61.50	FOSP;0.882
67.50	73.50	FOSP;0.991
87.00	91.50	FOSP;0.985
105.00	109.50	FOSP;0.934
123.00	129.00	FOSP;0.992
144.00	148.50	FOSP;0.972
159.00	163.50	FOSP;0.807
171.00	175.50	FOSP;0.934
190.50	195.00	FOSP;0.800
207.00	213.00	FOSP;0.942
228.00	232.50	FOSP;0.973
244.50	249.00	FOSP;0.920
261.00	265.50	FOSP;0.978
36.00	39.00	MOCH;0.980
57.00	60.00	SNBU;0.831
10.50	13.50	WTSP;0.863
34.50	37.50	WTSP;0.921
54.00	57.00	WTSP;0.889
12.00	16.50	WIWA;0.800
22.50	27.00	WIWA;0.840
31.50	36.00	WIWA;0.852
42.00	46.50	WIWA;0.960
73.50	78.00	WIWA;0.984
84.00	87.00	WIWA;0.800
93.00	99.00	WIWA;0.990
165.00	168.00	WIWA;0.800
201.00	205.50	WIWA;0.800
211.50	216.00	WIWA;0.948
241.50	244.50	WIWA;0.800
252.00	255.00	WIWA;0.800
