61.50	64.50	CHSW;0.819
180.00	183.00	LISP;0.897
201.00	205.50	LISP;0.982
270.00	273.00	LISP;0.835
282.00	286.50	LISP;0.965
294.00	297.00	LISP;0.860
4.50	7.50	MOCH;0.940
33.00	36.00	MOCH;0.877
222.00	229.50	PISI;0.988
162.00	166.50	WCSP;0.988
169.50	174.00	WCSP;0.976
177.00	181.50	WCSP;0.984
184.50	189.00	WCSP;0.989
193.50	198.00	WCSP;0.988
204.00	208.50	WCSP;0.982
264.00	267.00	WCSP;0.867
274.50	277.50	WCSP;0.981
286.50	291.00	WCSP;0.972
295.50	300.00	WCSP;0.990
6.00	12.00	WTSP;0.995
16.50	24.00	WTSP;0.998
28.50	34.50	WTSP;0.997
43.50	49.50	WTSP;0.997
273.00	280.50	WTSP;0.933
288.00	294.00	WTSP;0.987
39.00	42.00	WIWA;0.962
58.50	61.50	WIWA;0.955
69.00	73.50	WIWA;0.976
