31.50	34.50	AMRO;0.800
85.50	91.50	AMRO;0.901
102.00	108.00	AMRO;0.975
126.00	130.50	AMRO;0.800
175.50	180.00	AMRO;0.870
196.50	202.50	AMRO;0.963
222.00	226.50	AMRO;0.800
96.00	99.00	BTNW;0.875
36.00	39.00	BRSP;0.845
43.50	46.50	EVGR;0.804
49.50	52.50	FOSP;0.800
73.50	78.00	FOSP;0.800
91.50	94.50	FOSP;0.800
108.00	112.50	FOSP;0.800
117.00	121.50	FOSP;0.859
124.50	129.00	FOSP;0.901
135.00	138.00	FOSP;0.800
160.50	165.00	FOSP;0.887
171.00	175.50	FOSP;0.826
180.00	184.50	FOSP;0.894
190.50	195.00	FOSP;0.950
204.00	207.00	FOSP;0.800
219.00	223.50	FOSP;0.935
231.00	235.50	FOSP;0.905
190.50	193.50	HETH;0.971
144.00	148.50	MOCH;0.918
100.50	103.50	PHVI;0.809
54.00	58.50	PISI;0.938
112.50	115.50	RUBL;0.820
93.00	97.50	SOSA;0.956
120.00	123.00	SOSA;0.832
25.50	31.50	WCSP;0.976
33.00	37.50	WCSP;0.939
39.00	43.50	WCSP;0.950
45.00	51.00	WCSP;0.971
57.00	63.00	WCSP;0.990
69.00	73.50	WCSP;0.981
78.00	82.50	WCSP;0.980
87.00	93.00	WCSP;0.978
96.00	102.00	WCSP;0.986
114.00	118.50	WCSP;0.955
129.00	133.50	WCSP;0.937
136.50	141.00	WCSP;0.976
148.50	153.00	WCSP;0.968
156.00	162.00	WCSP;0.964
174.00	178.50	WCSP;0.897
189.00	192.00	WCSP;0.842
196.50	201.00	WCSP;0.954
205.50	210.00	WCSP;0.881
213.00	217.50	WCSP;0.976
220.50	225.00	WCSP;0.974
228.00	232.50	WCSP;0.923
235.50	240.00	WCSP;0.917
250.50	255.00	WCSP;0.975
258.00	262.50	WCSP;0.810
264.00	268.50	WCSP;0.939
280.50	285.00	WCSP;0.884
288.00	292.50	WCSP;0.985
295.50	300.00	WCSP;0.980
