207.00	210.00	AMRO;0.885
220.50	225.00	AMRO;0.957
235.50	238.50	AMRO;0.951
243.00	246.00	CCSP;0.825
216.00	219.00	EATO;0.849
6.00	9.00	FOSP;0.800
31.50	36.00	FOSP;0.858
46.50	52.50	FOSP;0.967
63.00	67.50	FOSP;0.975
78.00	81.00	FOSP;0.800
165.00	168.00	FOSP;0.800
198.00	201.00	FOSP;0.800
208.50	211.50	FOSP;0.800
217.50	220.50	FOSP;0.800
252.00	256.50	FOSP;0.847
261.00	267.00	FOSP;0.973
276.00	279.00	FOSP;0.827
108.00	111.00	GCSP;0.861
127.50	130.50	GCSP;0.909
211.50	214.50	GCSP;0.817
240.00	243.00	GCSP;0.807
172.50	175.50	MOCH;0.862
255.00	258.00	SWSP;0.831
1.50	6.00	WCSP;0.988
9.00	13.50	WCSP;0.990
18.00	22.50	WCSP;0.989
25.50	30.00	WCSP;0.985
31.50	37.50	WCSP;0.994
39.00	43.50	WCSP;0.994
45.00	55.50	WCSP;0.992
58.50	63.00	WCSP;0.990
66.00	70.50	WCSP;0.997
72.00	87.00	WCSP;0.998
90.00	100.50	WCSP;0.993
102.00	120.00	WCSP;0.999
121.50	126.00	WCSP;0.991
129.00	133.50	WCSP;0.991
135.00	139.50	WCSP;0.990
142.50	147.00	WCSP;0.989
150.00	154.50	WCSP;0.982
157.50	163.50	WCSP;0.991
168.00	172.50	WCSP;0.993
174.00	178.50	WCSP;0.993
181.50	187.50	WCSP;0.992
192.00	196.50	WCSP;0.991
201.00	205.50	WCSP;0.985
213.00	217.50	WCSP;0.993
223.50	228.00	WCSP;0.992
229.50	234.00	WCSP;0.990
240.00	246.00	WCSP;0.986
247.50	256.50	WCSP;0.989
258.00	262.50	WCSP;0.989
265.50	270.00	WCSP;0.992
273.00	279.00	WCSP;0.966
280.50	285.00	WCSP;0.988
288.00	292.50	WCSP;0.994
295.50	300.00	WCSP;0.978
0.00	4.50	WTSP;0.993
6.00	12.00	WTSP;0.993
15.00	27.00	WTSP;0.997
28.50	42.00	WTSP;0.998
43.50	46.50	WTSP;0.930
51.00	54.00	WTSP;0.934
57.00	60.00	WTSP;0.800
64.50	69.00	WTSP;0.800
70.50	76.50	WTSP;0.800
78.00	84.00	WTSP;0.989
85.50	99.00	WTSP;0.973
100.50	105.00	WTSP;0.992
108.00	112.50	WTSP;0.800
117.00	121.50	WTSP;0.958
123.00	129.00	WTSP;0.992
130.50	136.50	WTSP;0.986
139.50	144.00	WTSP;0.986
147.00	153.00	WTSP;0.994
154.50	159.00	WTSP;0.994
160.50	166.50	WTSP;0.982
169.50	175.50	WTSP;0.987
177.00	199.50	WTSP;0.996
202.50	207.00	WTSP;0.985
210.00	216.00	WTSP;0.930
217.50	222.00	WTSP;0.963
232.50	237.00	WTSP;0.976
238.50	243.00	WTSP;0.800
249.00	253.50	WTSP;0.800
259.50	265.50	WTSP;0.997
271.50	276.00	WTSP;0.843
282.00	286.50	WTSP;0.915
294.00	298.50	WTSP;0.965
3.00	7.50	WIWA;0.940
12.00	18.00	WIWA;0.982
22.50	28.50	WIWA;0.991
43.50	46.50	WIWA;0.800
55.50	60.00	WIWA;0.921
69.00	72.00	WIWA;0.950
76.50	81.00	WIWA;0.987
87.00	91.50	WIWA;0.984
112.50	117.00	WIWA;0.950
118.50	123.00	WIWA;0.986
133.50	136.50	WIWA;0.800
141.00	145.50	WIWA;0.987
148.50	160.50	WIWA;0.991
162.00	174.00	WIWA;0.971
175.50	180.00	WIWA;0.962
187.50	192.00	WIWA;0.987
199.50	208.50	WIWA;0.990
210.00	214.50	WIWA;0.922
217.50	222.00	WIWA;0.822
225.00	229.50	WIWA;0.919
231.00	238.50	WIWA;0.963
246.00	250.50	WIWA;0.991
256.50	259.50	WIWA;0.800
268.50	273.00	WIWA;0.800
276.00	280.50	WIWA;0.800
285.00	288.00	WIWA;0.800
291.00	295.50	WIWA;0.896
