28.50	31.50	AMDI;0.827
505.50	510.00	CHSW;0.800
516.00	522.00	CHSW;0.843
537.00	543.00	CHSW;0.989
553.50	558.00	CHSW;0.931
564.00	570.00	CHSW;0.800
573.00	576.00	CHSW;0.800
588.00	592.50	CHSW;0.800
3.00	7.50	CHSP;0.870
16.50	22.50	CHSP;0.985
25.50	31.50	CHSP;0.925
34.50	40.50	CHSP;0.988
43.50	48.00	CHSP;0.914
51.00	57.00	CHSP;0.993
60.00	64.50	CHSP;0.800
69.00	73.50	CHSP;0.894
99.00	103.50	CHSP;0.940
106.50	109.50	CHSP;0.800
114.00	118.50	CHSP;0.986
121.50	126.00	CHSP;0.800
132.00	136.50	CHSP;0.800
148.50	154.50	CHSP;0.969
162.00	168.00	CHSP;0.972
270.00	274.50	CHSP;0.950
423.00	427.50	CHSP;0.800
132.00	135.00	EAME;0.920
124.50	127.50	FISP;0.970
51.00	55.50	FOSP;0.800
70.50	75.00	FOSP;0.977
76.50	79.50	FOSP;0.800
82.50	85.50	FOSP;0.800
108.00	112.50	FOSP;0.939
148.50	151.50	FOSP;0.800
169.50	172.50	FOSP;0.800
190.50	195.00	FOSP;0.809
241.50	246.00	FOSP;0.800
282.00	286.50	FOSP;0.952
292.50	297.00	FOSP;0.800
303.00	306.00	FOSP;0.800
313.50	316.50	FOSP;0.800
322.50	325.50	FOSP;0.800
331.50	336.00	FOSP;0.800
346.50	352.50	FOSP;0.930
493.50	498.00	FOSP;0.800
523.50	528.00	FOSP;0.876
12.00	16.50	LISP;0.900
30.00	33.00	LISP;0.836
45.00	49.50	LISP;0.800
61.50	64.50	LISP;0.810
78.00	81.00	LISP;0.800
93.00	97.50	LISP;0.800
156.00	160.50	LISP;0.972
175.50	178.50	LISP;0.878
259.50	264.00	LISP;0.800
274.50	279.00	LISP;0.947
291.00	294.00	LISP;0.800
309.00	312.00	LISP;0.800
358.50	361.50	LISP;0.882
375.00	379.50	LISP;0.800
394.50	397.50	LISP;0.800
427.50	430.50	LISP;0.800
474.00	477.00	LISP;0.844
558.00	561.00	LISP;0.864
574.50	577.50	LISP;0.800
450.00	453.00	MOCH;0.809
40.50	45.00	SNBU;0.953
117.00	121.50	SNBU;0.888
147.00	150.00	SNBU;0.845
292.50	295.50	SNBU;0.814
321.00	324.00	SNBU;0.856
483.00	486.00	SNBU;0.828
15.00	18.00	WTSP;0.800
31.50	37.50	WTSP;0.996
48.00	52.50	WTSP;0.995
55.50	60.00	WTSP;0.957
66.00	76.50	WTSP;0.986
82.50	88.50	WTSP;0.980
94.50	99.00	WTSP;0.991
109.50	114.00	WTSP;0.992
121.50	126.00	WTSP;0.850
447.00	453.00	WTSP;0.913
466.50	472.50	WTSP;0.996
478.50	484.50	WTSP;0.991
487.50	495.00	WTSP;0.995
504.00	507.00	WTSP;0.800
513.00	517.50	WTSP;0.977
520.50	525.00	WTSP;0.984
531.00	534.00	WTSP;0.827
285.00	288.00	WIFL;0.830
363.00	366.00	YRWA;0.800
373.50	378.00	YRWA;0.968
384.00	390.00	YRWA;0.987
396.00	400.50	YRWA;0.983
405.00	414.00	YRWA;0.982
429.00	433.50	YRWA;0.803
445.50	450.00	YRWA;0.981
456.00	460.50	YRWA;0.989
472.50	475.50	YRWA;0.800
477.00	480.00	YRWA;0.800
