0.00	10.50	AMRO;0.991
12.00	37.50	AMRO;0.982
39.00	61.50	AMRO;0.991
64.50	91.50	AMRO;0.992
93.00	100.50	AMRO;0.914
102.00	124.50	AMRO;0.993
126.00	132.00	AMRO;0.985
133.50	153.00	AMRO;0.994
154.50	166.50	AMRO;1.000
168.00	184.50	AMRO;0.992
186.00	195.00	AMRO;0.976
196.50	207.00	AMRO;0.983
208.50	213.00	AMRO;0.800
214.50	225.00	AMRO;0.909
226.50	240.00	AMRO;0.995
241.50	280.50	AMRO;0.992
282.00	288.00	AMRO;0.989
292.50	298.50	AMRO;0.983
195.00	198.00	NOHA;0.927
136.50	139.50	REVI;0.846
4.50	7.50	RUBL;0.896
243.00	246.00	RUBL;0.810
111.00	115.50	SNBU;0.969
178.50	181.50	SWSP;0.804
37.50	42.00	WCSP;0.969
240.00	243.00	WCSP;0.800
249.00	253.50	WCSP;0.826
258.00	261.00	WCSP;0.957
265.50	270.00	WCSP;0.834
271.50	276.00	WCSP;0.965
280.50	285.00	WCSP;0.983
288.00	292.50	WCSP;0.988
297.00	300.00	WCSP;0.982
100.50	103.50	WIWA;0.895
112.50	117.00	WIWA;0.970
