412.50	415.50	BRSP;0.829
6.00	13.50	FOSP;0.800
37.50	43.50	FOSP;0.800
58.50	63.00	FOSP;0.809
81.00	85.50	FOSP;0.922
97.50	103.50	FOSP;0.837
105.00	109.50	FOSP;0.922
114.00	121.50	FOSP;0.800
142.50	147.00	FOSP;0.800
156.00	159.00	FOSP;0.800
160.50	165.00	FOSP;0.818
175.50	183.00	FOSP;0.868
187.50	195.00	FOSP;0.809
202.50	207.00	FOSP;0.800
216.00	220.50	FOSP;0.800
228.00	234.00	FOSP;0.824
261.00	265.50	FOSP;0.800
268.50	273.00	FOSP;0.853
277.50	282.00	FOSP;0.800
283.50	286.50	FOSP;0.835
291.00	294.00	FOSP;0.887
297.00	304.50	FOSP;0.800
306.00	313.50	FOSP;0.950
316.50	321.00	FOSP;0.967
325.50	330.00	FOSP;0.996
333.00	339.00	FOSP;0.800
340.50	345.00	FOSP;0.934
346.50	351.00	FOSP;0.966
355.50	364.50	FOSP;0.967
367.50	375.00	FOSP;0.890
376.50	381.00	FOSP;0.954
382.50	390.00	FOSP;0.800
397.50	403.50	FOSP;0.852
405.00	412.50	FOSP;0.836
418.50	423.00	FOSP;0.858
433.50	438.00	FOSP;0.949
448.50	459.00	FOSP;0.981
462.00	471.00	FOSP;0.974
478.50	483.00	FOSP;0.836
487.50	493.50	FOSP;0.800
499.50	505.50	FOSP;0.940
510.00	516.00	FOSP;0.940
519.00	528.00	FOSP;0.805
529.50	532.50	FOSP;0.817
534.00	538.50	FOSP;0.846
540.00	546.00	FOSP;0.976
550.50	555.00	FOSP;0.885
559.50	567.00	FOSP;0.894
571.50	579.00	FOSP;0.873
583.50	589.50	FOSP;0.912
129.00	132.00	GCSP;0.804
163.50	166.50	GCSP;0.917
184.50	189.00	GCSP;0.978
201.00	204.00	GCSP;0.859
436.50	441.00	GCSP;0.871
72.00	75.00	HETH;0.843
112.50	115.50	HETH;0.848
261.00	264.00	HETH;0.843
319.50	324.00	HETH;0.912
336.00	339.00	HETH;0.803
453.00	456.00	HETH;0.840
474.00	477.00	HETH;0.976
544.50	549.00	HETH;0.807
553.50	556.50	HETH;0.955
199.50	204.00	LISP;0.917
21.00	24.00	MOCH;0.800
36.00	39.00	MOCH;0.980
43.50	49.50	MOCH;0.910
67.50	70.50	MOCH;0.836
75.00	78.00	MOCH;0.800
85.50	88.50	MOCH;0.800
94.50	99.00	MOCH;0.800
112.50	115.50	MOCH;0.895
123.00	126.00	MOCH;0.800
129.00	132.00	MOCH;0.800
141.00	144.00	MOCH;0.976
154.50	160.50	MOCH;0.914
171.00	180.00	MOCH;0.800
193.50	196.50	MOCH;0.800
198.00	201.00	MOCH;0.959
237.00	240.00	MOCH;0.869
256.50	262.50	MOCH;0.917
277.50	280.50	MOCH;0.800
285.00	288.00	MOCH;0.800
312.00	316.50	MOCH;0.800
330.00	333.00	MOCH;0.800
340.50	343.50	MOCH;0.800
351.00	354.00	MOCH;0.931
397.50	400.50	MOCH;0.800
415.50	418.50	MOCH;0.800
468.00	471.00	MOCH;0.800
496.50	499.50	MOCH;0.800
540.00	543.00	MOCH;0.800
555.00	559.50	MOCH;0.939
570.00	573.00	MOCH;0.800
579.00	582.00	MOCH;0.800
6.00	9.00	SNBU;0.800
22.50	25.50	SNBU;0.856
39.00	42.00	SNBU;0.800
91.50	94.50	SNBU;0.800
109.50	112.50	SNBU;0.800
154.50	159.00	SNBU;0.905
178.50	183.00	SNBU;0.800
205.50	210.00	SNBU;0.932
226.50	232.50	SNBU;0.943
249.00	252.00	SNBU;0.800
255.00	258.00	SNBU;0.800
291.00	295.50	SNBU;0.903
300.00	304.50	SNBU;0.800
316.50	321.00	SNBU;0.800
375.00	378.00	SNBU;0.800
381.00	384.00	SNBU;0.800
406.50	409.50	SNBU;0.800
475.50	480.00	SNBU;0.800
490.50	493.50	SNBU;0.800
523.50	526.50	SNBU;0.800
532.50	535.50	SNBU;0.800
18.00	21.00	VATH;0.847
33.00	36.00	VATH;0.800
117.00	120.00	VATH;0.800
159.00	163.50	VATH;0.840
216.00	220.50	VATH;0.950
313.50	318.00	VATH;0.944
342.00	346.50	VATH;0.834
379.50	384.00	VATH;0.849
390.00	393.00	VATH;0.800
435.00	439.50	VATH;0.800
472.50	477.00	VATH;0.975
537.00	540.00	VATH;0.800
556.50	561.00	VATH;0.975
594.00	597.00	VATH;0.800
24.00	27.00	WCSP;0.800
30.00	33.00	WCSP;0.800
43.50	48.00	WCSP;0.800
54.00	58.50	WCSP;0.821
60.00	63.00	WCSP;0.800
85.50	90.00	WCSP;0.872
91.50	97.50	WCSP;0.800
108.00	111.00	WCSP;0.800
114.00	118.50	WCSP;0.894
130.50	135.00	WCSP;0.895
142.50	150.00	WCSP;0.800
175.50	178.50	WCSP;0.800
187.50	192.00	WCSP;0.800
202.50	207.00	WCSP;0.800
229.50	235.50	WCSP;0.847
247.50	252.00	WCSP;0.959
271.50	277.50	WCSP;0.990
295.50	301.50	WCSP;0.800
322.50	325.50	WCSP;0.800
330.00	333.00	WCSP;0.800
343.50	348.00	WCSP;0.940
367.50	370.50	WCSP;0.800
373.50	376.50	WCSP;0.956
385.50	390.00	WCSP;0.894
414.00	417.00	WCSP;0.841
438.00	441.00	WCSP;0.800
447.00	450.00	WCSP;0.800
457.50	462.00	WCSP;0.915
465.00	468.00	WCSP;0.800
477.00	483.00	WCSP;0.883
499.50	502.50	WCSP;0.800
559.50	562.50	WCSP;0.800
573.00	576.00	WCSP;0.800
3.00	7.50	WTSP;0.970
10.50	15.00	WTSP;0.979
18.00	24.00	WTSP;0.988
25.50	30.00	WTSP;0.892
33.00	37.50	WTSP;0.985
40.50	46.50	WTSP;0.837
48.00	54.00	WTSP;0.965
55.50	61.50	WTSP;0.989
64.50	69.00	WTSP;0.996
73.50	78.00	WTSP;0.910
82.50	87.00	WTSP;0.992
93.00	97.50	WTSP;0.800
102.00	105.00	WTSP;0.800
106.50	114.00	WTSP;0.970
118.50	124.50	WTSP;0.966
130.50	133.50	WTSP;0.800
136.50	142.50	WTSP;0.961
151.50	156.00	WTSP;0.983
163.50	166.50	WTSP;0.800
172.50	178.50	WTSP;0.989
184.50	187.50	WTSP;0.800
195.00	199.50	WTSP;0.946
211.50	217.50	WTSP;0.954
223.50	228.00	WTSP;0.997
234.00	238.50	WTSP;0.996
244.50	249.00	WTSP;0.981
258.00	262.50	WTSP;0.934
265.50	271.50	WTSP;0.995
274.50	279.00	WTSP;0.908
286.50	291.00	WTSP;0.981
301.50	306.00	WTSP;0.885
313.50	316.50	WTSP;0.800
319.50	328.50	WTSP;0.994
339.00	343.50	WTSP;0.926
348.00	352.50	WTSP;0.974
354.00	357.00	WTSP;0.800
361.50	367.50	WTSP;0.998
384.00	388.50	WTSP;0.994
391.50	450.00	WTSP;0.998
451.50	460.50	WTSP;0.800
465.00	478.50	WTSP;0.993
481.50	492.00	WTSP;0.998
493.50	520.50	WTSP;0.998
522.00	529.50	WTSP;0.973
531.00	534.00	WTSP;0.800
538.50	543.00	WTSP;0.941
558.00	562.50	WTSP;0.800
568.50	573.00	WTSP;0.992
577.50	582.00	WTSP;0.970
586.50	600.00	WTSP;0.990
357.00	361.50	WIWA;0.928
537.00	540.00	WIWA;0.936
549.00	552.00	WIWA;0.955
