471.00	475.50	BRSP;0.954
18.00	21.00	CHSP;0.875
36.00	40.50	CHSP;0.968
45.00	49.50	CHSP;0.921
172.50	175.50	CHSP;0.809
183.00	187.50	CHSP;0.888
519.00	522.00	CHSP;0.827
564.00	567.00	CHSP;0.807
132.00	135.00	EATO;0.849
225.00	228.00	EATO;0.881
289.50	292.50	EATO;0.869
450.00	453.00	EATO;0.877
0.00	4.50	FOSP;0.937
12.00	18.00	FOSP;0.868
19.50	24.00	FOSP;0.852
28.50	36.00	FOSP;0.949
49.50	54.00	FOSP;0.800
58.50	63.00	FOSP;0.800
73.50	81.00	FOSP;0.928
87.00	94.50	FOSP;0.927
108.00	112.50	FOSP;0.947
121.50	126.00	FOSP;0.960
133.50	145.50	FOSP;0.886
147.00	157.50	FOSP;0.908
159.00	163.50	FOSP;0.967
168.00	172.50	FOSP;0.800
178.50	183.00	FOSP;0.935
187.50	192.00	FOSP;0.905
196.50	211.50	FOSP;0.973
216.00	222.00	FOSP;0.902
226.50	229.50	FOSP;0.800
234.00	241.50	FOSP;0.898
246.00	253.50	FOSP;0.932
256.50	261.00	FOSP;0.966
267.00	280.50	FOSP;0.961
285.00	289.50	FOSP;0.940
291.00	295.50	FOSP;0.926
301.50	307.50	FOSP;0.967
312.00	321.00	FOSP;0.911
334.50	339.00	FOSP;0.800
352.50	357.00	FOSP;0.800
358.50	361.50	FOSP;0.800
366.00	375.00	FOSP;0.890
381.00	388.50	FOSP;0.800
399.00	405.00	FOSP;0.800
411.00	420.00	FOSP;0.900
423.00	427.50	FOSP;0.800
430.50	435.00	FOSP;0.854
439.50	442.50	FOSP;0.800
451.50	456.00	FOSP;0.861
457.50	462.00	FOSP;0.800
474.00	478.50	FOSP;0.844
486.00	493.50	FOSP;0.802
499.50	504.00	FOSP;0.828
508.50	511.50	FOSP;0.800
513.00	517.50	FOSP;0.800
534.00	538.50	FOSP;0.800
549.00	553.50	FOSP;0.978
559.50	565.50	FOSP;0.956
573.00	579.00	FOSP;0.980
583.50	591.00	FOSP;0.928
175.50	178.50	MOCH;0.901
387.00	391.50	SAND;0.896
441.00	444.00	SAPH;0.803
372.00	375.00	SNBU;0.837
162.00	165.00	SWSP;0.905
1.50	6.00	VATH;0.962
21.00	25.50	VATH;0.990
27.00	30.00	VATH;0.812
37.50	45.00	VATH;0.973
60.00	64.50	VATH;0.967
70.50	75.00	VATH;0.945
91.50	96.00	VATH;0.972
99.00	102.00	VATH;0.800
108.00	111.00	VATH;0.800
117.00	121.50	VATH;0.938
126.00	132.00	VATH;0.976
136.50	141.00	VATH;0.800
174.00	178.50	VATH;0.800
199.50	204.00	VATH;0.816
223.50	226.50	VATH;0.800
240.00	243.00	VATH;0.800
252.00	256.50	VATH;0.800
264.00	268.50	VATH;0.861
306.00	310.50	VATH;0.800
339.00	343.50	VATH;0.986
349.50	354.00	VATH;0.800
421.50	424.50	VATH;0.800
177.00	181.50	WTSP;0.952
190.50	193.50	WTSP;0.932
85.50	88.50	WIWA;0.928
94.50	99.00	WIWA;0.991
102.00	106.50	WIWA;0.987
120.00	124.50	WIWA;0.991
130.50	136.50	WIWA;0.896
139.50	144.00	WIWA;0.950
148.50	153.00	WIWA;0.890
169.50	174.00	WIWA;0.961
189.00	193.50	WIWA;0.800
198.00	202.50	WIWA;0.931
222.00	234.00	WIWA;0.938
235.50	244.50	WIWA;0.987
544.50	549.00	WIWA;0.990
556.50	561.00	WIWA;0.989
567.00	571.50	WIWA;0.991
579.00	583.50	WIWA;0.990
589.50	594.00	WIWA;0.990
