0.00	4.50	AMRO;0.802
6.00	10.50	AMRO;0.800
25.50	37.50	AMRO;0.975
57.00	61.50	AMRO;0.800
76.50	84.00	AMRO;0.800
87.00	91.50	AMRO;0.929
96.00	99.00	AMRO;0.800
100.50	109.50	AMRO;0.932
115.50	120.00	AMRO;0.974
220.50	225.00	AMRO;0.800
244.50	249.00	AMRO;0.800
259.50	262.50	AMRO;0.972
271.50	276.00	AMRO;0.800
280.50	285.00	AMRO;0.800
187.50	190.50	BLOY;0.811
97.50	100.50	FOSP;0.805
220.50	223.50	GWTE;0.840
7.50	10.50	MAMU;0.808
9.00	16.50	MOCH;0.800
43.50	46.50	MOCH;0.937
63.00	66.00	MOCH;0.918
84.00	88.50	MOCH;0.902
93.00	96.00	MOCH;0.800
99.00	103.50	MOCH;0.800
136.50	139.50	MOCH;0.800
150.00	153.00	MOCH;0.800
165.00	169.50	MOCH;0.911
177.00	180.00	MOCH;0.973
195.00	198.00	MOCH;0.931
208.50	211.50	MOCH;0.800
213.00	216.00	MOCH;0.800
250.50	255.00	MOCH;0.919
267.00	271.50	MOCH;0.841
297.00	300.00	MOCH;0.804
147.00	151.50	SBDO;0.865
52.50	55.50	SNBU;0.856
0.00	7.50	WCSP;0.980
10.50	18.00	WCSP;0.955
24.00	31.50	WCSP;0.987
36.00	49.50	WCSP;0.984
54.00	60.00	WCSP;0.987
61.50	69.00	WCSP;0.980
70.50	82.50	WCSP;0.993
88.50	93.00	WCSP;0.800
99.00	105.00	WCSP;0.923
108.00	111.00	WCSP;0.916
118.50	124.50	WCSP;0.975
127.50	132.00	WCSP;0.989
133.50	136.50	WCSP;0.800
138.00	141.00	WCSP;0.800
147.00	160.50	WCSP;0.989
165.00	172.50	WCSP;0.981
178.50	183.00	WCSP;0.800
192.00	201.00	WCSP;0.973
210.00	217.50	WCSP;0.888
222.00	228.00	WCSP;0.947
238.50	243.00	WCSP;0.889
246.00	250.50	WCSP;0.917
252.00	256.50	WCSP;0.880
268.50	273.00	WCSP;0.916
280.50	288.00	WCSP;0.977
291.00	295.50	WCSP;0.972
297.00	300.00	WCSP;0.844
