103.50	106.50	ATSP;0.815
172.50	175.50	ATSP;0.812
232.50	237.00	FOSP;0.868
1.50	6.00	LISP;0.984
15.00	19.50	LISP;0.991
25.50	30.00	LISP;0.991
40.50	45.00	LISP;0.994
55.50	61.50	LISP;0.966
70.50	75.00	LISP;0.800
84.00	90.00	LISP;0.939
99.00	105.00	LISP;0.974
114.00	118.50	LISP;0.800
130.50	133.50	LISP;0.800
145.50	150.00	LISP;0.889
160.50	165.00	LISP;0.950
177.00	181.50	LISP;0.991
192.00	196.50	LISP;0.993
208.50	213.00	LISP;0.958
283.50	288.00	LISP;0.937
0.00	3.00	PISI;0.927
6.00	9.00	PISI;0.800
18.00	25.50	PISI;0.977
147.00	171.00	PISI;0.996
198.00	208.50	PISI;0.970
241.50	244.50	PISI;0.838
246.00	249.00	PISI;0.826
253.50	270.00	PISI;0.998
279.00	283.50	PISI;0.800
69.00	73.50	ROWR;0.977
114.00	117.00	ROWR;0.827
129.00	133.50	ROWR;0.982
238.50	241.50	ROWR;0.850
189.00	192.00	SWSP;0.829
