4.50	45.00	AMRO;0.992
46.50	66.00	AMRO;0.984
67.50	75.00	AMRO;0.974
76.50	81.00	AMRO;0.849
82.50	91.50	AMRO;0.991
93.00	120.00	AMRO;0.992
123.00	133.50	AMRO;0.995
135.00	139.50	AMRO;0.972
145.50	159.00	AMRO;0.800
160.50	172.50	AMRO;0.955
178.50	183.00	AMRO;0.953
190.50	202.50	AMRO;0.974
204.00	216.00	AMRO;0.983
217.50	231.00	AMRO;0.956
235.50	262.50	AMRO;0.992
264.00	300.00	AMRO;0.998
3.00	7.50	CHSP;0.990
12.00	18.00	CHSP;0.929
21.00	27.00	CHSP;0.968
30.00	34.50	CHSP;0.909
39.00	43.50	CHSP;0.865
48.00	52.50	CHSP;0.912
94.50	99.00	CHSP;0.881
103.50	106.50	CHSP;0.800
124.50	127.50	CHSP;0.800
133.50	136.50	CHSP;0.800
142.50	147.00	CHSP;0.804
184.50	187.50	CHSP;0.800
193.50	198.00	CHSP;0.800
249.00	253.50	CHSP;0.800
259.50	265.50	CHSP;0.980
274.50	277.50	CHSP;0.800
0.00	4.50	FOSP;0.829
16.50	21.00	FOSP;0.806
30.00	33.00	FOSP;0.800
37.50	42.00	FOSP;0.925
43.50	48.00	FOSP;0.912
49.50	57.00	FOSP;0.800
58.50	63.00	FOSP;0.853
64.50	69.00	FOSP;0.940
73.50	78.00	FOSP;0.975
81.00	84.00	FOSP;0.800
88.50	93.00	FOSP;0.955
105.00	114.00	FOSP;0.944
126.00	129.00	FOSP;0.800
133.50	136.50	FOSP;0.800
138.00	142.50	FOSP;0.916
157.50	160.50	FOSP;0.835
171.00	175.50	FOSP;0.800
184.50	192.00	FOSP;0.868
208.50	211.50	FOSP;0.800
213.00	217.50	FOSP;0.800
225.00	231.00	FOSP;0.972
246.00	253.50	FOSP;0.963
256.50	261.00	FOSP;0.929
267.00	271.50	FOSP;0.932
279.00	283.50	FOSP;0.800
286.50	289.50	FOSP;0.800
295.50	300.00	FOSP;0.800
7.50	10.50	LISP;0.800
15.00	18.00	LISP;0.886
27.00	31.50	LISP;0.829
34.50	37.50	LISP;0.800
66.00	70.50	LISP;0.805
120.00	124.50	LISP;0.985
148.50	153.00	LISP;0.948
162.00	166.50	LISP;0.800
202.50	207.00	LISP;0.854
217.50	222.00	LISP;0.948
232.50	237.00	LISP;0.978
247.50	250.50	LISP;0.800
288.00	292.50	LISP;0.948
0.00	3.00	PISI;0.986
82.50	85.50	PISI;0.800
136.50	139.50	PISI;0.800
141.00	148.50	PISI;0.981
150.00	187.50	PISI;0.997
231.00	243.00	PISI;0.991
283.50	286.50	PISI;0.800
289.50	294.00	PISI;0.957
91.50	94.50	PUFI;0.822
153.00	157.50	WTSP;0.981
