1.50	6.00	AMRO;0.922
9.00	13.50	AMRO;0.800
15.00	19.50	AMRO;0.976
24.00	27.00	AMRO;0.800
28.50	31.50	AMRO;0.802
39.00	45.00	AMRO;0.962
58.50	61.50	AMRO;0.800
72.00	105.00	AMRO;0.960
108.00	112.50	AMRO;0.800
117.00	127.50	AMRO;0.863
130.50	136.50	AMRO;0.971
139.50	154.50	AMRO;0.944
157.50	160.50	AMRO;0.800
162.00	169.50	AMRO;0.898
174.00	183.00	AMRO;0.984
184.50	192.00	AMRO;0.987
196.50	201.00	AMRO;0.858
207.00	219.00	AMRO;0.932
222.00	229.50	AMRO;0.914
231.00	234.00	AMRO;0.800
238.50	258.00	AMRO;0.990
265.50	280.50	AMRO;0.986
283.50	291.00	AMRO;0.974
292.50	309.00	AMRO;0.999
312.00	319.50	AMRO;0.800
324.00	328.50	AMRO;0.800
336.00	358.50	AMRO;0.980
360.00	382.50	AMRO;0.984
384.00	430.50	AMRO;0.988
432.00	438.00	AMRO;0.873
439.50	445.50	AMRO;0.866
447.00	453.00	AMRO;0.800
460.50	465.00	AMRO;0.800
469.50	486.00	AMRO;0.979
487.50	495.00	AMRO;0.956
496.50	502.50	AMRO;0.800
505.50	519.00	AMRO;0.989
526.50	531.00	AMRO;0.804
534.00	537.00	AMRO;0.800
544.50	567.00	AMRO;0.991
570.00	600.00	AMRO;0.984
363.00	366.00	BCCH;0.891
154.50	157.50	BHGR;0.814
172.50	175.50	BRSP;0.971
187.50	190.50	BRSP;0.958
204.00	207.00	BRTH;0.823
6.00	21.00	CHSP;0.984
27.00	31.50	CHSP;0.956
36.00	40.50	CHSP;0.816
46.50	51.00	CHSP;0.878
54.00	58.50	CHSP;0.887
81.00	84.00	CHSP;0.800
90.00	106.50	CHSP;0.994
108.00	117.00	CHSP;0.996
118.50	132.00	CHSP;0.963
135.00	156.00	CHSP;0.994
157.50	174.00	CHSP;0.989
175.50	184.50	CHSP;0.992
189.00	210.00	CHSP;0.997
214.50	226.50	CHSP;0.998
231.00	234.00	CHSP;0.800
238.50	243.00	CHSP;0.819
246.00	250.50	CHSP;0.800
253.50	258.00	CHSP;0.800
261.00	265.50	CHSP;0.800
270.00	274.50	CHSP;0.800
280.50	285.00	CHSP;0.800
289.50	294.00	CHSP;0.837
300.00	304.50	CHSP;0.883
321.00	324.00	CHSP;0.800
336.00	339.00	CHSP;0.800
343.50	349.50	CHSP;0.978
360.00	363.00	CHSP;0.800
376.50	381.00	CHSP;0.800
385.50	390.00	CHSP;0.800
394.50	399.00	CHSP;0.899
402.00	408.00	CHSP;0.942
411.00	417.00	CHSP;0.968
429.00	433.50	CHSP;0.923
447.00	453.00	CHSP;0.846
492.00	496.50	CHSP;0.800
501.00	507.00	CHSP;0.840
511.50	516.00	CHSP;0.800
519.00	522.00	CHSP;0.800
529.50	534.00	CHSP;0.800
553.50	559.50	CHSP;0.999
565.50	579.00	CHSP;0.998
580.50	588.00	CHSP;0.993
589.50	597.00	CHSP;0.992
330.00	334.50	CCSP;0.800
435.00	438.00	CCSP;0.800
558.00	571.50	CCSP;0.983
577.50	582.00	CCSP;0.986
586.50	591.00	CCSP;0.983
594.00	600.00	CCSP;0.990
370.50	373.50	DEJU;0.828
348.00	352.50	EABL;0.968
183.00	187.50	FOSP;0.975
3.00	6.00	HETH;0.800
22.50	28.50	HETH;0.957
52.50	57.00	HETH;0.800
67.50	70.50	HETH;0.800
79.50	84.00	HETH;0.873
111.00	114.00	HETH;0.800
153.00	156.00	HETH;0.800
220.50	223.50	HETH;0.800
237.00	241.50	HETH;0.800
252.00	255.00	HETH;0.800
258.00	265.50	HETH;0.800
300.00	309.00	HETH;0.931
315.00	318.00	HETH;0.907
321.00	328.50	HETH;0.973
381.00	385.50	HETH;0.800
531.00	535.50	HETH;0.800
4.50	9.00	LISP;0.871
19.50	22.50	LISP;0.800
64.50	69.00	LISP;0.983
88.50	91.50	LISP;0.800
106.50	109.50	LISP;0.800
139.50	144.00	LISP;0.961
220.50	223.50	LISP;0.800
234.00	238.50	LISP;0.912
295.50	298.50	LISP;0.800
307.50	310.50	LISP;0.800
351.00	357.00	LISP;0.871
369.00	372.00	LISP;0.800
379.50	387.00	LISP;0.880
400.50	403.50	LISP;0.988
405.00	409.50	LISP;0.917
415.50	424.50	LISP;0.970
432.00	441.00	LISP;0.886
451.50	454.50	LISP;0.800
463.50	472.50	LISP;0.934
481.50	486.00	LISP;0.800
496.50	499.50	LISP;0.874
510.00	513.00	LISP;0.800
522.00	526.50	LISP;0.946
543.00	546.00	LISP;0.800
570.00	573.00	LISP;0.800
460.50	463.50	MOCH;0.979
484.50	487.50	OSPR;0.863
484.50	487.50	PAWR;0.873
295.50	300.00	PAWA;0.922
16.50	19.50	RBGR;0.916
427.50	432.00	RBGR;0.956
61.50	66.00	RCKI;0.928
592.50	595.50	SBDO;0.819
454.50	457.50	SWSP;0.862
502.50	507.00	TOSO;0.860
3.00	7.50	VATH;0.800
12.00	16.50	VATH;0.978
21.00	25.50	VATH;0.988
27.00	31.50	VATH;0.800
34.50	39.00	VATH;0.978
51.00	55.50	VATH;0.984
57.00	64.50	VATH;0.996
69.00	78.00	VATH;0.988
84.00	108.00	VATH;0.993
112.50	117.00	VATH;0.800
121.50	127.50	VATH;0.981
133.50	138.00	VATH;0.983
142.50	151.50	VATH;0.868
159.00	163.50	VATH;0.800
165.00	169.50	VATH;0.801
174.00	178.50	VATH;0.965
190.50	196.50	VATH;0.976
294.00	297.00	VATH;0.800
523.50	529.50	VATH;0.976
82.50	87.00	WCSP;0.983
91.50	96.00	WCSP;0.975
201.00	205.50	WCSP;0.810
210.00	214.50	WCSP;0.981
219.00	222.00	WCSP;0.834
226.50	231.00	WCSP;0.834
240.00	244.50	WCSP;0.990
309.00	313.50	WCSP;0.800
318.00	322.50	WCSP;0.970
328.50	331.50	WCSP;0.800
340.50	345.00	WCSP;0.951
351.00	361.50	WCSP;0.955
517.50	522.00	WCSP;0.800
3.00	10.50	WTSP;0.942
18.00	22.50	WTSP;0.899
115.50	121.50	WTSP;0.942
129.00	135.00	WTSP;0.996
145.50	151.50	WTSP;0.993
162.00	166.50	WTSP;0.947
180.00	184.50	WTSP;0.800
195.00	202.50	WTSP;0.880
225.00	229.50	WTSP;0.994
277.50	282.00	WTSP;0.945
283.50	288.00	WTSP;0.800
291.00	294.00	WTSP;0.800
438.00	442.50	WTSP;0.947
456.00	462.00	WTSP;0.991
477.00	484.50	WTSP;0.997
505.50	510.00	WTSP;0.800
264.00	267.00	WIWA;0.843
271.50	274.50	WIWA;0.831
489.00	493.50	WIWA;0.949
549.00	553.50	WIWA;0.825
