9.00	21.00	AMRO;0.800
64.50	69.00	AMRO;0.934
72.00	79.50	AMRO;0.920
81.00	88.50	AMRO;0.989
90.00	94.50	AMRO;0.876
96.00	102.00	AMRO;0.963
115.50	121.50	AMRO;0.968
123.00	127.50	AMRO;0.800
141.00	148.50	AMRO;0.958
153.00	157.50	AMRO;0.839
159.00	162.00	AMRO;0.800
168.00	174.00	AMRO;0.943
30.00	33.00	BAOR;0.916
78.00	82.50	FOSP;0.833
88.50	91.50	FOSP;0.800
100.50	105.00	FOSP;0.800
112.50	117.00	FOSP;0.956
135.00	139.50	FOSP;0.847
145.50	151.50	FOSP;0.978
160.50	165.00	FOSP;0.803
172.50	175.50	FOSP;0.901
184.50	189.00	FOSP;0.862
198.00	201.00	FOSP;0.864
210.00	214.50	FOSP;0.961
24.00	27.00	MOCH;0.841
57.00	60.00	MOCH;0.886
70.50	73.50	MOCH;0.804
120.00	123.00	MOCH;0.890
192.00	195.00	MOCH;0.910
217.50	223.50	MOCH;0.918
241.50	244.50	MOCH;0.845
252.00	255.00	MOCH;0.828
295.50	300.00	VATH;0.976
0.00	3.00	WCSP;0.977
7.50	15.00	WCSP;0.985
25.50	30.00	WCSP;0.940
31.50	40.50	WCSP;0.977
45.00	52.50	WCSP;0.989
58.50	64.50	WCSP;0.998
72.00	75.00	WCSP;0.800
76.50	81.00	WCSP;0.800
87.00	97.50	WCSP;0.945
99.00	109.50	WCSP;0.995
114.00	120.00	WCSP;0.976
126.00	130.50	WCSP;0.982
139.50	144.00	WCSP;0.978
151.50	156.00	WCSP;0.972
165.00	168.00	WCSP;0.800
174.00	178.50	WCSP;0.980
202.50	207.00	WCSP;0.920
223.50	228.00	WCSP;0.937
232.50	238.50	WCSP;0.988
243.00	247.50	WCSP;0.960
253.50	258.00	WCSP;0.981
264.00	268.50	WCSP;0.966
274.50	279.00	WCSP;0.989
288.00	292.50	WCSP;0.988
40.50	45.00	WTSP;0.800
48.00	51.00	WTSP;0.800
57.00	61.50	WTSP;0.800
73.50	78.00	WTSP;0.893
114.00	117.00	WTSP;0.800
121.50	126.00	WTSP;0.986
138.00	142.50	WTSP;0.964
163.50	168.00	WTSP;0.944
171.00	174.00	WTSP;0.840
178.50	183.00	WTSP;0.916
189.00	193.50	WTSP;0.986
199.50	205.50	WTSP;0.991
208.50	213.00	WTSP;0.980
217.50	222.00	WTSP;0.873
223.50	231.00	WTSP;0.995
244.50	249.00	WTSP;0.811
258.00	265.50	WTSP;0.993
108.00	112.50	WIWA;0.986
138.00	142.50	WIWA;0.849
180.00	184.50	WIWA;0.949
192.00	196.50	WIWA;0.988
238.50	243.00	WIWA;0.935
247.50	252.00	WIWA;0.898
258.00	262.50	WIWA;0.800
271.50	276.00	WIWA;0.837
7.50	12.00	YRWA;0.976
19.50	22.50	YRWA;0.856
132.00	136.50	YRWA;0.983
144.00	147.00	YRWA;0.848
