4.50	10.50	AMRO;0.957
25.50	31.50	AMRO;0.994
36.00	40.50	AMRO;0.978
52.50	55.50	AMRO;0.864
60.00	67.50	AMRO;0.945
69.00	73.50	AMRO;0.922
75.00	79.50	AMRO;0.851
81.00	87.00	AMRO;0.870
88.50	93.00	AMRO;0.800
96.00	100.50	AMRO;0.928
102.00	106.50	AMRO;0.800
112.50	117.00	AMRO;0.953
120.00	124.50	AMRO;0.800
127.50	132.00	AMRO;0.955
135.00	139.50	AMRO;0.821
141.00	145.50	AMRO;0.968
148.50	153.00	AMRO;0.900
166.50	169.50	AMRO;0.800
174.00	180.00	AMRO;0.886
184.50	189.00	AMRO;0.922
195.00	201.00	AMRO;0.974
207.00	211.50	AMRO;0.800
220.50	225.00	AMRO;0.915
229.50	234.00	AMRO;0.800
240.00	244.50	AMRO;0.868
249.00	253.50	AMRO;0.974
259.50	268.50	AMRO;0.983
279.00	285.00	AMRO;0.800
288.00	292.50	AMRO;0.970
294.00	298.50	AMRO;0.959
300.00	306.00	AMRO;0.906
307.50	312.00	AMRO;0.980
319.50	324.00	AMRO;0.989
328.50	333.00	AMRO;0.986
334.50	343.50	AMRO;0.992
346.50	357.00	AMRO;0.978
358.50	363.00	AMRO;0.991
366.00	370.50	AMRO;0.878
372.00	376.50	AMRO;0.958
379.50	387.00	AMRO;0.964
390.00	393.00	AMRO;0.800
394.50	400.50	AMRO;0.953
402.00	408.00	AMRO;0.920
411.00	418.50	AMRO;0.981
427.50	432.00	AMRO;0.800
439.50	445.50	AMRO;0.992
447.00	451.50	AMRO;0.887
456.00	462.00	AMRO;0.989
468.00	474.00	AMRO;0.998
480.00	484.50	AMRO;0.800
493.50	502.50	AMRO;0.911
510.00	513.00	AMRO;0.800
520.50	529.50	AMRO;0.994
535.50	540.00	AMRO;0.928
546.00	552.00	AMRO;0.987
556.50	565.50	AMRO;0.939
567.00	571.50	AMRO;0.800
574.50	579.00	AMRO;0.915
582.00	585.00	AMRO;0.800
595.50	600.00	AMRO;0.968
13.50	18.00	ATSP;0.988
25.50	28.50	ATSP;0.805
312.00	315.00	BRSP;0.935
4.50	7.50	CHSP;0.800
10.50	15.00	CHSP;0.840
19.50	22.50	CHSP;0.800
27.00	30.00	CHSP;0.800
34.50	37.50	CHSP;0.800
42.00	46.50	CHSP;0.907
49.50	52.50	CHSP;0.800
55.50	58.50	CHSP;0.862
60.00	72.00	CHSP;0.918
76.50	82.50	CHSP;0.978
84.00	108.00	CHSP;0.945
111.00	115.50	CHSP;0.846
118.50	123.00	CHSP;0.800
126.00	141.00	CHSP;0.946
142.50	148.50	CHSP;0.923
150.00	169.50	CHSP;0.950
172.50	190.50	CHSP;0.895
192.00	199.50	CHSP;0.979
202.50	208.50	CHSP;0.976
210.00	229.50	CHSP;0.976
234.00	241.50	CHSP;0.819
243.00	270.00	CHSP;0.992
271.50	277.50	CHSP;0.966
279.00	298.50	CHSP;0.947
301.50	307.50	CHSP;0.828
313.50	328.50	CHSP;0.977
331.50	337.50	CHSP;0.903
339.00	346.50	CHSP;0.942
348.00	351.00	CHSP;0.850
355.50	360.00	CHSP;0.820
363.00	375.00	CHSP;0.929
378.00	382.50	CHSP;0.858
385.50	390.00	CHSP;0.863
393.00	397.50	CHSP;0.894
400.50	408.00	CHSP;0.974
409.50	429.00	CHSP;0.994
430.50	441.00	CHSP;0.984
442.50	448.50	CHSP;0.995
451.50	471.00	CHSP;0.997
472.50	484.50	CHSP;0.993
486.00	493.50	CHSP;0.992
496.50	502.50	CHSP;0.901
504.00	516.00	CHSP;0.980
517.50	523.50	CHSP;0.959
528.00	540.00	CHSP;0.979
544.50	547.50	CHSP;0.800
549.00	553.50	CHSP;0.895
556.50	559.50	CHSP;0.800
564.00	568.50	CHSP;0.923
573.00	577.50	CHSP;0.893
580.50	585.00	CHSP;0.800
586.50	591.00	CHSP;0.800
36.00	39.00	DEJU;0.854
57.00	60.00	DEJU;0.857
72.00	75.00	DEJU;0.819
99.00	103.50	DEJU;0.951
109.50	112.50	DEJU;0.890
150.00	153.00	DEJU;0.831
171.00	174.00	DEJU;0.948
201.00	204.00	DEJU;0.816
217.50	220.50	DEJU;0.868
226.50	231.00	DEJU;0.827
327.00	330.00	DEJU;0.878
408.00	411.00	DEJU;0.821
439.50	442.50	DEJU;0.809
472.50	475.50	DEJU;0.802
490.50	493.50	DEJU;0.839
522.00	525.00	DEJU;0.864
534.00	537.00	DEJU;0.825
571.50	574.50	DEJU;0.876
586.50	592.50	DEJU;0.904
156.00	159.00	FOSP;0.864
462.00	465.00	FOSP;0.896
0.00	3.00	LISP;0.800
30.00	33.00	LISP;0.800
123.00	126.00	LISP;0.800
163.50	166.50	LISP;0.800
190.50	195.00	LISP;0.912
205.50	210.00	LISP;0.904
315.00	319.50	LISP;0.838
330.00	334.50	LISP;0.800
421.50	426.00	LISP;0.999
450.00	454.50	LISP;0.800
465.00	469.50	LISP;0.800
492.00	496.50	LISP;0.920
523.50	528.00	LISP;0.988
538.50	543.00	LISP;0.978
552.00	556.50	LISP;0.916
567.00	570.00	LISP;0.800
580.50	583.50	LISP;0.800
375.00	378.00	OCWA;0.918
405.00	409.50	OCWA;0.987
19.50	22.50	OROR;0.800
0.00	6.00	PISI;0.971
7.50	12.00	PISI;0.977
24.00	28.50	PISI;0.976
37.50	57.00	PISI;0.993
79.50	84.00	PISI;0.800
91.50	97.50	PISI;0.934
99.00	105.00	PISI;0.988
106.50	111.00	PISI;0.800
114.00	121.50	PISI;0.913
139.50	142.50	PISI;0.866
144.00	150.00	PISI;0.800
160.50	165.00	PISI;0.970
199.50	204.00	PISI;0.825
216.00	220.50	PISI;0.928
222.00	250.50	PISI;0.998
256.50	267.00	PISI;0.807
291.00	294.00	PISI;0.800
298.50	303.00	PISI;0.884
306.00	310.50	PISI;0.972
360.00	366.00	PISI;0.968
397.50	403.50	PISI;0.996
406.50	412.50	PISI;0.980
477.00	505.50	PISI;0.992
541.50	544.50	PISI;0.841
550.50	574.50	PISI;0.992
592.50	600.00	PISI;0.814
229.50	232.50	RUGR;0.850
268.50	273.00	WCSP;0.976
276.00	280.50	WCSP;0.974
283.50	288.00	WCSP;0.981
291.00	295.50	WCSP;0.931
298.50	301.50	WCSP;0.800
304.50	307.50	WCSP;0.800
316.50	321.00	WCSP;0.818
387.00	396.00	WCSP;0.800
403.50	408.00	WCSP;0.800
421.50	424.50	WCSP;0.800
429.00	433.50	WCSP;0.908
