7.50	10.50	AMRO;0.800
18.00	22.50	AMRO;0.800
24.00	39.00	AMRO;0.970
42.00	46.50	AMRO;0.876
52.50	61.50	AMRO;0.968
63.00	70.50	AMRO;0.828
75.00	87.00	AMRO;0.910
102.00	109.50	AMRO;0.800
117.00	121.50	AMRO;0.800
141.00	144.00	AMRO;0.913
148.50	151.50	AMRO;0.800
180.00	184.50	AMRO;0.800
189.00	192.00	AMRO;0.800
193.50	217.50	AMRO;0.987
219.00	232.50	AMRO;0.848
252.00	262.50	AMRO;0.913
267.00	280.50	AMRO;0.973
315.00	319.50	AMRO;0.800
328.50	333.00	AMRO;0.800
342.00	345.00	AMRO;0.948
352.50	363.00	AMRO;0.943
367.50	370.50	AMRO;0.800
382.50	390.00	AMRO;0.800
394.50	399.00	AMRO;0.800
414.00	417.00	AMRO;0.800
442.50	445.50	AMRO;0.800
474.00	484.50	AMRO;0.800
486.00	489.00	AMRO;0.800
505.50	510.00	AMRO;0.800
546.00	549.00	AMRO;0.800
553.50	558.00	AMRO;0.800
561.00	565.50	AMRO;0.848
567.00	570.00	AMRO;0.954
586.50	591.00	AMRO;0.933
240.00	243.00	BRSP;0.829
1.50	22.50	CHSP;0.994
25.50	66.00	CHSP;0.995
67.50	78.00	CHSP;0.992
79.50	138.00	CHSP;0.998
139.50	147.00	CHSP;0.991
150.00	157.50	CHSP;0.995
159.00	181.50	CHSP;0.993
184.50	190.50	CHSP;0.979
193.50	199.50	CHSP;0.989
201.00	208.50	CHSP;0.969
211.50	217.50	CHSP;0.864
222.00	240.00	CHSP;0.989
244.50	249.00	CHSP;0.959
253.50	292.50	CHSP;0.995
294.00	303.00	CHSP;0.997
304.50	319.50	CHSP;0.992
321.00	339.00	CHSP;0.998
340.50	414.00	CHSP;0.997
415.50	423.00	CHSP;0.996
424.50	432.00	CHSP;0.995
435.00	441.00	CHSP;0.993
442.50	450.00	CHSP;0.995
451.50	466.50	CHSP;0.992
468.00	472.50	CHSP;0.800
478.50	484.50	CHSP;0.971
489.00	522.00	CHSP;0.996
523.50	552.00	CHSP;0.995
553.50	561.00	CHSP;0.994
562.50	586.50	CHSP;0.989
588.00	595.50	CHSP;0.995
544.50	547.50	CCSP;0.862
247.50	250.50	FOSP;0.834
261.00	264.00	FOSP;0.913
129.00	132.00	GWTE;0.862
346.50	351.00	PISI;0.800
358.50	367.50	PISI;0.932
519.00	534.00	PISI;0.995
192.00	195.00	SBDO;0.805
321.00	324.00	TOSO;0.822
406.50	409.50	TOSO;0.914
579.00	582.00	TOSO;0.803
10.50	15.00	VATH;0.800
22.50	27.00	VATH;0.936
76.50	81.00	VATH;0.916
91.50	97.50	VATH;0.953
106.50	111.00	VATH;0.891
181.50	186.00	VATH;0.983
495.00	498.00	VATH;0.800
549.00	552.00	VATH;0.800
339.00	342.00	WCSP;0.857
19.50	24.00	WTSP;0.912
214.50	217.50	WTSP;0.800
232.50	243.00	WTSP;0.995
450.00	457.50	WTSP;0.864
469.50	475.50	WTSP;0.993
490.50	493.50	WTSP;0.800
502.50	510.00	WTSP;0.998
520.50	525.00	WTSP;0.972
550.50	555.00	WTSP;0.868
574.50	579.00	WTSP;0.884
13.50	18.00	WIWA;0.976
21.00	25.50	WIWA;0.992
30.00	34.50	WIWA;0.954
54.00	57.00	WIWA;0.800
63.00	67.50	WIWA;0.800
81.00	85.50	WIWA;0.983
90.00	94.50	WIWA;0.800
99.00	103.50	WIWA;0.939
108.00	112.50	WIWA;0.983
117.00	121.50	WIWA;0.970
126.00	130.50	WIWA;0.988
135.00	139.50	WIWA;0.992
144.00	148.50	WIWA;0.991
154.50	159.00	WIWA;0.998
165.00	169.50	WIWA;0.963
175.50	180.00	WIWA;0.978
187.50	192.00	WIWA;0.986
199.50	204.00	WIWA;0.979
211.50	216.00	WIWA;0.983
220.50	225.00	WIWA;0.990
229.50	234.00	WIWA;0.888
241.50	246.00	WIWA;0.922
250.50	255.00	WIWA;0.987
261.00	265.50	WIWA;0.962
282.00	286.50	WIWA;0.962
291.00	295.50	WIWA;0.984
300.00	304.50	WIWA;0.983
309.00	313.50	WIWA;0.976
318.00	322.50	WIWA;0.978
327.00	331.50	WIWA;0.977
334.50	340.50	WIWA;0.976
343.50	348.00	WIWA;0.966
352.50	358.50	WIWA;0.978
385.50	391.50	WIWA;0.958
397.50	402.00	WIWA;0.975
411.00	415.50	WIWA;0.915
421.50	426.00	WIWA;0.993
432.00	436.50	WIWA;0.985
439.50	445.50	WIWA;0.913
448.50	453.00	WIWA;0.992
456.00	462.00	WIWA;0.976
465.00	471.00	WIWA;0.979
474.00	478.50	WIWA;0.975
