0.00	4.50	AMRO;0.995
6.00	12.00	AMRO;0.909
15.00	21.00	AMRO;0.985
24.00	37.50	AMRO;0.995
42.00	46.50	AMRO;0.988
48.00	55.50	AMRO;0.987
58.50	64.50	AMRO;0.855
66.00	78.00	AMRO;0.996
81.00	87.00	AMRO;0.941
94.50	99.00	AMRO;0.979
102.00	106.50	AMRO;0.977
109.50	115.50	AMRO;0.987
121.50	130.50	AMRO;0.844
135.00	141.00	AMRO;0.976
145.50	148.50	AMRO;0.800
150.00	154.50	AMRO;0.951
156.00	160.50	AMRO;0.975
166.50	171.00	AMRO;0.849
174.00	178.50	AMRO;0.979
181.50	189.00	AMRO;0.979
190.50	195.00	AMRO;0.990
204.00	210.00	AMRO;0.997
217.50	228.00	AMRO;0.976
231.00	240.00	AMRO;0.800
244.50	250.50	AMRO;0.977
255.00	259.50	AMRO;0.992
262.50	270.00	AMRO;0.990
273.00	279.00	AMRO;0.979
285.00	291.00	AMRO;0.977
301.50	307.50	AMRO;0.967
310.50	319.50	AMRO;0.954
324.00	330.00	AMRO;0.932
334.50	340.50	AMRO;0.982
345.00	351.00	AMRO;0.992
354.00	358.50	AMRO;0.980
361.50	366.00	AMRO;0.971
372.00	378.00	AMRO;0.990
382.50	388.50	AMRO;0.995
390.00	400.50	AMRO;0.995
402.00	406.50	AMRO;0.970
408.00	414.00	AMRO;0.983
417.00	420.00	AMRO;0.800
424.50	432.00	AMRO;0.993
433.50	439.50	AMRO;0.997
444.00	466.50	AMRO;0.996
471.00	478.50	AMRO;0.988
484.50	490.50	AMRO;0.984
493.50	501.00	AMRO;0.987
508.50	513.00	AMRO;0.883
517.50	523.50	AMRO;0.996
526.50	532.50	AMRO;0.996
544.50	553.50	AMRO;0.968
556.50	561.00	AMRO;0.991
565.50	570.00	AMRO;0.912
573.00	577.50	AMRO;0.980
580.50	585.00	AMRO;0.966
588.00	592.50	AMRO;0.800
145.50	150.00	ATSP;0.916
321.00	324.00	BHVI;0.849
532.50	535.50	BHVI;0.863
552.00	555.00	BHVI;0.854
9.00	13.50	CHSP;0.877
84.00	87.00	CHSP;0.896
93.00	96.00	CHSP;0.864
132.00	135.00	CHSP;0.865
154.50	157.50	CHSP;0.820
276.00	279.00	CHSP;0.814
567.00	571.50	CHSP;0.893
591.00	594.00	CHSP;0.820
210.00	213.00	DEJU;0.813
369.00	372.00	DEJU;0.810
490.50	493.50	DEJU;0.814
6.00	10.50	FOSP;0.967
22.50	27.00	FOSP;0.851
30.00	34.50	FOSP;0.800
40.50	45.00	FOSP;0.800
79.50	84.00	FOSP;0.911
87.00	91.50	FOSP;0.800
97.50	102.00	FOSP;0.945
105.00	109.50	FOSP;0.960
124.50	129.00	FOSP;0.800
144.00	151.50	FOSP;0.823
157.50	163.50	FOSP;0.926
168.00	172.50	FOSP;0.988
177.00	186.00	FOSP;0.862
195.00	199.50	FOSP;0.909
214.50	219.00	FOSP;0.800
234.00	237.00	FOSP;0.800
250.50	255.00	FOSP;0.925
271.50	274.50	FOSP;0.892
289.50	294.00	FOSP;0.927
306.00	310.50	FOSP;0.800
322.50	327.00	FOSP;0.936
340.50	345.00	FOSP;0.800
363.00	367.50	FOSP;0.888
381.00	385.50	FOSP;0.883
399.00	403.50	FOSP;0.953
421.50	426.00	FOSP;0.800
513.00	517.50	FOSP;0.800
553.50	556.50	FOSP;0.800
570.00	574.50	FOSP;0.800
577.50	582.00	FOSP;0.800
1.50	4.50	LISP;0.800
16.50	21.00	LISP;0.954
33.00	36.00	LISP;0.800
64.50	69.00	LISP;0.864
97.50	100.50	LISP;0.800
114.00	117.00	LISP;0.800
129.00	133.50	LISP;0.800
162.00	166.50	LISP;0.818
228.00	232.50	LISP;0.990
247.50	250.50	LISP;0.800
261.00	265.50	LISP;0.975
294.00	298.50	LISP;0.800
309.00	313.50	LISP;0.856
358.50	364.50	LISP;0.951
397.50	400.50	LISP;0.873
420.00	423.00	LISP;0.800
447.00	451.50	LISP;0.971
463.50	466.50	LISP;0.837
478.50	481.50	LISP;0.983
507.00	511.50	LISP;0.945
520.50	525.00	LISP;0.955
549.00	553.50	LISP;0.800
564.00	567.00	LISP;0.983
579.00	583.50	LISP;0.990
592.50	595.50	LISP;0.800
538.50	541.50	MOCH;0.921
559.50	562.50	OCWA;0.846
0.00	6.00	PISI;0.983
54.00	60.00	PISI;0.877
63.00	69.00	PISI;0.835
70.50	73.50	PISI;0.800
118.50	130.50	PISI;0.831
267.00	271.50	PISI;0.938
273.00	283.50	PISI;0.945
291.00	307.50	PISI;0.995
312.00	343.50	PISI;0.997
412.50	423.00	PISI;0.984
456.00	460.50	PISI;0.897
466.50	469.50	PISI;0.800
480.00	493.50	PISI;0.945
496.50	501.00	PISI;0.932
502.50	508.50	PISI;0.995
523.50	528.00	PISI;0.800
531.00	535.50	PISI;0.907
543.00	547.50	PISI;0.984
550.50	559.50	PISI;0.972
561.00	565.50	PISI;0.979
568.50	571.50	PISI;0.800
576.00	580.50	PISI;0.835
582.00	594.00	PISI;0.997
595.50	600.00	PISI;0.800
162.00	165.00	ROWR;0.812
477.00	480.00	ROWR;0.923
562.50	565.50	ROWR;0.818
438.00	441.00	SNBU;0.815
102.00	106.50	WCSP;0.800
141.00	144.00	WCSP;0.885
165.00	169.50	WCSP;0.800
178.50	181.50	WCSP;0.800
193.50	198.00	WCSP;0.969
525.00	528.00	WCSP;0.800
540.00	544.50	WCSP;0.990
589.50	592.50	WCSP;0.800
171.00	174.00	WIFL;0.955
216.00	220.50	WIWA;0.989
225.00	229.50	WIWA;0.983
258.00	261.00	WIWA;0.800
285.00	289.50	WIWA;0.980
307.50	312.00	WIWA;0.972
316.50	321.00	WIWA;0.990
333.00	337.50	WIWA;0.880
342.00	346.50	WIWA;0.986
