0.00	3.00	AMRO;0.994
10.50	21.00	AMRO;0.991
22.50	25.50	AMRO;0.800
31.50	36.00	AMRO;0.800
69.00	79.50	AMRO;0.800
172.50	177.00	AMRO;0.800
181.50	186.00	AMRO;0.800
187.50	192.00	AMRO;0.800
196.50	199.50	AMRO;0.800
204.00	208.50	AMRO;0.849
217.50	226.50	AMRO;0.932
235.50	238.50	AMRO;0.800
249.00	253.50	AMRO;0.800
262.50	268.50	AMRO;0.827
97.50	100.50	CHSP;0.824
3.00	6.00	FOSP;0.800
24.00	27.00	FOSP;0.800
30.00	34.50	FOSP;0.800
46.50	51.00	FOSP;0.800
54.00	58.50	FOSP;0.840
64.50	69.00	FOSP;0.844
70.50	75.00	FOSP;0.909
79.50	82.50	FOSP;0.800
103.50	108.00	FOSP;0.800
126.00	129.00	FOSP;0.800
142.50	147.00	FOSP;0.962
172.50	175.50	FOSP;0.800
198.00	202.50	FOSP;0.800
240.00	244.50	FOSP;0.916
289.50	294.00	FOSP;0.879
4.50	9.00	LISP;0.800
16.50	19.50	LISP;0.820
27.00	31.50	LISP;0.966
37.50	42.00	LISP;0.800
51.00	54.00	LISP;0.800
63.00	67.50	LISP;0.991
87.00	91.50	LISP;0.800
100.50	103.50	LISP;0.800
112.50	115.50	LISP;0.923
138.00	141.00	LISP;0.800
148.50	153.00	LISP;0.989
186.00	190.50	LISP;0.829
210.00	214.50	LISP;0.979
234.00	238.50	LISP;0.800
268.50	271.50	LISP;0.868
283.50	286.50	LISP;0.800
6.00	28.50	WCSP;0.978
30.00	42.00	WCSP;0.989
43.50	49.50	WCSP;0.980
51.00	63.00	WCSP;0.990
67.50	72.00	WCSP;0.996
73.50	81.00	WCSP;0.989
82.50	97.50	WCSP;0.999
99.00	112.50	WCSP;0.993
114.00	118.50	WCSP;0.990
123.00	127.50	WCSP;0.992
129.00	144.00	WCSP;0.995
147.00	151.50	WCSP;0.988
153.00	166.50	WCSP;0.992
169.50	189.00	WCSP;0.994
192.00	196.50	WCSP;0.995
199.50	204.00	WCSP;0.988
207.00	211.50	WCSP;0.995
214.50	219.00	WCSP;0.977
222.00	226.50	WCSP;0.993
228.00	264.00	WCSP;0.993
265.50	283.50	WCSP;0.996
285.00	289.50	WCSP;0.996
292.50	297.00	WCSP;0.993
28.50	31.50	WTSP;0.870
