156.00	159.00	AMRO;0.897
204.00	208.50	AMRO;0.892
237.00	240.00	AMRO;0.800
253.50	256.50	AMRO;0.862
267.00	270.00	AMRO;0.932
289.50	294.00	AMRO;0.970
297.00	300.00	AMRO;0.832
285.00	288.00	GWTE;0.858
225.00	229.50	MOCH;0.897
66.00	70.50	WCSP;0.800
81.00	84.00	WCSP;0.800
135.00	139.50	WCSP;0.944
141.00	145.50	WCSP;0.885
147.00	151.50	WCSP;0.988
183.00	187.50	WCSP;0.966
193.50	196.50	WCSP;0.800
201.00	205.50	WCSP;0.968
207.00	211.50	WCSP;0.988
222.00	226.50	WCSP;0.991
229.50	234.00	WCSP;0.962
238.50	243.00	WCSP;0.991
253.50	258.00	WCSP;0.800
