28.50	33.00	ATSP;0.836
96.00	100.50	BCCH;0.936
111.00	120.00	BRCR;0.908
123.00	135.00	BRCR;0.965
141.00	145.50	BRCR;0.959
150.00	154.50	BRCR;0.833
162.00	165.00	BRCR;0.800
54.00	58.50	LISP;0.859
103.50	106.50	LISP;0.867
159.00	162.00	MOCH;0.806
181.50	186.00	MOCH;0.987
231.00	234.00	MOCH;0.885
286.50	289.50	MOCH;0.966
295.50	298.50	MOCH;0.900
88.50	91.50	ROWR;0.855
118.50	121.50	VATH;0.800
162.00	165.00	VATH;0.801
108.00	111.00	WCSP;0.805
175.50	180.00	WCSP;0.917
7.50	13.50	WTSP;0.961
16.50	21.00	WTSP;0.987
93.00	97.50	WTSP;0.815
112.50	121.50	WTSP;0.995
130.50	136.50	WTSP;0.994
147.00	153.00	WTSP;0.999
166.50	171.00	WTSP;0.989
189.00	193.50	WTSP;0.821
237.00	240.00	WTSP;0.870
288.00	292.50	WTSP;0.800
22.50	27.00	YRWA;0.972
79.50	82.50	YRWA;0.800
123.00	126.00	YRWA;0.800
262.50	267.00	YRWA;0.990
276.00	282.00	YRWA;0.984
