0.00	15.00	AMRO;0.960
21.00	28.50	AMRO;0.898
31.50	52.50	AMRO;0.993
85.50	90.00	AMRO;0.800
99.00	103.50	AMRO;0.800
123.00	126.00	AMRO;0.800
156.00	169.50	AMRO;0.964
171.00	180.00	AMRO;0.838
181.50	192.00	AMRO;0.973
193.50	198.00	AMRO;0.985
199.50	211.50	AMRO;0.993
214.50	219.00	AMRO;0.969
220.50	223.50	AMRO;0.800
225.00	229.50	AMRO;0.800
234.00	237.00	AMRO;0.800
238.50	243.00	AMRO;0.886
249.00	253.50	AMRO;0.867
255.00	261.00	AMRO;0.987
267.00	270.00	AMRO;0.800
273.00	286.50	AMRO;0.989
288.00	291.00	AMRO;0.800
315.00	322.50	AMRO;0.800
324.00	333.00	AMRO;0.982
334.50	349.50	AMRO;0.958
351.00	354.00	AMRO;0.800
367.50	385.50	AMRO;0.963
408.00	426.00	AMRO;0.991
427.50	456.00	AMRO;0.997
460.50	466.50	AMRO;0.956
469.50	486.00	AMRO;0.998
546.00	550.50	AMRO;0.800
577.50	583.50	AMRO;0.962
7.50	12.00	BAOR;0.919
190.50	193.50	BAOR;0.842
18.00	22.50	CHSP;0.971
34.50	37.50	CHSP;0.800
46.50	52.50	CHSP;0.891
54.00	58.50	CHSP;0.941
67.50	73.50	CHSP;0.928
76.50	81.00	CHSP;0.890
82.50	87.00	CHSP;0.931
90.00	94.50	CHSP;0.932
96.00	100.50	CHSP;0.952
103.50	108.00	CHSP;0.963
109.50	115.50	CHSP;0.952
120.00	124.50	CHSP;0.887
129.00	133.50	CHSP;0.860
136.50	141.00	CHSP;0.983
144.00	148.50	CHSP;0.952
151.50	156.00	CHSP;0.975
159.00	163.50	CHSP;0.980
165.00	171.00	CHSP;0.984
172.50	177.00	CHSP;0.800
180.00	184.50	CHSP;0.986
187.50	193.50	CHSP;0.977
195.00	199.50	CHSP;0.874
202.50	207.00	CHSP;0.874
208.50	213.00	CHSP;0.857
216.00	222.00	CHSP;0.987
225.00	229.50	CHSP;0.987
240.00	243.00	CHSP;0.800
247.50	252.00	CHSP;0.915
255.00	259.50	CHSP;0.941
261.00	265.50	CHSP;0.891
268.50	273.00	CHSP;0.877
276.00	282.00	CHSP;0.984
283.50	288.00	CHSP;0.824
292.50	298.50	CHSP;0.912
484.50	489.00	CHSP;0.800
519.00	522.00	CHSP;0.800
540.00	544.50	CHSP;0.800
564.00	567.00	CHSP;0.800
88.50	91.50	DEJU;0.863
99.00	102.00	DEJU;0.942
129.00	135.00	FOSP;0.949
139.50	144.00	FOSP;0.976
157.50	160.50	GWTE;0.979
196.50	199.50	LALO;0.824
208.50	211.50	PAWA;0.829
241.50	244.50	PAWA;0.816
364.50	369.00	PISI;0.985
4.50	7.50	RUGR;0.832
273.00	276.00	RUGR;0.827
114.00	118.50	SBDO;0.942
252.00	256.50	SBDO;0.872
163.50	166.50	TOSO;0.957
466.50	471.00	WCSP;0.906
