258.00	261.00	BCCH;0.843
282.00	285.00	BCCH;0.902
283.50	288.00	CHSP;0.982
1.50	4.50	HETH;0.800
19.50	24.00	HETH;0.974
31.50	34.50	HETH;0.800
49.50	54.00	HETH;0.800
58.50	63.00	HETH;0.831
78.00	84.00	HETH;0.837
87.00	91.50	HETH;0.841
108.00	114.00	HETH;0.954
132.00	135.00	HETH;0.800
184.50	187.50	HETH;0.800
228.00	232.50	HETH;0.973
237.00	247.50	HETH;0.943
258.00	262.50	HETH;0.869
273.00	277.50	HETH;0.800
294.00	297.00	HETH;0.800
82.50	87.00	LISP;0.891
148.50	151.50	LISP;0.800
198.00	202.50	LISP;0.978
214.50	220.50	LISP;0.988
69.00	72.00	MAMU;0.931
0.00	4.50	MOCH;0.966
55.50	61.50	MOCH;0.800
78.00	82.50	MOCH;0.800
138.00	141.00	MOCH;0.800
169.50	172.50	MOCH;0.800
223.50	231.00	MOCH;0.902
241.50	246.00	MOCH;0.856
247.50	252.00	MOCH;0.800
262.50	271.50	MOCH;0.920
288.00	291.00	MOCH;0.801
292.50	297.00	MOCH;0.800
22.50	25.50	SNBU;0.941
