45.00	49.50	AMRO;0.800
58.50	63.00	AMRO;0.948
72.00	75.00	AMRO;0.800
93.00	96.00	AMRO;0.800
216.00	220.50	AMRO;0.800
225.00	229.50	AMRO;0.800
304.50	307.50	AMRO;0.800
310.50	315.00	AMRO;0.916
324.00	328.50	AMRO;0.944
354.00	357.00	AMRO;0.851
402.00	406.50	AMRO;0.800
409.50	414.00	AMRO;0.956
415.50	420.00	AMRO;0.861
438.00	441.00	AMRO;0.800
457.50	462.00	AMRO;0.800
511.50	516.00	AMRO;0.968
541.50	546.00	AMRO;0.800
583.50	588.00	AMRO;0.800
355.50	358.50	BAOR;0.836
252.00	255.00	BLJA;0.810
123.00	127.50	CHSP;0.800
168.00	172.50	CHSP;0.800
190.50	195.00	CHSP;0.800
208.50	213.00	CHSP;0.800
291.00	294.00	CHSP;0.800
310.50	313.50	CHSP;0.849
319.50	322.50	CHSP;0.800
343.50	346.50	CHSP;0.800
378.00	381.00	CHSP;0.800
384.00	388.50	CHSP;0.800
394.50	397.50	CHSP;0.800
427.50	432.00	CHSP;0.800
525.00	529.50	CHSP;0.800
535.50	538.50	CHSP;0.800
544.50	550.50	CHSP;0.935
570.00	576.00	CHSP;0.990
588.00	594.00	CHSP;0.991
363.00	366.00	FISP;0.886
406.50	411.00	FOSP;0.905
28.50	31.50	HETH;0.826
0.00	3.00	LISP;0.866
7.50	10.50	LISP;0.800
15.00	19.50	LISP;0.978
33.00	37.50	LISP;0.953
48.00	52.50	LISP;0.991
61.50	67.50	LISP;0.950
73.50	78.00	LISP;0.800
79.50	84.00	LISP;0.980
87.00	90.00	LISP;0.800
97.50	102.00	LISP;0.961
114.00	118.50	LISP;0.957
129.00	135.00	LISP;0.979
147.00	151.50	LISP;0.966
162.00	168.00	LISP;0.961
178.50	183.00	LISP;0.956
193.50	199.50	LISP;0.962
211.50	217.50	LISP;0.984
223.50	228.00	LISP;0.800
229.50	234.00	LISP;0.991
246.00	252.00	LISP;0.982
262.50	267.00	LISP;0.983
279.00	283.50	LISP;0.987
295.50	300.00	LISP;0.988
313.50	318.00	LISP;0.919
330.00	334.50	LISP;0.971
348.00	352.50	LISP;0.918
364.50	369.00	LISP;0.960
382.50	387.00	LISP;0.844
399.00	403.50	LISP;0.800
414.00	418.50	LISP;0.831
432.00	435.00	LISP;0.800
447.00	451.50	LISP;0.952
463.50	466.50	LISP;0.800
477.00	481.50	LISP;0.980
493.50	496.50	LISP;0.800
507.00	511.50	LISP;0.800
522.00	526.50	LISP;0.939
540.00	544.50	LISP;0.800
553.50	558.00	LISP;0.982
570.00	574.50	LISP;0.800
586.50	591.00	LISP;0.800
3.00	9.00	MOCH;0.944
25.50	28.50	MOCH;0.912
42.00	46.50	MOCH;0.939
69.00	72.00	MOCH;0.800
75.00	81.00	MOCH;0.800
102.00	105.00	MOCH;0.969
124.50	127.50	MOCH;0.800
133.50	138.00	MOCH;0.800
172.50	175.50	MOCH;0.811
187.50	190.50	MOCH;0.831
292.50	295.50	MOCH;0.800
345.00	348.00	MOCH;0.800
360.00	363.00	MOCH;0.800
375.00	378.00	MOCH;0.800
391.50	397.50	MOCH;0.960
423.00	427.50	MOCH;0.856
441.00	444.00	MOCH;0.800
469.50	474.00	MOCH;0.800
496.50	501.00	MOCH;0.800
504.00	507.00	MOCH;0.800
526.50	535.50	MOCH;0.910
543.00	547.50	MOCH;0.800
564.00	567.00	MOCH;0.800
595.50	600.00	MOCH;0.845
72.00	76.50	OCWA;0.906
7.50	12.00	PUFI;0.927
28.50	33.00	PUFI;0.908
175.50	178.50	PUFI;0.883
66.00	69.00	RUTU;0.815
255.00	258.00	SPSA;0.913
352.50	357.00	VATH;0.892
12.00	18.00	WTSP;0.986
25.50	31.50	WTSP;0.946
40.50	45.00	WTSP;0.832
46.50	49.50	WTSP;0.800
51.00	57.00	WTSP;0.989
60.00	63.00	WTSP;0.800
66.00	70.50	WTSP;0.991
75.00	79.50	WTSP;0.970
82.50	88.50	WTSP;0.970
91.50	94.50	WTSP;0.892
100.50	103.50	WTSP;0.909
105.00	111.00	WTSP;0.946
115.50	120.00	WTSP;0.944
135.00	141.00	WTSP;0.976
174.00	177.00	WTSP;0.880
184.50	189.00	WTSP;0.982
216.00	220.50	WTSP;0.800
232.50	237.00	WTSP;0.909
249.00	252.00	WTSP;0.800
264.00	268.50	WTSP;0.800
294.00	298.50	WTSP;0.955
312.00	316.50	WTSP;0.800
328.50	336.00	WTSP;0.800
340.50	349.50	WTSP;0.919
357.00	364.50	WTSP;0.979
376.50	379.50	WTSP;0.920
391.50	396.00	WTSP;0.868
409.50	412.50	WTSP;0.927
423.00	427.50	WTSP;0.808
438.00	442.50	WTSP;0.800
468.00	472.50	WTSP;0.800
520.50	525.00	WTSP;0.997
528.00	531.00	WTSP;0.800
537.00	543.00	WTSP;0.996
565.50	570.00	WTSP;0.992
576.00	580.50	WTSP;0.974
592.50	598.50	WTSP;0.995
42.00	45.00	WIWA;0.823
181.50	186.00	YRWA;0.960
