145.50	148.50	AMGP;0.922
0.00	3.00	AMRO;0.800
4.50	10.50	AMRO;0.949
12.00	16.50	AMRO;0.800
18.00	22.50	AMRO;0.800
24.00	28.50	AMRO;0.987
30.00	34.50	AMRO;0.954
37.50	49.50	AMRO;0.992
51.00	55.50	AMRO;0.881
60.00	64.50	AMRO;0.976
66.00	70.50	AMRO;0.982
73.50	78.00	AMRO;0.988
84.00	120.00	AMRO;0.993
121.50	126.00	AMRO;0.919
127.50	147.00	AMRO;0.996
150.00	154.50	AMRO;0.800
156.00	171.00	AMRO;0.974
172.50	177.00	AMRO;0.935
178.50	183.00	AMRO;0.960
184.50	204.00	AMRO;0.994
205.50	210.00	AMRO;0.808
211.50	237.00	AMRO;0.997
238.50	259.50	AMRO;0.995
261.00	276.00	AMRO;0.994
279.00	283.50	AMRO;0.991
285.00	289.50	AMRO;0.987
291.00	300.00	AMRO;0.998
0.00	66.00	CHSP;0.994
70.50	76.50	CHSP;0.924
78.00	84.00	CHSP;0.989
97.50	100.50	CHSP;0.800
109.50	112.50	CHSP;0.800
114.00	118.50	CHSP;0.800
132.00	136.50	CHSP;0.802
139.50	142.50	CHSP;0.800
145.50	148.50	CHSP;0.808
153.00	157.50	CHSP;0.800
159.00	163.50	CHSP;0.800
168.00	172.50	CHSP;0.827
187.50	192.00	CHSP;0.961
207.00	222.00	CHSP;0.812
223.50	228.00	CHSP;0.977
229.50	234.00	CHSP;0.839
286.50	291.00	CHSP;0.827
186.00	189.00	DEJU;0.812
106.50	109.50	FOSP;0.852
175.50	178.50	FOSP;0.911
235.50	240.00	FOSP;0.953
295.50	298.50	FOSP;0.849
43.50	46.50	HETH;0.814
52.50	55.50	HETH;0.834
58.50	61.50	HETH;0.951
231.00	234.00	HETH;0.930
265.50	268.50	HETH;0.811
148.50	151.50	MOCH;0.890
214.50	217.50	RUGR;0.884
222.00	225.00	RUGR;0.868
228.00	231.00	RUGR;0.843
87.00	91.50	WTSP;0.800
124.50	129.00	WTSP;0.956
135.00	139.50	WTSP;0.975
180.00	184.50	WTSP;0.901
192.00	196.50	WTSP;0.800
202.50	205.50	WTSP;0.800
214.50	217.50	WTSP;0.800
