286.50	291.00	AMRO;0.896
0.00	3.00	CHSP;0.800
9.00	13.50	CHSP;0.979
19.50	27.00	CHSP;0.994
34.50	39.00	CHSP;0.985
46.50	51.00	CHSP;0.800
54.00	58.50	CHSP;0.800
64.50	69.00	CHSP;0.971
73.50	79.50	CHSP;0.858
84.00	91.50	CHSP;0.963
94.50	97.50	CHSP;0.800
99.00	102.00	CHSP;0.800
106.50	112.50	CHSP;0.989
118.50	124.50	CHSP;0.908
129.00	135.00	CHSP;0.925
141.00	145.50	CHSP;0.826
151.50	157.50	CHSP;0.947
162.00	175.50	CHSP;0.964
178.50	184.50	CHSP;0.911
187.50	193.50	CHSP;0.922
198.00	204.00	CHSP;0.942
208.50	214.50	CHSP;0.968
219.00	225.00	CHSP;0.953
229.50	234.00	CHSP;0.800
237.00	243.00	CHSP;0.820
249.00	255.00	CHSP;0.924
259.50	265.50	CHSP;0.949
270.00	274.50	CHSP;0.969
292.50	295.50	CHSP;0.800
0.00	4.50	FOSP;0.912
21.00	25.50	FOSP;0.936
33.00	37.50	FOSP;0.957
45.00	49.50	FOSP;0.848
54.00	60.00	FOSP;0.904
64.50	69.00	FOSP;0.928
75.00	79.50	FOSP;0.907
87.00	91.50	FOSP;0.800
96.00	105.00	FOSP;0.941
114.00	118.50	FOSP;0.923
129.00	132.00	FOSP;0.815
139.50	144.00	FOSP;0.824
157.50	162.00	FOSP;0.800
172.50	175.50	FOSP;0.800
196.50	202.50	FOSP;0.917
216.00	220.50	FOSP;0.817
228.00	232.50	FOSP;0.902
241.50	252.00	FOSP;0.878
277.50	282.00	FOSP;0.959
205.50	208.50	MOCH;0.834
160.50	163.50	SWSP;0.828
193.50	198.00	SWSP;0.890
255.00	258.00	SWSP;0.985
273.00	277.50	SWSP;0.943
63.00	66.00	VATH;0.891
112.50	115.50	VATH;0.979
285.00	288.00	VATH;0.935
0.00	3.00	WCSP;0.958
12.00	16.50	WCSP;0.991
19.50	22.50	WCSP;0.800
45.00	48.00	WCSP;0.800
78.00	81.00	WCSP;0.828
118.50	121.50	WCSP;0.800
207.00	211.50	WCSP;0.844
268.50	273.00	WCSP;0.965
280.50	285.00	WCSP;0.876
292.50	295.50	WCSP;0.800
153.00	157.50	WTSP;0.800
174.00	180.00	WTSP;0.997
183.00	189.00	WTSP;0.994
201.00	207.00	WTSP;0.997
217.50	222.00	WTSP;0.967
231.00	237.00	WTSP;0.995
250.50	256.50	WTSP;0.984
265.50	270.00	WTSP;0.994
288.00	292.50	WTSP;0.995
