343.50	346.50	CHSW;0.922
162.00	165.00	FISP;0.841
543.00	547.50	FOSP;0.901
591.00	595.50	FOSP;0.931
175.50	178.50	GWTE;0.900
75.00	78.00	LISP;0.972
93.00	96.00	LISP;0.879
109.50	114.00	LISP;0.910
379.50	382.50	LISP;0.889
486.00	489.00	LISP;0.889
595.50	598.50	LISP;0.960
136.50	139.50	MOCH;0.880
172.50	177.00	MOCH;0.980
351.00	354.00	MOCH;0.835
438.00	441.00	MOCH;0.815
279.00	282.00	NOPA;0.817
169.50	172.50	RUGR;0.851
46.50	49.50	VATH;0.817
141.00	144.00	VATH;0.867
1.50	6.00	WTSP;0.874
37.50	46.50	WTSP;0.993
54.00	58.50	WTSP;0.960
60.00	69.00	WTSP;0.991
85.50	90.00	WTSP;0.800
99.00	102.00	WTSP;0.800
108.00	111.00	WTSP;0.800
112.50	117.00	WTSP;0.800
124.50	129.00	WTSP;0.800
138.00	141.00	WTSP;0.800
148.50	153.00	WTSP;0.847
160.50	165.00	WTSP;0.800
213.00	216.00	WTSP;0.824
225.00	228.00	WTSP;0.800
234.00	241.50	WTSP;0.962
252.00	256.50	WTSP;0.800
267.00	270.00	WTSP;0.800
282.00	285.00	WTSP;0.800
295.50	300.00	WTSP;0.880
309.00	313.50	WTSP;0.960
324.00	328.50	WTSP;0.800
367.50	372.00	WTSP;0.889
382.50	387.00	WTSP;0.944
438.00	441.00	WTSP;0.800
507.00	511.50	WTSP;0.800
595.50	600.00	WTSP;0.875
0.00	4.50	WIWA;0.990
10.50	16.50	WIWA;0.990
22.50	28.50	WIWA;0.991
34.50	39.00	WIWA;0.991
45.00	51.00	WIWA;0.991
55.50	60.00	WIWA;0.987
66.00	72.00	WIWA;0.990
78.00	82.50	WIWA;0.989
90.00	94.50	WIWA;0.986
102.00	106.50	WIWA;0.987
114.00	118.50	WIWA;0.984
124.50	130.50	WIWA;0.991
136.50	141.00	WIWA;0.986
147.00	151.50	WIWA;0.986
157.50	163.50	WIWA;0.992
168.00	174.00	WIWA;0.981
178.50	184.50	WIWA;0.971
192.00	196.50	WIWA;0.991
202.50	208.50	WIWA;0.989
214.50	219.00	WIWA;0.989
238.50	244.50	WIWA;0.995
252.00	258.00	WIWA;0.987
280.50	283.50	WIWA;0.800
289.50	294.00	WIWA;0.992
297.00	303.00	WIWA;0.990
310.50	315.00	WIWA;0.991
322.50	327.00	WIWA;0.988
333.00	337.50	WIWA;0.991
345.00	349.50	WIWA;0.990
355.50	361.50	WIWA;0.988
369.00	373.50	WIWA;0.834
384.00	387.00	WIWA;0.864
397.50	402.00	WIWA;0.988
408.00	412.50	WIWA;0.985
418.50	423.00	WIWA;0.989
429.00	433.50	WIWA;0.987
439.50	444.00	WIWA;0.988
451.50	456.00	WIWA;0.986
460.50	466.50	WIWA;0.990
471.00	477.00	WIWA;0.986
481.50	486.00	WIWA;0.990
492.00	496.50	WIWA;0.987
504.00	508.50	WIWA;0.979
513.00	517.50	WIWA;0.980
523.50	528.00	WIWA;0.984
534.00	538.50	WIWA;0.987
544.50	549.00	WIWA;0.950
555.00	559.50	WIWA;0.988
586.50	591.00	WIWA;0.954
