255.00	258.00	AMDI;0.834
18.00	24.00	CHSP;0.922
25.50	43.50	CHSP;0.990
124.50	129.00	CHSP;0.800
172.50	175.50	CHSP;0.800
276.00	280.50	CHSP;0.800
7.50	12.00	FOSP;0.979
13.50	18.00	FOSP;0.970
22.50	25.50	FOSP;0.800
36.00	40.50	FOSP;0.800
61.50	70.50	FOSP;0.982
81.00	84.00	FOSP;0.806
87.00	91.50	FOSP;0.914
250.50	255.00	FOSP;0.818
256.50	261.00	FOSP;0.858
271.50	276.00	FOSP;0.979
28.50	33.00	GCSP;0.926
43.50	46.50	GCSP;0.841
153.00	156.00	LISP;0.833
295.50	300.00	LISP;0.990
10.50	13.50	MOCH;0.800
51.00	57.00	MOCH;0.800
73.50	76.50	MOCH;0.800
88.50	91.50	MOCH;0.800
97.50	100.50	MOCH;0.800
102.00	105.00	MOCH;0.800
129.00	132.00	MOCH;0.914
141.00	144.00	MOCH;0.800
154.50	160.50	MOCH;0.800
166.50	169.50	MOCH;0.966
171.00	178.50	MOCH;0.860
181.50	186.00	MOCH;0.923
211.50	217.50	MOCH;0.800
241.50	244.50	MOCH;0.956
247.50	250.50	MOCH;0.800
252.00	256.50	MOCH;0.892
259.50	265.50	MOCH;0.800
268.50	273.00	MOCH;0.800
286.50	289.50	MOCH;0.935
1.50	6.00	OCWA;0.865
105.00	108.00	OCWA;0.811
36.00	39.00	SNBU;0.801
3.00	6.00	VATH;0.800
16.50	21.00	VATH;0.800
31.50	36.00	VATH;0.887
37.50	42.00	VATH;0.973
60.00	63.00	VATH;0.800
82.50	87.00	VATH;0.966
96.00	99.00	VATH;0.800
118.50	123.00	VATH;0.800
132.00	136.50	VATH;0.929
159.00	162.00	VATH;0.800
220.50	223.50	VATH;0.800
225.00	228.00	VATH;0.872
6.00	9.00	WCSP;0.800
30.00	34.50	WCSP;0.914
40.50	48.00	WCSP;0.800
52.50	55.50	WCSP;0.983
64.50	67.50	WCSP;0.849
75.00	79.50	WCSP;0.982
88.50	91.50	WCSP;0.800
93.00	97.50	WCSP;0.984
99.00	105.00	WCSP;0.981
112.50	117.00	WCSP;0.825
121.50	129.00	WCSP;0.958
130.50	135.00	WCSP;0.989
141.00	147.00	WCSP;0.988
150.00	154.50	WCSP;0.981
168.00	172.50	WCSP;0.969
177.00	181.50	WCSP;0.989
189.00	195.00	WCSP;0.980
198.00	204.00	WCSP;0.988
207.00	211.50	WCSP;0.983
216.00	220.50	WCSP;0.978
234.00	238.50	WCSP;0.872
243.00	247.50	WCSP;0.975
253.50	256.50	WCSP;0.800
261.00	265.50	WCSP;0.800
280.50	285.00	WCSP;0.997
289.50	295.50	WCSP;0.974
0.00	4.50	WTSP;0.978
6.00	9.00	WTSP;0.800
27.00	30.00	WTSP;0.800
40.50	48.00	WTSP;0.810
54.00	61.50	WTSP;0.998
67.50	76.50	WTSP;0.991
84.00	90.00	WTSP;0.800
103.50	123.00	WTSP;0.996
133.50	156.00	WTSP;0.994
157.50	162.00	WTSP;0.905
169.50	178.50	WTSP;0.870
180.00	186.00	WTSP;0.956
187.50	192.00	WTSP;0.886
193.50	202.50	WTSP;0.998
204.00	216.00	WTSP;0.985
217.50	232.50	WTSP;0.978
234.00	237.00	WTSP;0.874
238.50	250.50	WTSP;0.967
252.00	256.50	WTSP;0.800
259.50	264.00	WTSP;0.800
265.50	270.00	WTSP;0.986
277.50	280.50	WTSP;0.800
283.50	289.50	WTSP;0.991
297.00	300.00	WTSP;0.894
