0.00	6.00	AMRO;0.991
7.50	30.00	AMRO;0.995
31.50	40.50	AMRO;0.989
45.00	54.00	AMRO;0.963
58.50	66.00	AMRO;0.959
67.50	75.00	AMRO;0.983
76.50	79.50	AMRO;0.800
81.00	85.50	AMRO;0.853
88.50	91.50	AMRO;0.800
93.00	96.00	AMRO;0.950
97.50	105.00	AMRO;0.994
108.00	117.00	AMRO;0.937
120.00	129.00	AMRO;0.997
130.50	157.50	AMRO;0.996
159.00	171.00	AMRO;0.982
172.50	183.00	AMRO;0.996
184.50	195.00	AMRO;0.982
196.50	201.00	AMRO;0.879
202.50	211.50	AMRO;0.959
219.00	223.50	AMRO;0.800
225.00	234.00	AMRO;0.992
235.50	243.00	AMRO;0.870
253.50	258.00	AMRO;0.858
273.00	277.50	AMRO;0.911
285.00	289.50	AMRO;0.966
294.00	298.50	AMRO;0.977
234.00	237.00	BAOR;0.824
0.00	3.00	CHSP;0.800
7.50	10.50	CHSP;0.800
15.00	19.50	CHSP;0.800
22.50	27.00	CHSP;0.800
28.50	33.00	CHSP;0.800
34.50	40.50	CHSP;0.806
42.00	60.00	CHSP;0.929
63.00	76.50	CHSP;0.933
78.00	84.00	CHSP;0.929
85.50	91.50	CHSP;0.975
94.50	99.00	CHSP;0.821
103.50	106.50	CHSP;0.800
109.50	123.00	CHSP;0.988
127.50	130.50	CHSP;0.800
135.00	139.50	CHSP;0.811
142.50	147.00	CHSP;0.800
148.50	153.00	CHSP;0.800
156.00	160.50	CHSP;0.957
162.00	168.00	CHSP;0.820
171.00	177.00	CHSP;0.840
180.00	184.50	CHSP;0.952
187.50	193.50	CHSP;0.842
204.00	217.50	CHSP;0.992
219.00	234.00	CHSP;0.990
235.50	252.00	CHSP;0.991
255.00	285.00	CHSP;0.995
286.50	300.00	CHSP;0.992
64.50	67.50	FOSP;0.910
84.00	87.00	FOSP;0.920
127.50	132.00	FOSP;0.860
289.50	292.50	FOSP;0.826
163.50	166.50	MOCH;0.816
201.00	204.00	MOCH;0.968
39.00	42.00	OCWA;0.906
57.00	60.00	PUFI;0.800
147.00	150.00	PUFI;0.842
289.50	292.50	RUGR;0.818
6.00	10.50	WCSP;0.875
25.50	30.00	WCSP;0.882
18.00	24.00	WTSP;0.870
34.50	39.00	WTSP;0.888
48.00	52.50	WTSP;0.800
66.00	70.50	WTSP;0.800
85.50	94.50	WTSP;0.924
142.50	147.00	WTSP;0.908
160.50	165.00	WTSP;0.854
183.00	187.50	WTSP;0.932
198.00	202.50	WTSP;0.889
231.00	235.50	WTSP;0.800
241.50	246.00	WTSP;0.988
252.00	256.50	WTSP;0.983
