166.50	171.00	BTNW;0.821
190.50	196.50	BRSP;0.998
186.00	189.00	CHSW;0.966
220.50	223.50	CHSW;0.803
291.00	297.00	CHSW;0.946
472.50	475.50	CHSW;0.824
219.00	222.00	CHSP;0.840
223.50	226.50	CHSP;0.805
6.00	9.00	FOSP;0.800
24.00	28.50	FOSP;0.934
69.00	73.50	FOSP;0.935
541.50	546.00	FOSP;0.800
556.50	561.00	FOSP;0.949
567.00	571.50	FOSP;0.958
577.50	583.50	FOSP;0.957
588.00	592.50	FOSP;0.937
58.50	63.00	MOCH;0.840
76.50	79.50	MOCH;0.800
114.00	118.50	MOCH;0.800
129.00	133.50	MOCH;0.800
162.00	165.00	MOCH;0.800
175.50	180.00	MOCH;0.974
195.00	198.00	MOCH;0.800
259.50	264.00	MOCH;0.800
274.50	279.00	MOCH;0.879
280.50	285.00	MOCH;0.956
301.50	307.50	MOCH;0.967
334.50	339.00	MOCH;0.974
349.50	354.00	MOCH;0.800
403.50	406.50	MOCH;0.800
430.50	433.50	MOCH;0.800
498.00	501.00	MOCH;0.800
519.00	522.00	MOCH;0.800
550.50	553.50	MOCH;0.800
561.00	564.00	MOCH;0.800
570.00	576.00	MOCH;0.800
586.50	589.50	MOCH;0.800
555.00	558.00	SNBU;0.825
27.00	31.50	VATH;0.920
508.50	511.50	VATH;0.818
133.50	136.50	WEFL;0.872
64.50	67.50	WCSP;0.800
78.00	82.50	WCSP;0.818
255.00	259.50	WCSP;0.962
294.00	303.00	WCSP;0.880
363.00	367.50	WCSP;0.967
370.50	385.50	WCSP;0.996
409.50	423.00	WCSP;0.990
432.00	436.50	WCSP;0.982
447.00	451.50	WCSP;0.885
466.50	471.00	WCSP;0.967
525.00	531.00	WCSP;0.971
76.50	79.50	WTSP;0.800
213.00	216.00	WTSP;0.800
280.50	283.50	WTSP;0.800
303.00	306.00	WTSP;0.800
309.00	313.50	WTSP;0.976
349.50	352.50	WTSP;0.800
388.50	394.50	WTSP;0.993
405.00	409.50	WTSP;0.986
420.00	426.00	WTSP;0.984
430.50	433.50	WTSP;0.800
445.50	451.50	WTSP;0.800
513.00	519.00	WTSP;0.982
534.00	538.50	WTSP;0.981
546.00	552.00	WTSP;0.998
562.50	567.00	WTSP;0.800
574.50	579.00	WTSP;0.991
243.00	247.50	WIWA;0.958
253.50	256.50	WIWA;0.904
460.50	463.50	WIWA;0.860
