172.50	175.50	AGOL;0.841
88.50	91.50	AMRO;0.800
195.00	198.00	AMRO;0.800
333.00	337.50	AMRO;0.927
339.00	349.50	AMRO;0.985
354.00	360.00	AMRO;0.951
361.50	366.00	AMRO;0.929
376.50	379.50	AMRO;0.800
384.00	388.50	AMRO;0.800
390.00	394.50	AMRO;0.979
399.00	405.00	AMRO;0.978
409.50	415.50	AMRO;0.988
418.50	423.00	AMRO;0.800
429.00	432.00	AMRO;0.800
433.50	438.00	AMRO;0.953
454.50	463.50	AMRO;0.960
466.50	474.00	AMRO;0.928
478.50	496.50	AMRO;0.993
502.50	508.50	AMRO;0.921
513.00	516.00	AMRO;0.903
522.00	526.50	AMRO;0.972
532.50	535.50	AMRO;0.873
537.00	541.50	AMRO;0.989
543.00	547.50	AMRO;0.800
552.00	559.50	AMRO;0.921
568.50	576.00	AMRO;0.958
582.00	586.50	AMRO;0.929
597.00	600.00	AMRO;0.800
363.00	370.50	ATSP;0.970
375.00	378.00	ATSP;0.863
253.50	256.50	BHVI;0.807
288.00	291.00	BHVI;0.852
55.50	58.50	CHSP;0.823
103.50	109.50	CHSP;0.965
127.50	130.50	CHSP;0.864
382.50	385.50	CHSP;0.943
541.50	544.50	CHSP;0.817
0.00	3.00	FOSP;0.800
96.00	99.00	FOSP;0.800
183.00	186.00	FOSP;0.800
222.00	226.50	FOSP;0.888
255.00	259.50	FOSP;0.913
273.00	277.50	FOSP;0.867
289.50	294.00	FOSP;0.800
306.00	310.50	FOSP;0.848
330.00	334.50	FOSP;0.899
349.50	354.00	FOSP;0.933
370.50	376.50	FOSP;0.800
385.50	390.00	FOSP;0.800
403.50	408.00	FOSP;0.838
423.00	427.50	FOSP;0.800
441.00	445.50	FOSP;0.904
456.00	462.00	FOSP;0.800
474.00	478.50	FOSP;0.960
495.00	501.00	FOSP;0.977
510.00	513.00	FOSP;0.800
514.50	519.00	FOSP;0.949
528.00	532.50	FOSP;0.996
544.50	553.50	FOSP;0.982
561.00	565.50	FOSP;0.951
580.50	583.50	FOSP;0.813
375.00	378.00	GRCA;0.806
216.00	220.50	LISP;0.967
265.50	268.50	LISP;0.800
294.00	297.00	LISP;0.929
336.00	339.00	LISP;0.800
408.00	412.50	LISP;0.927
543.00	546.00	LISP;0.800
139.50	142.50	OCWA;0.891
264.00	267.00	OCWA;0.851
72.00	76.50	PISI;0.800
162.00	181.50	PISI;0.996
223.50	228.00	PISI;0.800
271.50	285.00	PISI;0.997
295.50	301.50	PISI;0.996
547.50	562.50	PISI;0.990
564.00	598.50	PISI;0.998
219.00	222.00	SNBU;0.874
