4.50	9.00	AMRO;0.800
18.00	22.50	AMRO;0.800
25.50	28.50	AMRO;0.800
51.00	57.00	AMRO;0.866
66.00	70.50	AMRO;0.800
81.00	84.00	AMRO;0.800
93.00	99.00	AMRO;0.937
108.00	112.50	AMRO;0.800
120.00	126.00	AMRO;0.820
130.50	135.00	AMRO;0.800
136.50	141.00	AMRO;0.800
142.50	151.50	AMRO;0.882
153.00	159.00	AMRO;0.800
163.50	166.50	AMRO;0.800
168.00	172.50	AMRO;0.800
175.50	181.50	AMRO;0.846
183.00	186.00	AMRO;0.800
187.50	195.00	AMRO;0.800
207.00	210.00	AMRO;0.800
231.00	237.00	AMRO;0.800
253.50	258.00	AMRO;0.800
264.00	268.50	AMRO;0.800
270.00	274.50	AMRO;0.800
277.50	289.50	AMRO;0.901
312.00	316.50	AMRO;0.800
318.00	322.50	AMRO;0.800
348.00	352.50	AMRO;0.939
357.00	363.00	AMRO;0.967
364.50	369.00	AMRO;0.957
370.50	382.50	AMRO;0.958
387.00	390.00	AMRO;0.800
391.50	396.00	AMRO;0.972
400.50	405.00	AMRO;0.800
408.00	411.00	AMRO;0.800
412.50	417.00	AMRO;0.800
418.50	429.00	AMRO;0.961
432.00	438.00	AMRO;0.824
441.00	447.00	AMRO;0.958
453.00	456.00	AMRO;0.800
460.50	472.50	AMRO;0.960
474.00	484.50	AMRO;0.800
486.00	493.50	AMRO;0.963
502.50	505.50	AMRO;0.857
513.00	516.00	AMRO;0.800
517.50	526.50	AMRO;0.800
538.50	541.50	AMRO;0.800
582.00	586.50	AMRO;0.800
0.00	3.00	CHSP;0.937
6.00	16.50	CHSP;0.980
19.50	31.50	CHSP;0.996
33.00	39.00	CHSP;0.966
42.00	46.50	CHSP;0.824
49.50	54.00	CHSP;0.907
58.50	61.50	CHSP;0.805
63.00	66.00	CHSP;0.800
79.50	85.50	CHSP;0.933
87.00	93.00	CHSP;0.898
96.00	100.50	CHSP;0.922
103.50	108.00	CHSP;0.941
112.50	117.00	CHSP;0.924
120.00	130.50	CHSP;0.906
142.50	148.50	CHSP;0.800
150.00	156.00	CHSP;0.941
159.00	162.00	CHSP;0.800
165.00	169.50	CHSP;0.975
174.00	178.50	CHSP;0.831
181.50	186.00	CHSP;0.855
189.00	196.50	CHSP;0.925
198.00	204.00	CHSP;0.959
207.00	211.50	CHSP;0.947
214.50	219.00	CHSP;0.936
222.00	226.50	CHSP;0.905
229.50	234.00	CHSP;0.922
235.50	241.50	CHSP;0.934
243.00	247.50	CHSP;0.895
252.00	255.00	CHSP;0.918
259.50	262.50	CHSP;0.800
265.50	270.00	CHSP;0.914
273.00	277.50	CHSP;0.961
280.50	285.00	CHSP;0.800
288.00	292.50	CHSP;0.805
295.50	300.00	CHSP;0.818
303.00	307.50	CHSP;0.887
355.50	360.00	CHSP;0.800
363.00	366.00	CHSP;0.800
369.00	373.50	CHSP;0.800
381.00	385.50	CHSP;0.862
387.00	391.50	CHSP;0.824
403.50	408.00	CHSP;0.800
412.50	417.00	CHSP;0.973
421.50	426.00	CHSP;0.877
427.50	432.00	CHSP;0.913
436.50	439.50	CHSP;0.800
448.50	457.50	CHSP;0.971
460.50	465.00	CHSP;0.898
466.50	472.50	CHSP;0.964
474.00	478.50	CHSP;0.983
480.00	486.00	CHSP;0.918
498.00	502.50	CHSP;0.800
516.00	520.50	CHSP;0.800
562.50	565.50	CHSP;0.800
571.50	574.50	CHSP;0.800
597.00	600.00	CHSP;0.800
1.50	4.50	DEJU;0.800
30.00	33.00	DEJU;0.808
43.50	46.50	DEJU;0.800
51.00	54.00	DEJU;0.800
60.00	63.00	DEJU;0.861
76.50	79.50	DEJU;0.800
106.50	109.50	DEJU;0.800
123.00	126.00	DEJU;0.800
150.00	153.00	DEJU;0.800
157.50	163.50	DEJU;0.800
168.00	171.00	DEJU;0.800
180.00	186.00	DEJU;0.800
195.00	198.00	DEJU;0.800
213.00	216.00	DEJU;0.800
246.00	249.00	DEJU;0.844
250.50	253.50	DEJU;0.800
258.00	264.00	DEJU;0.972
268.50	271.50	DEJU;0.800
276.00	279.00	DEJU;0.800
280.50	286.50	DEJU;0.922
291.00	294.00	DEJU;0.800
295.50	301.50	DEJU;0.800
303.00	309.00	DEJU;0.800
363.00	367.50	DEJU;0.912
445.50	448.50	DEJU;0.800
456.00	459.00	DEJU;0.800
483.00	486.00	DEJU;0.800
553.50	558.00	DEJU;0.800
561.00	567.00	DEJU;0.824
585.00	588.00	DEJU;0.800
36.00	40.50	FOSP;0.912
180.00	183.00	FOSP;0.800
201.00	207.00	FOSP;0.953
208.50	213.00	FOSP;0.800
307.50	312.00	FOSP;0.914
322.50	327.00	FOSP;0.949
523.50	526.50	FOSP;0.800
534.00	537.00	FOSP;0.800
159.00	163.50	GCSP;0.903
175.50	180.00	GCSP;0.894
243.00	246.00	GCSP;0.829
256.50	259.50	GCSP;0.826
373.50	376.50	GCSP;0.885
519.00	522.00	GCSP;0.848
165.00	168.00	GWTE;0.842
135.00	142.50	HETH;0.825
184.50	189.00	HETH;0.800
193.50	196.50	HETH;0.840
211.50	216.00	HETH;0.967
217.50	225.00	HETH;0.840
238.50	241.50	HETH;0.800
244.50	250.50	HETH;0.950
252.00	259.50	HETH;0.800
262.50	273.00	HETH;0.950
274.50	280.50	HETH;0.805
289.50	295.50	HETH;0.873
300.00	306.00	HETH;0.800
310.50	319.50	HETH;0.895
340.50	346.50	HETH;0.800
351.00	361.50	HETH;0.800
363.00	366.00	HETH;0.800
367.50	373.50	HETH;0.936
384.00	390.00	HETH;0.800
394.50	408.00	HETH;0.830
430.50	433.50	HETH;0.800
438.00	441.00	HETH;0.800
445.50	454.50	HETH;0.957
478.50	481.50	HETH;0.800
486.00	490.50	HETH;0.800
495.00	507.00	HETH;0.990
510.00	513.00	HETH;0.800
516.00	520.50	HETH;0.891
526.50	537.00	HETH;0.940
546.00	561.00	HETH;0.977
562.50	567.00	HETH;0.976
568.50	573.00	HETH;0.971
585.00	589.50	HETH;0.953
597.00	600.00	HETH;0.901
430.50	433.50	MOCH;0.812
439.50	442.50	MOCH;0.928
471.00	475.50	MOCH;0.918
528.00	531.00	MOCH;0.824
543.00	546.00	MOCH;0.845
48.00	51.00	RBGU;0.834
409.50	412.50	TOSO;0.917
328.50	331.50	VESP;0.877
7.50	12.00	WIWA;0.947
24.00	28.50	WIWA;0.987
31.50	36.00	WIWA;0.989
40.50	45.00	WIWA;0.990
48.00	52.50	WIWA;0.982
57.00	61.50	WIWA;0.989
64.50	70.50	WIWA;0.994
73.50	78.00	WIWA;0.992
82.50	87.00	WIWA;0.991
90.00	96.00	WIWA;0.993
99.00	105.00	WIWA;0.991
108.00	114.00	WIWA;0.993
117.00	123.00	WIWA;0.989
126.00	132.00	WIWA;0.988
135.00	141.00	WIWA;0.992
144.00	150.00	WIWA;0.987
153.00	159.00	WIWA;0.990
162.00	166.50	WIWA;0.987
171.00	175.50	WIWA;0.992
