253.50	256.50	BCCH;0.898
3.00	10.50	CHSP;0.963
15.00	25.50	CHSP;0.957
27.00	36.00	CHSP;0.979
39.00	43.50	CHSP;0.868
48.00	57.00	CHSP;0.965
64.50	70.50	CHSP;0.961
72.00	78.00	CHSP;0.860
81.00	87.00	CHSP;0.970
88.50	93.00	CHSP;0.884
106.50	111.00	CHSP;0.962
114.00	118.50	CHSP;0.800
135.00	139.50	CHSP;0.980
147.00	153.00	CHSP;0.988
222.00	226.50	CHSP;0.800
244.50	250.50	CHSP;0.809
258.00	262.50	CHSP;0.800
369.00	381.00	CHSP;0.986
382.50	388.50	CHSP;0.983
391.50	397.50	CHSP;0.990
420.00	423.00	CHSP;0.800
445.50	450.00	CHSP;0.852
462.00	466.50	CHSP;0.983
471.00	475.50	CHSP;0.800
487.50	493.50	CHSP;0.850
496.50	501.00	CHSP;0.890
510.00	516.00	CHSP;0.994
523.50	529.50	CHSP;0.929
532.50	538.50	CHSP;0.822
561.00	565.50	CHSP;0.931
570.00	576.00	CHSP;0.904
580.50	585.00	CHSP;0.978
589.50	595.50	CHSP;0.974
0.00	4.50	FOSP;0.905
9.00	13.50	FOSP;0.950
39.00	42.00	FOSP;0.800
97.50	103.50	FOSP;0.899
124.50	129.00	FOSP;0.800
130.50	136.50	FOSP;0.960
142.50	148.50	FOSP;0.975
150.00	154.50	FOSP;0.893
157.50	171.00	FOSP;0.898
174.00	177.00	FOSP;0.800
178.50	183.00	FOSP;0.915
187.50	190.50	FOSP;0.800
196.50	204.00	FOSP;0.867
214.50	219.00	FOSP;0.920
225.00	234.00	FOSP;0.951
241.50	247.50	FOSP;0.847
261.00	265.50	FOSP;0.800
271.50	274.50	FOSP;0.800
297.00	300.00	FOSP;0.800
301.50	306.00	FOSP;0.800
318.00	322.50	FOSP;0.815
357.00	360.00	FOSP;0.800
381.00	385.50	FOSP;0.824
396.00	400.50	FOSP;0.815
420.00	424.50	FOSP;0.805
432.00	436.50	FOSP;0.800
438.00	442.50	FOSP;0.944
451.50	456.00	FOSP;0.913
466.50	472.50	FOSP;0.849
475.50	478.50	FOSP;0.800
490.50	493.50	FOSP;0.800
567.00	570.00	FOSP;0.800
586.50	591.00	FOSP;0.800
36.00	40.50	GCSP;0.801
138.00	142.50	GCSP;0.800
168.00	171.00	GCSP;0.800
237.00	243.00	GCSP;0.800
255.00	258.00	GCSP;0.800
282.00	285.00	GCSP;0.800
349.50	354.00	GCSP;0.800
492.00	496.50	GCSP;0.992
502.50	505.50	GCSP;0.800
522.00	526.50	GCSP;0.800
532.50	537.00	GCSP;0.985
42.00	46.50	LISP;0.832
55.50	60.00	LISP;0.921
232.50	237.00	LISP;0.937
247.50	252.00	LISP;0.914
291.00	295.50	LISP;0.956
345.00	349.50	LISP;0.861
358.50	361.50	LISP;0.800
16.50	19.50	MOCH;0.836
331.50	334.50	MOCH;0.855
343.50	357.00	PISI;0.981
402.00	411.00	PISI;0.965
457.50	468.00	PISI;0.837
165.00	168.00	SNBU;0.905
196.50	201.00	SNBU;0.866
318.00	321.00	SNBU;0.821
433.50	436.50	SNBU;0.808
547.50	552.00	SNBU;0.973
115.50	118.50	WCSP;0.800
121.50	126.00	WCSP;0.800
129.00	132.00	WCSP;0.800
169.50	181.50	WCSP;0.992
187.50	192.00	WCSP;0.800
238.50	241.50	WCSP;0.800
244.50	247.50	WCSP;0.800
417.00	420.00	WCSP;0.800
4.50	9.00	WTSP;0.993
15.00	19.50	WTSP;0.800
24.00	30.00	WTSP;0.994
46.50	52.50	WTSP;0.987
58.50	63.00	WTSP;0.800
70.50	73.50	WTSP;0.800
79.50	84.00	WTSP;0.800
91.50	94.50	WTSP;0.800
120.00	124.50	WTSP;0.982
129.00	133.50	WTSP;0.800
139.50	145.50	WTSP;0.994
181.50	187.50	WTSP;0.996
201.00	207.00	WTSP;0.988
219.00	225.00	WTSP;0.991
238.50	243.00	WTSP;0.857
255.00	259.50	WTSP;0.800
261.00	271.50	WTSP;0.993
276.00	285.00	WTSP;0.992
294.00	303.00	WTSP;0.993
309.00	313.50	WTSP;0.800
321.00	325.50	WTSP;0.937
328.50	333.00	WTSP;0.992
340.50	345.00	WTSP;0.973
346.50	354.00	WTSP;0.995
361.50	370.50	WTSP;0.982
385.50	391.50	WTSP;0.995
423.00	429.00	WTSP;0.996
540.00	544.50	WTSP;0.800
553.50	561.00	WTSP;0.996
577.50	583.50	WTSP;0.997
447.00	451.50	YRWA;0.926
