15.00	19.50	AMRO;0.881
226.50	231.00	AMRO;0.981
405.00	408.00	AMRO;0.805
216.00	219.00	CHSP;0.867
229.50	232.50	CHSP;0.954
586.50	589.50	FISP;0.964
21.00	25.50	FOSP;0.831
28.50	33.00	FOSP;0.808
36.00	40.50	FOSP;0.929
46.50	51.00	FOSP;0.800
55.50	67.50	FOSP;0.878
78.00	84.00	FOSP;0.806
87.00	91.50	FOSP;0.931
97.50	102.00	FOSP;0.954
112.50	123.00	FOSP;0.883
133.50	136.50	FOSP;0.936
144.00	148.50	FOSP;0.810
163.50	178.50	FOSP;0.978
183.00	186.00	FOSP;0.800
201.00	205.50	FOSP;0.830
216.00	220.50	FOSP;0.828
238.50	243.00	FOSP;0.975
249.00	253.50	FOSP;0.894
268.50	271.50	FOSP;0.853
283.50	288.00	FOSP;0.800
300.00	306.00	FOSP;0.945
316.50	322.50	FOSP;0.800
333.00	336.00	FOSP;0.800
337.50	340.50	FOSP;0.800
352.50	361.50	FOSP;0.808
393.00	396.00	FOSP;0.800
496.50	501.00	FOSP;0.800
544.50	549.00	FOSP;0.800
589.50	594.00	FOSP;0.956
595.50	600.00	FOSP;0.896
28.50	33.00	GCSP;0.909
306.00	309.00	GCSP;0.970
1.50	4.50	MOCH;0.800
10.50	13.50	MOCH;0.800
42.00	45.00	MOCH;0.829
55.50	58.50	MOCH;0.800
75.00	78.00	MOCH;0.800
99.00	102.00	MOCH;0.800
115.50	118.50	MOCH;0.800
124.50	127.50	MOCH;0.933
138.00	141.00	MOCH;0.800
151.50	154.50	MOCH;0.800
190.50	193.50	MOCH;0.800
202.50	205.50	MOCH;0.800
223.50	226.50	MOCH;0.800
427.50	430.50	MOCH;0.907
441.00	444.00	MOCH;0.816
454.50	459.00	MOCH;0.824
465.00	468.00	MOCH;0.800
481.50	484.50	MOCH;0.800
502.50	505.50	MOCH;0.983
91.50	96.00	OSFL;0.994
103.50	108.00	OSFL;0.921
109.50	114.00	OSFL;0.962
124.50	129.00	OSFL;0.990
130.50	135.00	OSFL;0.901
141.00	145.50	OSFL;0.980
156.00	160.50	OSFL;0.990
180.00	184.50	OSFL;0.939
186.00	190.50	OSFL;0.977
205.50	210.00	OSFL;0.992
235.50	240.00	OSFL;0.992
246.00	250.50	OSFL;0.989
253.50	258.00	OSFL;0.992
270.00	274.50	OSFL;0.988
279.00	283.50	OSFL;0.990
288.00	292.50	OSFL;0.993
318.00	321.00	OSFL;0.800
334.50	339.00	OSFL;0.991
342.00	346.50	OSFL;0.992
355.50	360.00	OSFL;0.989
366.00	370.50	OSFL;0.824
373.50	378.00	OSFL;0.987
442.50	447.00	OSFL;0.994
474.00	478.50	OSFL;0.991
507.00	511.50	OSFL;0.800
516.00	519.00	OSFL;0.800
528.00	532.50	OSFL;0.990
552.00	556.50	OSFL;0.978
562.50	567.00	OSFL;0.993
12.00	15.00	RBGR;0.829
25.50	28.50	RBGR;0.869
90.00	93.00	RBGR;0.835
64.50	67.50	RUGR;0.843
285.00	289.50	SAPH;0.918
529.50	532.50	SAPH;0.807
346.50	349.50	SNBU;0.819
393.00	396.00	SNBU;0.834
183.00	187.50	VATH;0.800
252.00	256.50	VATH;0.800
324.00	327.00	VATH;0.800
484.50	487.50	VATH;0.800
489.00	493.50	VATH;0.969
564.00	568.50	VATH;0.961
576.00	580.50	VATH;0.992
184.50	187.50	WCSP;0.967
319.50	322.50	WCSP;0.811
0.00	3.00	WTSP;0.941
6.00	12.00	WTSP;0.994
16.50	22.50	WTSP;0.991
27.00	31.50	WTSP;0.941
37.50	43.50	WTSP;0.965
51.00	57.00	WTSP;0.995
60.00	66.00	WTSP;0.998
70.50	76.50	WTSP;0.997
82.50	87.00	WTSP;0.996
94.50	105.00	WTSP;0.991
108.00	114.00	WTSP;0.993
117.00	126.00	WTSP;0.993
133.50	141.00	WTSP;0.989
147.00	153.00	WTSP;0.993
159.00	165.00	WTSP;0.993
175.50	181.50	WTSP;0.985
187.50	193.50	WTSP;0.998
198.00	204.00	WTSP;0.995
208.50	214.50	WTSP;0.995
219.00	225.00	WTSP;0.996
258.00	261.00	WTSP;0.800
295.50	300.00	WTSP;0.956
363.00	369.00	WTSP;0.994
375.00	381.00	WTSP;0.992
387.00	393.00	WTSP;0.997
399.00	405.00	WTSP;0.993
411.00	417.00	WTSP;0.993
423.00	429.00	WTSP;0.988
436.50	442.50	WTSP;0.997
448.50	460.50	WTSP;0.996
465.00	468.00	WTSP;0.800
478.50	484.50	WTSP;0.978
492.00	495.00	WTSP;0.800
498.00	502.50	WTSP;0.924
517.50	523.50	WTSP;0.994
532.50	538.50	WTSP;0.990
550.50	555.00	WTSP;0.992
567.00	571.50	WTSP;0.988
579.00	582.00	WTSP;0.800
583.50	589.50	WTSP;0.991
0.00	3.00	WIWA;0.800
10.50	15.00	WIWA;0.985
18.00	24.00	WIWA;0.988
30.00	33.00	WIWA;0.800
39.00	43.50	WIWA;0.978
49.50	54.00	WIWA;0.988
57.00	63.00	WIWA;0.984
67.50	72.00	WIWA;0.991
75.00	81.00	WIWA;0.987
84.00	88.50	WIWA;0.978
93.00	97.50	WIWA;0.986
105.00	109.50	WIWA;0.976
117.00	121.50	WIWA;0.985
129.00	133.50	WIWA;0.981
141.00	145.50	WIWA;0.988
153.00	159.00	WIWA;0.990
166.50	171.00	WIWA;0.963
177.00	181.50	WIWA;0.982
189.00	193.50	WIWA;0.954
199.50	204.00	WIWA;0.800
213.00	217.50	WIWA;0.988
231.00	235.50	WIWA;0.991
243.00	247.50	WIWA;0.988
256.50	261.00	WIWA;0.990
268.50	273.00	WIWA;0.961
280.50	285.00	WIWA;0.992
292.50	297.00	WIWA;0.978
303.00	307.50	WIWA;0.987
313.50	319.50	WIWA;0.988
325.50	330.00	WIWA;0.988
336.00	342.00	WIWA;0.957
348.00	352.50	WIWA;0.989
360.00	366.00	WIWA;0.988
372.00	376.50	WIWA;0.987
384.00	388.50	WIWA;0.897
394.50	399.00	WIWA;0.979
402.00	406.50	WIWA;0.992
412.50	417.00	WIWA;0.965
435.00	439.50	WIWA;0.983
459.00	463.50	WIWA;0.991
472.50	477.00	WIWA;0.970
486.00	490.50	WIWA;0.992
495.00	499.50	WIWA;0.989
504.00	510.00	WIWA;0.990
514.50	519.00	WIWA;0.992
525.00	531.00	WIWA;0.990
535.50	541.50	WIWA;0.992
546.00	552.00	WIWA;0.991
558.00	562.50	WIWA;0.990
570.00	574.50	WIWA;0.989
580.50	585.00	WIWA;0.992
591.00	595.50	WIWA;0.989
