94.50	97.50	CHSP;0.806
3.00	7.50	FOSP;0.953
24.00	27.00	FOSP;0.868
10.50	13.50	HETH;0.803
0.00	4.50	LISP;0.929
7.50	12.00	LISP;0.986
19.50	24.00	LISP;0.971
33.00	37.50	LISP;0.967
46.50	51.00	LISP;0.989
73.50	78.00	LISP;0.803
87.00	91.50	LISP;0.842
100.50	105.00	LISP;0.945
114.00	117.00	LISP;0.979
126.00	130.50	LISP;0.949
139.50	144.00	LISP;0.800
153.00	159.00	LISP;0.800
166.50	171.00	LISP;0.800
180.00	184.50	LISP;0.975
192.00	196.50	LISP;0.971
208.50	213.00	LISP;0.925
223.50	228.00	LISP;0.843
238.50	241.50	LISP;0.957
255.00	259.50	LISP;0.989
271.50	276.00	LISP;0.889
286.50	291.00	LISP;0.986
120.00	123.00	PISI;0.800
129.00	141.00	PISI;0.998
264.00	268.50	PISI;0.927
271.50	276.00	PISI;0.800
112.50	115.50	ROWR;0.985
237.00	240.00	ROWR;0.985
123.00	126.00	SWSP;0.835
291.00	294.00	SWSP;0.813
249.00	252.00	WTSP;0.857
