0.00	3.00	CHSP;0.800
162.00	166.50	CHSP;0.882
172.50	181.50	CHSP;0.969
187.50	196.50	CHSP;0.973
223.50	226.50	CHSP;0.800
253.50	256.50	CHSP;0.800
7.50	10.50	FOSP;0.957
27.00	31.50	FOSP;0.893
42.00	45.00	FOSP;0.935
51.00	54.00	FOSP;0.800
55.50	60.00	FOSP;0.978
63.00	66.00	FOSP;0.817
69.00	76.50	FOSP;0.981
81.00	85.50	FOSP;0.969
97.50	105.00	FOSP;0.990
108.00	114.00	FOSP;0.970
118.50	123.00	FOSP;0.891
124.50	130.50	FOSP;0.975
136.50	144.00	FOSP;0.974
156.00	162.00	FOSP;0.891
165.00	169.50	FOSP;0.932
175.50	180.00	FOSP;0.800
181.50	187.50	FOSP;0.977
193.50	201.00	FOSP;0.800
205.50	208.50	FOSP;0.800
211.50	216.00	FOSP;0.937
219.00	223.50	FOSP;0.936
228.00	232.50	FOSP;0.800
238.50	243.00	FOSP;0.967
256.50	262.50	FOSP;0.970
274.50	279.00	FOSP;0.903
285.00	288.00	FOSP;0.800
291.00	295.50	FOSP;0.831
130.50	133.50	GCSP;0.934
46.50	49.50	HASP;0.804
40.50	43.50	LISP;0.959
106.50	109.50	LISP;0.861
190.50	193.50	LISP;0.821
282.00	285.00	LISP;0.826
235.50	238.50	MOCH;0.823
25.50	28.50	NOCA;0.882
252.00	255.00	OROR;0.898
150.00	153.00	SWSP;0.914
271.50	274.50	SWSP;0.937
265.50	268.50	VATH;0.956
1.50	7.50	WCSP;1.000
12.00	16.50	WCSP;0.972
22.50	27.00	WCSP;0.984
31.50	39.00	WCSP;0.988
43.50	48.00	WCSP;0.979
54.00	58.50	WCSP;0.991
64.50	69.00	WCSP;0.980
75.00	79.50	WCSP;0.974
85.50	90.00	WCSP;0.970
94.50	99.00	WCSP;0.965
100.50	108.00	WCSP;0.977
111.00	117.00	WCSP;0.983
123.00	127.50	WCSP;0.986
133.50	136.50	WCSP;0.960
142.50	148.50	WCSP;0.973
153.00	163.50	WCSP;0.984
168.00	172.50	WCSP;0.992
184.50	190.50	WCSP;0.986
201.00	205.50	WCSP;0.997
214.50	219.00	WCSP;0.954
226.50	231.00	WCSP;0.987
249.00	255.00	WCSP;0.966
261.00	267.00	WCSP;0.992
282.00	286.50	WCSP;0.800
289.50	294.00	WCSP;0.953
15.00	19.50	WTSP;0.978
28.50	33.00	WTSP;0.961
48.00	52.50	WTSP;0.974
60.00	64.50	WTSP;0.993
73.50	76.50	WTSP;0.800
84.00	87.00	WTSP;0.800
88.50	93.00	WTSP;0.998
120.00	124.50	WTSP;0.800
129.00	135.00	WTSP;0.892
145.50	153.00	WTSP;0.997
160.50	163.50	WTSP;0.800
171.00	174.00	WTSP;0.800
183.00	186.00	WTSP;0.800
193.50	198.00	WTSP;0.961
207.00	213.00	WTSP;0.973
217.50	223.50	WTSP;0.800
225.00	229.50	WTSP;0.800
231.00	240.00	WTSP;0.992
243.00	250.50	WTSP;0.968
255.00	259.50	WTSP;0.888
265.50	271.50	WTSP;0.994
277.50	285.00	WTSP;0.998
286.50	291.00	WTSP;0.922
295.50	300.00	WTSP;0.817
