550.50	553.50	AMDI;0.804
229.50	234.00	AMRO;0.964
355.50	360.00	AMRO;0.898
450.00	453.00	AMRO;0.917
16.50	21.00	BCCH;0.962
31.50	34.50	BCCH;0.826
39.00	43.50	BCCH;0.946
73.50	78.00	BCCH;0.946
300.00	303.00	BCCH;0.800
51.00	54.00	BHVI;0.842
336.00	339.00	CHSW;0.822
573.00	576.00	CHSW;0.803
88.50	93.00	FOSP;0.894
127.50	130.50	FOSP;0.800
144.00	147.00	FOSP;0.800
156.00	160.50	FOSP;0.800
171.00	174.00	FOSP;0.800
262.50	267.00	FOSP;0.800
274.50	280.50	FOSP;0.824
294.00	297.00	FOSP;0.898
307.50	312.00	FOSP;0.944
319.50	324.00	FOSP;0.934
333.00	342.00	FOSP;0.972
346.50	354.00	FOSP;0.926
358.50	363.00	FOSP;0.924
370.50	375.00	FOSP;0.800
385.50	388.50	FOSP;0.800
408.00	412.50	FOSP;0.800
441.00	445.50	FOSP;0.806
463.50	468.00	FOSP;0.800
508.50	513.00	FOSP;0.840
526.50	531.00	FOSP;0.929
553.50	558.00	FOSP;0.915
571.50	576.00	FOSP;0.800
130.50	133.50	GCSP;0.824
0.00	6.00	HETH;0.982
19.50	22.50	HETH;0.800
24.00	28.50	HETH;0.992
39.00	43.50	HETH;0.887
49.50	57.00	HETH;0.987
58.50	63.00	HETH;0.992
67.50	75.00	HETH;0.886
192.00	196.50	HETH;0.800
412.50	415.50	HETH;0.800
460.50	463.50	HETH;0.800
477.00	481.50	HETH;0.800
567.00	570.00	LISP;0.900
10.50	16.50	MOCH;0.800
31.50	36.00	MOCH;0.800
55.50	58.50	MOCH;0.800
85.50	88.50	MOCH;0.816
91.50	96.00	MOCH;0.923
97.50	100.50	MOCH;0.800
132.00	135.00	MOCH;0.800
145.50	150.00	MOCH;0.951
153.00	157.50	MOCH;0.966
180.00	183.00	MOCH;0.830
187.50	190.50	MOCH;0.937
201.00	204.00	MOCH;0.800
213.00	216.00	MOCH;0.800
232.50	237.00	MOCH;0.800
240.00	243.00	MOCH;0.800
282.00	286.50	MOCH;0.955
289.50	294.00	MOCH;0.945
297.00	301.50	MOCH;0.800
304.50	309.00	MOCH;0.938
315.00	319.50	MOCH;0.930
330.00	336.00	MOCH;0.951
340.50	343.50	MOCH;0.800
354.00	357.00	MOCH;0.800
403.50	408.00	MOCH;0.800
409.50	414.00	MOCH;0.800
415.50	418.50	MOCH;0.800
420.00	423.00	MOCH;0.800
429.00	432.00	MOCH;0.800
435.00	439.50	MOCH;0.906
448.50	451.50	MOCH;0.800
456.00	460.50	MOCH;0.878
496.50	501.00	MOCH;0.800
531.00	534.00	MOCH;0.800
4.50	7.50	RUGR;0.905
4.50	9.00	RUBL;0.903
61.50	66.00	RUBL;0.977
142.50	145.50	SNBU;0.819
169.50	174.00	SNBU;0.857
42.00	45.00	WCSP;0.800
46.50	51.00	WCSP;0.800
57.00	61.50	WCSP;0.843
69.00	76.50	WCSP;0.800
85.50	90.00	WCSP;0.800
97.50	118.50	WCSP;0.987
130.50	135.00	WCSP;0.967
174.00	178.50	WCSP;0.800
181.50	186.00	WCSP;0.969
189.00	193.50	WCSP;0.969
198.00	202.50	WCSP;0.891
204.00	208.50	WCSP;0.980
214.50	219.00	WCSP;0.979
225.00	229.50	WCSP;0.800
234.00	237.00	WCSP;0.807
241.50	246.00	WCSP;0.973
265.50	270.00	WCSP;0.895
298.50	303.00	WCSP;0.919
364.50	369.00	WCSP;0.800
394.50	399.00	WCSP;0.920
409.50	414.00	WCSP;0.800
424.50	427.50	WCSP;0.800
490.50	495.00	WCSP;0.941
507.00	510.00	WCSP;0.800
526.50	529.50	WCSP;0.800
535.50	546.00	WCSP;0.976
550.50	555.00	WCSP;0.800
586.50	592.50	WCSP;0.965
48.00	51.00	WTSP;0.800
75.00	81.00	WTSP;0.944
172.50	177.00	WTSP;0.982
196.50	199.50	WTSP;0.800
232.50	235.50	WTSP;0.800
240.00	243.00	WTSP;0.800
253.50	261.00	WTSP;0.993
265.50	268.50	WTSP;0.800
297.00	301.50	WTSP;0.800
324.00	328.50	WTSP;0.859
351.00	355.50	WTSP;0.943
378.00	382.50	WTSP;0.800
400.50	406.50	WTSP;0.840
414.00	421.50	WTSP;0.959
424.50	438.00	WTSP;0.942
445.50	450.00	WTSP;0.995
493.50	498.00	WTSP;0.865
516.00	522.00	WTSP;0.989
556.50	559.50	WTSP;0.962
585.00	591.00	WTSP;0.971
102.00	106.50	WIWA;0.846
160.50	165.00	WIWA;0.800
285.00	288.00	WIWA;0.800
391.50	396.00	WIWA;0.960
438.00	441.00	WIWA;0.800
478.50	483.00	WIWA;0.918
489.00	492.00	WIWA;0.800
498.00	502.50	WIWA;0.800
519.00	523.50	WIWA;0.800
564.00	568.50	WIWA;0.984
574.50	579.00	WIWA;0.991
585.00	589.50	WIWA;0.941
244.50	247.50	YRWA;0.800
258.00	261.00	YRWA;0.800
277.50	282.00	YRWA;0.975
351.00	355.50	YRWA;0.800
364.50	369.00	YRWA;0.983
504.00	508.50	YRWA;0.986
513.00	517.50	YRWA;0.989
553.50	558.00	YRWA;0.987
568.50	573.00	YRWA;0.800
579.00	585.00	YRWA;0.986
591.00	595.50	YRWA;0.984
