43.50	46.50	AMDI;0.867
183.00	186.00	AMGP;0.833
15.00	19.50	AMRO;0.800
120.00	123.00	AMRO;0.800
126.00	129.00	AMRO;0.800
138.00	142.50	AMRO;0.841
147.00	151.50	AMRO;0.977
153.00	160.50	AMRO;0.834
165.00	175.50	AMRO;0.993
177.00	180.00	AMRO;0.800
192.00	196.50	AMRO;0.800
205.50	210.00	AMRO;0.955
214.50	220.50	AMRO;0.940
222.00	229.50	AMRO;0.979
231.00	238.50	AMRO;0.975
244.50	252.00	AMRO;0.981
258.00	262.50	AMRO;0.857
264.00	276.00	AMRO;0.989
277.50	282.00	AMRO;0.989
286.50	289.50	AMRO;0.800
292.50	300.00	AMRO;0.959
349.50	352.50	AMRO;0.800
220.50	223.50	BAOR;0.929
58.50	63.00	CHSW;0.825
142.50	145.50	CHSP;0.828
304.50	309.00	CHSP;0.872
375.00	378.00	DEJU;0.840
51.00	55.50	FOSP;0.986
96.00	99.00	FOSP;0.800
208.50	211.50	FOSP;0.800
343.50	346.50	FOSP;0.800
418.50	421.50	FOSP;0.800
435.00	439.50	FOSP;0.823
450.00	454.50	FOSP;0.800
457.50	462.00	FOSP;0.976
564.00	567.00	HASP;0.865
6.00	9.00	LISP;0.855
18.00	22.50	LISP;0.995
30.00	34.50	LISP;0.978
57.00	60.00	LISP;0.800
70.50	75.00	LISP;0.953
82.50	87.00	LISP;0.978
90.00	96.00	LISP;0.995
100.50	105.00	LISP;0.974
109.50	117.00	LISP;0.980
118.50	121.50	LISP;0.800
127.50	130.50	LISP;0.800
132.00	136.50	LISP;0.975
142.50	148.50	LISP;0.901
150.00	154.50	LISP;0.983
159.00	165.00	LISP;0.986
169.50	177.00	LISP;0.995
178.50	183.00	LISP;0.915
184.50	192.00	LISP;0.992
198.00	202.50	LISP;0.882
213.00	217.50	LISP;0.800
240.00	244.50	LISP;0.985
253.50	258.00	LISP;0.976
268.50	273.00	LISP;0.823
327.00	331.50	LISP;0.879
370.50	375.00	LISP;0.800
384.00	390.00	LISP;0.995
399.00	403.50	LISP;0.989
414.00	418.50	LISP;0.800
427.50	432.00	LISP;0.800
444.00	448.50	LISP;0.985
460.50	465.00	LISP;0.974
475.50	480.00	LISP;0.903
489.00	493.50	LISP;0.974
558.00	561.00	LISP;0.800
0.00	3.00	OCWA;0.886
42.00	46.50	OCWA;0.800
76.50	81.00	OCWA;0.884
135.00	139.50	OCWA;0.975
177.00	180.00	OCWA;0.800
190.50	195.00	OCWA;0.800
204.00	208.50	OCWA;0.800
210.00	214.50	OCWA;0.927
216.00	222.00	OCWA;0.852
223.50	232.50	OCWA;0.898
241.50	246.00	OCWA;0.843
258.00	262.50	OCWA;0.854
280.50	285.00	OCWA;0.949
289.50	294.00	OCWA;0.800
303.00	306.00	OCWA;0.800
310.50	315.00	OCWA;0.822
316.50	322.50	OCWA;0.955
324.00	328.50	OCWA;0.800
330.00	336.00	OCWA;0.952
348.00	352.50	OCWA;0.931
354.00	357.00	OCWA;0.800
363.00	367.50	OCWA;0.800
372.00	375.00	OCWA;0.800
381.00	385.50	OCWA;0.975
388.50	394.50	OCWA;0.838
397.50	402.00	OCWA;0.981
415.50	420.00	OCWA;0.800
421.50	427.50	OCWA;0.903
430.50	435.00	OCWA;0.800
438.00	442.50	OCWA;0.800
447.00	451.50	OCWA;0.936
453.00	459.00	OCWA;0.928
463.50	468.00	OCWA;0.819
469.50	475.50	OCWA;0.987
480.00	483.00	OCWA;0.800
486.00	490.50	OCWA;0.800
493.50	498.00	OCWA;0.802
519.00	523.50	OCWA;0.849
528.00	531.00	OCWA;0.800
537.00	541.50	OCWA;0.966
544.50	549.00	OCWA;0.800
552.00	555.00	OCWA;0.800
561.00	565.50	OCWA;0.957
576.00	580.50	OCWA;0.800
594.00	597.00	OCWA;0.800
0.00	4.50	PISI;0.835
187.50	205.50	PISI;0.998
286.50	295.50	PISI;0.997
352.50	355.50	PISI;0.800
499.50	552.00	PISI;0.998
553.50	558.00	PISI;0.800
568.50	600.00	PISI;0.997
108.00	111.00	ROWR;0.878
186.00	189.00	ROWR;0.838
487.50	492.00	RUGR;0.836
6.00	10.50	SWSP;0.800
13.50	18.00	SWSP;0.913
28.50	31.50	SWSP;0.800
36.00	39.00	SWSP;0.800
40.50	45.00	SWSP;0.800
49.50	57.00	SWSP;0.885
60.00	72.00	SWSP;0.902
75.00	79.50	SWSP;0.800
81.00	90.00	SWSP;0.925
93.00	97.50	SWSP;0.909
100.50	111.00	SWSP;0.974
115.50	118.50	SWSP;0.800
124.50	127.50	SWSP;0.800
130.50	135.00	SWSP;0.800
175.50	178.50	SWSP;0.800
222.00	225.00	SWSP;0.800
243.00	247.50	SWSP;0.800
249.00	253.50	SWSP;0.800
262.50	268.50	SWSP;0.800
273.00	277.50	SWSP;0.898
282.00	286.50	SWSP;0.887
297.00	300.00	SWSP;0.800
301.50	312.00	SWSP;0.800
319.50	324.00	SWSP;0.800
327.00	331.50	SWSP;0.800
339.00	343.50	SWSP;0.800
345.00	348.00	SWSP;0.800
351.00	369.00	SWSP;0.800
373.50	376.50	SWSP;0.800
378.00	382.50	SWSP;0.800
390.00	393.00	SWSP;0.800
405.00	409.50	SWSP;0.800
432.00	435.00	SWSP;0.800
478.50	481.50	SWSP;0.800
492.00	499.50	SWSP;0.923
564.00	570.00	SWSP;0.800
583.50	586.50	SWSP;0.800
592.50	595.50	SWSP;0.800
340.50	345.00	YRWA;0.950
