0.00	3.00	AMRO;0.915
385.50	388.50	AMRO;0.902
31.50	36.00	ATSP;0.964
69.00	72.00	ATSP;0.816
417.00	420.00	BRSP;0.847
25.50	28.50	CHSP;0.800
40.50	52.50	CHSP;0.971
54.00	60.00	CHSP;0.983
61.50	67.50	CHSP;0.982
70.50	75.00	CHSP;0.959
76.50	82.50	CHSP;0.985
369.00	375.00	CHSP;0.864
379.50	384.00	CHSP;0.800
385.50	390.00	CHSP;0.800
400.50	403.50	CHSP;0.800
409.50	414.00	CHSP;0.988
426.00	430.50	CHSP;0.915
433.50	438.00	CHSP;0.821
441.00	445.50	CHSP;0.969
448.50	454.50	CHSP;0.981
457.50	462.00	CHSP;0.964
468.00	471.00	CHSP;0.800
474.00	478.50	CHSP;0.800
489.00	493.50	CHSP;0.979
528.00	534.00	CHSP;0.800
535.50	541.50	CHSP;0.979
555.00	561.00	CHSP;0.983
574.50	579.00	CHSP;0.835
591.00	595.50	CHSP;0.980
1.50	4.50	EAME;0.897
568.50	571.50	EAME;0.839
565.50	568.50	FISP;0.855
15.00	19.50	FOSP;0.805
85.50	90.00	FOSP;0.969
100.50	105.00	FOSP;0.971
114.00	118.50	FOSP;0.978
127.50	133.50	FOSP;0.962
142.50	148.50	FOSP;0.964
157.50	165.00	FOSP;0.909
171.00	177.00	FOSP;0.976
186.00	190.50	FOSP;0.963
228.00	234.00	FOSP;0.917
241.50	252.00	FOSP;0.983
270.00	274.50	FOSP;0.800
490.50	495.00	FOSP;0.800
100.50	103.50	GCSP;0.852
517.50	520.50	HASP;0.941
7.50	12.00	MOCH;0.913
31.50	34.50	MOCH;0.800
124.50	129.00	MOCH;0.800
150.00	153.00	MOCH;0.800
162.00	165.00	MOCH;0.800
180.00	183.00	MOCH;0.800
195.00	198.00	MOCH;0.800
238.50	241.50	MOCH;0.930
256.50	259.50	MOCH;0.800
277.50	282.00	MOCH;0.920
322.50	327.00	MOCH;0.800
337.50	340.50	MOCH;0.800
352.50	355.50	MOCH;0.800
364.50	367.50	MOCH;0.800
414.00	417.00	MOCH;0.925
433.50	438.00	MOCH;0.800
447.00	451.50	MOCH;0.800
454.50	457.50	MOCH;0.831
472.50	475.50	MOCH;0.862
525.00	529.50	MOCH;0.800
535.50	538.50	MOCH;0.800
546.00	549.00	MOCH;0.830
580.50	585.00	MOCH;0.861
586.50	591.00	MOCH;0.800
136.50	141.00	PISI;0.813
208.50	213.00	PISI;0.834
219.00	223.50	PISI;0.800
232.50	237.00	PISI;0.881
339.00	342.00	PISI;0.800
346.50	349.50	PISI;0.800
388.50	411.00	PISI;0.996
475.50	480.00	PISI;0.800
499.50	510.00	PISI;0.993
595.50	600.00	PISI;0.800
120.00	123.00	RUBL;0.935
93.00	96.00	SNBU;0.823
168.00	172.50	SNBU;0.937
226.50	229.50	SNBU;0.818
490.50	495.00	SNBU;0.858
420.00	423.00	SOSP;0.903
18.00	22.50	SWSP;0.800
27.00	30.00	SWSP;0.800
34.50	37.50	SWSP;0.800
60.00	64.50	SWSP;0.800
96.00	100.50	SWSP;0.926
120.00	124.50	SWSP;0.880
135.00	139.50	SWSP;0.825
153.00	156.00	SWSP;0.800
283.50	288.00	SWSP;0.800
327.00	331.50	SWSP;0.962
343.50	346.50	SWSP;0.800
352.50	357.00	SWSP;0.800
361.50	364.50	SWSP;0.800
375.00	379.50	SWSP;0.872
384.00	388.50	SWSP;0.874
514.50	517.50	SWSP;0.800
522.00	526.50	SWSP;0.800
550.50	555.00	SWSP;0.985
570.00	574.50	SWSP;0.800
66.00	69.00	TOSO;0.889
460.50	463.50	VATH;0.960
6.00	9.00	WCSP;0.800
37.50	42.00	WCSP;0.967
49.50	52.50	WCSP;0.800
57.00	61.50	WCSP;0.836
111.00	115.50	WCSP;0.980
124.50	129.00	WCSP;0.800
150.00	154.50	WCSP;0.820
192.00	195.00	WCSP;0.894
207.00	211.50	WCSP;0.950
222.00	226.50	WCSP;0.984
250.50	253.50	WCSP;0.800
261.00	265.50	WCSP;0.910
274.50	279.00	WCSP;0.992
286.50	291.00	WCSP;0.906
298.50	304.50	WCSP;0.997
312.00	316.50	WCSP;0.909
324.00	327.00	WCSP;0.800
334.50	339.00	WCSP;0.955
343.50	348.00	WCSP;0.992
354.00	358.50	WCSP;0.978
366.00	369.00	WCSP;0.945
390.00	399.00	WCSP;0.994
402.00	405.00	WCSP;0.800
418.50	421.50	WCSP;0.800
423.00	426.00	WCSP;0.800
430.50	433.50	WCSP;0.989
456.00	459.00	WCSP;0.800
478.50	483.00	WCSP;0.800
507.00	513.00	WCSP;0.931
526.50	529.50	WCSP;0.800
534.00	537.00	WCSP;0.800
547.50	550.50	WCSP;0.800
561.00	564.00	WCSP;0.800
568.50	571.50	WCSP;0.800
12.00	18.00	WTSP;0.996
28.50	33.00	WTSP;0.980
48.00	54.00	WTSP;0.910
67.50	73.50	WTSP;0.997
82.50	87.00	WTSP;0.990
97.50	103.50	WTSP;0.926
115.50	121.50	WTSP;0.999
132.00	138.00	WTSP;0.994
145.50	153.00	WTSP;0.993
162.00	169.50	WTSP;0.996
177.00	183.00	WTSP;0.995
196.50	201.00	WTSP;0.997
210.00	217.50	WTSP;0.995
235.50	240.00	WTSP;0.996
252.00	258.00	WTSP;0.995
277.50	280.50	WTSP;0.800
322.50	327.00	WTSP;0.800
363.00	367.50	WTSP;0.981
387.00	391.50	WTSP;0.992
411.00	420.00	WTSP;0.992
421.50	432.00	WTSP;0.994
433.50	439.50	WTSP;0.805
442.50	450.00	WTSP;0.995
453.00	457.50	WTSP;0.926
472.50	478.50	WTSP;0.933
484.50	489.00	WTSP;0.939
496.50	505.50	WTSP;0.996
514.50	523.50	WTSP;0.995
546.00	549.00	WTSP;0.800
562.50	567.00	WTSP;0.987
571.50	577.50	WTSP;0.964
580.50	585.00	WTSP;0.800
586.50	589.50	WTSP;0.880
513.00	516.00	WIWA;0.800
175.50	180.00	YRWA;0.800
240.00	243.00	YRWA;0.851
262.50	270.00	YRWA;0.967
273.00	277.50	YRWA;0.858
279.00	283.50	YRWA;0.800
285.00	294.00	YRWA;0.921
438.00	442.50	YRWA;0.934
451.50	456.00	YRWA;0.985
465.00	469.50	YRWA;0.988
510.00	514.50	YRWA;0.862
540.00	543.00	YRWA;0.800
558.00	562.50	YRWA;0.978
