9.00	12.00	AMDI;0.808
6.00	9.00	EAME;0.818
78.00	81.00	FISP;0.812
174.00	177.00	FISP;0.805
7.50	10.50	FOSP;0.800
12.00	16.50	FOSP;0.955
25.50	28.50	FOSP;0.800
39.00	43.50	FOSP;0.944
67.50	76.50	FOSP;0.800
91.50	97.50	FOSP;0.800
100.50	103.50	FOSP;0.860
114.00	120.00	FOSP;0.921
127.50	132.00	FOSP;0.800
139.50	147.00	FOSP;0.800
150.00	154.50	FOSP;0.969
168.00	172.50	FOSP;0.945
186.00	193.50	FOSP;0.947
202.50	207.00	FOSP;0.977
222.00	225.00	FOSP;0.924
240.00	246.00	FOSP;0.948
258.00	265.50	FOSP;0.921
277.50	282.00	FOSP;0.965
291.00	297.00	FOSP;0.839
211.50	214.50	GCSP;0.847
178.50	181.50	HASP;0.814
58.50	61.50	LISP;0.812
178.50	181.50	LISP;0.838
255.00	258.00	LISP;0.854
154.50	157.50	MOCH;0.803
237.00	240.00	MOCH;0.974
31.50	36.00	SNBU;0.841
67.50	70.50	SNBU;0.819
141.00	144.00	SNBU;0.843
33.00	36.00	VATH;0.804
49.50	52.50	VATH;0.905
54.00	57.00	VATH;0.800
69.00	73.50	VATH;0.909
79.50	84.00	VATH;0.800
88.50	93.00	VATH;0.846
102.00	106.50	VATH;0.800
108.00	112.50	VATH;0.837
136.50	141.00	VATH;0.968
162.00	166.50	VATH;0.827
189.00	192.00	VATH;0.800
195.00	198.00	VATH;0.800
219.00	223.50	VATH;0.858
232.50	238.50	VATH;0.937
247.50	250.50	VATH;0.800
295.50	298.50	VATH;0.800
19.50	24.00	WTSP;0.898
25.50	31.50	WTSP;0.964
34.50	40.50	WTSP;0.997
52.50	60.00	WTSP;0.986
63.00	69.00	WTSP;0.994
76.50	79.50	WTSP;0.800
88.50	94.50	WTSP;0.948
103.50	106.50	WTSP;0.800
118.50	123.00	WTSP;0.800
130.50	138.00	WTSP;0.986
144.00	150.00	WTSP;0.998
154.50	163.50	WTSP;0.996
171.00	177.00	WTSP;0.800
178.50	187.50	WTSP;0.989
190.50	204.00	WTSP;0.990
208.50	219.00	WTSP;0.997
223.50	228.00	WTSP;0.800
229.50	235.50	WTSP;0.995
250.50	256.50	WTSP;0.984
262.50	268.50	WTSP;0.889
270.00	276.00	WTSP;0.969
289.50	294.00	WTSP;0.851
