133.50	136.50	AMDI;0.827
145.50	148.50	AMRO;0.805
153.00	156.00	AMRO;0.906
160.50	163.50	AMRO;0.838
528.00	532.50	FISP;0.926
583.50	588.00	FOSP;0.980
189.00	192.00	GCSP;0.840
24.00	28.50	LISP;0.854
36.00	39.00	LISP;0.800
63.00	66.00	LISP;0.800
75.00	78.00	LISP;0.800
88.50	93.00	LISP;0.961
100.50	103.50	LISP;0.800
121.50	126.00	LISP;0.953
132.00	135.00	LISP;0.800
148.50	153.00	LISP;0.884
160.50	165.00	LISP;0.800
172.50	177.00	LISP;0.966
183.00	187.50	LISP;0.910
195.00	199.50	LISP;0.800
229.50	234.00	LISP;0.877
241.50	246.00	LISP;0.918
252.00	256.50	LISP;0.956
276.00	279.00	LISP;0.800
288.00	292.50	LISP;0.849
300.00	304.50	LISP;0.800
313.50	316.50	LISP;0.885
141.00	144.00	MOCH;0.863
336.00	339.00	MOCH;0.852
370.50	373.50	MOCH;0.947
415.50	418.50	MOCH;0.806
514.50	517.50	MOCH;0.838
481.50	484.50	OSFL;0.844
471.00	475.50	PISI;0.881
306.00	309.00	RUBL;0.802
355.50	358.50	RUBL;0.823
579.00	583.50	SNBU;0.903
279.00	283.50	TOSO;0.981
315.00	318.00	WEME;0.825
1.50	6.00	WCSP;0.997
7.50	19.50	WCSP;0.993
22.50	46.50	WCSP;0.999
52.50	58.50	WCSP;0.995
60.00	82.50	WCSP;0.993
90.00	96.00	WCSP;0.877
97.50	111.00	WCSP;0.990
114.00	118.50	WCSP;0.963
127.50	132.00	WCSP;0.987
147.00	151.50	WCSP;0.981
165.00	169.50	WCSP;0.936
177.00	180.00	WCSP;0.961
189.00	198.00	WCSP;0.987
199.50	232.50	WCSP;0.997
234.00	271.50	WCSP;0.991
277.50	286.50	WCSP;0.970
291.00	295.50	WCSP;0.991
312.00	315.00	WCSP;0.800
337.50	340.50	WCSP;0.858
343.50	348.00	WCSP;0.989
349.50	355.50	WCSP;0.993
358.50	373.50	WCSP;0.997
385.50	394.50	WCSP;0.991
435.00	439.50	WCSP;0.992
441.00	447.00	WCSP;0.987
450.00	456.00	WCSP;0.990
459.00	463.50	WCSP;0.981
466.50	471.00	WCSP;0.987
475.50	480.00	WCSP;0.978
501.00	505.50	WCSP;0.990
510.00	514.50	WCSP;0.989
519.00	525.00	WCSP;0.970
532.50	537.00	WCSP;0.992
543.00	547.50	WCSP;0.987
556.50	561.00	WCSP;0.992
571.50	576.00	WCSP;0.979
0.00	3.00	WTSP;0.989
10.50	13.50	WTSP;0.800
21.00	24.00	WTSP;0.800
25.50	28.50	WTSP;0.800
36.00	40.50	WTSP;0.824
45.00	49.50	WTSP;0.849
51.00	57.00	WTSP;0.964
58.50	63.00	WTSP;0.944
70.50	75.00	WTSP;0.959
81.00	87.00	WTSP;0.977
97.50	102.00	WTSP;0.991
106.50	114.00	WTSP;0.800
120.00	129.00	WTSP;0.996
138.00	142.50	WTSP;0.989
153.00	160.50	WTSP;0.994
168.00	174.00	WTSP;0.997
175.50	178.50	WTSP;0.800
186.00	196.50	WTSP;0.933
219.00	223.50	WTSP;0.800
232.50	235.50	WTSP;0.800
246.00	249.00	WTSP;0.800
273.00	280.50	WTSP;0.997
283.50	289.50	WTSP;0.973
295.50	310.50	WTSP;0.995
319.50	325.50	WTSP;0.999
328.50	337.50	WTSP;0.998
346.50	352.50	WTSP;0.997
357.00	361.50	WTSP;0.950
367.50	372.00	WTSP;0.975
376.50	385.50	WTSP;0.991
400.50	411.00	WTSP;0.994
417.00	421.50	WTSP;0.833
423.00	429.00	WTSP;0.996
430.50	435.00	WTSP;0.932
438.00	444.00	WTSP;0.998
456.00	465.00	WTSP;0.990
468.00	477.00	WTSP;0.979
484.50	489.00	WTSP;0.800
498.00	504.00	WTSP;0.992
514.50	517.50	WTSP;0.800
520.50	525.00	WTSP;0.800
541.50	546.00	WTSP;0.800
550.50	556.50	WTSP;0.991
565.50	571.50	WTSP;0.994
586.50	592.50	WTSP;0.996
10.50	13.50	WIWA;0.800
28.50	33.00	WIWA;0.968
37.50	42.00	WIWA;0.800
55.50	60.00	WIWA;0.955
81.00	84.00	WIWA;0.800
100.50	103.50	WIWA;0.800
133.50	138.00	WIWA;0.979
144.00	147.00	WIWA;0.931
166.50	171.00	WIWA;0.990
177.00	181.50	WIWA;0.800
198.00	201.00	WIWA;0.962
240.00	244.50	WIWA;0.800
309.00	313.50	WIWA;0.871
328.50	333.00	WIWA;0.983
339.00	343.50	WIWA;0.951
