288.00	291.00	ATSP;0.854
283.50	286.50	BRSP;0.889
7.50	12.00	FOSP;0.980
22.50	27.00	FOSP;0.925
151.50	157.50	FOSP;0.964
163.50	169.50	FOSP;0.988
178.50	184.50	FOSP;0.984
202.50	207.00	FOSP;0.977
214.50	220.50	FOSP;0.990
229.50	234.00	FOSP;0.985
255.00	259.50	FOSP;0.963
271.50	276.00	FOSP;0.800
292.50	297.00	FOSP;0.800
30.00	33.00	MOCH;0.800
51.00	54.00	MOCH;0.800
58.50	61.50	MOCH;0.893
73.50	76.50	MOCH;0.800
78.00	81.00	MOCH;0.800
88.50	93.00	MOCH;0.800
94.50	100.50	MOCH;0.831
106.50	111.00	MOCH;0.903
115.50	120.00	MOCH;0.849
124.50	127.50	MOCH;0.848
133.50	138.00	MOCH;0.983
174.00	178.50	MOCH;0.820
210.00	214.50	MOCH;0.931
220.50	225.00	MOCH;0.800
234.00	237.00	MOCH;0.800
267.00	271.50	MOCH;0.921
0.00	10.50	PISI;0.958
12.00	30.00	PISI;0.993
31.50	34.50	PISI;0.819
138.00	145.50	PISI;0.922
33.00	37.50	WCSP;0.991
52.50	57.00	WCSP;0.800
78.00	82.50	WCSP;0.938
90.00	93.00	WCSP;0.800
102.00	106.50	WCSP;0.990
126.00	130.50	WCSP;0.993
139.50	144.00	WCSP;0.996
150.00	154.50	WCSP;0.977
175.50	178.50	WCSP;0.848
186.00	190.50	WCSP;0.989
198.00	202.50	WCSP;0.921
208.50	211.50	WCSP;0.951
223.50	226.50	WCSP;0.994
235.50	240.00	WCSP;0.994
247.50	252.00	WCSP;0.856
273.00	277.50	WCSP;0.800
3.00	7.50	WTSP;0.990
27.00	33.00	WTSP;0.998
54.00	60.00	WTSP;0.995
70.50	76.50	WTSP;0.992
88.50	97.50	WTSP;0.996
115.50	121.50	WTSP;0.994
124.50	129.00	WTSP;0.800
136.50	141.00	WTSP;0.852
169.50	175.50	WTSP;0.994
196.50	199.50	WTSP;0.800
207.00	210.00	WTSP;0.800
222.00	225.00	WTSP;0.817
