54.00	58.50	AMPI;0.936
105.00	108.00	BHCO;0.865
211.50	216.00	BHCO;0.946
4.50	9.00	MOCH;0.805
18.00	21.00	MOCH;0.800
45.00	49.50	MOCH;0.850
73.50	76.50	MOCH;0.800
82.50	88.50	MOCH;0.911
93.00	99.00	MOCH;0.821
109.50	112.50	MOCH;0.802
123.00	126.00	MOCH;0.800
138.00	142.50	MOCH;0.911
145.50	151.50	MOCH;0.800
153.00	159.00	MOCH;0.966
171.00	178.50	MOCH;0.901
189.00	192.00	MOCH;0.800
198.00	201.00	MOCH;0.800
216.00	219.00	MOCH;0.800
226.50	231.00	MOCH;0.800
235.50	238.50	MOCH;0.800
255.00	258.00	MOCH;0.800
259.50	262.50	MOCH;0.800
288.00	291.00	MOCH;0.800
295.50	300.00	MOCH;0.828
100.50	103.50	WCSP;0.819
12.00	15.00	WTSP;0.978
16.50	19.50	WTSP;0.800
22.50	27.00	WTSP;0.996
30.00	34.50	WTSP;0.800
45.00	58.50	WTSP;0.995
64.50	69.00	WTSP;0.972
79.50	84.00	WTSP;0.992
93.00	97.50	WTSP;0.900
106.50	111.00	WTSP;0.972
112.50	115.50	WTSP;0.800
124.50	129.00	WTSP;0.974
138.00	145.50	WTSP;0.807
147.00	151.50	WTSP;0.800
154.50	157.50	WTSP;0.926
171.00	180.00	WTSP;0.955
190.50	193.50	WTSP;0.800
195.00	201.00	WTSP;0.976
213.00	217.50	WTSP;0.975
235.50	241.50	WTSP;0.972
255.00	262.50	WTSP;0.964
288.00	292.50	WTSP;0.945
25.50	30.00	YRWA;0.989
37.50	40.50	YRWA;0.800
75.00	79.50	YRWA;0.800
204.00	210.00	YRWA;0.990
217.50	222.00	YRWA;0.980
241.50	246.00	YRWA;0.960
