0.00	3.00	AMRO;0.800
4.50	13.50	AMRO;0.920
21.00	25.50	AMRO;0.800
27.00	33.00	AMRO;0.954
34.50	42.00	AMRO;0.985
45.00	51.00	AMRO;0.962
61.50	66.00	AMRO;0.986
76.50	81.00	AMRO;0.983
82.50	88.50	AMRO;0.990
102.00	111.00	AMRO;0.988
118.50	126.00	AMRO;0.953
127.50	136.50	AMRO;0.969
139.50	144.00	AMRO;0.800
147.00	154.50	AMRO;0.982
156.00	163.50	AMRO;0.934
166.50	171.00	AMRO;0.976
175.50	187.50	AMRO;0.984
198.00	202.50	AMRO;0.854
204.00	210.00	AMRO;0.982
232.50	237.00	AMRO;0.917
243.00	253.50	AMRO;0.991
258.00	270.00	AMRO;0.949
276.00	283.50	AMRO;0.995
289.50	295.50	AMRO;0.993
258.00	262.50	ATSP;0.993
213.00	216.00	CHSW;0.862
1.50	6.00	FOSP;0.800
10.50	13.50	FOSP;0.800
19.50	22.50	FOSP;0.800
51.00	55.50	FOSP;0.822
60.00	72.00	FOSP;0.948
79.50	84.00	FOSP;0.800
142.50	147.00	FOSP;0.915
172.50	177.00	FOSP;0.944
184.50	190.50	FOSP;0.976
196.50	201.00	FOSP;0.806
208.50	213.00	FOSP;0.881
220.50	225.00	FOSP;0.800
234.00	238.50	FOSP;0.834
250.50	255.00	FOSP;0.863
285.00	288.00	FOSP;0.800
246.00	249.00	GWTE;0.820
7.50	10.50	LISP;0.843
64.50	67.50	OCWA;0.800
70.50	73.50	OCWA;0.800
85.50	90.00	OCWA;0.800
91.50	94.50	OCWA;0.800
105.00	108.00	OCWA;0.800
124.50	129.00	OCWA;0.800
136.50	141.00	OCWA;0.800
150.00	153.00	OCWA;0.800
156.00	162.00	OCWA;0.882
166.50	171.00	OCWA;0.965
199.50	202.50	OCWA;0.800
229.50	234.00	OCWA;0.983
238.50	243.00	OCWA;0.947
255.00	258.00	OCWA;0.800
274.50	277.50	OCWA;0.800
282.00	286.50	OCWA;0.835
291.00	295.50	OCWA;0.886
13.50	28.50	PISI;0.996
55.50	63.00	PISI;0.904
267.00	276.00	PISI;0.975
141.00	144.00	SWSP;0.808
153.00	157.50	SWSP;0.922
165.00	168.00	SWSP;0.937
183.00	186.00	SWSP;0.831
0.00	3.00	WCSP;0.945
12.00	15.00	WCSP;0.830
16.50	19.50	WCSP;0.800
30.00	34.50	WCSP;0.948
42.00	46.50	WCSP;0.992
61.50	64.50	WCSP;0.815
70.50	75.00	WCSP;0.984
106.50	111.00	WCSP;0.819
147.00	150.00	WCSP;0.800
177.00	181.50	WCSP;0.979
192.00	196.50	WCSP;0.988
211.50	216.00	WCSP;0.954
217.50	220.50	WCSP;0.800
243.00	246.00	WCSP;0.800
270.00	273.00	WCSP;0.800
78.00	81.00	WWCR;0.826
