13.50	16.50	AMGP;0.879
223.50	226.50	BHVI;0.814
570.00	574.50	BRSP;0.890
304.50	307.50	EATO;0.937
516.00	519.00	FISP;0.816
558.00	561.00	FISP;0.910
15.00	19.50	FOSP;0.873
22.50	27.00	FOSP;0.890
28.50	36.00	FOSP;0.873
42.00	48.00	FOSP;0.997
52.50	57.00	FOSP;0.833
60.00	64.50	FOSP;0.878
73.50	81.00	FOSP;0.807
82.50	87.00	FOSP;0.800
112.50	115.50	FOSP;0.829
127.50	130.50	FOSP;0.800
142.50	145.50	FOSP;0.867
159.00	162.00	FOSP;0.800
174.00	178.50	FOSP;0.990
184.50	189.00	FOSP;0.839
192.00	196.50	FOSP;0.914
198.00	201.00	FOSP;0.800
204.00	208.50	FOSP;0.800
210.00	214.50	FOSP;0.979
225.00	229.50	FOSP;0.922
234.00	247.50	FOSP;0.954
259.50	264.00	FOSP;0.863
277.50	280.50	FOSP;0.819
283.50	288.00	FOSP;0.853
291.00	295.50	FOSP;0.960
298.50	304.50	FOSP;0.800
306.00	309.00	FOSP;0.800
310.50	318.00	FOSP;0.908
324.00	327.00	FOSP;0.800
339.00	346.50	FOSP;0.875
354.00	358.50	FOSP;0.933
372.00	376.50	FOSP;0.886
384.00	388.50	FOSP;0.800
390.00	394.50	FOSP;0.935
402.00	411.00	FOSP;0.800
414.00	418.50	FOSP;0.800
427.50	435.00	FOSP;0.867
445.50	453.00	FOSP;0.800
480.00	484.50	FOSP;0.800
496.50	501.00	FOSP;0.949
516.00	519.00	FOSP;0.800
541.50	546.00	FOSP;0.800
559.50	568.50	FOSP;0.849
570.00	577.50	FOSP;0.854
589.50	592.50	FOSP;0.800
322.50	325.50	GCSP;0.822
15.00	18.00	HETH;0.800
28.50	31.50	HETH;0.800
111.00	114.00	HETH;0.800
120.00	124.50	HETH;0.968
129.00	136.50	HETH;0.867
139.50	144.00	HETH;0.800
151.50	154.50	HETH;0.800
163.50	171.00	HETH;0.800
177.00	181.50	HETH;0.800
190.50	195.00	HETH;0.839
208.50	213.00	HETH;0.903
273.00	277.50	HETH;0.800
307.50	312.00	HETH;0.942
393.00	396.00	HETH;0.800
541.50	546.00	HETH;0.800
522.00	525.00	SAND;0.825
300.00	303.00	SNBU;0.901
429.00	433.50	SNBU;0.828
582.00	585.00	SNBU;0.906
586.50	592.50	SNBU;0.875
253.50	256.50	VATH;0.974
397.50	400.50	VATH;0.899
1.50	4.50	WCSP;0.800
25.50	30.00	WCSP;0.867
42.00	45.00	WCSP;0.800
64.50	69.00	WCSP;0.989
70.50	75.00	WCSP;0.986
84.00	88.50	WCSP;0.983
90.00	102.00	WCSP;0.993
156.00	160.50	WCSP;0.965
264.00	268.50	WCSP;0.925
285.00	289.50	WCSP;0.800
301.50	306.00	WCSP;0.889
318.00	322.50	WCSP;0.895
331.50	334.50	WCSP;0.960
358.50	363.00	WCSP;0.957
381.00	385.50	WCSP;0.932
420.00	423.00	WCSP;0.800
0.00	4.50	WTSP;0.849
36.00	46.50	WTSP;0.974
52.50	66.00	WTSP;0.986
69.00	72.00	WTSP;0.935
79.50	82.50	WTSP;0.864
90.00	93.00	WTSP;0.800
144.00	148.50	WTSP;0.800
183.00	186.00	WTSP;0.800
295.50	298.50	WTSP;0.800
513.00	519.00	WTSP;0.999
529.50	534.00	WTSP;0.976
537.00	543.00	WTSP;0.994
544.50	549.00	WTSP;0.923
553.50	559.50	WTSP;0.996
564.00	568.50	WTSP;0.836
574.50	580.50	WTSP;0.991
585.00	588.00	WTSP;0.800
1.50	9.00	WIWA;0.994
12.00	15.00	WIWA;0.804
27.00	31.50	WIWA;0.980
33.00	39.00	WIWA;0.859
45.00	49.50	WIWA;0.868
55.50	60.00	WIWA;0.987
69.00	73.50	WIWA;0.989
76.50	81.00	WIWA;0.990
85.50	90.00	WIWA;0.993
93.00	99.00	WIWA;0.988
103.50	108.00	WIWA;0.991
114.00	118.50	WIWA;0.990
124.50	129.00	WIWA;0.989
136.50	142.50	WIWA;0.991
147.00	153.00	WIWA;0.990
159.00	163.50	WIWA;0.991
186.00	192.00	WIWA;0.990
216.00	220.50	WIWA;0.984
231.00	234.00	WIWA;0.936
241.50	246.00	WIWA;0.915
253.50	258.00	WIWA;0.950
