444.00	447.00	BRSP;0.823
201.00	205.50	CAFI;0.950
310.50	313.50	CHSP;0.800
381.00	385.50	CHSP;0.956
415.50	421.50	CHSP;0.992
441.00	445.50	CHSP;0.878
499.50	505.50	CHSP;0.915
529.50	535.50	CHSP;0.984
552.00	558.00	CHSP;0.925
565.50	571.50	CHSP;0.990
580.50	586.50	CHSP;0.974
156.00	160.50	FISP;0.905
33.00	37.50	LISP;0.800
45.00	49.50	LISP;0.946
55.50	60.00	LISP;0.800
67.50	72.00	LISP;0.974
78.00	82.50	LISP;0.960
91.50	96.00	LISP;0.980
102.00	106.50	LISP;0.980
114.00	118.50	LISP;0.955
126.00	130.50	LISP;0.980
138.00	141.00	LISP;0.932
150.00	154.50	LISP;0.939
162.00	166.50	LISP;0.800
175.50	180.00	LISP;0.978
189.00	193.50	LISP;0.988
267.00	271.50	LISP;0.800
282.00	285.00	LISP;0.800
342.00	345.00	LISP;0.800
355.50	360.00	LISP;0.800
367.50	372.00	LISP;0.800
393.00	397.50	LISP;0.922
405.00	408.00	LISP;0.800
430.50	433.50	LISP;0.800
454.50	459.00	LISP;0.979
466.50	472.50	LISP;0.924
492.00	496.50	LISP;0.882
507.00	510.00	LISP;0.800
519.00	523.50	LISP;0.800
532.50	535.50	LISP;0.800
547.50	550.50	LISP;0.948
579.00	582.00	LISP;0.800
250.50	253.50	MOCH;0.865
433.50	436.50	MOCH;0.817
424.50	427.50	SOSP;0.807
457.50	462.00	SOSP;0.945
277.50	280.50	WCSP;0.964
409.50	412.50	WCSP;0.873
228.00	232.50	WTSP;0.948
246.00	249.00	WTSP;0.808
256.50	261.00	WTSP;0.988
487.50	490.50	WTSP;0.862
