19.50	24.00	CHSP;0.804
25.50	30.00	CHSP;0.823
48.00	52.50	CHSP;0.862
55.50	60.00	CHSP;0.800
66.00	72.00	CHSP;0.970
76.50	82.50	CHSP;0.945
90.00	96.00	CHSP;0.926
102.00	106.50	CHSP;0.800
123.00	132.00	CHSP;0.965
136.50	142.50	CHSP;0.800
151.50	156.00	CHSP;0.800
6.00	10.50	FOSP;0.905
22.50	25.50	FOSP;0.800
48.00	51.00	FOSP;0.800
61.50	66.00	FOSP;0.800
75.00	79.50	FOSP;0.800
105.00	109.50	FOSP;0.977
117.00	121.50	FOSP;0.987
130.50	135.00	FOSP;0.948
142.50	148.50	FOSP;0.967
157.50	162.00	FOSP;0.974
172.50	177.00	FOSP;0.951
190.50	199.50	FOSP;0.984
207.00	211.50	FOSP;0.982
225.00	229.50	FOSP;0.927
244.50	250.50	FOSP;0.984
259.50	265.50	FOSP;0.937
271.50	274.50	FOSP;0.800
279.00	283.50	FOSP;0.984
295.50	300.00	FOSP;0.974
148.50	151.50	MOCH;0.911
162.00	165.00	MOCH;0.840
211.50	214.50	MOCH;0.858
39.00	43.50	SWSP;0.941
54.00	57.00	TEWA;0.823
0.00	6.00	WCSP;0.990
22.50	25.50	WCSP;0.943
36.00	40.50	WCSP;0.904
43.50	48.00	WCSP;0.962
51.00	54.00	WCSP;0.987
57.00	61.50	WCSP;0.986
64.50	69.00	WCSP;0.955
79.50	84.00	WCSP;0.983
87.00	91.50	WCSP;0.933
94.50	99.00	WCSP;0.987
100.50	105.00	WCSP;0.884
108.00	112.50	WCSP;0.986
124.50	129.00	WCSP;0.990
133.50	138.00	WCSP;0.882
166.50	171.00	WCSP;0.800
220.50	225.00	WCSP;0.969
231.00	237.00	WCSP;0.993
240.00	243.00	WCSP;0.800
15.00	21.00	WTSP;0.992
28.50	39.00	WTSP;0.992
45.00	52.50	WTSP;0.994
60.00	64.50	WTSP;0.904
72.00	76.50	WTSP;0.851
85.50	96.00	WTSP;0.980
97.50	102.00	WTSP;0.994
111.00	115.50	WTSP;0.820
129.00	133.50	WTSP;0.800
136.50	139.50	WTSP;0.800
147.00	160.50	WTSP;0.996
168.00	172.50	WTSP;0.985
175.50	180.00	WTSP;0.977
183.00	189.00	WTSP;0.992
198.00	204.00	WTSP;0.997
214.50	220.50	WTSP;0.996
228.00	234.00	WTSP;0.985
238.50	246.00	WTSP;0.995
256.50	261.00	WTSP;0.991
270.00	279.00	WTSP;0.996
288.00	294.00	WTSP;0.978
