3.00	9.00	CHSP;0.983
10.50	15.00	CHSP;0.800
16.50	22.50	CHSP;0.920
24.00	28.50	CHSP;0.913
30.00	36.00	CHSP;0.812
37.50	43.50	CHSP;0.800
46.50	52.50	CHSP;0.948
61.50	66.00	CHSP;0.897
69.00	73.50	CHSP;0.922
76.50	81.00	CHSP;0.829
85.50	88.50	CHSP;0.800
91.50	97.50	CHSP;0.970
99.00	103.50	CHSP;0.800
105.00	111.00	CHSP;0.972
114.00	117.00	CHSP;0.800
121.50	127.50	CHSP;0.905
151.50	157.50	CHSP;0.895
159.00	163.50	CHSP;0.879
165.00	171.00	CHSP;0.815
174.00	177.00	CHSP;0.800
181.50	186.00	CHSP;0.841
187.50	192.00	CHSP;0.817
196.50	201.00	CHSP;0.817
211.50	217.50	CHSP;0.939
220.50	225.00	CHSP;0.960
228.00	234.00	CHSP;0.924
237.00	241.50	CHSP;0.908
244.50	249.00	CHSP;0.917
250.50	256.50	CHSP;0.886
259.50	264.00	CHSP;0.959
267.00	271.50	CHSP;0.923
276.00	280.50	CHSP;0.847
283.50	288.00	CHSP;0.800
292.50	297.00	CHSP;0.973
79.50	82.50	DEJU;0.823
94.50	97.50	DEJU;0.819
136.50	139.50	EATO;0.947
177.00	180.00	EATO;0.850
55.50	60.00	FOSP;0.949
64.50	69.00	FOSP;0.881
72.00	76.50	FOSP;0.800
85.50	91.50	FOSP;0.950
97.50	105.00	FOSP;0.887
109.50	114.00	FOSP;0.906
117.00	123.00	FOSP;0.886
127.50	135.00	FOSP;0.920
138.00	142.50	FOSP;0.976
144.00	153.00	FOSP;0.950
157.50	160.50	FOSP;0.837
163.50	172.50	FOSP;0.871
174.00	181.50	FOSP;0.964
189.00	193.50	FOSP;0.869
195.00	198.00	FOSP;0.800
199.50	208.50	FOSP;0.927
211.50	219.00	FOSP;0.956
220.50	229.50	FOSP;0.916
231.00	238.50	FOSP;0.965
241.50	247.50	FOSP;0.928
252.00	259.50	FOSP;0.996
264.00	268.50	FOSP;0.872
273.00	294.00	FOSP;0.927
297.00	300.00	FOSP;0.800
9.00	12.00	HETH;0.858
96.00	99.00	HETH;0.806
166.50	169.50	HETH;0.839
279.00	282.00	HETH;0.810
43.50	46.50	LISP;0.898
193.50	196.50	LISP;0.844
34.50	39.00	PISI;0.925
49.50	57.00	PISI;0.983
184.50	196.50	PISI;0.987
126.00	129.00	SNBU;0.978
