411.00	415.50	CHSP;0.948
0.00	4.50	DEJU;0.967
9.00	15.00	DEJU;0.912
22.50	28.50	DEJU;0.959
31.50	37.50	DEJU;0.950
42.00	48.00	DEJU;0.957
51.00	57.00	DEJU;0.980
60.00	66.00	DEJU;0.986
69.00	75.00	DEJU;0.959
78.00	84.00	DEJU;0.982
87.00	93.00	DEJU;0.948
96.00	102.00	DEJU;0.984
105.00	111.00	DEJU;0.929
117.00	123.00	DEJU;0.916
126.00	132.00	DEJU;0.956
189.00	192.00	DEJU;0.800
316.50	321.00	DEJU;0.807
340.50	343.50	DEJU;0.800
351.00	354.00	DEJU;0.800
391.50	396.00	DEJU;0.800
412.50	415.50	DEJU;0.800
489.00	492.00	DEJU;0.800
495.00	498.00	DEJU;0.800
250.50	253.50	EATO;0.899
352.50	357.00	EVGR;0.856
228.00	231.00	FISP;0.873
367.50	370.50	FISP;0.862
490.50	493.50	FISP;0.846
592.50	597.00	FISP;0.899
18.00	22.50	FOSP;0.800
27.00	31.50	FOSP;0.800
40.50	43.50	FOSP;0.800
55.50	58.50	FOSP;0.800
67.50	70.50	FOSP;0.800
84.00	88.50	FOSP;0.948
91.50	96.00	FOSP;0.804
102.00	106.50	FOSP;0.916
111.00	115.50	FOSP;0.834
163.50	166.50	FOSP;0.800
168.00	172.50	FOSP;0.800
192.00	196.50	FOSP;0.933
198.00	201.00	FOSP;0.800
211.50	214.50	FOSP;0.800
217.50	222.00	FOSP;0.922
240.00	244.50	FOSP;0.937
247.50	262.50	FOSP;0.931
265.50	274.50	FOSP;0.975
279.00	282.00	FOSP;0.800
289.50	292.50	FOSP;0.845
297.00	304.50	FOSP;0.970
313.50	318.00	FOSP;0.826
324.00	333.00	FOSP;0.936
340.50	345.00	FOSP;0.904
358.50	361.50	FOSP;0.957
370.50	375.00	FOSP;0.956
382.50	387.00	FOSP;0.964
394.50	397.50	FOSP;0.800
406.50	411.00	FOSP;0.800
421.50	424.50	FOSP;0.800
436.50	439.50	FOSP;0.800
448.50	453.00	FOSP;0.895
463.50	468.00	FOSP;0.927
478.50	484.50	FOSP;0.800
493.50	498.00	FOSP;0.800
511.50	516.00	FOSP;0.800
576.00	579.00	FOSP;0.800
166.50	171.00	GCSP;0.974
174.00	177.00	GCSP;0.878
225.00	229.50	GCSP;0.873
234.00	237.00	GCSP;0.848
244.50	247.50	GCSP;0.882
312.00	315.00	GCSP;0.847
73.50	76.50	HOLA;0.843
195.00	199.50	LISP;0.984
121.50	124.50	MOCH;0.966
411.00	414.00	MOCH;0.875
430.50	433.50	MOCH;0.893
162.00	166.50	SNBU;0.868
199.50	202.50	SNBU;0.982
387.00	390.00	SNBU;0.824
433.50	438.00	SNBU;0.873
75.00	79.50	SOSA;0.971
85.50	90.00	SOSA;0.916
256.50	259.50	SOSA;0.800
268.50	271.50	SOSA;0.972
279.00	283.50	SOSA;0.939
291.00	295.50	SOSA;0.988
303.00	307.50	SOSA;0.991
313.50	316.50	SOSA;0.800
325.50	330.00	SOSA;0.930
444.00	447.00	SOSA;0.800
483.00	486.00	SOSA;0.800
519.00	523.50	SOSA;0.800
559.50	562.50	SWSP;0.822
466.50	469.50	TOWA;0.813
183.00	186.00	VATH;0.830
337.50	340.50	VATH;0.863
415.50	418.50	VATH;0.978
25.50	30.00	WCSP;0.800
36.00	40.50	WCSP;0.800
48.00	52.50	WCSP;0.918
57.00	61.50	WCSP;0.971
64.50	70.50	WCSP;0.937
211.50	216.00	WCSP;0.800
370.50	373.50	WCSP;0.800
424.50	429.00	WCSP;0.800
556.50	559.50	WCSP;0.800
561.00	565.50	WCSP;0.914
586.50	591.00	WCSP;0.882
1.50	18.00	WTSP;0.988
21.00	27.00	WTSP;0.991
30.00	34.50	WTSP;0.947
36.00	42.00	WTSP;0.990
45.00	51.00	WTSP;0.995
63.00	69.00	WTSP;0.941
72.00	81.00	WTSP;0.998
82.50	87.00	WTSP;0.856
90.00	96.00	WTSP;0.995
99.00	103.50	WTSP;0.993
108.00	136.50	WTSP;0.992
139.50	145.50	WTSP;0.973
147.00	159.00	WTSP;0.996
172.50	180.00	WTSP;0.958
183.00	187.50	WTSP;0.887
207.00	213.00	WTSP;0.999
214.50	219.00	WTSP;0.990
225.00	231.00	WTSP;0.864
234.00	238.50	WTSP;0.901
243.00	249.00	WTSP;0.966
255.00	258.00	WTSP;0.925
262.50	268.50	WTSP;0.995
274.50	280.50	WTSP;0.995
285.00	291.00	WTSP;0.997
294.00	298.50	WTSP;0.983
306.00	312.00	WTSP;0.994
318.00	324.00	WTSP;0.995
333.00	337.50	WTSP;0.924
345.00	349.50	WTSP;0.971
354.00	360.00	WTSP;0.994
364.50	369.00	WTSP;0.936
372.00	385.50	WTSP;0.995
387.00	393.00	WTSP;0.949
397.50	402.00	WTSP;0.986
408.00	412.50	WTSP;0.995
417.00	421.50	WTSP;0.990
427.50	432.00	WTSP;0.993
438.00	444.00	WTSP;0.951
445.50	451.50	WTSP;0.998
456.00	466.50	WTSP;0.994
468.00	519.00	WTSP;0.999
520.50	526.50	WTSP;0.999
528.00	559.50	WTSP;0.997
561.00	577.50	WTSP;0.995
579.00	586.50	WTSP;0.997
588.00	595.50	WTSP;0.998
597.00	600.00	WTSP;0.991
337.50	342.00	WIWA;0.800
343.50	352.50	WIWA;0.983
363.00	367.50	WIWA;0.841
402.00	406.50	WIWA;0.989
421.50	424.50	WIWA;0.800
429.00	432.00	WIWA;0.800
457.50	462.00	WIWA;0.966
517.50	522.00	WIWA;0.975
567.00	571.50	WIWA;0.857
577.50	580.50	WIWA;0.800
585.00	588.00	WIWA;0.800
