364.50	369.00	AMRO;0.954
426.00	430.50	ATSP;0.854
0.00	3.00	BCCH;0.800
408.00	411.00	BCCH;0.914
52.50	55.50	BRSP;0.800
99.00	103.50	BRSP;0.800
219.00	223.50	BRSP;0.830
228.00	232.50	BRSP;0.800
238.50	243.00	BRSP;0.955
303.00	306.00	BRSP;0.800
495.00	499.50	BRSP;0.800
529.50	534.00	BRSP;0.974
559.50	564.00	BRSP;0.800
333.00	336.00	CHSP;0.938
456.00	459.00	CHSP;0.808
495.00	499.50	CHSP;0.940
513.00	516.00	CHSP;0.884
39.00	43.50	CCSP;0.989
349.50	352.50	DEJU;0.844
432.00	435.00	DEJU;0.884
553.50	556.50	DEJU;0.900
574.50	577.50	EAME;0.824
12.00	16.50	GCSP;0.994
27.00	33.00	GCSP;0.994
43.50	48.00	GCSP;0.988
63.00	67.50	GCSP;0.992
78.00	84.00	GCSP;0.993
96.00	100.50	GCSP;0.992
112.50	117.00	GCSP;0.989
127.50	133.50	GCSP;0.992
142.50	148.50	GCSP;0.990
156.00	162.00	GCSP;0.993
172.50	178.50	GCSP;0.993
195.00	199.50	GCSP;0.993
210.00	214.50	GCSP;0.992
225.00	229.50	GCSP;0.996
243.00	247.50	GCSP;0.992
259.50	264.00	GCSP;0.990
274.50	279.00	GCSP;0.991
289.50	295.50	GCSP;0.992
309.00	315.00	GCSP;0.998
324.00	328.50	GCSP;0.991
343.50	348.00	GCSP;0.985
357.00	361.50	GCSP;0.997
372.00	375.00	GCSP;0.952
390.00	394.50	GCSP;0.996
405.00	409.50	GCSP;0.993
421.50	426.00	GCSP;0.995
436.50	441.00	GCSP;0.988
451.50	456.00	GCSP;0.996
466.50	471.00	GCSP;0.990
483.00	487.50	GCSP;0.993
499.50	504.00	GCSP;0.802
514.50	519.00	GCSP;0.991
528.00	532.50	GCSP;0.992
543.00	547.50	GCSP;0.992
559.50	564.00	GCSP;0.991
574.50	579.00	GCSP;0.992
591.00	595.50	GCSP;0.997
492.00	495.00	HETH;0.928
3.00	7.50	LISP;0.929
16.50	21.00	LISP;0.951
31.50	34.50	LISP;0.800
66.00	70.50	LISP;0.800
73.50	78.00	LISP;0.926
87.00	93.00	LISP;0.800
106.50	109.50	LISP;0.800
121.50	126.00	LISP;0.974
135.00	139.50	LISP;0.800
150.00	154.50	LISP;0.941
190.50	193.50	LISP;0.800
211.50	216.00	LISP;0.879
240.00	244.50	LISP;0.966
283.50	291.00	LISP;0.972
298.50	303.00	LISP;0.835
312.00	316.50	LISP;0.855
342.00	346.50	LISP;0.892
385.50	390.00	LISP;0.856
417.00	421.50	LISP;0.800
435.00	438.00	LISP;0.800
444.00	448.50	LISP;0.974
462.00	465.00	LISP;0.800
532.50	537.00	LISP;0.800
66.00	69.00	ROWR;0.815
414.00	417.00	RUBL;0.809
246.00	249.00	VATH;0.959
277.50	280.50	VATH;0.932
546.00	549.00	VATH;0.826
402.00	405.00	WCSP;0.962
447.00	450.00	WCSP;0.862
502.50	505.50	WCSP;0.854
322.50	327.00	WIWA;0.975
328.50	333.00	WIWA;0.990
336.00	342.00	WIWA;0.992
345.00	349.50	WIWA;0.986
352.50	358.50	WIWA;0.978
361.50	366.00	WIWA;0.989
370.50	375.00	WIWA;0.986
379.50	385.50	WIWA;0.990
388.50	393.00	WIWA;0.942
399.00	403.50	WIWA;0.929
409.50	414.00	WIWA;0.986
420.00	423.00	WIWA;0.959
429.00	433.50	WIWA;0.988
439.50	444.00	WIWA;0.888
450.00	454.50	WIWA;0.964
459.00	463.50	WIWA;0.883
469.50	474.00	WIWA;0.945
478.50	483.00	WIWA;0.957
487.50	492.00	WIWA;0.945
498.00	502.50	WIWA;0.985
508.50	513.00	WIWA;0.980
529.50	534.00	WIWA;0.800
540.00	544.50	WIWA;0.939
550.50	555.00	WIWA;0.825
562.50	565.50	WIWA;0.800
582.00	586.50	WIWA;0.800
592.50	597.00	WIWA;0.974
