67.50	72.00	AMRO;0.971
145.50	148.50	BAOR;0.837
151.50	154.50	BAOR;0.832
28.50	31.50	BCCH;0.832
72.00	75.00	BCCH;0.899
81.00	85.50	BCCH;0.908
93.00	96.00	BCCH;0.817
99.00	103.50	BCCH;0.893
159.00	163.50	BCCH;0.820
171.00	174.00	BCCH;0.804
177.00	180.00	BCCH;0.861
217.50	222.00	BCCH;0.968
249.00	256.50	BCCH;0.945
279.00	282.00	BCCH;0.876
7.50	12.00	FOSP;0.965
19.50	24.00	FOSP;0.931
30.00	36.00	FOSP;0.995
42.00	46.50	FOSP;0.800
52.50	57.00	FOSP;0.978
73.50	78.00	FOSP;0.975
85.50	91.50	FOSP;0.953
97.50	102.00	FOSP;0.996
109.50	114.00	FOSP;0.871
118.50	124.50	FOSP;0.976
130.50	136.50	FOSP;0.892
141.00	147.00	FOSP;0.980
154.50	159.00	FOSP;0.965
34.50	42.00	HETH;0.985
51.00	54.00	HETH;0.800
55.50	63.00	HETH;0.993
72.00	75.00	HETH;0.800
78.00	82.50	HETH;0.993
93.00	97.50	HETH;0.800
100.50	109.50	HETH;0.989
112.50	120.00	HETH;0.966
121.50	126.00	HETH;0.800
129.00	132.00	HETH;0.967
135.00	139.50	HETH;0.901
147.00	154.50	HETH;0.978
159.00	172.50	HETH;0.975
175.50	180.00	HETH;0.800
181.50	189.00	HETH;0.946
192.00	202.50	HETH;0.800
205.50	213.00	HETH;0.989
220.50	223.50	HETH;0.800
225.00	229.50	HETH;0.986
231.00	240.00	HETH;0.984
243.00	247.50	HETH;0.969
249.00	253.50	HETH;0.851
255.00	259.50	HETH;0.877
264.00	268.50	HETH;0.800
270.00	274.50	HETH;0.961
277.50	280.50	HETH;0.800
0.00	3.00	LALO;0.991
189.00	192.00	MOCH;0.850
90.00	94.50	RUBL;0.841
103.50	106.50	RUBL;0.949
264.00	267.00	RUBL;0.803
126.00	130.50	VATH;0.900
238.50	241.50	VATH;0.841
150.00	156.00	WCSP;0.955
255.00	258.00	WCSP;0.866
129.00	132.00	WTSP;0.800
172.50	184.50	WTSP;0.998
186.00	196.50	WTSP;0.995
207.00	219.00	WTSP;0.967
223.50	226.50	WTSP;0.800
228.00	232.50	WTSP;0.997
234.00	237.00	WTSP;0.800
240.00	246.00	WTSP;0.995
258.00	262.50	WTSP;0.824
273.00	277.50	WTSP;0.824
292.50	298.50	WTSP;0.994
172.50	175.50	WIWA;0.800
196.50	199.50	WIWA;0.800
237.00	241.50	WIWA;0.984
244.50	250.50	WIWA;0.991
258.00	262.50	WIWA;0.956
268.50	273.00	WIWA;0.981
280.50	286.50	WIWA;0.978
295.50	300.00	WIWA;0.981
22.50	27.00	YRWA;0.988
57.00	61.50	YRWA;0.982
79.50	84.00	YRWA;0.981
183.00	187.50	YRWA;0.983
211.50	216.00	YRWA;0.983
229.50	234.00	YRWA;0.989
235.50	238.50	YRWA;0.800
250.50	255.00	YRWA;0.982
261.00	265.50	YRWA;0.982
273.00	277.50	YRWA;0.987
285.00	289.50	YRWA;0.992
297.00	300.00	YRWA;0.963
