141.00	144.00	BLOY;0.865
138.00	141.00	FISP;0.958
189.00	192.00	FOSP;0.882
259.50	262.50	FOSP;0.875
196.50	199.50	GCSP;0.900
264.00	267.00	LISP;0.954
36.00	39.00	MOCH;0.838
54.00	57.00	MOCH;0.955
270.00	274.50	SNBU;0.922
0.00	3.00	WCSP;0.986
9.00	15.00	WCSP;0.991
21.00	25.50	WCSP;0.990
31.50	36.00	WCSP;0.993
43.50	48.00	WCSP;0.970
55.50	60.00	WCSP;0.995
67.50	73.50	WCSP;0.992
79.50	84.00	WCSP;0.990
90.00	96.00	WCSP;0.983
97.50	100.50	WCSP;0.800
102.00	108.00	WCSP;0.996
114.00	118.50	WCSP;0.988
126.00	130.50	WCSP;0.983
144.00	148.50	WCSP;0.991
156.00	160.50	WCSP;0.988
168.00	172.50	WCSP;0.987
178.50	183.00	WCSP;0.982
192.00	198.00	WCSP;0.987
204.00	208.50	WCSP;0.994
217.50	220.50	WCSP;0.800
231.00	235.50	WCSP;0.994
1.50	6.00	WTSP;0.800
9.00	18.00	WTSP;0.990
19.50	22.50	WTSP;0.800
25.50	34.50	WTSP;0.888
36.00	40.50	WTSP;0.800
45.00	58.50	WTSP;0.970
61.50	70.50	WTSP;0.995
78.00	88.50	WTSP;0.973
94.50	105.00	WTSP;0.997
108.00	112.50	WTSP;0.800
117.00	130.50	WTSP;0.975
133.50	144.00	WTSP;0.984
148.50	153.00	WTSP;0.983
172.50	180.00	WTSP;0.979
186.00	195.00	WTSP;0.958
198.00	205.50	WTSP;0.942
210.00	219.00	WTSP;0.963
220.50	225.00	WTSP;0.898
229.50	232.50	WTSP;0.800
