0.00	3.00	AMRO;0.800
4.50	10.50	AMRO;0.820
13.50	18.00	AMRO;0.931
19.50	25.50	AMRO;0.961
36.00	42.00	AMRO;0.953
46.50	52.50	AMRO;0.800
54.00	58.50	AMRO;0.800
66.00	70.50	AMRO;0.897
72.00	78.00	AMRO;0.943
82.50	114.00	AMRO;0.946
115.50	120.00	AMRO;0.856
121.50	129.00	AMRO;0.811
136.50	141.00	AMRO;0.800
144.00	148.50	AMRO;0.800
157.50	162.00	AMRO;0.893
168.00	171.00	AMRO;0.814
180.00	183.00	AMRO;0.800
189.00	193.50	AMRO;0.846
196.50	226.50	AMRO;0.987
229.50	234.00	AMRO;0.950
235.50	240.00	AMRO;0.910
244.50	256.50	AMRO;0.848
274.50	283.50	AMRO;0.935
285.00	289.50	AMRO;0.863
291.00	294.00	AMRO;0.825
297.00	300.00	AMRO;0.881
4.50	10.50	CHSP;0.964
31.50	34.50	CHSP;0.800
55.50	60.00	CHSP;0.800
63.00	69.00	CHSP;0.986
73.50	79.50	CHSP;0.939
84.00	91.50	CHSP;0.983
93.00	102.00	CHSP;0.985
106.50	112.50	CHSP;0.990
117.00	133.50	CHSP;0.991
136.50	142.50	CHSP;0.984
147.00	153.00	CHSP;0.985
157.50	163.50	CHSP;0.991
169.50	181.50	CHSP;0.989
186.00	192.00	CHSP;0.976
204.00	210.00	CHSP;0.989
214.50	219.00	CHSP;0.923
232.50	240.00	CHSP;0.871
244.50	250.50	CHSP;0.984
258.00	261.00	CHSP;0.812
265.50	271.50	CHSP;0.987
276.00	282.00	CHSP;0.983
270.00	273.00	EATO;0.919
12.00	16.50	FOSP;0.826
25.50	33.00	FOSP;0.895
40.50	48.00	FOSP;0.941
60.00	64.50	FOSP;0.928
78.00	82.50	FOSP;0.921
94.50	99.00	FOSP;0.962
111.00	115.50	FOSP;0.922
127.50	132.00	FOSP;0.925
135.00	138.00	FOSP;0.800
144.00	148.50	FOSP;0.936
162.00	165.00	FOSP;0.800
177.00	183.00	FOSP;0.954
192.00	196.50	FOSP;0.800
208.50	213.00	FOSP;0.890
220.50	229.50	FOSP;0.985
231.00	235.50	FOSP;0.800
240.00	244.50	FOSP;0.973
255.00	259.50	FOSP;0.872
271.50	274.50	FOSP;0.800
282.00	285.00	FOSP;0.800
286.50	291.00	FOSP;0.889
126.00	129.00	HETH;0.875
60.00	64.50	RBGR;0.878
151.50	154.50	RBGR;0.864
187.50	190.50	RBGR;0.832
27.00	30.00	TOSO;0.839
52.50	57.00	WEFL;0.886
3.00	7.50	WCSP;0.980
0.00	4.50	WTSP;0.924
7.50	18.00	WTSP;0.993
31.50	37.50	WTSP;0.981
46.50	54.00	WTSP;0.996
57.00	61.50	WTSP;0.982
66.00	73.50	WTSP;0.963
75.00	79.50	WTSP;0.800
82.50	87.00	WTSP;0.893
99.00	103.50	WTSP;0.881
105.00	112.50	WTSP;0.831
118.50	123.00	WTSP;0.800
130.50	136.50	WTSP;0.980
141.00	147.00	WTSP;0.990
151.50	156.00	WTSP;0.955
180.00	186.00	WTSP;0.983
195.00	201.00	WTSP;0.954
216.00	220.50	WTSP;0.868
21.00	25.50	WIWA;0.984
34.50	39.00	WIWA;0.941
45.00	49.50	WIWA;0.985
58.50	63.00	WIWA;0.978
90.00	94.50	WIWA;0.800
103.50	108.00	WIWA;0.843
133.50	136.50	WIWA;0.800
150.00	154.50	WIWA;0.959
160.50	165.00	WIWA;0.800
193.50	196.50	WIWA;0.836
211.50	216.00	WIWA;0.989
226.50	229.50	WIWA;0.941
237.00	241.50	WIWA;0.981
255.00	259.50	WIWA;0.984
271.50	276.00	WIWA;0.986
283.50	288.00	WIWA;0.988
295.50	300.00	WIWA;0.990
