169.50	172.50	AMRO;0.852
138.00	142.50	BRSP;0.844
0.00	3.00	CHSP;0.926
49.50	55.50	CHSP;0.978
58.50	64.50	CHSP;0.993
66.00	72.00	CHSP;0.984
73.50	79.50	CHSP;0.996
82.50	88.50	CHSP;0.986
90.00	96.00	CHSP;0.980
97.50	103.50	CHSP;0.988
106.50	112.50	CHSP;0.979
115.50	121.50	CHSP;0.980
124.50	130.50	CHSP;0.963
133.50	139.50	CHSP;0.982
141.00	147.00	CHSP;0.979
150.00	156.00	CHSP;0.995
160.50	165.00	CHSP;0.957
168.00	174.00	CHSP;0.984
175.50	180.00	CHSP;0.957
181.50	187.50	CHSP;0.985
189.00	193.50	CHSP;0.978
217.50	223.50	CHSP;0.968
226.50	232.50	CHSP;0.911
247.50	252.00	CHSP;0.800
276.00	280.50	CHSP;0.865
295.50	300.00	CHSP;0.977
61.50	66.00	FOSP;0.950
267.00	270.00	FOSP;0.918
31.50	34.50	HASP;0.833
120.00	123.00	LISP;0.918
34.50	37.50	MOCH;0.860
129.00	133.50	MOCH;0.975
177.00	180.00	MOCH;0.820
195.00	198.00	MOCH;0.882
15.00	18.00	NOWA;0.856
249.00	252.00	NOWA;0.857
240.00	252.00	PISI;0.983
216.00	220.50	SNBU;0.965
16.50	19.50	SWSP;0.923
111.00	114.00	SWSP;0.919
201.00	205.50	SWSP;0.808
237.00	240.00	SWSP;0.812
292.50	297.00	SWSP;0.952
48.00	51.00	VATH;0.879
6.00	9.00	WCSP;0.800
18.00	21.00	WCSP;0.800
28.50	33.00	WCSP;0.800
46.50	51.00	WCSP;0.949
154.50	157.50	WCSP;0.800
186.00	190.50	WCSP;0.800
198.00	201.00	WCSP;0.958
232.50	237.00	WCSP;0.981
31.50	37.50	WTSP;0.988
85.50	88.50	WTSP;0.800
93.00	97.50	WTSP;0.800
105.00	109.50	WTSP;0.877
129.00	132.00	WTSP;0.800
139.50	144.00	WTSP;0.955
153.00	157.50	WTSP;0.807
163.50	166.50	WTSP;0.800
175.50	178.50	WTSP;0.800
181.50	186.00	WTSP;0.946
192.00	199.50	WTSP;0.927
220.50	225.00	WTSP;0.928
232.50	235.50	WTSP;0.800
258.00	262.50	WTSP;0.921
268.50	271.50	WTSP;0.800
21.00	30.00	YRWA;0.979
39.00	43.50	YRWA;0.981
52.50	57.00	YRWA;0.993
64.50	69.00	YRWA;0.950
100.50	105.00	YRWA;0.991
114.00	118.50	YRWA;0.993
135.00	139.50	YRWA;0.958
142.50	147.00	YRWA;0.962
159.00	163.50	YRWA;0.991
172.50	177.00	YRWA;0.982
286.50	291.00	YRWA;0.990
