18.00	21.00	AMRO;0.855
24.00	28.50	AMRO;0.879
271.50	276.00	AMRO;0.904
22.50	27.00	CHSW;0.915
48.00	51.00	CHSW;0.840
85.50	88.50	CHSW;0.817
295.50	300.00	CHSW;0.915
0.00	4.50	CHSP;0.847
54.00	58.50	CHSP;0.800
69.00	73.50	CHSP;0.800
135.00	139.50	CHSP;0.820
141.00	145.50	CHSP;0.844
184.50	187.50	CHSP;0.800
252.00	256.50	CHSP;0.963
258.00	265.50	CHSP;0.800
268.50	274.50	CHSP;0.913
276.00	280.50	CHSP;0.828
285.00	289.50	CHSP;0.800
291.00	297.00	CHSP;0.959
55.50	60.00	HETH;0.983
114.00	118.50	HETH;0.954
181.50	184.50	HETH;0.874
220.50	223.50	HETH;0.837
259.50	262.50	HETH;0.867
153.00	156.00	MOCH;0.838
0.00	3.00	PAWA;0.826
120.00	123.00	RUBL;0.802
4.50	9.00	WCSP;0.971
15.00	19.50	WCSP;0.980
27.00	30.00	WCSP;0.936
39.00	43.50	WCSP;0.949
60.00	64.50	WCSP;0.980
72.00	76.50	WCSP;0.800
82.50	87.00	WCSP;0.966
105.00	109.50	WCSP;0.978
117.00	120.00	WCSP;0.962
127.50	130.50	WCSP;0.960
138.00	142.50	WCSP;0.919
150.00	154.50	WTSP;0.959
192.00	195.00	WTSP;0.859
3.00	7.50	WIWA;0.977
13.50	18.00	WIWA;0.989
24.00	27.00	WIWA;0.800
93.00	97.50	WIWA;0.800
