42.00	45.00	AMRO;0.969
9.00	12.00	CHSP;0.800
72.00	76.50	CHSP;0.961
84.00	88.50	CHSP;0.860
96.00	103.50	CHSP;0.964
136.50	141.00	CHSP;0.890
150.00	154.50	CHSP;0.800
165.00	169.50	CHSP;0.872
172.50	178.50	CHSP;0.992
180.00	192.00	CHSP;0.995
193.50	207.00	CHSP;0.989
210.00	214.50	CHSP;0.800
216.00	222.00	CHSP;0.985
223.50	229.50	CHSP;0.976
231.00	238.50	CHSP;0.983
243.00	249.00	CHSP;0.972
252.00	258.00	CHSP;0.980
262.50	267.00	CHSP;0.907
270.00	276.00	CHSP;0.966
282.00	286.50	CHSP;0.800
385.50	390.00	CHSP;0.812
451.50	456.00	CHSP;0.977
462.00	466.50	CHSP;0.800
478.50	481.50	CHSP;0.800
519.00	522.00	CHSP;0.800
526.50	531.00	CHSP;0.936
564.00	570.00	CHSP;0.963
190.50	193.50	EAME;0.810
336.00	339.00	EATO;0.876
573.00	576.00	EATO;0.878
0.00	3.00	FISP;0.802
28.50	33.00	FOSP;0.949
49.50	54.00	FOSP;0.800
78.00	81.00	FOSP;0.800
97.50	102.00	FOSP;0.800
124.50	127.50	FOSP;0.800
141.00	144.00	FOSP;0.841
154.50	159.00	FOSP;0.800
174.00	178.50	FOSP;0.800
225.00	229.50	FOSP;0.800
247.50	252.00	FOSP;0.806
259.50	264.00	FOSP;0.957
267.00	271.50	FOSP;0.840
303.00	307.50	FOSP;0.800
325.50	330.00	FOSP;0.833
337.50	342.00	FOSP;0.800
351.00	355.50	FOSP;0.899
363.00	367.50	FOSP;0.800
378.00	382.50	FOSP;0.827
391.50	396.00	FOSP;0.883
402.00	408.00	FOSP;0.906
409.50	414.00	FOSP;0.810
420.00	426.00	FOSP;0.800
432.00	436.50	FOSP;0.800
438.00	442.50	FOSP;0.800
459.00	465.00	FOSP;0.970
472.50	477.00	FOSP;0.853
486.00	496.50	FOSP;0.959
501.00	505.50	FOSP;0.800
514.50	519.00	FOSP;0.800
540.00	543.00	FOSP;0.800
549.00	559.50	FOSP;0.985
568.50	573.00	FOSP;0.800
574.50	579.00	FOSP;0.852
580.50	585.00	FOSP;0.800
591.00	597.00	FOSP;0.960
79.50	82.50	LISP;0.933
271.50	276.00	LISP;0.907
295.50	298.50	LISP;0.920
366.00	369.00	LISP;0.841
192.00	195.00	MOCH;0.820
109.50	112.50	NOCA;0.901
237.00	241.50	PISI;0.880
247.50	252.00	PISI;0.852
258.00	265.50	PISI;0.979
276.00	288.00	PISI;0.996
289.50	292.50	PISI;0.800
295.50	324.00	PISI;0.985
336.00	339.00	PISI;0.800
355.50	358.50	PISI;0.800
369.00	393.00	PISI;0.988
414.00	423.00	PISI;0.980
457.50	460.50	PISI;0.800
466.50	471.00	PISI;0.954
507.00	517.50	PISI;0.998
561.00	565.50	PISI;0.945
582.00	594.00	PISI;0.950
595.50	600.00	PISI;0.931
507.00	510.00	PUFI;0.824
375.00	378.00	SAND;0.841
82.50	85.50	WCSP;0.987
100.50	105.00	WCSP;0.946
115.50	120.00	WCSP;0.800
130.50	135.00	WCSP;0.919
198.00	201.00	WCSP;0.800
207.00	210.00	WCSP;0.800
214.50	219.00	WCSP;0.946
228.00	232.50	WCSP;0.987
241.50	244.50	WCSP;0.800
276.00	280.50	WCSP;0.800
297.00	301.50	WCSP;0.982
321.00	325.50	WCSP;0.981
330.00	337.50	WCSP;0.994
340.50	349.50	WCSP;0.993
435.00	438.00	WCSP;0.800
0.00	9.00	WTSP;0.998
15.00	25.50	WTSP;0.992
33.00	39.00	WTSP;0.997
54.00	58.50	WTSP;0.861
73.50	78.00	WTSP;0.858
85.50	90.00	WTSP;0.939
172.50	175.50	WTSP;0.800
192.00	198.00	WTSP;0.839
210.00	214.50	WTSP;0.878
156.00	160.50	YRWA;0.992
291.00	297.00	YRWA;0.992
346.50	351.00	YRWA;0.910
571.50	576.00	YRWA;0.850
