274.50	277.50	AMDI;0.819
0.00	6.00	CCSP;0.954
13.50	19.50	CCSP;0.989
21.00	25.50	CCSP;0.917
30.00	34.50	CCSP;0.978
37.50	42.00	CCSP;0.982
43.50	49.50	CCSP;0.991
51.00	55.50	CCSP;0.940
66.00	70.50	CCSP;0.935
91.50	96.00	CCSP;0.983
136.50	139.50	CCSP;0.800
6.00	12.00	FOSP;0.861
25.50	28.50	FOSP;0.800
39.00	43.50	FOSP;0.800
55.50	60.00	FOSP;0.800
69.00	72.00	FOSP;0.850
81.00	85.50	FOSP;0.933
94.50	99.00	FOSP;0.800
111.00	115.50	FOSP;0.815
124.50	129.00	FOSP;0.951
139.50	144.00	FOSP;0.936
169.50	174.00	FOSP;0.954
186.00	190.50	FOSP;0.914
229.50	234.00	FOSP;0.907
273.00	277.50	FOSP;0.927
64.50	67.50	MOCH;0.858
172.50	175.50	MOCH;0.811
292.50	295.50	NOWA;0.887
235.50	240.00	PISI;0.991
12.00	15.00	SWSP;0.800
33.00	37.50	SWSP;0.800
48.00	52.50	SWSP;0.977
64.50	67.50	SWSP;0.800
115.50	118.50	SWSP;0.800
129.00	133.50	SWSP;0.823
153.00	156.00	SWSP;0.800
166.50	169.50	SWSP;0.800
183.00	186.00	SWSP;0.800
201.00	204.00	SWSP;0.800
216.00	220.50	SWSP;0.895
232.50	235.50	SWSP;0.800
240.00	244.50	SWSP;0.800
247.50	252.00	SWSP;0.969
262.50	267.00	SWSP;0.946
271.50	274.50	SWSP;0.800
277.50	282.00	SWSP;0.940
283.50	288.00	SWSP;0.800
294.00	298.50	SWSP;0.968
1.50	7.50	TEWA;0.944
9.00	15.00	TEWA;0.830
18.00	22.50	TEWA;0.893
25.50	31.50	TEWA;0.800
63.00	67.50	TEWA;0.818
78.00	82.50	TEWA;0.941
85.50	90.00	TEWA;0.800
108.00	112.50	TEWA;0.800
123.00	126.00	TEWA;0.800
145.50	150.00	TEWA;0.919
159.00	163.50	TEWA;0.904
166.50	171.00	TEWA;0.800
207.00	213.00	TEWA;0.932
222.00	228.00	TEWA;0.879
255.00	259.50	TEWA;0.800
270.00	274.50	TEWA;0.801
54.00	57.00	WCSP;0.953
60.00	63.00	WCSP;0.959
70.50	76.50	WCSP;0.981
85.50	90.00	WCSP;0.800
97.50	105.00	WCSP;0.989
108.00	112.50	WCSP;0.800
159.00	165.00	WCSP;0.950
166.50	169.50	WCSP;0.800
174.00	178.50	WCSP;0.842
274.50	277.50	WCSP;0.800
13.50	16.50	WTSP;0.911
52.50	57.00	WTSP;0.800
60.00	63.00	WTSP;0.800
79.50	82.50	WTSP;0.800
85.50	91.50	WTSP;0.800
100.50	103.50	WTSP;0.800
115.50	123.00	WTSP;0.894
147.00	150.00	WTSP;0.800
174.00	177.00	WTSP;0.800
201.00	205.50	WTSP;0.800
259.50	264.00	WTSP;0.987
276.00	280.50	WTSP;0.984
27.00	31.50	YRWA;0.802
49.50	54.00	YRWA;0.961
61.50	66.00	YRWA;0.800
75.00	79.50	YRWA;0.957
87.00	90.00	YRWA;0.800
192.00	196.50	YRWA;0.963
205.50	210.00	YRWA;0.923
219.00	223.50	YRWA;0.953
244.50	247.50	YRWA;0.800
280.50	285.00	YRWA;0.978
