249.00	252.00	BRSP;0.844
253.50	258.00	BRSP;0.879
13.50	16.50	CHSW;0.805
195.00	198.00	CHSW;0.960
31.50	34.50	DEJU;0.849
268.50	271.50	DEJU;0.916
376.50	381.00	FOSP;0.973
420.00	423.00	FOSP;0.839
433.50	436.50	FOSP;0.851
447.00	450.00	FOSP;0.888
462.00	465.00	FOSP;0.834
514.50	519.00	FOSP;0.888
556.50	559.50	FOSP;0.801
108.00	111.00	GWTE;0.896
505.50	508.50	HASP;0.820
99.00	102.00	HETH;0.879
502.50	505.50	HETH;0.811
63.00	66.00	LISP;0.831
97.50	100.50	MOCH;0.848
496.50	501.00	SNBU;0.932
16.50	19.50	SWSP;0.881
6.00	10.50	WCSP;0.990
27.00	31.50	WCSP;0.990
43.50	48.00	WCSP;0.994
73.50	76.50	WCSP;0.936
118.50	123.00	WCSP;0.980
139.50	144.00	WCSP;0.991
163.50	168.00	WCSP;0.991
190.50	196.50	WCSP;0.989
207.00	211.50	WCSP;0.988
232.50	237.00	WCSP;0.982
270.00	274.50	WCSP;0.994
283.50	300.00	WCSP;0.978
301.50	310.50	WCSP;0.987
319.50	327.00	WCSP;0.943
367.50	372.00	WCSP;0.894
385.50	390.00	WCSP;0.856
406.50	409.50	WCSP;0.800
579.00	585.00	WCSP;0.800
597.00	600.00	WCSP;0.800
49.50	55.50	WTSP;0.992
297.00	301.50	WTSP;0.800
450.00	456.00	WTSP;0.994
486.00	490.50	WTSP;0.986
505.50	511.50	WTSP;0.995
523.50	529.50	WTSP;0.997
544.50	550.50	WTSP;0.996
564.00	568.50	WTSP;0.994
583.50	589.50	WTSP;0.997
0.00	4.50	WIWA;0.989
15.00	18.00	WIWA;0.805
25.50	28.50	WIWA;0.800
37.50	42.00	WIWA;0.982
48.00	54.00	WIWA;0.965
60.00	64.50	WIWA;0.978
72.00	76.50	WIWA;0.966
84.00	88.50	WIWA;0.928
94.50	99.00	WIWA;0.800
130.50	135.00	WIWA;0.973
142.50	147.00	WIWA;0.800
204.00	208.50	WIWA;0.800
220.50	225.00	WIWA;0.979
231.00	235.50	WIWA;0.800
246.00	250.50	WIWA;0.982
262.50	267.00	WIWA;0.956
271.50	277.50	WIWA;0.984
282.00	286.50	WIWA;0.988
292.50	297.00	WIWA;0.982
309.00	315.00	WIWA;0.989
318.00	324.00	WIWA;0.989
328.50	333.00	WIWA;0.991
337.50	342.00	WIWA;0.991
352.50	357.00	WIWA;0.990
361.50	367.50	WIWA;0.990
372.00	376.50	WIWA;0.990
382.50	388.50	WIWA;0.985
393.00	397.50	WIWA;0.989
403.50	408.00	WIWA;0.987
412.50	417.00	WIWA;0.991
421.50	426.00	WIWA;0.983
432.00	436.50	WIWA;0.990
441.00	445.50	WIWA;0.991
453.00	457.50	WIWA;0.992
462.00	466.50	WIWA;0.988
471.00	475.50	WIWA;0.991
480.00	484.50	WIWA;0.992
490.50	495.00	WIWA;0.989
499.50	504.00	WIWA;0.988
510.00	514.50	WIWA;0.989
520.50	525.00	WIWA;0.989
529.50	535.50	WIWA;0.990
538.50	544.50	WIWA;0.990
549.00	555.00	WIWA;0.988
559.50	564.00	WIWA;0.990
571.50	576.00	WIWA;0.988
580.50	585.00	WIWA;0.943
589.50	595.50	WIWA;0.989
