178.50	181.50	ATSP;0.808
63.00	66.00	HASP;0.813
27.00	30.00	MOCH;0.873
48.00	51.00	MOCH;0.822
297.00	300.00	SNBU;0.868
12.00	16.50	VATH;0.861
28.50	31.50	VATH;0.800
54.00	58.50	VATH;0.979
81.00	85.50	VATH;0.800
139.50	144.00	VATH;0.915
229.50	234.00	VATH;0.919
207.00	210.00	WEFL;0.944
15.00	18.00	WCSP;0.800
69.00	73.50	WCSP;0.892
88.50	91.50	WCSP;0.800
108.00	111.00	WCSP;0.977
130.50	135.00	WCSP;0.975
159.00	163.50	WCSP;0.981
174.00	178.50	WCSP;0.968
190.50	195.00	WCSP;0.991
202.50	207.00	WCSP;0.909
208.50	211.50	WCSP;0.800
235.50	240.00	WCSP;0.994
253.50	258.00	WCSP;0.800
270.00	273.00	WCSP;0.915
289.50	294.00	WCSP;0.973
1.50	18.00	WTSP;0.970
21.00	34.50	WTSP;0.991
39.00	49.50	WTSP;0.993
58.50	69.00	WTSP;0.990
78.00	88.50	WTSP;0.966
97.50	102.00	WTSP;0.836
106.50	109.50	WTSP;0.800
111.00	117.00	WTSP;0.983
133.50	177.00	WTSP;0.995
186.00	190.50	WTSP;0.912
210.00	213.00	WTSP;0.800
234.00	237.00	WTSP;0.800
268.50	271.50	WTSP;0.800
292.50	295.50	WTSP;0.800
4.50	9.00	WIWA;0.800
16.50	21.00	WIWA;0.946
33.00	37.50	WIWA;0.922
45.00	49.50	WIWA;0.908
63.00	66.00	WIWA;0.800
75.00	79.50	WIWA;0.984
93.00	97.50	WIWA;0.958
103.50	108.00	WIWA;0.989
114.00	118.50	WIWA;0.989
124.50	129.00	WIWA;0.978
135.00	138.00	WIWA;0.800
142.50	148.50	WIWA;0.980
154.50	159.00	WIWA;0.973
165.00	169.50	WIWA;0.988
175.50	181.50	WIWA;0.985
210.00	213.00	WIWA;0.800
219.00	223.50	WIWA;0.990
228.00	232.50	WIWA;0.974
237.00	241.50	WIWA;0.962
247.50	252.00	WIWA;0.990
256.50	261.00	WIWA;0.987
267.00	271.50	WIWA;0.929
277.50	280.50	WIWA;0.800
285.00	289.50	WIWA;0.990
294.00	298.50	WIWA;0.929
18.00	22.50	YRWA;0.992
30.00	34.50	YRWA;0.988
49.50	54.00	YRWA;0.993
72.00	76.50	YRWA;0.992
90.00	94.50	YRWA;0.993
109.50	114.00	YRWA;0.989
123.00	130.50	YRWA;0.980
136.50	141.00	YRWA;0.975
144.00	150.00	YRWA;0.984
153.00	156.00	YRWA;0.800
162.00	166.50	YRWA;0.989
171.00	174.00	YRWA;0.800
181.50	189.00	YRWA;0.989
201.00	205.50	YRWA;0.984
210.00	217.50	YRWA;0.878
222.00	226.50	YRWA;0.989
228.00	235.50	YRWA;0.988
255.00	259.50	YRWA;0.894
265.50	270.00	YRWA;0.873
274.50	283.50	YRWA;0.987
291.00	297.00	YRWA;0.993
