0.00	6.00	AMRO;0.973
13.50	49.50	AMRO;0.981
54.00	57.00	AMRO;0.800
58.50	72.00	AMRO;0.894
73.50	78.00	AMRO;0.951
87.00	91.50	AMRO;0.800
93.00	103.50	AMRO;0.849
106.50	111.00	AMRO;0.800
120.00	127.50	AMRO;0.854
129.00	132.00	AMRO;0.800
139.50	144.00	AMRO;0.971
150.00	156.00	AMRO;0.949
159.00	165.00	AMRO;0.800
166.50	171.00	AMRO;0.970
177.00	184.50	AMRO;0.911
190.50	196.50	AMRO;0.806
198.00	214.50	AMRO;0.988
225.00	228.00	AMRO;0.800
237.00	240.00	AMRO;0.800
259.50	265.50	AMRO;0.955
270.00	274.50	AMRO;0.800
277.50	283.50	AMRO;0.800
294.00	297.00	AMRO;0.800
264.00	268.50	BBPL;0.915
106.50	109.50	BCCH;0.836
292.50	295.50	BCCH;0.909
31.50	34.50	CAFI;0.842
148.50	153.00	CCSP;0.951
114.00	118.50	HETH;0.941
286.50	289.50	HETH;0.917
6.00	10.50	LISP;0.985
15.00	30.00	LISP;0.983
33.00	40.50	LISP;0.992
43.50	51.00	LISP;0.986
55.50	61.50	LISP;0.994
66.00	72.00	LISP;0.998
76.50	90.00	LISP;0.994
91.50	106.50	LISP;0.992
108.00	117.00	LISP;0.996
120.00	129.00	LISP;0.977
135.00	139.50	LISP;0.980
142.50	151.50	LISP;0.976
153.00	157.50	LISP;0.990
163.50	168.00	LISP;0.965
174.00	178.50	LISP;0.974
184.50	190.50	LISP;0.989
196.50	201.00	LISP;0.975
219.00	225.00	LISP;0.989
231.00	235.50	LISP;0.994
241.50	246.00	LISP;0.922
252.00	256.50	LISP;0.994
262.50	267.00	LISP;0.992
273.00	277.50	LISP;0.971
283.50	288.00	LISP;0.988
291.00	300.00	LISP;0.994
63.00	66.00	MOCH;0.937
75.00	78.00	MOCH;0.818
249.00	252.00	MOCH;0.912
259.50	262.50	MOCH;0.836
270.00	273.00	MOCH;0.869
171.00	174.00	TOSO;0.867
0.00	3.00	WCSP;0.952
13.50	18.00	WCSP;0.929
34.50	37.50	WCSP;0.800
49.50	54.00	WCSP;0.965
64.50	69.00	WCSP;0.800
79.50	85.50	WCSP;0.965
115.50	120.00	WCSP;0.953
130.50	136.50	WCSP;0.914
145.50	150.00	WCSP;0.887
160.50	166.50	WCSP;0.972
177.00	181.50	WCSP;0.978
195.00	199.50	WCSP;0.928
207.00	211.50	WCSP;0.952
222.00	228.00	WCSP;0.973
240.00	244.50	WCSP;0.800
256.50	261.00	WCSP;0.979
271.50	276.00	WCSP;0.940
288.00	292.50	WCSP;0.889
228.00	231.00	WTSP;0.870
