442.50	447.00	AMDI;0.930
73.50	78.00	AMRO;0.800
81.00	84.00	AMRO;0.800
85.50	91.50	AMRO;0.819
93.00	96.00	AMRO;0.800
97.50	102.00	AMRO;0.800
105.00	109.50	AMRO;0.800
114.00	117.00	AMRO;0.800
120.00	123.00	AMRO;0.800
136.50	141.00	AMRO;0.800
144.00	148.50	AMRO;0.800
166.50	169.50	AMRO;0.800
205.50	208.50	AMRO;0.800
216.00	220.50	AMRO;0.937
222.00	226.50	AMRO;0.938
235.50	238.50	AMRO;0.800
240.00	244.50	AMRO;0.800
255.00	258.00	AMRO;0.800
261.00	265.50	AMRO;0.800
276.00	282.00	AMRO;0.800
292.50	297.00	AMRO;0.930
558.00	561.00	AMRO;0.800
594.00	598.50	AMRO;0.912
273.00	276.00	BAOR;0.926
171.00	175.50	BRSP;0.843
177.00	186.00	BRSP;0.995
187.50	192.00	BRSP;0.964
196.50	201.00	BRSP;0.986
205.50	216.00	BRSP;0.993
391.50	394.50	CAFI;0.879
483.00	486.00	CAFI;0.940
495.00	498.00	CAFI;0.839
589.50	592.50	FISP;0.826
6.00	10.50	FOSP;0.961
18.00	22.50	FOSP;0.929
30.00	34.50	FOSP;0.920
43.50	48.00	FOSP;0.897
57.00	61.50	FOSP;0.893
70.50	73.50	FOSP;0.854
82.50	87.00	FOSP;0.876
96.00	100.50	FOSP;0.913
109.50	114.00	FOSP;0.915
124.50	129.00	FOSP;0.867
138.00	144.00	FOSP;0.800
160.50	165.00	FOSP;0.918
174.00	178.50	FOSP;0.899
189.00	193.50	FOSP;0.959
202.50	207.00	FOSP;0.884
217.50	222.00	FOSP;0.920
232.50	237.00	FOSP;0.897
249.00	253.50	FOSP;0.955
265.50	270.00	FOSP;0.948
282.00	286.50	FOSP;0.936
297.00	301.50	FOSP;0.957
313.50	319.50	FOSP;0.889
333.00	336.00	FOSP;0.800
349.50	354.00	FOSP;0.975
370.50	375.00	FOSP;0.800
387.00	391.50	FOSP;0.800
402.00	406.50	FOSP;0.800
420.00	424.50	FOSP;0.960
436.50	441.00	FOSP;0.800
456.00	459.00	FOSP;0.800
474.00	478.50	FOSP;0.800
492.00	496.50	FOSP;0.923
511.50	514.50	FOSP;0.876
525.00	529.50	FOSP;0.868
541.50	547.50	FOSP;0.975
561.00	567.00	FOSP;0.922
229.50	232.50	GWTE;0.845
7.50	12.00	LISP;0.983
19.50	24.00	LISP;0.962
46.50	49.50	LISP;0.800
78.00	81.00	LISP;0.828
91.50	96.00	LISP;0.800
144.00	147.00	LISP;0.800
156.00	162.00	LISP;0.800
184.50	189.00	LISP;0.916
198.00	201.00	LISP;0.800
262.50	267.00	LISP;0.971
291.00	295.50	LISP;0.988
307.50	312.00	LISP;0.993
319.50	325.50	LISP;0.994
334.50	337.50	LISP;0.989
345.00	349.50	LISP;0.974
357.00	364.50	LISP;0.992
369.00	376.50	LISP;0.939
381.00	390.00	LISP;0.991
393.00	397.50	LISP;0.943
411.00	420.00	LISP;0.857
424.50	432.00	LISP;0.872
439.50	444.00	LISP;0.901
451.50	454.50	LISP;0.800
462.00	466.50	LISP;0.868
474.00	478.50	LISP;0.800
484.50	489.00	LISP;0.960
496.50	501.00	LISP;0.800
508.50	513.00	LISP;0.800
520.50	523.50	LISP;0.800
531.00	535.50	LISP;0.981
543.00	547.50	LISP;0.916
556.50	561.00	LISP;0.987
567.00	571.50	LISP;0.978
579.00	583.50	LISP;0.988
591.00	595.50	LISP;0.970
9.00	13.50	MOCH;0.966
46.50	51.00	MOCH;0.937
409.50	412.50	MOCH;0.800
448.50	451.50	MOCH;0.800
487.50	492.00	MOCH;0.963
505.50	508.50	MOCH;0.800
565.50	568.50	MOCH;0.800
472.50	477.00	PUFI;0.877
403.50	406.50	SNBU;0.916
286.50	289.50	SWSP;0.803
51.00	54.00	VATH;0.809
117.00	121.50	VATH;0.932
396.00	399.00	VATH;0.809
1.50	6.00	WTSP;0.951
9.00	15.00	WTSP;0.863
24.00	28.50	WTSP;0.905
39.00	43.50	WTSP;0.994
66.00	69.00	WTSP;0.800
79.50	85.50	WTSP;0.870
90.00	94.50	WTSP;0.978
103.50	108.00	WTSP;0.990
130.50	138.00	WTSP;0.992
169.50	174.00	WTSP;0.993
178.50	183.00	WTSP;0.924
441.00	445.50	WTSP;0.985
498.00	501.00	WTSP;0.800
507.00	511.50	WTSP;0.800
553.50	558.00	WTSP;0.961
564.00	568.50	WTSP;0.823
586.50	591.00	WTSP;0.995
349.50	354.00	WIWA;0.949
363.00	366.00	WIWA;0.822
225.00	228.00	YRWA;0.865
243.00	246.00	YRWA;0.972
340.50	345.00	YRWA;0.985
505.50	508.50	YRWA;0.896
