253.50	256.50	AMRO;0.924
268.50	273.00	AMWO;0.871
265.50	268.50	BAOR;0.838
232.50	237.00	FISP;0.966
70.50	73.50	MOCH;0.924
81.00	84.00	MOCH;0.850
148.50	151.50	MOCH;0.831
262.50	267.00	MOCH;0.943
70.50	75.00	SBDO;0.964
99.00	103.50	SBDO;0.990
106.50	109.50	SBDO;0.800
166.50	171.00	SBDO;0.961
220.50	225.00	SBDO;0.800
228.00	232.50	SBDO;0.860
84.00	87.00	SNBU;0.820
43.50	48.00	WCSP;0.932
58.50	63.00	WCSP;0.800
72.00	75.00	WCSP;0.800
82.50	85.50	WCSP;0.874
196.50	201.00	WCSP;0.954
247.50	252.00	WCSP;0.940
