450.00	454.50	CHSW;0.972
0.00	6.00	CHSP;0.955
7.50	15.00	CHSP;0.970
16.50	22.50	CHSP;0.961
27.00	34.50	CHSP;0.961
39.00	43.50	CHSP;0.978
60.00	69.00	CHSP;0.986
70.50	78.00	CHSP;0.987
79.50	87.00	CHSP;0.975
90.00	97.50	CHSP;0.981
102.00	108.00	CHSP;0.979
109.50	115.50	CHSP;0.972
118.50	126.00	CHSP;0.912
148.50	153.00	CHSP;0.989
192.00	198.00	CHSP;0.986
204.00	211.50	CHSP;0.970
216.00	222.00	CHSP;0.964
228.00	232.50	CHSP;0.800
240.00	247.50	CHSP;0.971
256.50	261.00	CHSP;0.951
271.50	277.50	CHSP;0.988
280.50	297.00	CHSP;0.994
300.00	307.50	CHSP;0.994
312.00	331.50	CHSP;0.993
336.00	346.50	CHSP;0.992
348.00	354.00	CHSP;0.990
358.50	364.50	CHSP;0.986
369.00	375.00	CHSP;0.988
379.50	385.50	CHSP;0.988
391.50	397.50	CHSP;0.986
402.00	408.00	CHSP;0.990
411.00	417.00	CHSP;0.989
427.50	433.50	CHSP;0.985
457.50	463.50	CHSP;0.991
498.00	504.00	CHSP;0.987
508.50	513.00	CHSP;0.800
520.50	528.00	CHSP;0.981
531.00	538.50	CHSP;0.994
540.00	546.00	CHSP;0.992
550.50	556.50	CHSP;0.991
561.00	567.00	CHSP;0.988
568.50	577.50	CHSP;0.985
582.00	588.00	CHSP;0.993
592.50	598.50	CHSP;0.981
399.00	402.00	CCSP;0.800
405.00	409.50	CCSP;0.988
426.00	429.00	CCSP;0.800
435.00	439.50	CCSP;0.960
582.00	586.50	FOSP;0.826
556.50	559.50	MOCH;0.801
229.50	234.00	SOSP;0.952
373.50	378.00	WBNU;0.913
547.50	552.00	WCSP;0.976
564.00	567.00	WCSP;0.986
346.50	351.00	WIWA;0.977
354.00	360.00	WIWA;0.956
364.50	369.00	WIWA;0.810
388.50	393.00	WIWA;0.800
400.50	403.50	WIWA;0.800
421.50	427.50	WIWA;0.986
432.00	436.50	WIWA;0.800
439.50	445.50	WIWA;0.953
