10.50	18.00	AMRO;0.952
19.50	24.00	AMRO;0.800
34.50	39.00	AMRO;0.903
100.50	105.00	AMRO;0.800
117.00	130.50	AMRO;0.962
142.50	148.50	AMRO;0.809
150.00	153.00	AMRO;0.808
154.50	159.00	AMRO;0.924
175.50	178.50	AMRO;0.800
205.50	210.00	AMRO;0.970
220.50	225.00	AMRO;0.800
237.00	240.00	AMRO;0.800
261.00	270.00	AMRO;0.974
274.50	277.50	AMRO;0.800
279.00	286.50	AMRO;0.851
291.00	295.50	AMRO;0.910
267.00	270.00	EABL;0.851
7.50	12.00	FOSP;0.987
25.50	30.00	FOSP;0.874
51.00	55.50	FOSP;0.996
70.50	76.50	FOSP;0.989
93.00	97.50	FOSP;0.958
115.50	118.50	FOSP;0.800
136.50	141.00	FOSP;0.967
258.00	262.50	FOSP;0.955
201.00	204.00	HETH;0.834
6.00	10.50	LISP;0.893
12.00	21.00	LISP;0.988
28.50	33.00	LISP;0.998
40.50	45.00	LISP;0.963
52.50	58.50	LISP;0.946
121.50	126.00	LISP;0.800
132.00	136.50	LISP;0.877
145.50	150.00	LISP;0.905
160.50	166.50	LISP;0.994
174.00	177.00	LISP;0.800
186.00	190.50	LISP;0.800
196.50	202.50	LISP;0.974
210.00	216.00	LISP;0.989
222.00	226.50	LISP;0.800
235.50	240.00	LISP;0.800
241.50	244.50	LISP;0.881
247.50	252.00	LISP;0.970
280.50	285.00	LISP;0.982
295.50	300.00	LISP;0.998
156.00	159.00	MOCH;0.978
231.00	234.00	MOCH;0.823
256.50	259.50	NESP;0.871
0.00	9.00	PISI;0.998
15.00	19.50	PISI;0.992
21.00	118.50	PISI;0.999
187.50	190.50	PUFI;0.822
148.50	151.50	ROPT;0.832
37.50	43.50	WCSP;0.800
70.50	75.00	WCSP;0.800
84.00	91.50	WCSP;0.994
93.00	97.50	WCSP;0.800
99.00	112.50	WCSP;0.913
115.50	123.00	WCSP;0.907
129.00	133.50	WCSP;0.966
142.50	147.00	WCSP;0.942
157.50	162.00	WCSP;0.983
168.00	171.00	WCSP;0.800
172.50	177.00	WCSP;0.979
178.50	198.00	WCSP;0.996
201.00	207.00	WCSP;0.800
220.50	223.50	WCSP;0.800
232.50	237.00	WCSP;0.986
238.50	243.00	WCSP;0.997
246.00	250.50	WCSP;0.959
253.50	258.00	WCSP;0.991
262.50	265.50	WCSP;0.800
268.50	273.00	WCSP;0.993
276.00	282.00	WCSP;0.995
286.50	291.00	WCSP;0.996
294.00	298.50	WCSP;0.962
112.50	115.50	WTSP;0.869
151.50	156.00	WTSP;0.996
177.00	180.00	WIWA;0.945
127.50	132.00	YRWA;0.922
150.00	153.00	YRWA;0.800
213.00	217.50	YRWA;0.986
223.50	228.00	YRWA;0.984
234.00	238.50	YRWA;0.963
243.00	247.50	YRWA;0.988
273.00	277.50	YRWA;0.970
283.50	286.50	YRWA;0.921
292.50	297.00	YRWA;0.800
