49.50	54.00	AMRO;0.977
222.00	225.00	DEJU;0.875
187.50	190.50	FOSP;0.857
210.00	213.00	FOSP;0.812
265.50	268.50	HETH;0.847
238.50	241.50	LISP;0.906
37.50	42.00	MOCH;0.878
294.00	297.00	MOCH;0.853
150.00	154.50	SNBU;0.957
42.00	45.00	SWSP;0.811
6.00	9.00	WCSP;0.800
15.00	19.50	WCSP;0.920
24.00	27.00	WCSP;0.902
121.50	126.00	WCSP;0.800
129.00	145.50	WCSP;0.996
147.00	153.00	WCSP;0.882
154.50	157.50	WCSP;0.800
163.50	168.00	WCSP;0.983
184.50	189.00	WCSP;0.800
204.00	208.50	WCSP;0.983
213.00	217.50	WCSP;0.913
229.50	232.50	WCSP;0.972
256.50	259.50	WCSP;0.800
265.50	268.50	WCSP;0.800
271.50	276.00	WCSP;0.890
283.50	288.00	WCSP;0.850
295.50	298.50	WCSP;0.800
4.50	9.00	WTSP;0.991
18.00	21.00	WTSP;0.862
37.50	40.50	WTSP;0.842
105.00	108.00	WTSP;0.855
180.00	183.00	WTSP;0.830
223.50	226.50	WTSP;0.950
240.00	244.50	WTSP;0.988
274.50	277.50	WTSP;0.847
7.50	12.00	WIWA;0.983
18.00	22.50	WIWA;0.971
28.50	33.00	WIWA;0.800
40.50	43.50	WIWA;0.897
51.00	55.50	WIWA;0.881
60.00	66.00	WIWA;0.981
72.00	76.50	WIWA;0.974
82.50	88.50	WIWA;0.966
97.50	102.00	WIWA;0.986
106.50	111.00	WIWA;0.971
117.00	121.50	WIWA;0.972
126.00	130.50	WIWA;0.978
138.00	144.00	WIWA;0.978
147.00	151.50	WIWA;0.935
156.00	162.00	WIWA;0.989
165.00	171.00	WIWA;0.972
175.50	181.50	WIWA;0.800
187.50	192.00	WIWA;0.947
198.00	202.50	WIWA;0.978
207.00	211.50	WIWA;0.923
217.50	223.50	WIWA;0.989
225.00	231.00	WIWA;0.978
234.00	238.50	WIWA;0.987
244.50	250.50	WIWA;0.989
258.00	262.50	WIWA;0.972
267.00	271.50	WIWA;0.900
282.00	286.50	WIWA;0.833
291.00	295.50	WIWA;0.965
