136.50	141.00	FISP;0.962
181.50	184.50	FISP;0.856
295.50	298.50	FISP;0.903
135.00	138.00	LISP;0.839
189.00	192.00	LISP;0.832
207.00	211.50	LISP;0.948
0.00	6.00	MOCH;0.805
10.50	15.00	MOCH;0.800
69.00	72.00	MOCH;0.930
73.50	78.00	MOCH;0.899
84.00	88.50	MOCH;0.874
93.00	97.50	MOCH;0.800
118.50	121.50	MOCH;0.800
123.00	126.00	MOCH;0.800
127.50	130.50	MOCH;0.800
132.00	135.00	MOCH;0.800
145.50	151.50	MOCH;0.800
162.00	165.00	MOCH;0.800
174.00	181.50	MOCH;0.800
186.00	192.00	MOCH;0.942
201.00	204.00	MOCH;0.800
205.50	210.00	MOCH;0.800
220.50	223.50	MOCH;0.800
229.50	232.50	MOCH;0.800
238.50	243.00	MOCH;0.932
250.50	253.50	MOCH;0.800
261.00	264.00	MOCH;0.800
270.00	277.50	MOCH;0.815
280.50	286.50	MOCH;0.927
291.00	295.50	MOCH;0.800
244.50	247.50	RUBL;0.859
4.50	7.50	WCSP;0.800
12.00	16.50	WCSP;0.967
19.50	24.00	WCSP;0.800
27.00	31.50	WCSP;0.812
33.00	39.00	WCSP;0.989
42.00	46.50	WCSP;0.800
57.00	60.00	WCSP;0.969
63.00	69.00	WCSP;0.998
72.00	75.00	WCSP;0.800
78.00	82.50	WCSP;0.800
87.00	91.50	WCSP;0.978
94.50	97.50	WCSP;0.967
103.50	108.00	WCSP;0.800
111.00	115.50	WCSP;0.894
124.50	127.50	WCSP;0.800
198.00	202.50	WCSP;0.955
204.00	208.50	WCSP;0.921
210.00	214.50	WCSP;0.984
217.50	220.50	WCSP;0.980
223.50	228.00	WCSP;0.987
231.00	237.00	WCSP;0.987
3.00	12.00	WTSP;0.971
33.00	36.00	WTSP;0.800
55.50	58.50	WTSP;0.800
60.00	63.00	WTSP;0.800
69.00	100.50	WTSP;0.998
103.50	109.50	WTSP;0.968
112.50	118.50	WTSP;0.980
123.00	127.50	WTSP;0.800
129.00	135.00	WTSP;0.992
144.00	189.00	WTSP;0.997
192.00	199.50	WTSP;0.982
201.00	210.00	WTSP;0.911
216.00	222.00	WTSP;0.800
231.00	238.50	WTSP;0.860
240.00	243.00	WTSP;0.800
249.00	258.00	WTSP;0.993
259.50	267.00	WTSP;0.958
273.00	279.00	WTSP;0.971
280.50	288.00	WTSP;0.988
295.50	298.50	WTSP;0.800
