111.00	114.00	AMGP;0.899
121.50	124.50	ATSP;0.987
93.00	96.00	BLOY;0.821
121.50	126.00	BLOY;0.856
229.50	232.50	BLOY;0.806
25.50	28.50	BHCO;0.854
103.50	111.00	CHSP;0.995
150.00	153.00	FOSP;0.816
163.50	166.50	LISP;0.901
30.00	33.00	MOCH;0.803
241.50	244.50	SNBU;0.837
136.50	141.00	SOSP;0.877
73.50	76.50	SPTO;0.845
43.50	46.50	VATH;0.979
114.00	117.00	VATH;0.876
186.00	190.50	VATH;0.994
96.00	100.50	WEFL;0.877
7.50	13.50	WCSP;0.994
24.00	28.50	WCSP;0.987
37.50	42.00	WCSP;0.992
52.50	57.00	WCSP;0.982
70.50	75.00	WCSP;0.992
85.50	90.00	WCSP;0.936
100.50	105.00	WCSP;0.991
117.00	121.50	WCSP;0.981
130.50	135.00	WCSP;0.984
142.50	147.00	WCSP;0.991
156.00	162.00	WCSP;0.997
171.00	175.50	WCSP;0.989
184.50	189.00	WCSP;0.989
198.00	204.00	WCSP;0.993
214.50	219.00	WCSP;0.994
232.50	237.00	WCSP;0.991
246.00	250.50	WCSP;0.988
259.50	264.00	WCSP;0.988
271.50	276.00	WCSP;0.990
283.50	289.50	WCSP;0.992
297.00	300.00	WCSP;0.989
22.50	25.50	WTSP;0.800
27.00	31.50	WTSP;0.992
48.00	54.00	WTSP;0.974
61.50	67.50	WTSP;0.994
84.00	88.50	WTSP;0.970
99.00	102.00	WTSP;0.800
103.50	108.00	WTSP;0.969
258.00	261.00	WTSP;0.800
288.00	294.00	WTSP;0.983
0.00	4.50	WIWA;0.938
12.00	16.50	WIWA;0.989
21.00	25.50	WIWA;0.981
33.00	37.50	WIWA;0.990
43.50	49.50	WIWA;0.990
57.00	61.50	WIWA;0.930
82.50	87.00	WIWA;0.990
90.00	94.50	WIWA;0.975
114.00	118.50	WIWA;0.981
124.50	129.00	WIWA;0.800
153.00	159.00	WIWA;0.990
168.00	172.50	WIWA;0.972
180.00	184.50	WIWA;0.984
192.00	195.00	WIWA;0.800
201.00	205.50	WIWA;0.950
211.50	216.00	WIWA;0.985
222.00	226.50	WIWA;0.895
241.50	246.00	WIWA;0.929
264.00	268.50	WIWA;0.974
274.50	279.00	WIWA;0.978
285.00	289.50	WIWA;0.800
96.00	99.00	YRWA;0.894
120.00	123.00	YRWA;0.812
288.00	291.00	YRWA;0.894
