48.00	52.50	AMRO;0.800
54.00	60.00	AMRO;0.835
97.50	102.00	AMRO;0.942
114.00	118.50	AMRO;0.800
142.50	162.00	AMRO;0.953
163.50	168.00	AMRO;0.800
174.00	178.50	AMRO;0.800
190.50	201.00	AMRO;0.800
211.50	220.50	AMRO;0.908
222.00	228.00	AMRO;0.938
229.50	235.50	AMRO;0.940
241.50	246.00	AMRO;0.800
253.50	258.00	AMRO;0.800
265.50	268.50	AMRO;0.800
285.00	289.50	AMRO;0.953
297.00	301.50	AMRO;0.940
517.50	520.50	AMRO;0.800
526.50	531.00	AMRO;0.939
541.50	546.00	AMRO;0.800
549.00	553.50	AMRO;0.969
106.50	111.00	BAOR;0.883
132.00	136.50	BAOR;0.869
180.00	183.00	BLOY;0.901
15.00	19.50	CHSW;0.982
330.00	333.00	CHSW;0.802
525.00	528.00	CHSW;0.871
384.00	387.00	GWTE;0.860
217.50	222.00	MOBL;0.963
375.00	378.00	MOCH;0.915
397.50	402.00	MOCH;0.804
409.50	414.00	MOCH;0.837
493.50	498.00	MOCH;0.849
546.00	549.00	MOCH;0.855
597.00	600.00	MOCH;0.933
268.50	273.00	WCSP;0.928
535.50	540.00	WCSP;0.889
4.50	9.00	WTSP;0.968
16.50	21.00	WTSP;0.967
36.00	40.50	WTSP;0.964
45.00	49.50	WTSP;0.938
76.50	81.00	WTSP;0.952
93.00	97.50	WTSP;0.800
109.50	114.00	WTSP;0.943
123.00	127.50	WTSP;0.973
213.00	217.50	WTSP;0.916
295.50	298.50	WTSP;0.800
307.50	312.00	WTSP;0.983
28.50	33.00	WIWA;0.918
39.00	42.00	WIWA;0.883
345.00	348.00	WIWA;0.885
378.00	381.00	WIWA;0.955
