6.00	9.00	AMRO;0.836
13.50	21.00	CHSP;0.812
28.50	33.00	CHSP;0.800
40.50	46.50	CHSP;0.987
48.00	54.00	CHSP;0.985
57.00	61.50	CHSP;0.800
84.00	90.00	CHSP;0.948
102.00	108.00	CHSP;0.974
114.00	120.00	CHSP;0.990
132.00	138.00	CHSP;0.978
148.50	153.00	CHSP;0.917
163.50	169.50	CHSP;0.986
177.00	183.00	CHSP;0.979
192.00	198.00	CHSP;0.983
202.50	208.50	CHSP;0.847
211.50	217.50	CHSP;0.974
220.50	226.50	CHSP;0.992
232.50	238.50	CHSP;0.962
244.50	249.00	CHSP;0.966
255.00	259.50	CHSP;0.800
264.00	270.00	CHSP;0.969
274.50	280.50	CHSP;0.938
285.00	289.50	CHSP;0.937
280.50	283.50	EAME;0.866
1.50	6.00	FOSP;0.976
9.00	15.00	FOSP;0.901
28.50	37.50	FOSP;0.994
57.00	61.50	FOSP;0.982
64.50	69.00	FOSP;0.962
79.50	84.00	FOSP;0.987
87.00	91.50	FOSP;0.958
96.00	100.50	FOSP;0.978
111.00	115.50	FOSP;0.984
124.50	129.00	FOSP;0.974
138.00	145.50	FOSP;0.952
156.00	165.00	FOSP;0.941
172.50	181.50	FOSP;0.986
187.50	196.50	FOSP;0.991
204.00	210.00	FOSP;0.968
217.50	222.00	FOSP;0.984
223.50	228.00	FOSP;0.993
231.00	235.50	FOSP;0.800
240.00	249.00	FOSP;0.983
256.50	262.50	FOSP;0.989
273.00	279.00	FOSP;0.984
289.50	297.00	FOSP;0.982
36.00	39.00	HETH;0.870
84.00	87.00	HETH;0.805
24.00	27.00	LISP;0.969
37.50	42.00	LISP;0.992
52.50	57.00	LISP;0.991
67.50	72.00	LISP;0.944
94.50	99.00	LISP;0.983
108.00	112.50	LISP;0.918
120.00	124.50	LISP;0.993
133.50	136.50	LISP;0.800
148.50	151.50	LISP;0.800
162.00	166.50	LISP;0.853
208.50	213.00	LISP;0.967
228.00	232.50	LISP;0.991
241.50	246.00	LISP;0.914
255.00	259.50	LISP;0.800
268.50	273.00	LISP;0.996
282.00	286.50	LISP;0.991
297.00	300.00	LISP;0.918
151.50	154.50	OCWA;0.823
247.50	250.50	PAWA;0.896
18.00	34.50	PISI;0.984
114.00	126.00	PISI;0.915
129.00	133.50	PISI;0.800
135.00	156.00	PISI;0.998
169.50	174.00	PISI;0.800
195.00	199.50	PISI;0.800
237.00	240.00	PISI;0.800
247.50	256.50	PISI;0.996
295.50	300.00	PISI;0.984
93.00	96.00	ROWR;0.831
106.50	109.50	ROWR;0.881
55.50	58.50	TOSO;0.828
117.00	120.00	TOSO;0.819
127.50	130.50	YRWA;0.982
171.00	175.50	YRWA;0.980
