78.00	82.50	AMRO;0.964
154.50	157.50	AMRO;0.814
253.50	256.50	AMRO;0.858
285.00	288.00	AMRO;0.941
0.00	4.50	FOSP;0.921
19.50	24.00	FOSP;0.936
36.00	39.00	FOSP;0.800
48.00	52.50	FOSP;0.938
64.50	69.00	FOSP;0.800
79.50	87.00	FOSP;0.887
88.50	94.50	FOSP;0.800
103.50	106.50	FOSP;0.800
118.50	121.50	FOSP;0.800
124.50	129.00	FOSP;0.874
133.50	136.50	FOSP;0.800
139.50	144.00	FOSP;0.861
147.00	151.50	FOSP;0.803
166.50	169.50	FOSP;0.847
180.00	184.50	FOSP;0.860
189.00	193.50	FOSP;0.865
196.50	201.00	FOSP;0.868
205.50	210.00	FOSP;0.800
216.00	219.00	FOSP;0.800
225.00	229.50	FOSP;0.873
243.00	247.50	FOSP;0.915
261.00	264.00	FOSP;0.800
268.50	271.50	FOSP;0.800
276.00	280.50	FOSP;0.800
288.00	291.00	FOSP;0.800
292.50	295.50	FOSP;0.800
93.00	96.00	HETH;0.938
27.00	31.50	LISP;0.814
115.50	118.50	LISP;0.923
147.00	150.00	LISP;0.863
199.50	202.50	LISP;0.844
264.00	268.50	LISP;0.956
291.00	294.00	LISP;0.819
139.50	142.50	SNBU;0.823
114.00	117.00	SWSP;0.832
0.00	3.00	WCSP;0.970
6.00	10.50	WCSP;0.972
12.00	18.00	WCSP;0.985
33.00	36.00	WCSP;0.800
72.00	75.00	WCSP;0.800
90.00	94.50	WCSP;0.926
139.50	144.00	WCSP;0.800
166.50	171.00	WCSP;0.800
192.00	195.00	WCSP;0.800
231.00	234.00	WCSP;0.800
10.50	16.50	WTSP;0.991
31.50	36.00	WTSP;0.953
39.00	58.50	WTSP;0.996
60.00	72.00	WTSP;0.997
75.00	79.50	WTSP;0.978
112.50	117.00	WTSP;0.910
121.50	126.00	WTSP;0.800
136.50	141.00	WTSP;0.989
148.50	157.50	WTSP;0.993
159.00	165.00	WTSP;0.994
168.00	171.00	WTSP;0.858
172.50	177.00	WTSP;0.814
187.50	190.50	WTSP;0.800
193.50	199.50	WTSP;0.996
204.00	207.00	WTSP;0.800
219.00	222.00	WTSP;0.800
226.50	237.00	WTSP;0.997
246.00	261.00	WTSP;0.999
297.00	300.00	WTSP;0.800
4.50	9.00	WIWA;0.990
13.50	19.50	WIWA;0.976
28.50	34.50	WIWA;0.989
37.50	42.00	WIWA;0.975
55.50	60.00	WIWA;0.988
73.50	78.00	WIWA;0.988
85.50	90.00	WIWA;0.991
96.00	103.50	WIWA;0.992
108.00	112.50	WIWA;0.981
117.00	123.00	WIWA;0.991
127.50	133.50	WIWA;0.982
135.00	139.50	WIWA;0.801
141.00	145.50	WIWA;0.987
154.50	160.50	WIWA;0.988
162.00	166.50	WIWA;0.955
169.50	181.50	WIWA;0.989
184.50	192.00	WIWA;0.996
201.00	205.50	WIWA;0.977
207.00	211.50	WIWA;0.932
213.00	219.00	WIWA;0.952
220.50	226.50	WIWA;0.993
229.50	232.50	WIWA;0.800
234.00	247.50	WIWA;0.993
250.50	256.50	WIWA;0.975
258.00	264.00	WIWA;0.888
265.50	277.50	WIWA;0.985
280.50	300.00	WIWA;0.990
