162.00	165.00	AMRO;0.885
250.50	253.50	MOCH;0.992
105.00	108.00	ROWR;0.889
297.00	300.00	ROWR;0.816
94.50	99.00	SOSP;0.973
0.00	4.50	WCSP;0.991
7.50	24.00	WCSP;0.981
25.50	37.50	WCSP;0.991
39.00	48.00	WCSP;1.000
49.50	85.50	WCSP;1.000
88.50	130.50	WCSP;1.000
132.00	156.00	WCSP;0.999
159.00	163.50	WCSP;0.984
166.50	171.00	WCSP;0.991
174.00	178.50	WCSP;0.988
181.50	186.00	WCSP;0.984
187.50	195.00	WCSP;0.987
198.00	207.00	WCSP;0.987
208.50	213.00	WCSP;0.984
216.00	222.00	WCSP;0.988
226.50	231.00	WCSP;0.978
234.00	238.50	WCSP;0.972
244.50	250.50	WCSP;0.977
255.00	259.50	WCSP;0.988
264.00	268.50	WCSP;0.989
273.00	286.50	WCSP;0.994
294.00	300.00	WCSP;0.990
82.50	87.00	WRSA;0.968
87.00	91.50	WTSP;0.982
100.50	103.50	WTSP;0.948
114.00	118.50	WTSP;0.966
129.00	133.50	WTSP;0.997
142.50	147.00	WTSP;0.800
169.50	175.50	WTSP;0.995
189.00	192.00	WTSP;0.800
211.50	217.50	WTSP;0.994
229.50	235.50	WTSP;0.995
240.00	244.50	WTSP;0.992
247.50	252.00	WTSP;0.989
261.00	265.50	WTSP;0.962
268.50	271.50	WTSP;0.800
279.00	285.00	WTSP;0.970
291.00	295.50	WTSP;0.970
