249.00	252.00	ATSP;0.813
25.50	30.00	FOSP;0.800
262.50	267.00	FOSP;0.800
555.00	558.00	FOSP;0.800
565.50	568.50	FOSP;0.800
570.00	577.50	FOSP;0.944
580.50	588.00	FOSP;0.976
591.00	595.50	FOSP;0.986
373.50	376.50	LISP;0.814
406.50	409.50	LISP;0.869
513.00	517.50	LISP;0.879
58.50	61.50	MOCH;0.856
543.00	547.50	RUGR;0.885
25.50	28.50	SNBU;0.967
324.00	328.50	SOSA;0.907
367.50	370.50	VATH;0.813
454.50	457.50	VATH;0.820
249.00	252.00	WEFL;0.917
19.50	24.00	WCSP;0.879
37.50	42.00	WCSP;0.993
43.50	51.00	WCSP;0.980
292.50	297.00	WCSP;0.877
331.50	342.00	WCSP;0.987
16.50	22.50	WTSP;0.997
60.00	64.50	WTSP;0.950
88.50	93.00	WTSP;0.856
183.00	187.50	WTSP;0.800
210.00	214.50	WTSP;0.800
453.00	457.50	WTSP;0.800
498.00	501.00	WTSP;0.800
562.50	568.50	WTSP;0.994
430.50	435.00	YRWA;0.979
462.00	466.50	YRWA;0.827
474.00	478.50	YRWA;0.952
585.00	589.50	YRWA;0.989
