144.00	147.00	AMGP;0.847
36.00	39.00	AMRO;0.800
55.50	61.50	AMRO;0.906
72.00	75.00	AMRO;0.871
85.50	94.50	AMRO;0.976
97.50	103.50	AMRO;0.903
115.50	124.50	AMRO;0.902
127.50	130.50	AMRO;0.800
135.00	138.00	AMRO;0.800
157.50	162.00	AMRO;0.800
163.50	168.00	AMRO;0.920
171.00	174.00	AMRO;0.800
175.50	183.00	AMRO;0.959
184.50	196.50	AMRO;0.889
198.00	202.50	AMRO;0.800
264.00	267.00	AMRO;0.800
292.50	297.00	AMRO;0.938
249.00	252.00	BCCH;0.823
232.50	235.50	CHSP;0.811
3.00	6.00	CCSP;0.948
273.00	276.00	EATO;0.948
25.50	30.00	FOSP;0.939
37.50	42.00	FOSP;0.960
51.00	55.50	FOSP;0.986
64.50	69.00	FOSP;0.854
78.00	84.00	FOSP;0.969
94.50	97.50	FOSP;0.800
111.00	115.50	FOSP;0.975
124.50	129.00	FOSP;0.929
138.00	142.50	FOSP;0.943
151.50	156.00	FOSP;0.972
162.00	165.00	FOSP;0.800
166.50	171.00	FOSP;0.944
180.00	186.00	FOSP;0.929
195.00	199.50	FOSP;0.909
210.00	214.50	FOSP;0.940
226.50	231.00	FOSP;0.918
243.00	247.50	FOSP;0.981
259.50	264.00	FOSP;0.981
274.50	279.00	FOSP;0.895
291.00	294.00	FOSP;0.800
4.50	7.50	LISP;0.800
24.00	28.50	LISP;0.866
34.50	37.50	LISP;0.800
43.50	46.50	LISP;0.800
54.00	57.00	LISP;0.800
73.50	76.50	LISP;0.800
84.00	87.00	LISP;0.800
103.50	108.00	LISP;0.925
114.00	118.50	LISP;0.800
136.50	139.50	LISP;0.800
169.50	174.00	LISP;0.985
207.00	210.00	LISP;0.967
219.00	223.50	LISP;0.944
31.50	34.50	MOCH;0.926
148.50	151.50	MOCH;0.803
267.00	270.00	MOCH;0.859
75.00	78.00	PIGR;0.837
93.00	96.00	RUGR;0.848
118.50	121.50	SOSA;0.968
1.50	4.50	WCSP;0.994
7.50	12.00	WCSP;0.996
13.50	21.00	WCSP;0.996
106.50	111.00	WCSP;0.800
129.00	133.50	WCSP;0.974
189.00	193.50	WCSP;0.941
222.00	226.50	WCSP;0.993
231.00	234.00	WCSP;0.800
238.50	241.50	WCSP;0.909
244.50	249.00	WCSP;0.970
250.50	255.00	WCSP;0.980
256.50	262.50	WCSP;0.988
264.00	268.50	WCSP;0.987
270.00	274.50	WCSP;0.994
276.00	280.50	WCSP;0.898
283.50	288.00	WCSP;0.983
291.00	295.50	WCSP;0.925
22.50	25.50	WIWA;0.800
30.00	34.50	WIWA;0.883
75.00	79.50	WIWA;0.893
97.50	102.00	WIWA;0.966
108.00	112.50	WIWA;0.941
120.00	124.50	WIWA;0.800
132.00	136.50	WIWA;0.940
145.50	150.00	WIWA;0.800
157.50	162.00	WIWA;0.894
177.00	181.50	WIWA;0.903
186.00	190.50	WIWA;0.871
202.50	207.00	WIWA;0.800
253.50	256.50	WIWA;0.800
