72.00	75.00	BRSP;0.872
88.50	91.50	BRSP;0.827
159.00	162.00	BRSP;0.852
6.00	16.50	CHSP;0.990
22.50	31.50	CHSP;0.993
54.00	60.00	CHSP;0.989
64.50	70.50	CHSP;0.986
72.00	79.50	CHSP;0.994
82.50	88.50	CHSP;0.985
90.00	96.00	CHSP;0.995
97.50	108.00	CHSP;0.993
160.50	166.50	CHSP;0.988
168.00	174.00	CHSP;0.990
177.00	181.50	CHSP;0.956
202.50	208.50	CHSP;0.995
0.00	3.00	CCSP;0.828
19.50	24.00	CCSP;0.800
31.50	36.00	CCSP;0.800
37.50	42.00	CCSP;0.987
43.50	46.50	CCSP;0.800
49.50	55.50	CCSP;0.971
61.50	72.00	CCSP;0.800
79.50	84.00	CCSP;0.800
96.00	99.00	CCSP;0.800
106.50	127.50	CCSP;0.985
129.00	133.50	CCSP;0.919
135.00	138.00	CCSP;0.800
142.50	147.00	CCSP;0.949
148.50	153.00	CCSP;0.811
154.50	159.00	CCSP;0.967
174.00	177.00	CCSP;0.800
198.00	202.50	CCSP;0.800
231.00	240.00	CCSP;0.829
255.00	259.50	CCSP;0.800
270.00	273.00	CCSP;0.848
277.50	282.00	CCSP;0.800
285.00	289.50	CCSP;0.944
297.00	300.00	CCSP;0.800
195.00	198.00	FOSP;0.939
223.50	228.00	FOSP;0.904
274.50	279.00	GCSP;0.902
36.00	39.00	HASP;0.880
43.50	48.00	LISP;0.979
159.00	162.00	LISP;0.803
186.00	189.00	LISP;0.883
217.50	223.50	LISP;0.996
21.00	24.00	MOCH;0.821
0.00	9.00	VATH;0.852
21.00	25.50	VATH;0.803
40.50	45.00	VATH;0.800
79.50	82.50	VATH;0.807
124.50	127.50	VATH;0.800
129.00	136.50	VATH;0.800
141.00	145.50	VATH;0.800
150.00	154.50	VATH;0.910
181.50	184.50	VATH;0.800
198.00	201.00	VATH;0.800
208.50	211.50	VATH;0.800
259.50	264.00	VATH;0.914
277.50	282.00	VATH;0.917
139.50	142.50	WEWP;0.840
10.50	15.00	WCSP;0.962
33.00	37.50	WCSP;0.969
45.00	52.50	WCSP;0.983
57.00	66.00	WCSP;0.987
69.00	73.50	WCSP;0.992
76.50	87.00	WCSP;0.979
96.00	100.50	WCSP;0.919
121.50	130.50	WCSP;0.989
136.50	144.00	WCSP;0.947
145.50	151.50	WCSP;0.984
166.50	171.00	WCSP;0.800
172.50	177.00	WCSP;0.800
178.50	183.00	WCSP;0.964
190.50	196.50	WCSP;0.942
199.50	205.50	WCSP;0.989
210.00	220.50	WCSP;0.994
225.00	229.50	WCSP;0.955
232.50	238.50	WCSP;0.990
241.50	246.00	WCSP;0.981
250.50	256.50	WCSP;0.983
261.00	267.00	WCSP;0.981
271.50	276.00	WCSP;0.985
282.00	286.50	WCSP;0.974
288.00	298.50	WCSP;0.976
0.00	9.00	WTSP;0.940
13.50	22.50	WTSP;0.990
30.00	33.00	WTSP;0.800
36.00	40.50	WTSP;0.839
46.50	49.50	WTSP;0.800
54.00	58.50	WTSP;0.800
78.00	81.00	WTSP;0.800
109.50	112.50	WTSP;0.884
115.50	120.00	WTSP;0.800
121.50	124.50	WTSP;0.800
151.50	163.50	WTSP;0.987
165.00	169.50	WTSP;0.995
177.00	180.00	WTSP;0.800
181.50	186.00	WTSP;0.978
214.50	217.50	WTSP;0.800
220.50	225.00	WTSP;0.875
226.50	234.00	WTSP;0.996
237.00	241.50	WTSP;0.921
255.00	264.00	WTSP;0.977
268.50	273.00	WTSP;0.939
274.50	279.00	WTSP;0.800
285.00	292.50	WTSP;0.861
294.00	298.50	WTSP;0.843
