24.00	27.00	CHSP;0.836
39.00	43.50	CHSP;0.888
58.50	61.50	CHSP;0.822
121.50	126.00	CHSP;0.807
162.00	165.00	EATO;0.932
0.00	3.00	FOSP;0.800
6.00	12.00	FOSP;0.800
15.00	19.50	FOSP;0.933
75.00	78.00	FOSP;0.800
148.50	160.50	FOSP;0.867
163.50	168.00	FOSP;0.985
174.00	178.50	FOSP;0.984
196.50	201.00	FOSP;0.800
214.50	219.00	FOSP;0.977
220.50	225.00	FOSP;0.800
226.50	231.00	FOSP;0.964
237.00	241.50	FOSP;0.965
244.50	250.50	FOSP;0.947
255.00	264.00	FOSP;0.972
265.50	271.50	FOSP;0.984
274.50	280.50	FOSP;0.974
288.00	292.50	FOSP;0.952
181.50	186.00	GCSP;0.912
130.50	133.50	MOCH;0.850
219.00	222.00	MOCH;0.884
253.50	256.50	MOCH;0.979
138.00	142.50	SNBU;0.926
169.50	172.50	SNBU;0.896
243.00	246.00	SNBU;0.900
283.50	286.50	SNBU;0.857
1.50	7.50	WTSP;0.992
28.50	33.00	WTSP;0.988
52.50	58.50	WTSP;0.986
69.00	75.00	WTSP;0.993
85.50	91.50	WTSP;0.998
105.00	112.50	WTSP;0.997
126.00	132.00	WTSP;0.996
181.50	186.00	WTSP;0.800
192.00	198.00	WTSP;0.992
216.00	220.50	WTSP;0.994
231.00	237.00	WTSP;0.995
238.50	243.00	WTSP;0.972
249.00	255.00	WTSP;0.984
268.50	276.00	WTSP;0.977
277.50	282.00	WTSP;0.800
289.50	297.00	WTSP;0.995
