60.00	63.00	BAIS;0.917
210.00	214.50	BHVI;0.973
16.50	19.50	EATO;0.807
1.50	6.00	FOSP;0.818
10.50	15.00	FOSP;0.800
18.00	22.50	FOSP;0.852
27.00	31.50	FOSP;0.961
34.50	43.50	FOSP;0.849
46.50	58.50	FOSP;0.913
61.50	66.00	FOSP;0.800
67.50	70.50	FOSP;0.800
81.00	85.50	FOSP;0.911
96.00	103.50	FOSP;0.847
112.50	117.00	FOSP;0.915
120.00	124.50	FOSP;0.837
136.50	141.00	FOSP;0.800
144.00	148.50	FOSP;0.944
159.00	163.50	FOSP;0.800
172.50	181.50	FOSP;0.905
184.50	189.00	FOSP;0.940
190.50	195.00	FOSP;0.820
196.50	201.00	FOSP;0.800
204.00	210.00	FOSP;0.907
216.00	219.00	FOSP;0.800
226.50	231.00	FOSP;0.854
232.50	237.00	FOSP;0.836
240.00	244.50	FOSP;0.800
247.50	252.00	FOSP;0.829
261.00	264.00	FOSP;0.800
273.00	280.50	FOSP;0.878
117.00	120.00	GCSP;0.828
153.00	156.00	GCSP;0.844
15.00	18.00	MOCH;0.986
10.50	13.50	SNBU;0.894
258.00	262.50	SNBU;0.939
69.00	73.50	VATH;0.854
124.50	127.50	VATH;0.875
244.50	249.00	VATH;0.946
253.50	256.50	VATH;0.847
3.00	9.00	WTSP;0.992
12.00	16.50	WTSP;0.986
19.50	24.00	WTSP;0.800
28.50	36.00	WTSP;0.994
72.00	76.50	WTSP;0.800
79.50	84.00	WTSP;0.800
87.00	94.50	WTSP;0.994
111.00	118.50	WTSP;0.960
133.50	138.00	WTSP;0.987
139.50	144.00	WTSP;0.965
147.00	151.50	WTSP;0.937
153.00	160.50	WTSP;0.800
168.00	174.00	WTSP;0.995
180.00	186.00	WTSP;0.993
192.00	196.50	WTSP;0.992
198.00	202.50	WTSP;0.958
204.00	207.00	WTSP;0.949
220.50	225.00	WTSP;0.979
267.00	271.50	WTSP;0.800
280.50	286.50	WTSP;0.982
295.50	300.00	WTSP;0.997
84.00	88.50	WIWA;0.830
93.00	97.50	WIWA;0.938
102.00	106.50	WIWA;0.893
118.50	123.00	WIWA;0.891
127.50	132.00	WIWA;0.854
138.00	141.00	WIWA;0.800
145.50	150.00	WIWA;0.963
154.50	159.00	WIWA;0.973
199.50	202.50	YRWA;0.842
222.00	226.50	YRWA;0.983
