327.00	330.00	AMDI;0.802
340.50	343.50	AMDI;0.827
162.00	174.00	AMRO;0.967
175.50	202.50	AMRO;0.993
205.50	216.00	AMRO;0.997
219.00	226.50	AMRO;0.842
228.00	243.00	AMRO;0.949
244.50	247.50	AMRO;0.939
249.00	261.00	AMRO;0.968
276.00	279.00	AMRO;0.800
280.50	283.50	AMRO;0.800
289.50	294.00	AMRO;0.943
295.50	298.50	AMRO;0.800
312.00	316.50	AMRO;0.930
319.50	324.00	AMRO;0.800
334.50	337.50	AMRO;0.800
339.00	342.00	AMRO;0.800
348.00	352.50	AMRO;0.911
367.50	370.50	AMRO;0.800
375.00	378.00	AMRO;0.800
381.00	385.50	AMRO;0.800
391.50	397.50	AMRO;0.981
405.00	408.00	AMRO;0.800
417.00	421.50	AMRO;0.800
508.50	511.50	AMRO;0.800
519.00	523.50	AMRO;0.978
529.50	534.00	AMRO;0.926
537.00	541.50	AMRO;0.800
547.50	558.00	AMRO;0.904
561.00	567.00	AMRO;0.897
21.00	24.00	BCCH;0.847
72.00	75.00	BCCH;0.871
396.00	399.00	BCCH;0.861
31.50	34.50	BRSP;0.823
531.00	535.50	CHSW;0.867
553.50	556.50	CHSW;0.909
264.00	267.00	CCSP;0.877
151.50	154.50	DEJU;0.846
85.50	88.50	FISP;0.839
0.00	3.00	FOSP;0.800
4.50	7.50	FOSP;0.800
12.00	18.00	FOSP;0.810
25.50	30.00	FOSP;0.933
40.50	45.00	FOSP;0.947
49.50	52.50	FOSP;0.926
55.50	60.00	FOSP;0.896
61.50	66.00	FOSP;0.891
69.00	72.00	FOSP;0.882
76.50	79.50	FOSP;0.800
87.00	90.00	FOSP;0.800
102.00	105.00	FOSP;0.800
115.50	118.50	FOSP;0.867
127.50	130.50	FOSP;0.800
135.00	142.50	FOSP;0.897
162.00	166.50	FOSP;0.859
186.00	192.00	FOSP;0.933
204.00	207.00	FOSP;0.800
213.00	217.50	FOSP;0.800
226.50	231.00	FOSP;0.800
265.50	270.00	FOSP;0.800
273.00	276.00	FOSP;0.800
304.50	309.00	FOSP;0.800
318.00	322.50	FOSP;0.944
330.00	334.50	FOSP;0.823
372.00	375.00	FOSP;0.873
385.50	388.50	FOSP;0.800
424.50	429.00	FOSP;0.878
444.00	448.50	FOSP;0.800
457.50	462.00	FOSP;0.800
471.00	475.50	FOSP;0.800
486.00	489.00	FOSP;0.800
499.50	504.00	FOSP;0.800
514.50	517.50	FOSP;0.836
528.00	532.50	FOSP;0.864
94.50	97.50	GCSP;0.834
99.00	102.00	GCSP;0.978
48.00	51.00	HETH;0.967
424.50	427.50	HETH;0.883
513.00	516.00	HETH;0.915
141.00	145.50	LISP;0.896
363.00	366.00	MOCH;0.803
561.00	564.00	MOCH;0.897
142.50	148.50	RUHU;0.986
84.00	87.00	SOSA;0.828
109.50	114.00	SOSA;0.962
153.00	156.00	VATH;0.924
390.00	394.50	VATH;0.855
466.50	471.00	VATH;0.960
1.50	7.50	WCSP;0.968
9.00	13.50	WCSP;0.991
15.00	19.50	WCSP;0.985
22.50	27.00	WCSP;0.992
28.50	33.00	WCSP;0.991
37.50	40.50	WCSP;0.981
43.50	49.50	WCSP;0.991
51.00	55.50	WCSP;0.992
58.50	64.50	WCSP;0.991
66.00	70.50	WCSP;0.980
73.50	78.00	WCSP;0.994
81.00	85.50	WCSP;0.992
88.50	93.00	WCSP;0.991
96.00	100.50	WCSP;0.994
114.00	118.50	WCSP;0.991
123.00	127.50	WCSP;0.992
132.00	136.50	WCSP;0.990
142.50	145.50	WCSP;0.941
148.50	153.00	WCSP;0.986
156.00	162.00	WCSP;0.990
166.50	171.00	WCSP;0.808
174.00	180.00	WCSP;0.986
184.50	189.00	WCSP;0.968
193.50	198.00	WCSP;0.984
201.00	205.50	WCSP;0.992
208.50	213.00	WCSP;0.990
216.00	220.50	WCSP;0.987
223.50	228.00	WCSP;0.992
231.00	237.00	WCSP;0.992
238.50	243.00	WCSP;0.993
246.00	250.50	WCSP;0.994
253.50	258.00	WCSP;0.992
262.50	267.00	WCSP;0.994
270.00	274.50	WCSP;0.992
277.50	282.00	WCSP;0.990
285.00	289.50	WCSP;0.995
292.50	297.00	WCSP;0.993
301.50	306.00	WCSP;0.989
309.00	315.00	WCSP;0.993
319.50	324.00	WCSP;0.977
328.50	333.00	WCSP;0.991
336.00	340.50	WCSP;0.994
345.00	349.50	WCSP;0.983
358.50	363.00	WCSP;0.988
369.00	373.50	WCSP;0.992
400.50	405.00	WCSP;0.990
411.00	415.50	WCSP;0.850
420.00	424.50	WCSP;0.951
429.00	433.50	WCSP;0.900
444.00	447.00	WCSP;0.800
453.00	457.50	WCSP;0.956
462.00	466.50	WCSP;0.979
471.00	477.00	WCSP;0.994
484.50	489.00	WCSP;0.800
495.00	499.50	WCSP;0.924
507.00	511.50	WCSP;0.991
516.00	520.50	WCSP;0.988
526.50	531.00	WCSP;0.986
535.50	547.50	WCSP;0.993
550.50	555.00	WCSP;0.996
558.00	562.50	WCSP;0.989
565.50	571.50	WCSP;0.989
574.50	580.50	WCSP;0.983
583.50	588.00	WCSP;0.989
592.50	597.00	WCSP;0.995
36.00	40.50	WTSP;0.809
43.50	46.50	WTSP;0.800
70.50	75.00	WTSP;0.899
78.00	82.50	WTSP;0.978
90.00	97.50	WTSP;0.985
102.00	114.00	WTSP;0.963
117.00	121.50	WTSP;0.992
124.50	129.00	WTSP;0.985
138.00	144.00	WTSP;0.912
147.00	151.50	WTSP;0.935
154.50	160.50	WTSP;0.989
172.50	177.00	WTSP;0.880
240.00	253.50	WTSP;0.982
255.00	259.50	WTSP;0.991
261.00	264.00	WTSP;0.800
265.50	271.50	WTSP;0.992
274.50	280.50	WTSP;0.992
282.00	286.50	WTSP;0.993
288.00	295.50	WTSP;0.995
297.00	303.00	WTSP;0.997
306.00	312.00	WTSP;0.990
315.00	319.50	WTSP;0.993
322.50	328.50	WTSP;0.985
333.00	337.50	WTSP;0.994
342.00	348.00	WTSP;0.998
351.00	357.00	WTSP;0.992
360.00	369.00	WTSP;0.992
372.00	378.00	WTSP;0.995
387.00	391.50	WTSP;0.992
399.00	403.50	WTSP;0.836
406.50	414.00	WTSP;0.995
418.50	424.50	WTSP;0.992
430.50	435.00	WTSP;0.958
441.00	445.50	WTSP;0.971
450.00	454.50	WTSP;0.977
459.00	465.00	WTSP;0.992
469.50	474.00	WTSP;0.936
483.00	489.00	WTSP;0.945
496.50	502.50	WTSP;0.993
508.50	514.50	WTSP;0.996
523.50	528.00	WTSP;0.996
534.00	540.00	WTSP;0.972
546.00	552.00	WTSP;0.995
568.50	574.50	WTSP;0.989
579.00	585.00	WTSP;0.993
589.50	595.50	WTSP;0.990
76.50	81.00	WIWA;0.978
120.00	124.50	WIWA;0.977
127.50	130.50	WIWA;0.800
199.50	202.50	WIWA;0.800
207.00	210.00	WIWA;0.800
214.50	219.00	WIWA;0.878
222.00	226.50	WIWA;0.967
235.50	238.50	WIWA;0.980
241.50	246.00	WIWA;0.941
351.00	355.50	WIWA;0.800
357.00	361.50	WIWA;0.971
363.00	367.50	WIWA;0.988
370.50	375.00	WIWA;0.977
376.50	382.50	WIWA;0.990
385.50	388.50	WIWA;0.800
391.50	396.00	WIWA;0.800
405.00	409.50	WIWA;0.898
427.50	432.00	WIWA;0.953
439.50	444.00	WIWA;0.987
448.50	453.00	WIWA;0.988
492.00	496.50	WIWA;0.883
502.50	507.00	WIWA;0.977
517.50	525.00	WIWA;0.988
532.50	537.00	WIWA;0.984
541.50	544.50	WIWA;0.800
555.00	561.00	WIWA;0.986
567.00	580.50	WIWA;0.990
582.00	589.50	WIWA;0.990
591.00	595.50	WIWA;0.854
160.50	163.50	YRWA;0.835
423.00	426.00	YRWA;0.927
