258.00	262.50	AMRO;0.961
33.00	39.00	ATSP;0.982
118.50	123.00	CHSP;0.800
171.00	177.00	CHSP;0.941
201.00	207.00	CHSP;0.975
211.50	216.00	CHSP;0.891
228.00	234.00	CHSP;0.990
238.50	244.50	CHSP;0.988
256.50	261.00	CHSP;0.968
268.50	274.50	CHSP;0.819
280.50	288.00	CHSP;0.997
292.50	298.50	CHSP;0.972
7.50	10.50	FISP;0.955
19.50	24.00	FOSP;0.800
31.50	34.50	FOSP;0.800
43.50	48.00	FOSP;0.800
52.50	57.00	FOSP;0.863
64.50	69.00	FOSP;0.938
72.00	78.00	FOSP;0.948
82.50	93.00	FOSP;0.984
97.50	106.50	FOSP;0.942
121.50	126.00	FOSP;0.800
136.50	139.50	FOSP;0.800
145.50	150.00	FOSP;0.990
151.50	154.50	FOSP;0.800
166.50	171.00	FOSP;0.946
183.00	190.50	FOSP;0.961
198.00	204.00	FOSP;0.944
213.00	217.50	FOSP;0.800
226.50	229.50	FOSP;0.800
240.00	244.50	FOSP;0.800
253.50	258.00	FOSP;0.920
268.50	273.00	FOSP;0.809
279.00	288.00	FOSP;0.800
297.00	300.00	FOSP;0.866
30.00	33.00	HETH;0.858
79.50	82.50	LISP;0.817
9.00	12.00	MOCH;0.855
289.50	292.50	MOCH;0.840
121.50	124.50	WCSP;0.836
4.50	10.50	WTSP;0.990
90.00	94.50	WTSP;0.986
99.00	103.50	WTSP;0.812
106.50	111.00	WTSP;0.883
114.00	123.00	WTSP;0.978
127.50	133.50	WTSP;0.997
139.50	144.00	WTSP;0.980
150.00	154.50	WTSP;0.929
165.00	169.50	WTSP;0.906
210.00	214.50	WTSP;0.835
286.50	291.00	WTSP;0.970
12.00	18.00	WIWA;0.996
27.00	31.50	WIWA;0.994
43.50	48.00	WIWA;0.936
57.00	61.50	WIWA;0.987
75.00	79.50	WIWA;0.985
93.00	99.00	WIWA;0.991
106.50	109.50	WIWA;0.986
115.50	120.00	WIWA;0.989
123.00	129.00	WIWA;0.995
132.00	138.00	WIWA;0.989
141.00	147.00	WIWA;0.993
151.50	156.00	WIWA;0.992
168.00	172.50	WIWA;0.991
175.50	181.50	WIWA;0.993
186.00	190.50	WIWA;0.983
195.00	199.50	WIWA;0.995
202.50	208.50	WIWA;0.990
213.00	217.50	WIWA;0.964
222.00	228.00	WIWA;0.992
231.00	235.50	WIWA;0.988
241.50	244.50	WIWA;0.800
249.00	255.00	WIWA;0.983
274.50	279.00	WIWA;0.992
292.50	297.00	WIWA;0.943
