282.00	285.00	BCCH;0.894
43.50	46.50	FOSP;0.815
57.00	60.00	FOSP;0.818
66.00	70.50	FOSP;0.939
97.50	100.50	FOSP;0.952
234.00	237.00	FOSP;0.889
225.00	229.50	GCSP;0.880
265.50	268.50	GCSP;0.858
195.00	199.50	HETH;0.928
211.50	214.50	HETH;0.908
75.00	79.50	MOCH;0.986
105.00	108.00	MOCH;0.863
127.50	130.50	MOCH;0.864
145.50	148.50	RBGR;0.949
151.50	154.50	SAPH;0.812
256.50	261.00	SNBU;0.906
286.50	291.00	SNBU;0.940
7.50	10.50	SWSP;0.805
25.50	30.00	SWSP;0.822
223.50	226.50	VATH;0.974
31.50	36.00	WCSP;0.800
187.50	192.00	WCSP;0.975
193.50	213.00	WCSP;0.994
214.50	219.00	WCSP;0.984
220.50	223.50	WCSP;0.867
225.00	240.00	WCSP;0.989
241.50	246.00	WCSP;0.989
247.50	252.00	WCSP;0.993
253.50	258.00	WCSP;0.986
259.50	264.00	WCSP;0.977
265.50	270.00	WCSP;0.993
271.50	276.00	WCSP;0.986
277.50	282.00	WCSP;0.988
283.50	288.00	WCSP;0.989
289.50	294.00	WCSP;0.980
295.50	300.00	WCSP;0.989
21.00	25.50	WTSP;0.906
39.00	43.50	WTSP;0.947
46.50	51.00	WTSP;0.966
84.00	88.50	WTSP;0.800
103.50	106.50	WTSP;0.800
117.00	120.00	WTSP;0.800
126.00	129.00	WTSP;0.800
133.50	138.00	WTSP;0.977
3.00	15.00	WIWA;0.991
16.50	27.00	WIWA;0.989
28.50	33.00	WIWA;0.987
39.00	42.00	WIWA;0.848
79.50	90.00	WIWA;0.986
91.50	97.50	WIWA;0.989
99.00	103.50	WIWA;0.992
108.00	114.00	WIWA;0.994
115.50	127.50	WIWA;0.988
129.00	133.50	WIWA;0.989
135.00	139.50	WIWA;0.986
142.50	147.00	WIWA;0.968
148.50	153.00	WIWA;0.989
154.50	160.50	WIWA;0.988
162.00	166.50	WIWA;0.990
168.00	180.00	WIWA;0.990
181.50	186.00	WIWA;0.986
187.50	193.50	WIWA;0.985
207.00	210.00	WIWA;0.800
213.00	217.50	WIWA;0.974
219.00	223.50	WIWA;0.825
228.00	232.50	WIWA;0.990
234.00	238.50	WIWA;0.981
