72.00	76.50	ATSP;0.921
7.50	12.00	CHSP;0.923
24.00	27.00	CHSP;0.800
28.50	33.00	CHSP;0.808
42.00	46.50	CHSP;0.800
49.50	55.50	CHSP;0.840
67.50	72.00	CHSP;0.800
75.00	79.50	CHSP;0.953
82.50	87.00	CHSP;0.800
90.00	94.50	CHSP;0.800
97.50	102.00	CHSP;0.939
106.50	111.00	CHSP;0.918
114.00	118.50	CHSP;0.800
121.50	126.00	CHSP;0.919
129.00	133.50	CHSP;0.949
145.50	150.00	CHSP;0.800
160.50	163.50	CHSP;0.800
183.00	187.50	CHSP;0.800
192.00	196.50	CHSP;0.931
217.50	220.50	CHSP;0.800
240.00	244.50	CHSP;0.940
249.00	252.00	CHSP;0.800
256.50	259.50	CHSP;0.800
279.00	283.50	CHSP;0.850
288.00	292.50	CHSP;0.946
124.50	127.50	FOSP;0.827
195.00	198.00	FOSP;0.938
258.00	261.00	FOSP;0.828
61.50	66.00	LBDO;0.950
0.00	3.00	SNBU;0.893
148.50	151.50	SNBU;0.838
276.00	280.50	WEFL;0.909
