27.00	30.00	AMRO;0.964
55.50	63.00	AMRO;0.965
69.00	72.00	AMRO;0.814
225.00	228.00	AMRO;0.813
232.50	235.50	AMRO;0.865
279.00	282.00	AMRO;0.856
24.00	33.00	ATSP;0.977
10.50	13.50	BRSP;0.816
136.50	139.50	BRSP;0.891
186.00	189.00	BRSP;0.861
204.00	207.00	BRSP;0.827
279.00	282.00	BRSP;0.850
295.50	298.50	BRSP;0.958
30.00	36.00	CHSP;0.990
37.50	42.00	CHSP;0.989
43.50	300.00	CHSP;0.999
0.00	4.50	CCSP;0.800
12.00	15.00	CCSP;0.800
99.00	102.00	CCSP;0.800
130.50	135.00	CCSP;0.800
153.00	157.50	CCSP;0.800
160.50	165.00	CCSP;0.955
166.50	171.00	CCSP;0.866
202.50	207.00	CCSP;0.800
208.50	213.00	CCSP;0.961
214.50	217.50	CCSP;0.950
220.50	223.50	CCSP;0.862
255.00	258.00	CCSP;0.800
279.00	282.00	CCSP;0.800
13.50	18.00	LISP;0.863
22.50	27.00	LISP;0.800
108.00	114.00	LISP;0.800
121.50	126.00	LISP;0.956
127.50	132.00	LISP;0.975
226.50	229.50	LISP;0.800
283.50	286.50	LISP;0.800
1.50	6.00	PAWA;0.892
222.00	225.00	RBGR;0.844
216.00	220.50	VATH;0.800
259.50	264.00	VATH;0.926
288.00	294.00	VATH;0.990
13.50	16.50	WCSP;0.849
34.50	39.00	WCSP;0.903
42.00	45.00	WCSP;0.965
49.50	52.50	WCSP;0.955
18.00	22.50	WTSP;0.912
