0.00	3.00	AMRO;0.967
6.00	12.00	AMRO;0.989
15.00	19.50	AMRO;0.959
31.50	34.50	AMRO;0.800
64.50	70.50	AMRO;0.898
81.00	85.50	AMRO;0.995
93.00	97.50	AMRO;0.800
102.00	108.00	AMRO;0.952
111.00	115.50	AMRO;0.966
120.00	124.50	AMRO;0.800
258.00	261.00	BRSP;0.871
10.50	24.00	CHSP;0.924
34.50	39.00	CHSP;0.800
43.50	48.00	CHSP;0.800
51.00	55.50	CHSP;0.872
58.50	63.00	CHSP;0.800
66.00	70.50	CHSP;0.851
73.50	78.00	CHSP;0.830
82.50	87.00	CHSP;0.820
100.50	103.50	CHSP;0.800
115.50	120.00	CHSP;0.961
148.50	153.00	CHSP;0.800
174.00	178.50	CHSP;0.800
184.50	187.50	CHSP;0.800
192.00	196.50	CHSP;0.863
199.50	202.50	CHSP;0.800
207.00	211.50	CHSP;0.916
237.00	240.00	CHSP;0.800
244.50	252.00	CHSP;0.848
253.50	258.00	CHSP;0.844
259.50	267.00	CHSP;0.894
268.50	277.50	CHSP;0.947
279.00	285.00	CHSP;0.952
289.50	298.50	CHSP;0.935
198.00	201.00	DEJU;0.901
265.50	268.50	DEJU;0.801
274.50	277.50	DEJU;0.805
283.50	286.50	DEJU;0.826
88.50	91.50	DUFL;0.865
61.50	66.00	PISI;0.864
90.00	93.00	PISI;0.928
114.00	117.00	TOSO;0.847
91.50	96.00	WCSP;0.987
100.50	105.00	WCSP;0.976
108.00	112.50	WCSP;0.917
