24.00	27.00	BCCH;0.803
109.50	114.00	CHSP;0.800
129.00	132.00	CHSP;0.800
153.00	162.00	CHSP;0.897
165.00	169.50	CHSP;0.916
178.50	186.00	CHSP;0.959
201.00	208.50	CHSP;0.958
210.00	216.00	CHSP;0.868
240.00	244.50	CHSP;0.800
246.00	255.00	CHSP;0.840
261.00	265.50	CHSP;0.800
271.50	276.00	CHSP;0.943
280.50	286.50	CHSP;0.965
301.50	306.00	CHSP;0.829
360.00	363.00	CHSP;0.800
580.50	585.00	CHSP;0.800
285.00	288.00	DEJU;0.824
13.50	16.50	EAME;0.939
115.50	118.50	EATO;0.882
3.00	7.50	FOSP;0.949
15.00	19.50	FOSP;0.800
21.00	25.50	FOSP;0.922
30.00	34.50	FOSP;0.802
37.50	42.00	FOSP;0.947
51.00	54.00	FOSP;0.800
57.00	64.50	FOSP;0.980
67.50	70.50	FOSP;0.817
82.50	87.00	FOSP;0.979
93.00	97.50	FOSP;0.918
99.00	108.00	FOSP;0.983
114.00	121.50	FOSP;0.928
126.00	130.50	FOSP;0.945
132.00	141.00	FOSP;0.901
147.00	154.50	FOSP;0.970
171.00	175.50	FOSP;0.986
187.50	192.00	FOSP;0.945
205.50	211.50	FOSP;0.900
220.50	225.00	FOSP;0.973
237.00	243.00	FOSP;0.889
256.50	261.00	FOSP;0.947
274.50	279.00	FOSP;0.955
294.00	298.50	FOSP;0.975
300.00	303.00	FOSP;0.800
313.50	318.00	FOSP;0.912
331.50	336.00	FOSP;0.981
345.00	349.50	FOSP;0.800
351.00	355.50	FOSP;0.965
369.00	373.50	FOSP;0.935
376.50	381.00	FOSP;0.959
388.50	397.50	FOSP;0.971
400.50	406.50	FOSP;0.800
411.00	420.00	FOSP;0.913
429.00	435.00	FOSP;0.941
441.00	444.00	FOSP;0.800
448.50	454.50	FOSP;0.963
456.00	460.50	FOSP;0.800
471.00	478.50	FOSP;0.955
486.00	489.00	FOSP;0.800
490.50	495.00	FOSP;0.981
501.00	505.50	FOSP;0.800
508.50	513.00	FOSP;0.919
528.00	532.50	FOSP;0.952
547.50	552.00	FOSP;0.917
567.00	571.50	FOSP;0.952
592.50	597.00	FOSP;0.910
76.50	81.00	MOCH;0.927
154.50	166.50	PISI;0.994
537.00	541.50	PISI;0.800
574.50	579.00	PISI;0.848
439.50	442.50	RUGR;0.873
465.00	468.00	RUGR;0.916
363.00	366.00	RUBL;0.931
480.00	483.00	RUBL;0.857
499.50	502.50	RUBL;0.833
210.00	213.00	SNBU;0.842
273.00	276.00	SNBU;0.820
291.00	294.00	SNBU;0.830
1.50	4.50	WCSP;0.971
10.50	13.50	WCSP;0.956
15.00	22.50	WCSP;0.976
25.50	30.00	WCSP;0.956
33.00	37.50	WCSP;0.808
42.00	45.00	WCSP;0.982
48.00	54.00	WCSP;0.800
55.50	60.00	WCSP;0.977
64.50	69.00	WCSP;0.964
73.50	76.50	WCSP;0.969
81.00	85.50	WCSP;0.992
88.50	93.00	WCSP;0.985
96.00	100.50	WCSP;0.912
114.00	117.00	WCSP;0.800
121.50	126.00	WCSP;0.985
144.00	150.00	WCSP;0.800
154.50	157.50	WCSP;0.800
174.00	178.50	WCSP;0.800
186.00	189.00	WCSP;0.800
193.50	196.50	WCSP;0.800
213.00	217.50	WCSP;0.984
219.00	222.00	WCSP;0.800
232.50	238.50	WCSP;0.979
243.00	246.00	WCSP;0.806
259.50	264.00	WCSP;0.800
270.00	274.50	WCSP;0.883
279.00	283.50	WCSP;0.960
288.00	292.50	WCSP;0.964
297.00	303.00	WCSP;0.987
307.50	312.00	WCSP;0.943
318.00	322.50	WCSP;0.969
327.00	331.50	WCSP;0.985
337.50	340.50	WCSP;0.800
346.50	351.00	WCSP;0.990
355.50	360.00	WCSP;0.955
364.50	369.00	WCSP;0.991
373.50	378.00	WCSP;0.984
382.50	388.50	WCSP;0.989
406.50	409.50	WCSP;0.800
513.00	517.50	WCSP;0.967
523.50	526.50	WCSP;0.980
532.50	537.00	WCSP;0.800
543.00	546.00	WCSP;0.971
552.00	556.50	WCSP;0.984
561.00	567.00	WCSP;0.961
573.00	577.50	WCSP;0.847
583.50	588.00	WCSP;0.800
595.50	600.00	WCSP;0.800
