0.00	7.50	AMRO;0.800
9.00	27.00	AMRO;0.988
28.50	36.00	AMRO;0.946
42.00	51.00	AMRO;0.982
52.50	63.00	AMRO;0.976
66.00	76.50	AMRO;0.961
85.50	102.00	AMRO;0.982
105.00	120.00	AMRO;0.963
133.50	136.50	AMRO;0.800
138.00	174.00	AMRO;0.997
175.50	187.50	AMRO;0.984
189.00	193.50	AMRO;0.800
195.00	201.00	AMRO;0.800
208.50	243.00	AMRO;0.991
250.50	268.50	AMRO;0.936
270.00	300.00	AMRO;0.985
79.50	82.50	BAOR;0.928
49.50	52.50	EABL;0.816
61.50	64.50	FOSP;0.824
21.00	24.00	LISP;0.810
25.50	28.50	LISP;0.854
43.50	46.50	LISP;0.892
198.00	201.00	LISP;0.817
0.00	3.00	RBGR;0.800
4.50	16.50	RBGR;0.920
18.00	22.50	RBGR;0.818
25.50	48.00	RBGR;0.972
49.50	52.50	RBGR;0.800
55.50	61.50	RBGR;0.855
63.00	67.50	RBGR;0.800
69.00	81.00	RBGR;0.988
82.50	87.00	RBGR;0.800
91.50	96.00	RBGR;0.918
97.50	102.00	RBGR;0.806
103.50	111.00	RBGR;0.800
114.00	118.50	RBGR;0.852
121.50	135.00	RBGR;0.937
139.50	144.00	RBGR;0.907
145.50	154.50	RBGR;0.800
163.50	168.00	RBGR;0.800
169.50	193.50	RBGR;0.895
195.00	211.50	RBGR;0.882
216.00	220.50	RBGR;0.800
223.50	256.50	RBGR;0.951
267.00	270.00	RBGR;0.800
271.50	294.00	RBGR;0.997
297.00	300.00	RBGR;0.800
0.00	3.00	TOSO;0.845
105.00	108.00	TOSO;0.812
111.00	114.00	TOSO;0.827
16.50	19.50	WCSP;0.800
93.00	111.00	WCSP;0.984
112.50	117.00	WCSP;0.989
118.50	123.00	WCSP;0.990
124.50	136.50	WCSP;0.989
139.50	144.00	WCSP;0.987
145.50	156.00	WCSP;0.994
157.50	162.00	WCSP;0.978
165.00	169.50	WCSP;0.990
171.00	177.00	WCSP;0.959
178.50	183.00	WCSP;0.975
186.00	190.50	WCSP;0.991
193.50	198.00	WCSP;0.991
201.00	205.50	WCSP;0.990
207.00	213.00	WCSP;0.977
214.50	220.50	WCSP;0.981
222.00	226.50	WCSP;0.989
229.50	234.00	WCSP;0.983
235.50	240.00	WCSP;0.985
243.00	247.50	WCSP;0.992
250.50	253.50	WCSP;0.988
256.50	261.00	WCSP;0.987
0.00	3.00	WTSP;0.800
4.50	9.00	WTSP;0.800
10.50	19.50	WTSP;0.956
22.50	27.00	WTSP;0.950
31.50	36.00	WTSP;0.800
49.50	72.00	WTSP;0.995
78.00	81.00	WTSP;0.800
85.50	88.50	WTSP;0.800
105.00	108.00	WTSP;0.800
117.00	121.50	WTSP;0.975
126.00	147.00	WTSP;0.982
153.00	157.50	WTSP;0.800
162.00	207.00	WTSP;0.995
208.50	214.50	WTSP;0.969
216.00	222.00	WTSP;0.827
223.50	229.50	WTSP;0.962
237.00	256.50	WTSP;0.986
258.00	298.50	WTSP;0.997
