4.50	9.00	BRSP;0.800
10.50	16.50	BRSP;0.852
22.50	27.00	BRSP;0.800
30.00	34.50	BRSP;0.901
37.50	43.50	BRSP;0.800
46.50	51.00	BRSP;0.821
55.50	58.50	BRSP;0.800
61.50	67.50	BRSP;0.847
70.50	75.00	BRSP;0.800
79.50	82.50	BRSP;0.800
87.00	91.50	BRSP;0.800
96.00	100.50	BRSP;0.800
103.50	109.50	BRSP;0.800
112.50	115.50	BRSP;0.810
118.50	123.00	BRSP;0.800
126.00	130.50	BRSP;0.800
141.00	145.50	BRSP;0.800
159.00	171.00	BRSP;0.800
180.00	186.00	BRSP;0.800
189.00	193.50	BRSP;0.800
196.50	202.50	BRSP;0.871
207.00	211.50	BRSP;0.832
213.00	219.00	BRSP;0.800
228.00	232.50	BRSP;0.800
235.50	261.00	BRSP;0.902
264.00	271.50	BRSP;0.800
274.50	279.00	BRSP;0.800
280.50	286.50	BRSP;0.970
289.50	292.50	BRSP;0.800
295.50	300.00	BRSP;0.966
42.00	45.00	CHSP;0.808
91.50	96.00	CHSP;0.906
108.00	111.00	CHSP;0.895
138.00	141.00	CHSP;0.852
105.00	108.00	CCSP;0.832
229.50	232.50	CCSP;0.815
244.50	247.50	CCSP;0.850
51.00	54.00	FOSP;0.887
82.50	85.50	FOSP;0.831
6.00	10.50	GCSP;0.989
21.00	25.50	GCSP;0.957
43.50	48.00	GCSP;0.947
55.50	61.50	GCSP;0.988
64.50	69.00	GCSP;0.948
75.00	79.50	GCSP;0.968
87.00	97.50	GCSP;0.984
100.50	105.00	GCSP;0.961
115.50	120.00	GCSP;0.956
129.00	136.50	GCSP;0.915
138.00	141.00	GCSP;0.800
145.50	150.00	GCSP;0.991
159.00	163.50	GCSP;0.942
174.00	180.00	GCSP;0.987
205.50	208.50	GCSP;0.886
210.00	213.00	GCSP;0.800
219.00	223.50	GCSP;0.863
232.50	237.00	GCSP;0.987
238.50	241.50	GCSP;0.800
247.50	252.00	GCSP;0.993
262.50	267.00	GCSP;0.995
276.00	280.50	GCSP;0.987
291.00	295.50	GCSP;0.992
84.00	87.00	LISP;0.819
0.00	3.00	WCSP;0.975
9.00	13.50	WCSP;0.802
18.00	22.50	WCSP;0.989
27.00	31.50	WCSP;0.976
37.50	40.50	WCSP;0.800
46.50	49.50	WCSP;0.800
55.50	60.00	WCSP;0.800
67.50	70.50	WCSP;0.800
75.00	82.50	WCSP;0.906
85.50	88.50	WCSP;0.800
90.00	111.00	WCSP;0.818
112.50	117.00	WCSP;0.800
120.00	124.50	WCSP;0.966
133.50	136.50	WCSP;0.800
139.50	144.00	WCSP;0.982
148.50	154.50	WCSP;0.984
172.50	177.00	WCSP;0.891
180.00	186.00	WCSP;0.800
199.50	204.00	WCSP;0.989
210.00	217.50	WCSP;0.958
220.50	225.00	WCSP;0.800
268.50	273.00	WCSP;0.956
286.50	291.00	WCSP;0.800
36.00	39.00	WTSP;0.841
261.00	264.00	WIWA;0.826
