193.50	201.00	AMRO;0.950
1.50	4.50	EATO;0.808
262.50	265.50	EATO;0.807
3.00	7.50	FOSP;0.974
10.50	21.00	FOSP;0.952
22.50	27.00	FOSP;0.880
33.00	39.00	FOSP;0.959
43.50	48.00	FOSP;0.974
55.50	60.00	FOSP;0.961
67.50	72.00	FOSP;0.981
76.50	82.50	FOSP;0.987
87.00	93.00	FOSP;0.971
115.50	120.00	FOSP;0.926
130.50	141.00	FOSP;0.929
144.00	148.50	FOSP;0.913
156.00	174.00	FOSP;0.988
178.50	183.00	FOSP;0.888
189.00	193.50	FOSP;0.884
195.00	199.50	FOSP;0.873
201.00	204.00	FOSP;0.800
205.50	210.00	FOSP;0.906
214.50	220.50	FOSP;0.931
229.50	234.00	FOSP;0.928
240.00	244.50	FOSP;0.987
252.00	256.50	FOSP;0.945
264.00	268.50	FOSP;0.986
274.50	279.00	FOSP;0.800
288.00	292.50	FOSP;0.945
141.00	144.00	LISP;0.954
63.00	66.00	MOCH;0.872
226.50	229.50	MOCH;0.917
249.00	252.00	MOCH;0.950
25.50	30.00	OSFL;0.933
132.00	136.50	OSFL;0.963
175.50	180.00	OSFL;0.864
213.00	217.50	OSFL;0.869
240.00	243.00	OSFL;0.800
264.00	268.50	OSFL;0.800
297.00	300.00	OSFL;0.932
4.50	9.00	WTSP;0.932
15.00	18.00	WTSP;0.800
31.50	36.00	WTSP;0.945
40.50	45.00	WTSP;0.955
48.00	54.00	WTSP;0.879
58.50	64.50	WTSP;0.992
72.00	76.50	WTSP;0.988
85.50	88.50	WTSP;0.929
97.50	102.00	WTSP;0.981
112.50	117.00	WTSP;0.982
124.50	130.50	WTSP;0.990
139.50	145.50	WTSP;0.985
150.00	156.00	WTSP;0.997
162.00	166.50	WTSP;0.800
187.50	192.00	WTSP;0.942
195.00	198.00	WTSP;0.800
199.50	202.50	WTSP;0.800
211.50	216.00	WTSP;0.989
217.50	226.50	WTSP;0.989
228.00	231.00	WTSP;0.800
234.00	241.50	WTSP;0.987
246.00	253.50	WTSP;0.985
259.50	264.00	WTSP;0.989
273.00	277.50	WTSP;0.942
291.00	295.50	WTSP;0.927
159.00	162.00	WIFL;0.800
4.50	10.50	WIWA;0.995
13.50	19.50	WIWA;0.998
21.00	28.50	WIWA;0.989
30.00	37.50	WIWA;0.992
39.00	54.00	WIWA;0.993
55.50	60.00	WIWA;0.800
64.50	69.00	WIWA;0.990
73.50	79.50	WIWA;0.996
82.50	88.50	WIWA;0.998
91.50	114.00	WIWA;0.997
117.00	123.00	WIWA;0.999
126.00	132.00	WIWA;0.995
136.50	142.50	WIWA;0.998
145.50	150.00	WIWA;0.989
153.00	168.00	WIWA;0.991
172.50	178.50	WIWA;0.992
181.50	198.00	WIWA;0.974
199.50	205.50	WIWA;0.985
208.50	214.50	WIWA;0.986
217.50	232.50	WIWA;0.999
235.50	240.00	WIWA;0.982
244.50	249.00	WIWA;0.985
253.50	259.50	WIWA;0.997
261.00	270.00	WIWA;0.991
271.50	285.00	WIWA;0.998
289.50	294.00	WIWA;0.988
