42.00	45.00	AMRO;0.837
90.00	93.00	BLOY;0.834
196.50	199.50	BLOY;0.848
48.00	52.50	CHSW;0.838
295.50	300.00	FOSP;0.940
31.50	36.00	GCKI;0.858
49.50	54.00	GCKI;0.888
69.00	73.50	GCKI;0.878
220.50	223.50	GCSP;0.825
0.00	3.00	LISP;0.957
31.50	40.50	LISP;0.977
42.00	51.00	LISP;0.941
199.50	204.00	LISP;0.800
111.00	115.50	MOCH;0.967
285.00	288.00	MOCH;0.951
13.50	16.50	RUGR;0.825
55.50	58.50	RUGR;0.827
217.50	222.00	RUGR;0.944
258.00	261.00	RUGR;0.871
297.00	300.00	RUGR;0.861
21.00	25.50	VATH;0.800
39.00	43.50	VATH;0.985
51.00	55.50	VATH;0.981
69.00	73.50	VATH;0.800
102.00	106.50	VATH;0.978
114.00	118.50	VATH;0.800
124.50	129.00	VATH;0.992
139.50	144.00	VATH;0.800
153.00	157.50	VATH;0.986
172.50	177.00	VATH;0.961
220.50	225.00	VATH;0.911
280.50	285.00	VATH;0.800
288.00	294.00	VATH;0.992
22.50	27.00	WCSP;0.908
151.50	154.50	WCSP;0.800
199.50	202.50	WCSP;0.800
208.50	213.00	WCSP;0.900
228.00	232.50	WCSP;0.928
241.50	246.00	WCSP;0.876
259.50	267.00	WCSP;0.914
277.50	280.50	WCSP;0.800
286.50	291.00	WCSP;0.800
12.00	15.00	WTSP;0.877
22.50	25.50	WTSP;0.800
28.50	33.00	WTSP;0.861
45.00	49.50	WTSP;0.950
60.00	63.00	WTSP;0.800
94.50	100.50	WTSP;0.800
109.50	112.50	WTSP;0.867
121.50	127.50	WTSP;0.981
135.00	139.50	WTSP;0.800
157.50	160.50	WTSP;0.800
165.00	169.50	WTSP;0.988
178.50	184.50	WTSP;0.800
193.50	201.00	WTSP;0.881
223.50	228.00	WTSP;0.800
234.00	237.00	WTSP;0.800
238.50	241.50	WTSP;0.811
252.00	256.50	WTSP;0.800
268.50	271.50	WTSP;0.800
283.50	286.50	WTSP;0.800
33.00	36.00	WIWA;0.800
58.50	63.00	WIWA;0.943
72.00	76.50	WIWA;0.940
85.50	90.00	WIWA;0.986
99.00	105.00	WIWA;0.991
115.50	120.00	WIWA;0.860
132.00	136.50	WIWA;0.991
159.00	165.00	WIWA;0.982
181.50	186.00	WIWA;0.983
192.00	198.00	WIWA;0.992
202.50	207.00	WIWA;0.991
213.00	217.50	WIWA;0.991
225.00	229.50	WIWA;0.991
235.50	240.00	WIWA;0.991
244.50	249.00	WIWA;0.987
256.50	261.00	WIWA;0.991
265.50	270.00	WIWA;0.991
271.50	277.50	WIWA;0.989
282.00	286.50	WIWA;0.994
289.50	295.50	WIWA;0.991
