169.50	172.50	DUNL;0.824
0.00	79.50	HETH;0.992
81.00	130.50	HETH;0.996
132.00	165.00	HETH;0.994
166.50	169.50	HETH;0.925
175.50	193.50	HETH;0.997
199.50	211.50	HETH;0.989
213.00	244.50	HETH;0.995
249.00	252.00	HETH;0.800
255.00	262.50	HETH;0.980
264.00	273.00	HETH;0.990
274.50	279.00	HETH;0.828
280.50	283.50	HETH;0.812
286.50	298.50	HETH;0.989
183.00	186.00	MOCH;0.819
193.50	196.50	MOCH;0.823
102.00	105.00	RUBL;0.849
139.50	142.50	RUBL;0.823
130.50	133.50	WCSP;0.800
211.50	214.50	WCSP;0.800
246.00	252.00	WCSP;0.980
256.50	261.00	WCSP;0.988
265.50	270.00	WCSP;0.987
277.50	282.00	WCSP;0.988
285.00	289.50	WCSP;0.984
295.50	300.00	WCSP;0.978
70.50	73.50	WTSP;0.800
115.50	120.00	WTSP;0.930
139.50	142.50	WTSP;0.800
252.00	258.00	WTSP;0.997
282.00	288.00	WTSP;0.986
291.00	297.00	WIWA;0.988
